0	[SLPS]	0	714.833	-375.694	0	0.000	0	0	
0	[SLPS]	0	714.808	-375.660	0	325.928	0	0	
0	[SLPS]	0	714.784	-375.629	0	325.913	0	0	
0	[SLPS]	0	714.784	-375.629	0	325.913	0	0	
0	[SLPS]	0	714.763	-375.596	0	325.894	0	0	
0	[SLPS]	0	714.738	-375.561	0	325.873	0	0	
0	[SLPS]	0	714.714	-375.523	0	325.849	0	0	
0	[SLPS]	0	714.687	-375.487	0	325.825	0	0	
0	[SLPS]	0	714.687	-375.487	0	325.825	0	0	
0	[SLPS]	0	714.638	-375.400	0	325.772	0	0	
0	[SLPS]	0	714.638	-375.400	0	325.772	0	0	
0	[SLPS]	0	714.615	-375.352	0	325.744	0	0	
0	[SLPS]	0	714.587	-375.306	0	325.711	0	0	
0	[SLPS]	0	714.587	-375.306	0	325.711	0	0	
0	[SLPS]	0	714.513	-375.209	0	325.639	0	0	
0	[SLPS]	0	714.513	-375.209	0	325.639	0	0	
0	[SLPS]	0	714.479	-375.158	0	325.601	0	0	
0	[SLPS]	0	714.439	-375.107	0	325.562	0	0	
0	[SLPS]	0	714.439	-375.107	0	325.562	0	0	
0	[SLPS]	0	714.364	-375.000	0	325.478	0	0	
0	[SLPS]	0	714.364	-375.000	0	325.478	0	0	
0	[SLPS]	0	714.317	-374.936	0	325.433	0	0	
0	[SLPS]	0	714.278	-374.874	0	325.386	0	0	
0	[SLPS]	0	714.278	-374.874	0	325.386	0	0	
0	[SLPS]	0	714.187	-374.736	0	325.296	0	0	
0	[SLPS]	0	714.187	-374.736	0	325.296	0	0	
0	[SLPS]	0	714.149	-374.658	0	325.255	0	0	
0	[SLPS]	0	714.102	-374.580	0	325.214	0	0	
0	[SLPS]	0	714.102	-374.580	0	325.214	0	0	
0	[SLPS]	0	713.991	-374.428	0	325.133	0	0	
0	[SLPS]	0	713.991	-374.428	0	325.133	0	0	
0	[SLPS]	0	713.932	-374.350	0	325.094	0	0	
0	[SLPS]	0	713.877	-374.274	0	325.058	0	0	
0	[SLPS]	0	713.877	-374.274	0	325.058	0	0	
0	[SLPS]	0	713.760	-374.102	0	324.992	0	0	
0	[SLPS]	0	713.760	-374.102	0	324.992	0	0	
0	[SLPS]	0	713.693	-374.016	0	324.953	0	0	
0	[SLPS]	0	713.639	-373.929	0	324.924	0	0	
0	[SLPS]	0	713.639	-373.929	0	324.924	0	0	
0	[SLPS]	0	713.509	-373.751	0	324.848	0	0	
0	[SLPS]	0	713.509	-373.751	0	324.848	0	0	
0	[SLPS]	0	713.446	-373.660	0	324.815	0	0	
0	[SLPS]	0	713.376	-373.557	0	324.780	0	0	
0	[SLPS]	0	713.308	-373.460	0	324.740	0	0	
0	[SLPS]	0	713.244	-373.373	0	324.688	0	0	
0	[SLPS]	0	713.244	-373.373	0	324.688	0	0	
0	[SLPS]	0	713.176	-373.276	0	324.636	0	0	
0	[SLPS]	0	713.106	-373.164	0	324.589	0	0	
0	[SLPS]	0	713.034	-373.064	0	324.548	0	0	
0	[SLPS]	0	712.959	-372.948	0	324.513	0	0	
0	[SLPS]	0	712.959	-372.948	0	324.513	0	0	
0	[SLPS]	0	712.797	-372.729	0	324.422	0	0	
0	[SLPS]	0	712.797	-372.729	0	324.422	0	0	
0	[SLPS]	0	712.715	-372.620	0	324.378	0	0	
0	[SLPS]	0	712.634	-372.496	0	324.341	0	0	
0	[SLPS]	0	712.634	-372.496	0	324.341	0	0	
0	[SLPS]	0	712.464	-372.253	0	324.251	0	0	
0	[SLPS]	0	712.464	-372.253	0	324.251	0	0	
0	[SLPS]	0	712.384	-372.125	0	324.218	0	0	
0	[SLPS]	0	712.291	-372.001	0	324.169	0	0	
0	[SLPS]	0	712.291	-372.001	0	324.169	0	0	
0	[SLPS]	0	712.105	-371.734	0	324.066	0	0	
0	[SLPS]	0	712.105	-371.734	0	324.066	0	0	
0	[SLPS]	0	712.007	-371.604	0	324.007	0	0	
0	[SLPS]	0	711.909	-371.467	0	323.956	0	0	
0	[SLPS]	0	711.909	-371.467	0	323.956	0	0	
0	[SLPS]	0	711.707	-371.183	0	323.893	0	0	
0	[SLPS]	0	711.707	-371.183	0	323.893	0	0	
0	[SLPS]	0	711.605	-371.042	0	323.871	0	0	
0	[SLPS]	0	711.507	-370.896	0	323.858	0	0	
0	[SLPS]	0	711.507	-370.896	0	323.858	0	0	
0	[SLPS]	0	711.297	-370.597	0	323.799	0	0	
0	[SLPS]	0	711.297	-370.597	0	323.799	0	0	
0	[SLPS]	0	711.198	-370.443	0	323.791	0	0	
0	[SLPS]	0	711.084	-370.293	0	323.774	0	0	
0	[SLPS]	0	711.084	-370.293	0	323.774	0	0	
0	[SLPS]	0	710.854	-369.977	0	323.782	0	0	
0	[SLPS]	0	710.854	-369.977	0	323.782	0	0	
0	[SLPS]	0	710.741	-369.824	0	323.788	0	0	
0	[SLPS]	0	710.624	-369.667	0	323.803	0	0	
0	[SLPS]	0	710.624	-369.667	0	323.803	0	0	
0	[SLPS]	0	710.389	-369.348	0	323.836	0	0	
0	[SLPS]	0	710.389	-369.348	0	323.836	0	0	
0	[SLPS]	0	710.273	-369.188	0	323.844	0	0	
0	[SLPS]	0	710.151	-369.019	0	323.862	0	0	
0	[SLPS]	0	710.151	-369.019	0	323.862	0	0	
0	[SLPS]	0	709.904	-368.697	0	323.913	0	0	
0	[SLPS]	0	709.904	-368.697	0	323.913	0	0	
0	[SLPS]	0	709.784	-368.536	0	323.967	0	0	
0	[SLPS]	0	709.662	-368.372	0	324.032	0	0	
0	[SLPS]	0	709.662	-368.372	0	324.032	0	0	
0	[SLPS]	0	709.432	-368.052	0	324.216	0	0	
0	[SLPS]	0	709.432	-368.052	0	324.216	0	0	
0	[SLPS]	0	709.315	-367.891	0	324.314	0	0	
0	[SLPS]	0	709.207	-367.745	0	324.417	0	0	
0	[SLPS]	0	709.101	-367.594	0	324.544	0	0	
0	[SLPS]	0	708.993	-367.435	0	324.693	0	0	
0	[SLPS]	0	708.993	-367.435	0	324.693	0	0	
0	[SLPS]	0	708.889	-367.280	0	324.861	0	0	
0	[SLPS]	0	708.786	-367.122	0	325.048	0	0	
0	[SLPS]	0	708.684	-366.965	0	325.242	0	0	
0	[SLPS]	0	708.584	-366.803	0	325.428	0	0	
0	[SLPS]	0	708.584	-366.803	0	325.428	0	0	
0	[SLPS]	0	708.382	-366.484	0	325.810	0	0	
0	[SLPS]	0	708.382	-366.484	0	325.810	0	0	
0	[SLPS]	0	708.280	-366.323	0	326.011	0	0	
0	[SLPS]	0	708.180	-366.162	0	326.219	0	0	
0	[SLPS]	0	708.180	-366.162	0	326.219	0	0	
0	[SLPS]	0	707.975	-365.832	0	326.636	0	0	
0	[SLPS]	0	707.975	-365.832	0	326.636	0	0	
0	[SLPS]	0	707.875	-365.664	0	326.839	0	0	
0	[SLPS]	0	707.772	-365.499	0	327.039	0	0	
0	[SLPS]	0	707.772	-365.499	0	327.039	0	0	
0	[SLPS]	0	707.568	-365.168	0	327.437	0	0	
0	[SLPS]	0	707.568	-365.168	0	327.437	0	0	
0	[SLPS]	0	707.466	-365.003	0	327.653	0	0	
0	[SLPS]	0	707.364	-364.837	0	327.876	0	0	
0	[SLPS]	0	707.364	-364.837	0	327.876	0	0	
0	[SLPS]	0	707.170	-364.512	0	328.302	0	0	
0	[SLPS]	0	707.170	-364.512	0	328.302	0	0	
0	[SLPS]	0	707.072	-364.348	0	328.505	0	0	
0	[SLPS]	0	706.978	-364.184	0	328.713	0	0	
0	[SLPS]	0	706.978	-364.184	0	328.713	0	0	
0	[SLPS]	0	706.792	-363.860	0	329.158	0	0	
0	[SLPS]	0	706.792	-363.860	0	329.158	0	0	
0	[SLPS]	0	706.700	-363.694	0	329.390	0	0	
0	[SLPS]	0	706.605	-363.528	0	329.617	0	0	
0	[SLPS]	0	706.605	-363.528	0	329.617	0	0	
0	[SLPS]	0	706.425	-363.198	0	330.057	0	0	
0	[SLPS]	0	706.425	-363.198	0	330.057	0	0	
0	[SLPS]	0	706.338	-363.029	0	330.283	0	0	
0	[SLPS]	0	706.249	-362.860	0	330.506	0	0	
0	[SLPS]	0	706.249	-362.860	0	330.506	0	0	
0	[SLPS]	0	706.069	-362.519	0	330.953	0	0	
0	[SLPS]	0	706.069	-362.519	0	330.953	0	0	
0	[SLPS]	0	705.979	-362.346	0	331.169	0	0	
0	[SLPS]	0	705.888	-362.175	0	331.388	0	0	
0	[SLPS]	0	705.888	-362.175	0	331.388	0	0	
0	[SLPS]	0	705.709	-361.832	0	331.811	0	0	
0	[SLPS]	0	705.709	-361.832	0	331.811	0	0	
0	[SLPS]	0	705.622	-361.659	0	332.025	0	0	
0	[SLPS]	0	705.533	-361.484	0	332.244	0	0	
0	[SLPS]	0	705.448	-361.311	0	332.464	0	0	
0	[SLPS]	0	705.364	-361.143	0	332.682	0	0	
0	[SLPS]	0	705.364	-361.143	0	332.682	0	0	
0	[SLPS]	0	705.281	-360.965	0	332.898	0	0	
0	[SLPS]	0	705.195	-360.787	0	333.113	0	0	
0	[SLPS]	0	705.114	-360.607	0	333.325	0	0	
0	[SLPS]	0	705.028	-360.424	0	333.541	0	0	
0	[SLPS]	0	705.028	-360.424	0	333.541	0	0	
0	[SLPS]	0	704.856	-360.062	0	333.963	0	0	
0	[SLPS]	0	704.856	-360.062	0	333.963	0	0	
0	[SLPS]	0	704.772	-359.875	0	334.162	0	0	
0	[SLPS]	0	704.686	-359.684	0	334.365	0	0	
0	[SLPS]	0	704.686	-359.684	0	334.365	0	0	
0	[SLPS]	0	704.518	-359.306	0	334.737	0	0	
0	[SLPS]	0	704.518	-359.306	0	334.737	0	0	
0	[SLPS]	0	704.432	-359.113	0	334.895	0	0	
0	[SLPS]	0	704.346	-358.914	0	335.051	0	0	
0	[SLPS]	0	704.346	-358.914	0	335.051	0	0	
0	[SLPS]	0	704.172	-358.512	0	335.327	0	0	
0	[SLPS]	0	704.172	-358.512	0	335.327	0	0	
0	[SLPS]	0	704.081	-358.306	0	335.448	0	0	
0	[SLPS]	0	703.992	-358.100	0	335.550	0	0	
0	[SLPS]	0	703.992	-358.100	0	335.550	0	0	
0	[SLPS]	0	703.815	-357.691	0	335.701	0	0	
0	[SLPS]	0	703.815	-357.691	0	335.701	0	0	
0	[SLPS]	0	703.729	-357.488	0	335.756	0	0	
0	[SLPS]	0	703.642	-357.298	0	335.812	0	0	
0	[SLPS]	0	703.642	-357.298	0	335.812	0	0	
0	[SLPS]	0	703.464	-356.891	0	335.926	0	0	
0	[SLPS]	0	703.464	-356.891	0	335.926	0	0	
0	[SLPS]	0	703.376	-356.686	0	335.974	0	0	
0	[SLPS]	0	703.286	-356.478	0	336.036	0	0	
0	[SLPS]	0	703.286	-356.478	0	336.036	0	0	
0	[SLPS]	0	703.100	-356.051	0	336.135	0	0	
0	[SLPS]	0	703.100	-356.051	0	336.135	0	0	
0	[SLPS]	0	703.009	-355.837	0	336.178	0	0	
0	[SLPS]	0	702.918	-355.622	0	336.223	0	0	
0	[SLPS]	0	702.918	-355.622	0	336.223	0	0	
0	[SLPS]	0	702.732	-355.181	0	336.277	0	0	
0	[SLPS]	0	702.732	-355.181	0	336.277	0	0	
0	[SLPS]	0	702.638	-354.959	0	336.303	0	0	
0	[SLPS]	0	702.542	-354.735	0	336.320	0	0	
0	[SLPS]	0	702.542	-354.735	0	336.320	0	0	
0	[SLPS]	0	702.346	-354.278	0	336.332	0	0	
0	[SLPS]	0	702.346	-354.278	0	336.332	0	0	
0	[SLPS]	0	702.246	-354.048	0	336.341	0	0	
0	[SLPS]	0	702.147	-353.814	0	336.351	0	0	
0	[SLPS]	0	702.147	-353.814	0	336.351	0	0	
0	[SLPS]	0	701.947	-353.345	0	336.397	0	0	
0	[SLPS]	0	701.947	-353.345	0	336.397	0	0	
0	[SLPS]	0	701.848	-353.110	0	336.410	0	0	
0	[SLPS]	0	701.752	-352.878	0	336.446	0	0	
0	[SLPS]	0	701.752	-352.878	0	336.446	0	0	
0	[SLPS]	0	701.547	-352.389	0	336.500	0	0	
0	[SLPS]	0	701.547	-352.389	0	336.500	0	0	
0	[SLPS]	0	701.446	-352.148	0	336.517	0	0	
0	[SLPS]	0	701.341	-351.903	0	336.527	0	0	
0	[SLPS]	0	701.341	-351.903	0	336.527	0	0	
0	[SLPS]	0	701.132	-351.414	0	336.547	0	0	
0	[SLPS]	0	701.132	-351.414	0	336.547	0	0	
0	[SLPS]	0	701.027	-351.171	0	336.569	0	0	
0	[SLPS]	0	700.919	-350.923	0	336.591	0	0	
0	[SLPS]	0	700.919	-350.923	0	336.591	0	0	
0	[SLPS]	0	700.711	-350.424	0	336.666	0	0	
0	[SLPS]	0	700.711	-350.424	0	336.666	0	0	
0	[SLPS]	0	700.605	-350.168	0	336.713	0	0	
0	[SLPS]	0	700.504	-349.919	0	336.763	0	0	
0	[SLPS]	0	700.504	-349.919	0	336.763	0	0	
0	[SLPS]	0	700.294	-349.416	0	336.846	0	0	
0	[SLPS]	0	700.294	-349.416	0	336.846	0	0	
0	[SLPS]	0	700.189	-349.162	0	336.886	0	0	
0	[SLPS]	0	700.081	-348.908	0	336.924	0	0	
0	[SLPS]	0	700.081	-348.908	0	336.924	0	0	
0	[SLPS]	0	699.869	-348.392	0	337.000	0	0	
0	[SLPS]	0	699.869	-348.392	0	337.000	0	0	
0	[SLPS]	0	699.764	-348.136	0	337.034	0	0	
0	[SLPS]	0	699.667	-347.892	0	337.089	0	0	
0	[SLPS]	0	699.559	-347.633	0	337.134	0	0	
0	[SLPS]	0	699.453	-347.372	0	337.172	0	0	
0	[SLPS]	0	699.453	-347.372	0	337.172	0	0	
0	[SLPS]	0	699.239	-346.854	0	337.238	0	0	
0	[SLPS]	0	699.239	-346.854	0	337.238	0	0	
0	[SLPS]	0	699.130	-346.590	0	337.262	0	0	
0	[SLPS]	0	699.023	-346.326	0	337.287	0	0	
0	[SLPS]	0	699.023	-346.326	0	337.287	0	0	
0	[SLPS]	0	698.915	-346.062	0	337.306	0	0	
0	[SLPS]	0	698.806	-345.793	0	337.313	0	0	
0	[SLPS]	0	698.697	-345.526	0	337.319	0	0	
0	[SLPS]	0	698.585	-345.257	0	337.326	0	0	
0	[SLPS]	0	698.585	-345.257	0	337.326	0	0	
0	[SLPS]	0	698.363	-344.712	0	337.358	0	0	
0	[SLPS]	0	698.363	-344.712	0	337.358	0	0	
0	[SLPS]	0	698.253	-344.437	0	337.374	0	0	
0	[SLPS]	0	698.139	-344.165	0	337.370	0	0	
0	[SLPS]	0	698.139	-344.165	0	337.370	0	0	
0	[SLPS]	0	697.913	-343.620	0	337.374	0	0	
0	[SLPS]	0	697.913	-343.620	0	337.374	0	0	
0	[SLPS]	0	697.796	-343.344	0	337.366	0	0	
0	[SLPS]	0	697.682	-343.066	0	337.364	0	0	
0	[SLPS]	0	697.682	-343.066	0	337.364	0	0	
0	[SLPS]	0	697.461	-342.526	0	337.325	0	0	
0	[SLPS]	0	697.461	-342.526	0	337.325	0	0	
0	[SLPS]	0	697.349	-342.249	0	337.308	0	0	
0	[SLPS]	0	697.234	-341.970	0	337.275	0	0	
0	[SLPS]	0	697.234	-341.970	0	337.275	0	0	
0	[SLPS]	0	697.002	-341.407	0	337.188	0	0	
0	[SLPS]	0	697.002	-341.407	0	337.188	0	0	
0	[SLPS]	0	696.884	-341.122	0	337.127	0	0	
0	[SLPS]	0	696.765	-340.837	0	337.075	0	0	
0	[SLPS]	0	696.765	-340.837	0	337.075	0	0	
0	[SLPS]	0	696.524	-340.265	0	336.979	0	0	
0	[SLPS]	0	696.524	-340.265	0	336.979	0	0	
0	[SLPS]	0	696.407	-339.980	0	336.937	0	0	
0	[SLPS]	0	696.283	-339.692	0	336.871	0	0	
0	[SLPS]	0	696.283	-339.692	0	336.871	0	0	
0	[SLPS]	0	696.040	-339.116	0	336.728	0	0	
0	[SLPS]	0	696.040	-339.116	0	336.728	0	0	
0	[SLPS]	0	695.918	-338.826	0	336.663	0	0	
0	[SLPS]	0	695.794	-338.535	0	336.601	0	0	
0	[SLPS]	0	695.794	-338.535	0	336.601	0	0	
0	[SLPS]	0	695.542	-337.956	0	336.444	0	0	
0	[SLPS]	0	695.542	-337.956	0	336.444	0	0	
0	[SLPS]	0	695.414	-337.665	0	336.350	0	0	
0	[SLPS]	0	695.285	-337.374	0	336.252	0	0	
0	[SLPS]	0	695.158	-337.081	0	336.150	0	0	
0	[SLPS]	0	695.034	-336.800	0	336.049	0	0	
0	[SLPS]	0	695.034	-336.800	0	336.049	0	0	
0	[SLPS]	0	694.903	-336.509	0	335.942	0	0	
0	[SLPS]	0	694.769	-336.212	0	335.817	0	0	
0	[SLPS]	0	694.769	-336.212	0	335.817	0	0	
0	[SLPS]	0	694.502	-335.616	0	335.564	0	0	
0	[SLPS]	0	694.502	-335.616	0	335.564	0	0	
0	[SLPS]	0	694.365	-335.316	0	335.437	0	0	
0	[SLPS]	0	694.229	-335.017	0	335.310	0	0	
0	[SLPS]	0	694.229	-335.017	0	335.310	0	0	
0	[SLPS]	0	693.950	-334.423	0	335.065	0	0	
0	[SLPS]	0	693.950	-334.423	0	335.065	0	0	
0	[SLPS]	0	693.808	-334.119	0	334.932	0	0	
0	[SLPS]	0	693.668	-333.817	0	334.794	0	0	
0	[SLPS]	0	693.668	-333.817	0	334.794	0	0	
0	[SLPS]	0	693.380	-333.219	0	334.522	0	0	
0	[SLPS]	0	693.380	-333.219	0	334.522	0	0	
0	[SLPS]	0	693.233	-332.915	0	334.396	0	0	
0	[SLPS]	0	693.086	-332.611	0	334.265	0	0	
0	[SLPS]	0	692.938	-332.307	0	334.132	0	0	
0	[SLPS]	0	692.788	-331.998	0	334.000	0	0	
0	[SLPS]	0	692.788	-331.998	0	334.000	0	0	
0	[SLPS]	0	692.639	-331.692	0	333.870	0	0	
0	[SLPS]	0	692.489	-331.384	0	333.732	0	0	
0	[SLPS]	0	692.337	-331.078	0	333.598	0	0	
0	[SLPS]	0	692.186	-330.784	0	333.459	0	0	
0	[SLPS]	0	692.186	-330.784	0	333.459	0	0	
0	[SLPS]	0	691.875	-330.167	0	333.158	0	0	
0	[SLPS]	0	691.875	-330.167	0	333.158	0	0	
0	[SLPS]	0	691.719	-329.859	0	333.002	0	0	
0	[SLPS]	0	691.559	-329.541	0	332.842	0	0	
0	[SLPS]	0	691.559	-329.541	0	332.842	0	0	
0	[SLPS]	0	691.243	-328.920	0	332.526	0	0	
0	[SLPS]	0	691.243	-328.920	0	332.526	0	0	
0	[SLPS]	0	691.084	-328.612	0	332.348	0	0	
0	[SLPS]	0	690.920	-328.302	0	332.164	0	0	
0	[SLPS]	0	690.920	-328.302	0	332.164	0	0	
0	[SLPS]	0	690.588	-327.683	0	331.816	0	0	
0	[SLPS]	0	690.588	-327.683	0	331.816	0	0	
0	[SLPS]	0	690.418	-327.378	0	331.663	0	0	
0	[SLPS]	0	690.247	-327.067	0	331.518	0	0	
0	[SLPS]	0	690.247	-327.067	0	331.518	0	0	
0	[SLPS]	0	689.901	-326.451	0	331.213	0	0	
0	[SLPS]	0	689.901	-326.451	0	331.213	0	0	
0	[SLPS]	0	689.730	-326.147	0	331.055	0	0	
0	[SLPS]	0	689.556	-325.837	0	330.902	0	0	
0	[SLPS]	0	689.556	-325.837	0	330.902	0	0	
0	[SLPS]	0	689.203	-325.219	0	330.601	0	0	
0	[SLPS]	0	689.203	-325.219	0	330.601	0	0	
0	[SLPS]	0	689.026	-324.911	0	330.456	0	0	
0	[SLPS]	0	688.861	-324.621	0	330.318	0	0	
0	[SLPS]	0	688.861	-324.621	0	330.318	0	0	
0	[SLPS]	0	688.506	-323.997	0	330.054	0	0	
0	[SLPS]	0	688.506	-323.997	0	330.054	0	0	
0	[SLPS]	0	688.328	-323.691	0	329.918	0	0	
0	[SLPS]	0	688.153	-323.383	0	329.784	0	0	
0	[SLPS]	0	688.153	-323.383	0	329.784	0	0	
0	[SLPS]	0	687.785	-322.754	0	329.467	0	0	
0	[SLPS]	0	687.785	-322.754	0	329.467	0	0	
0	[SLPS]	0	687.607	-322.445	0	329.317	0	0	
0	[SLPS]	0	687.421	-322.133	0	329.167	0	0	
0	[SLPS]	0	687.421	-322.133	0	329.167	0	0	
0	[SLPS]	0	687.046	-321.510	0	328.880	0	0	
0	[SLPS]	0	687.046	-321.510	0	328.880	0	0	
0	[SLPS]	0	686.857	-321.199	0	328.743	0	0	
0	[SLPS]	0	686.670	-320.885	0	328.618	0	0	
0	[SLPS]	0	686.475	-320.571	0	328.506	0	0	
0	[SLPS]	0	686.282	-320.258	0	328.384	0	0	
0	[SLPS]	0	686.282	-320.258	0	328.384	0	0	
0	[SLPS]	0	686.087	-319.950	0	328.249	0	0	
0	[SLPS]	0	685.893	-319.640	0	328.109	0	0	
0	[SLPS]	0	685.697	-319.329	0	327.978	0	0	
0	[SLPS]	0	685.505	-319.019	0	327.855	0	0	
0	[SLPS]	0	685.505	-319.019	0	327.855	0	0	
0	[SLPS]	0	685.309	-318.710	0	327.733	0	0	
0	[SLPS]	0	685.126	-318.414	0	327.612	0	0	
0	[SLPS]	0	684.930	-318.106	0	327.484	0	0	
0	[SLPS]	0	684.736	-317.796	0	327.354	0	0	
0	[SLPS]	0	684.736	-317.796	0	327.354	0	0	
0	[SLPS]	0	684.338	-317.183	0	327.097	0	0	
0	[SLPS]	0	684.338	-317.183	0	327.097	0	0	
0	[SLPS]	0	684.138	-316.871	0	326.970	0	0	
0	[SLPS]	0	683.935	-316.559	0	326.843	0	0	
0	[SLPS]	0	683.935	-316.559	0	326.843	0	0	
0	[SLPS]	0	683.534	-315.937	0	326.655	0	0	
0	[SLPS]	0	683.534	-315.937	0	326.655	0	0	
0	[SLPS]	0	683.328	-315.626	0	326.584	0	0	
0	[SLPS]	0	683.122	-315.314	0	326.524	0	0	
0	[SLPS]	0	683.122	-315.314	0	326.524	0	0	
0	[SLPS]	0	682.709	-314.693	0	326.402	0	0	
0	[SLPS]	0	682.709	-314.693	0	326.402	0	0	
0	[SLPS]	0	682.491	-314.384	0	326.344	0	0	
0	[SLPS]	0	682.287	-314.071	0	326.297	0	0	
0	[SLPS]	0	682.287	-314.071	0	326.297	0	0	
0	[SLPS]	0	681.877	-313.446	0	326.266	0	0	
0	[SLPS]	0	681.877	-313.446	0	326.266	0	0	
0	[SLPS]	0	681.665	-313.133	0	326.238	0	0	
0	[SLPS]	0	681.464	-312.818	0	326.253	0	0	
0	[SLPS]	0	681.464	-312.818	0	326.253	0	0	
0	[SLPS]	0	681.055	-312.205	0	326.250	0	0	
0	[SLPS]	0	681.055	-312.205	0	326.250	0	0	
0	[SLPS]	0	680.848	-311.887	0	326.275	0	0	
0	[SLPS]	0	680.642	-311.569	0	326.286	0	0	
0	[SLPS]	0	680.642	-311.569	0	326.286	0	0	
0	[SLPS]	0	680.226	-310.945	0	326.257	0	0	
0	[SLPS]	0	680.226	-310.945	0	326.257	0	0	
0	[SLPS]	0	680.019	-310.630	0	326.264	0	0	
0	[SLPS]	0	679.812	-310.313	0	326.277	0	0	
0	[SLPS]	0	679.812	-310.313	0	326.277	0	0	
0	[SLPS]	0	679.399	-309.685	0	326.290	0	0	
0	[SLPS]	0	679.399	-309.685	0	326.290	0	0	
0	[SLPS]	0	679.193	-309.362	0	326.299	0	0	
0	[SLPS]	0	678.981	-309.043	0	326.300	0	0	
0	[SLPS]	0	678.981	-309.043	0	326.300	0	0	
0	[SLPS]	0	678.563	-308.409	0	326.319	0	0	
0	[SLPS]	0	678.563	-308.409	0	326.319	0	0	
0	[SLPS]	0	678.356	-308.091	0	326.323	0	0	
0	[SLPS]	0	678.138	-307.772	0	326.286	0	0	
0	[SLPS]	0	678.138	-307.772	0	326.286	0	0	
0	[SLPS]	0	677.706	-307.119	0	326.261	0	0	
0	[SLPS]	0	677.706	-307.119	0	326.261	0	0	
0	[SLPS]	0	677.497	-306.794	0	326.283	0	0	
0	[SLPS]	0	677.286	-306.467	0	326.292	0	0	
0	[SLPS]	0	677.286	-306.467	0	326.292	0	0	
0	[SLPS]	0	676.849	-305.827	0	326.238	0	0	
0	[SLPS]	0	676.849	-305.827	0	326.238	0	0	
0	[SLPS]	0	676.633	-305.499	0	326.212	0	0	
0	[SLPS]	0	676.407	-305.162	0	326.190	0	0	
0	[SLPS]	0	676.407	-305.162	0	326.190	0	0	
0	[SLPS]	0	675.963	-304.484	0	326.219	0	0	
0	[SLPS]	0	675.963	-304.484	0	326.219	0	0	
0	[SLPS]	0	675.737	-304.144	0	326.227	0	0	
0	[SLPS]	0	675.508	-303.804	0	326.210	0	0	
0	[SLPS]	0	675.281	-303.465	0	326.173	0	0	
0	[SLPS]	0	675.049	-303.116	0	326.136	0	0	
0	[SLPS]	0	675.049	-303.116	0	326.136	0	0	
0	[SLPS]	0	674.593	-302.420	0	326.127	0	0	
0	[SLPS]	0	674.593	-302.420	0	326.127	0	0	
0	[SLPS]	0	674.362	-302.080	0	326.124	0	0	
0	[SLPS]	0	674.129	-301.725	0	326.125	0	0	
0	[SLPS]	0	674.129	-301.725	0	326.125	0	0	
0	[SLPS]	0	673.654	-301.021	0	326.069	0	0	
0	[SLPS]	0	673.654	-301.021	0	326.069	0	0	
0	[SLPS]	0	673.421	-300.669	0	326.064	0	0	
0	[SLPS]	0	673.187	-300.315	0	326.058	0	0	
0	[SLPS]	0	673.187	-300.315	0	326.058	0	0	
0	[SLPS]	0	672.712	-299.606	0	326.029	0	0	
0	[SLPS]	0	672.712	-299.606	0	326.029	0	0	
0	[SLPS]	0	672.475	-299.252	0	325.996	0	0	
0	[SLPS]	0	672.252	-298.918	0	325.963	0	0	
0	[SLPS]	0	672.252	-298.918	0	325.963	0	0	
0	[SLPS]	0	671.773	-298.212	0	325.899	0	0	
0	[SLPS]	0	671.773	-298.212	0	325.899	0	0	
0	[SLPS]	0	671.541	-297.864	0	325.885	0	0	
0	[SLPS]	0	671.306	-297.510	0	325.874	0	0	
0	[SLPS]	0	671.306	-297.510	0	325.874	0	0	
0	[SLPS]	0	670.829	-296.803	0	325.832	0	0	
0	[SLPS]	0	670.829	-296.803	0	325.832	0	0	
0	[SLPS]	0	670.597	-296.455	0	325.812	0	0	
0	[SLPS]	0	670.359	-296.101	0	325.786	0	0	
0	[SLPS]	0	670.359	-296.101	0	325.786	0	0	
0	[SLPS]	0	670.117	-295.743	0	325.756	0	0	
0	[SLPS]	0	669.876	-295.386	0	325.725	0	0	
0	[SLPS]	0	669.633	-295.032	0	325.689	0	0	
0	[SLPS]	0	669.386	-294.666	0	325.658	0	0	
0	[SLPS]	0	669.386	-294.666	0	325.658	0	0	
0	[SLPS]	0	668.895	-293.952	0	325.587	0	0	
0	[SLPS]	0	668.895	-293.952	0	325.587	0	0	
0	[SLPS]	0	668.664	-293.599	0	325.585	0	0	
0	[SLPS]	0	668.422	-293.244	0	325.571	0	0	
0	[SLPS]	0	668.422	-293.244	0	325.571	0	0	
0	[SLPS]	0	667.936	-292.541	0	325.505	0	0	
0	[SLPS]	0	667.936	-292.541	0	325.505	0	0	
0	[SLPS]	0	667.696	-292.189	0	325.451	0	0	
0	[SLPS]	0	667.463	-291.853	0	325.406	0	0	
0	[SLPS]	0	667.463	-291.853	0	325.406	0	0	
0	[SLPS]	0	666.983	-291.147	0	325.373	0	0	
0	[SLPS]	0	666.983	-291.147	0	325.373	0	0	
0	[SLPS]	0	666.747	-290.804	0	325.349	0	0	
0	[SLPS]	0	666.506	-290.452	0	325.320	0	0	
0	[SLPS]	0	666.506	-290.452	0	325.320	0	0	
0	[SLPS]	0	666.019	-289.747	0	325.254	0	0	
0	[SLPS]	0	666.019	-289.747	0	325.254	0	0	
0	[SLPS]	0	665.780	-289.404	0	325.218	0	0	
0	[SLPS]	0	665.538	-289.051	0	325.188	0	0	
0	[SLPS]	0	665.538	-289.051	0	325.188	0	0	
0	[SLPS]	0	665.054	-288.349	0	325.143	0	0	
0	[SLPS]	0	665.054	-288.349	0	325.143	0	0	
0	[SLPS]	0	664.817	-288.002	0	325.122	0	0	
0	[SLPS]	0	664.573	-287.648	0	325.095	0	0	
0	[SLPS]	0	664.573	-287.648	0	325.095	0	0	
0	[SLPS]	0	664.088	-286.944	0	325.052	0	0	
0	[SLPS]	0	664.088	-286.944	0	325.052	0	0	
0	[SLPS]	0	663.848	-286.597	0	325.042	0	0	
0	[SLPS]	0	663.606	-286.245	0	325.049	0	0	
0	[SLPS]	0	663.606	-286.245	0	325.049	0	0	
0	[SLPS]	0	663.113	-285.538	0	325.075	0	0	
0	[SLPS]	0	663.113	-285.538	0	325.075	0	0	
0	[SLPS]	0	662.870	-285.188	0	325.093	0	0	
0	[SLPS]	0	662.640	-284.849	0	325.113	0	0	
0	[SLPS]	0	662.640	-284.849	0	325.113	0	0	
0	[SLPS]	0	662.155	-284.140	0	325.173	0	0	
0	[SLPS]	0	662.155	-284.140	0	325.173	0	0	
0	[SLPS]	0	661.914	-283.791	0	325.220	0	0	
0	[SLPS]	0	661.670	-283.436	0	325.258	0	0	
0	[SLPS]	0	661.426	-283.082	0	325.290	0	0	
0	[SLPS]	0	661.182	-282.726	0	325.323	0	0	
0	[SLPS]	0	661.182	-282.726	0	325.323	0	0	
0	[SLPS]	0	660.699	-282.010	0	325.405	0	0	
0	[SLPS]	0	660.699	-282.010	0	325.405	0	0	
0	[SLPS]	0	660.452	-281.644	0	325.440	0	0	
0	[SLPS]	0	660.207	-281.283	0	325.468	0	0	
0	[SLPS]	0	660.207	-281.283	0	325.468	0	0	
0	[SLPS]	0	659.963	-280.925	0	325.493	0	0	
0	[SLPS]	0	659.718	-280.565	0	325.520	0	0	
0	[SLPS]	0	659.473	-280.205	0	325.551	0	0	
0	[SLPS]	0	659.227	-279.843	0	325.574	0	0	
0	[SLPS]	0	659.227	-279.843	0	325.574	0	0	
0	[SLPS]	0	658.739	-279.124	0	325.621	0	0	
0	[SLPS]	0	658.739	-279.124	0	325.621	0	0	
0	[SLPS]	0	658.495	-278.763	0	325.638	0	0	
0	[SLPS]	0	658.252	-278.403	0	325.661	0	0	
0	[SLPS]	0	658.252	-278.403	0	325.661	0	0	
0	[SLPS]	0	657.778	-277.703	0	325.688	0	0	
0	[SLPS]	0	657.778	-277.703	0	325.688	0	0	
0	[SLPS]	0	657.534	-277.349	0	325.689	0	0	
0	[SLPS]	0	657.289	-276.987	0	325.700	0	0	
0	[SLPS]	0	657.289	-276.987	0	325.700	0	0	
0	[SLPS]	0	656.807	-276.266	0	325.719	0	0	
0	[SLPS]	0	656.807	-276.266	0	325.719	0	0	
0	[SLPS]	0	656.560	-275.901	0	325.720	0	0	
0	[SLPS]	0	656.312	-275.534	0	325.709	0	0	
0	[SLPS]	0	656.312	-275.534	0	325.709	0	0	
0	[SLPS]	0	655.813	-274.805	0	325.648	0	0	
0	[SLPS]	0	655.813	-274.805	0	325.648	0	0	
0	[SLPS]	0	655.563	-274.436	0	325.612	0	0	
0	[SLPS]	0	655.316	-274.070	0	325.575	0	0	
0	[SLPS]	0	655.316	-274.070	0	325.575	0	0	
0	[SLPS]	0	654.819	-273.336	0	325.516	0	0	
0	[SLPS]	0	654.819	-273.336	0	325.516	0	0	
0	[SLPS]	0	654.567	-272.970	0	325.465	0	0	
0	[SLPS]	0	654.313	-272.601	0	325.401	0	0	
0	[SLPS]	0	654.313	-272.601	0	325.401	0	0	
0	[SLPS]	0	653.805	-271.869	0	325.258	0	0	
0	[SLPS]	0	653.805	-271.869	0	325.258	0	0	
0	[SLPS]	0	653.552	-271.498	0	325.197	0	0	
0	[SLPS]	0	653.296	-271.130	0	325.133	0	0	
0	[SLPS]	0	653.296	-271.130	0	325.133	0	0	
0	[SLPS]	0	652.791	-270.412	0	325.008	0	0	
0	[SLPS]	0	652.791	-270.412	0	325.008	0	0	
0	[SLPS]	0	652.529	-270.044	0	324.949	0	0	
0	[SLPS]	0	652.268	-269.673	0	324.898	0	0	
0	[SLPS]	0	652.268	-269.673	0	324.898	0	0	
0	[SLPS]	0	651.748	-268.942	0	324.811	0	0	
0	[SLPS]	0	651.748	-268.942	0	324.811	0	0	
0	[SLPS]	0	651.480	-268.562	0	324.785	0	0	
0	[SLPS]	0	651.214	-268.191	0	324.771	0	0	
0	[SLPS]	0	651.214	-268.191	0	324.771	0	0	
0	[SLPS]	0	650.693	-267.447	0	324.773	0	0	
0	[SLPS]	0	650.693	-267.447	0	324.773	0	0	
0	[SLPS]	0	650.429	-267.071	0	324.775	0	0	
0	[SLPS]	0	650.163	-266.690	0	324.772	0	0	
0	[SLPS]	0	649.900	-266.315	0	324.773	0	0	
0	[SLPS]	0	649.637	-265.939	0	324.772	0	0	
0	[SLPS]	0	649.637	-265.939	0	324.772	0	0	
0	[SLPS]	0	649.372	-265.559	0	324.778	0	0	
0	[SLPS]	0	649.109	-265.178	0	324.784	0	0	
0	[SLPS]	0	648.843	-264.803	0	324.774	0	0	
0	[SLPS]	0	648.577	-264.421	0	324.772	0	0	
0	[SLPS]	0	648.577	-264.421	0	324.772	0	0	
0	[SLPS]	0	648.309	-264.037	0	324.768	0	0	
0	[SLPS]	0	648.042	-263.655	0	324.766	0	0	
0	[SLPS]	0	647.775	-263.275	0	324.765	0	0	
0	[SLPS]	0	647.525	-262.910	0	324.773	0	0	
0	[SLPS]	0	647.525	-262.910	0	324.773	0	0	
0	[SLPS]	0	646.986	-262.148	0	324.763	0	0	
0	[SLPS]	0	646.986	-262.148	0	324.763	0	0	
0	[SLPS]	0	646.720	-261.764	0	324.764	0	0	
0	[SLPS]	0	646.450	-261.374	0	324.755	0	0	
0	[SLPS]	0	646.450	-261.374	0	324.755	0	0	
0	[SLPS]	0	645.907	-260.599	0	324.753	0	0	
0	[SLPS]	0	645.907	-260.599	0	324.753	0	0	
0	[SLPS]	0	645.636	-260.215	0	324.741	0	0	
0	[SLPS]	0	645.361	-259.826	0	324.719	0	0	
0	[SLPS]	0	645.361	-259.826	0	324.719	0	0	
0	[SLPS]	0	644.814	-259.044	0	324.703	0	0	
0	[SLPS]	0	644.814	-259.044	0	324.703	0	0	
0	[SLPS]	0	644.544	-258.653	0	324.705	0	0	
0	[SLPS]	0	644.268	-258.264	0	324.682	0	0	
0	[SLPS]	0	644.268	-258.264	0	324.682	0	0	
0	[SLPS]	0	643.717	-257.475	0	324.652	0	0	
0	[SLPS]	0	643.717	-257.475	0	324.652	0	0	
0	[SLPS]	0	643.444	-257.082	0	324.654	0	0	
0	[SLPS]	0	643.168	-256.692	0	324.638	0	0	
0	[SLPS]	0	643.168	-256.692	0	324.638	0	0	
0	[SLPS]	0	642.611	-255.903	0	324.599	0	0	
0	[SLPS]	0	642.611	-255.903	0	324.599	0	0	
0	[SLPS]	0	642.333	-255.510	0	324.591	0	0	
0	[SLPS]	0	642.070	-255.135	0	324.593	0	0	
0	[SLPS]	0	642.070	-255.135	0	324.593	0	0	
0	[SLPS]	0	641.503	-254.340	0	324.582	0	0	
0	[SLPS]	0	641.503	-254.340	0	324.582	0	0	
0	[SLPS]	0	641.228	-253.955	0	324.573	0	0	
0	[SLPS]	0	640.949	-253.559	0	324.565	0	0	
0	[SLPS]	0	640.669	-253.160	0	324.573	0	0	
0	[SLPS]	0	640.390	-252.761	0	324.598	0	0	
0	[SLPS]	0	640.390	-252.761	0	324.598	0	0	
0	[SLPS]	0	640.112	-252.363	0	324.637	0	0	
0	[SLPS]	0	639.826	-251.962	0	324.669	0	0	
0	[SLPS]	0	639.539	-251.561	0	324.700	0	0	
0	[SLPS]	0	639.253	-251.160	0	324.728	0	0	
0	[SLPS]	0	639.253	-251.160	0	324.728	0	0	
0	[SLPS]	0	638.975	-250.759	0	324.768	0	0	
0	[SLPS]	0	638.693	-250.353	0	324.807	0	0	
0	[SLPS]	0	638.414	-249.948	0	324.836	0	0	
0	[SLPS]	0	638.132	-249.542	0	324.853	0	0	
0	[SLPS]	0	638.132	-249.542	0	324.853	0	0	
0	[SLPS]	0	637.572	-248.725	0	324.896	0	0	
0	[SLPS]	0	637.572	-248.725	0	324.896	0	0	
0	[SLPS]	0	637.292	-248.313	0	324.938	0	0	
0	[SLPS]	0	637.008	-247.903	0	324.967	0	0	
0	[SLPS]	0	637.008	-247.903	0	324.967	0	0	
0	[SLPS]	0	636.452	-247.110	0	325.029	0	0	
0	[SLPS]	0	636.452	-247.110	0	325.029	0	0	
0	[SLPS]	0	636.169	-246.701	0	325.064	0	0	
0	[SLPS]	0	635.883	-246.294	0	325.081	0	0	
0	[SLPS]	0	635.883	-246.294	0	325.081	0	0	
0	[SLPS]	0	635.315	-245.476	0	325.112	0	0	
0	[SLPS]	0	635.315	-245.476	0	325.112	0	0	
0	[SLPS]	0	635.029	-245.062	0	325.131	0	0	
0	[SLPS]	0	634.744	-244.648	0	325.145	0	0	
0	[SLPS]	0	634.744	-244.648	0	325.145	0	0	
0	[SLPS]	0	634.178	-243.829	0	325.171	0	0	
0	[SLPS]	0	634.178	-243.829	0	325.171	0	0	
0	[SLPS]	0	633.894	-243.410	0	325.199	0	0	
0	[SLPS]	0	633.610	-242.990	0	325.225	0	0	
0	[SLPS]	0	633.610	-242.990	0	325.225	0	0	
0	[SLPS]	0	633.035	-242.155	0	325.239	0	0	
0	[SLPS]	0	633.035	-242.155	0	325.239	0	0	
0	[SLPS]	0	632.745	-241.736	0	325.251	0	0	
0	[SLPS]	0	632.456	-241.318	0	325.264	0	0	
0	[SLPS]	0	632.456	-241.318	0	325.264	0	0	
0	[SLPS]	0	631.886	-240.483	0	325.313	0	0	
0	[SLPS]	0	631.886	-240.483	0	325.313	0	0	
0	[SLPS]	0	631.591	-240.053	0	325.329	0	0	
0	[SLPS]	0	631.306	-239.630	0	325.345	0	0	
0	[SLPS]	0	631.306	-239.630	0	325.345	0	0	
0	[SLPS]	0	630.739	-238.807	0	325.355	0	0	
0	[SLPS]	0	630.739	-238.807	0	325.355	0	0	
0	[SLPS]	0	630.446	-238.383	0	325.365	0	0	
0	[SLPS]	0	630.157	-237.959	0	325.384	0	0	
0	[SLPS]	0	630.157	-237.959	0	325.384	0	0	
0	[SLPS]	0	629.873	-237.547	0	325.411	0	0	
0	[SLPS]	0	629.588	-237.128	0	325.438	0	0	
0	[SLPS]	0	629.297	-236.706	0	325.459	0	0	
0	[SLPS]	0	629.004	-236.283	0	325.468	0	0	
0	[SLPS]	0	629.004	-236.283	0	325.468	0	0	
0	[SLPS]	0	628.426	-235.435	0	325.491	0	0	
0	[SLPS]	0	628.426	-235.435	0	325.491	0	0	
0	[SLPS]	0	628.137	-235.004	0	325.507	0	0	
0	[SLPS]	0	627.846	-234.575	0	325.525	0	0	
0	[SLPS]	0	627.846	-234.575	0	325.525	0	0	
0	[SLPS]	0	627.265	-233.721	0	325.556	0	0	
0	[SLPS]	0	627.265	-233.721	0	325.556	0	0	
0	[SLPS]	0	626.971	-233.291	0	325.569	0	0	
0	[SLPS]	0	626.681	-232.858	0	325.591	0	0	
0	[SLPS]	0	626.681	-232.858	0	325.591	0	0	
0	[SLPS]	0	626.096	-231.997	0	325.617	0	0	
0	[SLPS]	0	626.096	-231.997	0	325.617	0	0	
0	[SLPS]	0	625.806	-231.565	0	325.635	0	0	
0	[SLPS]	0	625.513	-231.135	0	325.646	0	0	
0	[SLPS]	0	625.513	-231.135	0	325.646	0	0	
0	[SLPS]	0	624.939	-230.292	0	325.678	0	0	
0	[SLPS]	0	624.939	-230.292	0	325.678	0	0	
0	[SLPS]	0	624.647	-229.859	0	325.693	0	0	
0	[SLPS]	0	624.356	-229.424	0	325.714	0	0	
0	[SLPS]	0	624.356	-229.424	0	325.714	0	0	
0	[SLPS]	0	623.769	-228.561	0	325.742	0	0	
0	[SLPS]	0	623.769	-228.561	0	325.742	0	0	
0	[SLPS]	0	623.474	-228.125	0	325.753	0	0	
0	[SLPS]	0	623.181	-227.690	0	325.768	0	0	
0	[SLPS]	0	623.181	-227.690	0	325.768	0	0	
0	[SLPS]	0	622.590	-226.818	0	325.789	0	0	
0	[SLPS]	0	622.590	-226.818	0	325.789	0	0	
0	[SLPS]	0	622.293	-226.377	0	325.792	0	0	
0	[SLPS]	0	621.998	-225.937	0	325.780	0	0	
0	[SLPS]	0	621.704	-225.497	0	325.767	0	0	
0	[SLPS]	0	621.405	-225.056	0	325.752	0	0	
0	[SLPS]	0	621.405	-225.056	0	325.752	0	0	
0	[SLPS]	0	621.106	-224.619	0	325.735	0	0	
0	[SLPS]	0	620.805	-224.171	0	325.731	0	0	
0	[SLPS]	0	620.805	-224.171	0	325.731	0	0	
0	[SLPS]	0	620.214	-223.296	0	325.728	0	0	
0	[SLPS]	0	620.214	-223.296	0	325.728	0	0	
0	[SLPS]	0	619.914	-222.856	0	325.721	0	0	
0	[SLPS]	0	619.614	-222.418	0	325.721	0	0	
0	[SLPS]	0	619.614	-222.418	0	325.721	0	0	
0	[SLPS]	0	619.030	-221.559	0	325.763	0	0	
0	[SLPS]	0	619.030	-221.559	0	325.763	0	0	
0	[SLPS]	0	618.438	-220.677	0	325.847	0	0	
0	[SLPS]	0	618.438	-220.677	0	325.847	0	0	
0	[SLPS]	0	618.145	-220.241	0	325.884	0	0	
0	[SLPS]	0	617.849	-219.800	0	325.912	0	0	
0	[SLPS]	0	617.849	-219.800	0	325.912	0	0	
0	[SLPS]	0	617.254	-218.913	0	325.962	0	0	
0	[SLPS]	0	617.254	-218.913	0	325.962	0	0	
0	[SLPS]	0	616.962	-218.474	0	325.991	0	0	
0	[SLPS]	0	616.665	-218.026	0	326.024	0	0	
0	[SLPS]	0	616.665	-218.026	0	326.024	0	0	
0	[SLPS]	0	616.073	-217.132	0	326.094	0	0	
0	[SLPS]	0	616.073	-217.132	0	326.094	0	0	
0	[SLPS]	0	615.780	-216.690	0	326.123	0	0	
0	[SLPS]	0	615.485	-216.243	0	326.155	0	0	
0	[SLPS]	0	615.485	-216.243	0	326.155	0	0	
0	[SLPS]	0	614.895	-215.357	0	326.207	0	0	
0	[SLPS]	0	614.895	-215.357	0	326.207	0	0	
0	[SLPS]	0	614.604	-214.917	0	326.235	0	0	
0	[SLPS]	0	614.311	-214.477	0	326.254	0	0	
0	[SLPS]	0	614.311	-214.477	0	326.254	0	0	
0	[SLPS]	0	614.021	-214.038	0	326.265	0	0	
0	[SLPS]	0	613.733	-213.598	0	326.270	0	0	
0	[SLPS]	0	613.444	-213.160	0	326.279	0	0	
0	[SLPS]	0	613.167	-212.749	0	326.286	0	0	
0	[SLPS]	0	613.167	-212.749	0	326.286	0	0	
0	[SLPS]	0	612.596	-211.884	0	326.289	0	0	
0	[SLPS]	0	612.596	-211.884	0	326.289	0	0	
0	[SLPS]	0	612.315	-211.458	0	326.286	0	0	
0	[SLPS]	0	612.031	-211.027	0	326.266	0	0	
0	[SLPS]	0	612.031	-211.027	0	326.266	0	0	
0	[SLPS]	0	611.460	-210.169	0	326.224	0	0	
0	[SLPS]	0	611.460	-210.169	0	326.224	0	0	
0	[SLPS]	0	611.178	-209.744	0	326.200	0	0	
0	[SLPS]	0	610.893	-209.315	0	326.189	0	0	
0	[SLPS]	0	610.893	-209.315	0	326.189	0	0	
0	[SLPS]	0	610.316	-208.456	0	326.168	0	0	
0	[SLPS]	0	610.316	-208.456	0	326.168	0	0	
0	[SLPS]	0	610.034	-208.033	0	326.151	0	0	
0	[SLPS]	0	609.749	-207.606	0	326.147	0	0	
0	[SLPS]	0	609.749	-207.606	0	326.147	0	0	
0	[SLPS]	0	609.180	-206.765	0	326.107	0	0	
0	[SLPS]	0	609.180	-206.765	0	326.107	0	0	
0	[SLPS]	0	608.900	-206.346	0	326.089	0	0	
0	[SLPS]	0	608.621	-205.924	0	326.079	0	0	
0	[SLPS]	0	608.621	-205.924	0	326.079	0	0	
0	[SLPS]	0	608.062	-205.091	0	326.057	0	0	
0	[SLPS]	0	608.062	-205.091	0	326.057	0	0	
0	[SLPS]	0	607.783	-204.677	0	326.052	0	0	
0	[SLPS]	0	607.521	-204.277	0	326.047	0	0	
0	[SLPS]	0	607.521	-204.277	0	326.047	0	0	
0	[SLPS]	0	606.967	-203.447	0	326.019	0	0	
0	[SLPS]	0	606.967	-203.447	0	326.019	0	0	
0	[SLPS]	0	606.692	-203.043	0	326.004	0	0	
0	[SLPS]	0	606.419	-202.632	0	325.991	0	0	
0	[SLPS]	0	606.144	-202.223	0	325.980	0	0	
0	[SLPS]	0	605.872	-201.809	0	325.974	0	0	
0	[SLPS]	0	605.872	-201.809	0	325.974	0	0	
0	[SLPS]	0	605.596	-201.403	0	325.961	0	0	
0	[SLPS]	0	605.322	-200.991	0	325.957	0	0	
0	[SLPS]	0	605.046	-200.580	0	325.946	0	0	
0	[SLPS]	0	604.768	-200.172	0	325.921	0	0	
0	[SLPS]	0	604.768	-200.172	0	325.921	0	0	
0	[SLPS]	0	604.493	-199.770	0	325.895	0	0	
0	[SLPS]	0	604.219	-199.362	0	325.881	0	0	
0	[SLPS]	0	603.946	-198.955	0	325.880	0	0	
0	[SLPS]	0	603.674	-198.549	0	325.872	0	0	
0	[SLPS]	0	603.674	-198.549	0	325.872	0	0	
0	[SLPS]	0	603.127	-197.742	0	325.836	0	0	
0	[SLPS]	0	603.127	-197.742	0	325.836	0	0	
0	[SLPS]	0	602.856	-197.337	0	325.816	0	0	
0	[SLPS]	0	602.584	-196.936	0	325.798	0	0	
0	[SLPS]	0	602.584	-196.936	0	325.798	0	0	
0	[SLPS]	0	602.051	-196.151	0	325.774	0	0	
0	[SLPS]	0	602.051	-196.151	0	325.774	0	0	
0	[SLPS]	0	601.779	-195.753	0	325.757	0	0	
0	[SLPS]	0	601.509	-195.354	0	325.742	0	0	
0	[SLPS]	0	601.509	-195.354	0	325.742	0	0	
0	[SLPS]	0	600.969	-194.558	0	325.708	0	0	
0	[SLPS]	0	600.969	-194.558	0	325.708	0	0	
0	[SLPS]	0	600.697	-194.159	0	325.693	0	0	
0	[SLPS]	0	600.419	-193.756	0	325.663	0	0	
0	[SLPS]	0	600.419	-193.756	0	325.663	0	0	
0	[SLPS]	0	599.883	-192.964	0	325.629	0	0	
0	[SLPS]	0	599.883	-192.964	0	325.629	0	0	
0	[SLPS]	0	599.613	-192.571	0	325.608	0	0	
0	[SLPS]	0	599.345	-192.175	0	325.597	0	0	
0	[SLPS]	0	599.345	-192.175	0	325.597	0	0	
0	[SLPS]	0	598.811	-191.381	0	325.568	0	0	
0	[SLPS]	0	598.811	-191.381	0	325.568	0	0	
0	[SLPS]	0	598.536	-190.992	0	325.542	0	0	
0	[SLPS]	0	598.267	-190.596	0	325.519	0	0	
0	[SLPS]	0	598.267	-190.596	0	325.519	0	0	
0	[SLPS]	0	597.740	-189.816	0	325.489	0	0	
0	[SLPS]	0	597.740	-189.816	0	325.489	0	0	
0	[SLPS]	0	597.471	-189.426	0	325.466	0	0	
0	[SLPS]	0	597.202	-189.037	0	325.449	0	0	
0	[SLPS]	0	596.935	-188.649	0	325.425	0	0	
0	[SLPS]	0	596.682	-188.279	0	325.404	0	0	
0	[SLPS]	0	596.682	-188.279	0	325.404	0	0	
0	[SLPS]	0	596.415	-187.894	0	325.383	0	0	
0	[SLPS]	0	596.148	-187.509	0	325.363	0	0	
0	[SLPS]	0	596.148	-187.509	0	325.363	0	0	
0	[SLPS]	0	595.631	-186.744	0	325.356	0	0	
0	[SLPS]	0	595.631	-186.744	0	325.356	0	0	
0	[SLPS]	0	595.364	-186.361	0	325.356	0	0	
0	[SLPS]	0	595.099	-185.977	0	325.346	0	0	
0	[SLPS]	0	595.099	-185.977	0	325.346	0	0	
0	[SLPS]	0	594.572	-185.214	0	325.319	0	0	
0	[SLPS]	0	594.572	-185.214	0	325.319	0	0	
0	[SLPS]	0	594.309	-184.827	0	325.315	0	0	
0	[SLPS]	0	594.046	-184.442	0	325.322	0	0	
0	[SLPS]	0	594.046	-184.442	0	325.322	0	0	
0	[SLPS]	0	593.518	-183.677	0	325.332	0	0	
0	[SLPS]	0	593.518	-183.677	0	325.332	0	0	
0	[SLPS]	0	593.255	-183.294	0	325.323	0	0	
0	[SLPS]	0	592.995	-182.913	0	325.321	0	0	
0	[SLPS]	0	592.995	-182.913	0	325.321	0	0	
0	[SLPS]	0	592.471	-182.155	0	325.317	0	0	
0	[SLPS]	0	592.471	-182.155	0	325.317	0	0	
0	[SLPS]	0	592.212	-181.777	0	325.319	0	0	
0	[SLPS]	0	591.952	-181.400	0	325.316	0	0	
0	[SLPS]	0	591.952	-181.400	0	325.316	0	0	
0	[SLPS]	0	591.442	-180.661	0	325.300	0	0	
0	[SLPS]	0	591.442	-180.661	0	325.300	0	0	
0	[SLPS]	0	591.184	-180.285	0	325.292	0	0	
0	[SLPS]	0	590.919	-179.901	0	325.291	0	0	
0	[SLPS]	0	590.919	-179.901	0	325.291	0	0	
0	[SLPS]	0	590.407	-179.155	0	325.290	0	0	
0	[SLPS]	0	590.407	-179.155	0	325.290	0	0	
0	[SLPS]	0	590.150	-178.781	0	325.284	0	0	
0	[SLPS]	0	589.895	-178.411	0	325.271	0	0	
0	[SLPS]	0	589.895	-178.411	0	325.271	0	0	
0	[SLPS]	0	589.386	-177.665	0	325.272	0	0	
0	[SLPS]	0	589.386	-177.665	0	325.272	0	0	
0	[SLPS]	0	589.130	-177.293	0	325.269	0	0	
0	[SLPS]	0	588.872	-176.924	0	325.262	0	0	
0	[SLPS]	0	588.872	-176.924	0	325.262	0	0	
0	[SLPS]	0	588.362	-176.185	0	325.248	0	0	
0	[SLPS]	0	588.362	-176.185	0	325.248	0	0	
0	[SLPS]	0	588.109	-175.815	0	325.255	0	0	
0	[SLPS]	0	587.854	-175.447	0	325.255	0	0	
0	[SLPS]	0	587.854	-175.447	0	325.255	0	0	
0	[SLPS]	0	587.350	-174.718	0	325.240	0	0	
0	[SLPS]	0	587.350	-174.718	0	325.240	0	0	
0	[SLPS]	0	587.097	-174.352	0	325.235	0	0	
0	[SLPS]	0	586.847	-173.987	0	325.232	0	0	
0	[SLPS]	0	586.595	-173.623	0	325.230	0	0	
0	[SLPS]	0	586.350	-173.272	0	325.222	0	0	
0	[SLPS]	0	586.350	-173.272	0	325.222	0	0	
0	[SLPS]	0	585.848	-172.545	0	325.218	0	0	
0	[SLPS]	0	585.848	-172.545	0	325.218	0	0	
0	[SLPS]	0	585.595	-172.188	0	325.213	0	0	
0	[SLPS]	0	585.346	-171.826	0	325.212	0	0	
0	[SLPS]	0	585.346	-171.826	0	325.212	0	0	
0	[SLPS]	0	584.847	-171.102	0	325.206	0	0	
0	[SLPS]	0	584.847	-171.102	0	325.206	0	0	
0	[SLPS]	0	584.601	-170.744	0	325.209	0	0	
0	[SLPS]	0	584.352	-170.383	0	325.211	0	0	
0	[SLPS]	0	584.352	-170.383	0	325.211	0	0	
0	[SLPS]	0	583.858	-169.661	0	325.242	0	0	
0	[SLPS]	0	583.858	-169.661	0	325.242	0	0	
0	[SLPS]	0	583.611	-169.298	0	325.275	0	0	
0	[SLPS]	0	583.365	-168.939	0	325.315	0	0	
0	[SLPS]	0	583.365	-168.939	0	325.315	0	0	
0	[SLPS]	0	582.873	-168.222	0	325.416	0	0	
0	[SLPS]	0	582.873	-168.222	0	325.416	0	0	
0	[SLPS]	0	582.630	-167.865	0	325.467	0	0	
0	[SLPS]	0	582.387	-167.504	0	325.518	0	0	
0	[SLPS]	0	582.387	-167.504	0	325.518	0	0	
0	[SLPS]	0	581.905	-166.791	0	325.631	0	0	
0	[SLPS]	0	581.905	-166.791	0	325.631	0	0	
0	[SLPS]	0	581.659	-166.427	0	325.685	0	0	
0	[SLPS]	0	581.432	-166.086	0	325.727	0	0	
0	[SLPS]	0	581.432	-166.086	0	325.727	0	0	
0	[SLPS]	0	580.951	-165.372	0	325.805	0	0	
0	[SLPS]	0	580.951	-165.372	0	325.805	0	0	
0	[SLPS]	0	580.713	-165.020	0	325.845	0	0	
0	[SLPS]	0	580.476	-164.664	0	325.875	0	0	
0	[SLPS]	0	580.476	-164.664	0	325.875	0	0	
0	[SLPS]	0	580.002	-163.955	0	325.919	0	0	
0	[SLPS]	0	580.002	-163.955	0	325.919	0	0	
0	[SLPS]	0	579.767	-163.601	0	325.945	0	0	
0	[SLPS]	0	579.530	-163.245	0	325.960	0	0	
0	[SLPS]	0	579.293	-162.895	0	325.972	0	0	
0	[SLPS]	0	579.053	-162.544	0	325.984	0	0	
0	[SLPS]	0	579.053	-162.544	0	325.984	0	0	
0	[SLPS]	0	578.585	-161.845	0	326.001	0	0	
0	[SLPS]	0	578.585	-161.845	0	326.001	0	0	
0	[SLPS]	0	578.350	-161.495	0	326.008	0	0	
0	[SLPS]	0	578.114	-161.145	0	326.014	0	0	
0	[SLPS]	0	578.114	-161.145	0	326.014	0	0	
0	[SLPS]	0	577.650	-160.449	0	326.017	0	0	
0	[SLPS]	0	577.650	-160.449	0	326.017	0	0	
0	[SLPS]	0	577.412	-160.100	0	326.011	0	0	
0	[SLPS]	0	577.177	-159.752	0	325.997	0	0	
0	[SLPS]	0	577.177	-159.752	0	325.997	0	0	
0	[SLPS]	0	576.723	-159.067	0	325.977	0	0	
0	[SLPS]	0	576.723	-159.067	0	325.977	0	0	
0	[SLPS]	0	576.490	-158.715	0	325.972	0	0	
0	[SLPS]	0	576.260	-158.368	0	325.961	0	0	
0	[SLPS]	0	576.260	-158.368	0	325.961	0	0	
0	[SLPS]	0	575.798	-157.683	0	325.938	0	0	
0	[SLPS]	0	575.798	-157.683	0	325.938	0	0	
0	[SLPS]	0	575.561	-157.342	0	325.890	0	0	
0	[SLPS]	0	575.326	-156.996	0	325.868	0	0	
0	[SLPS]	0	575.326	-156.996	0	325.868	0	0	
0	[SLPS]	0	574.864	-156.315	0	325.856	0	0	
0	[SLPS]	0	574.864	-156.315	0	325.856	0	0	
0	[SLPS]	0	574.631	-155.970	0	325.867	0	0	
0	[SLPS]	0	574.399	-155.626	0	325.863	0	0	
0	[SLPS]	0	574.399	-155.626	0	325.863	0	0	
0	[SLPS]	0	573.936	-154.948	0	325.806	0	0	
0	[SLPS]	0	573.936	-154.948	0	325.806	0	0	
0	[SLPS]	0	573.707	-154.608	0	325.781	0	0	
0	[SLPS]	0	573.478	-154.269	0	325.761	0	0	
0	[SLPS]	0	573.478	-154.269	0	325.761	0	0	
0	[SLPS]	0	573.021	-153.586	0	325.711	0	0	
0	[SLPS]	0	573.021	-153.586	0	325.711	0	0	
0	[SLPS]	0	572.798	-153.248	0	325.703	0	0	
0	[SLPS]	0	572.569	-152.912	0	325.689	0	0	
0	[SLPS]	0	572.569	-152.912	0	325.689	0	0	
0	[SLPS]	0	572.117	-152.256	0	325.645	0	0	
0	[SLPS]	0	572.117	-152.256	0	325.645	0	0	
0	[SLPS]	0	571.884	-151.922	0	325.616	0	0	
0	[SLPS]	0	571.658	-151.586	0	325.596	0	0	
0	[SLPS]	0	571.658	-151.586	0	325.596	0	0	
0	[SLPS]	0	571.207	-150.925	0	325.596	0	0	
0	[SLPS]	0	571.207	-150.925	0	325.596	0	0	
0	[SLPS]	0	570.979	-150.593	0	325.594	0	0	
0	[SLPS]	0	570.751	-150.263	0	325.570	0	0	
0	[SLPS]	0	570.525	-149.937	0	325.546	0	0	
0	[SLPS]	0	570.301	-149.605	0	325.525	0	0	
0	[SLPS]	0	570.301	-149.605	0	325.525	0	0	
0	[SLPS]	0	569.849	-148.942	0	325.499	0	0	
0	[SLPS]	0	569.849	-148.942	0	325.499	0	0	
0	[SLPS]	0	569.624	-148.612	0	325.485	0	0	
0	[SLPS]	0	569.392	-148.282	0	325.456	0	0	
0	[SLPS]	0	569.392	-148.282	0	325.456	0	0	
0	[SLPS]	0	568.938	-147.613	0	325.431	0	0	
0	[SLPS]	0	568.938	-147.613	0	325.431	0	0	
0	[SLPS]	0	568.714	-147.281	0	325.423	0	0	
0	[SLPS]	0	568.488	-146.949	0	325.412	0	0	
0	[SLPS]	0	568.488	-146.949	0	325.412	0	0	
0	[SLPS]	0	568.033	-146.286	0	325.360	0	0	
0	[SLPS]	0	568.033	-146.286	0	325.360	0	0	
0	[SLPS]	0	567.806	-145.955	0	325.321	0	0	
0	[SLPS]	0	567.578	-145.644	0	325.277	0	0	
0	[SLPS]	0	567.578	-145.644	0	325.277	0	0	
0	[SLPS]	0	567.120	-144.980	0	325.236	0	0	
0	[SLPS]	0	567.120	-144.980	0	325.236	0	0	
0	[SLPS]	0	566.895	-144.650	0	325.231	0	0	
0	[SLPS]	0	566.663	-144.319	0	325.211	0	0	
0	[SLPS]	0	566.663	-144.319	0	325.211	0	0	
0	[SLPS]	0	566.194	-143.656	0	325.126	0	0	
0	[SLPS]	0	566.194	-143.656	0	325.126	0	0	
0	[SLPS]	0	565.965	-143.327	0	325.084	0	0	
0	[SLPS]	0	565.734	-142.995	0	325.059	0	0	
0	[SLPS]	0	565.734	-142.995	0	325.059	0	0	
0	[SLPS]	0	565.274	-142.325	0	325.030	0	0	
0	[SLPS]	0	565.274	-142.325	0	325.030	0	0	
0	[SLPS]	0	565.041	-141.989	0	325.003	0	0	
0	[SLPS]	0	564.810	-141.656	0	324.978	0	0	
0	[SLPS]	0	564.810	-141.656	0	324.978	0	0	
0	[SLPS]	0	564.347	-140.988	0	324.921	0	0	
0	[SLPS]	0	564.347	-140.988	0	324.921	0	0	
0	[SLPS]	0	564.117	-140.656	0	324.894	0	0	
0	[SLPS]	0	563.883	-140.323	0	324.863	0	0	
0	[SLPS]	0	563.883	-140.323	0	324.863	0	0	
0	[SLPS]	0	563.410	-139.649	0	324.852	0	0	
0	[SLPS]	0	563.410	-139.649	0	324.852	0	0	
0	[SLPS]	0	563.174	-139.314	0	324.868	0	0	
0	[SLPS]	0	562.948	-138.991	0	324.882	0	0	
0	[SLPS]	0	562.710	-138.652	0	324.892	0	0	
0	[SLPS]	0	562.474	-138.316	0	324.899	0	0	
0	[SLPS]	0	562.474	-138.316	0	324.899	0	0	
0	[SLPS]	0	562.004	-137.640	0	324.909	0	0	
0	[SLPS]	0	562.004	-137.640	0	324.909	0	0	
0	[SLPS]	0	561.766	-137.297	0	324.914	0	0	
0	[SLPS]	0	561.525	-136.955	0	324.919	0	0	
0	[SLPS]	0	561.525	-136.955	0	324.919	0	0	
0	[SLPS]	0	561.047	-136.268	0	324.928	0	0	
0	[SLPS]	0	561.047	-136.268	0	324.928	0	0	
0	[SLPS]	0	560.807	-135.919	0	324.930	0	0	
0	[SLPS]	0	560.565	-135.571	0	324.930	0	0	
0	[SLPS]	0	560.565	-135.571	0	324.930	0	0	
0	[SLPS]	0	560.086	-134.884	0	324.944	0	0	
0	[SLPS]	0	560.086	-134.884	0	324.944	0	0	
0	[SLPS]	0	559.844	-134.540	0	324.955	0	0	
0	[SLPS]	0	559.603	-134.194	0	324.979	0	0	
0	[SLPS]	0	559.603	-134.194	0	324.979	0	0	
0	[SLPS]	0	559.123	-133.507	0	325.023	0	0	
0	[SLPS]	0	559.123	-133.507	0	325.023	0	0	
0	[SLPS]	0	558.877	-133.158	0	325.030	0	0	
0	[SLPS]	0	558.634	-132.809	0	325.029	0	0	
0	[SLPS]	0	558.634	-132.809	0	325.029	0	0	
0	[SLPS]	0	558.158	-132.119	0	325.020	0	0	
0	[SLPS]	0	558.158	-132.119	0	325.020	0	0	
0	[SLPS]	0	557.915	-131.765	0	325.013	0	0	
0	[SLPS]	0	557.671	-131.414	0	324.999	0	0	
0	[SLPS]	0	557.671	-131.414	0	324.999	0	0	
0	[SLPS]	0	557.182	-130.714	0	324.960	0	0	
0	[SLPS]	0	557.182	-130.714	0	324.960	0	0	
0	[SLPS]	0	556.938	-130.363	0	324.946	0	0	
0	[SLPS]	0	556.688	-130.008	0	324.927	0	0	
0	[SLPS]	0	556.688	-130.008	0	324.927	0	0	
0	[SLPS]	0	556.187	-129.290	0	324.883	0	0	
0	[SLPS]	0	556.187	-129.290	0	324.883	0	0	
0	[SLPS]	0	555.935	-128.929	0	324.864	0	0	
0	[SLPS]	0	555.686	-128.572	0	324.844	0	0	
0	[SLPS]	0	555.686	-128.572	0	324.844	0	0	
0	[SLPS]	0	555.183	-127.858	0	324.793	0	0	
0	[SLPS]	0	555.183	-127.858	0	324.793	0	0	
0	[SLPS]	0	554.932	-127.500	0	324.772	0	0	
0	[SLPS]	0	554.682	-127.142	0	324.759	0	0	
0	[SLPS]	0	554.682	-127.142	0	324.759	0	0	
0	[SLPS]	0	554.178	-126.425	0	324.727	0	0	
0	[SLPS]	0	554.178	-126.425	0	324.727	0	0	
0	[SLPS]	0	553.922	-126.062	0	324.710	0	0	
0	[SLPS]	0	553.664	-125.699	0	324.679	0	0	
0	[SLPS]	0	553.664	-125.699	0	324.679	0	0	
0	[SLPS]	0	553.162	-124.994	0	324.643	0	0	
0	[SLPS]	0	553.162	-124.994	0	324.643	0	0	
0	[SLPS]	0	552.906	-124.630	0	324.632	0	0	
0	[SLPS]	0	552.648	-124.267	0	324.622	0	0	
0	[SLPS]	0	552.648	-124.267	0	324.622	0	0	
0	[SLPS]	0	552.132	-123.541	0	324.573	0	0	
0	[SLPS]	0	552.132	-123.541	0	324.573	0	0	
0	[SLPS]	0	551.875	-123.174	0	324.561	0	0	
0	[SLPS]	0	551.614	-122.809	0	324.544	0	0	
0	[SLPS]	0	551.356	-122.444	0	324.527	0	0	
0	[SLPS]	0	551.096	-122.074	0	324.508	0	0	
0	[SLPS]	0	551.096	-122.074	0	324.508	0	0	
0	[SLPS]	0	550.565	-121.338	0	324.473	0	0	
0	[SLPS]	0	550.565	-121.338	0	324.473	0	0	
0	[SLPS]	0	550.308	-120.963	0	324.468	0	0	
0	[SLPS]	0	550.043	-120.590	0	324.457	0	0	
0	[SLPS]	0	550.043	-120.590	0	324.457	0	0	
0	[SLPS]	0	549.517	-119.844	0	324.442	0	0	
0	[SLPS]	0	549.517	-119.844	0	324.442	0	0	
0	[SLPS]	0	549.252	-119.469	0	324.438	0	0	
0	[SLPS]	0	548.984	-119.092	0	324.425	0	0	
0	[SLPS]	0	548.984	-119.092	0	324.425	0	0	
0	[SLPS]	0	548.454	-118.343	0	324.392	0	0	
0	[SLPS]	0	548.454	-118.343	0	324.392	0	0	
0	[SLPS]	0	548.188	-117.967	0	324.388	0	0	
0	[SLPS]	0	547.939	-117.602	0	324.400	0	0	
0	[SLPS]	0	547.939	-117.602	0	324.400	0	0	
0	[SLPS]	0	547.404	-116.855	0	324.388	0	0	
0	[SLPS]	0	547.404	-116.855	0	324.388	0	0	
0	[SLPS]	0	547.138	-116.471	0	324.397	0	0	
0	[SLPS]	0	546.870	-116.093	0	324.418	0	0	
0	[SLPS]	0	546.870	-116.093	0	324.418	0	0	
0	[SLPS]	0	546.324	-115.335	0	324.513	0	0	
0	[SLPS]	0	546.324	-115.335	0	324.513	0	0	
0	[SLPS]	0	546.052	-114.956	0	324.560	0	0	
0	[SLPS]	0	545.779	-114.575	0	324.596	0	0	
0	[SLPS]	0	545.779	-114.575	0	324.596	0	0	
0	[SLPS]	0	545.237	-113.809	0	324.663	0	0	
0	[SLPS]	0	545.237	-113.809	0	324.663	0	0	
0	[SLPS]	0	544.967	-113.428	0	324.695	0	0	
0	[SLPS]	0	544.699	-113.041	0	324.729	0	0	
0	[SLPS]	0	544.699	-113.041	0	324.729	0	0	
0	[SLPS]	0	544.159	-112.265	0	324.789	0	0	
0	[SLPS]	0	544.159	-112.265	0	324.789	0	0	
0	[SLPS]	0	543.889	-111.881	0	324.813	0	0	
0	[SLPS]	0	543.619	-111.493	0	324.839	0	0	
0	[SLPS]	0	543.348	-111.105	0	324.864	0	0	
0	[SLPS]	0	543.079	-110.710	0	324.891	0	0	
0	[SLPS]	0	543.079	-110.710	0	324.891	0	0	
0	[SLPS]	0	542.547	-109.952	0	324.924	0	0	
0	[SLPS]	0	542.547	-109.952	0	324.924	0	0	
0	[SLPS]	0	542.273	-109.563	0	324.940	0	0	
0	[SLPS]	0	542.000	-109.171	0	324.962	0	0	
0	[SLPS]	0	542.000	-109.171	0	324.962	0	0	
0	[SLPS]	0	541.459	-108.390	0	325.003	0	0	
0	[SLPS]	0	541.459	-108.390	0	325.003	0	0	
0	[SLPS]	0	541.185	-107.994	0	325.014	0	0	
0	[SLPS]	0	540.912	-107.597	0	325.025	0	0	
0	[SLPS]	0	540.912	-107.597	0	325.025	0	0	
0	[SLPS]	0	540.638	-107.205	0	325.031	0	0	
0	[SLPS]	0	540.361	-106.811	0	325.038	0	0	
0	[SLPS]	0	540.361	-106.811	0	325.038	0	0	
0	[SLPS]	0	539.811	-106.017	0	325.056	0	0	
0	[SLPS]	0	539.811	-106.017	0	325.056	0	0	
0	[SLPS]	0	539.541	-105.619	0	325.066	0	0	
0	[SLPS]	0	539.262	-105.220	0	325.069	0	0	
0	[SLPS]	0	538.983	-104.820	0	325.069	0	0	
0	[SLPS]	0	538.704	-104.419	0	325.064	0	0	
0	[SLPS]	0	538.704	-104.419	0	325.064	0	0	
0	[SLPS]	0	538.151	-103.620	0	325.059	0	0	
0	[SLPS]	0	538.151	-103.620	0	325.059	0	0	
0	[SLPS]	0	537.870	-103.217	0	325.059	0	0	
0	[SLPS]	0	537.592	-102.816	0	325.061	0	0	
0	[SLPS]	0	537.592	-102.816	0	325.061	0	0	
0	[SLPS]	0	537.314	-102.414	0	325.061	0	0	
0	[SLPS]	0	537.040	-102.024	0	325.060	0	0	
0	[SLPS]	0	536.760	-101.619	0	325.058	0	0	
0	[SLPS]	0	536.478	-101.216	0	325.057	0	0	
0	[SLPS]	0	536.478	-101.216	0	325.057	0	0	
0	[SLPS]	0	535.915	-100.413	0	325.054	0	0	
0	[SLPS]	0	535.915	-100.413	0	325.054	0	0	
0	[SLPS]	0	535.633	-100.007	0	325.056	0	0	
0	[SLPS]	0	535.353	-99.599	0	325.060	0	0	
0	[SLPS]	0	535.353	-99.599	0	325.060	0	0	
0	[SLPS]	0	534.784	-98.786	0	325.055	0	0	
0	[SLPS]	0	534.784	-98.786	0	325.055	0	0	
0	[SLPS]	0	534.500	-98.378	0	325.053	0	0	
0	[SLPS]	0	534.217	-97.970	0	325.056	0	0	
0	[SLPS]	0	534.217	-97.970	0	325.056	0	0	
0	[SLPS]	0	533.649	-97.150	0	325.054	0	0	
0	[SLPS]	0	533.649	-97.150	0	325.054	0	0	
0	[SLPS]	0	533.362	-96.742	0	325.051	0	0	
0	[SLPS]	0	533.075	-96.331	0	325.048	0	0	
0	[SLPS]	0	533.075	-96.331	0	325.048	0	0	
0	[SLPS]	0	532.508	-95.509	0	325.061	0	0	
0	[SLPS]	0	532.508	-95.509	0	325.061	0	0	
0	[SLPS]	0	532.221	-95.096	0	325.062	0	0	
0	[SLPS]	0	531.931	-94.682	0	325.057	0	0	
0	[SLPS]	0	531.931	-94.682	0	325.057	0	0	
0	[SLPS]	0	531.373	-93.874	0	325.054	0	0	
0	[SLPS]	0	531.373	-93.874	0	325.054	0	0	
0	[SLPS]	0	531.085	-93.461	0	325.050	0	0	
0	[SLPS]	0	530.799	-93.047	0	325.050	0	0	
0	[SLPS]	0	530.799	-93.047	0	325.050	0	0	
0	[SLPS]	0	530.227	-92.222	0	325.041	0	0	
0	[SLPS]	0	530.227	-92.222	0	325.041	0	0	
0	[SLPS]	0	529.937	-91.808	0	325.036	0	0	
0	[SLPS]	0	529.650	-91.396	0	325.034	0	0	
0	[SLPS]	0	529.650	-91.396	0	325.034	0	0	
0	[SLPS]	0	529.073	-90.573	0	325.020	0	0	
0	[SLPS]	0	529.073	-90.573	0	325.020	0	0	
0	[SLPS]	0	528.785	-90.159	0	325.011	0	0	
0	[SLPS]	0	528.501	-89.742	0	325.010	0	0	
0	[SLPS]	0	528.501	-89.742	0	325.010	0	0	
0	[SLPS]	0	527.918	-88.918	0	324.991	0	0	
0	[SLPS]	0	527.918	-88.918	0	324.991	0	0	
0	[SLPS]	0	527.624	-88.507	0	324.982	0	0	
0	[SLPS]	0	527.339	-88.091	0	324.981	0	0	
0	[SLPS]	0	527.053	-87.679	0	324.980	0	0	
0	[SLPS]	0	526.757	-87.257	0	324.975	0	0	
0	[SLPS]	0	526.757	-87.257	0	324.975	0	0	
0	[SLPS]	0	526.181	-86.433	0	324.962	0	0	
0	[SLPS]	0	526.181	-86.433	0	324.962	0	0	
0	[SLPS]	0	526.181	-86.433	0	324.962	0	0	
0	[SLPS]	0	525.617	-85.626	0	324.953	0	0	
0	[SLPS]	0	525.617	-85.626	0	324.953	0	0	
0	[SLPS]	0	525.327	-85.213	0	324.942	0	0	
0	[SLPS]	0	525.042	-84.800	0	324.942	0	0	
0	[SLPS]	0	524.757	-84.388	0	324.942	0	0	
0	[SLPS]	0	524.468	-83.979	0	324.935	0	0	
0	[SLPS]	0	524.468	-83.979	0	324.935	0	0	
0	[SLPS]	0	523.893	-83.151	0	324.930	0	0	
0	[SLPS]	0	523.893	-83.151	0	324.930	0	0	
0	[SLPS]	0	523.606	-82.739	0	324.928	0	0	
0	[SLPS]	0	523.316	-82.324	0	324.924	0	0	
0	[SLPS]	0	523.316	-82.324	0	324.924	0	0	
0	[SLPS]	0	522.737	-81.494	0	324.916	0	0	
0	[SLPS]	0	522.737	-81.494	0	324.916	0	0	
0	[SLPS]	0	522.455	-81.081	0	324.916	0	0	
0	[SLPS]	0	522.165	-80.665	0	324.915	0	0	
0	[SLPS]	0	522.165	-80.665	0	324.915	0	0	
0	[SLPS]	0	521.592	-79.836	0	324.907	0	0	
0	[SLPS]	0	521.592	-79.836	0	324.907	0	0	
0	[SLPS]	0	521.302	-79.426	0	324.899	0	0	
0	[SLPS]	0	521.013	-79.012	0	324.893	0	0	
0	[SLPS]	0	521.013	-79.012	0	324.893	0	0	
0	[SLPS]	0	520.436	-78.185	0	324.888	0	0	
0	[SLPS]	0	520.436	-78.185	0	324.888	0	0	
0	[SLPS]	0	520.148	-77.773	0	324.884	0	0	
0	[SLPS]	0	519.869	-77.383	0	324.881	0	0	
0	[SLPS]	0	519.869	-77.383	0	324.881	0	0	
0	[SLPS]	0	519.291	-76.556	0	324.870	0	0	
0	[SLPS]	0	519.291	-76.556	0	324.870	0	0	
0	[SLPS]	0	519.006	-76.146	0	324.871	0	0	
0	[SLPS]	0	518.715	-75.735	0	324.865	0	0	
0	[SLPS]	0	518.715	-75.735	0	324.865	0	0	
0	[SLPS]	0	518.137	-74.907	0	324.858	0	0	
0	[SLPS]	0	518.137	-74.907	0	324.858	0	0	
0	[SLPS]	0	517.849	-74.497	0	324.851	0	0	
0	[SLPS]	0	517.560	-74.087	0	324.846	0	0	
0	[SLPS]	0	517.560	-74.087	0	324.846	0	0	
0	[SLPS]	0	516.981	-73.259	0	324.849	0	0	
0	[SLPS]	0	516.981	-73.259	0	324.849	0	0	
0	[SLPS]	0	516.688	-72.854	0	324.837	0	0	
0	[SLPS]	0	516.388	-72.439	0	324.822	0	0	
0	[SLPS]	0	516.099	-72.023	0	324.824	0	0	
0	[SLPS]	0	515.807	-71.609	0	324.824	0	0	
0	[SLPS]	0	515.807	-71.609	0	324.824	0	0	
0	[SLPS]	0	515.227	-70.790	0	324.816	0	0	
0	[SLPS]	0	515.227	-70.790	0	324.816	0	0	
0	[SLPS]	0	514.938	-70.374	0	324.813	0	0	
0	[SLPS]	0	514.650	-69.958	0	324.810	0	0	
0	[SLPS]	0	514.650	-69.958	0	324.810	0	0	
0	[SLPS]	0	514.086	-69.155	0	324.809	0	0	
0	[SLPS]	0	514.086	-69.155	0	324.809	0	0	
0	[SLPS]	0	513.798	-68.737	0	324.809	0	0	
0	[SLPS]	0	513.508	-68.325	0	324.803	0	0	
0	[SLPS]	0	513.508	-68.325	0	324.803	0	0	
0	[SLPS]	0	512.936	-67.504	0	324.798	0	0	
0	[SLPS]	0	512.936	-67.504	0	324.798	0	0	
0	[SLPS]	0	512.648	-67.090	0	324.794	0	0	
0	[SLPS]	0	512.358	-66.680	0	324.791	0	0	
0	[SLPS]	0	512.358	-66.680	0	324.791	0	0	
0	[SLPS]	0	511.784	-65.857	0	324.781	0	0	
0	[SLPS]	0	511.784	-65.857	0	324.781	0	0	
0	[SLPS]	0	511.491	-65.443	0	324.771	0	0	
0	[SLPS]	0	511.202	-65.029	0	324.760	0	0	
0	[SLPS]	0	511.202	-65.029	0	324.760	0	0	
0	[SLPS]	0	510.629	-64.204	0	324.760	0	0	
0	[SLPS]	0	510.629	-64.204	0	324.760	0	0	
0	[SLPS]	0	510.336	-63.791	0	324.756	0	0	
0	[SLPS]	0	510.045	-63.376	0	324.749	0	0	
0	[SLPS]	0	510.045	-63.376	0	324.749	0	0	
0	[SLPS]	0	509.465	-62.553	0	324.737	0	0	
0	[SLPS]	0	509.465	-62.553	0	324.737	0	0	
0	[SLPS]	0	509.175	-62.141	0	324.737	0	0	
0	[SLPS]	0	508.884	-61.730	0	324.732	0	0	
0	[SLPS]	0	508.884	-61.730	0	324.732	0	0	
0	[SLPS]	0	508.311	-60.928	0	324.718	0	0	
0	[SLPS]	0	508.311	-60.928	0	324.718	0	0	
0	[SLPS]	0	508.021	-60.515	0	324.711	0	0	
0	[SLPS]	0	507.733	-60.101	0	324.708	0	0	
0	[SLPS]	0	507.733	-60.101	0	324.708	0	0	
0	[SLPS]	0	507.156	-59.290	0	324.695	0	0	
0	[SLPS]	0	507.156	-59.290	0	324.695	0	0	
0	[SLPS]	0	506.866	-58.878	0	324.685	0	0	
0	[SLPS]	0	506.576	-58.463	0	324.682	0	0	
0	[SLPS]	0	506.576	-58.463	0	324.682	0	0	
0	[SLPS]	0	505.986	-57.635	0	324.666	0	0	
0	[SLPS]	0	505.986	-57.635	0	324.666	0	0	
0	[SLPS]	0	505.699	-57.220	0	324.658	0	0	
0	[SLPS]	0	505.409	-56.811	0	324.646	0	0	
0	[SLPS]	0	505.115	-56.403	0	324.631	0	0	
0	[SLPS]	0	504.825	-55.989	0	324.614	0	0	
0	[SLPS]	0	504.825	-55.989	0	324.614	0	0	
0	[SLPS]	0	504.537	-55.578	0	324.604	0	0	
0	[SLPS]	0	504.247	-55.167	0	324.598	0	0	
0	[SLPS]	0	503.957	-54.760	0	324.587	0	0	
0	[SLPS]	0	503.665	-54.350	0	324.570	0	0	
0	[SLPS]	0	503.665	-54.350	0	324.570	0	0	
0	[SLPS]	0	503.085	-53.528	0	324.546	0	0	
0	[SLPS]	0	503.085	-53.528	0	324.546	0	0	
0	[SLPS]	0	502.795	-53.119	0	324.535	0	0	
0	[SLPS]	0	502.517	-52.730	0	324.525	0	0	
0	[SLPS]	0	502.517	-52.730	0	324.525	0	0	
0	[SLPS]	0	501.939	-51.914	0	324.511	0	0	
0	[SLPS]	0	501.939	-51.914	0	324.511	0	0	
0	[SLPS]	0	501.652	-51.516	0	324.498	0	0	
0	[SLPS]	0	501.366	-51.104	0	324.493	0	0	
0	[SLPS]	0	501.366	-51.104	0	324.493	0	0	
0	[SLPS]	0	501.076	-50.695	0	324.487	0	0	
0	[SLPS]	0	500.785	-50.287	0	324.478	0	0	
0	[SLPS]	0	500.494	-49.883	0	324.476	0	0	
0	[SLPS]	0	500.204	-49.472	0	324.499	0	0	
0	[SLPS]	0	500.204	-49.472	0	324.499	0	0	
0	[SLPS]	0	499.627	-48.658	0	324.596	0	0	
0	[SLPS]	0	499.627	-48.658	0	324.596	0	0	
0	[SLPS]	0	499.342	-48.257	0	324.673	0	0	
0	[SLPS]	0	499.056	-47.849	0	324.749	0	0	
0	[SLPS]	0	499.056	-47.849	0	324.749	0	0	
0	[SLPS]	0	498.484	-47.031	0	324.902	0	0	
0	[SLPS]	0	498.484	-47.031	0	324.902	0	0	
0	[SLPS]	0	498.203	-46.626	0	324.978	0	0	
0	[SLPS]	0	497.922	-46.215	0	325.060	0	0	
0	[SLPS]	0	497.922	-46.215	0	325.060	0	0	
0	[SLPS]	0	497.363	-45.397	0	325.254	0	0	
0	[SLPS]	0	497.363	-45.397	0	325.254	0	0	
0	[SLPS]	0	497.085	-44.992	0	325.359	0	0	
0	[SLPS]	0	496.827	-44.613	0	325.463	0	0	
0	[SLPS]	0	496.827	-44.613	0	325.463	0	0	
0	[SLPS]	0	496.286	-43.810	0	325.680	0	0	
0	[SLPS]	0	496.286	-43.810	0	325.680	0	0	
0	[SLPS]	0	496.021	-43.411	0	325.787	0	0	
0	[SLPS]	0	495.753	-43.015	0	325.884	0	0	
0	[SLPS]	0	495.485	-42.611	0	325.977	0	0	
0	[SLPS]	0	495.225	-42.215	0	326.079	0	0	
0	[SLPS]	0	495.225	-42.215	0	326.079	0	0	
0	[SLPS]	0	494.714	-41.433	0	326.292	0	0	
0	[SLPS]	0	494.714	-41.433	0	326.292	0	0	
0	[SLPS]	0	494.458	-41.047	0	326.399	0	0	
0	[SLPS]	0	494.206	-40.663	0	326.499	0	0	
0	[SLPS]	0	494.206	-40.663	0	326.499	0	0	
0	[SLPS]	0	493.710	-39.884	0	326.699	0	0	
0	[SLPS]	0	493.710	-39.884	0	326.699	0	0	
0	[SLPS]	0	493.468	-39.497	0	326.803	0	0	
0	[SLPS]	0	493.225	-39.116	0	326.907	0	0	
0	[SLPS]	0	493.225	-39.116	0	326.907	0	0	
0	[SLPS]	0	492.741	-38.366	0	327.099	0	0	
0	[SLPS]	0	492.741	-38.366	0	327.099	0	0	
0	[SLPS]	0	492.503	-37.984	0	327.197	0	0	
0	[SLPS]	0	492.263	-37.606	0	327.302	0	0	
0	[SLPS]	0	492.263	-37.606	0	327.302	0	0	
0	[SLPS]	0	491.790	-36.867	0	327.511	0	0	
0	[SLPS]	0	491.790	-36.867	0	327.511	0	0	
0	[SLPS]	0	491.554	-36.491	0	327.614	0	0	
0	[SLPS]	0	491.317	-36.111	0	327.722	0	0	
0	[SLPS]	0	491.317	-36.111	0	327.722	0	0	
0	[SLPS]	0	490.850	-35.356	0	327.977	0	0	
0	[SLPS]	0	490.850	-35.356	0	327.977	0	0	
0	[SLPS]	0	490.620	-34.979	0	328.098	0	0	
0	[SLPS]	0	490.394	-34.604	0	328.218	0	0	
0	[SLPS]	0	490.177	-34.236	0	328.335	0	0	
0	[SLPS]	0	489.947	-33.863	0	328.453	0	0	
0	[SLPS]	0	489.947	-33.863	0	328.453	0	0	
0	[SLPS]	0	489.724	-33.490	0	328.576	0	0	
0	[SLPS]	0	489.505	-33.116	0	328.695	0	0	
0	[SLPS]	0	489.283	-32.748	0	328.822	0	0	
0	[SLPS]	0	489.069	-32.377	0	328.944	0	0	
0	[SLPS]	0	489.069	-32.377	0	328.944	0	0	
0	[SLPS]	0	488.645	-31.643	0	329.185	0	0	
0	[SLPS]	0	488.645	-31.643	0	329.185	0	0	
0	[SLPS]	0	488.431	-31.283	0	329.300	0	0	
0	[SLPS]	0	488.221	-30.917	0	329.418	0	0	
0	[SLPS]	0	488.221	-30.917	0	329.418	0	0	
0	[SLPS]	0	487.807	-30.190	0	329.661	0	0	
0	[SLPS]	0	487.807	-30.190	0	329.661	0	0	
0	[SLPS]	0	487.602	-29.830	0	329.781	0	0	
0	[SLPS]	0	487.404	-29.485	0	329.894	0	0	
0	[SLPS]	0	487.404	-29.485	0	329.894	0	0	
0	[SLPS]	0	486.992	-28.761	0	330.112	0	0	
0	[SLPS]	0	486.992	-28.761	0	330.112	0	0	
0	[SLPS]	0	486.796	-28.410	0	330.214	0	0	
0	[SLPS]	0	486.600	-28.056	0	330.313	0	0	
0	[SLPS]	0	486.600	-28.056	0	330.313	0	0	
0	[SLPS]	0	486.205	-27.352	0	330.481	0	0	
0	[SLPS]	0	486.205	-27.352	0	330.481	0	0	
0	[SLPS]	0	486.011	-27.004	0	330.555	0	0	
0	[SLPS]	0	485.821	-26.655	0	330.624	0	0	
0	[SLPS]	0	485.821	-26.655	0	330.624	0	0	
0	[SLPS]	0	485.437	-25.963	0	330.761	0	0	
0	[SLPS]	0	485.437	-25.963	0	330.761	0	0	
0	[SLPS]	0	485.245	-25.626	0	330.816	0	0	
0	[SLPS]	0	485.056	-25.282	0	330.871	0	0	
0	[SLPS]	0	485.056	-25.282	0	330.871	0	0	
0	[SLPS]	0	484.682	-24.606	0	330.978	0	0	
0	[SLPS]	0	484.682	-24.606	0	330.978	0	0	
0	[SLPS]	0	484.495	-24.270	0	331.025	0	0	
0	[SLPS]	0	484.311	-23.929	0	331.073	0	0	
0	[SLPS]	0	484.311	-23.929	0	331.073	0	0	
0	[SLPS]	0	483.943	-23.247	0	331.153	0	0	
0	[SLPS]	0	483.943	-23.247	0	331.153	0	0	
0	[SLPS]	0	483.761	-22.912	0	331.171	0	0	
0	[SLPS]	0	483.582	-22.599	0	331.170	0	0	
0	[SLPS]	0	483.582	-22.599	0	331.170	0	0	
0	[SLPS]	0	483.214	-21.936	0	331.139	0	0	
0	[SLPS]	0	483.214	-21.936	0	331.139	0	0	
0	[SLPS]	0	483.038	-21.604	0	331.132	0	0	
0	[SLPS]	0	482.862	-21.272	0	331.118	0	0	
0	[SLPS]	0	482.862	-21.272	0	331.118	0	0	
0	[SLPS]	0	482.497	-20.622	0	331.053	0	0	
0	[SLPS]	0	482.497	-20.622	0	331.053	0	0	
0	[SLPS]	0	482.322	-20.303	0	331.018	0	0	
0	[SLPS]	0	482.143	-19.978	0	330.975	0	0	
0	[SLPS]	0	482.143	-19.978	0	330.975	0	0	
0	[SLPS]	0	481.785	-19.336	0	330.887	0	0	
0	[SLPS]	0	481.785	-19.336	0	330.887	0	0	
0	[SLPS]	0	481.606	-19.020	0	330.847	0	0	
0	[SLPS]	0	481.432	-18.700	0	330.808	0	0	
0	[SLPS]	0	481.432	-18.700	0	330.808	0	0	
0	[SLPS]	0	481.086	-18.062	0	330.723	0	0	
0	[SLPS]	0	481.086	-18.062	0	330.723	0	0	
0	[SLPS]	0	480.909	-17.751	0	330.674	0	0	
0	[SLPS]	0	480.734	-17.438	0	330.622	0	0	
0	[SLPS]	0	480.734	-17.438	0	330.622	0	0	
0	[SLPS]	0	480.381	-16.806	0	330.510	0	0	
0	[SLPS]	0	480.381	-16.806	0	330.510	0	0	
0	[SLPS]	0	480.206	-16.497	0	330.433	0	0	
0	[SLPS]	0	480.041	-16.201	0	330.336	0	0	
0	[SLPS]	0	480.041	-16.201	0	330.336	0	0	
0	[SLPS]	0	479.693	-15.587	0	330.107	0	0	
0	[SLPS]	0	479.693	-15.587	0	330.107	0	0	
0	[SLPS]	0	479.521	-15.289	0	329.994	0	0	
0	[SLPS]	0	479.343	-14.988	0	329.870	0	0	
0	[SLPS]	0	479.161	-14.685	0	329.738	0	0	
0	[SLPS]	0	478.980	-14.390	0	329.604	0	0	
0	[SLPS]	0	478.980	-14.390	0	329.604	0	0	
0	[SLPS]	0	478.631	-13.803	0	329.338	0	0	
0	[SLPS]	0	478.631	-13.803	0	329.338	0	0	
0	[SLPS]	0	478.455	-13.508	0	329.213	0	0	
0	[SLPS]	0	478.280	-13.219	0	329.085	0	0	
0	[SLPS]	0	478.280	-13.219	0	329.085	0	0	
0	[SLPS]	0	477.932	-12.654	0	328.816	0	0	
0	[SLPS]	0	477.932	-12.654	0	328.816	0	0	
0	[SLPS]	0	477.757	-12.369	0	328.684	0	0	
0	[SLPS]	0	477.583	-12.090	0	328.557	0	0	
0	[SLPS]	0	477.583	-12.090	0	328.557	0	0	
0	[SLPS]	0	477.408	-11.810	0	328.424	0	0	
0	[SLPS]	0	477.233	-11.532	0	328.298	0	0	
0	[SLPS]	0	477.059	-11.253	0	328.169	0	0	
0	[SLPS]	0	476.879	-10.975	0	328.041	0	0	
0	[SLPS]	0	476.879	-10.975	0	328.041	0	0	
0	[SLPS]	0	476.539	-10.433	0	327.791	0	0	
0	[SLPS]	0	476.539	-10.433	0	327.791	0	0	
0	[SLPS]	0	476.367	-10.155	0	327.672	0	0	
0	[SLPS]	0	476.189	-9.879	0	327.566	0	0	
0	[SLPS]	0	476.189	-9.879	0	327.566	0	0	
0	[SLPS]	0	475.834	-9.331	0	327.346	0	0	
0	[SLPS]	0	475.834	-9.331	0	327.346	0	0	
0	[SLPS]	0	475.655	-9.060	0	327.235	0	0	
0	[SLPS]	0	475.475	-8.785	0	327.127	0	0	
0	[SLPS]	0	475.475	-8.785	0	327.127	0	0	
0	[SLPS]	0	475.128	-8.237	0	326.917	0	0	
0	[SLPS]	0	475.128	-8.237	0	326.917	0	0	
0	[SLPS]	0	474.953	-7.964	0	326.818	0	0	
0	[SLPS]	0	474.773	-7.694	0	326.727	0	0	
0	[SLPS]	0	474.773	-7.694	0	326.727	0	0	
0	[SLPS]	0	474.412	-7.158	0	326.565	0	0	
0	[SLPS]	0	474.412	-7.158	0	326.565	0	0	
0	[SLPS]	0	474.227	-6.885	0	326.497	0	0	
0	[SLPS]	0	474.057	-6.621	0	326.435	0	0	
0	[SLPS]	0	474.057	-6.621	0	326.435	0	0	
0	[SLPS]	0	473.696	-6.089	0	326.328	0	0	
0	[SLPS]	0	473.696	-6.089	0	326.328	0	0	
0	[SLPS]	0	473.518	-5.827	0	326.275	0	0	
0	[SLPS]	0	473.345	-5.566	0	326.222	0	0	
0	[SLPS]	0	473.345	-5.566	0	326.222	0	0	
0	[SLPS]	0	473.003	-5.059	0	326.128	0	0	
0	[SLPS]	0	473.003	-5.059	0	326.128	0	0	
0	[SLPS]	0	472.828	-4.801	0	326.081	0	0	
0	[SLPS]	0	472.655	-4.542	0	326.034	0	0	
0	[SLPS]	0	472.486	-4.290	0	325.985	0	0	
0	[SLPS]	0	472.316	-4.034	0	325.937	0	0	
0	[SLPS]	0	472.316	-4.034	0	325.937	0	0	
0	[SLPS]	0	471.970	-3.523	0	325.840	0	0	
0	[SLPS]	0	471.970	-3.523	0	325.840	0	0	
0	[SLPS]	0	471.797	-3.269	0	325.786	0	0	
0	[SLPS]	0	471.624	-3.011	0	325.739	0	0	
0	[SLPS]	0	471.624	-3.011	0	325.739	0	0	
0	[SLPS]	0	471.272	-2.500	0	325.629	0	0	
0	[SLPS]	0	471.272	-2.500	0	325.629	0	0	
0	[SLPS]	0	471.099	-2.248	0	325.577	0	0	
0	[SLPS]	0	470.923	-1.992	0	325.525	0	0	
0	[SLPS]	0	470.923	-1.992	0	325.525	0	0	
0	[SLPS]	0	470.569	-1.482	0	325.433	0	0	
0	[SLPS]	0	470.569	-1.482	0	325.433	0	0	
0	[SLPS]	0	470.395	-1.228	0	325.387	0	0	
0	[SLPS]	0	470.219	-0.972	0	325.335	0	0	
0	[SLPS]	0	470.219	-0.972	0	325.335	0	0	
0	[SLPS]	0	469.867	-0.460	0	325.239	0	0	
0	[SLPS]	0	469.867	-0.460	0	325.239	0	0	
0	[SLPS]	0	469.691	-0.207	0	325.210	0	0	
0	[SLPS]	0	469.524	0.032	0	325.190	0	0	
0	[SLPS]	0	469.524	0.032	0	325.190	0	0	
0	[SLPS]	0	469.168	0.538	0	325.170	0	0	
0	[SLPS]	0	469.168	0.538	0	325.170	0	0	
0	[SLPS]	0	468.994	0.787	0	325.160	0	0	
0	[SLPS]	0	468.820	1.038	0	325.151	0	0	
0	[SLPS]	0	468.820	1.038	0	325.151	0	0	
0	[SLPS]	0	468.463	1.552	0	325.129	0	0	
0	[SLPS]	0	468.463	1.552	0	325.129	0	0	
0	[SLPS]	0	468.288	1.808	0	325.131	0	0	
0	[SLPS]	0	468.110	2.068	0	325.136	0	0	
0	[SLPS]	0	468.110	2.068	0	325.136	0	0	
0	[SLPS]	0	467.741	2.596	0	325.116	0	0	
0	[SLPS]	0	467.741	2.596	0	325.116	0	0	
0	[SLPS]	0	467.563	2.859	0	325.109	0	0	
0	[SLPS]	0	467.374	3.123	0	325.099	0	0	
0	[SLPS]	0	467.189	3.390	0	325.095	0	0	
0	[SLPS]	0	467.003	3.659	0	325.089	0	0	
0	[SLPS]	0	467.003	3.659	0	325.089	0	0	
0	[SLPS]	0	466.626	4.205	0	325.074	0	0	
0	[SLPS]	0	466.626	4.205	0	325.074	0	0	
0	[SLPS]	0	466.431	4.479	0	325.056	0	0	
0	[SLPS]	0	466.237	4.759	0	325.035	0	0	
0	[SLPS]	0	466.237	4.759	0	325.035	0	0	
0	[SLPS]	0	465.855	5.304	0	324.989	0	0	
0	[SLPS]	0	465.855	5.304	0	324.989	0	0	
0	[SLPS]	0	465.659	5.589	0	324.971	0	0	
0	[SLPS]	0	465.457	5.879	0	324.938	0	0	
0	[SLPS]	0	465.457	5.879	0	324.938	0	0	
0	[SLPS]	0	465.058	6.449	0	324.871	0	0	
0	[SLPS]	0	465.058	6.449	0	324.871	0	0	
0	[SLPS]	0	464.853	6.741	0	324.838	0	0	
0	[SLPS]	0	464.646	7.032	0	324.799	0	0	
0	[SLPS]	0	464.646	7.032	0	324.799	0	0	
0	[SLPS]	0	464.238	7.611	0	324.732	0	0	
0	[SLPS]	0	464.238	7.611	0	324.732	0	0	
0	[SLPS]	0	464.029	7.903	0	324.691	0	0	
0	[SLPS]	0	463.822	8.194	0	324.652	0	0	
0	[SLPS]	0	463.822	8.194	0	324.652	0	0	
0	[SLPS]	0	463.410	8.772	0	324.577	0	0	
0	[SLPS]	0	463.410	8.772	0	324.577	0	0	
0	[SLPS]	0	463.205	9.061	0	324.542	0	0	
0	[SLPS]	0	462.996	9.349	0	324.504	0	0	
0	[SLPS]	0	462.996	9.349	0	324.504	0	0	
0	[SLPS]	0	462.590	9.922	0	324.430	0	0	
0	[SLPS]	0	462.590	9.922	0	324.430	0	0	
0	[SLPS]	0	462.379	10.210	0	324.391	0	0	
0	[SLPS]	0	462.170	10.502	0	324.351	0	0	
0	[SLPS]	0	462.170	10.502	0	324.351	0	0	
0	[SLPS]	0	461.762	11.064	0	324.265	0	0	
0	[SLPS]	0	461.762	11.064	0	324.265	0	0	
0	[SLPS]	0	461.552	11.353	0	324.221	0	0	
0	[SLPS]	0	461.341	11.641	0	324.173	0	0	
0	[SLPS]	0	461.341	11.641	0	324.173	0	0	
0	[SLPS]	0	460.927	12.221	0	324.114	0	0	
0	[SLPS]	0	460.927	12.221	0	324.114	0	0	
0	[SLPS]	0	460.713	12.513	0	324.088	0	0	
0	[SLPS]	0	460.499	12.812	0	324.082	0	0	
0	[SLPS]	0	460.499	12.812	0	324.082	0	0	
0	[SLPS]	0	460.078	13.392	0	324.028	0	0	
0	[SLPS]	0	460.078	13.392	0	324.028	0	0	
0	[SLPS]	0	459.865	13.686	0	324.013	0	0	
0	[SLPS]	0	459.654	13.977	0	324.007	0	0	
0	[SLPS]	0	459.654	13.977	0	324.007	0	0	
0	[SLPS]	0	459.236	14.565	0	324.045	0	0	
0	[SLPS]	0	459.236	14.565	0	324.045	0	0	
0	[SLPS]	0	459.027	14.862	0	324.047	0	0	
0	[SLPS]	0	458.821	15.154	0	324.024	0	0	
0	[SLPS]	0	458.606	15.443	0	324.000	0	0	
0	[SLPS]	0	458.392	15.738	0	324.003	0	0	
0	[SLPS]	0	458.392	15.738	0	324.003	0	0	
0	[SLPS]	0	457.975	16.329	0	324.030	0	0	
0	[SLPS]	0	457.975	16.329	0	324.030	0	0	
0	[SLPS]	0	457.764	16.622	0	324.033	0	0	
0	[SLPS]	0	457.568	16.898	0	324.036	0	0	
0	[SLPS]	0	457.568	16.898	0	324.036	0	0	
0	[SLPS]	0	457.143	17.483	0	324.016	0	0	
0	[SLPS]	0	457.143	17.483	0	324.016	0	0	
0	[SLPS]	0	456.931	17.773	0	324.007	0	0	
0	[SLPS]	0	456.720	18.068	0	324.002	0	0	
0	[SLPS]	0	456.720	18.068	0	324.002	0	0	
0	[SLPS]	0	456.290	18.661	0	323.991	0	0	
0	[SLPS]	0	456.290	18.661	0	323.991	0	0	
0	[SLPS]	0	456.077	18.954	0	323.975	0	0	
0	[SLPS]	0	455.864	19.253	0	323.962	0	0	
0	[SLPS]	0	455.864	19.253	0	323.962	0	0	
0	[SLPS]	0	455.431	19.847	0	323.932	0	0	
0	[SLPS]	0	455.431	19.847	0	323.932	0	0	
0	[SLPS]	0	455.215	20.143	0	323.924	0	0	
0	[SLPS]	0	454.997	20.441	0	323.905	0	0	
0	[SLPS]	0	454.997	20.441	0	323.905	0	0	
0	[SLPS]	0	454.561	21.032	0	323.862	0	0	
0	[SLPS]	0	454.561	21.032	0	323.862	0	0	
0	[SLPS]	0	454.341	21.326	0	323.845	0	0	
0	[SLPS]	0	454.121	21.626	0	323.829	0	0	
0	[SLPS]	0	454.121	21.626	0	323.829	0	0	
0	[SLPS]	0	453.686	22.227	0	323.821	0	0	
0	[SLPS]	0	453.686	22.227	0	323.821	0	0	
0	[SLPS]	0	453.467	22.526	0	323.812	0	0	
0	[SLPS]	0	453.257	22.808	0	323.798	0	0	
0	[SLPS]	0	453.257	22.808	0	323.798	0	0	
0	[SLPS]	0	452.814	23.417	0	323.778	0	0	
0	[SLPS]	0	452.814	23.417	0	323.778	0	0	
0	[SLPS]	0	452.597	23.715	0	323.760	0	0	
0	[SLPS]	0	452.375	24.017	0	323.731	0	0	
0	[SLPS]	0	452.375	24.017	0	323.731	0	0	
0	[SLPS]	0	451.932	24.623	0	323.676	0	0	
0	[SLPS]	0	451.932	24.623	0	323.676	0	0	
0	[SLPS]	0	451.714	24.923	0	323.651	0	0	
0	[SLPS]	0	451.490	25.227	0	323.629	0	0	
0	[SLPS]	0	451.269	25.529	0	323.617	0	0	
0	[SLPS]	0	451.048	25.837	0	323.607	0	0	
0	[SLPS]	0	451.048	25.837	0	323.607	0	0	
0	[SLPS]	0	450.599	26.446	0	323.572	0	0	
0	[SLPS]	0	450.599	26.446	0	323.572	0	0	
0	[SLPS]	0	450.374	26.751	0	323.552	0	0	
0	[SLPS]	0	450.147	27.057	0	323.535	0	0	
0	[SLPS]	0	450.147	27.057	0	323.535	0	0	
0	[SLPS]	0	449.695	27.669	0	323.549	0	0	
0	[SLPS]	0	449.695	27.669	0	323.549	0	0	
0	[SLPS]	0	449.470	27.976	0	323.576	0	0	
0	[SLPS]	0	449.242	28.282	0	323.608	0	0	
0	[SLPS]	0	449.242	28.282	0	323.608	0	0	
0	[SLPS]	0	448.804	28.880	0	323.650	0	0	
0	[SLPS]	0	448.804	28.880	0	323.650	0	0	
0	[SLPS]	0	448.577	29.187	0	323.659	0	0	
0	[SLPS]	0	448.351	29.494	0	323.673	0	0	
0	[SLPS]	0	448.351	29.494	0	323.673	0	0	
0	[SLPS]	0	447.906	30.107	0	323.707	0	0	
0	[SLPS]	0	447.906	30.107	0	323.707	0	0	
0	[SLPS]	0	447.679	30.420	0	323.717	0	0	
0	[SLPS]	0	447.455	30.733	0	323.727	0	0	
0	[SLPS]	0	447.455	30.733	0	323.727	0	0	
0	[SLPS]	0	447.006	31.354	0	323.739	0	0	
0	[SLPS]	0	447.006	31.354	0	323.739	0	0	
0	[SLPS]	0	446.778	31.669	0	323.737	0	0	
0	[SLPS]	0	446.549	31.982	0	323.738	0	0	
0	[SLPS]	0	446.549	31.982	0	323.738	0	0	
0	[SLPS]	0	446.091	32.601	0	323.730	0	0	
0	[SLPS]	0	446.091	32.601	0	323.730	0	0	
0	[SLPS]	0	445.861	32.914	0	323.733	0	0	
0	[SLPS]	0	445.628	33.231	0	323.740	0	0	
0	[SLPS]	0	445.628	33.231	0	323.740	0	0	
0	[SLPS]	0	445.168	33.865	0	323.769	0	0	
0	[SLPS]	0	445.168	33.865	0	323.769	0	0	
0	[SLPS]	0	444.935	34.184	0	323.777	0	0	
0	[SLPS]	0	444.697	34.511	0	323.767	0	0	
0	[SLPS]	0	444.697	34.511	0	323.767	0	0	
0	[SLPS]	0	444.248	35.127	0	323.753	0	0	
0	[SLPS]	0	444.248	35.127	0	323.753	0	0	
0	[SLPS]	0	444.016	35.445	0	323.752	0	0	
0	[SLPS]	0	443.782	35.762	0	323.751	0	0	
0	[SLPS]	0	443.782	35.762	0	323.751	0	0	
0	[SLPS]	0	443.318	36.394	0	323.743	0	0	
0	[SLPS]	0	443.318	36.394	0	323.743	0	0	
0	[SLPS]	0	443.083	36.715	0	323.746	0	0	
0	[SLPS]	0	442.849	37.037	0	323.755	0	0	
0	[SLPS]	0	442.849	37.037	0	323.755	0	0	
0	[SLPS]	0	442.383	37.677	0	323.760	0	0	
0	[SLPS]	0	442.383	37.677	0	323.760	0	0	
0	[SLPS]	0	442.144	38.001	0	323.728	0	0	
0	[SLPS]	0	441.908	38.328	0	323.676	0	0	
0	[SLPS]	0	441.669	38.657	0	323.590	0	0	
0	[SLPS]	0	441.431	38.986	0	323.485	0	0	
0	[SLPS]	0	441.431	38.986	0	323.485	0	0	
0	[SLPS]	0	440.952	39.644	0	323.220	0	0	
0	[SLPS]	0	440.952	39.644	0	323.220	0	0	
0	[SLPS]	0	440.712	39.969	0	323.065	0	0	
0	[SLPS]	0	440.467	40.293	0	322.894	0	0	
0	[SLPS]	0	440.467	40.293	0	322.894	0	0	
0	[SLPS]	0	439.970	40.936	0	322.513	0	0	
0	[SLPS]	0	439.970	40.936	0	322.513	0	0	
0	[SLPS]	0	439.723	41.258	0	322.301	0	0	
0	[SLPS]	0	439.479	41.557	0	322.082	0	0	
0	[SLPS]	0	439.479	41.557	0	322.082	0	0	
0	[SLPS]	0	438.975	42.187	0	321.640	0	0	
0	[SLPS]	0	438.975	42.187	0	321.640	0	0	
0	[SLPS]	0	438.722	42.492	0	321.413	0	0	
0	[SLPS]	0	438.464	42.801	0	321.183	0	0	
0	[SLPS]	0	438.464	42.801	0	321.183	0	0	
0	[SLPS]	0	437.947	43.420	0	320.731	0	0	
0	[SLPS]	0	437.947	43.420	0	320.731	0	0	
0	[SLPS]	0	437.689	43.722	0	320.507	0	0	
0	[SLPS]	0	437.427	44.030	0	320.277	0	0	
0	[SLPS]	0	437.427	44.030	0	320.277	0	0	
0	[SLPS]	0	436.895	44.644	0	319.830	0	0	
0	[SLPS]	0	436.895	44.644	0	319.830	0	0	
0	[SLPS]	0	436.633	44.950	0	319.610	0	0	
0	[SLPS]	0	436.371	45.258	0	319.402	0	0	
0	[SLPS]	0	436.371	45.258	0	319.402	0	0	
0	[SLPS]	0	435.832	45.876	0	318.980	0	0	
0	[SLPS]	0	435.832	45.876	0	318.980	0	0	
0	[SLPS]	0	435.566	46.178	0	318.774	0	0	
0	[SLPS]	0	435.295	46.478	0	318.559	0	0	
0	[SLPS]	0	435.295	46.478	0	318.559	0	0	
0	[SLPS]	0	434.756	47.077	0	318.145	0	0	
0	[SLPS]	0	434.756	47.077	0	318.145	0	0	
0	[SLPS]	0	434.485	47.374	0	317.949	0	0	
0	[SLPS]	0	434.231	47.647	0	317.766	0	0	
0	[SLPS]	0	434.231	47.647	0	317.766	0	0	
0	[SLPS]	0	433.688	48.229	0	317.433	0	0	
0	[SLPS]	0	433.688	48.229	0	317.433	0	0	
0	[SLPS]	0	433.421	48.510	0	317.285	0	0	
0	[SLPS]	0	433.150	48.797	0	317.157	0	0	
0	[SLPS]	0	433.150	48.797	0	317.157	0	0	
0	[SLPS]	0	432.613	49.366	0	316.952	0	0	
0	[SLPS]	0	432.613	49.366	0	316.952	0	0	
0	[SLPS]	0	432.348	49.647	0	316.876	0	0	
0	[SLPS]	0	432.076	49.932	0	316.830	0	0	
0	[SLPS]	0	432.076	49.932	0	316.830	0	0	
0	[SLPS]	0	431.535	50.505	0	316.734	0	0	
0	[SLPS]	0	431.535	50.505	0	316.734	0	0	
0	[SLPS]	0	431.269	50.793	0	316.706	0	0	
0	[SLPS]	0	430.997	51.079	0	316.664	0	0	
0	[SLPS]	0	430.724	51.369	0	316.642	0	0	
0	[SLPS]	0	430.455	51.663	0	316.618	0	0	
0	[SLPS]	0	430.455	51.663	0	316.618	0	0	
0	[SLPS]	0	429.910	52.236	0	316.543	0	0	
0	[SLPS]	0	429.910	52.236	0	316.543	0	0	
0	[SLPS]	0	429.639	52.525	0	316.520	0	0	
0	[SLPS]	0	429.371	52.813	0	316.503	0	0	
0	[SLPS]	0	429.371	52.813	0	316.503	0	0	
0	[SLPS]	0	428.836	53.360	0	316.502	0	0	
0	[SLPS]	0	428.836	53.360	0	316.502	0	0	
0	[SLPS]	0	428.562	53.642	0	316.491	0	0	
0	[SLPS]	0	428.295	53.931	0	316.507	0	0	
0	[SLPS]	0	428.295	53.931	0	316.507	0	0	
0	[SLPS]	0	427.769	54.503	0	316.607	0	0	
0	[SLPS]	0	427.769	54.503	0	316.607	0	0	
0	[SLPS]	0	427.502	54.791	0	316.696	0	0	
0	[SLPS]	0	427.229	55.074	0	316.735	0	0	
0	[SLPS]	0	427.229	55.074	0	316.735	0	0	
0	[SLPS]	0	426.700	55.642	0	316.758	0	0	
0	[SLPS]	0	426.700	55.642	0	316.758	0	0	
0	[SLPS]	0	426.437	55.929	0	316.815	0	0	
0	[SLPS]	0	426.178	56.215	0	316.914	0	0	
0	[SLPS]	0	426.178	56.215	0	316.914	0	0	
0	[SLPS]	0	425.654	56.802	0	317.121	0	0	
0	[SLPS]	0	425.654	56.802	0	317.121	0	0	
0	[SLPS]	0	425.389	57.085	0	317.187	0	0	
0	[SLPS]	0	425.124	57.369	0	317.262	0	0	
0	[SLPS]	0	425.124	57.369	0	317.262	0	0	
0	[SLPS]	0	424.613	57.940	0	317.477	0	0	
0	[SLPS]	0	424.613	57.940	0	317.477	0	0	
0	[SLPS]	0	424.357	58.226	0	317.616	0	0	
0	[SLPS]	0	424.103	58.517	0	317.758	0	0	
0	[SLPS]	0	424.103	58.517	0	317.758	0	0	
0	[SLPS]	0	423.596	59.070	0	318.013	0	0	
0	[SLPS]	0	423.596	59.070	0	318.013	0	0	
0	[SLPS]	0	423.346	59.359	0	318.132	0	0	
0	[SLPS]	0	423.087	59.647	0	318.250	0	0	
0	[SLPS]	0	423.087	59.647	0	318.250	0	0	
0	[SLPS]	0	422.595	60.227	0	318.481	0	0	
0	[SLPS]	0	422.595	60.227	0	318.481	0	0	
0	[SLPS]	0	422.343	60.516	0	318.576	0	0	
0	[SLPS]	0	422.089	60.797	0	318.660	0	0	
0	[SLPS]	0	422.089	60.797	0	318.660	0	0	
0	[SLPS]	0	421.594	61.375	0	318.800	0	0	
0	[SLPS]	0	421.594	61.375	0	318.800	0	0	
0	[SLPS]	0	421.352	61.666	0	318.865	0	0	
0	[SLPS]	0	421.104	61.952	0	318.926	0	0	
0	[SLPS]	0	421.104	61.952	0	318.926	0	0	
0	[SLPS]	0	420.617	62.523	0	319.039	0	0	
0	[SLPS]	0	420.617	62.523	0	319.039	0	0	
0	[SLPS]	0	420.370	62.820	0	319.096	0	0	
0	[SLPS]	0	420.122	63.108	0	319.154	0	0	
0	[SLPS]	0	419.872	63.389	0	319.213	0	0	
0	[SLPS]	0	419.636	63.682	0	319.272	0	0	
0	[SLPS]	0	419.636	63.682	0	319.272	0	0	
0	[SLPS]	0	419.145	64.263	0	319.392	0	0	
0	[SLPS]	0	419.145	64.263	0	319.392	0	0	
0	[SLPS]	0	418.901	64.543	0	319.446	0	0	
0	[SLPS]	0	418.653	64.831	0	319.494	0	0	
0	[SLPS]	0	418.653	64.831	0	319.494	0	0	
0	[SLPS]	0	418.169	65.408	0	319.604	0	0	
0	[SLPS]	0	418.169	65.408	0	319.604	0	0	
0	[SLPS]	0	417.927	65.692	0	319.666	0	0	
0	[SLPS]	0	417.685	65.980	0	319.731	0	0	
0	[SLPS]	0	417.685	65.980	0	319.731	0	0	
0	[SLPS]	0	417.199	66.560	0	319.841	0	0	
0	[SLPS]	0	417.199	66.560	0	319.841	0	0	
0	[SLPS]	0	416.954	66.851	0	319.890	0	0	
0	[SLPS]	0	416.712	67.138	0	319.938	0	0	
0	[SLPS]	0	416.712	67.138	0	319.938	0	0	
0	[SLPS]	0	416.236	67.724	0	320.059	0	0	
0	[SLPS]	0	416.236	67.724	0	320.059	0	0	
0	[SLPS]	0	415.997	68.013	0	320.117	0	0	
0	[SLPS]	0	415.759	68.304	0	320.163	0	0	
0	[SLPS]	0	415.759	68.304	0	320.163	0	0	
0	[SLPS]	0	415.282	68.888	0	320.256	0	0	
0	[SLPS]	0	415.282	68.888	0	320.256	0	0	
0	[SLPS]	0	415.048	69.174	0	320.313	0	0	
0	[SLPS]	0	414.810	69.467	0	320.370	0	0	
0	[SLPS]	0	414.810	69.467	0	320.370	0	0	
0	[SLPS]	0	414.330	70.046	0	320.461	0	0	
0	[SLPS]	0	414.330	70.046	0	320.461	0	0	
0	[SLPS]	0	414.098	70.330	0	320.514	0	0	
0	[SLPS]	0	413.861	70.626	0	320.574	0	0	
0	[SLPS]	0	413.861	70.626	0	320.574	0	0	
0	[SLPS]	0	413.388	71.207	0	320.695	0	0	
0	[SLPS]	0	413.388	71.207	0	320.695	0	0	
0	[SLPS]	0	413.157	71.495	0	320.751	0	0	
0	[SLPS]	0	412.920	71.789	0	320.795	0	0	
0	[SLPS]	0	412.920	71.789	0	320.795	0	0	
0	[SLPS]	0	412.445	72.377	0	320.885	0	0	
0	[SLPS]	0	412.445	72.377	0	320.885	0	0	
0	[SLPS]	0	412.213	72.668	0	320.936	0	0	
0	[SLPS]	0	411.977	72.964	0	320.982	0	0	
0	[SLPS]	0	411.977	72.964	0	320.982	0	0	
0	[SLPS]	0	411.504	73.553	0	321.031	0	0	
0	[SLPS]	0	411.504	73.553	0	321.031	0	0	
0	[SLPS]	0	411.274	73.848	0	321.039	0	0	
0	[SLPS]	0	411.034	74.142	0	321.028	0	0	
0	[SLPS]	0	411.034	74.142	0	321.028	0	0	
0	[SLPS]	0	410.560	74.740	0	321.037	0	0	
0	[SLPS]	0	410.560	74.740	0	321.037	0	0	
0	[SLPS]	0	410.324	75.032	0	321.032	0	0	
0	[SLPS]	0	410.084	75.329	0	321.028	0	0	
0	[SLPS]	0	410.084	75.329	0	321.028	0	0	
0	[SLPS]	0	409.606	75.924	0	321.023	0	0	
0	[SLPS]	0	409.606	75.924	0	321.023	0	0	
0	[SLPS]	0	409.370	76.216	0	321.019	0	0	
0	[SLPS]	0	409.129	76.512	0	321.023	0	0	
0	[SLPS]	0	409.129	76.512	0	321.023	0	0	
0	[SLPS]	0	408.653	77.107	0	321.050	0	0	
0	[SLPS]	0	408.653	77.107	0	321.050	0	0	
0	[SLPS]	0	408.411	77.406	0	321.090	0	0	
0	[SLPS]	0	408.172	77.707	0	321.146	0	0	
0	[SLPS]	0	408.172	77.707	0	321.146	0	0	
0	[SLPS]	0	407.692	78.299	0	321.277	0	0	
0	[SLPS]	0	407.692	78.299	0	321.277	0	0	
0	[SLPS]	0	407.458	78.592	0	321.343	0	0	
0	[SLPS]	0	407.224	78.896	0	321.408	0	0	
0	[SLPS]	0	406.987	79.196	0	321.470	0	0	
0	[SLPS]	0	406.751	79.497	0	321.533	0	0	
0	[SLPS]	0	406.751	79.497	0	321.533	0	0	
0	[SLPS]	0	406.283	80.097	0	321.650	0	0	
0	[SLPS]	0	406.283	80.097	0	321.650	0	0	
0	[SLPS]	0	406.048	80.401	0	321.705	0	0	
0	[SLPS]	0	405.814	80.706	0	321.761	0	0	
0	[SLPS]	0	405.814	80.706	0	321.761	0	0	
0	[SLPS]	0	405.586	81.004	0	321.820	0	0	
0	[SLPS]	0	405.348	81.307	0	321.874	0	0	
0	[SLPS]	0	405.112	81.611	0	321.927	0	0	
0	[SLPS]	0	404.881	81.917	0	321.975	0	0	
0	[SLPS]	0	404.881	81.917	0	321.975	0	0	
0	[SLPS]	0	404.651	82.214	0	322.018	0	0	
0	[SLPS]	0	404.413	82.521	0	322.058	0	0	
0	[SLPS]	0	404.181	82.831	0	322.110	0	0	
0	[SLPS]	0	403.947	83.134	0	322.145	0	0	
0	[SLPS]	0	403.947	83.134	0	322.145	0	0	
0	[SLPS]	0	403.482	83.742	0	322.207	0	0	
0	[SLPS]	0	403.482	83.742	0	322.207	0	0	
0	[SLPS]	0	403.249	84.050	0	322.236	0	0	
0	[SLPS]	0	403.012	84.354	0	322.259	0	0	
0	[SLPS]	0	403.012	84.354	0	322.259	0	0	
0	[SLPS]	0	402.549	84.953	0	322.305	0	0	
0	[SLPS]	0	402.549	84.953	0	322.305	0	0	
0	[SLPS]	0	402.317	85.258	0	322.335	0	0	
0	[SLPS]	0	402.078	85.564	0	322.361	0	0	
0	[SLPS]	0	402.078	85.564	0	322.361	0	0	
0	[SLPS]	0	401.612	86.172	0	322.411	0	0	
0	[SLPS]	0	401.612	86.172	0	322.411	0	0	
0	[SLPS]	0	401.374	86.477	0	322.428	0	0	
0	[SLPS]	0	401.139	86.785	0	322.447	0	0	
0	[SLPS]	0	401.139	86.785	0	322.447	0	0	
0	[SLPS]	0	400.676	87.391	0	322.483	0	0	
0	[SLPS]	0	400.676	87.391	0	322.483	0	0	
0	[SLPS]	0	400.443	87.699	0	322.510	0	0	
0	[SLPS]	0	400.211	88.007	0	322.529	0	0	
0	[SLPS]	0	400.211	88.007	0	322.529	0	0	
0	[SLPS]	0	399.742	88.621	0	322.560	0	0	
0	[SLPS]	0	399.742	88.621	0	322.560	0	0	
0	[SLPS]	0	399.507	88.927	0	322.563	0	0	
0	[SLPS]	0	399.278	89.235	0	322.576	0	0	
0	[SLPS]	0	399.278	89.235	0	322.576	0	0	
0	[SLPS]	0	398.816	89.841	0	322.599	0	0	
0	[SLPS]	0	398.816	89.841	0	322.599	0	0	
0	[SLPS]	0	398.584	90.146	0	322.608	0	0	
0	[SLPS]	0	398.353	90.453	0	322.612	0	0	
0	[SLPS]	0	398.353	90.453	0	322.612	0	0	
0	[SLPS]	0	397.886	91.065	0	322.608	0	0	
0	[SLPS]	0	397.886	91.065	0	322.608	0	0	
0	[SLPS]	0	397.652	91.370	0	322.609	0	0	
0	[SLPS]	0	397.421	91.676	0	322.613	0	0	
0	[SLPS]	0	397.421	91.676	0	322.613	0	0	
0	[SLPS]	0	396.960	92.284	0	322.610	0	0	
0	[SLPS]	0	396.960	92.284	0	322.610	0	0	
0	[SLPS]	0	396.729	92.591	0	322.616	0	0	
0	[SLPS]	0	396.499	92.898	0	322.619	0	0	
0	[SLPS]	0	396.265	93.199	0	322.618	0	0	
0	[SLPS]	0	396.032	93.503	0	322.611	0	0	
0	[SLPS]	0	396.032	93.503	0	322.611	0	0	
0	[SLPS]	0	395.801	93.810	0	322.604	0	0	
0	[SLPS]	0	395.568	94.116	0	322.594	0	0	
0	[SLPS]	0	395.341	94.416	0	322.600	0	0	
0	[SLPS]	0	395.107	94.724	0	322.608	0	0	
0	[SLPS]	0	395.107	94.724	0	322.608	0	0	
0	[SLPS]	0	394.876	95.032	0	322.615	0	0	
0	[SLPS]	0	394.644	95.337	0	322.626	0	0	
0	[SLPS]	0	394.413	95.636	0	322.630	0	0	
0	[SLPS]	0	394.179	95.944	0	322.645	0	0	
0	[SLPS]	0	394.179	95.944	0	322.645	0	0	
0	[SLPS]	0	393.715	96.556	0	322.724	0	0	
0	[SLPS]	0	393.715	96.556	0	322.724	0	0	
0	[SLPS]	0	393.486	96.857	0	322.772	0	0	
0	[SLPS]	0	393.254	97.163	0	322.810	0	0	
0	[SLPS]	0	393.254	97.163	0	322.810	0	0	
0	[SLPS]	0	392.790	97.780	0	322.891	0	0	
0	[SLPS]	0	392.790	97.780	0	322.891	0	0	
0	[SLPS]	0	392.564	98.084	0	322.938	0	0	
0	[SLPS]	0	392.336	98.396	0	322.991	0	0	
0	[SLPS]	0	392.336	98.396	0	322.991	0	0	
0	[SLPS]	0	391.880	99.012	0	323.060	0	0	
0	[SLPS]	0	391.880	99.012	0	323.060	0	0	
0	[SLPS]	0	391.655	99.314	0	323.087	0	0	
0	[SLPS]	0	391.425	99.626	0	323.117	0	0	
0	[SLPS]	0	391.425	99.626	0	323.117	0	0	
0	[SLPS]	0	390.968	100.239	0	323.177	0	0	
0	[SLPS]	0	390.968	100.239	0	323.177	0	0	
0	[SLPS]	0	390.746	100.538	0	323.207	0	0	
0	[SLPS]	0	390.519	100.842	0	323.226	0	0	
0	[SLPS]	0	390.519	100.842	0	323.226	0	0	
0	[SLPS]	0	390.071	101.449	0	323.279	0	0	
0	[SLPS]	0	390.071	101.449	0	323.279	0	0	
0	[SLPS]	0	389.852	101.742	0	323.297	0	0	
0	[SLPS]	0	389.633	102.038	0	323.313	0	0	
0	[SLPS]	0	389.633	102.038	0	323.313	0	0	
0	[SLPS]	0	389.203	102.619	0	323.337	0	0	
0	[SLPS]	0	389.203	102.619	0	323.337	0	0	
0	[SLPS]	0	388.993	102.897	0	323.341	0	0	
0	[SLPS]	0	388.783	103.179	0	323.339	0	0	
0	[SLPS]	0	388.783	103.179	0	323.339	0	0	
0	[SLPS]	0	388.373	103.736	0	323.344	0	0	
0	[SLPS]	0	388.373	103.736	0	323.344	0	0	
0	[SLPS]	0	388.170	104.008	0	323.338	0	0	
0	[SLPS]	0	387.969	104.278	0	323.325	0	0	
0	[SLPS]	0	387.769	104.545	0	323.306	0	0	
0	[SLPS]	0	387.566	104.817	0	323.289	0	0	
0	[SLPS]	0	387.566	104.817	0	323.289	0	0	
0	[SLPS]	0	387.367	105.084	0	323.273	0	0	
0	[SLPS]	0	387.168	105.352	0	323.255	0	0	
0	[SLPS]	0	386.968	105.622	0	323.241	0	0	
0	[SLPS]	0	386.767	105.892	0	323.225	0	0	
0	[SLPS]	0	386.767	105.892	0	323.225	0	0	
0	[SLPS]	0	386.570	106.157	0	323.217	0	0	
0	[SLPS]	0	386.367	106.425	0	323.196	0	0	
0	[SLPS]	0	386.166	106.698	0	323.177	0	0	
0	[SLPS]	0	385.967	106.968	0	323.149	0	0	
0	[SLPS]	0	385.967	106.968	0	323.149	0	0	
0	[SLPS]	0	385.568	107.500	0	323.068	0	0	
0	[SLPS]	0	385.568	107.500	0	323.068	0	0	
0	[SLPS]	0	385.369	107.767	0	323.026	0	0	
0	[SLPS]	0	385.172	108.035	0	322.992	0	0	
0	[SLPS]	0	385.172	108.035	0	322.992	0	0	
0	[SLPS]	0	384.781	108.556	0	322.923	0	0	
0	[SLPS]	0	384.781	108.556	0	322.923	0	0	
0	[SLPS]	0	384.582	108.814	0	322.881	0	0	
0	[SLPS]	0	384.386	109.071	0	322.838	0	0	
0	[SLPS]	0	384.386	109.071	0	322.838	0	0	
0	[SLPS]	0	383.992	109.587	0	322.751	0	0	
0	[SLPS]	0	383.992	109.587	0	322.751	0	0	
0	[SLPS]	0	383.798	109.842	0	322.713	0	0	
0	[SLPS]	0	383.601	110.095	0	322.677	0	0	
0	[SLPS]	0	383.601	110.095	0	322.677	0	0	
0	[SLPS]	0	383.219	110.594	0	322.602	0	0	
0	[SLPS]	0	383.219	110.594	0	322.602	0	0	
0	[SLPS]	0	383.025	110.847	0	322.557	0	0	
0	[SLPS]	0	382.832	111.101	0	322.514	0	0	
0	[SLPS]	0	382.832	111.101	0	322.514	0	0	
0	[SLPS]	0	382.445	111.606	0	322.442	0	0	
0	[SLPS]	0	382.445	111.606	0	322.442	0	0	
0	[SLPS]	0	382.249	111.859	0	322.397	0	0	
0	[SLPS]	0	382.053	112.113	0	322.355	0	0	
0	[SLPS]	0	382.053	112.113	0	322.355	0	0	
0	[SLPS]	0	381.661	112.625	0	322.270	0	0	
0	[SLPS]	0	381.661	112.625	0	322.270	0	0	
0	[SLPS]	0	381.461	112.884	0	322.233	0	0	
0	[SLPS]	0	381.263	113.144	0	322.206	0	0	
0	[SLPS]	0	381.263	113.144	0	322.206	0	0	
0	[SLPS]	0	380.860	113.665	0	322.154	0	0	
0	[SLPS]	0	380.860	113.665	0	322.154	0	0	
0	[SLPS]	0	380.658	113.922	0	322.126	0	0	
0	[SLPS]	0	380.452	114.187	0	322.105	0	0	
0	[SLPS]	0	380.251	114.447	0	322.085	0	0	
0	[SLPS]	0	380.043	114.714	0	322.062	0	0	
0	[SLPS]	0	380.043	114.714	0	322.062	0	0	
0	[SLPS]	0	379.836	114.982	0	322.037	0	0	
0	[SLPS]	0	379.626	115.256	0	322.019	0	0	
0	[SLPS]	0	379.419	115.523	0	321.995	0	0	
0	[SLPS]	0	379.208	115.791	0	321.962	0	0	
0	[SLPS]	0	379.208	115.791	0	321.962	0	0	
0	[SLPS]	0	378.787	116.332	0	321.901	0	0	
0	[SLPS]	0	378.787	116.332	0	321.901	0	0	
0	[SLPS]	0	378.580	116.596	0	321.882	0	0	
0	[SLPS]	0	378.367	116.867	0	321.859	0	0	
0	[SLPS]	0	378.367	116.867	0	321.859	0	0	
0	[SLPS]	0	377.943	117.412	0	321.811	0	0	
0	[SLPS]	0	377.943	117.412	0	321.811	0	0	
0	[SLPS]	0	377.735	117.676	0	321.786	0	0	
0	[SLPS]	0	377.522	117.945	0	321.753	0	0	
0	[SLPS]	0	377.522	117.945	0	321.753	0	0	
0	[SLPS]	0	377.096	118.485	0	321.693	0	0	
0	[SLPS]	0	377.096	118.485	0	321.693	0	0	
0	[SLPS]	0	376.887	118.750	0	321.666	0	0	
0	[SLPS]	0	376.671	119.024	0	321.636	0	0	
0	[SLPS]	0	376.671	119.024	0	321.636	0	0	
0	[SLPS]	0	376.251	119.557	0	321.580	0	0	
0	[SLPS]	0	376.251	119.557	0	321.580	0	0	
0	[SLPS]	0	376.041	119.824	0	321.562	0	0	
0	[SLPS]	0	375.825	120.094	0	321.543	0	0	
0	[SLPS]	0	375.825	120.094	0	321.543	0	0	
0	[SLPS]	0	375.395	120.627	0	321.531	0	0	
0	[SLPS]	0	375.395	120.627	0	321.531	0	0	
0	[SLPS]	0	374.972	121.161	0	321.544	0	0	
0	[SLPS]	0	374.972	121.161	0	321.544	0	0	
0	[SLPS]	0	374.760	121.430	0	321.551	0	0	
0	[SLPS]	0	374.543	121.698	0	321.551	0	0	
0	[SLPS]	0	374.543	121.698	0	321.551	0	0	
0	[SLPS]	0	374.127	122.237	0	321.554	0	0	
0	[SLPS]	0	374.127	122.237	0	321.554	0	0	
0	[SLPS]	0	373.916	122.505	0	321.550	0	0	
0	[SLPS]	0	373.705	122.774	0	321.546	0	0	
0	[SLPS]	0	373.705	122.774	0	321.546	0	0	
0	[SLPS]	0	373.287	123.304	0	321.550	0	0	
0	[SLPS]	0	373.287	123.304	0	321.550	0	0	
0	[SLPS]	0	373.080	123.575	0	321.564	0	0	
0	[SLPS]	0	372.868	123.841	0	321.562	0	0	
0	[SLPS]	0	372.868	123.841	0	321.562	0	0	
0	[SLPS]	0	372.448	124.366	0	321.546	0	0	
0	[SLPS]	0	372.448	124.366	0	321.546	0	0	
0	[SLPS]	0	372.239	124.630	0	321.546	0	0	
0	[SLPS]	0	372.034	124.896	0	321.554	0	0	
0	[SLPS]	0	372.034	124.896	0	321.554	0	0	
0	[SLPS]	0	371.617	125.428	0	321.558	0	0	
0	[SLPS]	0	371.617	125.428	0	321.558	0	0	
0	[SLPS]	0	371.405	125.688	0	321.554	0	0	
0	[SLPS]	0	371.198	125.955	0	321.555	0	0	
0	[SLPS]	0	371.198	125.955	0	321.555	0	0	
0	[SLPS]	0	370.781	126.479	0	321.549	0	0	
0	[SLPS]	0	370.781	126.479	0	321.549	0	0	
0	[SLPS]	0	370.575	126.741	0	321.544	0	0	
0	[SLPS]	0	370.369	127.006	0	321.544	0	0	
0	[SLPS]	0	370.369	127.006	0	321.544	0	0	
0	[SLPS]	0	369.958	127.529	0	321.544	0	0	
0	[SLPS]	0	369.958	127.529	0	321.544	0	0	
0	[SLPS]	0	369.750	127.790	0	321.537	0	0	
0	[SLPS]	0	369.542	128.055	0	321.538	0	0	
0	[SLPS]	0	369.334	128.317	0	321.533	0	0	
0	[SLPS]	0	369.119	128.588	0	321.526	0	0	
0	[SLPS]	0	369.119	128.588	0	321.526	0	0	
0	[SLPS]	0	368.701	129.110	0	321.508	0	0	
0	[SLPS]	0	368.701	129.110	0	321.508	0	0	
0	[SLPS]	0	368.496	129.367	0	321.504	0	0	
0	[SLPS]	0	368.290	129.629	0	321.499	0	0	
0	[SLPS]	0	368.290	129.629	0	321.499	0	0	
0	[SLPS]	0	367.873	130.156	0	321.502	0	0	
0	[SLPS]	0	367.873	130.156	0	321.502	0	0	
0	[SLPS]	0	367.662	130.419	0	321.498	0	0	
0	[SLPS]	0	367.454	130.681	0	321.487	0	0	
0	[SLPS]	0	367.454	130.681	0	321.487	0	0	
0	[SLPS]	0	367.036	131.205	0	321.474	0	0	
0	[SLPS]	0	367.036	131.205	0	321.474	0	0	
0	[SLPS]	0	366.833	131.467	0	321.475	0	0	
0	[SLPS]	0	366.625	131.730	0	321.475	0	0	
0	[SLPS]	0	366.625	131.730	0	321.475	0	0	
0	[SLPS]	0	366.210	132.254	0	321.502	0	0	
0	[SLPS]	0	366.210	132.254	0	321.502	0	0	
0	[SLPS]	0	366.007	132.516	0	321.540	0	0	
0	[SLPS]	0	365.801	132.776	0	321.578	0	0	
0	[SLPS]	0	365.801	132.776	0	321.578	0	0	
0	[SLPS]	0	365.394	133.293	0	321.657	0	0	
0	[SLPS]	0	365.394	133.293	0	321.657	0	0	
0	[SLPS]	0	365.192	133.550	0	321.692	0	0	
0	[SLPS]	0	364.989	133.807	0	321.724	0	0	
0	[SLPS]	0	364.989	133.807	0	321.724	0	0	
0	[SLPS]	0	364.593	134.319	0	321.799	0	0	
0	[SLPS]	0	364.593	134.319	0	321.799	0	0	
0	[SLPS]	0	364.400	134.568	0	321.835	0	0	
0	[SLPS]	0	364.205	134.819	0	321.877	0	0	
0	[SLPS]	0	364.205	134.819	0	321.877	0	0	
0	[SLPS]	0	363.815	135.327	0	321.937	0	0	
0	[SLPS]	0	363.815	135.327	0	321.937	0	0	
0	[SLPS]	0	363.621	135.572	0	321.954	0	0	
0	[SLPS]	0	363.429	135.823	0	321.972	0	0	
0	[SLPS]	0	363.237	136.066	0	321.982	0	0	
0	[SLPS]	0	363.047	136.316	0	321.999	0	0	
0	[SLPS]	0	363.047	136.316	0	321.999	0	0	
0	[SLPS]	0	362.854	136.560	0	322.012	0	0	
0	[SLPS]	0	362.658	136.809	0	322.024	0	0	
0	[SLPS]	0	362.467	137.054	0	322.035	0	0	
0	[SLPS]	0	362.277	137.301	0	322.048	0	0	
0	[SLPS]	0	362.277	137.301	0	322.048	0	0	
0	[SLPS]	0	361.893	137.791	0	322.065	0	0	
0	[SLPS]	0	361.893	137.791	0	322.065	0	0	
0	[SLPS]	0	361.702	138.034	0	322.077	0	0	
0	[SLPS]	0	361.514	138.281	0	322.097	0	0	
0	[SLPS]	0	361.514	138.281	0	322.097	0	0	
0	[SLPS]	0	361.138	138.773	0	322.135	0	0	
0	[SLPS]	0	361.138	138.773	0	322.135	0	0	
0	[SLPS]	0	360.946	139.017	0	322.145	0	0	
0	[SLPS]	0	360.756	139.266	0	322.158	0	0	
0	[SLPS]	0	360.756	139.266	0	322.158	0	0	
0	[SLPS]	0	360.379	139.759	0	322.187	0	0	
0	[SLPS]	0	360.379	139.759	0	322.187	0	0	
0	[SLPS]	0	360.188	140.007	0	322.207	0	0	
0	[SLPS]	0	359.994	140.258	0	322.220	0	0	
0	[SLPS]	0	359.994	140.258	0	322.220	0	0	
0	[SLPS]	0	359.609	140.754	0	322.240	0	0	
0	[SLPS]	0	359.609	140.754	0	322.240	0	0	
0	[SLPS]	0	359.416	141.004	0	322.248	0	0	
0	[SLPS]	0	359.222	141.259	0	322.259	0	0	
0	[SLPS]	0	359.222	141.259	0	322.259	0	0	
0	[SLPS]	0	358.843	141.762	0	322.311	0	0	
0	[SLPS]	0	358.843	141.762	0	322.311	0	0	
0	[SLPS]	0	358.650	142.017	0	322.336	0	0	
0	[SLPS]	0	358.454	142.270	0	322.349	0	0	
0	[SLPS]	0	358.264	142.521	0	322.360	0	0	
0	[SLPS]	0	358.065	142.776	0	322.368	0	0	
0	[SLPS]	0	358.065	142.776	0	322.368	0	0	
0	[SLPS]	0	357.672	143.287	0	322.390	0	0	
0	[SLPS]	0	357.672	143.287	0	322.390	0	0	
0	[SLPS]	0	357.483	143.540	0	322.410	0	0	
0	[SLPS]	0	357.287	143.797	0	322.427	0	0	
0	[SLPS]	0	357.287	143.797	0	322.427	0	0	
0	[SLPS]	0	356.888	144.311	0	322.439	0	0	
0	[SLPS]	0	356.888	144.311	0	322.439	0	0	
0	[SLPS]	0	356.696	144.564	0	322.455	0	0	
0	[SLPS]	0	356.502	144.819	0	322.471	0	0	
0	[SLPS]	0	356.502	144.819	0	322.471	0	0	
0	[SLPS]	0	356.116	145.332	0	322.518	0	0	
0	[SLPS]	0	356.116	145.332	0	322.518	0	0	
0	[SLPS]	0	355.924	145.583	0	322.537	0	0	
0	[SLPS]	0	355.731	145.838	0	322.551	0	0	
0	[SLPS]	0	355.731	145.838	0	322.551	0	0	
0	[SLPS]	0	355.356	146.342	0	322.586	0	0	
0	[SLPS]	0	355.356	146.342	0	322.586	0	0	
0	[SLPS]	0	355.167	146.588	0	322.602	0	0	
0	[SLPS]	0	354.976	146.835	0	322.618	0	0	
0	[SLPS]	0	354.976	146.835	0	322.618	0	0	
0	[SLPS]	0	354.599	147.340	0	322.660	0	0	
0	[SLPS]	0	354.599	147.340	0	322.660	0	0	
0	[SLPS]	0	354.409	147.581	0	322.672	0	0	
0	[SLPS]	0	354.222	147.828	0	322.691	0	0	
0	[SLPS]	0	354.222	147.828	0	322.691	0	0	
0	[SLPS]	0	353.846	148.319	0	322.728	0	0	
0	[SLPS]	0	353.846	148.319	0	322.728	0	0	
0	[SLPS]	0	353.666	148.563	0	322.763	0	0	
0	[SLPS]	0	353.480	148.809	0	322.792	0	0	
0	[SLPS]	0	353.480	148.809	0	322.792	0	0	
0	[SLPS]	0	353.114	149.299	0	322.850	0	0	
0	[SLPS]	0	353.114	149.299	0	322.850	0	0	
0	[SLPS]	0	352.934	149.539	0	322.878	0	0	
0	[SLPS]	0	352.751	149.781	0	322.918	0	0	
0	[SLPS]	0	352.751	149.781	0	322.918	0	0	
0	[SLPS]	0	352.391	150.260	0	323.008	0	0	
0	[SLPS]	0	352.391	150.260	0	323.008	0	0	
0	[SLPS]	0	352.216	150.495	0	323.067	0	0	
0	[SLPS]	0	352.043	150.736	0	323.136	0	0	
0	[SLPS]	0	352.043	150.736	0	323.136	0	0	
0	[SLPS]	0	351.691	151.212	0	323.296	0	0	
0	[SLPS]	0	351.691	151.212	0	323.296	0	0	
0	[SLPS]	0	351.519	151.449	0	323.384	0	0	
0	[SLPS]	0	351.346	151.685	0	323.479	0	0	
0	[SLPS]	0	351.346	151.685	0	323.479	0	0	
0	[SLPS]	0	351.007	152.160	0	323.674	0	0	
0	[SLPS]	0	351.007	152.160	0	323.674	0	0	
0	[SLPS]	0	350.837	152.394	0	323.783	0	0	
0	[SLPS]	0	350.667	152.628	0	323.900	0	0	
0	[SLPS]	0	350.667	152.628	0	323.900	0	0	
0	[SLPS]	0	350.327	153.099	0	324.152	0	0	
0	[SLPS]	0	350.327	153.099	0	324.152	0	0	
0	[SLPS]	0	350.162	153.334	0	324.299	0	0	
0	[SLPS]	0	349.997	153.572	0	324.457	0	0	
0	[SLPS]	0	349.997	153.572	0	324.457	0	0	
0	[SLPS]	0	349.665	154.049	0	324.807	0	0	
0	[SLPS]	0	349.665	154.049	0	324.807	0	0	
0	[SLPS]	0	349.502	154.287	0	325.003	0	0	
0	[SLPS]	0	349.337	154.528	0	325.206	0	0	
0	[SLPS]	0	349.171	154.775	0	325.409	0	0	
0	[SLPS]	0	349.013	155.020	0	325.621	0	0	
0	[SLPS]	0	349.013	155.020	0	325.621	0	0	
0	[SLPS]	0	348.697	155.505	0	326.034	0	0	
0	[SLPS]	0	348.697	155.505	0	326.034	0	0	
0	[SLPS]	0	348.534	155.758	0	326.236	0	0	
0	[SLPS]	0	348.379	156.006	0	326.433	0	0	
0	[SLPS]	0	348.379	156.006	0	326.433	0	0	
0	[SLPS]	0	348.060	156.497	0	326.814	0	0	
0	[SLPS]	0	348.060	156.497	0	326.814	0	0	
0	[SLPS]	0	347.904	156.741	0	327.001	0	0	
0	[SLPS]	0	347.752	156.991	0	327.216	0	0	
0	[SLPS]	0	347.752	156.991	0	327.216	0	0	
0	[SLPS]	0	347.450	157.486	0	327.654	0	0	
0	[SLPS]	0	347.450	157.486	0	327.654	0	0	
0	[SLPS]	0	347.298	157.728	0	327.851	0	0	
0	[SLPS]	0	347.146	157.969	0	328.053	0	0	
0	[SLPS]	0	347.146	157.969	0	328.053	0	0	
0	[SLPS]	0	347.001	158.212	0	328.248	0	0	
0	[SLPS]	0	346.853	158.454	0	328.431	0	0	
0	[SLPS]	0	346.708	158.698	0	328.618	0	0	
0	[SLPS]	0	346.566	158.934	0	328.811	0	0	
0	[SLPS]	0	346.566	158.934	0	328.811	0	0	
0	[SLPS]	0	346.303	159.412	0	329.233	0	0	
0	[SLPS]	0	346.303	159.412	0	329.233	0	0	
0	[SLPS]	0	346.159	159.645	0	329.431	0	0	
0	[SLPS]	0	346.029	159.880	0	329.629	0	0	
0	[SLPS]	0	346.029	159.880	0	329.629	0	0	
0	[SLPS]	0	345.768	160.351	0	330.080	0	0	
0	[SLPS]	0	345.768	160.351	0	330.080	0	0	
0	[SLPS]	0	345.640	160.588	0	330.345	0	0	
0	[SLPS]	0	345.508	160.820	0	330.616	0	0	
0	[SLPS]	0	345.508	160.820	0	330.616	0	0	
0	[SLPS]	0	345.259	161.290	0	331.150	0	0	
0	[SLPS]	0	345.259	161.290	0	331.150	0	0	
0	[SLPS]	0	345.135	161.525	0	331.419	0	0	
0	[SLPS]	0	345.011	161.759	0	331.696	0	0	
0	[SLPS]	0	345.011	161.759	0	331.696	0	0	
0	[SLPS]	0	344.778	162.226	0	332.243	0	0	
0	[SLPS]	0	344.778	162.226	0	332.243	0	0	
0	[SLPS]	0	344.659	162.461	0	332.516	0	0	
0	[SLPS]	0	344.543	162.697	0	332.784	0	0	
0	[SLPS]	0	344.543	162.697	0	332.784	0	0	
0	[SLPS]	0	344.320	163.158	0	333.325	0	0	
0	[SLPS]	0	344.320	163.158	0	333.325	0	0	
0	[SLPS]	0	344.207	163.395	0	333.588	0	0	
0	[SLPS]	0	344.099	163.626	0	333.855	0	0	
0	[SLPS]	0	343.994	163.851	0	334.118	0	0	
0	[SLPS]	0	343.887	164.084	0	334.384	0	0	
0	[SLPS]	0	343.887	164.084	0	334.384	0	0	
0	[SLPS]	0	343.781	164.319	0	334.653	0	0	
0	[SLPS]	0	343.681	164.545	0	334.910	0	0	
0	[SLPS]	0	343.580	164.767	0	335.163	0	0	
0	[SLPS]	0	343.484	164.995	0	335.418	0	0	
0	[SLPS]	0	343.484	164.995	0	335.418	0	0	
0	[SLPS]	0	343.389	165.218	0	335.672	0	0	
0	[SLPS]	0	343.295	165.442	0	335.924	0	0	
0	[SLPS]	0	343.198	165.661	0	336.174	0	0	
0	[SLPS]	0	343.108	165.884	0	336.425	0	0	
0	[SLPS]	0	343.108	165.884	0	336.425	0	0	
0	[SLPS]	0	343.019	166.104	0	336.675	0	0	
0	[SLPS]	0	342.929	166.324	0	336.917	0	0	
0	[SLPS]	0	342.839	166.539	0	337.156	0	0	
0	[SLPS]	0	342.753	166.758	0	337.395	0	0	
0	[SLPS]	0	342.753	166.758	0	337.395	0	0	
0	[SLPS]	0	342.583	167.192	0	337.873	0	0	
0	[SLPS]	0	342.583	167.192	0	337.873	0	0	
0	[SLPS]	0	342.502	167.405	0	338.111	0	0	
0	[SLPS]	0	342.421	167.619	0	338.346	0	0	
0	[SLPS]	0	342.421	167.619	0	338.346	0	0	
0	[SLPS]	0	342.265	168.055	0	338.827	0	0	
0	[SLPS]	0	342.265	168.055	0	338.827	0	0	
0	[SLPS]	0	342.185	168.269	0	339.070	0	0	
0	[SLPS]	0	342.106	168.484	0	339.313	0	0	
0	[SLPS]	0	342.106	168.484	0	339.313	0	0	
0	[SLPS]	0	341.954	168.921	0	339.775	0	0	
0	[SLPS]	0	341.954	168.921	0	339.775	0	0	
0	[SLPS]	0	341.884	169.142	0	340.016	0	0	
0	[SLPS]	0	341.809	169.360	0	340.244	0	0	
0	[SLPS]	0	341.809	169.360	0	340.244	0	0	
0	[SLPS]	0	341.662	169.801	0	340.701	0	0	
0	[SLPS]	0	341.662	169.801	0	340.701	0	0	
0	[SLPS]	0	341.591	170.019	0	340.924	0	0	
0	[SLPS]	0	341.517	170.240	0	341.135	0	0	
0	[SLPS]	0	341.517	170.240	0	341.135	0	0	
0	[SLPS]	0	341.376	170.686	0	341.481	0	0	
0	[SLPS]	0	341.376	170.686	0	341.481	0	0	
0	[SLPS]	0	341.306	170.905	0	341.599	0	0	
0	[SLPS]	0	341.237	171.128	0	341.704	0	0	
0	[SLPS]	0	341.237	171.128	0	341.704	0	0	
0	[SLPS]	0	341.102	171.575	0	341.882	0	0	
0	[SLPS]	0	341.102	171.575	0	341.882	0	0	
0	[SLPS]	0	341.033	171.794	0	341.939	0	0	
0	[SLPS]	0	340.959	172.015	0	341.958	0	0	
0	[SLPS]	0	340.959	172.015	0	341.958	0	0	
0	[SLPS]	0	340.812	172.463	0	341.897	0	0	
0	[SLPS]	0	340.812	172.463	0	341.897	0	0	
0	[SLPS]	0	340.738	172.682	0	341.828	0	0	
0	[SLPS]	0	340.663	172.901	0	341.729	0	0	
0	[SLPS]	0	340.663	172.901	0	341.729	0	0	
0	[SLPS]	0	340.523	173.333	0	341.439	0	0	
0	[SLPS]	0	340.523	173.333	0	341.439	0	0	
0	[SLPS]	0	340.446	173.547	0	341.247	0	0	
0	[SLPS]	0	340.373	173.761	0	341.021	0	0	
0	[SLPS]	0	340.297	173.977	0	340.758	0	0	
0	[SLPS]	0	340.220	174.190	0	340.468	0	0	
0	[SLPS]	0	340.220	174.190	0	340.468	0	0	
0	[SLPS]	0	340.141	174.398	0	340.150	0	0	
0	[SLPS]	0	340.060	174.609	0	339.809	0	0	
0	[SLPS]	0	339.980	174.819	0	339.439	0	0	
0	[SLPS]	0	339.896	175.023	0	339.038	0	0	
0	[SLPS]	0	339.896	175.023	0	339.038	0	0	
0	[SLPS]	0	339.719	175.431	0	338.149	0	0	
0	[SLPS]	0	339.719	175.431	0	338.149	0	0	
0	[SLPS]	0	339.629	175.635	0	337.662	0	0	
0	[SLPS]	0	339.538	175.838	0	337.147	0	0	
0	[SLPS]	0	339.538	175.838	0	337.147	0	0	
0	[SLPS]	0	339.444	176.039	0	336.615	0	0	
0	[SLPS]	0	339.349	176.239	0	336.052	0	0	
0	[SLPS]	0	339.349	176.239	0	336.052	0	0	
0	[SLPS]	0	339.151	176.635	0	334.796	0	0	
0	[SLPS]	0	339.151	176.635	0	334.796	0	0	
0	[SLPS]	0	339.055	176.827	0	334.116	0	0	
0	[SLPS]	0	338.948	177.017	0	333.402	0	0	
0	[SLPS]	0	338.842	177.208	0	332.659	0	0	
0	[SLPS]	0	338.735	177.396	0	331.902	0	0	
0	[SLPS]	0	338.735	177.396	0	331.902	0	0	
0	[SLPS]	0	338.630	177.584	0	331.118	0	0	
0	[SLPS]	0	338.515	177.764	0	330.308	0	0	
0	[SLPS]	0	338.392	177.941	0	329.466	0	0	
0	[SLPS]	0	338.281	178.126	0	328.613	0	0	
0	[SLPS]	0	338.281	178.126	0	328.613	0	0	
0	[SLPS]	0	338.029	178.478	0	326.846	0	0	
0	[SLPS]	0	338.029	178.478	0	326.846	0	0	
0	[SLPS]	0	337.900	178.650	0	325.947	0	0	
0	[SLPS]	0	337.769	178.820	0	325.035	0	0	
0	[SLPS]	0	337.769	178.820	0	325.035	0	0	
0	[SLPS]	0	337.502	179.150	0	323.162	0	0	
0	[SLPS]	0	337.502	179.150	0	323.162	0	0	
0	[SLPS]	0	337.361	179.310	0	322.182	0	0	
0	[SLPS]	0	337.215	179.475	0	321.142	0	0	
0	[SLPS]	0	337.215	179.475	0	321.142	0	0	
0	[SLPS]	0	336.926	179.780	0	319.050	0	0	
0	[SLPS]	0	336.926	179.780	0	319.050	0	0	
0	[SLPS]	0	336.772	179.934	0	317.965	0	0	
0	[SLPS]	0	336.620	180.082	0	316.853	0	0	
0	[SLPS]	0	336.620	180.082	0	316.853	0	0	
0	[SLPS]	0	336.307	180.366	0	314.541	0	0	
0	[SLPS]	0	336.307	180.366	0	314.541	0	0	
0	[SLPS]	0	336.144	180.500	0	313.359	0	0	
0	[SLPS]	0	335.980	180.630	0	312.170	0	0	
0	[SLPS]	0	335.980	180.630	0	312.170	0	0	
0	[SLPS]	0	335.819	180.759	0	310.968	0	0	
0	[SLPS]	0	335.644	180.876	0	309.742	0	0	
0	[SLPS]	0	335.469	180.996	0	308.489	0	0	
0	[SLPS]	0	335.299	181.113	0	307.216	0	0	
0	[SLPS]	0	335.299	181.113	0	307.216	0	0	
0	[SLPS]	0	335.128	181.220	0	305.931	0	0	
0	[SLPS]	0	334.950	181.317	0	304.636	0	0	
0	[SLPS]	0	334.950	181.317	0	304.636	0	0	
0	[SLPS]	0	334.589	181.513	0	302.010	0	0	
0	[SLPS]	0	334.589	181.513	0	302.010	0	0	
0	[SLPS]	0	334.410	181.603	0	300.679	0	0	
0	[SLPS]	0	334.224	181.687	0	299.339	0	0	
