0	[SLPS]	0	107.850	63.869	0	242.788	0	0	
0	[SLPS]	0	107.850	63.869	0	242.788	0	0	
0	[SLPS]	0	107.850	63.869	0	242.788	0	0	
0	[SLPS]	0	107.849	63.868	0	242.788	0	0	
0	[SLPS]	0	107.849	63.868	0	242.788	0	0	
0	[SLPS]	0	107.839	63.862	0	242.790	0	0	
0	[SLPS]	0	107.839	63.862	0	242.790	0	0	
0	[SLPS]	0	107.832	63.854	0	242.790	0	0	
0	[SLPS]	0	107.824	63.851	0	242.785	0	0	
0	[SLPS]	0	107.824	63.851	0	242.785	0	0	
0	[SLPS]	0	107.806	63.842	0	242.787	0	0	
0	[SLPS]	0	107.806	63.842	0	242.787	0	0	
0	[SLPS]	0	107.798	63.837	0	242.787	0	0	
0	[SLPS]	0	107.791	63.834	0	242.789	0	0	
0	[SLPS]	0	107.791	63.834	0	242.789	0	0	
0	[SLPS]	0	107.780	63.827	0	242.796	0	0	
0	[SLPS]	0	107.780	63.827	0	242.796	0	0	
0	[SLPS]	0	107.773	63.824	0	242.799	0	0	
0	[SLPS]	0	107.766	63.823	0	242.803	0	0	
0	[SLPS]	0	107.766	63.823	0	242.803	0	0	
0	[SLPS]	0	107.757	63.819	0	242.807	0	0	
0	[SLPS]	0	107.746	63.813	0	242.813	0	0	
0	[SLPS]	0	107.738	63.810	0	242.817	0	0	
0	[SLPS]	0	107.725	63.804	0	242.819	0	0	
0	[SLPS]	0	107.725	63.804	0	242.819	0	0	
0	[SLPS]	0	107.693	63.792	0	242.824	0	0	
0	[SLPS]	0	107.693	63.792	0	242.824	0	0	
0	[SLPS]	0	107.678	63.781	0	242.829	0	0	
0	[SLPS]	0	107.657	63.770	0	242.836	0	0	
0	[SLPS]	0	107.657	63.770	0	242.836	0	0	
0	[SLPS]	0	107.611	63.749	0	242.844	0	0	
0	[SLPS]	0	107.611	63.749	0	242.844	0	0	
0	[SLPS]	0	107.589	63.735	0	242.851	0	0	
0	[SLPS]	0	107.561	63.723	0	242.858	0	0	
0	[SLPS]	0	107.561	63.723	0	242.858	0	0	
0	[SLPS]	0	107.507	63.694	0	242.866	0	0	
0	[SLPS]	0	107.507	63.694	0	242.866	0	0	
0	[SLPS]	0	107.478	63.678	0	242.872	0	0	
0	[SLPS]	0	107.450	63.660	0	242.875	0	0	
0	[SLPS]	0	107.450	63.660	0	242.875	0	0	
0	[SLPS]	0	107.383	63.623	0	242.884	0	0	
0	[SLPS]	0	107.383	63.623	0	242.884	0	0	
0	[SLPS]	0	107.346	63.605	0	242.882	0	0	
0	[SLPS]	0	107.305	63.587	0	242.882	0	0	
0	[SLPS]	0	107.305	63.587	0	242.882	0	0	
0	[SLPS]	0	107.218	63.538	0	242.884	0	0	
0	[SLPS]	0	107.218	63.538	0	242.884	0	0	
0	[SLPS]	0	107.169	63.513	0	242.885	0	0	
0	[SLPS]	0	107.117	63.486	0	242.889	0	0	
0	[SLPS]	0	107.117	63.486	0	242.889	0	0	
0	[SLPS]	0	107.002	63.428	0	242.893	0	0	
0	[SLPS]	0	107.002	63.428	0	242.893	0	0	
0	[SLPS]	0	106.942	63.395	0	242.895	0	0	
0	[SLPS]	0	106.880	63.365	0	242.897	0	0	
0	[SLPS]	0	106.880	63.365	0	242.897	0	0	
0	[SLPS]	0	106.740	63.292	0	242.896	0	0	
0	[SLPS]	0	106.740	63.292	0	242.896	0	0	
0	[SLPS]	0	106.669	63.258	0	242.906	0	0	
0	[SLPS]	0	106.596	63.223	0	242.918	0	0	
0	[SLPS]	0	106.517	63.183	0	242.922	0	0	
0	[SLPS]	0	106.434	63.141	0	242.930	0	0	
0	[SLPS]	0	106.434	63.141	0	242.930	0	0	
0	[SLPS]	0	106.257	63.055	0	242.953	0	0	
0	[SLPS]	0	106.257	63.055	0	242.953	0	0	
0	[SLPS]	0	106.164	63.008	0	242.954	0	0	
0	[SLPS]	0	106.068	62.957	0	242.943	0	0	
0	[SLPS]	0	106.068	62.957	0	242.943	0	0	
0	[SLPS]	0	105.866	62.856	0	242.965	0	0	
0	[SLPS]	0	105.866	62.856	0	242.965	0	0	
0	[SLPS]	0	105.761	62.798	0	242.952	0	0	
0	[SLPS]	0	105.651	62.744	0	242.972	0	0	
0	[SLPS]	0	105.651	62.744	0	242.972	0	0	
0	[SLPS]	0	105.423	62.623	0	242.961	0	0	
0	[SLPS]	0	105.423	62.623	0	242.961	0	0	
0	[SLPS]	0	105.306	62.562	0	242.970	0	0	
0	[SLPS]	0	105.182	62.503	0	243.004	0	0	
0	[SLPS]	0	105.182	62.503	0	243.004	0	0	
0	[SLPS]	0	104.933	62.375	0	243.021	0	0	
0	[SLPS]	0	104.933	62.375	0	243.021	0	0	
0	[SLPS]	0	104.807	62.307	0	242.999	0	0	
0	[SLPS]	0	104.675	62.240	0	243.007	0	0	
0	[SLPS]	0	104.675	62.240	0	243.007	0	0	
0	[SLPS]	0	104.404	62.103	0	243.022	0	0	
0	[SLPS]	0	104.404	62.103	0	243.022	0	0	
0	[SLPS]	0	104.267	62.032	0	243.013	0	0	
0	[SLPS]	0	104.129	61.960	0	243.004	0	0	
0	[SLPS]	0	104.129	61.960	0	243.004	0	0	
0	[SLPS]	0	103.846	61.807	0	242.937	0	0	
0	[SLPS]	0	103.846	61.807	0	242.937	0	0	
0	[SLPS]	0	103.695	61.743	0	243.012	0	0	
0	[SLPS]	0	103.547	61.669	0	243.020	0	0	
0	[SLPS]	0	103.547	61.669	0	243.020	0	0	
0	[SLPS]	0	103.238	61.511	0	243.017	0	0	
0	[SLPS]	0	103.238	61.511	0	243.017	0	0	
0	[SLPS]	0	103.080	61.432	0	243.003	0	0	
0	[SLPS]	0	102.922	61.346	0	242.967	0	0	
0	[SLPS]	0	102.761	61.261	0	242.947	0	0	
0	[SLPS]	0	102.602	61.180	0	242.950	0	0	
0	[SLPS]	0	102.602	61.180	0	242.950	0	0	
0	[SLPS]	0	102.268	61.007	0	242.960	0	0	
0	[SLPS]	0	102.268	61.007	0	242.960	0	0	
0	[SLPS]	0	102.098	60.919	0	242.957	0	0	
0	[SLPS]	0	101.928	60.834	0	242.960	0	0	
0	[SLPS]	0	101.928	60.834	0	242.960	0	0	
0	[SLPS]	0	101.576	60.657	0	242.982	0	0	
0	[SLPS]	0	101.576	60.657	0	242.982	0	0	
0	[SLPS]	0	101.400	60.567	0	242.985	0	0	
0	[SLPS]	0	101.224	60.474	0	242.969	0	0	
0	[SLPS]	0	101.224	60.474	0	242.969	0	0	
0	[SLPS]	0	100.862	60.288	0	242.985	0	0	
0	[SLPS]	0	100.862	60.288	0	242.985	0	0	
0	[SLPS]	0	100.678	60.192	0	242.986	0	0	
0	[SLPS]	0	100.494	60.097	0	242.987	0	0	
0	[SLPS]	0	100.494	60.097	0	242.987	0	0	
0	[SLPS]	0	100.119	59.907	0	243.003	0	0	
0	[SLPS]	0	100.119	59.907	0	243.003	0	0	
0	[SLPS]	0	99.930	59.809	0	242.995	0	0	
0	[SLPS]	0	99.744	59.712	0	242.980	0	0	
0	[SLPS]	0	99.744	59.712	0	242.980	0	0	
0	[SLPS]	0	99.359	59.516	0	242.993	0	0	
0	[SLPS]	0	99.359	59.516	0	242.993	0	0	
0	[SLPS]	0	99.163	59.418	0	243.013	0	0	
0	[SLPS]	0	98.967	59.319	0	243.018	0	0	
0	[SLPS]	0	98.775	59.219	0	243.008	0	0	
0	[SLPS]	0	98.578	59.122	0	243.017	0	0	
0	[SLPS]	0	98.578	59.122	0	243.017	0	0	
0	[SLPS]	0	98.182	58.921	0	243.027	0	0	
0	[SLPS]	0	98.182	58.921	0	243.027	0	0	
0	[SLPS]	0	97.984	58.814	0	243.003	0	0	
0	[SLPS]	0	97.789	58.719	0	243.025	0	0	
0	[SLPS]	0	97.789	58.719	0	243.025	0	0	
0	[SLPS]	0	97.393	58.521	0	243.055	0	0	
0	[SLPS]	0	97.393	58.521	0	243.055	0	0	
0	[SLPS]	0	97.194	58.418	0	243.056	0	0	
0	[SLPS]	0	96.996	58.318	0	243.063	0	0	
0	[SLPS]	0	96.996	58.318	0	243.063	0	0	
0	[SLPS]	0	96.601	58.115	0	243.052	0	0	
0	[SLPS]	0	96.601	58.115	0	243.052	0	0	
0	[SLPS]	0	96.402	58.013	0	243.056	0	0	
0	[SLPS]	0	96.204	57.910	0	243.051	0	0	
0	[SLPS]	0	96.204	57.910	0	243.051	0	0	
0	[SLPS]	0	95.813	57.708	0	243.050	0	0	
0	[SLPS]	0	95.813	57.708	0	243.050	0	0	
0	[SLPS]	0	95.613	57.606	0	243.062	0	0	
0	[SLPS]	0	95.411	57.504	0	243.067	0	0	
0	[SLPS]	0	95.411	57.504	0	243.067	0	0	
0	[SLPS]	0	95.007	57.296	0	243.072	0	0	
0	[SLPS]	0	95.007	57.296	0	243.072	0	0	
0	[SLPS]	0	94.799	57.193	0	243.088	0	0	
0	[SLPS]	0	94.590	57.084	0	243.084	0	0	
0	[SLPS]	0	94.590	57.084	0	243.084	0	0	
0	[SLPS]	0	94.377	56.981	0	243.116	0	0	
0	[SLPS]	0	94.168	56.875	0	243.118	0	0	
0	[SLPS]	0	93.960	56.765	0	243.099	0	0	
0	[SLPS]	0	93.745	56.654	0	243.099	0	0	
0	[SLPS]	0	93.745	56.654	0	243.099	0	0	
0	[SLPS]	0	93.313	56.436	0	243.122	0	0	
0	[SLPS]	0	93.313	56.436	0	243.122	0	0	
0	[SLPS]	0	93.093	56.326	0	243.136	0	0	
0	[SLPS]	0	92.872	56.212	0	243.140	0	0	
0	[SLPS]	0	92.872	56.212	0	243.140	0	0	
0	[SLPS]	0	92.429	55.990	0	243.190	0	0	
0	[SLPS]	0	92.429	55.990	0	243.190	0	0	
0	[SLPS]	0	92.199	55.877	0	243.223	0	0	
0	[SLPS]	0	91.966	55.756	0	243.238	0	0	
0	[SLPS]	0	91.966	55.756	0	243.238	0	0	
0	[SLPS]	0	91.496	55.520	0	243.309	0	0	
0	[SLPS]	0	91.496	55.520	0	243.309	0	0	
0	[SLPS]	0	91.258	55.399	0	243.338	0	0	
0	[SLPS]	0	91.014	55.278	0	243.376	0	0	
0	[SLPS]	0	91.014	55.278	0	243.376	0	0	
0	[SLPS]	0	90.530	55.032	0	243.417	0	0	
0	[SLPS]	0	90.530	55.032	0	243.417	0	0	
0	[SLPS]	0	90.283	54.911	0	243.456	0	0	
0	[SLPS]	0	90.036	54.787	0	243.479	0	0	
0	[SLPS]	0	90.036	54.787	0	243.479	0	0	
0	[SLPS]	0	89.537	54.543	0	243.569	0	0	
0	[SLPS]	0	89.537	54.543	0	243.569	0	0	
0	[SLPS]	0	89.286	54.418	0	243.598	0	0	
0	[SLPS]	0	89.036	54.290	0	243.619	0	0	
0	[SLPS]	0	89.036	54.290	0	243.619	0	0	
0	[SLPS]	0	88.532	54.043	0	243.691	0	0	
0	[SLPS]	0	88.532	54.043	0	243.691	0	0	
0	[SLPS]	0	88.277	53.919	0	243.728	0	0	
0	[SLPS]	0	88.023	53.794	0	243.763	0	0	
0	[SLPS]	0	88.023	53.794	0	243.763	0	0	
0	[SLPS]	0	87.519	53.539	0	243.791	0	0	
0	[SLPS]	0	87.519	53.539	0	243.791	0	0	
0	[SLPS]	0	87.262	53.415	0	243.828	0	0	
0	[SLPS]	0	87.004	53.289	0	243.859	0	0	
0	[SLPS]	0	87.004	53.289	0	243.859	0	0	
0	[SLPS]	0	86.489	53.037	0	243.920	0	0	
0	[SLPS]	0	86.489	53.037	0	243.920	0	0	
0	[SLPS]	0	86.232	52.913	0	243.957	0	0	
0	[SLPS]	0	85.970	52.786	0	243.997	0	0	
0	[SLPS]	0	85.708	52.659	0	244.033	0	0	
0	[SLPS]	0	85.451	52.530	0	244.052	0	0	
0	[SLPS]	0	85.451	52.530	0	244.052	0	0	
0	[SLPS]	0	84.920	52.267	0	244.098	0	0	
0	[SLPS]	0	84.920	52.267	0	244.098	0	0	
0	[SLPS]	0	84.654	52.142	0	244.140	0	0	
0	[SLPS]	0	84.389	52.012	0	244.168	0	0	
0	[SLPS]	0	84.389	52.012	0	244.168	0	0	
0	[SLPS]	0	83.854	51.756	0	244.244	0	0	
0	[SLPS]	0	83.854	51.756	0	244.244	0	0	
0	[SLPS]	0	83.584	51.625	0	244.276	0	0	
0	[SLPS]	0	83.317	51.494	0	244.317	0	0	
0	[SLPS]	0	83.317	51.494	0	244.317	0	0	
0	[SLPS]	0	82.777	51.240	0	244.411	0	0	
0	[SLPS]	0	82.777	51.240	0	244.411	0	0	
0	[SLPS]	0	82.508	51.108	0	244.454	0	0	
0	[SLPS]	0	82.239	50.978	0	244.506	0	0	
0	[SLPS]	0	82.239	50.978	0	244.506	0	0	
0	[SLPS]	0	81.707	50.723	0	244.618	0	0	
0	[SLPS]	0	81.707	50.723	0	244.618	0	0	
0	[SLPS]	0	81.434	50.596	0	244.671	0	0	
0	[SLPS]	0	81.163	50.471	0	244.727	0	0	
0	[SLPS]	0	81.163	50.471	0	244.727	0	0	
0	[SLPS]	0	80.616	50.217	0	244.851	0	0	
0	[SLPS]	0	80.616	50.217	0	244.851	0	0	
0	[SLPS]	0	80.343	50.092	0	244.907	0	0	
0	[SLPS]	0	80.073	49.966	0	244.970	0	0	
0	[SLPS]	0	80.073	49.966	0	244.970	0	0	
0	[SLPS]	0	79.526	49.710	0	245.085	0	0	
0	[SLPS]	0	79.526	49.710	0	245.085	0	0	
0	[SLPS]	0	79.251	49.581	0	245.135	0	0	
0	[SLPS]	0	78.977	49.453	0	245.184	0	0	
0	[SLPS]	0	78.977	49.453	0	245.184	0	0	
0	[SLPS]	0	78.422	49.198	0	245.296	0	0	
0	[SLPS]	0	78.422	49.198	0	245.296	0	0	
0	[SLPS]	0	78.147	49.073	0	245.357	0	0	
0	[SLPS]	0	77.875	48.948	0	245.420	0	0	
0	[SLPS]	0	77.875	48.948	0	245.420	0	0	
0	[SLPS]	0	77.314	48.695	0	245.548	0	0	
0	[SLPS]	0	77.314	48.695	0	245.548	0	0	
0	[SLPS]	0	76.753	48.443	0	245.660	0	0	
0	[SLPS]	0	76.753	48.443	0	245.660	0	0	
0	[SLPS]	0	76.479	48.315	0	245.714	0	0	
0	[SLPS]	0	76.199	48.188	0	245.773	0	0	
0	[SLPS]	0	76.199	48.188	0	245.773	0	0	
0	[SLPS]	0	75.911	48.057	0	245.833	0	0	
0	[SLPS]	0	75.630	47.933	0	245.892	0	0	
0	[SLPS]	0	75.348	47.809	0	245.949	0	0	
0	[SLPS]	0	75.067	47.685	0	245.998	0	0	
0	[SLPS]	0	75.067	47.685	0	245.998	0	0	
0	[SLPS]	0	74.509	47.437	0	246.093	0	0	
0	[SLPS]	0	74.509	47.437	0	246.093	0	0	
0	[SLPS]	0	74.225	47.315	0	246.147	0	0	
0	[SLPS]	0	73.940	47.190	0	246.199	0	0	
0	[SLPS]	0	73.940	47.190	0	246.199	0	0	
0	[SLPS]	0	73.374	46.942	0	246.301	0	0	
0	[SLPS]	0	73.374	46.942	0	246.301	0	0	
0	[SLPS]	0	73.094	46.818	0	246.346	0	0	
0	[SLPS]	0	72.811	46.691	0	246.386	0	0	
0	[SLPS]	0	72.811	46.691	0	246.386	0	0	
0	[SLPS]	0	72.240	46.446	0	246.492	0	0	
0	[SLPS]	0	72.240	46.446	0	246.492	0	0	
0	[SLPS]	0	71.953	46.320	0	246.545	0	0	
0	[SLPS]	0	71.669	46.200	0	246.597	0	0	
0	[SLPS]	0	71.669	46.200	0	246.597	0	0	
0	[SLPS]	0	71.101	45.959	0	246.702	0	0	
0	[SLPS]	0	71.101	45.959	0	246.702	0	0	
0	[SLPS]	0	70.815	45.836	0	246.754	0	0	
0	[SLPS]	0	70.529	45.716	0	246.806	0	0	
0	[SLPS]	0	70.529	45.716	0	246.806	0	0	
0	[SLPS]	0	69.961	45.472	0	246.910	0	0	
0	[SLPS]	0	69.961	45.472	0	246.910	0	0	
0	[SLPS]	0	69.679	45.356	0	246.959	0	0	
0	[SLPS]	0	69.393	45.235	0	247.013	0	0	
0	[SLPS]	0	69.393	45.235	0	247.013	0	0	
0	[SLPS]	0	68.822	44.997	0	247.111	0	0	
0	[SLPS]	0	68.822	44.997	0	247.111	0	0	
0	[SLPS]	0	68.548	44.879	0	247.158	0	0	
0	[SLPS]	0	68.263	44.761	0	247.215	0	0	
0	[SLPS]	0	67.979	44.645	0	247.266	0	0	
0	[SLPS]	0	67.698	44.528	0	247.317	0	0	
0	[SLPS]	0	67.698	44.528	0	247.317	0	0	
0	[SLPS]	0	67.134	44.292	0	247.387	0	0	
0	[SLPS]	0	67.134	44.292	0	247.387	0	0	
0	[SLPS]	0	66.851	44.171	0	247.391	0	0	
0	[SLPS]	0	66.566	44.050	0	247.393	0	0	
0	[SLPS]	0	66.566	44.050	0	247.393	0	0	
0	[SLPS]	0	66.278	43.934	0	247.409	0	0	
0	[SLPS]	0	65.994	43.818	0	247.424	0	0	
0	[SLPS]	0	65.712	43.699	0	247.434	0	0	
0	[SLPS]	0	65.432	43.583	0	247.450	0	0	
0	[SLPS]	0	65.432	43.583	0	247.450	0	0	
0	[SLPS]	0	64.868	43.345	0	247.463	0	0	
0	[SLPS]	0	64.868	43.345	0	247.463	0	0	
0	[SLPS]	0	64.585	43.231	0	247.477	0	0	
0	[SLPS]	0	64.308	43.108	0	247.462	0	0	
0	[SLPS]	0	64.308	43.108	0	247.462	0	0	
0	[SLPS]	0	63.738	42.870	0	247.458	0	0	
0	[SLPS]	0	63.738	42.870	0	247.458	0	0	
0	[SLPS]	0	63.453	42.753	0	247.464	0	0	
0	[SLPS]	0	63.169	42.639	0	247.475	0	0	
0	[SLPS]	0	63.169	42.639	0	247.475	0	0	
0	[SLPS]	0	62.593	42.402	0	247.474	0	0	
0	[SLPS]	0	62.593	42.402	0	247.474	0	0	
0	[SLPS]	0	62.298	42.282	0	247.481	0	0	
0	[SLPS]	0	62.012	42.158	0	247.470	0	0	
0	[SLPS]	0	62.012	42.158	0	247.470	0	0	
0	[SLPS]	0	61.418	41.911	0	247.473	0	0	
0	[SLPS]	0	61.418	41.911	0	247.473	0	0	
0	[SLPS]	0	61.125	41.790	0	247.476	0	0	
0	[SLPS]	0	60.831	41.671	0	247.483	0	0	
0	[SLPS]	0	60.528	41.549	0	247.489	0	0	
0	[SLPS]	0	60.225	41.425	0	247.498	0	0	
0	[SLPS]	0	60.225	41.425	0	247.498	0	0	
0	[SLPS]	0	59.621	41.173	0	247.498	0	0	
0	[SLPS]	0	59.621	41.173	0	247.498	0	0	
0	[SLPS]	0	59.317	41.046	0	247.496	0	0	
0	[SLPS]	0	59.012	40.914	0	247.488	0	0	
0	[SLPS]	0	59.012	40.914	0	247.488	0	0	
0	[SLPS]	0	58.409	40.664	0	247.480	0	0	
0	[SLPS]	0	58.409	40.664	0	247.480	0	0	
0	[SLPS]	0	58.105	40.539	0	247.474	0	0	
0	[SLPS]	0	57.808	40.413	0	247.461	0	0	
0	[SLPS]	0	57.808	40.413	0	247.461	0	0	
0	[SLPS]	0	57.222	40.164	0	247.433	0	0	
0	[SLPS]	0	57.222	40.164	0	247.433	0	0	
0	[SLPS]	0	56.922	40.045	0	247.429	0	0	
0	[SLPS]	0	56.632	39.917	0	247.398	0	0	
0	[SLPS]	0	56.632	39.917	0	247.398	0	0	
0	[SLPS]	0	56.038	39.668	0	247.359	0	0	
0	[SLPS]	0	56.038	39.668	0	247.359	0	0	
0	[SLPS]	0	55.741	39.545	0	247.343	0	0	
0	[SLPS]	0	55.448	39.419	0	247.309	0	0	
0	[SLPS]	0	55.448	39.419	0	247.309	0	0	
0	[SLPS]	0	54.864	39.179	0	247.276	0	0	
0	[SLPS]	0	54.864	39.179	0	247.276	0	0	
0	[SLPS]	0	54.576	39.055	0	247.239	0	0	
0	[SLPS]	0	54.282	38.928	0	247.207	0	0	
0	[SLPS]	0	53.989	38.807	0	247.182	0	0	
0	[SLPS]	0	53.698	38.681	0	247.150	0	0	
0	[SLPS]	0	53.698	38.681	0	247.150	0	0	
0	[SLPS]	0	53.404	38.554	0	247.122	0	0	
0	[SLPS]	0	53.111	38.429	0	247.096	0	0	
0	[SLPS]	0	52.821	38.306	0	247.075	0	0	
0	[SLPS]	0	52.525	38.187	0	247.063	0	0	
0	[SLPS]	0	52.525	38.187	0	247.063	0	0	
0	[SLPS]	0	51.942	37.934	0	247.008	0	0	
0	[SLPS]	0	51.942	37.934	0	247.008	0	0	
0	[SLPS]	0	51.649	37.811	0	246.985	0	0	
0	[SLPS]	0	51.361	37.683	0	246.953	0	0	
0	[SLPS]	0	51.361	37.683	0	246.953	0	0	
0	[SLPS]	0	50.786	37.435	0	246.908	0	0	
0	[SLPS]	0	50.786	37.435	0	246.908	0	0	
0	[SLPS]	0	50.495	37.312	0	246.890	0	0	
0	[SLPS]	0	50.208	37.191	0	246.876	0	0	
0	[SLPS]	0	50.208	37.191	0	246.876	0	0	
0	[SLPS]	0	49.628	36.946	0	246.836	0	0	
0	[SLPS]	0	49.628	36.946	0	246.836	0	0	
0	[SLPS]	0	49.339	36.821	0	246.814	0	0	
0	[SLPS]	0	49.053	36.702	0	246.799	0	0	
0	[SLPS]	0	48.761	36.577	0	246.774	0	0	
0	[SLPS]	0	48.472	36.454	0	246.752	0	0	
0	[SLPS]	0	48.472	36.454	0	246.752	0	0	
0	[SLPS]	0	47.902	36.201	0	246.703	0	0	
0	[SLPS]	0	47.902	36.201	0	246.703	0	0	
0	[SLPS]	0	47.617	36.074	0	246.685	0	0	
0	[SLPS]	0	47.330	35.953	0	246.669	0	0	
0	[SLPS]	0	47.330	35.953	0	246.669	0	0	
0	[SLPS]	0	46.766	35.696	0	246.598	0	0	
0	[SLPS]	0	46.766	35.696	0	246.598	0	0	
0	[SLPS]	0	46.483	35.569	0	246.566	0	0	
0	[SLPS]	0	46.191	35.444	0	246.541	0	0	
0	[SLPS]	0	46.191	35.444	0	246.541	0	0	
0	[SLPS]	0	45.624	35.197	0	246.505	0	0	
0	[SLPS]	0	45.624	35.197	0	246.505	0	0	
0	[SLPS]	0	45.338	35.072	0	246.487	0	0	
0	[SLPS]	0	45.053	34.947	0	246.464	0	0	
0	[SLPS]	0	45.053	34.947	0	246.464	0	0	
0	[SLPS]	0	44.483	34.703	0	246.437	0	0	
0	[SLPS]	0	44.483	34.703	0	246.437	0	0	
0	[SLPS]	0	44.200	34.577	0	246.413	0	0	
0	[SLPS]	0	43.914	34.451	0	246.398	0	0	
0	[SLPS]	0	43.914	34.451	0	246.398	0	0	
0	[SLPS]	0	43.358	34.212	0	246.367	0	0	
0	[SLPS]	0	43.358	34.212	0	246.367	0	0	
0	[SLPS]	0	43.074	34.088	0	246.347	0	0	
0	[SLPS]	0	42.788	33.961	0	246.321	0	0	
0	[SLPS]	0	42.788	33.961	0	246.321	0	0	
0	[SLPS]	0	42.223	33.721	0	246.295	0	0	
0	[SLPS]	0	42.223	33.721	0	246.295	0	0	
0	[SLPS]	0	41.944	33.592	0	246.265	0	0	
0	[SLPS]	0	41.665	33.472	0	246.248	0	0	
0	[SLPS]	0	41.384	33.346	0	246.226	0	0	
0	[SLPS]	0	41.104	33.224	0	246.212	0	0	
0	[SLPS]	0	41.104	33.224	0	246.212	0	0	
0	[SLPS]	0	40.827	33.099	0	246.196	0	0	
0	[SLPS]	0	40.551	32.975	0	246.183	0	0	
0	[SLPS]	0	40.274	32.851	0	246.169	0	0	
0	[SLPS]	0	40.003	32.732	0	246.152	0	0	
0	[SLPS]	0	40.003	32.732	0	246.152	0	0	
0	[SLPS]	0	39.734	32.609	0	246.129	0	0	
0	[SLPS]	0	39.466	32.488	0	246.095	0	0	
0	[SLPS]	0	39.195	32.366	0	246.061	0	0	
0	[SLPS]	0	38.930	32.248	0	246.017	0	0	
0	[SLPS]	0	38.930	32.248	0	246.017	0	0	
0	[SLPS]	0	38.392	32.007	0	245.927	0	0	
0	[SLPS]	0	38.392	32.007	0	245.927	0	0	
0	[SLPS]	0	38.126	31.889	0	245.871	0	0	
0	[SLPS]	0	37.866	31.767	0	245.813	0	0	
0	[SLPS]	0	37.866	31.767	0	245.813	0	0	
0	[SLPS]	0	37.340	31.533	0	245.682	0	0	
0	[SLPS]	0	37.340	31.533	0	245.682	0	0	
0	[SLPS]	0	37.080	31.408	0	245.607	0	0	
0	[SLPS]	0	36.814	31.284	0	245.530	0	0	
0	[SLPS]	0	36.814	31.284	0	245.530	0	0	
0	[SLPS]	0	36.289	31.049	0	245.384	0	0	
0	[SLPS]	0	36.289	31.049	0	245.384	0	0	
0	[SLPS]	0	36.031	30.926	0	245.314	0	0	
0	[SLPS]	0	35.775	30.801	0	245.250	0	0	
0	[SLPS]	0	35.775	30.801	0	245.250	0	0	
0	[SLPS]	0	35.245	30.564	0	245.129	0	0	
0	[SLPS]	0	35.245	30.564	0	245.129	0	0	
0	[SLPS]	0	34.982	30.440	0	245.074	0	0	
0	[SLPS]	0	34.722	30.319	0	245.013	0	0	
0	[SLPS]	0	34.722	30.319	0	245.013	0	0	
0	[SLPS]	0	34.195	30.072	0	244.873	0	0	
0	[SLPS]	0	34.195	30.072	0	244.873	0	0	
0	[SLPS]	0	33.937	29.943	0	244.799	0	0	
0	[SLPS]	0	33.681	29.812	0	244.729	0	0	
0	[SLPS]	0	33.681	29.812	0	244.729	0	0	
0	[SLPS]	0	33.163	29.555	0	244.594	0	0	
0	[SLPS]	0	33.163	29.555	0	244.594	0	0	
0	[SLPS]	0	32.899	29.431	0	244.536	0	0	
0	[SLPS]	0	32.641	29.302	0	244.486	0	0	
0	[SLPS]	0	32.641	29.302	0	244.486	0	0	
0	[SLPS]	0	32.122	29.049	0	244.375	0	0	
0	[SLPS]	0	32.122	29.049	0	244.375	0	0	
0	[SLPS]	0	31.865	28.920	0	244.327	0	0	
0	[SLPS]	0	31.602	28.793	0	244.287	0	0	
0	[SLPS]	0	31.602	28.793	0	244.287	0	0	
0	[SLPS]	0	31.079	28.539	0	244.214	0	0	
0	[SLPS]	0	31.079	28.539	0	244.214	0	0	
0	[SLPS]	0	30.817	28.413	0	244.181	0	0	
0	[SLPS]	0	30.558	28.284	0	244.143	0	0	
0	[SLPS]	0	30.296	28.160	0	244.114	0	0	
0	[SLPS]	0	30.029	28.031	0	244.071	0	0	
0	[SLPS]	0	30.029	28.031	0	244.071	0	0	
0	[SLPS]	0	29.502	27.774	0	244.006	0	0	
0	[SLPS]	0	29.502	27.774	0	244.006	0	0	
0	[SLPS]	0	29.235	27.645	0	243.995	0	0	
0	[SLPS]	0	28.969	27.516	0	243.994	0	0	
0	[SLPS]	0	28.969	27.516	0	243.994	0	0	
0	[SLPS]	0	28.438	27.250	0	243.965	0	0	
0	[SLPS]	0	28.438	27.250	0	243.965	0	0	
0	[SLPS]	0	28.166	27.113	0	243.949	0	0	
0	[SLPS]	0	27.888	26.979	0	243.936	0	0	
0	[SLPS]	0	27.888	26.979	0	243.936	0	0	
0	[SLPS]	0	27.344	26.714	0	243.930	0	0	
0	[SLPS]	0	27.344	26.714	0	243.930	0	0	
0	[SLPS]	0	27.071	26.583	0	243.926	0	0	
0	[SLPS]	0	26.797	26.445	0	243.924	0	0	
0	[SLPS]	0	26.797	26.445	0	243.924	0	0	
0	[SLPS]	0	26.251	26.178	0	243.912	0	0	
0	[SLPS]	0	26.251	26.178	0	243.912	0	0	
0	[SLPS]	0	25.972	26.047	0	243.913	0	0	
0	[SLPS]	0	25.698	25.914	0	243.909	0	0	
0	[SLPS]	0	25.698	25.914	0	243.909	0	0	
0	[SLPS]	0	25.142	25.642	0	243.903	0	0	
0	[SLPS]	0	25.142	25.642	0	243.903	0	0	
0	[SLPS]	0	24.862	25.502	0	243.901	0	0	
0	[SLPS]	0	24.581	25.365	0	243.896	0	0	
0	[SLPS]	0	24.581	25.365	0	243.896	0	0	
0	[SLPS]	0	24.028	25.092	0	243.896	0	0	
0	[SLPS]	0	24.028	25.092	0	243.896	0	0	
0	[SLPS]	0	23.751	24.954	0	243.894	0	0	
0	[SLPS]	0	23.478	24.816	0	243.890	0	0	
0	[SLPS]	0	23.202	24.683	0	243.893	0	0	
0	[SLPS]	0	22.931	24.540	0	243.880	0	0	
0	[SLPS]	0	22.931	24.540	0	243.880	0	0	
0	[SLPS]	0	22.386	24.271	0	243.898	0	0	
0	[SLPS]	0	22.386	24.271	0	243.898	0	0	
0	[SLPS]	0	22.112	24.132	0	243.904	0	0	
0	[SLPS]	0	21.838	23.995	0	243.916	0	0	
0	[SLPS]	0	21.838	23.995	0	243.916	0	0	
0	[SLPS]	0	21.565	23.864	0	243.943	0	0	
0	[SLPS]	0	21.292	23.730	0	243.968	0	0	
0	[SLPS]	0	21.024	23.597	0	243.995	0	0	
0	[SLPS]	0	20.753	23.465	0	244.031	0	0	
0	[SLPS]	0	20.753	23.465	0	244.031	0	0	
0	[SLPS]	0	20.204	23.206	0	244.133	0	0	
0	[SLPS]	0	20.204	23.206	0	244.133	0	0	
0	[SLPS]	0	19.927	23.076	0	244.184	0	0	
0	[SLPS]	0	19.660	22.946	0	244.238	0	0	
0	[SLPS]	0	19.660	22.946	0	244.238	0	0	
0	[SLPS]	0	19.114	22.689	0	244.356	0	0	
0	[SLPS]	0	19.114	22.689	0	244.356	0	0	
0	[SLPS]	0	18.838	22.557	0	244.419	0	0	
0	[SLPS]	0	18.562	22.430	0	244.494	0	0	
0	[SLPS]	0	18.562	22.430	0	244.494	0	0	
0	[SLPS]	0	18.015	22.170	0	244.661	0	0	
0	[SLPS]	0	18.015	22.170	0	244.661	0	0	
0	[SLPS]	0	17.742	22.037	0	244.751	0	0	
0	[SLPS]	0	17.475	21.913	0	244.839	0	0	
0	[SLPS]	0	17.475	21.913	0	244.839	0	0	
0	[SLPS]	0	16.930	21.660	0	244.998	0	0	
0	[SLPS]	0	16.930	21.660	0	244.998	0	0	
0	[SLPS]	0	16.653	21.534	0	245.078	0	0	
0	[SLPS]	0	16.379	21.422	0	245.153	0	0	
0	[SLPS]	0	16.379	21.422	0	245.153	0	0	
0	[SLPS]	0	15.838	21.174	0	245.306	0	0	
0	[SLPS]	0	15.838	21.174	0	245.306	0	0	
0	[SLPS]	0	15.561	21.054	0	245.385	0	0	
0	[SLPS]	0	15.292	20.934	0	245.459	0	0	
0	[SLPS]	0	15.018	20.812	0	245.529	0	0	
0	[SLPS]	0	14.751	20.688	0	245.602	0	0	
0	[SLPS]	0	14.751	20.688	0	245.602	0	0	
0	[SLPS]	0	14.217	20.444	0	245.745	0	0	
0	[SLPS]	0	14.217	20.444	0	245.745	0	0	
0	[SLPS]	0	13.944	20.328	0	245.817	0	0	
0	[SLPS]	0	13.676	20.202	0	245.889	0	0	
0	[SLPS]	0	13.676	20.202	0	245.889	0	0	
0	[SLPS]	0	13.137	19.964	0	246.022	0	0	
0	[SLPS]	0	13.137	19.964	0	246.022	0	0	
0	[SLPS]	0	12.872	19.845	0	246.088	0	0	
0	[SLPS]	0	12.600	19.726	0	246.160	0	0	
0	[SLPS]	0	12.600	19.726	0	246.160	0	0	
0	[SLPS]	0	12.050	19.487	0	246.313	0	0	
0	[SLPS]	0	12.050	19.487	0	246.313	0	0	
0	[SLPS]	0	11.772	19.366	0	246.386	0	0	
0	[SLPS]	0	11.499	19.245	0	246.450	0	0	
0	[SLPS]	0	11.499	19.245	0	246.450	0	0	
0	[SLPS]	0	10.941	19.004	0	246.580	0	0	
0	[SLPS]	0	10.941	19.004	0	246.580	0	0	
0	[SLPS]	0	10.667	18.878	0	246.640	0	0	
0	[SLPS]	0	10.388	18.757	0	246.700	0	0	
0	[SLPS]	0	10.388	18.757	0	246.700	0	0	
0	[SLPS]	0	9.823	18.513	0	246.827	0	0	
0	[SLPS]	0	9.823	18.513	0	246.827	0	0	
0	[SLPS]	0	9.540	18.392	0	246.891	0	0	
0	[SLPS]	0	9.249	18.271	0	246.948	0	0	
0	[SLPS]	0	8.967	18.149	0	246.993	0	0	
0	[SLPS]	0	8.682	18.040	0	247.054	0	0	
0	[SLPS]	0	8.682	18.040	0	247.054	0	0	
0	[SLPS]	0	8.114	17.788	0	247.112	0	0	
0	[SLPS]	0	8.114	17.788	0	247.112	0	0	
0	[SLPS]	0	7.824	17.671	0	247.173	0	0	
0	[SLPS]	0	7.541	17.559	0	247.232	0	0	
0	[SLPS]	0	7.541	17.559	0	247.232	0	0	
0	[SLPS]	0	6.970	17.319	0	247.354	0	0	
0	[SLPS]	0	6.970	17.319	0	247.354	0	0	
0	[SLPS]	0	6.693	17.204	0	247.409	0	0	
0	[SLPS]	0	6.404	17.093	0	247.455	0	0	
0	[SLPS]	0	6.404	17.093	0	247.455	0	0	
0	[SLPS]	0	5.834	16.861	0	247.544	0	0	
0	[SLPS]	0	5.834	16.861	0	247.544	0	0	
0	[SLPS]	0	5.554	16.755	0	247.600	0	0	
0	[SLPS]	0	5.267	16.639	0	247.645	0	0	
0	[SLPS]	0	5.267	16.639	0	247.645	0	0	
0	[SLPS]	0	4.704	16.408	0	247.742	0	0	
0	[SLPS]	0	4.704	16.408	0	247.742	0	0	
0	[SLPS]	0	4.422	16.297	0	247.785	0	0	
0	[SLPS]	0	4.148	16.185	0	247.823	0	0	
0	[SLPS]	0	4.148	16.185	0	247.823	0	0	
0	[SLPS]	0	3.593	15.956	0	247.919	0	0	
0	[SLPS]	0	3.593	15.956	0	247.919	0	0	
0	[SLPS]	0	3.314	15.844	0	247.973	0	0	
0	[SLPS]	0	3.040	15.729	0	248.030	0	0	
0	[SLPS]	0	2.763	15.623	0	248.084	0	0	
0	[SLPS]	0	2.490	15.506	0	248.140	0	0	
0	[SLPS]	0	2.490	15.506	0	248.140	0	0	
0	[SLPS]	0	1.936	15.288	0	248.242	0	0	
0	[SLPS]	0	1.936	15.288	0	248.242	0	0	
0	[SLPS]	0	1.658	15.172	0	248.294	0	0	
0	[SLPS]	0	1.382	15.059	0	248.323	0	0	
0	[SLPS]	0	1.382	15.059	0	248.323	0	0	
0	[SLPS]	0	0.826	14.846	0	248.396	0	0	
0	[SLPS]	0	0.826	14.846	0	248.396	0	0	
0	[SLPS]	0	0.556	14.730	0	248.402	0	0	
0	[SLPS]	0	0.284	14.623	0	248.420	0	0	
0	[SLPS]	0	0.284	14.623	0	248.420	0	0	
0	[SLPS]	0	-0.274	14.415	0	248.456	0	0	
0	[SLPS]	0	-0.274	14.415	0	248.456	0	0	
0	[SLPS]	0	-0.546	14.305	0	248.459	0	0	
0	[SLPS]	0	-0.824	14.212	0	248.490	0	0	
0	[SLPS]	0	-0.824	14.212	0	248.490	0	0	
0	[SLPS]	0	-1.368	13.996	0	248.499	0	0	
0	[SLPS]	0	-1.368	13.996	0	248.499	0	0	
0	[SLPS]	0	-1.368	13.996	0	248.499	0	0	
0	[SLPS]	0	-1.915	13.780	0	248.478	0	0	
0	[SLPS]	0	-1.915	13.780	0	248.478	0	0	
0	[SLPS]	0	-2.189	13.666	0	248.466	0	0	
0	[SLPS]	0	-2.458	13.553	0	248.451	0	0	
0	[SLPS]	0	-2.458	13.553	0	248.451	0	0	
0	[SLPS]	0	-3.003	13.340	0	248.452	0	0	
0	[SLPS]	0	-3.003	13.340	0	248.452	0	0	
0	[SLPS]	0	-3.274	13.232	0	248.439	0	0	
0	[SLPS]	0	-3.545	13.121	0	248.413	0	0	
0	[SLPS]	0	-3.545	13.121	0	248.413	0	0	
0	[SLPS]	0	-3.824	13.013	0	248.388	0	0	
0	[SLPS]	0	-4.099	12.906	0	248.356	0	0	
0	[SLPS]	0	-4.099	12.906	0	248.356	0	0	
0	[SLPS]	0	-4.657	12.686	0	248.288	0	0	
0	[SLPS]	0	-4.657	12.686	0	248.288	0	0	
0	[SLPS]	0	-4.934	12.576	0	248.248	0	0	
0	[SLPS]	0	-5.209	12.455	0	248.192	0	0	
0	[SLPS]	0	-5.209	12.455	0	248.192	0	0	
0	[SLPS]	0	-5.764	12.227	0	248.101	0	0	
0	[SLPS]	0	-5.764	12.227	0	248.101	0	0	
0	[SLPS]	0	-6.041	12.112	0	248.056	0	0	
0	[SLPS]	0	-6.322	12.001	0	248.027	0	0	
0	[SLPS]	0	-6.604	11.891	0	247.999	0	0	
0	[SLPS]	0	-6.880	11.775	0	247.960	0	0	
0	[SLPS]	0	-6.880	11.775	0	247.960	0	0	
0	[SLPS]	0	-7.441	11.550	0	247.875	0	0	
0	[SLPS]	0	-7.441	11.550	0	247.875	0	0	
0	[SLPS]	0	-7.721	11.434	0	247.816	0	0	
0	[SLPS]	0	-7.999	11.322	0	247.749	0	0	
0	[SLPS]	0	-7.999	11.322	0	247.749	0	0	
0	[SLPS]	0	-8.562	11.084	0	247.612	0	0	
0	[SLPS]	0	-8.562	11.084	0	247.612	0	0	
0	[SLPS]	0	-8.844	10.971	0	247.546	0	0	
0	[SLPS]	0	-9.123	10.859	0	247.485	0	0	
0	[SLPS]	0	-9.123	10.859	0	247.485	0	0	
0	[SLPS]	0	-9.687	10.625	0	247.352	0	0	
0	[SLPS]	0	-9.687	10.625	0	247.352	0	0	
0	[SLPS]	0	-9.965	10.501	0	247.287	0	0	
0	[SLPS]	0	-10.240	10.386	0	247.231	0	0	
0	[SLPS]	0	-10.240	10.386	0	247.231	0	0	
0	[SLPS]	0	-10.798	10.149	0	247.105	0	0	
0	[SLPS]	0	-10.798	10.149	0	247.105	0	0	
0	[SLPS]	0	-11.072	10.025	0	247.028	0	0	
0	[SLPS]	0	-11.347	9.906	0	246.949	0	0	
0	[SLPS]	0	-11.347	9.906	0	246.949	0	0	
0	[SLPS]	0	-11.903	9.669	0	246.809	0	0	
0	[SLPS]	0	-11.903	9.669	0	246.809	0	0	
0	[SLPS]	0	-12.182	9.552	0	246.750	0	0	
0	[SLPS]	0	-12.460	9.431	0	246.696	0	0	
0	[SLPS]	0	-12.739	9.310	0	246.638	0	0	
0	[SLPS]	0	-13.017	9.191	0	246.580	0	0	
0	[SLPS]	0	-13.017	9.191	0	246.580	0	0	
0	[SLPS]	0	-13.296	9.066	0	246.517	0	0	
0	[SLPS]	0	-13.572	8.942	0	246.447	0	0	
0	[SLPS]	0	-13.850	8.822	0	246.375	0	0	
0	[SLPS]	0	-14.125	8.700	0	246.309	0	0	
0	[SLPS]	0	-14.125	8.700	0	246.309	0	0	
0	[SLPS]	0	-14.677	8.453	0	246.168	0	0	
0	[SLPS]	0	-14.677	8.453	0	246.168	0	0	
0	[SLPS]	0	-14.952	8.330	0	246.103	0	0	
0	[SLPS]	0	-15.227	8.211	0	246.040	0	0	
0	[SLPS]	0	-15.227	8.211	0	246.040	0	0	
0	[SLPS]	0	-15.773	7.964	0	245.910	0	0	
0	[SLPS]	0	-15.773	7.964	0	245.910	0	0	
0	[SLPS]	0	-16.050	7.841	0	245.850	0	0	
0	[SLPS]	0	-16.326	7.717	0	245.793	0	0	
0	[SLPS]	0	-16.326	7.717	0	245.793	0	0	
0	[SLPS]	0	-16.875	7.462	0	245.676	0	0	
0	[SLPS]	0	-16.875	7.462	0	245.676	0	0	
0	[SLPS]	0	-17.148	7.335	0	245.623	0	0	
0	[SLPS]	0	-17.424	7.205	0	245.570	0	0	
0	[SLPS]	0	-17.424	7.205	0	245.570	0	0	
0	[SLPS]	0	-17.974	6.958	0	245.465	0	0	
0	[SLPS]	0	-17.974	6.958	0	245.465	0	0	
0	[SLPS]	0	-18.248	6.830	0	245.408	0	0	
0	[SLPS]	0	-18.521	6.704	0	245.347	0	0	
0	[SLPS]	0	-18.521	6.704	0	245.347	0	0	
0	[SLPS]	0	-19.072	6.448	0	245.229	0	0	
0	[SLPS]	0	-19.072	6.448	0	245.229	0	0	
0	[SLPS]	0	-19.341	6.319	0	245.171	0	0	
0	[SLPS]	0	-19.618	6.197	0	245.117	0	0	
0	[SLPS]	0	-19.618	6.197	0	245.117	0	0	
0	[SLPS]	0	-20.162	5.941	0	245.012	0	0	
0	[SLPS]	0	-20.162	5.941	0	245.012	0	0	
0	[SLPS]	0	-20.442	5.815	0	244.958	0	0	
0	[SLPS]	0	-20.709	5.689	0	244.909	0	0	
0	[SLPS]	0	-20.983	5.562	0	244.865	0	0	
0	[SLPS]	0	-21.250	5.436	0	244.812	0	0	
0	[SLPS]	0	-21.250	5.436	0	244.812	0	0	
0	[SLPS]	0	-21.790	5.174	0	244.707	0	0	
0	[SLPS]	0	-21.790	5.174	0	244.707	0	0	
0	[SLPS]	0	-22.066	5.042	0	244.661	0	0	
0	[SLPS]	0	-22.332	4.917	0	244.606	0	0	
0	[SLPS]	0	-22.332	4.917	0	244.606	0	0	
0	[SLPS]	0	-22.872	4.661	0	244.512	0	0	
0	[SLPS]	0	-22.872	4.661	0	244.512	0	0	
0	[SLPS]	0	-23.135	4.524	0	244.448	0	0	
0	[SLPS]	0	-23.402	4.393	0	244.396	0	0	
0	[SLPS]	0	-23.402	4.393	0	244.396	0	0	
0	[SLPS]	0	-23.943	4.133	0	244.313	0	0	
0	[SLPS]	0	-23.943	4.133	0	244.313	0	0	
0	[SLPS]	0	-24.209	4.002	0	244.263	0	0	
0	[SLPS]	0	-24.487	3.876	0	244.215	0	0	
0	[SLPS]	0	-24.487	3.876	0	244.215	0	0	
0	[SLPS]	0	-25.022	3.615	0	244.124	0	0	
0	[SLPS]	0	-25.022	3.615	0	244.124	0	0	
0	[SLPS]	0	-25.290	3.483	0	244.073	0	0	
0	[SLPS]	0	-25.562	3.353	0	244.026	0	0	
0	[SLPS]	0	-25.832	3.219	0	243.975	0	0	
0	[SLPS]	0	-26.095	3.085	0	243.925	0	0	
0	[SLPS]	0	-26.095	3.085	0	243.925	0	0	
0	[SLPS]	0	-26.622	2.829	0	243.863	0	0	
0	[SLPS]	0	-26.622	2.829	0	243.863	0	0	
0	[SLPS]	0	-26.622	2.829	0	243.863	0	0	
0	[SLPS]	0	-27.154	2.568	0	243.823	0	0	
0	[SLPS]	0	-27.154	2.568	0	243.823	0	0	
0	[SLPS]	0	-27.410	2.435	0	243.802	0	0	
0	[SLPS]	0	-27.671	2.310	0	243.807	0	0	
0	[SLPS]	0	-27.671	2.310	0	243.807	0	0	
0	[SLPS]	0	-28.182	2.040	0	243.764	0	0	
0	[SLPS]	0	-28.182	2.040	0	243.764	0	0	
0	[SLPS]	0	-28.441	1.916	0	243.758	0	0	
0	[SLPS]	0	-28.697	1.787	0	243.742	0	0	
0	[SLPS]	0	-28.697	1.787	0	243.742	0	0	
0	[SLPS]	0	-29.206	1.546	0	243.726	0	0	
0	[SLPS]	0	-29.206	1.546	0	243.726	0	0	
0	[SLPS]	0	-29.463	1.418	0	243.702	0	0	
0	[SLPS]	0	-29.713	1.292	0	243.674	0	0	
0	[SLPS]	0	-29.713	1.292	0	243.674	0	0	
0	[SLPS]	0	-30.216	1.052	0	243.625	0	0	
0	[SLPS]	0	-30.216	1.052	0	243.625	0	0	
0	[SLPS]	0	-30.467	0.930	0	243.602	0	0	
0	[SLPS]	0	-30.716	0.809	0	243.581	0	0	
0	[SLPS]	0	-30.964	0.679	0	243.541	0	0	
0	[SLPS]	0	-31.206	0.559	0	243.514	0	0	
0	[SLPS]	0	-31.206	0.559	0	243.514	0	0	
0	[SLPS]	0	-31.452	0.438	0	243.487	0	0	
0	[SLPS]	0	-31.695	0.311	0	243.449	0	0	
0	[SLPS]	0	-31.942	0.188	0	243.422	0	0	
0	[SLPS]	0	-32.186	0.062	0	243.384	0	0	
0	[SLPS]	0	-32.186	0.062	0	243.384	0	0	
0	[SLPS]	0	-32.676	-0.182	0	243.326	0	0	
0	[SLPS]	0	-32.676	-0.182	0	243.326	0	0	
0	[SLPS]	0	-32.913	-0.311	0	243.291	0	0	
0	[SLPS]	0	-33.161	-0.437	0	243.269	0	0	
0	[SLPS]	0	-33.161	-0.437	0	243.269	0	0	
0	[SLPS]	0	-33.420	-0.561	0	243.254	0	0	
0	[SLPS]	0	-33.657	-0.686	0	243.217	0	0	
0	[SLPS]	0	-33.903	-0.813	0	243.194	0	0	
0	[SLPS]	0	-34.149	-0.941	0	243.174	0	0	
0	[SLPS]	0	-34.149	-0.941	0	243.174	0	0	
0	[SLPS]	0	-34.628	-1.188	0	243.141	0	0	
0	[SLPS]	0	-34.628	-1.188	0	243.141	0	0	
0	[SLPS]	0	-34.874	-1.307	0	243.135	0	0	
0	[SLPS]	0	-35.119	-1.435	0	243.114	0	0	
0	[SLPS]	0	-35.119	-1.435	0	243.114	0	0	
0	[SLPS]	0	-35.606	-1.682	0	243.088	0	0	
0	[SLPS]	0	-35.606	-1.682	0	243.088	0	0	
0	[SLPS]	0	-35.855	-1.801	0	243.078	0	0	
0	[SLPS]	0	-36.096	-1.930	0	243.054	0	0	
0	[SLPS]	0	-36.096	-1.930	0	243.054	0	0	
0	[SLPS]	0	-36.589	-2.174	0	243.033	0	0	
0	[SLPS]	0	-36.589	-2.174	0	243.033	0	0	
0	[SLPS]	0	-36.833	-2.294	0	243.026	0	0	
0	[SLPS]	0	-37.075	-2.421	0	243.002	0	0	
0	[SLPS]	0	-37.075	-2.421	0	243.002	0	0	
0	[SLPS]	0	-37.557	-2.668	0	242.965	0	0	
0	[SLPS]	0	-37.557	-2.668	0	242.965	0	0	
0	[SLPS]	0	-37.793	-2.794	0	242.943	0	0	
0	[SLPS]	0	-38.034	-2.917	0	242.931	0	0	
0	[SLPS]	0	-38.034	-2.917	0	242.931	0	0	
0	[SLPS]	0	-38.512	-3.163	0	242.938	0	0	
0	[SLPS]	0	-38.512	-3.163	0	242.938	0	0	
0	[SLPS]	0	-38.757	-3.286	0	242.949	0	0	
0	[SLPS]	0	-39.000	-3.413	0	242.951	0	0	
0	[SLPS]	0	-39.000	-3.413	0	242.951	0	0	
0	[SLPS]	0	-39.475	-3.659	0	242.940	0	0	
0	[SLPS]	0	-39.475	-3.659	0	242.940	0	0	
0	[SLPS]	0	-39.716	-3.778	0	242.942	0	0	
0	[SLPS]	0	-39.952	-3.891	0	242.952	0	0	
0	[SLPS]	0	-40.184	-4.018	0	242.937	0	0	
0	[SLPS]	0	-40.424	-4.137	0	242.934	0	0	
0	[SLPS]	0	-40.424	-4.137	0	242.934	0	0	
0	[SLPS]	0	-40.659	-4.250	0	242.950	0	0	
0	[SLPS]	0	-40.892	-4.365	0	242.959	0	0	
0	[SLPS]	0	-41.122	-4.484	0	242.962	0	0	
0	[SLPS]	0	-41.350	-4.602	0	242.965	0	0	
0	[SLPS]	0	-41.350	-4.602	0	242.965	0	0	
0	[SLPS]	0	-41.805	-4.837	0	242.949	0	0	
0	[SLPS]	0	-41.805	-4.837	0	242.949	0	0	
0	[SLPS]	0	-42.033	-4.962	0	242.950	0	0	
0	[SLPS]	0	-42.258	-5.079	0	242.974	0	0	
0	[SLPS]	0	-42.258	-5.079	0	242.974	0	0	
0	[SLPS]	0	-42.701	-5.315	0	242.964	0	0	
0	[SLPS]	0	-42.701	-5.315	0	242.964	0	0	
0	[SLPS]	0	-42.923	-5.430	0	242.961	0	0	
0	[SLPS]	0	-43.142	-5.542	0	242.961	0	0	
0	[SLPS]	0	-43.142	-5.542	0	242.961	0	0	
0	[SLPS]	0	-43.576	-5.774	0	242.947	0	0	
0	[SLPS]	0	-43.576	-5.774	0	242.947	0	0	
0	[SLPS]	0	-43.802	-5.877	0	242.962	0	0	
0	[SLPS]	0	-44.016	-5.989	0	242.960	0	0	
0	[SLPS]	0	-44.016	-5.989	0	242.960	0	0	
0	[SLPS]	0	-44.454	-6.208	0	242.991	0	0	
0	[SLPS]	0	-44.454	-6.208	0	242.991	0	0	
0	[SLPS]	0	-44.671	-6.314	0	243.013	0	0	
0	[SLPS]	0	-44.881	-6.420	0	243.039	0	0	
0	[SLPS]	0	-44.881	-6.420	0	243.039	0	0	
0	[SLPS]	0	-45.308	-6.634	0	243.055	0	0	
0	[SLPS]	0	-45.308	-6.634	0	243.055	0	0	
0	[SLPS]	0	-45.516	-6.738	0	243.059	0	0	
0	[SLPS]	0	-45.712	-6.849	0	243.052	0	0	
0	[SLPS]	0	-45.712	-6.849	0	243.052	0	0	
0	[SLPS]	0	-46.125	-7.057	0	243.072	0	0	
0	[SLPS]	0	-46.125	-7.057	0	243.072	0	0	
0	[SLPS]	0	-46.329	-7.161	0	243.096	0	0	
0	[SLPS]	0	-46.527	-7.273	0	243.087	0	0	
0	[SLPS]	0	-46.729	-7.369	0	243.101	0	0	
0	[SLPS]	0	-46.929	-7.476	0	243.105	0	0	
0	[SLPS]	0	-46.929	-7.476	0	243.105	0	0	
0	[SLPS]	0	-47.337	-7.670	0	243.117	0	0	
0	[SLPS]	0	-47.337	-7.670	0	243.117	0	0	
0	[SLPS]	0	-47.541	-7.767	0	243.123	0	0	
0	[SLPS]	0	-47.744	-7.870	0	243.123	0	0	
0	[SLPS]	0	-47.744	-7.870	0	243.123	0	0	
0	[SLPS]	0	-48.138	-8.078	0	243.135	0	0	
0	[SLPS]	0	-48.138	-8.078	0	243.135	0	0	
0	[SLPS]	0	-48.344	-8.169	0	243.157	0	0	
0	[SLPS]	0	-48.542	-8.274	0	243.156	0	0	
0	[SLPS]	0	-48.542	-8.274	0	243.156	0	0	
0	[SLPS]	0	-48.741	-8.377	0	243.153	0	0	
0	[SLPS]	0	-48.941	-8.476	0	243.153	0	0	
0	[SLPS]	0	-49.144	-8.577	0	243.156	0	0	
0	[SLPS]	0	-49.345	-8.676	0	243.164	0	0	
0	[SLPS]	0	-49.345	-8.676	0	243.164	0	0	
0	[SLPS]	0	-49.548	-8.773	0	243.172	0	0	
0	[SLPS]	0	-49.742	-8.876	0	243.165	0	0	
0	[SLPS]	0	-49.935	-8.976	0	243.157	0	0	
0	[SLPS]	0	-50.133	-9.075	0	243.151	0	0	
0	[SLPS]	0	-50.133	-9.075	0	243.151	0	0	
0	[SLPS]	0	-50.532	-9.274	0	243.144	0	0	
0	[SLPS]	0	-50.532	-9.274	0	243.144	0	0	
0	[SLPS]	0	-50.725	-9.378	0	243.127	0	0	
0	[SLPS]	0	-50.924	-9.477	0	243.122	0	0	
0	[SLPS]	0	-50.924	-9.477	0	243.122	0	0	
0	[SLPS]	0	-51.312	-9.672	0	243.117	0	0	
0	[SLPS]	0	-51.312	-9.672	0	243.117	0	0	
0	[SLPS]	0	-51.501	-9.775	0	243.113	0	0	
0	[SLPS]	0	-51.700	-9.874	0	243.120	0	0	
0	[SLPS]	0	-51.700	-9.874	0	243.120	0	0	
0	[SLPS]	0	-51.893	-9.972	0	243.119	0	0	
0	[SLPS]	0	-52.084	-10.068	0	243.118	0	0	
0	[SLPS]	0	-52.282	-10.165	0	243.119	0	0	
0	[SLPS]	0	-52.478	-10.261	0	243.122	0	0	
0	[SLPS]	0	-52.478	-10.261	0	243.122	0	0	
