0	[SLPS]	0	-145.605	125.134	0	75.406	0	0	
0	[SLPS]	0	-145.603	125.134	0	75.406	0	0	
0	[SLPS]	0	-145.603	125.134	0	75.411	0	0	
0	[SLPS]	0	-145.604	125.133	0	75.412	0	0	
0	[SLPS]	0	-145.605	125.135	0	75.413	0	0	
0	[SLPS]	0	-145.605	125.135	0	75.413	0	0	
0	[SLPS]	0	-145.604	125.136	0	75.412	0	0	
0	[SLPS]	0	-145.604	125.136	0	75.412	0	0	
0	[SLPS]	0	-145.605	125.136	0	75.498	0	0	
0	[SLPS]	0	-145.606	125.135	0	75.500	0	0	
0	[SLPS]	0	-145.606	125.135	0	75.500	0	0	
0	[SLPS]	0	-145.605	125.135	0	75.500	0	0	
0	[SLPS]	0	-145.605	125.135	0	75.500	0	0	
0	[SLPS]	0	-145.607	125.136	0	75.499	0	0	
0	[SLPS]	0	-145.607	125.136	0	75.499	0	0	
0	[SLPS]	0	-145.607	125.136	0	75.499	0	0	
0	[SLPS]	0	-145.607	125.135	0	75.506	0	0	
0	[SLPS]	0	-145.607	125.135	0	75.506	0	0	
0	[SLPS]	0	-145.606	125.136	0	75.510	0	0	
0	[SLPS]	0	-145.604	125.137	0	75.512	0	0	
0	[SLPS]	0	-145.604	125.137	0	75.512	0	0	
0	[SLPS]	0	-145.603	125.137	0	75.513	0	0	
0	[SLPS]	0	-145.601	125.136	0	75.516	0	0	
0	[SLPS]	0	-145.601	125.136	0	75.516	0	0	
0	[SLPS]	0	-145.595	125.138	0	75.523	0	0	
0	[SLPS]	0	-145.595	125.138	0	75.523	0	0	
0	[SLPS]	0	-145.592	125.140	0	75.526	0	0	
0	[SLPS]	0	-145.590	125.142	0	75.531	0	0	
0	[SLPS]	0	-145.590	125.142	0	75.531	0	0	
0	[SLPS]	0	-145.583	125.143	0	75.538	0	0	
0	[SLPS]	0	-145.583	125.143	0	75.538	0	0	
0	[SLPS]	0	-145.580	125.146	0	75.541	0	0	
0	[SLPS]	0	-145.576	125.146	0	75.545	0	0	
0	[SLPS]	0	-145.572	125.147	0	75.628	0	0	
0	[SLPS]	0	-145.568	125.148	0	75.633	0	0	
0	[SLPS]	0	-145.568	125.148	0	75.633	0	0	
0	[SLPS]	0	-145.560	125.150	0	75.643	0	0	
0	[SLPS]	0	-145.560	125.150	0	75.643	0	0	
0	[SLPS]	0	-145.556	125.151	0	75.646	0	0	
0	[SLPS]	0	-145.553	125.151	0	75.650	0	0	
0	[SLPS]	0	-145.553	125.151	0	75.650	0	0	
0	[SLPS]	0	-145.545	125.150	0	75.659	0	0	
0	[SLPS]	0	-145.545	125.150	0	75.659	0	0	
0	[SLPS]	0	-145.542	125.150	0	75.664	0	0	
0	[SLPS]	0	-145.540	125.148	0	75.670	0	0	
0	[SLPS]	0	-145.540	125.148	0	75.670	0	0	
0	[SLPS]	0	-145.532	125.152	0	75.680	0	0	
0	[SLPS]	0	-145.532	125.152	0	75.680	0	0	
0	[SLPS]	0	-145.528	125.152	0	75.684	0	0	
0	[SLPS]	0	-145.525	125.150	0	75.690	0	0	
0	[SLPS]	0	-145.525	125.150	0	75.690	0	0	
0	[SLPS]	0	-145.519	125.154	0	75.706	0	0	
0	[SLPS]	0	-145.519	125.154	0	75.706	0	0	
0	[SLPS]	0	-145.514	125.156	0	75.712	0	0	
0	[SLPS]	0	-145.509	125.157	0	75.719	0	0	
0	[SLPS]	0	-145.509	125.157	0	75.719	0	0	
0	[SLPS]	0	-145.497	125.162	0	75.735	0	0	
0	[SLPS]	0	-145.497	125.162	0	75.735	0	0	
0	[SLPS]	0	-145.489	125.164	0	75.814	0	0	
0	[SLPS]	0	-145.480	125.166	0	75.828	0	0	
0	[SLPS]	0	-145.480	125.166	0	75.828	0	0	
0	[SLPS]	0	-145.454	125.173	0	75.851	0	0	
0	[SLPS]	0	-145.454	125.173	0	75.851	0	0	
0	[SLPS]	0	-145.439	125.179	0	75.861	0	0	
0	[SLPS]	0	-145.423	125.183	0	75.875	0	0	
0	[SLPS]	0	-145.423	125.183	0	75.875	0	0	
0	[SLPS]	0	-145.390	125.195	0	75.910	0	0	
0	[SLPS]	0	-145.390	125.195	0	75.910	0	0	
0	[SLPS]	0	-145.373	125.201	0	75.931	0	0	
0	[SLPS]	0	-145.359	125.208	0	75.950	0	0	
0	[SLPS]	0	-145.342	125.213	0	75.966	0	0	
0	[SLPS]	0	-145.327	125.218	0	75.980	0	0	
0	[SLPS]	0	-145.327	125.218	0	75.980	0	0	
0	[SLPS]	0	-145.314	125.223	0	75.991	0	0	
0	[SLPS]	0	-145.296	125.226	0	76.000	0	0	
0	[SLPS]	0	-145.280	125.230	0	76.009	0	0	
0	[SLPS]	0	-145.262	125.233	0	76.022	0	0	
0	[SLPS]	0	-145.262	125.233	0	76.022	0	0	
0	[SLPS]	0	-145.232	125.243	0	76.045	0	0	
0	[SLPS]	0	-145.232	125.243	0	76.045	0	0	
0	[SLPS]	0	-145.216	125.247	0	76.052	0	0	
0	[SLPS]	0	-145.199	125.253	0	76.058	0	0	
0	[SLPS]	0	-145.199	125.253	0	76.058	0	0	
0	[SLPS]	0	-145.157	125.262	0	76.112	0	0	
0	[SLPS]	0	-145.157	125.262	0	76.112	0	0	
0	[SLPS]	0	-145.133	125.266	0	76.115	0	0	
0	[SLPS]	0	-145.107	125.274	0	76.115	0	0	
0	[SLPS]	0	-145.107	125.274	0	76.115	0	0	
0	[SLPS]	0	-145.051	125.288	0	76.111	0	0	
0	[SLPS]	0	-145.051	125.288	0	76.111	0	0	
0	[SLPS]	0	-145.019	125.296	0	76.108	0	0	
0	[SLPS]	0	-144.984	125.304	0	76.106	0	0	
0	[SLPS]	0	-144.984	125.304	0	76.106	0	0	
0	[SLPS]	0	-144.899	125.323	0	76.107	0	0	
0	[SLPS]	0	-144.899	125.323	0	76.107	0	0	
0	[SLPS]	0	-144.858	125.337	0	76.108	0	0	
0	[SLPS]	0	-144.818	125.349	0	76.102	0	0	
0	[SLPS]	0	-144.818	125.349	0	76.102	0	0	
0	[SLPS]	0	-144.725	125.375	0	76.077	0	0	
0	[SLPS]	0	-144.725	125.375	0	76.077	0	0	
0	[SLPS]	0	-144.679	125.387	0	76.066	0	0	
0	[SLPS]	0	-144.635	125.401	0	76.060	0	0	
0	[SLPS]	0	-144.635	125.401	0	76.060	0	0	
0	[SLPS]	0	-144.534	125.429	0	76.055	0	0	
0	[SLPS]	0	-144.534	125.429	0	76.055	0	0	
0	[SLPS]	0	-144.486	125.445	0	76.049	0	0	
0	[SLPS]	0	-144.437	125.456	0	76.040	0	0	
0	[SLPS]	0	-144.437	125.456	0	76.040	0	0	
0	[SLPS]	0	-144.331	125.486	0	76.066	0	0	
0	[SLPS]	0	-144.331	125.486	0	76.066	0	0	
0	[SLPS]	0	-144.276	125.503	0	76.057	0	0	
0	[SLPS]	0	-144.223	125.518	0	76.054	0	0	
0	[SLPS]	0	-144.167	125.532	0	76.053	0	0	
0	[SLPS]	0	-144.109	125.550	0	76.053	0	0	
0	[SLPS]	0	-144.109	125.550	0	76.053	0	0	
0	[SLPS]	0	-144.048	125.570	0	75.956	0	0	
0	[SLPS]	0	-143.988	125.588	0	75.907	0	0	
0	[SLPS]	0	-143.926	125.601	0	75.895	0	0	
0	[SLPS]	0	-143.863	125.620	0	75.826	0	0	
0	[SLPS]	0	-143.863	125.620	0	75.826	0	0	
0	[SLPS]	0	-143.801	125.640	0	75.737	0	0	
0	[SLPS]	0	-143.739	125.658	0	75.731	0	0	
0	[SLPS]	0	-143.672	125.675	0	75.747	0	0	
0	[SLPS]	0	-143.604	125.695	0	75.714	0	0	
0	[SLPS]	0	-143.604	125.695	0	75.714	0	0	
0	[SLPS]	0	-143.473	125.736	0	75.559	0	0	
0	[SLPS]	0	-143.473	125.736	0	75.559	0	0	
0	[SLPS]	0	-143.403	125.753	0	75.573	0	0	
0	[SLPS]	0	-143.336	125.769	0	75.599	0	0	
0	[SLPS]	0	-143.336	125.769	0	75.599	0	0	
0	[SLPS]	0	-143.195	125.811	0	75.562	0	0	
0	[SLPS]	0	-143.195	125.811	0	75.562	0	0	
0	[SLPS]	0	-143.122	125.826	0	75.702	0	0	
0	[SLPS]	0	-143.049	125.850	0	75.621	0	0	
0	[SLPS]	0	-143.049	125.850	0	75.621	0	0	
0	[SLPS]	0	-142.897	125.892	0	75.600	0	0	
0	[SLPS]	0	-142.897	125.892	0	75.600	0	0	
0	[SLPS]	0	-142.823	125.909	0	75.648	0	0	
0	[SLPS]	0	-142.749	125.929	0	75.657	0	0	
0	[SLPS]	0	-142.749	125.929	0	75.657	0	0	
0	[SLPS]	0	-142.594	125.974	0	75.710	0	0	
0	[SLPS]	0	-142.594	125.974	0	75.710	0	0	
0	[SLPS]	0	-142.516	125.995	0	75.768	0	0	
0	[SLPS]	0	-142.437	126.015	0	75.826	0	0	
0	[SLPS]	0	-142.437	126.015	0	75.826	0	0	
0	[SLPS]	0	-142.280	126.052	0	75.941	0	0	
0	[SLPS]	0	-142.280	126.052	0	75.941	0	0	
0	[SLPS]	0	-142.117	126.095	0	76.086	0	0	
0	[SLPS]	0	-142.117	126.095	0	76.086	0	0	
0	[SLPS]	0	-142.034	126.118	0	76.167	0	0	
0	[SLPS]	0	-141.953	126.139	0	76.244	0	0	
0	[SLPS]	0	-141.953	126.139	0	76.244	0	0	
0	[SLPS]	0	-141.783	126.183	0	76.390	0	0	
0	[SLPS]	0	-141.783	126.183	0	76.390	0	0	
0	[SLPS]	0	-141.693	126.201	0	76.459	0	0	
0	[SLPS]	0	-141.604	126.224	0	76.529	0	0	
0	[SLPS]	0	-141.604	126.224	0	76.529	0	0	
0	[SLPS]	0	-141.425	126.271	0	76.652	0	0	
0	[SLPS]	0	-141.425	126.271	0	76.652	0	0	
0	[SLPS]	0	-141.337	126.289	0	76.708	0	0	
0	[SLPS]	0	-141.249	126.314	0	76.768	0	0	
0	[SLPS]	0	-141.249	126.314	0	76.768	0	0	
0	[SLPS]	0	-141.159	126.338	0	76.835	0	0	
0	[SLPS]	0	-141.070	126.358	0	76.905	0	0	
0	[SLPS]	0	-140.981	126.379	0	76.972	0	0	
0	[SLPS]	0	-140.893	126.400	0	77.030	0	0	
0	[SLPS]	0	-140.893	126.400	0	77.030	0	0	
0	[SLPS]	0	-140.808	126.425	0	77.081	0	0	
0	[SLPS]	0	-140.716	126.449	0	77.082	0	0	
0	[SLPS]	0	-140.630	126.466	0	77.139	0	0	
0	[SLPS]	0	-140.547	126.485	0	77.200	0	0	
0	[SLPS]	0	-140.547	126.485	0	77.200	0	0	
0	[SLPS]	0	-140.374	126.530	0	77.327	0	0	
0	[SLPS]	0	-140.374	126.530	0	77.327	0	0	
0	[SLPS]	0	-140.287	126.548	0	77.374	0	0	
0	[SLPS]	0	-140.204	126.570	0	77.348	0	0	
0	[SLPS]	0	-140.204	126.570	0	77.348	0	0	
0	[SLPS]	0	-140.041	126.602	0	77.481	0	0	
0	[SLPS]	0	-140.041	126.602	0	77.481	0	0	
0	[SLPS]	0	-139.961	126.618	0	77.543	0	0	
0	[SLPS]	0	-139.880	126.636	0	77.601	0	0	
0	[SLPS]	0	-139.880	126.636	0	77.601	0	0	
0	[SLPS]	0	-139.716	126.673	0	77.662	0	0	
0	[SLPS]	0	-139.716	126.673	0	77.662	0	0	
0	[SLPS]	0	-139.630	126.695	0	77.620	0	0	
0	[SLPS]	0	-139.553	126.713	0	77.647	0	0	
0	[SLPS]	0	-139.553	126.713	0	77.647	0	0	
0	[SLPS]	0	-139.386	126.755	0	77.697	0	0	
0	[SLPS]	0	-139.386	126.755	0	77.697	0	0	
0	[SLPS]	0	-139.303	126.775	0	77.747	0	0	
0	[SLPS]	0	-139.217	126.798	0	77.733	0	0	
0	[SLPS]	0	-139.217	126.798	0	77.733	0	0	
0	[SLPS]	0	-139.040	126.842	0	77.762	0	0	
0	[SLPS]	0	-139.040	126.842	0	77.762	0	0	
0	[SLPS]	0	-138.959	126.857	0	77.859	0	0	
0	[SLPS]	0	-138.875	126.877	0	77.859	0	0	
0	[SLPS]	0	-138.875	126.877	0	77.859	0	0	
0	[SLPS]	0	-138.709	126.917	0	77.873	0	0	
0	[SLPS]	0	-138.709	126.917	0	77.873	0	0	
0	[SLPS]	0	-138.626	126.932	0	77.950	0	0	
0	[SLPS]	0	-138.545	126.957	0	77.867	0	0	
0	[SLPS]	0	-138.545	126.957	0	77.867	0	0	
0	[SLPS]	0	-138.378	126.990	0	78.001	0	0	
0	[SLPS]	0	-138.378	126.990	0	78.001	0	0	
0	[SLPS]	0	-138.295	127.005	0	78.056	0	0	
0	[SLPS]	0	-138.213	127.027	0	78.015	0	0	
0	[SLPS]	0	-138.213	127.027	0	78.015	0	0	
0	[SLPS]	0	-138.043	127.059	0	78.124	0	0	
0	[SLPS]	0	-138.043	127.059	0	78.124	0	0	
0	[SLPS]	0	-137.959	127.079	0	78.113	0	0	
0	[SLPS]	0	-137.871	127.100	0	78.101	0	0	
0	[SLPS]	0	-137.871	127.100	0	78.101	0	0	
0	[SLPS]	0	-137.696	127.135	0	78.186	0	0	
0	[SLPS]	0	-137.696	127.135	0	78.186	0	0	
0	[SLPS]	0	-137.610	127.160	0	78.129	0	0	
0	[SLPS]	0	-137.525	127.176	0	78.184	0	0	
0	[SLPS]	0	-137.525	127.176	0	78.184	0	0	
0	[SLPS]	0	-137.352	127.203	0	78.316	0	0	
0	[SLPS]	0	-137.352	127.203	0	78.316	0	0	
0	[SLPS]	0	-137.269	127.219	0	78.353	0	0	
0	[SLPS]	0	-137.184	127.237	0	78.375	0	0	
0	[SLPS]	0	-137.184	127.237	0	78.375	0	0	
0	[SLPS]	0	-137.011	127.282	0	78.337	0	0	
0	[SLPS]	0	-137.011	127.282	0	78.337	0	0	
0	[SLPS]	0	-136.923	127.308	0	78.313	0	0	
0	[SLPS]	0	-136.841	127.326	0	78.366	0	0	
0	[SLPS]	0	-136.841	127.326	0	78.366	0	0	
0	[SLPS]	0	-136.669	127.371	0	78.677	0	0	
0	[SLPS]	0	-136.669	127.371	0	78.677	0	0	
0	[SLPS]	0	-136.584	127.392	0	78.448	0	0	
0	[SLPS]	0	-136.494	127.409	0	78.500	0	0	
0	[SLPS]	0	-136.494	127.409	0	78.500	0	0	
0	[SLPS]	0	-136.321	127.450	0	78.530	0	0	
0	[SLPS]	0	-136.321	127.450	0	78.530	0	0	
0	[SLPS]	0	-136.234	127.456	0	78.652	0	0	
0	[SLPS]	0	-136.149	127.468	0	78.709	0	0	
0	[SLPS]	0	-136.149	127.468	0	78.709	0	0	
0	[SLPS]	0	-135.975	127.502	0	78.738	0	0	
0	[SLPS]	0	-135.975	127.502	0	78.738	0	0	
0	[SLPS]	0	-135.887	127.522	0	78.718	0	0	
0	[SLPS]	0	-135.800	127.533	0	78.809	0	0	
0	[SLPS]	0	-135.714	127.551	0	78.837	0	0	
0	[SLPS]	0	-135.632	127.583	0	78.741	0	0	
0	[SLPS]	0	-135.632	127.583	0	78.741	0	0	
0	[SLPS]	0	-135.459	127.623	0	78.827	0	0	
0	[SLPS]	0	-135.459	127.623	0	78.827	0	0	
0	[SLPS]	0	-135.373	127.646	0	78.840	0	0	
0	[SLPS]	0	-135.286	127.659	0	78.942	0	0	
0	[SLPS]	0	-135.286	127.659	0	78.942	0	0	
0	[SLPS]	0	-135.120	127.695	0	79.021	0	0	
0	[SLPS]	0	-135.120	127.695	0	79.021	0	0	
0	[SLPS]	0	-135.036	127.712	0	79.091	0	0	
0	[SLPS]	0	-134.951	127.732	0	79.163	0	0	
0	[SLPS]	0	-134.951	127.732	0	79.163	0	0	
0	[SLPS]	0	-134.785	127.747	0	79.317	0	0	
0	[SLPS]	0	-134.785	127.747	0	79.317	0	0	
0	[SLPS]	0	-134.702	127.761	0	79.396	0	0	
0	[SLPS]	0	-134.622	127.777	0	79.475	0	0	
0	[SLPS]	0	-134.622	127.777	0	79.475	0	0	
0	[SLPS]	0	-134.457	127.803	0	79.642	0	0	
0	[SLPS]	0	-134.457	127.803	0	79.642	0	0	
0	[SLPS]	0	-134.376	127.805	0	79.726	0	0	
0	[SLPS]	0	-134.293	127.822	0	79.807	0	0	
0	[SLPS]	0	-134.293	127.822	0	79.807	0	0	
0	[SLPS]	0	-134.131	127.852	0	79.971	0	0	
0	[SLPS]	0	-134.131	127.852	0	79.971	0	0	
0	[SLPS]	0	-134.049	127.869	0	80.054	0	0	
0	[SLPS]	0	-133.971	127.877	0	80.135	0	0	
0	[SLPS]	0	-133.971	127.877	0	80.135	0	0	
0	[SLPS]	0	-133.816	127.915	0	80.289	0	0	
0	[SLPS]	0	-133.816	127.915	0	80.289	0	0	
0	[SLPS]	0	-133.740	127.930	0	80.372	0	0	
0	[SLPS]	0	-133.664	127.950	0	80.463	0	0	
0	[SLPS]	0	-133.664	127.950	0	80.463	0	0	
0	[SLPS]	0	-133.508	127.968	0	80.653	0	0	
0	[SLPS]	0	-133.508	127.968	0	80.653	0	0	
0	[SLPS]	0	-133.431	127.975	0	80.744	0	0	
0	[SLPS]	0	-133.354	127.994	0	80.829	0	0	
0	[SLPS]	0	-133.280	128.003	0	80.917	0	0	
0	[SLPS]	0	-133.205	128.015	0	81.007	0	0	
0	[SLPS]	0	-133.205	128.015	0	81.007	0	0	
0	[SLPS]	0	-133.056	128.035	0	81.199	0	0	
0	[SLPS]	0	-133.056	128.035	0	81.199	0	0	
0	[SLPS]	0	-132.982	128.040	0	81.292	0	0	
0	[SLPS]	0	-132.901	128.054	0	81.382	0	0	
0	[SLPS]	0	-132.901	128.054	0	81.382	0	0	
0	[SLPS]	0	-132.755	128.060	0	81.559	0	0	
0	[SLPS]	0	-132.755	128.060	0	81.559	0	0	
0	[SLPS]	0	-132.680	128.072	0	81.650	0	0	
0	[SLPS]	0	-132.610	128.078	0	81.742	0	0	
0	[SLPS]	0	-132.610	128.078	0	81.742	0	0	
0	[SLPS]	0	-132.456	128.086	0	81.918	0	0	
0	[SLPS]	0	-132.456	128.086	0	81.918	0	0	
0	[SLPS]	0	-132.379	128.109	0	82.001	0	0	
0	[SLPS]	0	-132.301	128.110	0	82.087	0	0	
0	[SLPS]	0	-132.301	128.110	0	82.087	0	0	
0	[SLPS]	0	-132.151	128.136	0	82.265	0	0	
0	[SLPS]	0	-132.151	128.136	0	82.265	0	0	
0	[SLPS]	0	-132.076	128.146	0	82.356	0	0	
0	[SLPS]	0	-132.000	128.148	0	82.443	0	0	
0	[SLPS]	0	-131.922	128.159	0	82.529	0	0	
0	[SLPS]	0	-131.848	128.169	0	82.614	0	0	
0	[SLPS]	0	-131.848	128.169	0	82.614	0	0	
0	[SLPS]	0	-131.769	128.177	0	82.696	0	0	
0	[SLPS]	0	-131.694	128.190	0	82.782	0	0	
0	[SLPS]	0	-131.622	128.195	0	82.869	0	0	
0	[SLPS]	0	-131.548	128.203	0	82.960	0	0	
0	[SLPS]	0	-131.548	128.203	0	82.960	0	0	
0	[SLPS]	0	-131.406	128.218	0	83.135	0	0	
0	[SLPS]	0	-131.406	128.218	0	83.135	0	0	
0	[SLPS]	0	-131.340	128.230	0	83.221	0	0	
0	[SLPS]	0	-131.270	128.238	0	83.305	0	0	
0	[SLPS]	0	-131.270	128.238	0	83.305	0	0	
0	[SLPS]	0	-131.126	128.249	0	83.479	0	0	
0	[SLPS]	0	-131.126	128.249	0	83.479	0	0	
0	[SLPS]	0	-131.060	128.247	0	83.570	0	0	
0	[SLPS]	0	-130.987	128.257	0	83.663	0	0	
0	[SLPS]	0	-130.987	128.257	0	83.663	0	0	
0	[SLPS]	0	-130.845	128.283	0	83.840	0	0	
0	[SLPS]	0	-130.845	128.283	0	83.840	0	0	
0	[SLPS]	0	-130.773	128.292	0	83.924	0	0	
0	[SLPS]	0	-130.697	128.304	0	84.011	0	0	
0	[SLPS]	0	-130.623	128.312	0	84.103	0	0	
0	[SLPS]	0	-130.550	128.329	0	84.203	0	0	
0	[SLPS]	0	-130.550	128.329	0	84.203	0	0	
0	[SLPS]	0	-130.405	128.343	0	84.392	0	0	
0	[SLPS]	0	-130.405	128.343	0	84.392	0	0	
0	[SLPS]	0	-130.327	128.354	0	84.479	0	0	
0	[SLPS]	0	-130.251	128.362	0	84.567	0	0	
0	[SLPS]	0	-130.251	128.362	0	84.567	0	0	
0	[SLPS]	0	-130.097	128.369	0	84.761	0	0	
0	[SLPS]	0	-130.097	128.369	0	84.761	0	0	
0	[SLPS]	0	-130.016	128.377	0	84.865	0	0	
0	[SLPS]	0	-129.940	128.384	0	84.965	0	0	
0	[SLPS]	0	-129.940	128.384	0	84.965	0	0	
0	[SLPS]	0	-129.789	128.396	0	85.142	0	0	
0	[SLPS]	0	-129.789	128.396	0	85.142	0	0	
0	[SLPS]	0	-129.719	128.410	0	85.233	0	0	
0	[SLPS]	0	-129.635	128.419	0	85.334	0	0	
0	[SLPS]	0	-129.635	128.419	0	85.334	0	0	
0	[SLPS]	0	-129.481	128.413	0	85.537	0	0	
0	[SLPS]	0	-129.481	128.413	0	85.537	0	0	
0	[SLPS]	0	-129.407	128.420	0	85.635	0	0	
0	[SLPS]	0	-129.329	128.422	0	85.737	0	0	
0	[SLPS]	0	-129.329	128.422	0	85.737	0	0	
0	[SLPS]	0	-129.184	128.439	0	85.947	0	0	
0	[SLPS]	0	-129.184	128.439	0	85.947	0	0	
0	[SLPS]	0	-129.110	128.433	0	86.057	0	0	
0	[SLPS]	0	-129.038	128.436	0	86.174	0	0	
0	[SLPS]	0	-129.038	128.436	0	86.174	0	0	
0	[SLPS]	0	-128.894	128.455	0	86.402	0	0	
0	[SLPS]	0	-128.894	128.455	0	86.402	0	0	
0	[SLPS]	0	-128.820	128.461	0	86.513	0	0	
0	[SLPS]	0	-128.740	128.468	0	86.634	0	0	
0	[SLPS]	0	-128.740	128.468	0	86.634	0	0	
0	[SLPS]	0	-128.591	128.474	0	86.900	0	0	
0	[SLPS]	0	-128.591	128.474	0	86.900	0	0	
0	[SLPS]	0	-128.516	128.474	0	87.039	0	0	
0	[SLPS]	0	-128.436	128.478	0	87.177	0	0	
0	[SLPS]	0	-128.436	128.478	0	87.177	0	0	
0	[SLPS]	0	-128.278	128.483	0	87.469	0	0	
0	[SLPS]	0	-128.278	128.483	0	87.469	0	0	
0	[SLPS]	0	-128.198	128.485	0	87.621	0	0	
0	[SLPS]	0	-128.121	128.491	0	87.770	0	0	
0	[SLPS]	0	-128.121	128.491	0	87.770	0	0	
0	[SLPS]	0	-127.959	128.495	0	88.091	0	0	
0	[SLPS]	0	-127.959	128.495	0	88.091	0	0	
0	[SLPS]	0	-127.885	128.497	0	88.275	0	0	
0	[SLPS]	0	-127.809	128.498	0	88.469	0	0	
0	[SLPS]	0	-127.809	128.498	0	88.469	0	0	
0	[SLPS]	0	-127.655	128.497	0	88.875	0	0	
0	[SLPS]	0	-127.655	128.497	0	88.875	0	0	
0	[SLPS]	0	-127.580	128.498	0	89.080	0	0	
0	[SLPS]	0	-127.509	128.497	0	89.292	0	0	
0	[SLPS]	0	-127.509	128.497	0	89.292	0	0	
0	[SLPS]	0	-127.356	128.496	0	89.749	0	0	
0	[SLPS]	0	-127.356	128.496	0	89.749	0	0	
0	[SLPS]	0	-127.280	128.502	0	89.988	0	0	
0	[SLPS]	0	-127.207	128.498	0	90.235	0	0	
0	[SLPS]	0	-127.207	128.498	0	90.235	0	0	
0	[SLPS]	0	-127.057	128.494	0	90.741	0	0	
0	[SLPS]	0	-127.057	128.494	0	90.741	0	0	
0	[SLPS]	0	-126.986	128.496	0	91.004	0	0	
0	[SLPS]	0	-126.918	128.490	0	91.270	0	0	
0	[SLPS]	0	-126.918	128.490	0	91.270	0	0	
0	[SLPS]	0	-126.771	128.479	0	91.822	0	0	
0	[SLPS]	0	-126.771	128.479	0	91.822	0	0	
0	[SLPS]	0	-126.700	128.463	0	92.103	0	0	
0	[SLPS]	0	-126.627	128.450	0	92.387	0	0	
0	[SLPS]	0	-126.627	128.450	0	92.387	0	0	
0	[SLPS]	0	-126.482	128.442	0	92.953	0	0	
0	[SLPS]	0	-126.482	128.442	0	92.953	0	0	
0	[SLPS]	0	-126.408	128.433	0	93.238	0	0	
0	[SLPS]	0	-126.335	128.433	0	93.530	0	0	
0	[SLPS]	0	-126.263	128.434	0	93.831	0	0	
0	[SLPS]	0	-126.190	128.428	0	94.140	0	0	
0	[SLPS]	0	-126.190	128.428	0	94.140	0	0	
0	[SLPS]	0	-126.050	128.411	0	94.768	0	0	
0	[SLPS]	0	-126.050	128.411	0	94.768	0	0	
0	[SLPS]	0	-125.974	128.410	0	95.104	0	0	
0	[SLPS]	0	-125.906	128.404	0	95.440	0	0	
0	[SLPS]	0	-125.906	128.404	0	95.440	0	0	
0	[SLPS]	0	-125.838	128.391	0	95.789	0	0	
0	[SLPS]	0	-125.770	128.389	0	96.150	0	0	
0	[SLPS]	0	-125.770	128.389	0	96.150	0	0	
0	[SLPS]	0	-125.631	128.367	0	96.879	0	0	
0	[SLPS]	0	-125.631	128.367	0	96.879	0	0	
0	[SLPS]	0	-125.554	128.348	0	97.242	0	0	
0	[SLPS]	0	-125.497	128.339	0	97.607	0	0	
0	[SLPS]	0	-125.497	128.339	0	97.607	0	0	
0	[SLPS]	0	-125.358	128.305	0	98.352	0	0	
0	[SLPS]	0	-125.358	128.305	0	98.352	0	0	
0	[SLPS]	0	-125.297	128.290	0	98.730	0	0	
0	[SLPS]	0	-125.243	128.280	0	99.109	0	0	
0	[SLPS]	0	-125.175	128.266	0	99.490	0	0	
0	[SLPS]	0	-125.107	128.247	0	99.874	0	0	
0	[SLPS]	0	-125.107	128.247	0	99.874	0	0	
0	[SLPS]	0	-124.990	128.221	0	100.667	0	0	
0	[SLPS]	0	-124.990	128.221	0	100.667	0	0	
0	[SLPS]	0	-124.928	128.203	0	101.075	0	0	
0	[SLPS]	0	-124.865	128.183	0	101.489	0	0	
0	[SLPS]	0	-124.865	128.183	0	101.489	0	0	
0	[SLPS]	0	-124.745	128.161	0	102.319	0	0	
0	[SLPS]	0	-124.745	128.161	0	102.319	0	0	
0	[SLPS]	0	-124.684	128.147	0	102.744	0	0	
0	[SLPS]	0	-124.620	128.133	0	103.179	0	0	
0	[SLPS]	0	-124.620	128.133	0	103.179	0	0	
0	[SLPS]	0	-124.506	128.098	0	104.083	0	0	
0	[SLPS]	0	-124.506	128.098	0	104.083	0	0	
0	[SLPS]	0	-124.445	128.080	0	104.545	0	0	
0	[SLPS]	0	-124.383	128.061	0	105.010	0	0	
0	[SLPS]	0	-124.383	128.061	0	105.010	0	0	
0	[SLPS]	0	-124.256	128.025	0	105.962	0	0	
0	[SLPS]	0	-124.256	128.025	0	105.962	0	0	
0	[SLPS]	0	-124.191	128.006	0	106.446	0	0	
0	[SLPS]	0	-124.128	127.989	0	106.924	0	0	
0	[SLPS]	0	-124.128	127.989	0	106.924	0	0	
0	[SLPS]	0	-124.006	127.951	0	107.883	0	0	
0	[SLPS]	0	-124.006	127.951	0	107.883	0	0	
0	[SLPS]	0	-123.940	127.927	0	108.377	0	0	
0	[SLPS]	0	-123.880	127.903	0	108.888	0	0	
0	[SLPS]	0	-123.818	127.876	0	109.419	0	0	
0	[SLPS]	0	-123.757	127.852	0	109.936	0	0	
0	[SLPS]	0	-123.757	127.852	0	109.936	0	0	
0	[SLPS]	0	-123.631	127.805	0	110.948	0	0	
0	[SLPS]	0	-123.631	127.805	0	110.948	0	0	
0	[SLPS]	0	-123.570	127.779	0	111.445	0	0	
0	[SLPS]	0	-123.513	127.748	0	111.951	0	0	
0	[SLPS]	0	-123.513	127.748	0	111.951	0	0	
0	[SLPS]	0	-123.399	127.691	0	112.972	0	0	
0	[SLPS]	0	-123.399	127.691	0	112.972	0	0	
0	[SLPS]	0	-123.344	127.661	0	113.471	0	0	
0	[SLPS]	0	-123.279	127.635	0	113.958	0	0	
0	[SLPS]	0	-123.279	127.635	0	113.958	0	0	
0	[SLPS]	0	-123.170	127.572	0	114.889	0	0	
0	[SLPS]	0	-123.170	127.572	0	114.889	0	0	
0	[SLPS]	0	-123.114	127.541	0	115.338	0	0	
0	[SLPS]	0	-123.058	127.509	0	115.778	0	0	
0	[SLPS]	0	-123.058	127.509	0	115.778	0	0	
0	[SLPS]	0	-122.940	127.448	0	116.642	0	0	
0	[SLPS]	0	-122.940	127.448	0	116.642	0	0	
0	[SLPS]	0	-122.888	127.421	0	117.056	0	0	
0	[SLPS]	0	-122.831	127.394	0	117.467	0	0	
0	[SLPS]	0	-122.831	127.394	0	117.467	0	0	
0	[SLPS]	0	-122.717	127.326	0	118.310	0	0	
0	[SLPS]	0	-122.717	127.326	0	118.310	0	0	
0	[SLPS]	0	-122.664	127.301	0	118.740	0	0	
0	[SLPS]	0	-122.606	127.267	0	119.166	0	0	
0	[SLPS]	0	-122.606	127.267	0	119.166	0	0	
0	[SLPS]	0	-122.498	127.195	0	120.012	0	0	
0	[SLPS]	0	-122.498	127.195	0	120.012	0	0	
0	[SLPS]	0	-122.436	127.167	0	120.431	0	0	
0	[SLPS]	0	-122.374	127.128	0	120.849	0	0	
0	[SLPS]	0	-122.374	127.128	0	120.849	0	0	
0	[SLPS]	0	-122.271	127.048	0	121.680	0	0	
0	[SLPS]	0	-122.271	127.048	0	121.680	0	0	
0	[SLPS]	0	-122.216	127.008	0	122.094	0	0	
0	[SLPS]	0	-122.162	126.976	0	122.513	0	0	
0	[SLPS]	0	-122.162	126.976	0	122.513	0	0	
0	[SLPS]	0	-122.055	126.898	0	123.364	0	0	
0	[SLPS]	0	-122.055	126.898	0	123.364	0	0	
0	[SLPS]	0	-122.004	126.859	0	123.791	0	0	
0	[SLPS]	0	-121.954	126.816	0	124.216	0	0	
0	[SLPS]	0	-121.954	126.816	0	124.216	0	0	
0	[SLPS]	0	-121.858	126.736	0	125.078	0	0	
0	[SLPS]	0	-121.858	126.736	0	125.078	0	0	
0	[SLPS]	0	-121.807	126.694	0	125.507	0	0	
0	[SLPS]	0	-121.749	126.652	0	125.929	0	0	
0	[SLPS]	0	-121.749	126.652	0	125.929	0	0	
0	[SLPS]	0	-121.648	126.571	0	126.759	0	0	
0	[SLPS]	0	-121.648	126.571	0	126.759	0	0	
0	[SLPS]	0	-121.599	126.530	0	127.176	0	0	
0	[SLPS]	0	-121.545	126.491	0	127.597	0	0	
0	[SLPS]	0	-121.494	126.449	0	128.016	0	0	
0	[SLPS]	0	-121.442	126.407	0	128.434	0	0	
0	[SLPS]	0	-121.442	126.407	0	128.434	0	0	
0	[SLPS]	0	-121.338	126.320	0	129.233	0	0	
0	[SLPS]	0	-121.338	126.320	0	129.233	0	0	
0	[SLPS]	0	-121.284	126.278	0	129.618	0	0	
0	[SLPS]	0	-121.230	126.230	0	130.008	0	0	
0	[SLPS]	0	-121.230	126.230	0	130.008	0	0	
0	[SLPS]	0	-121.131	126.144	0	130.808	0	0	
0	[SLPS]	0	-121.131	126.144	0	130.808	0	0	
0	[SLPS]	0	-121.083	126.096	0	131.204	0	0	
0	[SLPS]	0	-121.036	126.050	0	131.588	0	0	
0	[SLPS]	0	-121.036	126.050	0	131.588	0	0	
0	[SLPS]	0	-120.942	125.956	0	132.327	0	0	
0	[SLPS]	0	-120.942	125.956	0	132.327	0	0	
0	[SLPS]	0	-120.891	125.910	0	132.705	0	0	
0	[SLPS]	0	-120.851	125.856	0	133.092	0	0	
0	[SLPS]	0	-120.851	125.856	0	133.092	0	0	
0	[SLPS]	0	-120.751	125.763	0	133.878	0	0	
0	[SLPS]	0	-120.751	125.763	0	133.878	0	0	
0	[SLPS]	0	-120.707	125.717	0	134.274	0	0	
0	[SLPS]	0	-120.661	125.671	0	134.667	0	0	
0	[SLPS]	0	-120.661	125.671	0	134.667	0	0	
0	[SLPS]	0	-120.576	125.563	0	135.452	0	0	
0	[SLPS]	0	-120.576	125.563	0	135.452	0	0	
0	[SLPS]	0	-120.530	125.516	0	135.844	0	0	
0	[SLPS]	0	-120.485	125.465	0	136.236	0	0	
0	[SLPS]	0	-120.485	125.465	0	136.236	0	0	
0	[SLPS]	0	-120.396	125.364	0	137.018	0	0	
0	[SLPS]	0	-120.396	125.364	0	137.018	0	0	
0	[SLPS]	0	-120.354	125.310	0	137.411	0	0	
0	[SLPS]	0	-120.310	125.253	0	137.812	0	0	
0	[SLPS]	0	-120.257	125.201	0	138.202	0	0	
0	[SLPS]	0	-120.215	125.147	0	138.586	0	0	
0	[SLPS]	0	-120.215	125.147	0	138.586	0	0	
0	[SLPS]	0	-120.132	125.053	0	139.324	0	0	
0	[SLPS]	0	-120.132	125.053	0	139.324	0	0	
0	[SLPS]	0	-120.095	125.002	0	139.681	0	0	
0	[SLPS]	0	-120.056	124.950	0	140.034	0	0	
0	[SLPS]	0	-120.056	124.950	0	140.034	0	0	
0	[SLPS]	0	-119.982	124.848	0	140.719	0	0	
0	[SLPS]	0	-119.982	124.848	0	140.719	0	0	
0	[SLPS]	0	-119.944	124.802	0	141.046	0	0	
0	[SLPS]	0	-119.909	124.753	0	141.365	0	0	
0	[SLPS]	0	-119.909	124.753	0	141.365	0	0	
0	[SLPS]	0	-119.841	124.649	0	141.982	0	0	
0	[SLPS]	0	-119.841	124.649	0	141.982	0	0	
0	[SLPS]	0	-119.804	124.598	0	142.285	0	0	
0	[SLPS]	0	-119.767	124.545	0	142.583	0	0	
0	[SLPS]	0	-119.767	124.545	0	142.583	0	0	
0	[SLPS]	0	-119.687	124.441	0	143.171	0	0	
0	[SLPS]	0	-119.687	124.441	0	143.171	0	0	
0	[SLPS]	0	-119.649	124.392	0	143.458	0	0	
0	[SLPS]	0	-119.615	124.339	0	143.735	0	0	
0	[SLPS]	0	-119.615	124.339	0	143.735	0	0	
0	[SLPS]	0	-119.539	124.236	0	144.256	0	0	
0	[SLPS]	0	-119.539	124.236	0	144.256	0	0	
0	[SLPS]	0	-119.515	124.174	0	144.509	0	0	
0	[SLPS]	0	-119.483	124.120	0	144.762	0	0	
0	[SLPS]	0	-119.483	124.120	0	144.762	0	0	
0	[SLPS]	0	-119.437	124.019	0	145.264	0	0	
0	[SLPS]	0	-119.437	124.019	0	145.264	0	0	
0	[SLPS]	0	-119.405	123.970	0	145.501	0	0	
0	[SLPS]	0	-119.376	123.916	0	145.724	0	0	
0	[SLPS]	0	-119.376	123.916	0	145.724	0	0	
0	[SLPS]	0	-119.310	123.827	0	146.141	0	0	
0	[SLPS]	0	-119.310	123.827	0	146.141	0	0	
0	[SLPS]	0	-119.255	123.715	0	146.519	0	0	
0	[SLPS]	0	-119.255	123.715	0	146.519	0	0	
0	[SLPS]	0	-119.227	123.659	0	146.683	0	0	
0	[SLPS]	0	-119.193	123.604	0	146.825	0	0	
0	[SLPS]	0	-119.193	123.604	0	146.825	0	0	
0	[SLPS]	0	-119.164	123.547	0	146.950	0	0	
0	[SLPS]	0	-119.133	123.494	0	147.069	0	0	
0	[SLPS]	0	-119.100	123.446	0	147.180	0	0	
0	[SLPS]	0	-119.063	123.401	0	147.287	0	0	
0	[SLPS]	0	-119.063	123.401	0	147.287	0	0	
0	[SLPS]	0	-118.994	123.295	0	147.476	0	0	
0	[SLPS]	0	-118.994	123.295	0	147.476	0	0	
0	[SLPS]	0	-118.964	123.256	0	147.561	0	0	
0	[SLPS]	0	-118.926	123.210	0	147.645	0	0	
0	[SLPS]	0	-118.926	123.210	0	147.645	0	0	
0	[SLPS]	0	-118.866	123.121	0	147.807	0	0	
0	[SLPS]	0	-118.866	123.121	0	147.807	0	0	
0	[SLPS]	0	-118.836	123.080	0	147.884	0	0	
0	[SLPS]	0	-118.804	123.032	0	147.960	0	0	
0	[SLPS]	0	-118.804	123.032	0	147.960	0	0	
0	[SLPS]	0	-118.745	122.941	0	148.091	0	0	
0	[SLPS]	0	-118.745	122.941	0	148.091	0	0	
0	[SLPS]	0	-118.715	122.902	0	148.152	0	0	
0	[SLPS]	0	-118.691	122.850	0	148.209	0	0	
0	[SLPS]	0	-118.691	122.850	0	148.209	0	0	
0	[SLPS]	0	-118.623	122.766	0	148.322	0	0	
0	[SLPS]	0	-118.623	122.766	0	148.322	0	0	
0	[SLPS]	0	-118.592	122.726	0	148.376	0	0	
0	[SLPS]	0	-118.568	122.665	0	148.433	0	0	
0	[SLPS]	0	-118.568	122.665	0	148.433	0	0	
0	[SLPS]	0	-118.512	122.572	0	148.544	0	0	
0	[SLPS]	0	-118.512	122.572	0	148.544	0	0	
0	[SLPS]	0	-118.486	122.523	0	148.591	0	0	
0	[SLPS]	0	-118.455	122.470	0	148.624	0	0	
0	[SLPS]	0	-118.455	122.470	0	148.624	0	0	
0	[SLPS]	0	-118.389	122.378	0	148.706	0	0	
0	[SLPS]	0	-118.389	122.378	0	148.706	0	0	
0	[SLPS]	0	-118.363	122.322	0	148.822	0	0	
0	[SLPS]	0	-118.326	122.275	0	148.874	0	0	
0	[SLPS]	0	-118.292	122.233	0	148.929	0	0	
0	[SLPS]	0	-118.278	122.169	0	148.982	0	0	
0	[SLPS]	0	-118.278	122.169	0	148.982	0	0	
0	[SLPS]	0	-118.198	122.083	0	149.075	0	0	
0	[SLPS]	0	-118.198	122.083	0	149.075	0	0	
0	[SLPS]	0	-118.176	122.026	0	149.221	0	0	
0	[SLPS]	0	-118.140	121.969	0	149.274	0	0	
0	[SLPS]	0	-118.140	121.969	0	149.274	0	0	
0	[SLPS]	0	-118.110	121.921	0	149.335	0	0	
0	[SLPS]	0	-118.079	121.875	0	149.399	0	0	
0	[SLPS]	0	-118.079	121.875	0	149.399	0	0	
0	[SLPS]	0	-118.009	121.774	0	149.510	0	0	
0	[SLPS]	0	-118.009	121.774	0	149.510	0	0	
0	[SLPS]	0	-117.986	121.711	0	149.677	0	0	
0	[SLPS]	0	-117.956	121.664	0	149.722	0	0	
0	[SLPS]	0	-117.922	121.612	0	149.741	0	0	
0	[SLPS]	0	-117.895	121.558	0	149.812	0	0	
0	[SLPS]	0	-117.895	121.558	0	149.812	0	0	
0	[SLPS]	0	-117.830	121.458	0	149.845	0	0	
0	[SLPS]	0	-117.830	121.458	0	149.845	0	0	
0	[SLPS]	0	-117.808	121.405	0	149.891	0	0	
0	[SLPS]	0	-117.778	121.349	0	149.934	0	0	
0	[SLPS]	0	-117.778	121.349	0	149.934	0	0	
0	[SLPS]	0	-117.725	121.246	0	150.007	0	0	
0	[SLPS]	0	-117.725	121.246	0	150.007	0	0	
0	[SLPS]	0	-117.690	121.183	0	150.030	0	0	
0	[SLPS]	0	-117.659	121.135	0	150.068	0	0	
0	[SLPS]	0	-117.659	121.135	0	150.068	0	0	
0	[SLPS]	0	-117.603	121.024	0	150.184	0	0	
0	[SLPS]	0	-117.603	121.024	0	150.184	0	0	
0	[SLPS]	0	-117.564	120.963	0	150.167	0	0	
0	[SLPS]	0	-117.537	120.916	0	150.177	0	0	
0	[SLPS]	0	-117.537	120.916	0	150.177	0	0	
0	[SLPS]	0	-117.468	120.814	0	150.138	0	0	
0	[SLPS]	0	-117.468	120.814	0	150.138	0	0	
0	[SLPS]	0	-117.433	120.758	0	150.154	0	0	
0	[SLPS]	0	-117.405	120.709	0	150.163	0	0	
0	[SLPS]	0	-117.405	120.709	0	150.163	0	0	
0	[SLPS]	0	-117.343	120.598	0	150.203	0	0	
0	[SLPS]	0	-117.343	120.598	0	150.203	0	0	
0	[SLPS]	0	-117.316	120.545	0	150.224	0	0	
0	[SLPS]	0	-117.282	120.498	0	150.184	0	0	
0	[SLPS]	0	-117.282	120.498	0	150.184	0	0	
0	[SLPS]	0	-117.215	120.398	0	150.152	0	0	
0	[SLPS]	0	-117.215	120.398	0	150.152	0	0	
0	[SLPS]	0	-117.188	120.349	0	150.188	0	0	
0	[SLPS]	0	-117.164	120.297	0	150.239	0	0	
0	[SLPS]	0	-117.164	120.297	0	150.239	0	0	
0	[SLPS]	0	-117.100	120.201	0	150.172	0	0	
0	[SLPS]	0	-117.100	120.201	0	150.172	0	0	
0	[SLPS]	0	-117.080	120.151	0	150.195	0	0	
0	[SLPS]	0	-117.051	120.103	0	150.200	0	0	
0	[SLPS]	0	-117.051	120.103	0	150.200	0	0	
0	[SLPS]	0	-116.997	119.999	0	150.258	0	0	
0	[SLPS]	0	-116.997	119.999	0	150.258	0	0	
0	[SLPS]	0	-116.960	119.950	0	150.209	0	0	
0	[SLPS]	0	-116.947	119.903	0	150.235	0	0	
0	[SLPS]	0	-116.947	119.903	0	150.235	0	0	
0	[SLPS]	0	-116.886	119.793	0	150.269	0	0	
0	[SLPS]	0	-116.886	119.793	0	150.269	0	0	
0	[SLPS]	0	-116.861	119.743	0	150.294	0	0	
0	[SLPS]	0	-116.825	119.693	0	150.254	0	0	
0	[SLPS]	0	-116.825	119.693	0	150.254	0	0	
0	[SLPS]	0	-116.767	119.585	0	150.334	0	0	
0	[SLPS]	0	-116.767	119.585	0	150.334	0	0	
0	[SLPS]	0	-116.736	119.532	0	150.366	0	0	
0	[SLPS]	0	-116.705	119.480	0	150.395	0	0	
0	[SLPS]	0	-116.677	119.429	0	150.422	0	0	
0	[SLPS]	0	-116.648	119.380	0	150.444	0	0	
0	[SLPS]	0	-116.648	119.380	0	150.444	0	0	
0	[SLPS]	0	-116.621	119.329	0	150.479	0	0	
0	[SLPS]	0	-116.595	119.276	0	150.526	0	0	
0	[SLPS]	0	-116.570	119.226	0	150.565	0	0	
0	[SLPS]	0	-116.544	119.176	0	150.568	0	0	
0	[SLPS]	0	-116.544	119.176	0	150.568	0	0	
0	[SLPS]	0	-116.485	119.073	0	150.592	0	0	
0	[SLPS]	0	-116.485	119.073	0	150.592	0	0	
0	[SLPS]	0	-116.462	119.024	0	150.613	0	0	
0	[SLPS]	0	-116.430	118.978	0	150.638	0	0	
0	[SLPS]	0	-116.430	118.978	0	150.638	0	0	
0	[SLPS]	0	-116.375	118.885	0	150.654	0	0	
0	[SLPS]	0	-116.375	118.885	0	150.654	0	0	
0	[SLPS]	0	-116.353	118.839	0	150.688	0	0	
0	[SLPS]	0	-116.318	118.789	0	150.686	0	0	
0	[SLPS]	0	-116.318	118.789	0	150.686	0	0	
0	[SLPS]	0	-116.267	118.695	0	150.696	0	0	
0	[SLPS]	0	-116.267	118.695	0	150.696	0	0	
0	[SLPS]	0	-116.241	118.648	0	150.707	0	0	
0	[SLPS]	0	-116.220	118.603	0	150.725	0	0	
0	[SLPS]	0	-116.220	118.603	0	150.725	0	0	
0	[SLPS]	0	-116.167	118.501	0	150.817	0	0	
0	[SLPS]	0	-116.167	118.501	0	150.817	0	0	
0	[SLPS]	0	-116.142	118.449	0	150.842	0	0	
0	[SLPS]	0	-116.104	118.397	0	150.794	0	0	
0	[SLPS]	0	-116.104	118.397	0	150.794	0	0	
0	[SLPS]	0	-116.052	118.295	0	150.814	0	0	
0	[SLPS]	0	-116.052	118.295	0	150.814	0	0	
0	[SLPS]	0	-116.020	118.247	0	150.825	0	0	
0	[SLPS]	0	-115.989	118.193	0	150.799	0	0	
0	[SLPS]	0	-115.989	118.193	0	150.799	0	0	
0	[SLPS]	0	-115.941	118.085	0	150.831	0	0	
0	[SLPS]	0	-115.941	118.085	0	150.831	0	0	
0	[SLPS]	0	-115.911	118.031	0	150.835	0	0	
0	[SLPS]	0	-115.888	117.979	0	150.844	0	0	
0	[SLPS]	0	-115.858	117.929	0	150.850	0	0	
0	[SLPS]	0	-115.824	117.880	0	150.824	0	0	
0	[SLPS]	0	-115.824	117.880	0	150.824	0	0	
0	[SLPS]	0	-115.796	117.833	0	150.834	0	0	
0	[SLPS]	0	-115.764	117.788	0	150.843	0	0	
0	[SLPS]	0	-115.745	117.736	0	150.853	0	0	
0	[SLPS]	0	-115.706	117.683	0	150.816	0	0	
0	[SLPS]	0	-115.706	117.683	0	150.816	0	0	
0	[SLPS]	0	-115.681	117.632	0	150.833	0	0	
0	[SLPS]	0	-115.650	117.578	0	150.847	0	0	
0	[SLPS]	0	-115.627	117.532	0	150.864	0	0	
0	[SLPS]	0	-115.599	117.481	0	150.873	0	0	
0	[SLPS]	0	-115.599	117.481	0	150.873	0	0	
0	[SLPS]	0	-115.555	117.374	0	150.941	0	0	
0	[SLPS]	0	-115.555	117.374	0	150.941	0	0	
0	[SLPS]	0	-115.519	117.318	0	150.918	0	0	
0	[SLPS]	0	-115.490	117.272	0	150.945	0	0	
0	[SLPS]	0	-115.490	117.272	0	150.945	0	0	
0	[SLPS]	0	-115.430	117.164	0	150.940	0	0	
0	[SLPS]	0	-115.430	117.164	0	150.940	0	0	
0	[SLPS]	0	-115.401	117.110	0	150.982	0	0	
0	[SLPS]	0	-115.381	117.058	0	151.000	0	0	
0	[SLPS]	0	-115.381	117.058	0	151.000	0	0	
0	[SLPS]	0	-115.317	116.947	0	150.985	0	0	
0	[SLPS]	0	-115.317	116.947	0	150.985	0	0	
0	[SLPS]	0	-115.285	116.907	0	151.016	0	0	
0	[SLPS]	0	-115.265	116.852	0	151.110	0	0	
0	[SLPS]	0	-115.265	116.852	0	151.110	0	0	
0	[SLPS]	0	-115.215	116.744	0	151.225	0	0	
0	[SLPS]	0	-115.215	116.744	0	151.225	0	0	
0	[SLPS]	0	-115.196	116.688	0	151.310	0	0	
0	[SLPS]	0	-115.173	116.629	0	151.358	0	0	
0	[SLPS]	0	-115.173	116.629	0	151.358	0	0	
0	[SLPS]	0	-115.124	116.525	0	151.408	0	0	
0	[SLPS]	0	-115.124	116.525	0	151.408	0	0	
0	[SLPS]	0	-115.048	116.422	0	151.382	0	0	
0	[SLPS]	0	-115.048	116.422	0	151.382	0	0	
0	[SLPS]	0	-115.019	116.369	0	151.429	0	0	
0	[SLPS]	0	-114.987	116.316	0	151.460	0	0	
0	[SLPS]	0	-114.987	116.316	0	151.460	0	0	
0	[SLPS]	0	-114.925	116.203	0	151.544	0	0	
0	[SLPS]	0	-114.925	116.203	0	151.544	0	0	
0	[SLPS]	0	-114.891	116.145	0	151.559	0	0	
0	[SLPS]	0	-114.866	116.093	0	151.588	0	0	
0	[SLPS]	0	-114.866	116.093	0	151.588	0	0	
0	[SLPS]	0	-114.808	115.985	0	151.589	0	0	
0	[SLPS]	0	-114.808	115.985	0	151.589	0	0	
0	[SLPS]	0	-114.775	115.933	0	151.588	0	0	
0	[SLPS]	0	-114.747	115.880	0	151.611	0	0	
0	[SLPS]	0	-114.747	115.880	0	151.611	0	0	
0	[SLPS]	0	-114.671	115.770	0	151.574	0	0	
0	[SLPS]	0	-114.671	115.770	0	151.574	0	0	
0	[SLPS]	0	-114.640	115.720	0	151.598	0	0	
0	[SLPS]	0	-114.596	115.667	0	151.547	0	0	
0	[SLPS]	0	-114.596	115.667	0	151.547	0	0	
0	[SLPS]	0	-114.547	115.552	0	151.691	0	0	
0	[SLPS]	0	-114.547	115.552	0	151.691	0	0	
0	[SLPS]	0	-114.523	115.514	0	151.709	0	0	
0	[SLPS]	0	-114.492	115.452	0	151.728	0	0	
0	[SLPS]	0	-114.492	115.452	0	151.728	0	0	
0	[SLPS]	0	-114.447	115.351	0	151.775	0	0	
0	[SLPS]	0	-114.447	115.351	0	151.775	0	0	
0	[SLPS]	0	-114.428	115.300	0	151.804	0	0	
0	[SLPS]	0	-114.403	115.248	0	151.830	0	0	
0	[SLPS]	0	-114.403	115.248	0	151.830	0	0	
0	[SLPS]	0	-114.354	115.148	0	151.850	0	0	
0	[SLPS]	0	-114.354	115.148	0	151.850	0	0	
0	[SLPS]	0	-114.299	115.041	0	151.887	0	0	
0	[SLPS]	0	-114.299	115.041	0	151.887	0	0	
0	[SLPS]	0	-114.277	114.991	0	151.912	0	0	
0	[SLPS]	0	-114.250	114.942	0	151.933	0	0	
0	[SLPS]	0	-114.250	114.942	0	151.933	0	0	
0	[SLPS]	0	-114.208	114.834	0	151.978	0	0	
0	[SLPS]	0	-114.208	114.834	0	151.978	0	0	
0	[SLPS]	0	-114.181	114.782	0	151.992	0	0	
0	[SLPS]	0	-114.143	114.739	0	151.943	0	0	
0	[SLPS]	0	-114.143	114.739	0	151.943	0	0	
0	[SLPS]	0	-114.099	114.628	0	152.018	0	0	
0	[SLPS]	0	-114.099	114.628	0	152.018	0	0	
0	[SLPS]	0	-114.079	114.576	0	152.029	0	0	
0	[SLPS]	0	-114.050	114.526	0	152.027	0	0	
0	[SLPS]	0	-114.050	114.526	0	152.027	0	0	
0	[SLPS]	0	-113.999	114.409	0	152.078	0	0	
0	[SLPS]	0	-113.999	114.409	0	152.078	0	0	
0	[SLPS]	0	-113.961	114.304	0	152.109	0	0	
0	[SLPS]	0	-113.961	114.304	0	152.109	0	0	
0	[SLPS]	0	-113.908	114.190	0	152.169	0	0	
0	[SLPS]	0	-113.908	114.190	0	152.169	0	0	
0	[SLPS]	0	-113.883	114.141	0	152.188	0	0	
0	[SLPS]	0	-113.851	114.093	0	152.165	0	0	
0	[SLPS]	0	-113.851	114.093	0	152.165	0	0	
0	[SLPS]	0	-113.796	113.984	0	152.208	0	0	
0	[SLPS]	0	-113.796	113.984	0	152.208	0	0	
0	[SLPS]	0	-113.767	113.944	0	152.214	0	0	
0	[SLPS]	0	-113.738	113.887	0	152.242	0	0	
0	[SLPS]	0	-113.738	113.887	0	152.242	0	0	
0	[SLPS]	0	-113.685	113.789	0	152.279	0	0	
0	[SLPS]	0	-113.685	113.789	0	152.279	0	0	
0	[SLPS]	0	-113.657	113.741	0	152.290	0	0	
0	[SLPS]	0	-113.625	113.689	0	152.279	0	0	
0	[SLPS]	0	-113.625	113.689	0	152.279	0	0	
0	[SLPS]	0	-113.585	113.590	0	152.259	0	0	
0	[SLPS]	0	-113.585	113.590	0	152.259	0	0	
0	[SLPS]	0	-113.529	113.490	0	152.279	0	0	
0	[SLPS]	0	-113.529	113.490	0	152.279	0	0	
0	[SLPS]	0	-113.496	113.442	0	152.252	0	0	
0	[SLPS]	0	-113.471	113.389	0	152.274	0	0	
0	[SLPS]	0	-113.471	113.389	0	152.274	0	0	
0	[SLPS]	0	-113.428	113.278	0	152.308	0	0	
0	[SLPS]	0	-113.428	113.278	0	152.308	0	0	
0	[SLPS]	0	-113.406	113.231	0	152.339	0	0	
0	[SLPS]	0	-113.386	113.183	0	152.374	0	0	
0	[SLPS]	0	-113.386	113.183	0	152.374	0	0	
0	[SLPS]	0	-113.338	113.062	0	152.471	0	0	
0	[SLPS]	0	-113.338	113.062	0	152.471	0	0	
0	[SLPS]	0	-113.297	112.954	0	152.498	0	0	
0	[SLPS]	0	-113.297	112.954	0	152.498	0	0	
0	[SLPS]	0	-113.273	112.903	0	152.519	0	0	
0	[SLPS]	0	-113.239	112.851	0	152.501	0	0	
0	[SLPS]	0	-113.239	112.851	0	152.501	0	0	
0	[SLPS]	0	-113.187	112.744	0	152.587	0	0	
0	[SLPS]	0	-113.187	112.744	0	152.587	0	0	
0	[SLPS]	0	-113.162	112.691	0	152.740	0	0	
0	[SLPS]	0	-113.127	112.651	0	152.768	0	0	
0	[SLPS]	0	-113.127	112.651	0	152.768	0	0	
0	[SLPS]	0	-113.054	112.567	0	152.769	0	0	
0	[SLPS]	0	-113.054	112.567	0	152.769	0	0	
0	[SLPS]	0	-113.024	112.518	0	152.727	0	0	
0	[SLPS]	0	-112.996	112.475	0	152.748	0	0	
0	[SLPS]	0	-112.970	112.419	0	152.796	0	0	
0	[SLPS]	0	-112.942	112.368	0	152.851	0	0	
0	[SLPS]	0	-112.942	112.368	0	152.851	0	0	
0	[SLPS]	0	-112.904	112.331	0	152.873	0	0	
0	[SLPS]	0	-112.876	112.284	0	152.999	0	0	
0	[SLPS]	0	-112.852	112.232	0	153.030	0	0	
0	[SLPS]	0	-112.836	112.176	0	153.092	0	0	
0	[SLPS]	0	-112.836	112.176	0	153.092	0	0	
0	[SLPS]	0	-112.777	112.089	0	153.135	0	0	
0	[SLPS]	0	-112.777	112.089	0	153.135	0	0	
0	[SLPS]	0	-112.757	112.038	0	153.152	0	0	
0	[SLPS]	0	-112.728	111.994	0	153.169	0	0	
0	[SLPS]	0	-112.728	111.994	0	153.169	0	0	
0	[SLPS]	0	-112.688	111.899	0	153.265	0	0	
0	[SLPS]	0	-112.688	111.899	0	153.265	0	0	
0	[SLPS]	0	-112.672	111.856	0	153.295	0	0	
0	[SLPS]	0	-112.661	111.800	0	153.371	0	0	
0	[SLPS]	0	-112.661	111.800	0	153.371	0	0	
0	[SLPS]	0	-112.621	111.695	0	153.381	0	0	
0	[SLPS]	0	-112.621	111.695	0	153.381	0	0	
0	[SLPS]	0	-112.613	111.641	0	153.396	0	0	
0	[SLPS]	0	-112.593	111.591	0	153.285	0	0	
0	[SLPS]	0	-112.593	111.591	0	153.285	0	0	
0	[SLPS]	0	-112.544	111.494	0	153.271	0	0	
0	[SLPS]	0	-112.544	111.494	0	153.271	0	0	
0	[SLPS]	0	-112.492	111.391	0	153.335	0	0	
0	[SLPS]	0	-112.492	111.391	0	153.335	0	0	
0	[SLPS]	0	-112.469	111.341	0	153.357	0	0	
0	[SLPS]	0	-112.450	111.284	0	153.382	0	0	
0	[SLPS]	0	-112.450	111.284	0	153.382	0	0	
0	[SLPS]	0	-112.396	111.170	0	153.383	0	0	
0	[SLPS]	0	-112.396	111.170	0	153.383	0	0	
0	[SLPS]	0	-112.365	111.137	0	153.402	0	0	
0	[SLPS]	0	-112.341	111.088	0	153.570	0	0	
0	[SLPS]	0	-112.341	111.088	0	153.570	0	0	
0	[SLPS]	0	-112.290	110.989	0	153.470	0	0	
0	[SLPS]	0	-112.290	110.989	0	153.470	0	0	
0	[SLPS]	0	-112.265	110.939	0	153.595	0	0	
0	[SLPS]	0	-112.233	110.888	0	153.579	0	0	
0	[SLPS]	0	-112.233	110.888	0	153.579	0	0	
0	[SLPS]	0	-112.188	110.794	0	153.592	0	0	
0	[SLPS]	0	-112.188	110.794	0	153.592	0	0	
0	[SLPS]	0	-112.162	110.745	0	153.596	0	0	
0	[SLPS]	0	-112.142	110.709	0	153.595	0	0	
0	[SLPS]	0	-112.142	110.709	0	153.595	0	0	
0	[SLPS]	0	-112.105	110.599	0	153.627	0	0	
0	[SLPS]	0	-112.105	110.599	0	153.627	0	0	
0	[SLPS]	0	-112.082	110.550	0	153.645	0	0	
0	[SLPS]	0	-112.047	110.501	0	153.546	0	0	
0	[SLPS]	0	-112.026	110.441	0	153.566	0	0	
0	[SLPS]	0	-112.001	110.391	0	153.572	0	0	
0	[SLPS]	0	-112.001	110.391	0	153.572	0	0	
0	[SLPS]	0	-111.978	110.341	0	153.750	0	0	
0	[SLPS]	0	-111.954	110.291	0	153.749	0	0	
0	[SLPS]	0	-111.943	110.242	0	153.750	0	0	
0	[SLPS]	0	-111.925	110.192	0	153.749	0	0	
0	[SLPS]	0	-111.925	110.192	0	153.749	0	0	
0	[SLPS]	0	-111.880	110.107	0	153.754	0	0	
0	[SLPS]	0	-111.880	110.107	0	153.754	0	0	
0	[SLPS]	0	-111.858	110.060	0	153.767	0	0	
0	[SLPS]	0	-111.818	110.025	0	153.769	0	0	
0	[SLPS]	0	-111.818	110.025	0	153.769	0	0	
0	[SLPS]	0	-111.771	109.938	0	153.774	0	0	
0	[SLPS]	0	-111.771	109.938	0	153.774	0	0	
0	[SLPS]	0	-111.751	109.890	0	153.776	0	0	
0	[SLPS]	0	-111.737	109.840	0	153.777	0	0	
0	[SLPS]	0	-111.737	109.840	0	153.777	0	0	
0	[SLPS]	0	-111.702	109.746	0	153.787	0	0	
0	[SLPS]	0	-111.702	109.746	0	153.787	0	0	
0	[SLPS]	0	-111.678	109.716	0	153.795	0	0	
0	[SLPS]	0	-111.645	109.682	0	153.799	0	0	
0	[SLPS]	0	-111.645	109.682	0	153.799	0	0	
0	[SLPS]	0	-111.605	109.603	0	153.844	0	0	
0	[SLPS]	0	-111.605	109.603	0	153.844	0	0	
0	[SLPS]	0	-111.603	109.558	0	153.842	0	0	
0	[SLPS]	0	-111.581	109.522	0	153.844	0	0	
0	[SLPS]	0	-111.535	109.446	0	153.857	0	0	
0	[SLPS]	0	-111.535	109.446	0	153.857	0	0	
0	[SLPS]	0	-111.516	109.406	0	153.860	0	0	
0	[SLPS]	0	-111.497	109.363	0	153.863	0	0	
0	[SLPS]	0	-111.497	109.363	0	153.863	0	0	
0	[SLPS]	0	-111.460	109.283	0	153.863	0	0	
0	[SLPS]	0	-111.460	109.283	0	153.863	0	0	
0	[SLPS]	0	-111.445	109.246	0	153.861	0	0	
0	[SLPS]	0	-111.431	109.215	0	153.856	0	0	
0	[SLPS]	0	-111.431	109.215	0	153.856	0	0	
0	[SLPS]	0	-111.393	109.139	0	153.918	0	0	
0	[SLPS]	0	-111.393	109.139	0	153.918	0	0	
0	[SLPS]	0	-111.393	109.103	0	153.919	0	0	
0	[SLPS]	0	-111.382	109.078	0	153.921	0	0	
0	[SLPS]	0	-111.382	109.078	0	153.921	0	0	
0	[SLPS]	0	-111.354	109.012	0	153.919	0	0	
0	[SLPS]	0	-111.354	109.012	0	153.919	0	0	
0	[SLPS]	0	-111.341	108.988	0	153.918	0	0	
0	[SLPS]	0	-111.326	108.964	0	153.920	0	0	
0	[SLPS]	0	-111.312	108.940	0	153.922	0	0	
0	[SLPS]	0	-111.297	108.917	0	153.855	0	0	
0	[SLPS]	0	-111.297	108.917	0	153.855	0	0	
0	[SLPS]	0	-111.288	108.886	0	153.854	0	0	
0	[SLPS]	0	-111.283	108.857	0	153.852	0	0	
0	[SLPS]	0	-111.267	108.828	0	153.852	0	0	
0	[SLPS]	0	-111.261	108.805	0	153.853	0	0	
0	[SLPS]	0	-111.261	108.805	0	153.853	0	0	
0	[SLPS]	0	-111.246	108.753	0	153.855	0	0	
0	[SLPS]	0	-111.246	108.753	0	153.855	0	0	
0	[SLPS]	0	-111.233	108.728	0	153.854	0	0	
0	[SLPS]	0	-111.220	108.711	0	153.856	0	0	
0	[SLPS]	0	-111.220	108.711	0	153.856	0	0	
0	[SLPS]	0	-111.202	108.666	0	153.855	0	0	
0	[SLPS]	0	-111.202	108.666	0	153.855	0	0	
0	[SLPS]	0	-111.183	108.651	0	153.854	0	0	
0	[SLPS]	0	-111.189	108.624	0	153.855	0	0	
0	[SLPS]	0	-111.189	108.624	0	153.855	0	0	
0	[SLPS]	0	-111.168	108.595	0	153.860	0	0	
0	[SLPS]	0	-111.168	108.595	0	153.860	0	0	
0	[SLPS]	0	-111.156	108.582	0	153.860	0	0	
0	[SLPS]	0	-111.147	108.567	0	153.861	0	0	
0	[SLPS]	0	-111.139	108.562	0	153.858	0	0	
0	[SLPS]	0	-111.137	108.551	0	153.856	0	0	
0	[SLPS]	0	-111.137	108.551	0	153.856	0	0	
0	[SLPS]	0	-111.129	108.530	0	153.856	0	0	
0	[SLPS]	0	-111.129	108.530	0	153.856	0	0	
0	[SLPS]	0	-111.106	108.506	0	153.788	0	0	
0	[SLPS]	0	-111.106	108.506	0	153.788	0	0	
0	[SLPS]	0	-111.110	108.490	0	153.788	0	0	
0	[SLPS]	0	-111.106	108.480	0	153.790	0	0	
0	[SLPS]	0	-111.105	108.469	0	153.790	0	0	
0	[SLPS]	0	-111.104	108.461	0	153.790	0	0	
0	[SLPS]	0	-111.104	108.461	0	153.790	0	0	
0	[SLPS]	0	-111.101	108.449	0	153.790	0	0	
0	[SLPS]	0	-111.101	108.437	0	153.792	0	0	
0	[SLPS]	0	-111.106	108.421	0	153.794	0	0	
0	[SLPS]	0	-111.106	108.411	0	153.793	0	0	
0	[SLPS]	0	-111.106	108.411	0	153.793	0	0	
0	[SLPS]	0	-111.102	108.395	0	153.787	0	0	
0	[SLPS]	0	-111.102	108.395	0	153.787	0	0	
0	[SLPS]	0	-111.097	108.390	0	153.785	0	0	
0	[SLPS]	0	-111.092	108.388	0	153.784	0	0	
0	[SLPS]	0	-111.092	108.388	0	153.784	0	0	
0	[SLPS]	0	-111.088	108.385	0	153.788	0	0	
0	[SLPS]	0	-111.088	108.385	0	153.788	0	0	
0	[SLPS]	0	-111.080	108.388	0	153.787	0	0	
0	[SLPS]	0	-111.078	108.388	0	153.786	0	0	
0	[SLPS]	0	-111.078	108.388	0	153.786	0	0	
0	[SLPS]	0	-111.061	108.398	0	153.785	0	0	
0	[SLPS]	0	-111.061	108.398	0	153.785	0	0	
0	[SLPS]	0	-111.059	108.398	0	153.711	0	0	
0	[SLPS]	0	-111.058	108.400	0	153.712	0	0	
0	[SLPS]	0	-111.058	108.400	0	153.712	0	0	
0	[SLPS]	0	-111.049	108.403	0	153.712	0	0	
0	[SLPS]	0	-111.049	108.403	0	153.712	0	0	
0	[SLPS]	0	-111.052	108.402	0	153.711	0	0	
0	[SLPS]	0	-111.054	108.403	0	153.709	0	0	
0	[SLPS]	0	-111.054	108.403	0	153.709	0	0	
0	[SLPS]	0	-111.056	108.399	0	153.708	0	0	
0	[SLPS]	0	-111.056	108.399	0	153.708	0	0	
0	[SLPS]	0	-111.057	108.397	0	153.707	0	0	
0	[SLPS]	0	-111.054	108.397	0	153.707	0	0	
0	[SLPS]	0	-111.054	108.397	0	153.707	0	0	
0	[SLPS]	0	-111.062	108.389	0	153.700	0	0	
0	[SLPS]	0	-111.062	108.389	0	153.700	0	0	
0	[SLPS]	0	-111.059	108.386	0	153.697	0	0	
0	[SLPS]	0	-111.059	108.386	0	153.697	0	0	
0	[SLPS]	0	-111.057	108.386	0	153.698	0	0	
0	[SLPS]	0	-111.060	108.385	0	153.698	0	0	
0	[SLPS]	0	-111.060	108.385	0	153.698	0	0	
0	[SLPS]	0	-111.057	108.385	0	153.697	0	0	
0	[SLPS]	0	-111.057	108.385	0	153.697	0	0	
0	[SLPS]	0	-111.061	108.383	0	153.696	0	0	
0	[SLPS]	0	-111.063	108.381	0	153.697	0	0	
0	[SLPS]	0	-111.063	108.381	0	153.697	0	0	
0	[SLPS]	0	-111.060	108.383	0	153.698	0	0	
0	[SLPS]	0	-111.061	108.383	0	153.624	0	0	
0	[SLPS]	0	-111.064	108.382	0	153.622	0	0	
0	[SLPS]	0	-111.061	108.383	0	153.621	0	0	
0	[SLPS]	0	-111.061	108.383	0	153.621	0	0	
0	[SLPS]	0	-111.058	108.384	0	153.622	0	0	
0	[SLPS]	0	-111.061	108.384	0	153.622	0	0	
0	[SLPS]	0	-111.063	108.385	0	153.620	0	0	
0	[SLPS]	0	-111.060	108.387	0	153.617	0	0	
0	[SLPS]	0	-111.060	108.387	0	153.617	0	0	
0	[SLPS]	0	-111.056	108.388	0	153.615	0	0	
0	[SLPS]	0	-111.058	108.386	0	153.617	0	0	
0	[SLPS]	0	-111.060	108.386	0	153.614	0	0	
0	[SLPS]	0	-111.062	108.387	0	153.612	0	0	
0	[SLPS]	0	-111.062	108.387	0	153.612	0	0	
0	[SLPS]	0	-111.065	108.385	0	153.612	0	0	
0	[SLPS]	0	-111.065	108.385	0	153.612	0	0	
0	[SLPS]	0	-111.062	108.387	0	153.613	0	0	
0	[SLPS]	0	-111.061	108.386	0	153.613	0	0	
0	[SLPS]	0	-111.061	108.386	0	153.613	0	0	
0	[SLPS]	0	-111.060	108.387	0	153.617	0	0	
0	[SLPS]	0	-111.060	108.387	0	153.617	0	0	
0	[SLPS]	0	-111.058	108.388	0	153.618	0	0	
0	[SLPS]	0	-111.057	108.388	0	153.617	0	0	
0	[SLPS]	0	-111.057	108.388	0	153.617	0	0	
0	[SLPS]	0	-111.057	108.387	0	153.541	0	0	
0	[SLPS]	0	-111.057	108.387	0	153.541	0	0	
0	[SLPS]	0	-111.055	108.389	0	153.540	0	0	
0	[SLPS]	0	-111.053	108.389	0	153.538	0	0	
0	[SLPS]	0	-111.053	108.389	0	153.538	0	0	
0	[SLPS]	0	-111.053	108.388	0	153.534	0	0	
0	[SLPS]	0	-111.053	108.388	0	153.534	0	0	
0	[SLPS]	0	-111.057	108.388	0	153.531	0	0	
0	[SLPS]	0	-111.057	108.387	0	153.528	0	0	
0	[SLPS]	0	-111.057	108.387	0	153.528	0	0	
0	[SLPS]	0	-111.054	108.388	0	153.524	0	0	
0	[SLPS]	0	-111.054	108.388	0	153.524	0	0	
0	[SLPS]	0	-111.056	108.388	0	153.520	0	0	
0	[SLPS]	0	-111.056	108.388	0	153.520	0	0	
0	[SLPS]	0	-111.057	108.388	0	153.520	0	0	
0	[SLPS]	0	-111.060	108.388	0	153.523	0	0	
0	[SLPS]	0	-111.060	108.388	0	153.523	0	0	
0	[SLPS]	0	-111.059	108.387	0	153.521	0	0	
0	[SLPS]	0	-111.059	108.387	0	153.521	0	0	
0	[SLPS]	0	-111.058	108.386	0	153.520	0	0	
0	[SLPS]	0	-111.059	108.387	0	153.517	0	0	
0	[SLPS]	0	-111.059	108.387	0	153.517	0	0	
0	[SLPS]	0	-111.059	108.388	0	153.515	0	0	
0	[SLPS]	0	-111.059	108.388	0	153.515	0	0	
0	[SLPS]	0	-111.058	108.387	0	153.515	0	0	
0	[SLPS]	0	-111.056	108.387	0	153.441	0	0	
0	[SLPS]	0	-111.056	108.387	0	153.441	0	0	
0	[SLPS]	0	-111.056	108.388	0	153.441	0	0	
0	[SLPS]	0	-111.056	108.388	0	153.441	0	0	
0	[SLPS]	0	-111.057	108.387	0	153.438	0	0	
0	[SLPS]	0	-111.057	108.387	0	153.437	0	0	
0	[SLPS]	0	-111.057	108.387	0	153.437	0	0	
0	[SLPS]	0	-111.055	108.388	0	153.434	0	0	
0	[SLPS]	0	-111.055	108.388	0	153.434	0	0	
0	[SLPS]	0	-111.056	108.387	0	153.436	0	0	
0	[SLPS]	0	-111.058	108.389	0	153.436	0	0	
0	[SLPS]	0	-111.058	108.387	0	153.435	0	0	
0	[SLPS]	0	-111.059	108.389	0	153.434	0	0	
0	[SLPS]	0	-111.059	108.389	0	153.434	0	0	
0	[SLPS]	0	-111.060	108.387	0	153.429	0	0	
0	[SLPS]	0	-111.060	108.387	0	153.429	0	0	
0	[SLPS]	0	-111.058	108.388	0	153.426	0	0	
0	[SLPS]	0	-111.060	108.389	0	153.423	0	0	
0	[SLPS]	0	-111.060	108.389	0	153.423	0	0	
0	[SLPS]	0	-111.062	108.387	0	153.421	0	0	
0	[SLPS]	0	-111.062	108.387	0	153.421	0	0	
0	[SLPS]	0	-111.062	108.388	0	153.422	0	0	
0	[SLPS]	0	-111.059	108.388	0	153.420	0	0	
0	[SLPS]	0	-111.059	108.388	0	153.420	0	0	
0	[SLPS]	0	-111.062	108.387	0	153.418	0	0	
0	[SLPS]	0	-111.062	108.387	0	153.418	0	0	
0	[SLPS]	0	-111.064	108.387	0	153.345	0	0	
0	[SLPS]	0	-111.062	108.389	0	153.341	0	0	
0	[SLPS]	0	-111.062	108.389	0	153.341	0	0	
0	[SLPS]	0	-111.059	108.387	0	153.337	0	0	
0	[SLPS]	0	-111.059	108.387	0	153.337	0	0	
0	[SLPS]	0	-111.060	108.387	0	153.337	0	0	
0	[SLPS]	0	-111.063	108.388	0	153.336	0	0	
0	[SLPS]	0	-111.064	108.388	0	153.335	0	0	
0	[SLPS]	0	-111.062	108.388	0	153.331	0	0	
0	[SLPS]	0	-111.062	108.388	0	153.331	0	0	
0	[SLPS]	0	-111.060	108.388	0	153.327	0	0	
0	[SLPS]	0	-111.060	108.388	0	153.327	0	0	
0	[SLPS]	0	-111.058	108.391	0	153.327	0	0	
0	[SLPS]	0	-111.057	108.391	0	153.328	0	0	
0	[SLPS]	0	-111.057	108.391	0	153.328	0	0	
0	[SLPS]	0	-111.058	108.387	0	153.324	0	0	
0	[SLPS]	0	-111.058	108.387	0	153.324	0	0	
0	[SLPS]	0	-111.060	108.385	0	153.319	0	0	
0	[SLPS]	0	-111.057	108.387	0	153.319	0	0	
0	[SLPS]	0	-111.057	108.387	0	153.319	0	0	
0	[SLPS]	0	-111.054	108.389	0	153.318	0	0	
0	[SLPS]	0	-111.054	108.389	0	153.318	0	0	
0	[SLPS]	0	-111.056	108.388	0	153.316	0	0	
0	[SLPS]	0	-111.059	108.386	0	153.315	0	0	
0	[SLPS]	0	-111.059	108.386	0	153.315	0	0	
0	[SLPS]	0	-111.058	108.387	0	153.241	0	0	
0	[SLPS]	0	-111.058	108.387	0	153.241	0	0	
0	[SLPS]	0	-111.056	108.388	0	153.240	0	0	
0	[SLPS]	0	-111.052	108.389	0	153.237	0	0	
0	[SLPS]	0	-111.052	108.388	0	153.238	0	0	
0	[SLPS]	0	-111.049	108.388	0	153.236	0	0	
0	[SLPS]	0	-111.049	108.388	0	153.236	0	0	
0	[SLPS]	0	-111.053	108.389	0	153.233	0	0	
0	[SLPS]	0	-111.053	108.389	0	153.233	0	0	
0	[SLPS]	0	-111.054	108.388	0	153.233	0	0	
0	[SLPS]	0	-111.052	108.389	0	153.233	0	0	
0	[SLPS]	0	-111.052	108.389	0	153.233	0	0	
0	[SLPS]	0	-111.058	108.388	0	153.228	0	0	
0	[SLPS]	0	-111.058	108.388	0	153.228	0	0	
0	[SLPS]	0	-111.054	108.388	0	153.225	0	0	
0	[SLPS]	0	-111.054	108.389	0	153.223	0	0	
0	[SLPS]	0	-111.054	108.389	0	153.223	0	0	
0	[SLPS]	0	-111.052	108.389	0	153.222	0	0	
0	[SLPS]	0	-111.052	108.389	0	153.222	0	0	
0	[SLPS]	0	-111.052	108.391	0	153.221	0	0	
0	[SLPS]	0	-111.056	108.390	0	153.220	0	0	
