3	[SLPS]	0	407.854	59.902	0	142.303	0	0	0	0	
3	[SLPS]	0	407.854	59.902	0	142.303	0	0	0	0	
3	[SLPS]	0	407.996	59.712	0	142.298	0	0	0	0	
3	[SLPS]	0	408.134	59.521	0	142.304	0	0	0	0	
3	[SLPS]	0	408.276	59.327	0	142.309	0	0	0	0	
3	[SLPS]	0	408.416	59.132	0	142.319	0	0	0	0	
3	[SLPS]	0	408.416	59.132	0	142.319	0	0	0	0	
3	[SLPS]	0	408.558	58.927	0	142.334	0	0	0	0	
3	[SLPS]	0	408.702	58.737	0	142.336	0	0	0	0	
3	[SLPS]	0	408.702	58.737	0	142.336	0	0	0	0	
3	[SLPS]	0	408.976	58.356	0	142.355	0	0	0	0	
3	[SLPS]	0	408.976	58.356	0	142.355	0	0	0	0	
3	[SLPS]	0	409.115	58.162	0	142.364	0	0	0	0	
3	[SLPS]	0	409.265	57.975	0	142.364	0	0	0	0	
3	[SLPS]	0	409.265	57.975	0	142.364	0	0	0	0	
3	[SLPS]	0	409.542	57.604	0	142.385	0	0	0	0	
3	[SLPS]	0	409.542	57.604	0	142.385	0	0	0	0	
3	[SLPS]	0	409.685	57.415	0	142.397	0	0	0	0	
3	[SLPS]	0	409.828	57.244	0	142.399	0	0	0	0	
3	[SLPS]	0	409.828	57.244	0	142.399	0	0	0	0	
3	[SLPS]	0	410.123	56.867	0	142.415	0	0	0	0	
3	[SLPS]	0	410.123	56.867	0	142.415	0	0	0	0	
3	[SLPS]	0	410.265	56.691	0	142.417	0	0	0	0	
3	[SLPS]	0	410.409	56.523	0	142.413	0	0	0	0	
3	[SLPS]	0	410.409	56.523	0	142.413	0	0	0	0	
3	[SLPS]	0	410.694	56.164	0	142.429	0	0	0	0	
3	[SLPS]	0	410.694	56.164	0	142.429	0	0	0	0	
3	[SLPS]	0	410.841	55.992	0	142.431	0	0	0	0	
3	[SLPS]	0	410.984	55.807	0	142.440	0	0	0	0	
3	[SLPS]	0	410.984	55.807	0	142.440	0	0	0	0	
3	[SLPS]	0	411.258	55.444	0	142.457	0	0	0	0	
3	[SLPS]	0	411.258	55.444	0	142.457	0	0	0	0	
3	[SLPS]	0	411.398	55.262	0	142.458	0	0	0	0	
3	[SLPS]	0	411.530	55.081	0	142.462	0	0	0	0	
3	[SLPS]	0	411.530	55.081	0	142.462	0	0	0	0	
3	[SLPS]	0	411.795	54.718	0	142.476	0	0	0	0	
3	[SLPS]	0	411.795	54.718	0	142.476	0	0	0	0	
3	[SLPS]	0	411.926	54.530	0	142.489	0	0	0	0	
3	[SLPS]	0	412.060	54.358	0	142.492	0	0	0	0	
3	[SLPS]	0	412.188	54.166	0	142.513	0	0	0	0	
3	[SLPS]	0	412.313	53.988	0	142.523	0	0	0	0	
3	[SLPS]	0	412.313	53.988	0	142.523	0	0	0	0	
3	[SLPS]	0	412.577	53.630	0	142.532	0	0	0	0	
3	[SLPS]	0	412.577	53.630	0	142.532	0	0	0	0	
3	[SLPS]	0	412.711	53.445	0	142.537	0	0	0	0	
3	[SLPS]	0	412.846	53.285	0	142.529	0	0	0	0	
3	[SLPS]	0	412.846	53.285	0	142.529	0	0	0	0	
3	[SLPS]	0	413.112	52.947	0	142.561	0	0	0	0	
3	[SLPS]	0	413.112	52.947	0	142.561	0	0	0	0	
3	[SLPS]	0	413.246	52.785	0	142.565	0	0	0	0	
3	[SLPS]	0	413.382	52.610	0	142.574	0	0	0	0	
3	[SLPS]	0	413.382	52.610	0	142.574	0	0	0	0	
3	[SLPS]	0	413.645	52.282	0	142.572	0	0	0	0	
3	[SLPS]	0	413.645	52.282	0	142.572	0	0	0	0	
3	[SLPS]	0	413.776	52.114	0	142.593	0	0	0	0	
3	[SLPS]	0	413.906	51.966	0	142.588	0	0	0	0	
3	[SLPS]	0	413.906	51.966	0	142.588	0	0	0	0	
3	[SLPS]	0	414.159	51.626	0	142.604	0	0	0	0	
3	[SLPS]	0	414.159	51.626	0	142.604	0	0	0	0	
3	[SLPS]	0	414.287	51.463	0	142.603	0	0	0	0	
3	[SLPS]	0	414.412	51.292	0	142.607	0	0	0	0	
3	[SLPS]	0	414.412	51.292	0	142.607	0	0	0	0	
3	[SLPS]	0	414.670	50.978	0	142.624	0	0	0	0	
3	[SLPS]	0	414.670	50.978	0	142.624	0	0	0	0	
3	[SLPS]	0	414.794	50.805	0	142.640	0	0	0	0	
3	[SLPS]	0	414.921	50.638	0	142.642	0	0	0	0	
3	[SLPS]	0	415.048	50.467	0	142.645	0	0	0	0	
3	[SLPS]	0	415.166	50.296	0	142.653	0	0	0	0	
3	[SLPS]	0	415.166	50.296	0	142.653	0	0	0	0	
3	[SLPS]	0	415.296	50.134	0	142.652	0	0	0	0	
3	[SLPS]	0	415.420	49.970	0	142.669	0	0	0	0	
3	[SLPS]	0	415.556	49.818	0	142.664	0	0	0	0	
3	[SLPS]	0	415.681	49.653	0	142.674	0	0	0	0	
3	[SLPS]	0	415.681	49.653	0	142.674	0	0	0	0	
3	[SLPS]	0	415.927	49.320	0	142.680	0	0	0	0	
3	[SLPS]	0	415.927	49.320	0	142.680	0	0	0	0	
3	[SLPS]	0	416.051	49.159	0	142.696	0	0	0	0	
3	[SLPS]	0	416.172	49.000	0	142.695	0	0	0	0	
3	[SLPS]	0	416.172	49.000	0	142.695	0	0	0	0	
3	[SLPS]	0	416.393	48.664	0	142.725	0	0	0	0	
3	[SLPS]	0	416.393	48.664	0	142.725	0	0	0	0	
3	[SLPS]	0	416.517	48.507	0	142.716	0	0	0	0	
3	[SLPS]	0	416.646	48.341	0	142.707	0	0	0	0	
3	[SLPS]	0	416.779	48.182	0	142.694	0	0	0	0	
3	[SLPS]	0	416.901	48.021	0	142.726	0	0	0	0	
3	[SLPS]	0	416.901	48.021	0	142.726	0	0	0	0	
3	[SLPS]	0	417.033	47.864	0	142.735	0	0	0	0	
3	[SLPS]	0	417.171	47.722	0	142.750	0	0	0	0	
3	[SLPS]	0	417.171	47.722	0	142.750	0	0	0	0	
3	[SLPS]	0	417.408	47.424	0	142.849	0	0	0	0	
3	[SLPS]	0	417.408	47.424	0	142.849	0	0	0	0	
3	[SLPS]	0	417.635	47.125	0	142.981	0	0	0	0	
3	[SLPS]	0	417.635	47.125	0	142.981	0	0	0	0	
3	[SLPS]	0	417.749	46.969	0	143.069	0	0	0	0	
3	[SLPS]	0	417.846	46.820	0	143.163	0	0	0	0	
3	[SLPS]	0	417.846	46.820	0	143.163	0	0	0	0	
3	[SLPS]	0	418.061	46.514	0	143.401	0	0	0	0	
3	[SLPS]	0	418.061	46.514	0	143.401	0	0	0	0	
3	[SLPS]	0	418.161	46.360	0	143.527	0	0	0	0	
3	[SLPS]	0	418.269	46.211	0	143.665	0	0	0	0	
3	[SLPS]	0	418.269	46.211	0	143.665	0	0	0	0	
3	[SLPS]	0	418.479	45.905	0	143.956	0	0	0	0	
3	[SLPS]	0	418.479	45.905	0	143.956	0	0	0	0	
3	[SLPS]	0	418.577	45.753	0	144.116	0	0	0	0	
3	[SLPS]	0	418.681	45.597	0	144.278	0	0	0	0	
3	[SLPS]	0	418.681	45.597	0	144.278	0	0	0	0	
3	[SLPS]	0	418.889	45.295	0	144.606	0	0	0	0	
3	[SLPS]	0	418.889	45.295	0	144.606	0	0	0	0	
3	[SLPS]	0	418.984	45.141	0	144.784	0	0	0	0	
3	[SLPS]	0	419.086	44.990	0	144.971	0	0	0	0	
3	[SLPS]	0	419.198	44.834	0	145.175	0	0	0	0	
3	[SLPS]	0	419.299	44.682	0	145.388	0	0	0	0	
3	[SLPS]	0	419.299	44.682	0	145.388	0	0	0	0	
3	[SLPS]	0	419.405	44.536	0	145.599	0	0	0	0	
3	[SLPS]	0	419.513	44.382	0	145.812	0	0	0	0	
3	[SLPS]	0	419.612	44.233	0	146.032	0	0	0	0	
3	[SLPS]	0	419.701	44.076	0	146.277	0	0	0	0	
3	[SLPS]	0	419.701	44.076	0	146.277	0	0	0	0	
3	[SLPS]	0	419.799	43.927	0	146.544	0	0	0	0	
3	[SLPS]	0	419.889	43.780	0	146.833	0	0	0	0	
3	[SLPS]	0	419.982	43.630	0	147.137	0	0	0	0	
3	[SLPS]	0	420.073	43.476	0	147.454	0	0	0	0	
3	[SLPS]	0	420.073	43.476	0	147.454	0	0	0	0	
3	[SLPS]	0	420.250	43.175	0	148.113	0	0	0	0	
3	[SLPS]	0	420.250	43.175	0	148.113	0	0	0	0	
3	[SLPS]	0	420.336	43.023	0	148.457	0	0	0	0	
3	[SLPS]	0	420.415	42.877	0	148.813	0	0	0	0	
3	[SLPS]	0	420.415	42.877	0	148.813	0	0	0	0	
3	[SLPS]	0	420.585	42.579	0	149.529	0	0	0	0	
3	[SLPS]	0	420.585	42.579	0	149.529	0	0	0	0	
3	[SLPS]	0	420.664	42.428	0	149.883	0	0	0	0	
3	[SLPS]	0	420.742	42.285	0	150.242	0	0	0	0	
3	[SLPS]	0	420.742	42.285	0	150.242	0	0	0	0	
3	[SLPS]	0	420.901	41.982	0	150.956	0	0	0	0	
3	[SLPS]	0	420.901	41.982	0	150.956	0	0	0	0	
3	[SLPS]	0	420.978	41.833	0	151.313	0	0	0	0	
3	[SLPS]	0	421.052	41.680	0	151.684	0	0	0	0	
3	[SLPS]	0	421.052	41.680	0	151.684	0	0	0	0	
3	[SLPS]	0	421.201	41.370	0	152.454	0	0	0	0	
3	[SLPS]	0	421.201	41.370	0	152.454	0	0	0	0	
3	[SLPS]	0	421.274	41.215	0	152.834	0	0	0	0	
3	[SLPS]	0	421.346	41.059	0	153.204	0	0	0	0	
3	[SLPS]	0	421.346	41.059	0	153.204	0	0	0	0	
3	[SLPS]	0	421.489	40.750	0	153.948	0	0	0	0	
3	[SLPS]	0	421.489	40.750	0	153.948	0	0	0	0	
3	[SLPS]	0	421.556	40.598	0	154.329	0	0	0	0	
3	[SLPS]	0	421.626	40.445	0	154.714	0	0	0	0	
3	[SLPS]	0	421.695	40.292	0	155.102	0	0	0	0	
3	[SLPS]	0	421.761	40.142	0	155.496	0	0	0	0	
3	[SLPS]	0	421.761	40.142	0	155.496	0	0	0	0	
3	[SLPS]	0	421.826	39.987	0	155.895	0	0	0	0	
3	[SLPS]	0	421.890	39.834	0	156.293	0	0	0	0	
3	[SLPS]	0	421.890	39.834	0	156.293	0	0	0	0	
3	[SLPS]	0	422.018	39.518	0	157.102	0	0	0	0	
3	[SLPS]	0	422.018	39.518	0	157.102	0	0	0	0	
3	[SLPS]	0	422.076	39.362	0	157.505	0	0	0	0	
3	[SLPS]	0	422.135	39.211	0	157.908	0	0	0	0	
3	[SLPS]	0	422.191	39.060	0	158.310	0	0	0	0	
3	[SLPS]	0	422.251	38.899	0	158.711	0	0	0	0	
3	[SLPS]	0	422.251	38.899	0	158.711	0	0	0	0	
3	[SLPS]	0	422.356	38.587	0	159.540	0	0	0	0	
3	[SLPS]	0	422.356	38.587	0	159.540	0	0	0	0	
3	[SLPS]	0	422.408	38.431	0	159.972	0	0	0	0	
3	[SLPS]	0	422.462	38.281	0	160.413	0	0	0	0	
3	[SLPS]	0	422.462	38.281	0	160.413	0	0	0	0	
3	[SLPS]	0	422.562	37.964	0	161.337	0	0	0	0	
3	[SLPS]	0	422.562	37.964	0	161.337	0	0	0	0	
3	[SLPS]	0	422.608	37.817	0	161.818	0	0	0	0	
3	[SLPS]	0	422.656	37.655	0	162.312	0	0	0	0	
3	[SLPS]	0	422.656	37.655	0	162.312	0	0	0	0	
3	[SLPS]	0	422.738	37.356	0	163.334	0	0	0	0	
3	[SLPS]	0	422.738	37.356	0	163.334	0	0	0	0	
3	[SLPS]	0	422.775	37.202	0	163.866	0	0	0	0	
3	[SLPS]	0	422.813	37.045	0	164.412	0	0	0	0	
3	[SLPS]	0	422.813	37.045	0	164.412	0	0	0	0	
3	[SLPS]	0	422.879	36.734	0	165.535	0	0	0	0	
3	[SLPS]	0	422.879	36.734	0	165.535	0	0	0	0	
3	[SLPS]	0	422.910	36.576	0	166.122	0	0	0	0	
3	[SLPS]	0	422.942	36.416	0	166.731	0	0	0	0	
3	[SLPS]	0	422.942	36.416	0	166.731	0	0	0	0	
3	[SLPS]	0	423.002	36.099	0	168.004	0	0	0	0	
3	[SLPS]	0	423.002	36.099	0	168.004	0	0	0	0	
3	[SLPS]	0	423.027	35.937	0	168.663	0	0	0	0	
3	[SLPS]	0	423.050	35.777	0	169.332	0	0	0	0	
3	[SLPS]	0	423.050	35.777	0	169.332	0	0	0	0	
3	[SLPS]	0	423.093	35.460	0	170.687	0	0	0	0	
3	[SLPS]	0	423.093	35.460	0	170.687	0	0	0	0	
3	[SLPS]	0	423.110	35.300	0	171.374	0	0	0	0	
3	[SLPS]	0	423.126	35.142	0	172.063	0	0	0	0	
3	[SLPS]	0	423.126	35.142	0	172.063	0	0	0	0	
3	[SLPS]	0	423.155	34.826	0	173.440	0	0	0	0	
3	[SLPS]	0	423.155	34.826	0	173.440	0	0	0	0	
3	[SLPS]	0	423.170	34.677	0	174.121	0	0	0	0	
3	[SLPS]	0	423.173	34.518	0	174.792	0	0	0	0	
3	[SLPS]	0	423.173	34.518	0	174.792	0	0	0	0	
3	[SLPS]	0	423.178	34.218	0	176.152	0	0	0	0	
3	[SLPS]	0	423.178	34.218	0	176.152	0	0	0	0	
3	[SLPS]	0	423.175	33.926	0	177.468	0	0	0	0	
3	[SLPS]	0	423.175	33.926	0	177.468	0	0	0	0	
3	[SLPS]	0	423.172	33.779	0	178.123	0	0	0	0	
3	[SLPS]	0	423.167	33.638	0	178.782	0	0	0	0	
3	[SLPS]	0	423.167	33.638	0	178.782	0	0	0	0	
3	[SLPS]	0	423.155	33.353	0	180.107	0	0	0	0	
3	[SLPS]	0	423.155	33.353	0	180.107	0	0	0	0	
3	[SLPS]	0	423.148	33.213	0	180.763	0	0	0	0	
3	[SLPS]	0	423.137	33.075	0	181.413	0	0	0	0	
3	[SLPS]	0	423.137	33.075	0	181.413	0	0	0	0	
3	[SLPS]	0	423.113	32.794	0	182.684	0	0	0	0	
3	[SLPS]	0	423.113	32.794	0	182.684	0	0	0	0	
3	[SLPS]	0	423.097	32.655	0	183.316	0	0	0	0	
3	[SLPS]	0	423.083	32.519	0	183.954	0	0	0	0	
3	[SLPS]	0	423.083	32.519	0	183.954	0	0	0	0	
3	[SLPS]	0	423.050	32.252	0	185.212	0	0	0	0	
3	[SLPS]	0	423.050	32.252	0	185.212	0	0	0	0	
3	[SLPS]	0	423.033	32.122	0	185.826	0	0	0	0	
3	[SLPS]	0	423.013	31.989	0	186.436	0	0	0	0	
3	[SLPS]	0	423.013	31.989	0	186.436	0	0	0	0	
3	[SLPS]	0	422.993	31.862	0	187.034	0	0	0	0	
3	[SLPS]	0	422.970	31.733	0	187.627	0	0	0	0	
3	[SLPS]	0	422.948	31.606	0	188.225	0	0	0	0	
3	[SLPS]	0	422.921	31.485	0	188.823	0	0	0	0	
3	[SLPS]	0	422.921	31.485	0	188.823	0	0	0	0	
3	[SLPS]	0	422.869	31.242	0	189.998	0	0	0	0	
3	[SLPS]	0	422.869	31.242	0	189.998	0	0	0	0	
3	[SLPS]	0	422.841	31.126	0	190.558	0	0	0	0	
3	[SLPS]	0	422.816	31.012	0	191.101	0	0	0	0	
3	[SLPS]	0	422.816	31.012	0	191.101	0	0	0	0	
3	[SLPS]	0	422.758	30.788	0	192.158	0	0	0	0	
3	[SLPS]	0	422.758	30.788	0	192.158	0	0	0	0	
3	[SLPS]	0	422.729	30.681	0	192.685	0	0	0	0	
3	[SLPS]	0	422.702	30.574	0	193.214	0	0	0	0	
3	[SLPS]	0	422.702	30.574	0	193.214	0	0	0	0	
3	[SLPS]	0	422.640	30.364	0	194.268	0	0	0	0	
3	[SLPS]	0	422.640	30.364	0	194.268	0	0	0	0	
3	[SLPS]	0	422.606	30.265	0	194.783	0	0	0	0	
3	[SLPS]	0	422.573	30.164	0	195.288	0	0	0	0	
3	[SLPS]	0	422.573	30.164	0	195.288	0	0	0	0	
3	[SLPS]	0	422.509	29.943	0	196.295	0	0	0	0	
3	[SLPS]	0	422.509	29.943	0	196.295	0	0	0	0	
3	[SLPS]	0	422.472	29.839	0	196.798	0	0	0	0	
3	[SLPS]	0	422.442	29.737	0	197.299	0	0	0	0	
3	[SLPS]	0	422.442	29.737	0	197.299	0	0	0	0	
3	[SLPS]	0	422.376	29.523	0	198.285	0	0	0	0	
3	[SLPS]	0	422.376	29.523	0	198.285	0	0	0	0	
3	[SLPS]	0	422.335	29.418	0	198.773	0	0	0	0	
3	[SLPS]	0	422.292	29.326	0	199.257	0	0	0	0	
3	[SLPS]	0	422.292	29.326	0	199.257	0	0	0	0	
3	[SLPS]	0	422.211	29.132	0	200.224	0	0	0	0	
3	[SLPS]	0	422.211	29.132	0	200.224	0	0	0	0	
3	[SLPS]	0	422.129	28.942	0	201.201	0	0	0	0	
3	[SLPS]	0	422.129	28.942	0	201.201	0	0	0	0	
3	[SLPS]	0	422.091	28.848	0	201.687	0	0	0	0	
3	[SLPS]	0	422.052	28.760	0	202.163	0	0	0	0	
3	[SLPS]	0	422.052	28.760	0	202.163	0	0	0	0	
3	[SLPS]	0	422.010	28.672	0	202.636	0	0	0	0	
3	[SLPS]	0	421.969	28.587	0	203.103	0	0	0	0	
3	[SLPS]	0	421.932	28.497	0	203.569	0	0	0	0	
3	[SLPS]	0	421.892	28.411	0	204.034	0	0	0	0	
3	[SLPS]	0	421.892	28.411	0	204.034	0	0	0	0	
3	[SLPS]	0	421.804	28.243	0	204.951	0	0	0	0	
3	[SLPS]	0	421.804	28.243	0	204.951	0	0	0	0	
3	[SLPS]	0	421.765	28.161	0	205.398	0	0	0	0	
3	[SLPS]	0	421.722	28.080	0	205.838	0	0	0	0	
3	[SLPS]	0	421.722	28.080	0	205.838	0	0	0	0	
3	[SLPS]	0	421.636	27.909	0	206.686	0	0	0	0	
3	[SLPS]	0	421.636	27.909	0	206.686	0	0	0	0	
3	[SLPS]	0	421.592	27.830	0	207.092	0	0	0	0	
3	[SLPS]	0	421.547	27.751	0	207.484	0	0	0	0	
3	[SLPS]	0	421.547	27.751	0	207.484	0	0	0	0	
3	[SLPS]	0	421.457	27.591	0	208.238	0	0	0	0	
3	[SLPS]	0	421.457	27.591	0	208.238	0	0	0	0	
3	[SLPS]	0	421.410	27.516	0	208.610	0	0	0	0	
3	[SLPS]	0	421.368	27.442	0	208.966	0	0	0	0	
3	[SLPS]	0	421.368	27.442	0	208.966	0	0	0	0	
3	[SLPS]	0	421.281	27.300	0	209.629	0	0	0	0	
3	[SLPS]	0	421.281	27.300	0	209.629	0	0	0	0	
3	[SLPS]	0	421.239	27.236	0	209.941	0	0	0	0	
3	[SLPS]	0	421.198	27.177	0	210.248	0	0	0	0	
3	[SLPS]	0	421.161	27.113	0	210.546	0	0	0	0	
3	[SLPS]	0	421.122	27.054	0	210.843	0	0	0	0	
3	[SLPS]	0	421.122	27.054	0	210.843	0	0	0	0	
3	[SLPS]	0	421.053	26.939	0	211.411	0	0	0	0	
3	[SLPS]	0	421.053	26.939	0	211.411	0	0	0	0	
3	[SLPS]	0	421.017	26.884	0	211.691	0	0	0	0	
3	[SLPS]	0	420.978	26.828	0	211.967	0	0	0	0	
3	[SLPS]	0	420.978	26.828	0	211.967	0	0	0	0	
3	[SLPS]	0	420.898	26.718	0	212.509	0	0	0	0	
3	[SLPS]	0	420.898	26.718	0	212.509	0	0	0	0	
3	[SLPS]	0	420.863	26.662	0	212.768	0	0	0	0	
3	[SLPS]	0	420.827	26.608	0	213.017	0	0	0	0	
3	[SLPS]	0	420.827	26.608	0	213.017	0	0	0	0	
3	[SLPS]	0	420.754	26.508	0	213.508	0	0	0	0	
3	[SLPS]	0	420.754	26.508	0	213.508	0	0	0	0	
3	[SLPS]	0	420.754	26.508	0	213.508	0	0	0	0	
3	[SLPS]	0	420.685	26.413	0	213.982	0	0	0	0	
3	[SLPS]	0	420.685	26.413	0	213.982	0	0	0	0	
3	[SLPS]	0	420.653	26.369	0	214.207	0	0	0	0	
3	[SLPS]	0	420.620	26.325	0	214.421	0	0	0	0	
3	[SLPS]	0	420.620	26.325	0	214.421	0	0	0	0	
3	[SLPS]	0	420.560	26.237	0	214.826	0	0	0	0	
3	[SLPS]	0	420.560	26.237	0	214.826	0	0	0	0	
3	[SLPS]	0	420.530	26.198	0	215.022	0	0	0	0	
3	[SLPS]	0	420.502	26.159	0	215.222	0	0	0	0	
3	[SLPS]	0	420.502	26.159	0	215.222	0	0	0	0	
3	[SLPS]	0	420.444	26.077	0	215.608	0	0	0	0	
3	[SLPS]	0	420.444	26.077	0	215.608	0	0	0	0	
3	[SLPS]	0	420.417	26.041	0	215.788	0	0	0	0	
3	[SLPS]	0	420.390	26.004	0	215.959	0	0	0	0	
3	[SLPS]	0	420.358	25.970	0	216.129	0	0	0	0	
3	[SLPS]	0	420.329	25.937	0	216.301	0	0	0	0	
3	[SLPS]	0	420.329	25.937	0	216.301	0	0	0	0	
3	[SLPS]	0	420.305	25.900	0	216.471	0	0	0	0	
3	[SLPS]	0	420.276	25.870	0	216.639	0	0	0	0	
3	[SLPS]	0	420.259	25.841	0	216.796	0	0	0	0	
3	[SLPS]	0	420.237	25.813	0	216.947	0	0	0	0	
3	[SLPS]	0	420.237	25.813	0	216.947	0	0	0	0	
3	[SLPS]	0	420.196	25.757	0	217.231	0	0	0	0	
3	[SLPS]	0	420.196	25.757	0	217.231	0	0	0	0	
3	[SLPS]	0	420.178	25.728	0	217.367	0	0	0	0	
3	[SLPS]	0	420.156	25.704	0	217.494	0	0	0	0	
3	[SLPS]	0	420.156	25.704	0	217.494	0	0	0	0	
3	[SLPS]	0	420.121	25.654	0	217.730	0	0	0	0	
3	[SLPS]	0	420.121	25.654	0	217.730	0	0	0	0	
3	[SLPS]	0	420.102	25.631	0	217.839	0	0	0	0	
3	[SLPS]	0	420.086	25.610	0	217.943	0	0	0	0	
3	[SLPS]	0	420.086	25.610	0	217.943	0	0	0	0	
3	[SLPS]	0	420.053	25.571	0	218.139	0	0	0	0	
3	[SLPS]	0	420.053	25.571	0	218.139	0	0	0	0	
3	[SLPS]	0	420.038	25.552	0	218.232	0	0	0	0	
3	[SLPS]	0	420.025	25.536	0	218.322	0	0	0	0	
3	[SLPS]	0	420.025	25.536	0	218.322	0	0	0	0	
3	[SLPS]	0	420.002	25.506	0	218.493	0	0	0	0	
3	[SLPS]	0	420.002	25.506	0	218.493	0	0	0	0	
3	[SLPS]	0	419.989	25.492	0	218.572	0	0	0	0	
3	[SLPS]	0	419.980	25.480	0	218.650	0	0	0	0	
3	[SLPS]	0	419.973	25.470	0	218.723	0	0	0	0	
3	[SLPS]	0	419.964	25.460	0	218.790	0	0	0	0	
3	[SLPS]	0	419.964	25.460	0	218.790	0	0	0	0	
3	[SLPS]	0	419.950	25.439	0	218.916	0	0	0	0	
3	[SLPS]	0	419.950	25.439	0	218.916	0	0	0	0	
3	[SLPS]	0	419.944	25.431	0	218.974	0	0	0	0	
3	[SLPS]	0	419.935	25.418	0	219.031	0	0	0	0	
3	[SLPS]	0	419.935	25.418	0	219.031	0	0	0	0	
3	[SLPS]	0	419.923	25.403	0	219.127	0	0	0	0	
3	[SLPS]	0	419.923	25.403	0	219.127	0	0	0	0	
3	[SLPS]	0	419.918	25.397	0	219.172	0	0	0	0	
3	[SLPS]	0	419.915	25.385	0	219.212	0	0	0	0	
3	[SLPS]	0	419.915	25.385	0	219.212	0	0	0	0	
3	[SLPS]	0	419.906	25.373	0	219.287	0	0	0	0	
3	[SLPS]	0	419.906	25.373	0	219.287	0	0	0	0	
3	[SLPS]	0	419.902	25.368	0	219.321	0	0	0	0	
3	[SLPS]	0	419.897	25.364	0	219.354	0	0	0	0	
3	[SLPS]	0	419.897	25.364	0	219.354	0	0	0	0	
3	[SLPS]	0	419.891	25.357	0	219.403	0	0	0	0	
3	[SLPS]	0	419.891	25.357	0	219.403	0	0	0	0	
3	[SLPS]	0	419.886	25.357	0	219.426	0	0	0	0	
3	[SLPS]	0	419.886	25.355	0	219.445	0	0	0	0	
3	[SLPS]	0	419.886	25.355	0	219.445	0	0	0	0	
3	[SLPS]	0	419.880	25.357	0	219.481	0	0	0	0	
3	[SLPS]	0	419.880	25.357	0	219.481	0	0	0	0	
3	[SLPS]	0	419.880	25.354	0	219.493	0	0	0	0	
3	[SLPS]	0	419.881	25.353	0	219.504	0	0	0	0	
3	[SLPS]	0	419.881	25.353	0	219.504	0	0	0	0	
3	[SLPS]	0	419.872	25.361	0	219.520	0	0	0	0	
3	[SLPS]	0	419.872	25.361	0	219.520	0	0	0	0	
3	[SLPS]	0	419.873	25.360	0	219.524	0	0	0	0	
3	[SLPS]	0	419.874	25.359	0	219.527	0	0	0	0	
3	[SLPS]	0	419.874	25.359	0	219.527	0	0	0	0	
3	[SLPS]	0	419.878	25.359	0	219.530	0	0	0	0	
3	[SLPS]	0	419.878	25.359	0	219.530	0	0	0	0	
3	[SLPS]	0	419.879	25.358	0	219.531	0	0	0	0	
3	[SLPS]	0	419.880	25.360	0	219.534	0	0	0	0	
3	[SLPS]	0	419.880	25.360	0	219.534	0	0	0	0	
3	[SLPS]	0	419.882	25.357	0	219.535	0	0	0	0	
3	[SLPS]	0	419.882	25.357	0	219.535	0	0	0	0	
3	[SLPS]	0	419.882	25.357	0	219.535	0	0	0	0	
3	[SLPS]	0	419.882	25.357	0	219.532	0	0	0	0	
3	[SLPS]	0	419.882	25.357	0	219.532	0	0	0	0	
3	[SLPS]	0	419.881	25.356	0	219.535	0	0	0	0	
3	[SLPS]	0	419.881	25.356	0	219.535	0	0	0	0	
3	[SLPS]	0	419.881	25.355	0	219.536	0	0	0	0	
3	[SLPS]	0	419.883	25.354	0	219.536	0	0	0	0	
3	[SLPS]	0	419.883	25.354	0	219.536	0	0	0	0	
3	[SLPS]	0	419.882	25.355	0	219.539	0	0	0	0	
3	[SLPS]	0	419.882	25.355	0	219.539	0	0	0	0	
3	[SLPS]	0	419.882	25.354	0	219.540	0	0	0	0	
3	[SLPS]	0	419.882	25.355	0	219.541	0	0	0	0	
3	[SLPS]	0	419.882	25.355	0	219.541	0	0	0	0	
3	[SLPS]	0	419.876	25.363	0	219.543	0	0	0	0	
3	[SLPS]	0	419.876	25.363	0	219.543	0	0	0	0	
3	[SLPS]	0	419.875	25.365	0	219.542	0	0	0	0	
3	[SLPS]	0	419.875	25.368	0	219.543	0	0	0	0	
3	[SLPS]	0	419.875	25.368	0	219.543	0	0	0	0	
3	[SLPS]	0	419.875	25.371	0	219.543	0	0	0	0	
3	[SLPS]	0	419.875	25.371	0	219.543	0	0	0	0	
3	[SLPS]	0	419.875	25.371	0	219.544	0	0	0	0	
3	[SLPS]	0	419.875	25.372	0	219.545	0	0	0	0	
3	[SLPS]	0	419.875	25.372	0	219.545	0	0	0	0	
3	[SLPS]	0	419.876	25.371	0	219.546	0	0	0	0	
3	[SLPS]	0	419.876	25.371	0	219.546	0	0	0	0	
3	[SLPS]	0	419.877	25.372	0	219.548	0	0	0	0	
3	[SLPS]	0	419.878	25.371	0	219.550	0	0	0	0	
3	[SLPS]	0	419.879	25.372	0	219.547	0	0	0	0	
3	[SLPS]	0	419.879	25.372	0	219.549	0	0	0	0	
3	[SLPS]	0	419.879	25.372	0	219.549	0	0	0	0	
3	[SLPS]	0	419.879	25.371	0	219.550	0	0	0	0	
3	[SLPS]	0	419.880	25.370	0	219.549	0	0	0	0	
3	[SLPS]	0	419.880	25.369	0	219.550	0	0	0	0	
3	[SLPS]	0	419.880	25.369	0	219.550	0	0	0	0	
3	[SLPS]	0	419.880	25.369	0	219.550	0	0	0	0	
3	[SLPS]	0	419.879	25.372	0	219.552	0	0	0	0	
3	[SLPS]	0	419.879	25.372	0	219.552	0	0	0	0	
3	[SLPS]	0	419.879	25.370	0	219.553	0	0	0	0	
3	[SLPS]	0	419.879	25.368	0	219.555	0	0	0	0	
3	[SLPS]	0	419.879	25.368	0	219.555	0	0	0	0	
3	[SLPS]	0	419.879	25.369	0	219.555	0	0	0	0	
3	[SLPS]	0	419.879	25.369	0	219.555	0	0	0	0	
3	[SLPS]	0	419.877	25.369	0	219.556	0	0	0	0	
3	[SLPS]	0	419.877	25.369	0	219.558	0	0	0	0	
3	[SLPS]	0	419.878	25.369	0	219.558	0	0	0	0	
3	[SLPS]	0	419.878	25.370	0	219.559	0	0	0	0	
3	[SLPS]	0	419.878	25.370	0	219.559	0	0	0	0	
3	[SLPS]	0	419.878	25.371	0	219.562	0	0	0	0	
3	[SLPS]	0	419.878	25.371	0	219.562	0	0	0	0	
3	[SLPS]	0	419.878	25.370	0	219.562	0	0	0	0	
3	[SLPS]	0	419.878	25.371	0	219.561	0	0	0	0	
3	[SLPS]	0	419.878	25.371	0	219.561	0	0	0	0	
3	[SLPS]	0	419.878	25.371	0	219.558	0	0	0	0	
3	[SLPS]	0	419.878	25.371	0	219.558	0	0	0	0	
3	[SLPS]	0	419.878	25.371	0	219.559	0	0	0	0	
3	[SLPS]	0	419.878	25.372	0	219.561	0	0	0	0	
3	[SLPS]	0	419.878	25.372	0	219.561	0	0	0	0	
3	[SLPS]	0	419.878	25.372	0	219.563	0	0	0	0	
3	[SLPS]	0	419.878	25.372	0	219.563	0	0	0	0	
3	[SLPS]	0	419.877	25.373	0	219.563	0	0	0	0	
3	[SLPS]	0	419.878	25.374	0	219.562	0	0	0	0	
3	[SLPS]	0	419.878	25.374	0	219.562	0	0	0	0	
3	[SLPS]	0	419.881	25.370	0	219.563	0	0	0	0	
3	[SLPS]	0	419.881	25.370	0	219.563	0	0	0	0	
3	[SLPS]	0	419.880	25.372	0	219.563	0	0	0	0	
3	[SLPS]	0	419.879	25.370	0	219.564	0	0	0	0	
3	[SLPS]	0	419.879	25.370	0	219.564	0	0	0	0	
3	[SLPS]	0	419.884	25.371	0	219.560	0	0	0	0	
3	[SLPS]	0	419.884	25.371	0	219.560	0	0	0	0	
3	[SLPS]	0	419.884	25.372	0	219.563	0	0	0	0	
3	[SLPS]	0	419.884	25.371	0	219.567	0	0	0	0	
3	[SLPS]	0	419.883	25.371	0	219.568	0	0	0	0	
3	[SLPS]	0	419.882	25.371	0	219.565	0	0	0	0	
3	[SLPS]	0	419.882	25.371	0	219.565	0	0	0	0	
3	[SLPS]	0	419.882	25.371	0	219.569	0	0	0	0	
3	[SLPS]	0	419.882	25.371	0	219.569	0	0	0	0	
3	[SLPS]	0	419.883	25.371	0	219.570	0	0	0	0	
3	[SLPS]	0	419.882	25.373	0	219.568	0	0	0	0	
3	[SLPS]	0	419.882	25.373	0	219.568	0	0	0	0	
3	[SLPS]	0	419.882	25.372	0	219.568	0	0	0	0	
3	[SLPS]	0	419.882	25.372	0	219.568	0	0	0	0	
3	[SLPS]	0	419.881	25.371	0	219.569	0	0	0	0	
3	[SLPS]	0	419.881	25.372	0	219.571	0	0	0	0	
3	[SLPS]	0	419.881	25.372	0	219.571	0	0	0	0	
3	[SLPS]	0	419.879	25.372	0	219.566	0	0	0	0	
3	[SLPS]	0	419.879	25.372	0	219.566	0	0	0	0	
3	[SLPS]	0	419.881	25.371	0	219.564	0	0	0	0	
3	[SLPS]	0	419.880	25.371	0	219.563	0	0	0	0	
3	[SLPS]	0	419.880	25.371	0	219.563	0	0	0	0	
3	[SLPS]	0	419.880	25.371	0	219.564	0	0	0	0	
3	[SLPS]	0	419.880	25.371	0	219.564	0	0	0	0	
3	[SLPS]	0	419.879	25.373	0	219.566	0	0	0	0	
3	[SLPS]	0	419.880	25.374	0	219.566	0	0	0	0	
3	[SLPS]	0	419.880	25.374	0	219.566	0	0	0	0	
3	[SLPS]	0	419.879	25.374	0	219.565	0	0	0	0	
3	[SLPS]	0	419.879	25.374	0	219.565	0	0	0	0	
3	[SLPS]	0	419.878	25.373	0	219.567	0	0	0	0	
3	[SLPS]	0	419.880	25.374	0	219.567	0	0	0	0	
3	[SLPS]	0	419.880	25.373	0	219.566	0	0	0	0	
3	[SLPS]	0	419.880	25.373	0	219.567	0	0	0	0	
3	[SLPS]	0	419.880	25.373	0	219.567	0	0	0	0	
3	[SLPS]	0	419.879	25.374	0	219.567	0	0	0	0	
3	[SLPS]	0	419.880	25.374	0	219.564	0	0	0	0	
3	[SLPS]	0	419.879	25.373	0	219.564	0	0	0	0	
3	[SLPS]	0	419.880	25.373	0	219.565	0	0	0	0	
3	[SLPS]	0	419.880	25.373	0	219.565	0	0	0	0	
3	[SLPS]	0	419.881	25.372	0	219.566	0	0	0	0	
3	[SLPS]	0	419.881	25.374	0	219.565	0	0	0	0	
3	[SLPS]	0	419.881	25.374	0	219.565	0	0	0	0	
3	[SLPS]	0	419.882	25.373	0	219.567	0	0	0	0	
3	[SLPS]	0	419.882	25.373	0	219.567	0	0	0	0	
3	[SLPS]	0	419.881	25.373	0	219.568	0	0	0	0	
3	[SLPS]	0	419.881	25.373	0	219.568	0	0	0	0	
3	[SLPS]	0	419.881	25.372	0	219.569	0	0	0	0	
3	[SLPS]	0	419.882	25.371	0	219.570	0	0	0	0	
3	[SLPS]	0	419.882	25.371	0	219.570	0	0	0	0	
3	[SLPS]	0	419.881	25.371	0	219.567	0	0	0	0	
3	[SLPS]	0	419.881	25.371	0	219.567	0	0	0	0	
3	[SLPS]	0	419.880	25.372	0	219.566	0	0	0	0	
3	[SLPS]	0	419.882	25.372	0	219.565	0	0	0	0	
3	[SLPS]	0	419.882	25.372	0	219.565	0	0	0	0	
3	[SLPS]	0	419.882	25.373	0	219.567	0	0	0	0	
3	[SLPS]	0	419.882	25.373	0	219.567	0	0	0	0	
3	[SLPS]	0	419.881	25.372	0	219.568	0	0	0	0	
3	[SLPS]	0	419.881	25.371	0	219.569	0	0	0	0	
3	[SLPS]	0	419.881	25.371	0	219.569	0	0	0	0	
3	[SLPS]	0	419.881	25.374	0	219.565	0	0	0	0	
3	[SLPS]	0	419.881	25.374	0	219.565	0	0	0	0	
3	[SLPS]	0	419.881	25.373	0	219.564	0	0	0	0	
3	[SLPS]	0	419.880	25.372	0	219.567	0	0	0	0	
3	[SLPS]	0	419.880	25.372	0	219.567	0	0	0	0	
3	[SLPS]	0	419.881	25.374	0	219.572	0	0	0	0	
3	[SLPS]	0	419.881	25.374	0	219.572	0	0	0	0	
3	[SLPS]	0	419.882	25.372	0	219.570	0	0	0	0	
3	[SLPS]	0	419.881	25.373	0	219.568	0	0	0	0	
3	[SLPS]	0	419.881	25.373	0	219.568	0	0	0	0	
3	[SLPS]	0	419.882	25.371	0	219.568	0	0	0	0	
3	[SLPS]	0	419.882	25.371	0	219.568	0	0	0	0	
3	[SLPS]	0	419.881	25.371	0	219.572	0	0	0	0	
3	[SLPS]	0	419.880	25.373	0	219.572	0	0	0	0	
3	[SLPS]	0	419.880	25.373	0	219.572	0	0	0	0	
3	[SLPS]	0	419.882	25.373	0	219.570	0	0	0	0	
3	[SLPS]	0	419.882	25.373	0	219.570	0	0	0	0	
3	[SLPS]	0	419.883	25.372	0	219.568	0	0	0	0	
3	[SLPS]	0	419.882	25.373	0	219.569	0	0	0	0	
3	[SLPS]	0	419.882	25.373	0	219.569	0	0	0	0	
3	[SLPS]	0	419.882	25.372	0	219.569	0	0	0	0	
3	[SLPS]	0	419.882	25.372	0	219.569	0	0	0	0	
3	[SLPS]	0	419.882	25.370	0	219.568	0	0	0	0	
3	[SLPS]	0	419.882	25.372	0	219.571	0	0	0	0	
3	[SLPS]	0	419.882	25.372	0	219.571	0	0	0	0	
3	[SLPS]	0	419.882	25.371	0	219.573	0	0	0	0	
3	[SLPS]	0	419.882	25.371	0	219.573	0	0	0	0	
3	[SLPS]	0	419.882	25.370	0	219.571	0	0	0	0	
3	[SLPS]	0	419.881	25.372	0	219.570	0	0	0	0	
3	[SLPS]	0	419.881	25.372	0	219.572	0	0	0	0	
3	[SLPS]	0	419.881	25.370	0	219.572	0	0	0	0	
3	[SLPS]	0	419.881	25.370	0	219.572	0	0	0	0	
3	[SLPS]	0	419.884	25.378	0	219.569	0	0	0	0	
3	[SLPS]	0	419.884	25.378	0	219.569	0	0	0	0	
3	[SLPS]	0	419.883	25.378	0	219.569	0	0	0	0	
3	[SLPS]	0	419.885	25.379	0	219.570	0	0	0	0	
3	[SLPS]	0	419.885	25.379	0	219.570	0	0	0	0	
3	[SLPS]	0	419.889	25.380	0	219.579	0	0	0	0	
3	[SLPS]	0	419.889	25.380	0	219.579	0	0	0	0	
3	[SLPS]	0	419.887	25.384	0	219.577	0	0	0	0	
3	[SLPS]	0	419.886	25.383	0	219.574	0	0	0	0	
3	[SLPS]	0	419.886	25.383	0	219.574	0	0	0	0	
3	[SLPS]	0	419.886	25.382	0	219.574	0	0	0	0	
3	[SLPS]	0	419.886	25.382	0	219.574	0	0	0	0	
3	[SLPS]	0	419.886	25.381	0	219.576	0	0	0	0	
3	[SLPS]	0	419.884	25.382	0	219.577	0	0	0	0	
3	[SLPS]	0	419.884	25.382	0	219.577	0	0	0	0	
3	[SLPS]	0	419.884	25.378	0	219.578	0	0	0	0	
3	[SLPS]	0	419.884	25.378	0	219.578	0	0	0	0	
3	[SLPS]	0	419.886	25.380	0	219.575	0	0	0	0	
3	[SLPS]	0	419.886	25.380	0	219.577	0	0	0	0	
3	[SLPS]	0	419.886	25.380	0	219.577	0	0	0	0	
3	[SLPS]	0	419.883	25.378	0	219.577	0	0	0	0	
3	[SLPS]	0	419.883	25.378	0	219.577	0	0	0	0	
3	[SLPS]	0	419.883	25.379	0	219.579	0	0	0	0	
3	[SLPS]	0	419.882	25.378	0	219.578	0	0	0	0	
3	[SLPS]	0	419.882	25.378	0	219.578	0	0	0	0	
3	[SLPS]	0	419.884	25.378	0	219.576	0	0	0	0	
3	[SLPS]	0	419.884	25.378	0	219.576	0	0	0	0	
3	[SLPS]	0	419.882	25.379	0	219.580	0	0	0	0	
3	[SLPS]	0	419.882	25.379	0	219.580	0	0	0	0	
3	[SLPS]	0	419.883	25.381	0	219.581	0	0	0	0	
3	[SLPS]	0	419.884	25.382	0	219.581	0	0	0	0	
3	[SLPS]	0	419.884	25.382	0	219.581	0	0	0	0	
3	[SLPS]	0	419.885	25.381	0	219.578	0	0	0	0	
3	[SLPS]	0	419.885	25.381	0	219.578	0	0	0	0	
3	[SLPS]	0	419.884	25.382	0	219.580	0	0	0	0	
3	[SLPS]	0	419.883	25.382	0	219.581	0	0	0	0	
3	[SLPS]	0	419.883	25.382	0	219.581	0	0	0	0	
3	[SLPS]	0	419.882	25.382	0	219.585	0	0	0	0	
3	[SLPS]	0	419.882	25.382	0	219.585	0	0	0	0	
3	[SLPS]	0	419.884	25.382	0	219.587	0	0	0	0	
3	[SLPS]	0	419.884	25.381	0	219.591	0	0	0	0	
3	[SLPS]	0	419.884	25.381	0	219.591	0	0	0	0	
3	[SLPS]	0	419.885	25.381	0	219.595	0	0	0	0	
3	[SLPS]	0	419.885	25.381	0	219.595	0	0	0	0	
3	[SLPS]	0	419.885	25.379	0	219.591	0	0	0	0	
3	[SLPS]	0	419.884	25.381	0	219.584	0	0	0	0	
3	[SLPS]	0	419.884	25.381	0	219.584	0	0	0	0	
3	[SLPS]	0	419.886	25.380	0	219.579	0	0	0	0	
3	[SLPS]	0	419.886	25.380	0	219.579	0	0	0	0	
3	[SLPS]	0	419.887	25.381	0	219.582	0	0	0	0	
3	[SLPS]	0	419.886	25.380	0	219.586	0	0	0	0	
3	[SLPS]	0	419.886	25.380	0	219.586	0	0	0	0	
3	[SLPS]	0	419.884	25.379	0	219.587	0	0	0	0	
3	[SLPS]	0	419.884	25.379	0	219.587	0	0	0	0	
3	[SLPS]	0	419.882	25.379	0	219.585	0	0	0	0	
3	[SLPS]	0	419.882	25.379	0	219.585	0	0	0	0	
3	[SLPS]	0	419.883	25.379	0	219.586	0	0	0	0	
3	[SLPS]	0	419.883	25.378	0	219.588	0	0	0	0	
3	[SLPS]	0	419.883	25.378	0	219.588	0	0	0	0	
3	[SLPS]	0	419.883	25.378	0	219.592	0	0	0	0	
3	[SLPS]	0	419.883	25.378	0	219.592	0	0	0	0	
3	[SLPS]	0	419.883	25.380	0	219.593	0	0	0	0	
3	[SLPS]	0	419.885	25.378	0	219.592	0	0	0	0	
3	[SLPS]	0	419.885	25.378	0	219.592	0	0	0	0	
3	[SLPS]	0	419.884	25.378	0	219.592	0	0	0	0	
3	[SLPS]	0	419.884	25.378	0	219.592	0	0	0	0	
3	[SLPS]	0	419.884	25.378	0	219.591	0	0	0	0	
3	[SLPS]	0	419.884	25.378	0	219.592	0	0	0	0	
3	[SLPS]	0	419.884	25.378	0	219.592	0	0	0	0	
3	[SLPS]	0	419.885	25.380	0	219.586	0	0	0	0	
3	[SLPS]	0	419.885	25.380	0	219.586	0	0	0	0	
3	[SLPS]	0	419.884	25.380	0	219.587	0	0	0	0	
3	[SLPS]	0	419.884	25.380	0	219.587	0	0	0	0	
3	[SLPS]	0	419.885	25.379	0	219.590	0	0	0	0	
3	[SLPS]	0	419.884	25.380	0	219.590	0	0	0	0	
3	[SLPS]	0	419.884	25.380	0	219.590	0	0	0	0	
3	[SLPS]	0	419.882	25.379	0	219.589	0	0	0	0	
3	[SLPS]	0	419.883	25.379	0	219.584	0	0	0	0	
3	[SLPS]	0	419.882	25.379	0	219.584	0	0	0	0	
3	[SLPS]	0	419.881	25.380	0	219.576	0	0	0	0	
3	[SLPS]	0	419.881	25.380	0	219.576	0	0	0	0	
3	[SLPS]	0	419.884	25.378	0	219.579	0	0	0	0	
3	[SLPS]	0	419.883	25.380	0	219.583	0	0	0	0	
3	[SLPS]	0	419.883	25.380	0	219.587	0	0	0	0	
3	[SLPS]	0	419.881	25.381	0	219.589	0	0	0	0	
3	[SLPS]	0	419.881	25.381	0	219.589	0	0	0	0	
3	[SLPS]	0	419.881	25.382	0	219.581	0	0	0	0	
3	[SLPS]	0	419.881	25.382	0	219.581	0	0	0	0	
3	[SLPS]	0	419.881	25.381	0	219.579	0	0	0	0	
3	[SLPS]	0	419.882	25.381	0	219.585	0	0	0	0	
3	[SLPS]	0	419.882	25.381	0	219.585	0	0	0	0	
3	[SLPS]	0	419.884	25.380	0	219.583	0	0	0	0	
3	[SLPS]	0	419.884	25.380	0	219.583	0	0	0	0	
3	[SLPS]	0	419.883	25.379	0	219.584	0	0	0	0	
3	[SLPS]	0	419.884	25.380	0	219.579	0	0	0	0	
3	[SLPS]	0	419.884	25.380	0	219.579	0	0	0	0	
3	[SLPS]	0	419.883	25.378	0	219.581	0	0	0	0	
3	[SLPS]	0	419.883	25.378	0	219.581	0	0	0	0	
3	[SLPS]	0	419.882	25.378	0	219.582	0	0	0	0	
3	[SLPS]	0	419.883	25.381	0	219.581	0	0	0	0	
3	[SLPS]	0	419.883	25.381	0	219.581	0	0	0	0	
3	[SLPS]	0	419.882	25.381	0	219.582	0	0	0	0	
3	[SLPS]	0	419.882	25.381	0	219.582	0	0	0	0	
3	[SLPS]	0	419.883	25.383	0	219.583	0	0	0	0	
3	[SLPS]	0	419.882	25.385	0	219.584	0	0	0	0	
3	[SLPS]	0	419.882	25.385	0	219.584	0	0	0	0	
3	[SLPS]	0	419.883	25.386	0	219.582	0	0	0	0	
3	[SLPS]	0	419.883	25.386	0	219.582	0	0	0	0	
3	[SLPS]	0	419.882	25.386	0	219.582	0	0	0	0	
3	[SLPS]	0	419.882	25.385	0	219.586	0	0	0	0	
3	[SLPS]	0	419.882	25.385	0	219.586	0	0	0	0	
3	[SLPS]	0	419.886	25.384	0	219.587	0	0	0	0	
3	[SLPS]	0	419.886	25.384	0	219.587	0	0	0	0	
3	[SLPS]	0	419.885	25.384	0	219.589	0	0	0	0	
3	[SLPS]	0	419.885	25.383	0	219.588	0	0	0	0	
3	[SLPS]	0	419.884	25.384	0	219.590	0	0	0	0	
3	[SLPS]	0	419.884	25.385	0	219.588	0	0	0	0	
3	[SLPS]	0	419.884	25.385	0	219.588	0	0	0	0	
3	[SLPS]	0	419.885	25.381	0	219.589	0	0	0	0	
3	[SLPS]	0	419.885	25.381	0	219.589	0	0	0	0	
3	[SLPS]	0	419.884	25.381	0	219.586	0	0	0	0	
3	[SLPS]	0	419.884	25.383	0	219.588	0	0	0	0	
3	[SLPS]	0	419.884	25.383	0	219.588	0	0	0	0	
3	[SLPS]	0	419.882	25.383	0	219.592	0	0	0	0	
3	[SLPS]	0	419.882	25.383	0	219.592	0	0	0	0	
3	[SLPS]	0	419.883	25.384	0	219.594	0	0	0	0	
3	[SLPS]	0	419.884	25.382	0	219.591	0	0	0	0	
3	[SLPS]	0	419.884	25.382	0	219.591	0	0	0	0	
3	[SLPS]	0	419.884	25.381	0	219.591	0	0	0	0	
3	[SLPS]	0	419.884	25.381	0	219.591	0	0	0	0	
3	[SLPS]	0	419.884	25.380	0	219.594	0	0	0	0	
3	[SLPS]	0	419.886	25.381	0	219.593	0	0	0	0	
3	[SLPS]	0	419.886	25.381	0	219.593	0	0	0	0	
3	[SLPS]	0	419.886	25.381	0	219.594	0	0	0	0	
3	[SLPS]	0	419.886	25.381	0	219.594	0	0	0	0	
3	[SLPS]	0	419.886	25.382	0	219.592	0	0	0	0	
3	[SLPS]	0	419.886	25.383	0	219.591	0	0	0	0	
3	[SLPS]	0	419.886	25.383	0	219.591	0	0	0	0	
3	[SLPS]	0	419.885	25.381	0	219.591	0	0	0	0	
3	[SLPS]	0	419.885	25.381	0	219.591	0	0	0	0	
3	[SLPS]	0	419.885	25.382	0	219.590	0	0	0	0	
3	[SLPS]	0	419.885	25.382	0	219.590	0	0	0	0	
3	[SLPS]	0	419.885	25.380	0	219.591	0	0	0	0	
3	[SLPS]	0	419.885	25.379	0	219.588	0	0	0	0	
3	[SLPS]	0	419.885	25.379	0	219.588	0	0	0	0	
3	[SLPS]	0	419.885	25.380	0	219.584	0	0	0	0	
3	[SLPS]	0	419.885	25.380	0	219.584	0	0	0	0	
3	[SLPS]	0	419.885	25.379	0	219.585	0	0	0	0	
3	[SLPS]	0	419.885	25.379	0	219.586	0	0	0	0	
3	[SLPS]	0	419.885	25.379	0	219.586	0	0	0	0	
3	[SLPS]	0	419.883	25.380	0	219.586	0	0	0	0	
3	[SLPS]	0	419.883	25.380	0	219.586	0	0	0	0	
3	[SLPS]	0	419.882	25.379	0	219.587	0	0	0	0	
3	[SLPS]	0	419.882	25.380	0	219.590	0	0	0	0	
3	[SLPS]	0	419.882	25.380	0	219.590	0	0	0	0	
3	[SLPS]	0	419.883	25.379	0	219.592	0	0	0	0	
3	[SLPS]	0	419.883	25.379	0	219.592	0	0	0	0	
3	[SLPS]	0	419.882	25.381	0	219.591	0	0	0	0	
3	[SLPS]	0	419.883	25.381	0	219.590	0	0	0	0	
3	[SLPS]	0	419.883	25.381	0	219.590	0	0	0	0	
3	[SLPS]	0	419.884	25.381	0	219.591	0	0	0	0	
3	[SLPS]	0	419.884	25.381	0	219.591	0	0	0	0	
3	[SLPS]	0	419.884	25.382	0	219.591	0	0	0	0	
3	[SLPS]	0	419.884	25.381	0	219.593	0	0	0	0	
3	[SLPS]	0	419.884	25.381	0	219.593	0	0	0	0	
3	[SLPS]	0	419.884	25.380	0	219.593	0	0	0	0	
3	[SLPS]	0	419.884	25.380	0	219.593	0	0	0	0	
3	[SLPS]	0	419.883	25.381	0	219.594	0	0	0	0	
3	[SLPS]	0	419.884	25.381	0	219.594	0	0	0	0	
3	[SLPS]	0	419.884	25.381	0	219.594	0	0	0	0	
3	[SLPS]	0	419.883	25.381	0	219.586	0	0	0	0	
3	[SLPS]	0	419.883	25.381	0	219.586	0	0	0	0	
3	[SLPS]	0	419.884	25.379	0	219.586	0	0	0	0	
3	[SLPS]	0	419.884	25.378	0	219.590	0	0	0	0	
3	[SLPS]	0	419.884	25.378	0	219.590	0	0	0	0	
3	[SLPS]	0	419.885	25.382	0	219.591	0	0	0	0	
3	[SLPS]	0	419.885	25.382	0	219.591	0	0	0	0	
3	[SLPS]	0	419.886	25.381	0	219.591	0	0	0	0	
3	[SLPS]	0	419.887	25.382	0	219.591	0	0	0	0	
3	[SLPS]	0	419.886	25.383	0	219.592	0	0	0	0	
3	[SLPS]	0	419.885	25.383	0	219.595	0	0	0	0	
3	[SLPS]	0	419.885	25.383	0	219.595	0	0	0	0	
3	[SLPS]	0	419.885	25.385	0	219.596	0	0	0	0	
3	[SLPS]	0	419.885	25.385	0	219.596	0	0	0	0	
3	[SLPS]	0	419.885	25.383	0	219.596	0	0	0	0	
3	[SLPS]	0	419.885	25.384	0	219.596	0	0	0	0	
3	[SLPS]	0	419.885	25.384	0	219.596	0	0	0	0	
3	[SLPS]	0	419.886	25.383	0	219.595	0	0	0	0	
3	[SLPS]	0	419.886	25.383	0	219.595	0	0	0	0	
3	[SLPS]	0	419.885	25.382	0	219.596	0	0	0	0	
3	[SLPS]	0	419.884	25.382	0	219.598	0	0	0	0	
3	[SLPS]	0	419.884	25.382	0	219.598	0	0	0	0	
3	[SLPS]	0	419.884	25.383	0	219.599	0	0	0	0	
3	[SLPS]	0	419.884	25.383	0	219.599	0	0	0	0	
3	[SLPS]	0	419.883	25.382	0	219.600	0	0	0	0	
3	[SLPS]	0	419.883	25.384	0	219.595	0	0	0	0	
3	[SLPS]	0	419.883	25.384	0	219.595	0	0	0	0	
3	[SLPS]	0	419.883	25.383	0	219.599	0	0	0	0	
3	[SLPS]	0	419.883	25.383	0	219.599	0	0	0	0	
3	[SLPS]	0	419.882	25.382	0	219.602	0	0	0	0	
3	[SLPS]	0	419.881	25.380	0	219.602	0	0	0	0	
3	[SLPS]	0	419.881	25.380	0	219.602	0	0	0	0	
3	[SLPS]	0	419.883	25.382	0	219.606	0	0	0	0	
3	[SLPS]	0	419.883	25.382	0	219.606	0	0	0	0	
3	[SLPS]	0	419.883	25.382	0	219.605	0	0	0	0	
3	[SLPS]	0	419.882	25.382	0	219.605	0	0	0	0	
3	[SLPS]	0	419.882	25.382	0	219.605	0	0	0	0	
3	[SLPS]	0	419.882	25.383	0	219.609	0	0	0	0	
3	[SLPS]	0	419.882	25.383	0	219.609	0	0	0	0	
3	[SLPS]	0	419.882	25.383	0	219.611	0	0	0	0	
3	[SLPS]	0	419.883	25.383	0	219.613	0	0	0	0	
3	[SLPS]	0	419.882	25.382	0	219.613	0	0	0	0	
3	[SLPS]	0	419.881	25.381	0	219.613	0	0	0	0	
3	[SLPS]	0	419.881	25.381	0	219.613	0	0	0	0	
3	[SLPS]	0	419.881	25.383	0	219.616	0	0	0	0	
3	[SLPS]	0	419.882	25.382	0	219.617	0	0	0	0	
3	[SLPS]	0	419.881	25.383	0	219.615	0	0	0	0	
3	[SLPS]	0	419.882	25.384	0	219.615	0	0	0	0	
3	[SLPS]	0	419.882	25.384	0	219.615	0	0	0	0	
3	[SLPS]	0	419.883	25.382	0	219.616	0	0	0	0	
3	[SLPS]	0	419.884	25.382	0	219.610	0	0	0	0	
3	[SLPS]	0	419.884	25.382	0	219.609	0	0	0	0	
3	[SLPS]	0	419.885	25.384	0	219.608	0	0	0	0	
3	[SLPS]	0	419.885	25.384	0	219.608	0	0	0	0	
3	[SLPS]	0	419.885	25.383	0	219.607	0	0	0	0	
3	[SLPS]	0	419.884	25.383	0	219.607	0	0	0	0	
3	[SLPS]	0	419.885	25.382	0	219.610	0	0	0	0	
3	[SLPS]	0	419.886	25.382	0	219.610	0	0	0	0	
3	[SLPS]	0	419.886	25.382	0	219.610	0	0	0	0	
3	[SLPS]	0	419.885	25.381	0	219.609	0	0	0	0	
3	[SLPS]	0	419.885	25.381	0	219.609	0	0	0	0	
3	[SLPS]	0	419.886	25.382	0	219.609	0	0	0	0	
3	[SLPS]	0	419.885	25.383	0	219.611	0	0	0	0	
3	[SLPS]	0	419.885	25.383	0	219.611	0	0	0	0	
3	[SLPS]	0	419.885	25.382	0	219.611	0	0	0	0	
3	[SLPS]	0	419.885	25.382	0	219.611	0	0	0	0	
3	[SLPS]	0	419.885	25.382	0	219.611	0	0	0	0	
3	[SLPS]	0	419.883	25.383	0	219.608	0	0	0	0	
3	[SLPS]	0	419.883	25.383	0	219.608	0	0	0	0	
3	[SLPS]	0	419.883	25.383	0	219.609	0	0	0	0	
3	[SLPS]	0	419.883	25.383	0	219.609	0	0	0	0	
3	[SLPS]	0	419.883	25.385	0	219.610	0	0	0	0	
3	[SLPS]	0	419.883	25.382	0	219.610	0	0	0	0	
3	[SLPS]	0	419.883	25.382	0	219.610	0	0	0	0	
3	[SLPS]	0	419.883	25.383	0	219.615	0	0	0	0	
3	[SLPS]	0	419.883	25.383	0	219.615	0	0	0	0	
3	[SLPS]	0	419.882	25.383	0	219.612	0	0	0	0	
3	[SLPS]	0	419.882	25.382	0	219.611	0	0	0	0	
3	[SLPS]	0	419.882	25.382	0	219.611	0	0	0	0	
3	[SLPS]	0	419.880	25.381	0	219.612	0	0	0	0	
3	[SLPS]	0	419.880	25.381	0	219.612	0	0	0	0	
3	[SLPS]	0	419.880	25.381	0	219.610	0	0	0	0	
3	[SLPS]	0	419.881	25.380	0	219.611	0	0	0	0	
3	[SLPS]	0	419.881	25.380	0	219.611	0	0	0	0	
3	[SLPS]	0	419.881	25.381	0	219.613	0	0	0	0	
3	[SLPS]	0	419.881	25.381	0	219.613	0	0	0	0	
3	[SLPS]	0	419.881	25.382	0	219.615	0	0	0	0	
3	[SLPS]	0	419.880	25.382	0	219.617	0	0	0	0	
3	[SLPS]	0	419.880	25.382	0	219.617	0	0	0	0	
3	[SLPS]	0	419.880	25.381	0	219.617	0	0	0	0	
3	[SLPS]	0	419.880	25.381	0	219.617	0	0	0	0	
3	[SLPS]	0	419.880	25.382	0	219.615	0	0	0	0	
3	[SLPS]	0	419.880	25.383	0	219.617	0	0	0	0	
3	[SLPS]	0	419.881	25.382	0	219.616	0	0	0	0	
3	[SLPS]	0	419.880	25.381	0	219.617	0	0	0	0	
3	[SLPS]	0	419.880	25.381	0	219.617	0	0	0	0	
3	[SLPS]	0	419.882	25.381	0	219.617	0	0	0	0	
3	[SLPS]	0	419.882	25.381	0	219.617	0	0	0	0	
3	[SLPS]	0	419.882	25.382	0	219.617	0	0	0	0	
3	[SLPS]	0	419.881	25.382	0	219.618	0	0	0	0	
3	[SLPS]	0	419.881	25.382	0	219.618	0	0	0	0	
3	[SLPS]	0	419.882	25.383	0	219.613	0	0	0	0	
3	[SLPS]	0	419.882	25.383	0	219.613	0	0	0	0	
3	[SLPS]	0	419.882	25.382	0	219.613	0	0	0	0	
3	[SLPS]	0	419.883	25.384	0	219.613	0	0	0	0	
3	[SLPS]	0	419.883	25.384	0	219.613	0	0	0	0	
3	[SLPS]	0	419.885	25.386	0	219.614	0	0	0	0	
3	[SLPS]	0	419.885	25.386	0	219.614	0	0	0	0	
3	[SLPS]	0	419.885	25.385	0	219.615	0	0	0	0	
3	[SLPS]	0	419.885	25.386	0	219.615	0	0	0	0	
3	[SLPS]	0	419.885	25.386	0	219.615	0	0	0	0	
3	[SLPS]	0	419.885	25.386	0	219.618	0	0	0	0	
3	[SLPS]	0	419.885	25.386	0	219.618	0	0	0	0	
3	[SLPS]	0	419.884	25.386	0	219.622	0	0	0	0	
3	[SLPS]	0	419.884	25.385	0	219.624	0	0	0	0	
3	[SLPS]	0	419.884	25.385	0	219.624	0	0	0	0	
3	[SLPS]	0	419.884	25.385	0	219.624	0	0	0	0	
3	[SLPS]	0	419.884	25.385	0	219.624	0	0	0	0	
3	[SLPS]	0	419.883	25.385	0	219.624	0	0	0	0	
3	[SLPS]	0	419.884	25.385	0	219.626	0	0	0	0	
3	[SLPS]	0	419.884	25.385	0	219.626	0	0	0	0	
3	[SLPS]	0	419.882	25.384	0	219.627	0	0	0	0	
3	[SLPS]	0	419.882	25.384	0	219.627	0	0	0	0	
3	[SLPS]	0	419.882	25.383	0	219.628	0	0	0	0	
3	[SLPS]	0	419.883	25.384	0	219.627	0	0	0	0	
3	[SLPS]	0	419.883	25.384	0	219.627	0	0	0	0	
3	[SLPS]	0	419.882	25.384	0	219.623	0	0	0	0	
3	[SLPS]	0	419.882	25.384	0	219.623	0	0	0	0	
3	[SLPS]	0	419.882	25.383	0	219.622	0	0	0	0	
3	[SLPS]	0	419.883	25.383	0	219.623	0	0	0	0	
3	[SLPS]	0	419.882	25.385	0	219.626	0	0	0	0	
3	[SLPS]	0	419.882	25.385	0	219.627	0	0	0	0	
3	[SLPS]	0	419.882	25.385	0	219.627	0	0	0	0	
3	[SLPS]	0	419.882	25.381	0	219.627	0	0	0	0	
3	[SLPS]	0	419.882	25.381	0	219.627	0	0	0	0	
3	[SLPS]	0	419.882	25.384	0	219.626	0	0	0	0	
3	[SLPS]	0	419.883	25.384	0	219.626	0	0	0	0	
3	[SLPS]	0	419.883	25.384	0	219.626	0	0	0	0	
3	[SLPS]	0	419.882	25.385	0	219.626	0	0	0	0	
3	[SLPS]	0	419.882	25.385	0	219.626	0	0	0	0	
3	[SLPS]	0	419.882	25.383	0	219.628	0	0	0	0	
3	[SLPS]	0	419.881	25.383	0	219.627	0	0	0	0	
3	[SLPS]	0	419.881	25.383	0	219.627	0	0	0	0	
3	[SLPS]	0	419.883	25.384	0	219.626	0	0	0	0	
3	[SLPS]	0	419.883	25.384	0	219.626	0	0	0	0	
3	[SLPS]	0	419.883	25.385	0	219.625	0	0	0	0	
3	[SLPS]	0	419.882	25.383	0	219.624	0	0	0	0	
3	[SLPS]	0	419.882	25.383	0	219.624	0	0	0	0	
3	[SLPS]	0	419.882	25.383	0	219.626	0	0	0	0	
3	[SLPS]	0	419.883	25.385	0	219.628	0	0	0	0	
3	[SLPS]	0	419.882	25.385	0	219.628	0	0	0	0	
3	[SLPS]	0	419.881	25.384	0	219.622	0	0	0	0	
3	[SLPS]	0	419.881	25.384	0	219.622	0	0	0	0	
3	[SLPS]	0	419.879	25.383	0	219.625	0	0	0	0	
3	[SLPS]	0	419.879	25.383	0	219.625	0	0	0	0	
3	[SLPS]	0	419.879	25.383	0	219.625	0	0	0	0	
3	[SLPS]	0	419.880	25.383	0	219.626	0	0	0	0	
3	[SLPS]	0	419.880	25.383	0	219.626	0	0	0	0	
3	[SLPS]	0	419.880	25.382	0	219.627	0	0	0	0	
3	[SLPS]	0	419.880	25.382	0	219.627	0	0	0	0	
3	[SLPS]	0	419.879	25.383	0	219.624	0	0	0	0	
3	[SLPS]	0	419.879	25.383	0	219.624	0	0	0	0	
3	[SLPS]	0	419.879	25.383	0	219.624	0	0	0	0	
3	[SLPS]	0	419.880	25.383	0	219.622	0	0	0	0	
3	[SLPS]	0	419.880	25.383	0	219.622	0	0	0	0	
3	[SLPS]	0	419.881	25.383	0	219.621	0	0	0	0	
3	[SLPS]	0	419.881	25.384	0	219.620	0	0	0	0	
3	[SLPS]	0	419.881	25.384	0	219.620	0	0	0	0	
3	[SLPS]	0	419.881	25.382	0	219.621	0	0	0	0	
3	[SLPS]	0	419.881	25.382	0	219.621	0	0	0	0	
3	[SLPS]	0	419.880	25.382	0	219.622	0	0	0	0	
3	[SLPS]	0	419.880	25.382	0	219.625	0	0	0	0	
3	[SLPS]	0	419.880	25.382	0	219.625	0	0	0	0	
3	[SLPS]	0	419.880	25.382	0	219.624	0	0	0	0	
3	[SLPS]	0	419.880	25.382	0	219.624	0	0	0	0	
3	[SLPS]	0	419.881	25.381	0	219.624	0	0	0	0	
3	[SLPS]	0	419.880	25.382	0	219.615	0	0	0	0	
3	[SLPS]	0	419.880	25.382	0	219.615	0	0	0	0	
3	[SLPS]	0	419.884	25.382	0	219.618	0	0	0	0	
3	[SLPS]	0	419.884	25.382	0	219.618	0	0	0	0	
3	[SLPS]	0	419.883	25.382	0	219.616	0	0	0	0	
3	[SLPS]	0	419.884	25.385	0	219.618	0	0	0	0	
3	[SLPS]	0	419.885	25.384	0	219.620	0	0	0	0	
3	[SLPS]	0	419.884	25.383	0	219.620	0	0	0	0	
3	[SLPS]	0	419.884	25.383	0	219.620	0	0	0	0	
3	[SLPS]	0	419.883	25.383	0	219.620	0	0	0	0	
3	[SLPS]	0	419.884	25.384	0	219.623	0	0	0	0	
3	[SLPS]	0	419.885	25.383	0	219.625	0	0	0	0	
3	[SLPS]	0	419.884	25.382	0	219.624	0	0	0	0	
3	[SLPS]	0	419.884	25.382	0	219.624	0	0	0	0	
3	[SLPS]	0	419.882	25.382	0	219.626	0	0	0	0	
3	[SLPS]	0	419.882	25.382	0	219.626	0	0	0	0	
3	[SLPS]	0	419.882	25.384	0	219.626	0	0	0	0	
3	[SLPS]	0	419.882	25.385	0	219.626	0	0	0	0	
3	[SLPS]	0	419.882	25.385	0	219.626	0	0	0	0	
3	[SLPS]	0	419.882	25.383	0	219.628	0	0	0	0	
3	[SLPS]	0	419.882	25.383	0	219.628	0	0	0	0	
3	[SLPS]	0	419.880	25.383	0	219.628	0	0	0	0	
3	[SLPS]	0	419.880	25.383	0	219.628	0	0	0	0	
3	[SLPS]	0	419.880	25.383	0	219.628	0	0	0	0	
3	[SLPS]	0	419.880	25.383	0	219.623	0	0	0	0	
3	[SLPS]	0	419.880	25.383	0	219.623	0	0	0	0	
3	[SLPS]	0	419.880	25.382	0	219.615	0	0	0	0	
3	[SLPS]	0	419.881	25.384	0	219.616	0	0	0	0	
3	[SLPS]	0	419.881	25.384	0	219.616	0	0	0	0	
3	[SLPS]	0	419.880	25.384	0	219.617	0	0	0	0	
3	[SLPS]	0	419.880	25.384	0	219.617	0	0	0	0	
3	[SLPS]	0	419.882	25.383	0	219.618	0	0	0	0	
3	[SLPS]	0	419.881	25.383	0	219.618	0	0	0	0	
3	[SLPS]	0	419.880	25.385	0	219.616	0	0	0	0	
3	[SLPS]	0	419.881	25.383	0	219.616	0	0	0	0	
3	[SLPS]	0	419.881	25.383	0	219.616	0	0	0	0	
3	[SLPS]	0	419.883	25.380	0	219.615	0	0	0	0	
3	[SLPS]	0	419.883	25.380	0	219.615	0	0	0	0	
3	[SLPS]	0	419.883	25.382	0	219.614	0	0	0	0	
3	[SLPS]	0	419.882	25.381	0	219.616	0	0	0	0	
3	[SLPS]	0	419.882	25.381	0	219.616	0	0	0	0	
3	[SLPS]	0	419.882	25.382	0	219.614	0	0	0	0	
3	[SLPS]	0	419.882	25.382	0	219.614	0	0	0	0	
3	[SLPS]	0	419.882	25.382	0	219.614	0	0	0	0	
3	[SLPS]	0	419.882	25.382	0	219.615	0	0	0	0	
3	[SLPS]	0	419.882	25.382	0	219.615	0	0	0	0	
3	[SLPS]	0	419.882	25.383	0	219.617	0	0	0	0	
3	[SLPS]	0	419.882	25.383	0	219.617	0	0	0	0	
3	[SLPS]	0	419.882	25.384	0	219.616	0	0	0	0	
3	[SLPS]	0	419.882	25.382	0	219.618	0	0	0	0	
3	[SLPS]	0	419.882	25.382	0	219.618	0	0	0	0	
3	[SLPS]	0	419.882	25.382	0	219.612	0	0	0	0	
3	[SLPS]	0	419.882	25.382	0	219.612	0	0	0	0	
3	[SLPS]	0	419.882	25.382	0	219.614	0	0	0	0	
3	[SLPS]	0	419.882	25.380	0	219.614	0	0	0	0	
3	[SLPS]	0	419.882	25.380	0	219.614	0	0	0	0	
3	[SLPS]	0	419.883	25.380	0	219.613	0	0	0	0	
3	[SLPS]	0	419.883	25.380	0	219.613	0	0	0	0	
3	[SLPS]	0	419.882	25.380	0	219.611	0	0	0	0	
3	[SLPS]	0	419.882	25.379	0	219.610	0	0	0	0	
3	[SLPS]	0	419.882	25.379	0	219.610	0	0	0	0	
3	[SLPS]	0	419.882	25.380	0	219.613	0	0	0	0	
3	[SLPS]	0	419.882	25.380	0	219.613	0	0	0	0	
3	[SLPS]	0	419.882	25.381	0	219.613	0	0	0	0	
3	[SLPS]	0	419.882	25.381	0	219.613	0	0	0	0	
3	[SLPS]	0	419.883	25.381	0	219.611	0	0	0	0	
3	[SLPS]	0	419.883	25.382	0	219.610	0	0	0	0	
3	[SLPS]	0	419.883	25.382	0	219.610	0	0	0	0	
3	[SLPS]	0	419.883	25.381	0	219.610	0	0	0	0	
3	[SLPS]	0	419.882	25.381	0	219.609	0	0	0	0	
3	[SLPS]	0	419.882	25.382	0	219.610	0	0	0	0	
3	[SLPS]	0	419.883	25.382	0	219.610	0	0	0	0	
3	[SLPS]	0	419.883	25.382	0	219.610	0	0	0	0	
3	[SLPS]	0	419.882	25.381	0	219.612	0	0	0	0	
3	[SLPS]	0	419.882	25.382	0	219.614	0	0	0	0	
3	[SLPS]	0	419.882	25.382	0	219.614	0	0	0	0	
3	[SLPS]	0	419.881	25.385	0	219.607	0	0	0	0	
3	[SLPS]	0	419.881	25.385	0	219.607	0	0	0	0	
3	[SLPS]	0	419.881	25.386	0	219.608	0	0	0	0	
3	[SLPS]	0	419.882	25.385	0	219.608	0	0	0	0	
3	[SLPS]	0	419.882	25.385	0	219.608	0	0	0	0	
3	[SLPS]	0	419.881	25.387	0	219.607	0	0	0	0	
3	[SLPS]	0	419.881	25.387	0	219.607	0	0	0	0	
3	[SLPS]	0	419.880	25.388	0	219.610	0	0	0	0	
3	[SLPS]	0	419.880	25.388	0	219.610	0	0	0	0	
3	[SLPS]	0	419.880	25.387	0	219.610	0	0	0	0	
3	[SLPS]	0	419.880	25.387	0	219.609	0	0	0	0	
3	[SLPS]	0	419.880	25.387	0	219.609	0	0	0	0	
3	[SLPS]	0	419.881	25.388	0	219.611	0	0	0	0	
3	[SLPS]	0	419.881	25.388	0	219.611	0	0	0	0	
3	[SLPS]	0	419.881	25.387	0	219.614	0	0	0	0	
3	[SLPS]	0	419.879	25.387	0	219.615	0	0	0	0	
3	[SLPS]	0	419.879	25.387	0	219.615	0	0	0	0	
3	[SLPS]	0	419.881	25.386	0	219.618	0	0	0	0	
3	[SLPS]	0	419.881	25.386	0	219.618	0	0	0	0	
3	[SLPS]	0	419.881	25.385	0	219.620	0	0	0	0	
3	[SLPS]	0	419.880	25.386	0	219.620	0	0	0	0	
3	[SLPS]	0	419.880	25.386	0	219.620	0	0	0	0	
3	[SLPS]	0	419.884	25.383	0	219.623	0	0	0	0	
3	[SLPS]	0	419.884	25.383	0	219.623	0	0	0	0	
3	[SLPS]	0	419.883	25.383	0	219.624	0	0	0	0	
3	[SLPS]	0	419.883	25.383	0	219.615	0	0	0	0	
3	[SLPS]	0	419.883	25.383	0	219.615	0	0	0	0	
3	[SLPS]	0	419.885	25.380	0	219.617	0	0	0	0	
3	[SLPS]	0	419.885	25.380	0	219.617	0	0	0	0	
3	[SLPS]	0	419.885	25.380	0	219.619	0	0	0	0	
3	[SLPS]	0	419.885	25.381	0	219.619	0	0	0	0	
3	[SLPS]	0	419.885	25.381	0	219.619	0	0	0	0	
3	[SLPS]	0	419.885	25.382	0	219.619	0	0	0	0	
3	[SLPS]	0	419.885	25.382	0	219.619	0	0	0	0	
3	[SLPS]	0	419.884	25.382	0	219.619	0	0	0	0	
3	[SLPS]	0	419.883	25.382	0	219.619	0	0	0	0	
3	[SLPS]	0	419.883	25.382	0	219.619	0	0	0	0	
3	[SLPS]	0	419.883	25.381	0	219.623	0	0	0	0	
3	[SLPS]	0	419.883	25.381	0	219.623	0	0	0	0	
3	[SLPS]	0	419.883	25.383	0	219.624	0	0	0	0	
3	[SLPS]	0	419.882	25.383	0	219.623	0	0	0	0	
3	[SLPS]	0	419.882	25.383	0	219.623	0	0	0	0	
3	[SLPS]	0	419.883	25.383	0	219.625	0	0	0	0	
3	[SLPS]	0	419.883	25.383	0	219.625	0	0	0	0	
3	[SLPS]	0	419.882	25.381	0	219.626	0	0	0	0	
3	[SLPS]	0	419.882	25.382	0	219.625	0	0	0	0	
3	[SLPS]	0	419.882	25.382	0	219.625	0	0	0	0	
3	[SLPS]	0	419.882	25.380	0	219.627	0	0	0	0	
3	[SLPS]	0	419.882	25.380	0	219.627	0	0	0	0	
3	[SLPS]	0	419.878	25.382	0	219.627	0	0	0	0	
3	[SLPS]	0	419.879	25.384	0	219.623	0	0	0	0	
3	[SLPS]	0	419.880	25.384	0	219.623	0	0	0	0	
3	[SLPS]	0	419.878	25.382	0	219.625	0	0	0	0	
3	[SLPS]	0	419.878	25.382	0	219.625	0	0	0	0	
3	[SLPS]	0	419.878	25.383	0	219.627	0	0	0	0	
3	[SLPS]	0	419.878	25.383	0	219.627	0	0	0	0	
3	[SLPS]	0	419.879	25.383	0	219.627	0	0	0	0	
3	[SLPS]	0	419.879	25.381	0	219.627	0	0	0	0	
3	[SLPS]	0	419.879	25.381	0	219.627	0	0	0	0	
3	[SLPS]	0	419.878	25.383	0	219.629	0	0	0	0	
3	[SLPS]	0	419.878	25.383	0	219.629	0	0	0	0	
3	[SLPS]	0	419.878	25.382	0	219.626	0	0	0	0	
3	[SLPS]	0	419.879	25.381	0	219.626	0	0	0	0	
3	[SLPS]	0	419.879	25.381	0	219.626	0	0	0	0	
3	[SLPS]	0	419.879	25.384	0	219.625	0	0	0	0	
3	[SLPS]	0	419.879	25.384	0	219.625	0	0	0	0	
3	[SLPS]	0	419.878	25.383	0	219.624	0	0	0	0	
3	[SLPS]	0	419.878	25.383	0	219.624	0	0	0	0	
3	[SLPS]	0	419.878	25.383	0	219.624	0	0	0	0	
3	[SLPS]	0	419.878	25.384	0	219.628	0	0	0	0	
3	[SLPS]	0	419.878	25.384	0	219.628	0	0	0	0	
3	[SLPS]	0	419.878	25.383	0	219.628	0	0	0	0	
3	[SLPS]	0	419.879	25.382	0	219.632	0	0	0	0	
3	[SLPS]	0	419.879	25.382	0	219.632	0	0	0	0	
3	[SLPS]	0	419.879	25.382	0	219.631	0	0	0	0	
3	[SLPS]	0	419.879	25.382	0	219.631	0	0	0	0	
3	[SLPS]	0	419.876	25.381	0	219.622	0	0	0	0	
3	[SLPS]	0	419.875	25.381	0	219.622	0	0	0	0	
3	[SLPS]	0	419.875	25.380	0	219.621	0	0	0	0	
3	[SLPS]	0	419.875	25.382	0	219.622	0	0	0	0	
3	[SLPS]	0	419.875	25.382	0	219.622	0	0	0	0	
3	[SLPS]	0	419.874	25.383	0	219.624	0	0	0	0	
3	[SLPS]	0	419.874	25.383	0	219.624	0	0	0	0	
3	[SLPS]	0	419.873	25.381	0	219.629	0	0	0	0	
3	[SLPS]	0	419.875	25.381	0	219.631	0	0	0	0	
3	[SLPS]	0	419.875	25.381	0	219.631	0	0	0	0	
3	[SLPS]	0	419.875	25.380	0	219.634	0	0	0	0	
3	[SLPS]	0	419.875	25.380	0	219.634	0	0	0	0	
3	[SLPS]	0	419.874	25.380	0	219.631	0	0	0	0	
3	[SLPS]	0	419.875	25.379	0	219.629	0	0	0	0	
3	[SLPS]	0	419.875	25.379	0	219.629	0	0	0	0	
3	[SLPS]	0	419.875	25.381	0	219.630	0	0	0	0	
3	[SLPS]	0	419.875	25.381	0	219.630	0	0	0	0	
3	[SLPS]	0	419.874	25.380	0	219.634	0	0	0	0	
3	[SLPS]	0	419.875	25.379	0	219.637	0	0	0	0	
3	[SLPS]	0	419.875	25.379	0	219.637	0	0	0	0	
3	[SLPS]	0	419.875	25.378	0	219.637	0	0	0	0	
3	[SLPS]	0	419.875	25.378	0	219.637	0	0	0	0	
3	[SLPS]	0	419.878	25.379	0	219.639	0	0	0	0	
3	[SLPS]	0	419.878	25.379	0	219.639	0	0	0	0	
3	[SLPS]	0	419.878	25.376	0	219.635	0	0	0	0	
3	[SLPS]	0	419.879	25.378	0	219.640	0	0	0	0	
3	[SLPS]	0	419.879	25.378	0	219.640	0	0	0	0	
3	[SLPS]	0	419.879	25.378	0	219.641	0	0	0	0	
3	[SLPS]	0	419.879	25.378	0	219.641	0	0	0	0	
3	[SLPS]	0	419.878	25.374	0	219.649	0	0	0	0	
3	[SLPS]	0	419.874	25.373	0	219.659	0	0	0	0	
3	[SLPS]	0	419.874	25.373	0	219.659	0	0	0	0	
3	[SLPS]	0	419.870	25.369	0	219.677	0	0	0	0	
3	[SLPS]	0	419.870	25.369	0	219.677	0	0	0	0	
3	[SLPS]	0	419.867	25.365	0	219.690	0	0	0	0	
3	[SLPS]	0	419.862	25.358	0	219.722	0	0	0	0	
3	[SLPS]	0	419.862	25.358	0	219.722	0	0	0	0	
3	[SLPS]	0	419.843	25.335	0	219.815	0	0	0	0	
3	[SLPS]	0	419.843	25.335	0	219.815	0	0	0	0	
3	[SLPS]	0	419.829	25.319	0	219.860	0	0	0	0	
3	[SLPS]	0	419.812	25.297	0	219.905	0	0	0	0	
3	[SLPS]	0	419.812	25.297	0	219.905	0	0	0	0	
3	[SLPS]	0	419.773	25.254	0	220.036	0	0	0	0	
3	[SLPS]	0	419.773	25.254	0	220.036	0	0	0	0	
3	[SLPS]	0	419.752	25.231	0	220.121	0	0	0	0	
3	[SLPS]	0	419.729	25.205	0	220.208	0	0	0	0	
3	[SLPS]	0	419.729	25.205	0	220.208	0	0	0	0	
3	[SLPS]	0	419.689	25.155	0	220.391	0	0	0	0	
3	[SLPS]	0	419.689	25.155	0	220.391	0	0	0	0	
3	[SLPS]	0	419.665	25.131	0	220.487	0	0	0	0	
3	[SLPS]	0	419.643	25.106	0	220.599	0	0	0	0	
3	[SLPS]	0	419.643	25.106	0	220.599	0	0	0	0	
3	[SLPS]	0	419.596	25.053	0	220.854	0	0	0	0	
3	[SLPS]	0	419.596	25.053	0	220.854	0	0	0	0	
3	[SLPS]	0	419.570	25.023	0	220.987	0	0	0	0	
3	[SLPS]	0	419.544	24.991	0	221.123	0	0	0	0	
3	[SLPS]	0	419.518	24.963	0	221.261	0	0	0	0	
3	[SLPS]	0	419.489	24.933	0	221.403	0	0	0	0	
3	[SLPS]	0	419.489	24.933	0	221.403	0	0	0	0	
3	[SLPS]	0	419.431	24.866	0	221.693	0	0	0	0	
3	[SLPS]	0	419.431	24.866	0	221.693	0	0	0	0	
3	[SLPS]	0	419.397	24.836	0	221.841	0	0	0	0	
3	[SLPS]	0	419.367	24.802	0	221.988	0	0	0	0	
3	[SLPS]	0	419.367	24.802	0	221.988	0	0	0	0	
3	[SLPS]	0	419.311	24.743	0	222.266	0	0	0	0	
3	[SLPS]	0	419.311	24.743	0	222.266	0	0	0	0	
3	[SLPS]	0	419.287	24.715	0	222.396	0	0	0	0	
3	[SLPS]	0	419.265	24.691	0	222.521	0	0	0	0	
3	[SLPS]	0	419.265	24.691	0	222.521	0	0	0	0	
3	[SLPS]	0	419.229	24.659	0	222.763	0	0	0	0	
3	[SLPS]	0	419.229	24.659	0	222.763	0	0	0	0	
3	[SLPS]	0	419.212	24.649	0	222.876	0	0	0	0	
3	[SLPS]	0	419.196	24.629	0	222.986	0	0	0	0	
3	[SLPS]	0	419.196	24.629	0	222.986	0	0	0	0	
3	[SLPS]	0	419.167	24.597	0	223.193	0	0	0	0	
3	[SLPS]	0	419.167	24.597	0	223.193	0	0	0	0	
3	[SLPS]	0	419.151	24.581	0	223.294	0	0	0	0	
3	[SLPS]	0	419.135	24.560	0	223.397	0	0	0	0	
3	[SLPS]	0	419.135	24.560	0	223.397	0	0	0	0	
3	[SLPS]	0	419.097	24.513	0	223.613	0	0	0	0	
3	[SLPS]	0	419.097	24.513	0	223.613	0	0	0	0	
3	[SLPS]	0	419.069	24.488	0	223.725	0	0	0	0	
3	[SLPS]	0	419.045	24.462	0	223.838	0	0	0	0	
3	[SLPS]	0	419.017	24.433	0	223.951	0	0	0	0	
3	[SLPS]	0	418.989	24.405	0	224.065	0	0	0	0	
3	[SLPS]	0	418.989	24.405	0	224.065	0	0	0	0	
3	[SLPS]	0	418.961	24.375	0	224.184	0	0	0	0	
3	[SLPS]	0	418.933	24.347	0	224.307	0	0	0	0	
3	[SLPS]	0	418.903	24.318	0	224.433	0	0	0	0	
3	[SLPS]	0	418.866	24.287	0	224.562	0	0	0	0	
3	[SLPS]	0	418.866	24.287	0	224.562	0	0	0	0	
3	[SLPS]	0	418.801	24.223	0	224.816	0	0	0	0	
3	[SLPS]	0	418.801	24.223	0	224.816	0	0	0	0	
3	[SLPS]	0	418.774	24.194	0	224.945	0	0	0	0	
3	[SLPS]	0	418.738	24.157	0	225.074	0	0	0	0	
3	[SLPS]	0	418.738	24.157	0	225.074	0	0	0	0	
3	[SLPS]	0	418.665	24.087	0	225.331	0	0	0	0	
3	[SLPS]	0	418.665	24.087	0	225.331	0	0	0	0	
3	[SLPS]	0	418.635	24.058	0	225.456	0	0	0	0	
3	[SLPS]	0	418.595	24.022	0	225.583	0	0	0	0	
3	[SLPS]	0	418.595	24.022	0	225.583	0	0	0	0	
3	[SLPS]	0	418.522	23.960	0	225.838	0	0	0	0	
3	[SLPS]	0	418.522	23.960	0	225.838	0	0	0	0	
3	[SLPS]	0	418.483	23.921	0	225.966	0	0	0	0	
3	[SLPS]	0	418.443	23.885	0	226.093	0	0	0	0	
3	[SLPS]	0	418.443	23.885	0	226.093	0	0	0	0	
3	[SLPS]	0	418.375	23.820	0	226.344	0	0	0	0	
3	[SLPS]	0	418.375	23.820	0	226.344	0	0	0	0	
3	[SLPS]	0	418.342	23.788	0	226.465	0	0	0	0	
3	[SLPS]	0	418.309	23.760	0	226.581	0	0	0	0	
3	[SLPS]	0	418.309	23.760	0	226.581	0	0	0	0	
3	[SLPS]	0	418.254	23.707	0	226.803	0	0	0	0	
3	[SLPS]	0	418.254	23.707	0	226.803	0	0	0	0	
3	[SLPS]	0	418.228	23.681	0	226.911	0	0	0	0	
3	[SLPS]	0	418.204	23.658	0	227.014	0	0	0	0	
3	[SLPS]	0	418.182	23.632	0	227.115	0	0	0	0	
3	[SLPS]	0	418.156	23.612	0	227.215	0	0	0	0	
3	[SLPS]	0	418.156	23.612	0	227.215	0	0	0	0	
3	[SLPS]	0	418.114	23.568	0	227.411	0	0	0	0	
3	[SLPS]	0	418.114	23.568	0	227.411	0	0	0	0	
3	[SLPS]	0	418.085	23.544	0	227.509	0	0	0	0	
3	[SLPS]	0	418.058	23.525	0	227.603	0	0	0	0	
3	[SLPS]	0	418.058	23.525	0	227.603	0	0	0	0	
3	[SLPS]	0	418.002	23.474	0	227.792	0	0	0	0	
3	[SLPS]	0	418.002	23.474	0	227.792	0	0	0	0	
3	[SLPS]	0	417.971	23.450	0	227.887	0	0	0	0	
3	[SLPS]	0	417.940	23.426	0	227.980	0	0	0	0	
3	[SLPS]	0	417.940	23.426	0	227.980	0	0	0	0	
3	[SLPS]	0	417.874	23.377	0	228.167	0	0	0	0	
3	[SLPS]	0	417.874	23.377	0	228.167	0	0	0	0	
3	[SLPS]	0	417.843	23.349	0	228.259	0	0	0	0	
3	[SLPS]	0	417.819	23.327	0	228.346	0	0	0	0	
3	[SLPS]	0	417.819	23.327	0	228.346	0	0	0	0	
3	[SLPS]	0	417.761	23.277	0	228.523	0	0	0	0	
3	[SLPS]	0	417.761	23.277	0	228.523	0	0	0	0	
3	[SLPS]	0	417.741	23.256	0	228.608	0	0	0	0	
3	[SLPS]	0	417.718	23.239	0	228.689	0	0	0	0	
3	[SLPS]	0	417.718	23.239	0	228.689	0	0	0	0	
3	[SLPS]	0	417.672	23.196	0	228.853	0	0	0	0	
3	[SLPS]	0	417.672	23.196	0	228.853	0	0	0	0	
3	[SLPS]	0	417.652	23.179	0	228.930	0	0	0	0	
3	[SLPS]	0	417.633	23.160	0	229.005	0	0	0	0	
3	[SLPS]	0	417.633	23.160	0	229.005	0	0	0	0	
3	[SLPS]	0	417.593	23.121	0	229.152	0	0	0	0	
3	[SLPS]	0	417.593	23.121	0	229.152	0	0	0	0	
3	[SLPS]	0	417.554	23.086	0	229.302	0	0	0	0	
3	[SLPS]	0	417.554	23.086	0	229.302	0	0	0	0	
3	[SLPS]	0	417.538	23.068	0	229.378	0	0	0	0	
3	[SLPS]	0	417.519	23.051	0	229.450	0	0	0	0	
3	[SLPS]	0	417.519	23.051	0	229.450	0	0	0	0	
3	[SLPS]	0	417.474	23.012	0	229.588	0	0	0	0	
3	[SLPS]	0	417.474	23.012	0	229.588	0	0	0	0	
3	[SLPS]	0	417.450	22.993	0	229.662	0	0	0	0	
3	[SLPS]	0	417.420	22.969	0	229.738	0	0	0	0	
3	[SLPS]	0	417.420	22.969	0	229.738	0	0	0	0	
3	[SLPS]	0	417.376	22.932	0	229.888	0	0	0	0	
3	[SLPS]	0	417.376	22.932	0	229.888	0	0	0	0	
3	[SLPS]	0	417.346	22.911	0	229.959	0	0	0	0	
3	[SLPS]	0	417.320	22.884	0	230.035	0	0	0	0	
3	[SLPS]	0	417.320	22.884	0	230.035	0	0	0	0	
3	[SLPS]	0	417.267	22.847	0	230.191	0	0	0	0	
3	[SLPS]	0	417.267	22.847	0	230.191	0	0	0	0	
3	[SLPS]	0	417.235	22.822	0	230.270	0	0	0	0	
3	[SLPS]	0	417.207	22.796	0	230.350	0	0	0	0	
3	[SLPS]	0	417.207	22.796	0	230.350	0	0	0	0	
3	[SLPS]	0	417.158	22.756	0	230.505	0	0	0	0	
3	[SLPS]	0	417.158	22.756	0	230.505	0	0	0	0	
3	[SLPS]	0	417.135	22.727	0	230.584	0	0	0	0	
3	[SLPS]	0	417.114	22.714	0	230.669	0	0	0	0	
3	[SLPS]	0	417.114	22.714	0	230.669	0	0	0	0	
3	[SLPS]	0	417.062	22.676	0	230.836	0	0	0	0	
3	[SLPS]	0	417.062	22.676	0	230.836	0	0	0	0	
3	[SLPS]	0	417.030	22.653	0	230.919	0	0	0	0	
3	[SLPS]	0	417.004	22.633	0	231.001	0	0	0	0	
3	[SLPS]	0	417.004	22.633	0	231.001	0	0	0	0	
3	[SLPS]	0	416.953	22.595	0	231.169	0	0	0	0	
3	[SLPS]	0	416.953	22.595	0	231.169	0	0	0	0	
3	[SLPS]	0	416.923	22.575	0	231.251	0	0	0	0	
3	[SLPS]	0	416.895	22.554	0	231.326	0	0	0	0	
3	[SLPS]	0	416.895	22.554	0	231.326	0	0	0	0	
3	[SLPS]	0	416.837	22.508	0	231.464	0	0	0	0	
3	[SLPS]	0	416.837	22.508	0	231.464	0	0	0	0	
3	[SLPS]	0	416.802	22.482	0	231.533	0	0	0	0	
3	[SLPS]	0	416.768	22.459	0	231.610	0	0	0	0	
3	[SLPS]	0	416.768	22.459	0	231.610	0	0	0	0	
3	[SLPS]	0	416.705	22.400	0	231.764	0	0	0	0	
3	[SLPS]	0	416.705	22.400	0	231.764	0	0	0	0	
3	[SLPS]	0	416.673	22.365	0	231.841	0	0	0	0	
3	[SLPS]	0	416.633	22.335	0	231.914	0	0	0	0	
3	[SLPS]	0	416.599	22.310	0	231.988	0	0	0	0	
3	[SLPS]	0	416.561	22.281	0	232.063	0	0	0	0	
3	[SLPS]	0	416.561	22.281	0	232.063	0	0	0	0	
3	[SLPS]	0	416.481	22.220	0	232.221	0	0	0	0	
3	[SLPS]	0	416.481	22.220	0	232.221	0	0	0	0	
3	[SLPS]	0	416.442	22.187	0	232.300	0	0	0	0	
3	[SLPS]	0	416.408	22.157	0	232.383	0	0	0	0	
3	[SLPS]	0	416.408	22.157	0	232.383	0	0	0	0	
3	[SLPS]	0	416.323	22.098	0	232.543	0	0	0	0	
3	[SLPS]	0	416.323	22.098	0	232.543	0	0	0	0	
3	[SLPS]	0	416.286	22.064	0	232.627	0	0	0	0	
3	[SLPS]	0	416.240	22.032	0	232.716	0	0	0	0	
3	[SLPS]	0	416.240	22.032	0	232.716	0	0	0	0	
3	[SLPS]	0	416.159	21.962	0	232.895	0	0	0	0	
3	[SLPS]	0	416.159	21.962	0	232.895	0	0	0	0	
3	[SLPS]	0	416.114	21.933	0	232.988	0	0	0	0	
3	[SLPS]	0	416.065	21.903	0	233.078	0	0	0	0	
3	[SLPS]	0	416.065	21.903	0	233.078	0	0	0	0	
3	[SLPS]	0	415.961	21.824	0	233.257	0	0	0	0	
3	[SLPS]	0	415.961	21.824	0	233.257	0	0	0	0	
3	[SLPS]	0	415.920	21.786	0	233.341	0	0	0	0	
3	[SLPS]	0	415.857	21.750	0	233.428	0	0	0	0	
3	[SLPS]	0	415.857	21.750	0	233.428	0	0	0	0	
3	[SLPS]	0	415.737	21.679	0	233.608	0	0	0	0	
3	[SLPS]	0	415.737	21.679	0	233.608	0	0	0	0	
3	[SLPS]	0	415.678	21.641	0	233.701	0	0	0	0	
3	[SLPS]	0	415.621	21.596	0	233.784	0	0	0	0	
3	[SLPS]	0	415.621	21.596	0	233.784	0	0	0	0	
3	[SLPS]	0	415.506	21.519	0	233.946	0	0	0	0	
3	[SLPS]	0	415.506	21.519	0	233.946	0	0	0	0	
3	[SLPS]	0	415.433	21.495	0	234.025	0	0	0	0	
3	[SLPS]	0	415.377	21.445	0	234.108	0	0	0	0	
3	[SLPS]	0	415.330	21.410	0	234.191	0	0	0	0	
3	[SLPS]	0	415.275	21.375	0	234.273	0	0	0	0	
3	[SLPS]	0	415.275	21.375	0	234.273	0	0	0	0	
3	[SLPS]	0	415.220	21.331	0	234.353	0	0	0	0	
3	[SLPS]	0	415.167	21.296	0	234.431	0	0	0	0	
3	[SLPS]	0	415.167	21.296	0	234.431	0	0	0	0	
3	[SLPS]	0	415.052	21.210	0	234.583	0	0	0	0	
3	[SLPS]	0	415.052	21.210	0	234.583	0	0	0	0	
3	[SLPS]	0	414.990	21.171	0	234.662	0	0	0	0	
3	[SLPS]	0	414.935	21.118	0	234.739	0	0	0	0	
3	[SLPS]	0	414.935	21.118	0	234.739	0	0	0	0	
3	[SLPS]	0	414.816	21.022	0	234.884	0	0	0	0	
3	[SLPS]	0	414.816	21.022	0	234.884	0	0	0	0	
3	[SLPS]	0	414.756	20.979	0	234.953	0	0	0	0	
3	[SLPS]	0	414.696	20.931	0	235.015	0	0	0	0	
3	[SLPS]	0	414.696	20.931	0	235.015	0	0	0	0	
3	[SLPS]	0	414.570	20.849	0	235.139	0	0	0	0	
3	[SLPS]	0	414.570	20.849	0	235.139	0	0	0	0	
3	[SLPS]	0	414.509	20.799	0	235.204	0	0	0	0	
3	[SLPS]	0	414.435	20.761	0	235.263	0	0	0	0	
3	[SLPS]	0	414.435	20.761	0	235.263	0	0	0	0	
3	[SLPS]	0	414.303	20.649	0	235.374	0	0	0	0	
3	[SLPS]	0	414.303	20.649	0	235.374	0	0	0	0	
3	[SLPS]	0	414.238	20.590	0	235.430	0	0	0	0	
3	[SLPS]	0	414.169	20.550	0	235.482	0	0	0	0	
3	[SLPS]	0	414.169	20.550	0	235.482	0	0	0	0	
3	[SLPS]	0	414.030	20.451	0	235.584	0	0	0	0	
3	[SLPS]	0	414.030	20.451	0	235.584	0	0	0	0	
3	[SLPS]	0	413.898	20.350	0	235.690	0	0	0	0	
3	[SLPS]	0	413.898	20.350	0	235.690	0	0	0	0	
3	[SLPS]	0	413.825	20.298	0	235.749	0	0	0	0	
3	[SLPS]	0	413.763	20.248	0	235.808	0	0	0	0	
3	[SLPS]	0	413.763	20.248	0	235.808	0	0	0	0	
3	[SLPS]	0	413.627	20.146	0	235.921	0	0	0	0	
3	[SLPS]	0	413.627	20.146	0	235.921	0	0	0	0	
3	[SLPS]	0	413.564	20.086	0	235.975	0	0	0	0	
3	[SLPS]	0	413.491	20.042	0	236.024	0	0	0	0	
3	[SLPS]	0	413.491	20.042	0	236.024	0	0	0	0	
3	[SLPS]	0	413.342	19.941	0	236.132	0	0	0	0	
3	[SLPS]	0	413.342	19.941	0	236.132	0	0	0	0	
3	[SLPS]	0	413.264	19.899	0	236.212	0	0	0	0	
3	[SLPS]	0	413.196	19.853	0	236.227	0	0	0	0	
3	[SLPS]	0	413.196	19.853	0	236.227	0	0	0	0	
3	[SLPS]	0	413.028	19.752	0	236.338	0	0	0	0	
3	[SLPS]	0	413.028	19.752	0	236.338	0	0	0	0	
3	[SLPS]	0	412.953	19.702	0	236.387	0	0	0	0	
3	[SLPS]	0	412.868	19.657	0	236.472	0	0	0	0	
3	[SLPS]	0	412.868	19.657	0	236.472	0	0	0	0	
3	[SLPS]	0	412.693	19.561	0	236.608	0	0	0	0	
3	[SLPS]	0	412.693	19.561	0	236.608	0	0	0	0	
3	[SLPS]	0	412.614	19.501	0	236.663	0	0	0	0	
3	[SLPS]	0	412.542	19.447	0	236.718	0	0	0	0	
3	[SLPS]	0	412.461	19.395	0	236.770	0	0	0	0	
3	[SLPS]	0	412.381	19.342	0	236.818	0	0	0	0	
3	[SLPS]	0	412.381	19.342	0	236.818	0	0	0	0	
3	[SLPS]	0	412.314	19.302	0	236.887	0	0	0	0	
3	[SLPS]	0	412.239	19.235	0	236.849	0	0	0	0	
3	[SLPS]	0	412.239	19.235	0	236.849	0	0	0	0	
3	[SLPS]	0	412.082	19.131	0	236.954	0	0	0	0	
3	[SLPS]	0	412.082	19.131	0	236.954	0	0	0	0	
3	[SLPS]	0	412.000	19.078	0	237.010	0	0	0	0	
3	[SLPS]	0	411.938	19.010	0	237.067	0	0	0	0	
3	[SLPS]	0	411.938	19.010	0	237.067	0	0	0	0	
3	[SLPS]	0	411.757	18.906	0	237.176	0	0	0	0	
3	[SLPS]	0	411.757	18.906	0	237.176	0	0	0	0	
3	[SLPS]	0	411.590	18.794	0	237.237	0	0	0	0	
3	[SLPS]	0	411.590	18.794	0	237.237	0	0	0	0	
3	[SLPS]	0	411.506	18.738	0	237.287	0	0	0	0	
3	[SLPS]	0	411.421	18.682	0	237.345	0	0	0	0	
3	[SLPS]	0	411.421	18.682	0	237.345	0	0	0	0	
3	[SLPS]	0	411.232	18.576	0	237.463	0	0	0	0	
3	[SLPS]	0	411.232	18.576	0	237.463	0	0	0	0	
3	[SLPS]	0	411.136	18.513	0	237.522	0	0	0	0	
3	[SLPS]	0	411.056	18.453	0	237.575	0	0	0	0	
3	[SLPS]	0	411.056	18.453	0	237.575	0	0	0	0	
3	[SLPS]	0	410.858	18.345	0	237.682	0	0	0	0	
3	[SLPS]	0	410.858	18.345	0	237.682	0	0	0	0	
3	[SLPS]	0	410.763	18.286	0	237.738	0	0	0	0	
3	[SLPS]	0	410.673	18.228	0	237.795	0	0	0	0	
3	[SLPS]	0	410.673	18.228	0	237.795	0	0	0	0	
3	[SLPS]	0	410.455	18.120	0	237.909	0	0	0	0	
3	[SLPS]	0	410.455	18.120	0	237.909	0	0	0	0	
3	[SLPS]	0	410.356	18.059	0	237.968	0	0	0	0	
3	[SLPS]	0	410.262	18.008	0	238.029	0	0	0	0	
3	[SLPS]	0	410.262	18.008	0	238.029	0	0	0	0	
3	[SLPS]	0	410.067	17.888	0	238.145	0	0	0	0	
3	[SLPS]	0	410.067	17.888	0	238.145	0	0	0	0	
3	[SLPS]	0	409.967	17.837	0	238.202	0	0	0	0	
3	[SLPS]	0	409.869	17.779	0	238.256	0	0	0	0	
3	[SLPS]	0	409.776	17.713	0	238.318	0	0	0	0	
3	[SLPS]	0	409.679	17.670	0	238.374	0	0	0	0	
3	[SLPS]	0	409.679	17.670	0	238.374	0	0	0	0	
3	[SLPS]	0	409.571	17.632	0	238.429	0	0	0	0	
3	[SLPS]	0	409.472	17.578	0	238.482	0	0	0	0	
3	[SLPS]	0	409.362	17.523	0	238.573	0	0	0	0	
3	[SLPS]	0	409.264	17.461	0	238.592	0	0	0	0	
3	[SLPS]	0	409.264	17.461	0	238.592	0	0	0	0	
3	[SLPS]	0	409.157	17.405	0	238.675	0	0	0	0	
3	[SLPS]	0	409.059	17.341	0	238.726	0	0	0	0	
3	[SLPS]	0	408.956	17.284	0	238.776	0	0	0	0	
3	[SLPS]	0	408.853	17.225	0	238.828	0	0	0	0	
3	[SLPS]	0	408.853	17.225	0	238.828	0	0	0	0	
3	[SLPS]	0	408.652	17.104	0	238.932	0	0	0	0	
3	[SLPS]	0	408.652	17.104	0	238.932	0	0	0	0	
3	[SLPS]	0	408.540	17.023	0	239.000	0	0	0	0	
3	[SLPS]	0	408.435	16.960	0	239.051	0	0	0	0	
3	[SLPS]	0	408.435	16.960	0	239.051	0	0	0	0	
3	[SLPS]	0	408.201	16.834	0	239.153	0	0	0	0	
3	[SLPS]	0	408.201	16.834	0	239.153	0	0	0	0	
3	[SLPS]	0	408.094	16.783	0	239.205	0	0	0	0	
3	[SLPS]	0	407.989	16.721	0	239.253	0	0	0	0	
3	[SLPS]	0	407.989	16.721	0	239.253	0	0	0	0	
3	[SLPS]	0	407.768	16.575	0	239.373	0	0	0	0	
3	[SLPS]	0	407.768	16.575	0	239.373	0	0	0	0	
3	[SLPS]	0	407.654	16.513	0	239.427	0	0	0	0	
3	[SLPS]	0	407.556	16.443	0	239.476	0	0	0	0	
3	[SLPS]	0	407.556	16.443	0	239.476	0	0	0	0	
3	[SLPS]	0	407.344	16.322	0	239.657	0	0	0	0	
3	[SLPS]	0	407.344	16.322	0	239.657	0	0	0	0	
3	[SLPS]	0	407.236	16.264	0	239.730	0	0	0	0	
3	[SLPS]	0	407.132	16.194	0	239.720	0	0	0	0	
3	[SLPS]	0	407.132	16.194	0	239.720	0	0	0	0	
3	[SLPS]	0	406.911	16.069	0	239.808	0	0	0	0	
3	[SLPS]	0	406.911	16.069	0	239.808	0	0	0	0	
3	[SLPS]	0	406.798	16.007	0	239.863	0	0	0	0	
3	[SLPS]	0	406.687	15.928	0	239.818	0	0	0	0	
3	[SLPS]	0	406.687	15.928	0	239.818	0	0	0	0	
3	[SLPS]	0	406.458	15.796	0	239.901	0	0	0	0	
3	[SLPS]	0	406.458	15.796	0	239.901	0	0	0	0	
3	[SLPS]	0	406.261	15.650	0	239.867	0	0	0	0	
3	[SLPS]	0	406.261	15.650	0	239.867	0	0	0	0	
3	[SLPS]	0	406.143	15.589	0	239.958	0	0	0	0	
3	[SLPS]	0	406.036	15.520	0	239.968	0	0	0	0	
3	[SLPS]	0	406.036	15.520	0	239.968	0	0	0	0	
3	[SLPS]	0	405.923	15.448	0	239.986	0	0	0	0	
3	[SLPS]	0	405.807	15.375	0	239.983	0	0	0	0	
3	[SLPS]	0	405.693	15.305	0	240.028	0	0	0	0	
3	[SLPS]	0	405.566	15.246	0	240.140	0	0	0	0	
3	[SLPS]	0	405.566	15.246	0	240.140	0	0	0	0	
3	[SLPS]	0	405.329	15.094	0	240.101	0	0	0	0	
3	[SLPS]	0	405.329	15.094	0	240.101	0	0	0	0	
3	[SLPS]	0	405.207	15.021	0	240.119	0	0	0	0	
3	[SLPS]	0	405.087	14.954	0	240.148	0	0	0	0	
3	[SLPS]	0	405.087	14.954	0	240.148	0	0	0	0	
3	[SLPS]	0	404.844	14.795	0	240.108	0	0	0	0	
3	[SLPS]	0	404.844	14.795	0	240.108	0	0	0	0	
3	[SLPS]	0	404.723	14.722	0	240.251	0	0	0	0	
3	[SLPS]	0	404.603	14.653	0	240.267	0	0	0	0	
3	[SLPS]	0	404.603	14.653	0	240.267	0	0	0	0	
3	[SLPS]	0	404.384	14.512	0	240.232	0	0	0	0	
3	[SLPS]	0	404.384	14.512	0	240.232	0	0	0	0	
3	[SLPS]	0	404.249	14.446	0	240.296	0	0	0	0	
3	[SLPS]	0	404.128	14.374	0	240.300	0	0	0	0	
3	[SLPS]	0	404.128	14.374	0	240.300	0	0	0	0	
3	[SLPS]	0	403.876	14.235	0	240.292	0	0	0	0	
3	[SLPS]	0	403.876	14.235	0	240.292	0	0	0	0	
3	[SLPS]	0	403.755	14.164	0	240.277	0	0	0	0	
3	[SLPS]	0	403.624	14.097	0	240.319	0	0	0	0	
3	[SLPS]	0	403.624	14.097	0	240.319	0	0	0	0	
3	[SLPS]	0	403.374	13.958	0	240.332	0	0	0	0	
