1	[SLPS]	0	115.092	58.557	0	62.908	0	0	0	0	
1	[SLPS]	0	115.092	58.557	0	62.908	0	0	0	0	
1	[SLPS]	0	115.686	58.863	0	62.869	0	0	0	0	
1	[SLPS]	0	115.686	58.863	0	62.869	0	0	0	0	
1	[SLPS]	0	115.975	59.013	0	62.847	0	0	0	0	
1	[SLPS]	0	116.263	59.158	0	62.829	0	0	0	0	
1	[SLPS]	0	116.550	59.307	0	62.820	0	0	0	0	
1	[SLPS]	0	116.834	59.455	0	62.810	0	0	0	0	
1	[SLPS]	0	116.834	59.455	0	62.810	0	0	0	0	
1	[SLPS]	0	117.398	59.743	0	62.783	0	0	0	0	
1	[SLPS]	0	117.398	59.743	0	62.783	0	0	0	0	
1	[SLPS]	0	117.681	59.890	0	62.770	0	0	0	0	
1	[SLPS]	0	117.967	60.037	0	62.754	0	0	0	0	
1	[SLPS]	0	117.967	60.037	0	62.754	0	0	0	0	
1	[SLPS]	0	118.528	60.332	0	62.725	0	0	0	0	
1	[SLPS]	0	118.528	60.332	0	62.725	0	0	0	0	
1	[SLPS]	0	118.811	60.481	0	62.704	0	0	0	0	
1	[SLPS]	0	119.093	60.632	0	62.675	0	0	0	0	
1	[SLPS]	0	119.093	60.632	0	62.675	0	0	0	0	
1	[SLPS]	0	119.652	60.922	0	62.629	0	0	0	0	
1	[SLPS]	0	119.652	60.922	0	62.629	0	0	0	0	
1	[SLPS]	0	119.934	61.068	0	62.620	0	0	0	0	
1	[SLPS]	0	120.212	61.212	0	62.621	0	0	0	0	
1	[SLPS]	0	120.212	61.212	0	62.621	0	0	0	0	
1	[SLPS]	0	120.761	61.500	0	62.603	0	0	0	0	
1	[SLPS]	0	120.761	61.500	0	62.603	0	0	0	0	
1	[SLPS]	0	121.034	61.645	0	62.582	0	0	0	0	
1	[SLPS]	0	121.303	61.788	0	62.556	0	0	0	0	
1	[SLPS]	0	121.303	61.788	0	62.556	0	0	0	0	
1	[SLPS]	0	121.829	62.063	0	62.516	0	0	0	0	
1	[SLPS]	0	121.829	62.063	0	62.516	0	0	0	0	
1	[SLPS]	0	122.089	62.196	0	62.511	0	0	0	0	
1	[SLPS]	0	122.346	62.332	0	62.504	0	0	0	0	
1	[SLPS]	0	122.346	62.332	0	62.504	0	0	0	0	
1	[SLPS]	0	122.842	62.594	0	62.474	0	0	0	0	
1	[SLPS]	0	122.842	62.594	0	62.474	0	0	0	0	
1	[SLPS]	0	123.087	62.722	0	62.447	0	0	0	0	
1	[SLPS]	0	123.335	62.852	0	62.425	0	0	0	0	
1	[SLPS]	0	123.335	62.852	0	62.425	0	0	0	0	
1	[SLPS]	0	123.822	63.105	0	62.400	0	0	0	0	
1	[SLPS]	0	123.822	63.105	0	62.400	0	0	0	0	
1	[SLPS]	0	124.062	63.234	0	62.394	0	0	0	0	
1	[SLPS]	0	124.301	63.361	0	62.388	0	0	0	0	
1	[SLPS]	0	124.539	63.487	0	62.374	0	0	0	0	
1	[SLPS]	0	124.776	63.607	0	62.353	0	0	0	0	
1	[SLPS]	0	124.776	63.607	0	62.353	0	0	0	0	
1	[SLPS]	0	125.249	63.861	0	62.314	0	0	0	0	
1	[SLPS]	0	125.249	63.861	0	62.314	0	0	0	0	
1	[SLPS]	0	125.479	63.983	0	62.301	0	0	0	0	
1	[SLPS]	0	125.710	64.107	0	62.292	0	0	0	0	
1	[SLPS]	0	125.710	64.107	0	62.292	0	0	0	0	
1	[SLPS]	0	125.940	64.229	0	62.281	0	0	0	0	
1	[SLPS]	0	126.168	64.350	0	62.266	0	0	0	0	
1	[SLPS]	0	126.393	64.469	0	62.255	0	0	0	0	
1	[SLPS]	0	126.616	64.585	0	62.239	0	0	0	0	
1	[SLPS]	0	126.616	64.585	0	62.239	0	0	0	0	
1	[SLPS]	0	126.836	64.702	0	62.220	0	0	0	0	
1	[SLPS]	0	127.057	64.818	0	62.196	0	0	0	0	
1	[SLPS]	0	127.274	64.934	0	62.192	0	0	0	0	
1	[SLPS]	0	127.487	65.046	0	62.188	0	0	0	0	
1	[SLPS]	0	127.487	65.046	0	62.188	0	0	0	0	
1	[SLPS]	0	127.696	65.159	0	62.178	0	0	0	0	
1	[SLPS]	0	127.908	65.272	0	62.172	0	0	0	0	
1	[SLPS]	0	127.908	65.272	0	62.172	0	0	0	0	
1	[SLPS]	0	128.318	65.488	0	62.148	0	0	0	0	
1	[SLPS]	0	128.318	65.488	0	62.148	0	0	0	0	
1	[SLPS]	0	128.521	65.596	0	62.131	0	0	0	0	
1	[SLPS]	0	128.724	65.705	0	62.117	0	0	0	0	
1	[SLPS]	0	128.724	65.705	0	62.117	0	0	0	0	
1	[SLPS]	0	129.122	65.917	0	62.087	0	0	0	0	
1	[SLPS]	0	129.122	65.917	0	62.087	0	0	0	0	
1	[SLPS]	0	129.319	66.020	0	62.094	0	0	0	0	
1	[SLPS]	0	129.519	66.127	0	62.109	0	0	0	0	
1	[SLPS]	0	129.713	66.232	0	62.111	0	0	0	0	
1	[SLPS]	0	129.907	66.332	0	62.112	0	0	0	0	
1	[SLPS]	0	129.907	66.332	0	62.112	0	0	0	0	
1	[SLPS]	0	130.288	66.533	0	62.107	0	0	0	0	
1	[SLPS]	0	130.288	66.533	0	62.107	0	0	0	0	
1	[SLPS]	0	130.474	66.634	0	62.098	0	0	0	0	
1	[SLPS]	0	130.660	66.734	0	62.088	0	0	0	0	
1	[SLPS]	0	130.660	66.734	0	62.088	0	0	0	0	
1	[SLPS]	0	131.029	66.929	0	62.088	0	0	0	0	
1	[SLPS]	0	131.029	66.929	0	62.088	0	0	0	0	
1	[SLPS]	0	131.209	67.026	0	62.092	0	0	0	0	
1	[SLPS]	0	131.387	67.123	0	62.088	0	0	0	0	
1	[SLPS]	0	131.387	67.123	0	62.088	0	0	0	0	
1	[SLPS]	0	131.738	67.312	0	62.075	0	0	0	0	
1	[SLPS]	0	131.738	67.312	0	62.075	0	0	0	0	
1	[SLPS]	0	131.912	67.405	0	62.072	0	0	0	0	
1	[SLPS]	0	132.081	67.494	0	62.073	0	0	0	0	
1	[SLPS]	0	132.081	67.494	0	62.073	0	0	0	0	
1	[SLPS]	0	132.425	67.676	0	62.088	0	0	0	0	
1	[SLPS]	0	132.425	67.676	0	62.088	0	0	0	0	
1	[SLPS]	0	132.592	67.766	0	62.096	0	0	0	0	
1	[SLPS]	0	132.757	67.852	0	62.106	0	0	0	0	
1	[SLPS]	0	132.757	67.852	0	62.106	0	0	0	0	
1	[SLPS]	0	133.088	68.035	0	62.095	0	0	0	0	
1	[SLPS]	0	133.088	68.035	0	62.095	0	0	0	0	
1	[SLPS]	0	133.252	68.123	0	62.102	0	0	0	0	
1	[SLPS]	0	133.421	68.205	0	62.120	0	0	0	0	
1	[SLPS]	0	133.589	68.292	0	62.130	0	0	0	0	
1	[SLPS]	0	133.756	68.381	0	62.146	0	0	0	0	
1	[SLPS]	0	133.756	68.381	0	62.146	0	0	0	0	
1	[SLPS]	0	134.093	68.559	0	62.152	0	0	0	0	
1	[SLPS]	0	134.093	68.559	0	62.152	0	0	0	0	
1	[SLPS]	0	134.261	68.647	0	62.151	0	0	0	0	
1	[SLPS]	0	134.428	68.736	0	62.161	0	0	0	0	
1	[SLPS]	0	134.428	68.736	0	62.161	0	0	0	0	
1	[SLPS]	0	134.593	68.824	0	62.185	0	0	0	0	
1	[SLPS]	0	134.762	68.912	0	62.220	0	0	0	0	
1	[SLPS]	0	134.928	69.003	0	62.260	0	0	0	0	
1	[SLPS]	0	135.090	69.092	0	62.292	0	0	0	0	
1	[SLPS]	0	135.090	69.092	0	62.292	0	0	0	0	
1	[SLPS]	0	135.255	69.179	0	62.312	0	0	0	0	
1	[SLPS]	0	135.421	69.264	0	62.327	0	0	0	0	
1	[SLPS]	0	135.586	69.348	0	62.350	0	0	0	0	
1	[SLPS]	0	135.753	69.430	0	62.373	0	0	0	0	
1	[SLPS]	0	135.753	69.430	0	62.373	0	0	0	0	
1	[SLPS]	0	135.917	69.515	0	62.399	0	0	0	0	
1	[SLPS]	0	136.082	69.600	0	62.422	0	0	0	0	
1	[SLPS]	0	136.244	69.685	0	62.440	0	0	0	0	
1	[SLPS]	0	136.407	69.768	0	62.457	0	0	0	0	
1	[SLPS]	0	136.407	69.768	0	62.457	0	0	0	0	
1	[SLPS]	0	136.726	69.942	0	62.482	0	0	0	0	
1	[SLPS]	0	136.726	69.942	0	62.482	0	0	0	0	
1	[SLPS]	0	136.885	70.026	0	62.483	0	0	0	0	
1	[SLPS]	0	137.046	70.112	0	62.486	0	0	0	0	
1	[SLPS]	0	137.046	70.112	0	62.486	0	0	0	0	
1	[SLPS]	0	137.371	70.283	0	62.509	0	0	0	0	
1	[SLPS]	0	137.371	70.283	0	62.509	0	0	0	0	
1	[SLPS]	0	137.532	70.367	0	62.530	0	0	0	0	
1	[SLPS]	0	137.698	70.455	0	62.546	0	0	0	0	
1	[SLPS]	0	137.698	70.455	0	62.546	0	0	0	0	
1	[SLPS]	0	138.031	70.622	0	62.573	0	0	0	0	
1	[SLPS]	0	138.031	70.622	0	62.573	0	0	0	0	
1	[SLPS]	0	138.197	70.705	0	62.591	0	0	0	0	
1	[SLPS]	0	138.363	70.795	0	62.619	0	0	0	0	
1	[SLPS]	0	138.363	70.795	0	62.619	0	0	0	0	
1	[SLPS]	0	138.692	70.967	0	62.683	0	0	0	0	
1	[SLPS]	0	138.692	70.967	0	62.683	0	0	0	0	
1	[SLPS]	0	138.859	71.056	0	62.708	0	0	0	0	
1	[SLPS]	0	139.027	71.143	0	62.729	0	0	0	0	
1	[SLPS]	0	139.195	71.229	0	62.752	0	0	0	0	
1	[SLPS]	0	139.362	71.316	0	62.773	0	0	0	0	
1	[SLPS]	0	139.362	71.316	0	62.773	0	0	0	0	
1	[SLPS]	0	139.707	71.494	0	62.820	0	0	0	0	
1	[SLPS]	0	139.707	71.494	0	62.820	0	0	0	0	
1	[SLPS]	0	139.880	71.583	0	62.839	0	0	0	0	
1	[SLPS]	0	140.051	71.672	0	62.856	0	0	0	0	
1	[SLPS]	0	140.051	71.672	0	62.856	0	0	0	0	
1	[SLPS]	0	140.409	71.860	0	62.885	0	0	0	0	
1	[SLPS]	0	140.409	71.860	0	62.885	0	0	0	0	
1	[SLPS]	0	140.586	71.953	0	62.905	0	0	0	0	
1	[SLPS]	0	140.767	72.050	0	62.921	0	0	0	0	
1	[SLPS]	0	140.767	72.050	0	62.921	0	0	0	0	
1	[SLPS]	0	140.952	72.146	0	62.931	0	0	0	0	
1	[SLPS]	0	141.137	72.242	0	62.940	0	0	0	0	
1	[SLPS]	0	141.322	72.338	0	62.952	0	0	0	0	
1	[SLPS]	0	141.507	72.431	0	62.963	0	0	0	0	
1	[SLPS]	0	141.507	72.431	0	62.963	0	0	0	0	
1	[SLPS]	0	141.888	72.624	0	62.984	0	0	0	0	
1	[SLPS]	0	141.888	72.624	0	62.984	0	0	0	0	
1	[SLPS]	0	142.079	72.721	0	63.011	0	0	0	0	
1	[SLPS]	0	142.277	72.815	0	63.038	0	0	0	0	
1	[SLPS]	0	142.277	72.815	0	63.038	0	0	0	0	
1	[SLPS]	0	142.676	73.018	0	63.071	0	0	0	0	
1	[SLPS]	0	142.676	73.018	0	63.071	0	0	0	0	
1	[SLPS]	0	142.876	73.120	0	63.086	0	0	0	0	
1	[SLPS]	0	143.072	73.224	0	63.094	0	0	0	0	
1	[SLPS]	0	143.072	73.224	0	63.094	0	0	0	0	
1	[SLPS]	0	143.489	73.438	0	63.111	0	0	0	0	
1	[SLPS]	0	143.489	73.438	0	63.111	0	0	0	0	
1	[SLPS]	0	143.698	73.544	0	63.113	0	0	0	0	
1	[SLPS]	0	143.912	73.654	0	63.121	0	0	0	0	
1	[SLPS]	0	143.912	73.654	0	63.121	0	0	0	0	
1	[SLPS]	0	144.350	73.874	0	63.145	0	0	0	0	
1	[SLPS]	0	144.350	73.874	0	63.145	0	0	0	0	
1	[SLPS]	0	144.573	73.987	0	63.154	0	0	0	0	
1	[SLPS]	0	144.795	74.094	0	63.172	0	0	0	0	
1	[SLPS]	0	144.795	74.094	0	63.172	0	0	0	0	
1	[SLPS]	0	145.249	74.326	0	63.171	0	0	0	0	
1	[SLPS]	0	145.249	74.326	0	63.171	0	0	0	0	
1	[SLPS]	0	145.478	74.442	0	63.175	0	0	0	0	
1	[SLPS]	0	145.704	74.557	0	63.178	0	0	0	0	
1	[SLPS]	0	145.704	74.557	0	63.178	0	0	0	0	
1	[SLPS]	0	146.169	74.795	0	63.186	0	0	0	0	
1	[SLPS]	0	146.169	74.795	0	63.186	0	0	0	0	
1	[SLPS]	0	146.405	74.915	0	63.187	0	0	0	0	
1	[SLPS]	0	146.640	75.037	0	63.182	0	0	0	0	
1	[SLPS]	0	146.882	75.159	0	63.176	0	0	0	0	
1	[SLPS]	0	147.125	75.282	0	63.174	0	0	0	0	
1	[SLPS]	0	147.125	75.282	0	63.174	0	0	0	0	
1	[SLPS]	0	147.605	75.527	0	63.181	0	0	0	0	
1	[SLPS]	0	147.605	75.527	0	63.181	0	0	0	0	
1	[SLPS]	0	147.848	75.654	0	63.181	0	0	0	0	
1	[SLPS]	0	148.096	75.781	0	63.181	0	0	0	0	
1	[SLPS]	0	148.096	75.781	0	63.181	0	0	0	0	
1	[SLPS]	0	148.343	75.907	0	63.178	0	0	0	0	
1	[SLPS]	0	148.588	76.031	0	63.180	0	0	0	0	
1	[SLPS]	0	148.840	76.161	0	63.171	0	0	0	0	
1	[SLPS]	0	149.090	76.290	0	63.158	0	0	0	0	
1	[SLPS]	0	149.090	76.290	0	63.158	0	0	0	0	
1	[SLPS]	0	149.592	76.542	0	63.154	0	0	0	0	
1	[SLPS]	0	149.592	76.542	0	63.154	0	0	0	0	
1	[SLPS]	0	149.845	76.672	0	63.157	0	0	0	0	
1	[SLPS]	0	150.101	76.800	0	63.170	0	0	0	0	
1	[SLPS]	0	150.101	76.800	0	63.170	0	0	0	0	
1	[SLPS]	0	150.613	77.061	0	63.175	0	0	0	0	
1	[SLPS]	0	150.613	77.061	0	63.175	0	0	0	0	
1	[SLPS]	0	150.870	77.193	0	63.174	0	0	0	0	
1	[SLPS]	0	151.129	77.325	0	63.174	0	0	0	0	
1	[SLPS]	0	151.129	77.325	0	63.174	0	0	0	0	
1	[SLPS]	0	151.648	77.586	0	63.177	0	0	0	0	
1	[SLPS]	0	151.648	77.586	0	63.177	0	0	0	0	
1	[SLPS]	0	151.909	77.718	0	63.190	0	0	0	0	
1	[SLPS]	0	152.174	77.850	0	63.209	0	0	0	0	
1	[SLPS]	0	152.174	77.850	0	63.209	0	0	0	0	
1	[SLPS]	0	152.698	78.115	0	63.245	0	0	0	0	
1	[SLPS]	0	152.698	78.115	0	63.245	0	0	0	0	
1	[SLPS]	0	152.965	78.250	0	63.258	0	0	0	0	
1	[SLPS]	0	153.235	78.387	0	63.270	0	0	0	0	
1	[SLPS]	0	153.235	78.387	0	63.270	0	0	0	0	
1	[SLPS]	0	153.768	78.655	0	63.305	0	0	0	0	
1	[SLPS]	0	153.768	78.655	0	63.305	0	0	0	0	
1	[SLPS]	0	154.037	78.790	0	63.330	0	0	0	0	
1	[SLPS]	0	154.303	78.924	0	63.354	0	0	0	0	
1	[SLPS]	0	154.571	79.058	0	63.371	0	0	0	0	
1	[SLPS]	0	154.833	79.191	0	63.389	0	0	0	0	
1	[SLPS]	0	154.833	79.191	0	63.389	0	0	0	0	
1	[SLPS]	0	155.369	79.463	0	63.423	0	0	0	0	
1	[SLPS]	0	155.369	79.463	0	63.423	0	0	0	0	
1	[SLPS]	0	155.637	79.598	0	63.437	0	0	0	0	
1	[SLPS]	0	155.902	79.727	0	63.465	0	0	0	0	
1	[SLPS]	0	155.902	79.727	0	63.465	0	0	0	0	
1	[SLPS]	0	156.443	79.999	0	63.521	0	0	0	0	
1	[SLPS]	0	156.443	79.999	0	63.521	0	0	0	0	
1	[SLPS]	0	156.713	80.135	0	63.529	0	0	0	0	
1	[SLPS]	0	156.983	80.271	0	63.548	0	0	0	0	
1	[SLPS]	0	156.983	80.271	0	63.548	0	0	0	0	
1	[SLPS]	0	157.532	80.546	0	63.584	0	0	0	0	
1	[SLPS]	0	157.532	80.546	0	63.584	0	0	0	0	
1	[SLPS]	0	157.805	80.682	0	63.610	0	0	0	0	
1	[SLPS]	0	158.079	80.812	0	63.642	0	0	0	0	
1	[SLPS]	0	158.079	80.812	0	63.642	0	0	0	0	
1	[SLPS]	0	158.636	81.078	0	63.702	0	0	0	0	
1	[SLPS]	0	158.636	81.078	0	63.702	0	0	0	0	
1	[SLPS]	0	158.913	81.213	0	63.728	0	0	0	0	
1	[SLPS]	0	159.188	81.355	0	63.742	0	0	0	0	
1	[SLPS]	0	159.188	81.355	0	63.742	0	0	0	0	
1	[SLPS]	0	159.747	81.632	0	63.751	0	0	0	0	
1	[SLPS]	0	159.747	81.632	0	63.751	0	0	0	0	
1	[SLPS]	0	160.027	81.769	0	63.754	0	0	0	0	
1	[SLPS]	0	160.307	81.913	0	63.760	0	0	0	0	
1	[SLPS]	0	160.307	81.913	0	63.760	0	0	0	0	
1	[SLPS]	0	160.881	82.189	0	63.783	0	0	0	0	
1	[SLPS]	0	160.881	82.189	0	63.783	0	0	0	0	
1	[SLPS]	0	161.440	82.460	0	63.788	0	0	0	0	
1	[SLPS]	0	161.440	82.460	0	63.788	0	0	0	0	
1	[SLPS]	0	161.719	82.595	0	63.786	0	0	0	0	
1	[SLPS]	0	162.006	82.742	0	63.771	0	0	0	0	
1	[SLPS]	0	162.006	82.742	0	63.771	0	0	0	0	
1	[SLPS]	0	162.573	83.026	0	63.725	0	0	0	0	
1	[SLPS]	0	162.573	83.026	0	63.725	0	0	0	0	
1	[SLPS]	0	162.865	83.174	0	63.711	0	0	0	0	
1	[SLPS]	0	163.153	83.319	0	63.706	0	0	0	0	
1	[SLPS]	0	163.153	83.319	0	63.706	0	0	0	0	
1	[SLPS]	0	163.721	83.603	0	63.717	0	0	0	0	
1	[SLPS]	0	163.721	83.603	0	63.717	0	0	0	0	
1	[SLPS]	0	164.010	83.745	0	63.743	0	0	0	0	
1	[SLPS]	0	164.295	83.888	0	63.767	0	0	0	0	
1	[SLPS]	0	164.295	83.888	0	63.767	0	0	0	0	
1	[SLPS]	0	164.870	84.173	0	63.782	0	0	0	0	
1	[SLPS]	0	164.870	84.173	0	63.782	0	0	0	0	
1	[SLPS]	0	165.155	84.314	0	63.787	0	0	0	0	
1	[SLPS]	0	165.437	84.456	0	63.785	0	0	0	0	
1	[SLPS]	0	165.437	84.456	0	63.785	0	0	0	0	
1	[SLPS]	0	166.006	84.736	0	63.804	0	0	0	0	
1	[SLPS]	0	166.006	84.736	0	63.804	0	0	0	0	
1	[SLPS]	0	166.288	84.871	0	63.804	0	0	0	0	
1	[SLPS]	0	166.568	85.010	0	63.794	0	0	0	0	
1	[SLPS]	0	166.850	85.149	0	63.783	0	0	0	0	
1	[SLPS]	0	167.133	85.287	0	63.778	0	0	0	0	
1	[SLPS]	0	167.133	85.287	0	63.778	0	0	0	0	
1	[SLPS]	0	167.701	85.569	0	63.777	0	0	0	0	
1	[SLPS]	0	167.701	85.569	0	63.777	0	0	0	0	
1	[SLPS]	0	167.983	85.708	0	63.769	0	0	0	0	
1	[SLPS]	0	168.255	85.843	0	63.751	0	0	0	0	
1	[SLPS]	0	168.255	85.843	0	63.751	0	0	0	0	
1	[SLPS]	0	168.813	86.120	0	63.730	0	0	0	0	
1	[SLPS]	0	168.813	86.120	0	63.730	0	0	0	0	
1	[SLPS]	0	169.091	86.258	0	63.721	0	0	0	0	
1	[SLPS]	0	169.370	86.398	0	63.719	0	0	0	0	
1	[SLPS]	0	169.370	86.398	0	63.719	0	0	0	0	
1	[SLPS]	0	169.926	86.673	0	63.721	0	0	0	0	
1	[SLPS]	0	169.926	86.673	0	63.721	0	0	0	0	
1	[SLPS]	0	170.204	86.811	0	63.715	0	0	0	0	
1	[SLPS]	0	170.470	86.945	0	63.698	0	0	0	0	
1	[SLPS]	0	170.470	86.945	0	63.698	0	0	0	0	
1	[SLPS]	0	171.024	87.218	0	63.681	0	0	0	0	
1	[SLPS]	0	171.024	87.218	0	63.681	0	0	0	0	
1	[SLPS]	0	171.299	87.355	0	63.670	0	0	0	0	
1	[SLPS]	0	171.582	87.494	0	63.666	0	0	0	0	
1	[SLPS]	0	171.582	87.494	0	63.666	0	0	0	0	
1	[SLPS]	0	172.142	87.775	0	63.640	0	0	0	0	
1	[SLPS]	0	172.142	87.775	0	63.640	0	0	0	0	
1	[SLPS]	0	172.420	87.913	0	63.627	0	0	0	0	
1	[SLPS]	0	172.692	88.052	0	63.613	0	0	0	0	
1	[SLPS]	0	172.980	88.194	0	63.607	0	0	0	0	
1	[SLPS]	0	173.261	88.336	0	63.597	0	0	0	0	
1	[SLPS]	0	173.261	88.336	0	63.597	0	0	0	0	
1	[SLPS]	0	173.820	88.613	0	63.570	0	0	0	0	
1	[SLPS]	0	173.820	88.613	0	63.570	0	0	0	0	
1	[SLPS]	0	174.106	88.757	0	63.558	0	0	0	0	
1	[SLPS]	0	174.383	88.902	0	63.544	0	0	0	0	
1	[SLPS]	0	174.383	88.902	0	63.544	0	0	0	0	
1	[SLPS]	0	174.944	89.184	0	63.530	0	0	0	0	
1	[SLPS]	0	174.944	89.184	0	63.530	0	0	0	0	
1	[SLPS]	0	175.235	89.328	0	63.524	0	0	0	0	
1	[SLPS]	0	175.523	89.471	0	63.518	0	0	0	0	
1	[SLPS]	0	175.523	89.471	0	63.518	0	0	0	0	
1	[SLPS]	0	175.808	89.613	0	63.507	0	0	0	0	
1	[SLPS]	0	176.092	89.755	0	63.495	0	0	0	0	
1	[SLPS]	0	176.380	89.899	0	63.486	0	0	0	0	
1	[SLPS]	0	176.670	90.034	0	63.487	0	0	0	0	
1	[SLPS]	0	176.670	90.034	0	63.487	0	0	0	0	
1	[SLPS]	0	176.958	90.177	0	63.482	0	0	0	0	
1	[SLPS]	0	177.238	90.329	0	63.460	0	0	0	0	
1	[SLPS]	0	177.532	90.466	0	63.466	0	0	0	0	
1	[SLPS]	0	177.826	90.616	0	63.447	0	0	0	0	
1	[SLPS]	0	177.826	90.616	0	63.447	0	0	0	0	
1	[SLPS]	0	178.405	90.910	0	63.420	0	0	0	0	
1	[SLPS]	0	178.405	90.910	0	63.420	0	0	0	0	
1	[SLPS]	0	178.698	91.060	0	63.408	0	0	0	0	
1	[SLPS]	0	178.990	91.203	0	63.409	0	0	0	0	
1	[SLPS]	0	178.990	91.203	0	63.409	0	0	0	0	
1	[SLPS]	0	179.576	91.499	0	63.397	0	0	0	0	
1	[SLPS]	0	179.576	91.499	0	63.397	0	0	0	0	
1	[SLPS]	0	179.873	91.651	0	63.380	0	0	0	0	
1	[SLPS]	0	180.172	91.804	0	63.366	0	0	0	0	
1	[SLPS]	0	180.172	91.804	0	63.366	0	0	0	0	
1	[SLPS]	0	180.762	92.096	0	63.355	0	0	0	0	
1	[SLPS]	0	180.762	92.096	0	63.355	0	0	0	0	
1	[SLPS]	0	181.061	92.248	0	63.348	0	0	0	0	
1	[SLPS]	0	181.360	92.398	0	63.345	0	0	0	0	
1	[SLPS]	0	181.360	92.398	0	63.345	0	0	0	0	
1	[SLPS]	0	181.961	92.706	0	63.323	0	0	0	0	
