1	[SLPS]	0	97.018	-173.520	0	59.611	0	0	0	0	
1	[SLPS]	0	97.191	-173.440	0	59.651	0	0	0	0	
1	[SLPS]	0	97.346	-173.347	0	59.650	0	0	0	0	
1	[SLPS]	0	97.346	-173.347	0	59.650	0	0	0	0	
1	[SLPS]	0	97.672	-173.150	0	59.634	0	0	0	0	
1	[SLPS]	0	97.672	-173.150	0	59.634	0	0	0	0	
1	[SLPS]	0	97.840	-173.058	0	59.641	0	0	0	0	
1	[SLPS]	0	98.001	-172.963	0	59.641	0	0	0	0	
1	[SLPS]	0	98.001	-172.963	0	59.641	0	0	0	0	
1	[SLPS]	0	98.327	-172.770	0	59.646	0	0	0	0	
1	[SLPS]	0	98.327	-172.770	0	59.646	0	0	0	0	
1	[SLPS]	0	98.494	-172.672	0	59.649	0	0	0	0	
1	[SLPS]	0	98.655	-172.579	0	59.654	0	0	0	0	
1	[SLPS]	0	98.655	-172.579	0	59.654	0	0	0	0	
1	[SLPS]	0	98.974	-172.397	0	59.659	0	0	0	0	
1	[SLPS]	0	98.974	-172.397	0	59.659	0	0	0	0	
1	[SLPS]	0	99.143	-172.306	0	59.666	0	0	0	0	
1	[SLPS]	0	99.302	-172.210	0	59.658	0	0	0	0	
1	[SLPS]	0	99.302	-172.210	0	59.658	0	0	0	0	
1	[SLPS]	0	99.623	-172.031	0	59.671	0	0	0	0	
1	[SLPS]	0	99.623	-172.031	0	59.671	0	0	0	0	
1	[SLPS]	0	99.786	-171.926	0	59.654	0	0	0	0	
1	[SLPS]	0	99.943	-171.834	0	59.662	0	0	0	0	
1	[SLPS]	0	99.943	-171.834	0	59.662	0	0	0	0	
1	[SLPS]	0	100.268	-171.639	0	59.639	0	0	0	0	
1	[SLPS]	0	100.268	-171.639	0	59.639	0	0	0	0	
1	[SLPS]	0	100.438	-171.541	0	59.648	0	0	0	0	
1	[SLPS]	0	100.595	-171.442	0	59.638	0	0	0	0	
1	[SLPS]	0	100.760	-171.348	0	59.648	0	0	0	0	
1	[SLPS]	0	100.918	-171.253	0	59.647	0	0	0	0	
1	[SLPS]	0	100.918	-171.253	0	59.647	0	0	0	0	
1	[SLPS]	0	101.237	-171.063	0	59.637	0	0	0	0	
1	[SLPS]	0	101.237	-171.063	0	59.637	0	0	0	0	
1	[SLPS]	0	101.392	-170.969	0	59.634	0	0	0	0	
1	[SLPS]	0	101.546	-170.871	0	59.627	0	0	0	0	
1	[SLPS]	0	101.546	-170.871	0	59.627	0	0	0	0	
1	[SLPS]	0	101.879	-170.693	0	59.662	0	0	0	0	
1	[SLPS]	0	101.879	-170.693	0	59.662	0	0	0	0	
1	[SLPS]	0	102.034	-170.600	0	59.661	0	0	0	0	
1	[SLPS]	0	102.194	-170.505	0	59.656	0	0	0	0	
1	[SLPS]	0	102.194	-170.505	0	59.656	0	0	0	0	
1	[SLPS]	0	102.506	-170.318	0	59.643	0	0	0	0	
1	[SLPS]	0	102.506	-170.318	0	59.643	0	0	0	0	
1	[SLPS]	0	102.675	-170.227	0	59.656	0	0	0	0	
1	[SLPS]	0	102.834	-170.132	0	59.656	0	0	0	0	
1	[SLPS]	0	102.834	-170.132	0	59.656	0	0	0	0	
1	[SLPS]	0	103.168	-169.940	0	59.663	0	0	0	0	
1	[SLPS]	0	103.168	-169.940	0	59.663	0	0	0	0	
1	[SLPS]	0	103.321	-169.849	0	59.653	0	0	0	0	
1	[SLPS]	0	103.483	-169.753	0	59.644	0	0	0	0	
1	[SLPS]	0	103.483	-169.753	0	59.644	0	0	0	0	
1	[SLPS]	0	103.804	-169.570	0	59.634	0	0	0	0	
1	[SLPS]	0	103.804	-169.570	0	59.634	0	0	0	0	
1	[SLPS]	0	103.967	-169.474	0	59.617	0	0	0	0	
1	[SLPS]	0	104.133	-169.387	0	59.607	0	0	0	0	
1	[SLPS]	0	104.133	-169.387	0	59.607	0	0	0	0	
1	[SLPS]	0	104.455	-169.201	0	59.563	0	0	0	0	
1	[SLPS]	0	104.455	-169.201	0	59.563	0	0	0	0	
1	[SLPS]	0	104.604	-169.100	0	59.517	0	0	0	0	
1	[SLPS]	0	104.764	-169.005	0	59.493	0	0	0	0	
1	[SLPS]	0	104.764	-169.005	0	59.493	0	0	0	0	
1	[SLPS]	0	105.071	-168.808	0	59.437	0	0	0	0	
1	[SLPS]	0	105.071	-168.808	0	59.437	0	0	0	0	
1	[SLPS]	0	105.236	-168.710	0	59.425	0	0	0	0	
1	[SLPS]	0	105.392	-168.606	0	59.394	0	0	0	0	
1	[SLPS]	0	105.392	-168.606	0	59.394	0	0	0	0	
1	[SLPS]	0	105.715	-168.424	0	59.373	0	0	0	0	
1	[SLPS]	0	105.715	-168.424	0	59.373	0	0	0	0	
1	[SLPS]	0	105.882	-168.333	0	59.362	0	0	0	0	
1	[SLPS]	0	106.048	-168.246	0	59.353	0	0	0	0	
1	[SLPS]	0	106.048	-168.246	0	59.353	0	0	0	0	
1	[SLPS]	0	106.365	-168.053	0	59.289	0	0	0	0	
1	[SLPS]	0	106.365	-168.053	0	59.289	0	0	0	0	
1	[SLPS]	0	106.523	-167.955	0	59.255	0	0	0	0	
1	[SLPS]	0	106.691	-167.853	0	59.227	0	0	0	0	
1	[SLPS]	0	106.691	-167.853	0	59.227	0	0	0	0	
1	[SLPS]	0	107.018	-167.666	0	59.216	0	0	0	0	
1	[SLPS]	0	107.018	-167.666	0	59.216	0	0	0	0	
1	[SLPS]	0	107.178	-167.568	0	59.208	0	0	0	0	
1	[SLPS]	0	107.337	-167.465	0	59.192	0	0	0	0	
1	[SLPS]	0	107.500	-167.367	0	59.200	0	0	0	0	
1	[SLPS]	0	107.662	-167.269	0	59.186	0	0	0	0	
1	[SLPS]	0	107.662	-167.269	0	59.186	0	0	0	0	
1	[SLPS]	0	107.987	-167.071	0	59.158	0	0	0	0	
1	[SLPS]	0	107.987	-167.071	0	59.158	0	0	0	0	
1	[SLPS]	0	107.987	-167.071	0	59.158	0	0	0	0	
1	[SLPS]	0	108.313	-166.878	0	59.145	0	0	0	0	
1	[SLPS]	0	108.313	-166.878	0	59.145	0	0	0	0	
1	[SLPS]	0	108.471	-166.786	0	59.139	0	0	0	0	
1	[SLPS]	0	108.641	-166.688	0	59.122	0	0	0	0	
1	[SLPS]	0	108.641	-166.688	0	59.122	0	0	0	0	
1	[SLPS]	0	108.962	-166.497	0	59.089	0	0	0	0	
1	[SLPS]	0	108.962	-166.497	0	59.089	0	0	0	0	
1	[SLPS]	0	109.125	-166.399	0	59.079	0	0	0	0	
1	[SLPS]	0	109.292	-166.299	0	59.072	0	0	0	0	
1	[SLPS]	0	109.292	-166.299	0	59.072	0	0	0	0	
1	[SLPS]	0	109.618	-166.103	0	59.040	0	0	0	0	
1	[SLPS]	0	109.618	-166.103	0	59.040	0	0	0	0	
1	[SLPS]	0	109.785	-166.013	0	59.040	0	0	0	0	
1	[SLPS]	0	109.942	-165.919	0	59.022	0	0	0	0	
1	[SLPS]	0	109.942	-165.919	0	59.022	0	0	0	0	
1	[SLPS]	0	110.272	-165.719	0	58.978	0	0	0	0	
1	[SLPS]	0	110.272	-165.719	0	58.978	0	0	0	0	
1	[SLPS]	0	110.435	-165.622	0	58.961	0	0	0	0	
1	[SLPS]	0	110.599	-165.517	0	58.943	0	0	0	0	
1	[SLPS]	0	110.599	-165.517	0	58.943	0	0	0	0	
1	[SLPS]	0	110.914	-165.325	0	58.895	0	0	0	0	
1	[SLPS]	0	110.914	-165.325	0	58.895	0	0	0	0	
1	[SLPS]	0	111.077	-165.231	0	58.871	0	0	0	0	
1	[SLPS]	0	111.238	-165.135	0	58.844	0	0	0	0	
1	[SLPS]	0	111.400	-165.036	0	58.813	0	0	0	0	
1	[SLPS]	0	111.553	-164.933	0	58.773	0	0	0	0	
1	[SLPS]	0	111.553	-164.933	0	58.773	0	0	0	0	
1	[SLPS]	0	111.877	-164.728	0	58.704	0	0	0	0	
1	[SLPS]	0	111.877	-164.728	0	58.704	0	0	0	0	
1	[SLPS]	0	112.036	-164.631	0	58.680	0	0	0	0	
1	[SLPS]	0	112.197	-164.538	0	58.661	0	0	0	0	
1	[SLPS]	0	112.197	-164.538	0	58.661	0	0	0	0	
1	[SLPS]	0	112.520	-164.341	0	58.614	0	0	0	0	
1	[SLPS]	0	112.520	-164.341	0	58.614	0	0	0	0	
1	[SLPS]	0	112.683	-164.247	0	58.592	0	0	0	0	
1	[SLPS]	0	112.844	-164.150	0	58.570	0	0	0	0	
1	[SLPS]	0	112.844	-164.150	0	58.570	0	0	0	0	
1	[SLPS]	0	113.164	-163.948	0	58.520	0	0	0	0	
1	[SLPS]	0	113.164	-163.948	0	58.520	0	0	0	0	
1	[SLPS]	0	113.328	-163.850	0	58.507	0	0	0	0	
1	[SLPS]	0	113.489	-163.751	0	58.501	0	0	0	0	
1	[SLPS]	0	113.489	-163.751	0	58.501	0	0	0	0	
1	[SLPS]	0	113.816	-163.548	0	58.473	0	0	0	0	
1	[SLPS]	0	113.816	-163.548	0	58.473	0	0	0	0	
1	[SLPS]	0	113.983	-163.442	0	58.456	0	0	0	0	
1	[SLPS]	0	114.142	-163.352	0	58.450	0	0	0	0	
1	[SLPS]	0	114.142	-163.352	0	58.450	0	0	0	0	
1	[SLPS]	0	114.471	-163.151	0	58.431	0	0	0	0	
1	[SLPS]	0	114.471	-163.151	0	58.431	0	0	0	0	
1	[SLPS]	0	114.634	-163.051	0	58.429	0	0	0	0	
1	[SLPS]	0	114.791	-162.953	0	58.425	0	0	0	0	
1	[SLPS]	0	114.791	-162.953	0	58.425	0	0	0	0	
1	[SLPS]	0	115.117	-162.751	0	58.424	0	0	0	0	
1	[SLPS]	0	115.117	-162.751	0	58.424	0	0	0	0	
1	[SLPS]	0	115.278	-162.651	0	58.427	0	0	0	0	
1	[SLPS]	0	115.436	-162.547	0	58.426	0	0	0	0	
1	[SLPS]	0	115.436	-162.547	0	58.426	0	0	0	0	
1	[SLPS]	0	115.763	-162.347	0	58.440	0	0	0	0	
1	[SLPS]	0	115.763	-162.347	0	58.440	0	0	0	0	
1	[SLPS]	0	115.927	-162.249	0	58.452	0	0	0	0	
1	[SLPS]	0	116.087	-162.154	0	58.464	0	0	0	0	
1	[SLPS]	0	116.087	-162.154	0	58.464	0	0	0	0	
1	[SLPS]	0	116.405	-161.943	0	58.455	0	0	0	0	
1	[SLPS]	0	116.405	-161.943	0	58.455	0	0	0	0	
1	[SLPS]	0	116.571	-161.843	0	58.456	0	0	0	0	
1	[SLPS]	0	116.730	-161.741	0	58.447	0	0	0	0	
1	[SLPS]	0	116.895	-161.635	0	58.435	0	0	0	0	
1	[SLPS]	0	117.059	-161.537	0	58.429	0	0	0	0	
1	[SLPS]	0	117.059	-161.537	0	58.429	0	0	0	0	
1	[SLPS]	0	117.382	-161.339	0	58.418	0	0	0	0	
1	[SLPS]	0	117.382	-161.339	0	58.418	0	0	0	0	
1	[SLPS]	0	117.549	-161.234	0	58.405	0	0	0	0	
1	[SLPS]	0	117.715	-161.134	0	58.398	0	0	0	0	
1	[SLPS]	0	117.715	-161.134	0	58.398	0	0	0	0	
1	[SLPS]	0	118.038	-160.932	0	58.377	0	0	0	0	
1	[SLPS]	0	118.038	-160.932	0	58.377	0	0	0	0	
1	[SLPS]	0	118.207	-160.830	0	58.378	0	0	0	0	
1	[SLPS]	0	118.373	-160.728	0	58.373	0	0	0	0	
1	[SLPS]	0	118.373	-160.728	0	58.373	0	0	0	0	
1	[SLPS]	0	118.700	-160.521	0	58.353	0	0	0	0	
1	[SLPS]	0	118.700	-160.521	0	58.353	0	0	0	0	
1	[SLPS]	0	118.871	-160.423	0	58.352	0	0	0	0	
1	[SLPS]	0	119.033	-160.321	0	58.343	0	0	0	0	
1	[SLPS]	0	119.033	-160.321	0	58.343	0	0	0	0	
1	[SLPS]	0	119.358	-160.114	0	58.328	0	0	0	0	
1	[SLPS]	0	119.358	-160.114	0	58.328	0	0	0	0	
1	[SLPS]	0	119.522	-160.011	0	58.330	0	0	0	0	
1	[SLPS]	0	119.680	-159.909	0	58.334	0	0	0	0	
1	[SLPS]	0	119.680	-159.909	0	58.334	0	0	0	0	
1	[SLPS]	0	120.008	-159.706	0	58.348	0	0	0	0	
1	[SLPS]	0	120.008	-159.706	0	58.348	0	0	0	0	
1	[SLPS]	0	120.176	-159.608	0	58.355	0	0	0	0	
1	[SLPS]	0	120.345	-159.507	0	58.360	0	0	0	0	
1	[SLPS]	0	120.345	-159.507	0	58.360	0	0	0	0	
1	[SLPS]	0	120.675	-159.294	0	58.342	0	0	0	0	
1	[SLPS]	0	120.675	-159.294	0	58.342	0	0	0	0	
1	[SLPS]	0	120.843	-159.197	0	58.349	0	0	0	0	
1	[SLPS]	0	121.002	-159.090	0	58.340	0	0	0	0	
1	[SLPS]	0	121.002	-159.090	0	58.340	0	0	0	0	
1	[SLPS]	0	121.338	-158.887	0	58.357	0	0	0	0	
1	[SLPS]	0	121.338	-158.887	0	58.357	0	0	0	0	
1	[SLPS]	0	121.502	-158.790	0	58.367	0	0	0	0	
1	[SLPS]	0	121.669	-158.680	0	58.372	0	0	0	0	
1	[SLPS]	0	121.669	-158.680	0	58.372	0	0	0	0	
1	[SLPS]	0	122.006	-158.481	0	58.392	0	0	0	0	
1	[SLPS]	0	122.006	-158.481	0	58.392	0	0	0	0	
1	[SLPS]	0	122.167	-158.381	0	58.395	0	0	0	0	
1	[SLPS]	0	122.330	-158.274	0	58.388	0	0	0	0	
1	[SLPS]	0	122.330	-158.274	0	58.388	0	0	0	0	
1	[SLPS]	0	122.677	-158.082	0	58.428	0	0	0	0	
1	[SLPS]	0	122.677	-158.082	0	58.428	0	0	0	0	
1	[SLPS]	0	122.848	-157.985	0	58.430	0	0	0	0	
1	[SLPS]	0	123.016	-157.880	0	58.421	0	0	0	0	
1	[SLPS]	0	123.016	-157.880	0	58.421	0	0	0	0	
1	[SLPS]	0	123.353	-157.680	0	58.429	0	0	0	0	
1	[SLPS]	0	123.353	-157.680	0	58.429	0	0	0	0	
1	[SLPS]	0	123.523	-157.577	0	58.432	0	0	0	0	
1	[SLPS]	0	123.693	-157.477	0	58.446	0	0	0	0	
1	[SLPS]	0	123.693	-157.477	0	58.446	0	0	0	0	
1	[SLPS]	0	124.030	-157.266	0	58.475	0	0	0	0	
1	[SLPS]	0	124.030	-157.266	0	58.475	0	0	0	0	
1	[SLPS]	0	124.189	-157.159	0	58.488	0	0	0	0	
1	[SLPS]	0	124.357	-157.055	0	58.516	0	0	0	0	
1	[SLPS]	0	124.357	-157.055	0	58.516	0	0	0	0	
1	[SLPS]	0	124.684	-156.849	0	58.541	0	0	0	0	
1	[SLPS]	0	124.684	-156.849	0	58.541	0	0	0	0	
1	[SLPS]	0	124.846	-156.743	0	58.550	0	0	0	0	
1	[SLPS]	0	125.023	-156.641	0	58.580	0	0	0	0	
1	[SLPS]	0	125.023	-156.641	0	58.580	0	0	0	0	
1	[SLPS]	0	125.358	-156.435	0	58.629	0	0	0	0	
1	[SLPS]	0	125.358	-156.435	0	58.629	0	0	0	0	
1	[SLPS]	0	125.523	-156.332	0	58.651	0	0	0	0	
1	[SLPS]	0	125.692	-156.232	0	58.668	0	0	0	0	
1	[SLPS]	0	125.692	-156.232	0	58.668	0	0	0	0	
1	[SLPS]	0	126.019	-156.024	0	58.685	0	0	0	0	
1	[SLPS]	0	126.019	-156.024	0	58.685	0	0	0	0	
1	[SLPS]	0	126.188	-155.921	0	58.705	0	0	0	0	
1	[SLPS]	0	126.359	-155.818	0	58.732	0	0	0	0	
1	[SLPS]	0	126.524	-155.714	0	58.749	0	0	0	0	
1	[SLPS]	0	126.691	-155.611	0	58.761	0	0	0	0	
1	[SLPS]	0	126.691	-155.611	0	58.761	0	0	0	0	
1	[SLPS]	0	127.036	-155.408	0	58.800	0	0	0	0	
1	[SLPS]	0	127.036	-155.408	0	58.800	0	0	0	0	
1	[SLPS]	0	127.205	-155.303	0	58.814	0	0	0	0	
1	[SLPS]	0	127.374	-155.198	0	58.834	0	0	0	0	
1	[SLPS]	0	127.374	-155.198	0	58.834	0	0	0	0	
1	[SLPS]	0	127.716	-154.990	0	58.886	0	0	0	0	
1	[SLPS]	0	127.716	-154.990	0	58.886	0	0	0	0	
1	[SLPS]	0	127.886	-154.886	0	58.908	0	0	0	0	
1	[SLPS]	0	128.058	-154.788	0	58.941	0	0	0	0	
1	[SLPS]	0	128.058	-154.788	0	58.941	0	0	0	0	
1	[SLPS]	0	128.401	-154.582	0	58.984	0	0	0	0	
1	[SLPS]	0	128.401	-154.582	0	58.984	0	0	0	0	
1	[SLPS]	0	128.570	-154.483	0	59.008	0	0	0	0	
1	[SLPS]	0	128.739	-154.385	0	59.036	0	0	0	0	
1	[SLPS]	0	128.739	-154.385	0	59.036	0	0	0	0	
1	[SLPS]	0	129.078	-154.180	0	59.093	0	0	0	0	
1	[SLPS]	0	129.078	-154.180	0	59.093	0	0	0	0	
1	[SLPS]	0	129.256	-154.074	0	59.127	0	0	0	0	
1	[SLPS]	0	129.424	-153.977	0	59.162	0	0	0	0	
1	[SLPS]	0	129.424	-153.977	0	59.162	0	0	0	0	
1	[SLPS]	0	129.775	-153.770	0	59.226	0	0	0	0	
1	[SLPS]	0	129.775	-153.770	0	59.226	0	0	0	0	
1	[SLPS]	0	129.947	-153.666	0	59.251	0	0	0	0	
1	[SLPS]	0	130.118	-153.564	0	59.284	0	0	0	0	
1	[SLPS]	0	130.118	-153.564	0	59.284	0	0	0	0	
1	[SLPS]	0	130.472	-153.356	0	59.348	0	0	0	0	
1	[SLPS]	0	130.472	-153.356	0	59.348	0	0	0	0	
1	[SLPS]	0	130.647	-153.257	0	59.387	0	0	0	0	
1	[SLPS]	0	130.822	-153.161	0	59.430	0	0	0	0	
1	[SLPS]	0	130.822	-153.161	0	59.430	0	0	0	0	
1	[SLPS]	0	131.164	-152.948	0	59.470	0	0	0	0	
1	[SLPS]	0	131.164	-152.948	0	59.470	0	0	0	0	
1	[SLPS]	0	131.335	-152.843	0	59.491	0	0	0	0	
1	[SLPS]	0	131.502	-152.742	0	59.515	0	0	0	0	
1	[SLPS]	0	131.502	-152.742	0	59.515	0	0	0	0	
1	[SLPS]	0	131.853	-152.528	0	59.546	0	0	0	0	
1	[SLPS]	0	131.853	-152.528	0	59.546	0	0	0	0	
1	[SLPS]	0	132.027	-152.421	0	59.557	0	0	0	0	
1	[SLPS]	0	132.199	-152.322	0	59.569	0	0	0	0	
1	[SLPS]	0	132.199	-152.322	0	59.569	0	0	0	0	
1	[SLPS]	0	132.550	-152.114	0	59.601	0	0	0	0	
1	[SLPS]	0	132.550	-152.114	0	59.601	0	0	0	0	
1	[SLPS]	0	132.713	-152.010	0	59.603	0	0	0	0	
1	[SLPS]	0	132.893	-151.911	0	59.632	0	0	0	0	
1	[SLPS]	0	133.066	-151.802	0	59.638	0	0	0	0	
1	[SLPS]	0	133.241	-151.697	0	59.651	0	0	0	0	
1	[SLPS]	0	133.241	-151.697	0	59.651	0	0	0	0	
1	[SLPS]	0	133.597	-151.505	0	59.688	0	0	0	0	
1	[SLPS]	0	133.597	-151.505	0	59.688	0	0	0	0	
1	[SLPS]	0	133.768	-151.396	0	59.680	0	0	0	0	
1	[SLPS]	0	133.948	-151.285	0	59.666	0	0	0	0	
1	[SLPS]	0	133.948	-151.285	0	59.666	0	0	0	0	
1	[SLPS]	0	134.306	-151.087	0	59.673	0	0	0	0	
1	[SLPS]	0	134.306	-151.087	0	59.673	0	0	0	0	
1	[SLPS]	0	134.488	-150.985	0	59.682	0	0	0	0	
1	[SLPS]	0	134.657	-150.871	0	59.668	0	0	0	0	
1	[SLPS]	0	134.657	-150.871	0	59.668	0	0	0	0	
1	[SLPS]	0	135.012	-150.676	0	59.687	0	0	0	0	
1	[SLPS]	0	135.012	-150.676	0	59.687	0	0	0	0	
1	[SLPS]	0	135.190	-150.575	0	59.683	0	0	0	0	
1	[SLPS]	0	135.369	-150.473	0	59.682	0	0	0	0	
1	[SLPS]	0	135.369	-150.473	0	59.682	0	0	0	0	
1	[SLPS]	0	135.536	-150.363	0	59.664	0	0	0	0	
1	[SLPS]	0	135.709	-150.263	0	59.671	0	0	0	0	
1	[SLPS]	0	135.884	-150.155	0	59.671	0	0	0	0	
1	[SLPS]	0	136.058	-150.045	0	59.669	0	0	0	0	
1	[SLPS]	0	136.058	-150.045	0	59.669	0	0	0	0	
1	[SLPS]	0	136.233	-149.939	0	59.674	0	0	0	0	
1	[SLPS]	0	136.426	-149.840	0	59.687	0	0	0	0	
1	[SLPS]	0	136.426	-149.840	0	59.687	0	0	0	0	
1	[SLPS]	0	136.783	-149.631	0	59.680	0	0	0	0	
1	[SLPS]	0	136.783	-149.631	0	59.680	0	0	0	0	
1	[SLPS]	0	137.137	-149.422	0	59.691	0	0	0	0	
1	[SLPS]	0	137.137	-149.422	0	59.691	0	0	0	0	
1	[SLPS]	0	137.318	-149.314	0	59.695	0	0	0	0	
1	[SLPS]	0	137.498	-149.212	0	59.696	0	0	0	0	
1	[SLPS]	0	137.498	-149.212	0	59.696	0	0	0	0	
1	[SLPS]	0	137.850	-149.012	0	59.701	0	0	0	0	
1	[SLPS]	0	137.850	-149.012	0	59.701	0	0	0	0	
1	[SLPS]	0	137.850	-149.012	0	59.701	0	0	0	0	
1	[SLPS]	0	138.200	-148.795	0	59.672	0	0	0	0	
1	[SLPS]	0	138.200	-148.795	0	59.672	0	0	0	0	
1	[SLPS]	0	138.378	-148.696	0	59.683	0	0	0	0	
1	[SLPS]	0	138.556	-148.596	0	59.691	0	0	0	0	
1	[SLPS]	0	138.732	-148.483	0	59.667	0	0	0	0	
1	[SLPS]	0	138.909	-148.371	0	59.650	0	0	0	0	
1	[SLPS]	0	138.909	-148.371	0	59.650	0	0	0	0	
1	[SLPS]	0	139.258	-148.152	0	59.667	0	0	0	0	
1	[SLPS]	0	139.258	-148.152	0	59.667	0	0	0	0	
1	[SLPS]	0	139.430	-148.042	0	59.665	0	0	0	0	
1	[SLPS]	0	139.616	-147.940	0	59.673	0	0	0	0	
1	[SLPS]	0	139.616	-147.940	0	59.673	0	0	0	0	
1	[SLPS]	0	139.970	-147.704	0	59.629	0	0	0	0	
1	[SLPS]	0	139.970	-147.704	0	59.629	0	0	0	0	
1	[SLPS]	0	140.153	-147.595	0	59.628	0	0	0	0	
1	[SLPS]	0	140.326	-147.485	0	59.620	0	0	0	0	
1	[SLPS]	0	140.326	-147.485	0	59.620	0	0	0	0	
1	[SLPS]	0	140.682	-147.269	0	59.625	0	0	0	0	
1	[SLPS]	0	140.682	-147.269	0	59.625	0	0	0	0	
1	[SLPS]	0	140.862	-147.167	0	59.619	0	0	0	0	
1	[SLPS]	0	141.043	-147.071	0	59.622	0	0	0	0	
1	[SLPS]	0	141.043	-147.071	0	59.622	0	0	0	0	
1	[SLPS]	0	141.397	-146.866	0	59.606	0	0	0	0	
1	[SLPS]	0	141.397	-146.866	0	59.606	0	0	0	0	
1	[SLPS]	0	141.580	-146.766	0	59.602	0	0	0	0	
1	[SLPS]	0	141.753	-146.656	0	59.584	0	0	0	0	
1	[SLPS]	0	141.753	-146.656	0	59.584	0	0	0	0	
1	[SLPS]	0	142.111	-146.459	0	59.580	0	0	0	0	
1	[SLPS]	0	142.111	-146.459	0	59.580	0	0	0	0	
1	[SLPS]	0	142.281	-146.352	0	59.559	0	0	0	0	
1	[SLPS]	0	142.468	-146.244	0	59.555	0	0	0	0	
1	[SLPS]	0	142.468	-146.244	0	59.555	0	0	0	0	
1	[SLPS]	0	142.819	-146.046	0	59.561	0	0	0	0	
1	[SLPS]	0	142.819	-146.046	0	59.561	0	0	0	0	
1	[SLPS]	0	142.995	-145.938	0	59.549	0	0	0	0	
1	[SLPS]	0	143.172	-145.831	0	59.532	0	0	0	0	
1	[SLPS]	0	143.353	-145.731	0	59.527	0	0	0	0	
1	[SLPS]	0	143.523	-145.626	0	59.511	0	0	0	0	
1	[SLPS]	0	143.523	-145.626	0	59.511	0	0	0	0	
1	[SLPS]	0	143.885	-145.414	0	59.522	0	0	0	0	
1	[SLPS]	0	143.885	-145.414	0	59.522	0	0	0	0	
1	[SLPS]	0	144.059	-145.296	0	59.509	0	0	0	0	
1	[SLPS]	0	144.234	-145.190	0	59.540	0	0	0	0	
1	[SLPS]	0	144.234	-145.190	0	59.540	0	0	0	0	
1	[SLPS]	0	144.591	-144.972	0	59.550	0	0	0	0	
1	[SLPS]	0	144.591	-144.972	0	59.550	0	0	0	0	
1	[SLPS]	0	144.771	-144.867	0	59.559	0	0	0	0	
1	[SLPS]	0	144.951	-144.764	0	59.558	0	0	0	0	
1	[SLPS]	0	144.951	-144.764	0	59.558	0	0	0	0	
1	[SLPS]	0	145.308	-144.550	0	59.551	0	0	0	0	
1	[SLPS]	0	145.308	-144.550	0	59.551	0	0	0	0	
1	[SLPS]	0	145.487	-144.452	0	59.556	0	0	0	0	
1	[SLPS]	0	145.664	-144.353	0	59.558	0	0	0	0	
1	[SLPS]	0	145.664	-144.353	0	59.558	0	0	0	0	
1	[SLPS]	0	146.022	-144.152	0	59.571	0	0	0	0	
1	[SLPS]	0	146.022	-144.152	0	59.571	0	0	0	0	
1	[SLPS]	0	146.200	-144.046	0	59.561	0	0	0	0	
1	[SLPS]	0	146.377	-143.943	0	59.553	0	0	0	0	
1	[SLPS]	0	146.377	-143.943	0	59.553	0	0	0	0	
1	[SLPS]	0	146.743	-143.738	0	59.569	0	0	0	0	
1	[SLPS]	0	146.743	-143.738	0	59.569	0	0	0	0	
1	[SLPS]	0	146.918	-143.624	0	59.559	0	0	0	0	
1	[SLPS]	0	147.095	-143.532	0	59.579	0	0	0	0	
1	[SLPS]	0	147.095	-143.532	0	59.579	0	0	0	0	
1	[SLPS]	0	147.452	-143.320	0	59.582	0	0	0	0	
1	[SLPS]	0	147.452	-143.320	0	59.582	0	0	0	0	
1	[SLPS]	0	147.628	-143.212	0	59.576	0	0	0	0	
1	[SLPS]	0	147.802	-143.105	0	59.570	0	0	0	0	
1	[SLPS]	0	147.802	-143.105	0	59.570	0	0	0	0	
1	[SLPS]	0	147.980	-142.995	0	59.573	0	0	0	0	
1	[SLPS]	0	148.161	-142.893	0	59.593	0	0	0	0	
1	[SLPS]	0	148.339	-142.785	0	59.612	0	0	0	0	
1	[SLPS]	0	148.514	-142.682	0	59.635	0	0	0	0	
1	[SLPS]	0	148.514	-142.682	0	59.635	0	0	0	0	
1	[SLPS]	0	148.872	-142.482	0	59.678	0	0	0	0	
1	[SLPS]	0	148.872	-142.482	0	59.678	0	0	0	0	
1	[SLPS]	0	149.051	-142.372	0	59.688	0	0	0	0	
1	[SLPS]	0	149.229	-142.267	0	59.708	0	0	0	0	
1	[SLPS]	0	149.229	-142.267	0	59.708	0	0	0	0	
1	[SLPS]	0	149.589	-142.069	0	59.745	0	0	0	0	
1	[SLPS]	0	149.589	-142.069	0	59.745	0	0	0	0	
1	[SLPS]	0	149.764	-141.966	0	59.750	0	0	0	0	
1	[SLPS]	0	149.943	-141.863	0	59.749	0	0	0	0	
1	[SLPS]	0	149.943	-141.863	0	59.749	0	0	0	0	
1	[SLPS]	0	150.294	-141.649	0	59.739	0	0	0	0	
1	[SLPS]	0	150.294	-141.649	0	59.739	0	0	0	0	
1	[SLPS]	0	150.471	-141.543	0	59.739	0	0	0	0	
1	[SLPS]	0	150.649	-141.434	0	59.737	0	0	0	0	
1	[SLPS]	0	150.649	-141.434	0	59.737	0	0	0	0	
1	[SLPS]	0	151.004	-141.217	0	59.724	0	0	0	0	
1	[SLPS]	0	151.004	-141.217	0	59.724	0	0	0	0	
1	[SLPS]	0	151.182	-141.111	0	59.718	0	0	0	0	
1	[SLPS]	0	151.356	-141.008	0	59.716	0	0	0	0	
1	[SLPS]	0	151.356	-141.008	0	59.716	0	0	0	0	
1	[SLPS]	0	151.711	-140.802	0	59.725	0	0	0	0	
1	[SLPS]	0	151.711	-140.802	0	59.725	0	0	0	0	
1	[SLPS]	0	151.889	-140.695	0	59.724	0	0	0	0	
1	[SLPS]	0	152.064	-140.596	0	59.729	0	0	0	0	
1	[SLPS]	0	152.064	-140.596	0	59.729	0	0	0	0	
1	[SLPS]	0	152.424	-140.390	0	59.729	0	0	0	0	
1	[SLPS]	0	152.424	-140.390	0	59.729	0	0	0	0	
1	[SLPS]	0	152.601	-140.287	0	59.731	0	0	0	0	
1	[SLPS]	0	152.779	-140.182	0	59.738	0	0	0	0	
1	[SLPS]	0	152.779	-140.182	0	59.738	0	0	0	0	
1	[SLPS]	0	153.133	-139.978	0	59.756	0	0	0	0	
1	[SLPS]	0	153.133	-139.978	0	59.756	0	0	0	0	
1	[SLPS]	0	153.309	-139.875	0	59.758	0	0	0	0	
1	[SLPS]	0	153.486	-139.774	0	59.767	0	0	0	0	
1	[SLPS]	0	153.486	-139.774	0	59.767	0	0	0	0	
1	[SLPS]	0	153.842	-139.572	0	59.779	0	0	0	0	
1	[SLPS]	0	153.842	-139.572	0	59.779	0	0	0	0	
1	[SLPS]	0	154.023	-139.464	0	59.782	0	0	0	0	
1	[SLPS]	0	154.201	-139.362	0	59.784	0	0	0	0	
1	[SLPS]	0	154.384	-139.255	0	59.772	0	0	0	0	
1	[SLPS]	0	154.564	-139.152	0	59.778	0	0	0	0	
1	[SLPS]	0	154.564	-139.152	0	59.778	0	0	0	0	
1	[SLPS]	0	154.918	-138.944	0	59.796	0	0	0	0	
1	[SLPS]	0	154.918	-138.944	0	59.796	0	0	0	0	
1	[SLPS]	0	155.095	-138.837	0	59.794	0	0	0	0	
1	[SLPS]	0	155.272	-138.732	0	59.801	0	0	0	0	
1	[SLPS]	0	155.272	-138.732	0	59.801	0	0	0	0	
1	[SLPS]	0	155.623	-138.525	0	59.806	0	0	0	0	
1	[SLPS]	0	155.623	-138.525	0	59.806	0	0	0	0	
1	[SLPS]	0	155.803	-138.420	0	59.808	0	0	0	0	
1	[SLPS]	0	155.975	-138.313	0	59.806	0	0	0	0	
1	[SLPS]	0	155.975	-138.313	0	59.806	0	0	0	0	
1	[SLPS]	0	156.335	-138.111	0	59.821	0	0	0	0	
1	[SLPS]	0	156.335	-138.111	0	59.821	0	0	0	0	
1	[SLPS]	0	156.510	-138.007	0	59.822	0	0	0	0	
1	[SLPS]	0	156.688	-137.902	0	59.826	0	0	0	0	
1	[SLPS]	0	156.688	-137.902	0	59.826	0	0	0	0	
1	[SLPS]	0	157.046	-137.696	0	59.842	0	0	0	0	
1	[SLPS]	0	157.046	-137.696	0	59.842	0	0	0	0	
1	[SLPS]	0	157.225	-137.594	0	59.847	0	0	0	0	
1	[SLPS]	0	157.404	-137.489	0	59.850	0	0	0	0	
1	[SLPS]	0	157.404	-137.489	0	59.850	0	0	0	0	
1	[SLPS]	0	157.752	-137.288	0	59.853	0	0	0	0	
1	[SLPS]	0	157.752	-137.288	0	59.853	0	0	0	0	
1	[SLPS]	0	158.113	-137.076	0	59.847	0	0	0	0	
1	[SLPS]	0	158.113	-137.076	0	59.847	0	0	0	0	
1	[SLPS]	0	158.290	-136.976	0	59.855	0	0	0	0	
1	[SLPS]	0	158.471	-136.874	0	59.863	0	0	0	0	
1	[SLPS]	0	158.471	-136.874	0	59.863	0	0	0	0	
1	[SLPS]	0	158.835	-136.663	0	59.880	0	0	0	0	
1	[SLPS]	0	158.835	-136.663	0	59.880	0	0	0	0	
1	[SLPS]	0	159.015	-136.556	0	59.878	0	0	0	0	
1	[SLPS]	0	159.197	-136.454	0	59.890	0	0	0	0	
1	[SLPS]	0	159.197	-136.454	0	59.890	0	0	0	0	
1	[SLPS]	0	159.562	-136.245	0	59.902	0	0	0	0	
1	[SLPS]	0	159.562	-136.245	0	59.902	0	0	0	0	
1	[SLPS]	0	159.740	-136.131	0	59.896	0	0	0	0	
1	[SLPS]	0	159.922	-136.032	0	59.907	0	0	0	0	
1	[SLPS]	0	159.922	-136.032	0	59.907	0	0	0	0	
1	[SLPS]	0	160.293	-135.812	0	59.913	0	0	0	0	
1	[SLPS]	0	160.293	-135.812	0	59.913	0	0	0	0	
1	[SLPS]	0	160.476	-135.708	0	59.922	0	0	0	0	
1	[SLPS]	0	160.661	-135.603	0	59.931	0	0	0	0	
1	[SLPS]	0	160.661	-135.603	0	59.931	0	0	0	0	
1	[SLPS]	0	161.029	-135.385	0	59.947	0	0	0	0	
1	[SLPS]	0	161.029	-135.385	0	59.947	0	0	0	0	
1	[SLPS]	0	161.218	-135.273	0	59.947	0	0	0	0	
1	[SLPS]	0	161.403	-135.164	0	59.950	0	0	0	0	
1	[SLPS]	0	161.585	-135.054	0	59.948	0	0	0	0	
1	[SLPS]	0	161.772	-134.953	0	59.955	0	0	0	0	
1	[SLPS]	0	161.772	-134.953	0	59.955	0	0	0	0	
1	[SLPS]	0	161.953	-134.825	0	59.935	0	0	0	0	
1	[SLPS]	0	162.138	-134.713	0	59.944	0	0	0	0	
1	[SLPS]	0	162.318	-134.600	0	59.944	0	0	0	0	
1	[SLPS]	0	162.505	-134.489	0	59.951	0	0	0	0	
1	[SLPS]	0	162.505	-134.489	0	59.951	0	0	0	0	
1	[SLPS]	0	162.882	-134.269	0	59.964	0	0	0	0	
1	[SLPS]	0	162.882	-134.269	0	59.964	0	0	0	0	
1	[SLPS]	0	163.261	-134.044	0	59.970	0	0	0	0	
1	[SLPS]	0	163.261	-134.044	0	59.970	0	0	0	0	
1	[SLPS]	0	163.647	-133.827	0	59.971	0	0	0	0	
1	[SLPS]	0	163.647	-133.827	0	59.971	0	0	0	0	
1	[SLPS]	0	163.839	-133.718	0	59.975	0	0	0	0	
1	[SLPS]	0	164.032	-133.609	0	59.984	0	0	0	0	
1	[SLPS]	0	164.032	-133.609	0	59.984	0	0	0	0	
1	[SLPS]	0	164.422	-133.394	0	59.996	0	0	0	0	
1	[SLPS]	0	164.422	-133.394	0	59.996	0	0	0	0	
1	[SLPS]	0	164.619	-133.277	0	59.986	0	0	0	0	
1	[SLPS]	0	164.810	-133.164	0	59.971	0	0	0	0	
1	[SLPS]	0	164.810	-133.164	0	59.971	0	0	0	0	
1	[SLPS]	0	165.206	-132.946	0	59.975	0	0	0	0	
1	[SLPS]	0	165.206	-132.946	0	59.975	0	0	0	0	
1	[SLPS]	0	165.600	-132.713	0	59.953	0	0	0	0	
1	[SLPS]	0	165.600	-132.713	0	59.953	0	0	0	0	
1	[SLPS]	0	165.798	-132.597	0	59.942	0	0	0	0	
1	[SLPS]	0	165.997	-132.480	0	59.938	0	0	0	0	
1	[SLPS]	0	165.997	-132.480	0	59.938	0	0	0	0	
1	[SLPS]	0	166.393	-132.250	0	59.932	0	0	0	0	
1	[SLPS]	0	166.393	-132.250	0	59.932	0	0	0	0	
1	[SLPS]	0	166.592	-132.134	0	59.924	0	0	0	0	
1	[SLPS]	0	166.790	-132.018	0	59.916	0	0	0	0	
1	[SLPS]	0	166.790	-132.018	0	59.916	0	0	0	0	
1	[SLPS]	0	167.181	-131.781	0	59.888	0	0	0	0	
1	[SLPS]	0	167.181	-131.781	0	59.888	0	0	0	0	
1	[SLPS]	0	167.379	-131.666	0	59.875	0	0	0	0	
1	[SLPS]	0	167.578	-131.550	0	59.869	0	0	0	0	
1	[SLPS]	0	167.578	-131.550	0	59.869	0	0	0	0	
1	[SLPS]	0	167.974	-131.321	0	59.857	0	0	0	0	
1	[SLPS]	0	167.974	-131.321	0	59.857	0	0	0	0	
1	[SLPS]	0	168.174	-131.205	0	59.848	0	0	0	0	
1	[SLPS]	0	168.370	-131.087	0	59.828	0	0	0	0	
1	[SLPS]	0	168.569	-130.973	0	59.819	0	0	0	0	
1	[SLPS]	0	168.766	-130.862	0	59.817	0	0	0	0	
1	[SLPS]	0	168.766	-130.862	0	59.817	0	0	0	0	
1	[SLPS]	0	168.969	-130.742	0	59.805	0	0	0	0	
1	[SLPS]	0	169.165	-130.636	0	59.799	0	0	0	0	
1	[SLPS]	0	169.360	-130.514	0	59.776	0	0	0	0	
1	[SLPS]	0	169.555	-130.398	0	59.767	0	0	0	0	
1	[SLPS]	0	169.555	-130.398	0	59.767	0	0	0	0	
1	[SLPS]	0	169.752	-130.280	0	59.751	0	0	0	0	
1	[SLPS]	0	169.946	-130.168	0	59.746	0	0	0	0	
1	[SLPS]	0	170.144	-130.050	0	59.740	0	0	0	0	
1	[SLPS]	0	170.337	-129.934	0	59.728	0	0	0	0	
1	[SLPS]	0	170.337	-129.934	0	59.728	0	0	0	0	
1	[SLPS]	0	170.731	-129.703	0	59.708	0	0	0	0	
1	[SLPS]	0	170.731	-129.703	0	59.708	0	0	0	0	
1	[SLPS]	0	170.923	-129.591	0	59.694	0	0	0	0	
1	[SLPS]	0	171.118	-129.474	0	59.675	0	0	0	0	
1	[SLPS]	0	171.118	-129.474	0	59.675	0	0	0	0	
1	[SLPS]	0	171.512	-129.242	0	59.651	0	0	0	0	
1	[SLPS]	0	171.512	-129.242	0	59.651	0	0	0	0	
1	[SLPS]	0	171.708	-129.127	0	59.653	0	0	0	0	
1	[SLPS]	0	171.903	-129.006	0	59.646	0	0	0	0	
1	[SLPS]	0	171.903	-129.006	0	59.646	0	0	0	0	
1	[SLPS]	0	172.293	-128.785	0	59.671	0	0	0	0	
1	[SLPS]	0	172.293	-128.785	0	59.671	0	0	0	0	
1	[SLPS]	0	172.486	-128.659	0	59.663	0	0	0	0	
1	[SLPS]	0	172.685	-128.548	0	59.675	0	0	0	0	
1	[SLPS]	0	172.685	-128.548	0	59.675	0	0	0	0	
1	[SLPS]	0	173.079	-128.323	0	59.679	0	0	0	0	
1	[SLPS]	0	173.079	-128.323	0	59.679	0	0	0	0	
1	[SLPS]	0	173.269	-128.203	0	59.672	0	0	0	0	
1	[SLPS]	0	173.467	-128.091	0	59.685	0	0	0	0	
1	[SLPS]	0	173.467	-128.091	0	59.685	0	0	0	0	
1	[SLPS]	0	173.861	-127.869	0	59.709	0	0	0	0	
1	[SLPS]	0	173.861	-127.869	0	59.709	0	0	0	0	
1	[SLPS]	0	174.058	-127.754	0	59.714	0	0	0	0	
1	[SLPS]	0	174.257	-127.638	0	59.720	0	0	0	0	
1	[SLPS]	0	174.257	-127.638	0	59.720	0	0	0	0	
1	[SLPS]	0	174.633	-127.416	0	59.725	0	0	0	0	
1	[SLPS]	0	174.633	-127.416	0	59.725	0	0	0	0	
1	[SLPS]	0	174.836	-127.300	0	59.719	0	0	0	0	
1	[SLPS]	0	175.038	-127.184	0	59.712	0	0	0	0	
1	[SLPS]	0	175.038	-127.184	0	59.712	0	0	0	0	
1	[SLPS]	0	175.415	-126.957	0	59.686	0	0	0	0	
1	[SLPS]	0	175.415	-126.957	0	59.686	0	0	0	0	
1	[SLPS]	0	175.611	-126.842	0	59.677	0	0	0	0	
1	[SLPS]	0	175.805	-126.731	0	59.676	0	0	0	0	
1	[SLPS]	0	175.805	-126.731	0	59.676	0	0	0	0	
1	[SLPS]	0	176.189	-126.502	0	59.662	0	0	0	0	
1	[SLPS]	0	176.189	-126.502	0	59.662	0	0	0	0	
1	[SLPS]	0	176.384	-126.387	0	59.659	0	0	0	0	
1	[SLPS]	0	176.581	-126.270	0	59.648	0	0	0	0	
1	[SLPS]	0	176.776	-126.155	0	59.638	0	0	0	0	
1	[SLPS]	0	176.965	-126.036	0	59.622	0	0	0	0	
1	[SLPS]	0	176.965	-126.036	0	59.622	0	0	0	0	
1	[SLPS]	0	177.160	-125.919	0	59.612	0	0	0	0	
1	[SLPS]	0	177.350	-125.803	0	59.605	0	0	0	0	
1	[SLPS]	0	177.548	-125.687	0	59.602	0	0	0	0	
1	[SLPS]	0	177.741	-125.571	0	59.585	0	0	0	0	
1	[SLPS]	0	177.741	-125.571	0	59.585	0	0	0	0	
1	[SLPS]	0	177.929	-125.464	0	59.567	0	0	0	0	
1	[SLPS]	0	178.122	-125.350	0	59.544	0	0	0	0	
1	[SLPS]	0	178.315	-125.239	0	59.523	0	0	0	0	
1	[SLPS]	0	178.507	-125.125	0	59.504	0	0	0	0	
1	[SLPS]	0	178.507	-125.125	0	59.504	0	0	0	0	
1	[SLPS]	0	178.884	-124.895	0	59.459	0	0	0	0	
1	[SLPS]	0	178.884	-124.895	0	59.459	0	0	0	0	
1	[SLPS]	0	179.077	-124.784	0	59.444	0	0	0	0	
1	[SLPS]	0	179.266	-124.668	0	59.413	0	0	0	0	
1	[SLPS]	0	179.266	-124.668	0	59.413	0	0	0	0	
1	[SLPS]	0	179.661	-124.445	0	59.373	0	0	0	0	
1	[SLPS]	0	179.661	-124.445	0	59.373	0	0	0	0	
1	[SLPS]	0	179.845	-124.327	0	59.331	0	0	0	0	
1	[SLPS]	0	180.036	-124.219	0	59.301	0	0	0	0	
1	[SLPS]	0	180.036	-124.219	0	59.301	0	0	0	0	
1	[SLPS]	0	180.419	-123.989	0	59.219	0	0	0	0	
1	[SLPS]	0	180.419	-123.989	0	59.219	0	0	0	0	
1	[SLPS]	0	180.607	-123.873	0	59.176	0	0	0	0	
1	[SLPS]	0	180.794	-123.758	0	59.138	0	0	0	0	
1	[SLPS]	0	180.794	-123.758	0	59.138	0	0	0	0	
1	[SLPS]	0	181.173	-123.521	0	59.062	0	0	0	0	
1	[SLPS]	0	181.173	-123.521	0	59.062	0	0	0	0	
1	[SLPS]	0	181.358	-123.406	0	59.023	0	0	0	0	
1	[SLPS]	0	181.550	-123.286	0	58.987	0	0	0	0	
1	[SLPS]	0	181.550	-123.286	0	58.987	0	0	0	0	
1	[SLPS]	0	181.928	-123.052	0	58.902	0	0	0	0	
1	[SLPS]	0	181.928	-123.052	0	58.902	0	0	0	0	
1	[SLPS]	0	182.122	-122.940	0	58.876	0	0	0	0	
1	[SLPS]	0	182.310	-122.830	0	58.849	0	0	0	0	
1	[SLPS]	0	182.310	-122.830	0	58.849	0	0	0	0	
1	[SLPS]	0	182.685	-122.606	0	58.775	0	0	0	0	
1	[SLPS]	0	182.685	-122.606	0	58.775	0	0	0	0	
1	[SLPS]	0	182.874	-122.483	0	58.727	0	0	0	0	
1	[SLPS]	0	183.061	-122.373	0	58.694	0	0	0	0	
1	[SLPS]	0	183.061	-122.373	0	58.694	0	0	0	0	
1	[SLPS]	0	183.435	-122.143	0	58.618	0	0	0	0	
1	[SLPS]	0	183.435	-122.143	0	58.618	0	0	0	0	
1	[SLPS]	0	183.621	-122.029	0	58.577	0	0	0	0	
1	[SLPS]	0	183.808	-121.914	0	58.534	0	0	0	0	
1	[SLPS]	0	183.989	-121.791	0	58.484	0	0	0	0	
1	[SLPS]	0	184.180	-121.681	0	58.462	0	0	0	0	
1	[SLPS]	0	184.180	-121.681	0	58.462	0	0	0	0	
1	[SLPS]	0	184.550	-121.449	0	58.395	0	0	0	0	
1	[SLPS]	0	184.550	-121.449	0	58.395	0	0	0	0	
1	[SLPS]	0	184.733	-121.330	0	58.356	0	0	0	0	
1	[SLPS]	0	184.921	-121.222	0	58.321	0	0	0	0	
1	[SLPS]	0	184.921	-121.222	0	58.321	0	0	0	0	
1	[SLPS]	0	185.293	-120.991	0	58.243	0	0	0	0	
1	[SLPS]	0	185.293	-120.991	0	58.243	0	0	0	0	
1	[SLPS]	0	185.472	-120.876	0	58.199	0	0	0	0	
1	[SLPS]	0	185.654	-120.761	0	58.156	0	0	0	0	
1	[SLPS]	0	185.654	-120.761	0	58.156	0	0	0	0	
1	[SLPS]	0	186.024	-120.528	0	58.076	0	0	0	0	
1	[SLPS]	0	186.024	-120.528	0	58.076	0	0	0	0	
1	[SLPS]	0	186.207	-120.416	0	58.043	0	0	0	0	
1	[SLPS]	0	186.388	-120.303	0	58.007	0	0	0	0	
1	[SLPS]	0	186.573	-120.184	0	57.971	0	0	0	0	
1	[SLPS]	0	186.756	-120.068	0	57.937	0	0	0	0	
1	[SLPS]	0	186.756	-120.068	0	57.937	0	0	0	0	
1	[SLPS]	0	187.120	-119.840	0	57.854	0	0	0	0	
1	[SLPS]	0	187.120	-119.840	0	57.854	0	0	0	0	
1	[SLPS]	0	187.303	-119.720	0	57.809	0	0	0	0	
1	[SLPS]	0	187.485	-119.605	0	57.776	0	0	0	0	
1	[SLPS]	0	187.485	-119.605	0	57.776	0	0	0	0	
1	[SLPS]	0	187.844	-119.375	0	57.707	0	0	0	0	
1	[SLPS]	0	187.844	-119.375	0	57.707	0	0	0	0	
1	[SLPS]	0	188.032	-119.253	0	57.674	0	0	0	0	
1	[SLPS]	0	188.209	-119.143	0	57.638	0	0	0	0	
1	[SLPS]	0	188.209	-119.143	0	57.638	0	0	0	0	
1	[SLPS]	0	188.570	-118.910	0	57.566	0	0	0	0	
1	[SLPS]	0	188.570	-118.910	0	57.566	0	0	0	0	
1	[SLPS]	0	188.754	-118.791	0	57.524	0	0	0	0	
1	[SLPS]	0	188.932	-118.677	0	57.481	0	0	0	0	
1	[SLPS]	0	188.932	-118.677	0	57.481	0	0	0	0	
1	[SLPS]	0	189.292	-118.442	0	57.395	0	0	0	0	
1	[SLPS]	0	189.292	-118.442	0	57.395	0	0	0	0	
1	[SLPS]	0	189.471	-118.327	0	57.364	0	0	0	0	
1	[SLPS]	0	189.652	-118.209	0	57.330	0	0	0	0	
1	[SLPS]	0	189.652	-118.209	0	57.330	0	0	0	0	
1	[SLPS]	0	190.010	-117.979	0	57.258	0	0	0	0	
1	[SLPS]	0	190.010	-117.979	0	57.258	0	0	0	0	
1	[SLPS]	0	190.183	-117.866	0	57.219	0	0	0	0	
1	[SLPS]	0	190.359	-117.753	0	57.182	0	0	0	0	
1	[SLPS]	0	190.359	-117.753	0	57.182	0	0	0	0	
1	[SLPS]	0	190.719	-117.516	0	57.100	0	0	0	0	
1	[SLPS]	0	190.719	-117.516	0	57.100	0	0	0	0	
1	[SLPS]	0	190.898	-117.404	0	57.063	0	0	0	0	
1	[SLPS]	0	191.075	-117.295	0	57.027	0	0	0	0	
1	[SLPS]	0	191.075	-117.295	0	57.027	0	0	0	0	
1	[SLPS]	0	191.419	-117.063	0	56.944	0	0	0	0	
1	[SLPS]	0	191.419	-117.063	0	56.944	0	0	0	0	
1	[SLPS]	0	191.594	-116.945	0	56.901	0	0	0	0	
1	[SLPS]	0	191.770	-116.834	0	56.869	0	0	0	0	
1	[SLPS]	0	191.770	-116.834	0	56.869	0	0	0	0	
1	[SLPS]	0	192.119	-116.603	0	56.795	0	0	0	0	
1	[SLPS]	0	192.119	-116.603	0	56.795	0	0	0	0	
1	[SLPS]	0	192.297	-116.498	0	56.770	0	0	0	0	
1	[SLPS]	0	192.471	-116.385	0	56.725	0	0	0	0	
1	[SLPS]	0	192.471	-116.385	0	56.725	0	0	0	0	
1	[SLPS]	0	192.815	-116.149	0	56.631	0	0	0	0	
1	[SLPS]	0	192.815	-116.149	0	56.631	0	0	0	0	
1	[SLPS]	0	192.983	-116.031	0	56.589	0	0	0	0	
1	[SLPS]	0	193.154	-115.916	0	56.557	0	0	0	0	
1	[SLPS]	0	193.323	-115.797	0	56.520	0	0	0	0	
1	[SLPS]	0	193.488	-115.686	0	56.490	0	0	0	0	
1	[SLPS]	0	193.488	-115.686	0	56.490	0	0	0	0	
1	[SLPS]	0	193.846	-115.460	0	56.452	0	0	0	0	
1	[SLPS]	0	193.846	-115.460	0	56.452	0	0	0	0	
1	[SLPS]	0	194.026	-115.350	0	56.432	0	0	0	0	
1	[SLPS]	0	194.189	-115.226	0	56.391	0	0	0	0	
1	[SLPS]	0	194.189	-115.226	0	56.391	0	0	0	0	
1	[SLPS]	0	194.529	-114.988	0	56.342	0	0	0	0	
1	[SLPS]	0	194.529	-114.988	0	56.342	0	0	0	0	
1	[SLPS]	0	194.693	-114.872	0	56.329	0	0	0	0	
1	[SLPS]	0	194.868	-114.752	0	56.319	0	0	0	0	
1	[SLPS]	0	194.868	-114.752	0	56.319	0	0	0	0	
1	[SLPS]	0	195.203	-114.511	0	56.320	0	0	0	0	
1	[SLPS]	0	195.203	-114.511	0	56.320	0	0	0	0	
1	[SLPS]	0	195.351	-114.372	0	56.280	0	0	0	0	
1	[SLPS]	0	195.517	-114.255	0	56.268	0	0	0	0	
1	[SLPS]	0	195.517	-114.255	0	56.268	0	0	0	0	
1	[SLPS]	0	195.845	-114.028	0	56.247	0	0	0	0	
1	[SLPS]	0	195.845	-114.028	0	56.247	0	0	0	0	
1	[SLPS]	0	196.014	-113.919	0	56.238	0	0	0	0	
1	[SLPS]	0	196.186	-113.814	0	56.237	0	0	0	0	
1	[SLPS]	0	196.186	-113.814	0	56.237	0	0	0	0	
1	[SLPS]	0	196.521	-113.591	0	56.240	0	0	0	0	
1	[SLPS]	0	196.521	-113.591	0	56.240	0	0	0	0	
1	[SLPS]	0	196.692	-113.480	0	56.250	0	0	0	0	
1	[SLPS]	0	196.860	-113.372	0	56.256	0	0	0	0	
1	[SLPS]	0	197.030	-113.268	0	56.263	0	0	0	0	
1	[SLPS]	0	197.200	-113.156	0	56.265	0	0	0	0	
1	[SLPS]	0	197.200	-113.156	0	56.265	0	0	0	0	
1	[SLPS]	0	197.370	-113.045	0	56.265	0	0	0	0	
1	[SLPS]	0	197.543	-112.937	0	56.272	0	0	0	0	
1	[SLPS]	0	197.711	-112.830	0	56.272	0	0	0	0	
1	[SLPS]	0	197.879	-112.720	0	56.271	0	0	0	0	
1	[SLPS]	0	197.879	-112.720	0	56.271	0	0	0	0	
1	[SLPS]	0	198.212	-112.489	0	56.260	0	0	0	0	
1	[SLPS]	0	198.212	-112.489	0	56.260	0	0	0	0	
1	[SLPS]	0	198.381	-112.377	0	56.268	0	0	0	0	
1	[SLPS]	0	198.550	-112.266	0	56.282	0	0	0	0	
1	[SLPS]	0	198.550	-112.266	0	56.282	0	0	0	0	
1	[SLPS]	0	198.902	-112.035	0	56.300	0	0	0	0	
1	[SLPS]	0	198.902	-112.035	0	56.300	0	0	0	0	
1	[SLPS]	0	199.075	-111.921	0	56.301	0	0	0	0	
1	[SLPS]	0	199.247	-111.806	0	56.304	0	0	0	0	
1	[SLPS]	0	199.247	-111.806	0	56.304	0	0	0	0	
1	[SLPS]	0	199.588	-111.575	0	56.311	0	0	0	0	
1	[SLPS]	0	199.588	-111.575	0	56.311	0	0	0	0	
1	[SLPS]	0	199.757	-111.457	0	56.321	0	0	0	0	
1	[SLPS]	0	199.922	-111.341	0	56.344	0	0	0	0	
1	[SLPS]	0	199.922	-111.341	0	56.344	0	0	0	0	
1	[SLPS]	0	200.263	-111.112	0	56.391	0	0	0	0	
1	[SLPS]	0	200.263	-111.112	0	56.391	0	0	0	0	
1	[SLPS]	0	200.439	-110.996	0	56.412	0	0	0	0	
1	[SLPS]	0	200.611	-110.881	0	56.427	0	0	0	0	
1	[SLPS]	0	200.611	-110.881	0	56.427	0	0	0	0	
1	[SLPS]	0	200.951	-110.663	0	56.473	0	0	0	0	
1	[SLPS]	0	200.951	-110.663	0	56.473	0	0	0	0	
1	[SLPS]	0	201.123	-110.550	0	56.491	0	0	0	0	
1	[SLPS]	0	201.296	-110.440	0	56.507	0	0	0	0	
1	[SLPS]	0	201.296	-110.440	0	56.507	0	0	0	0	
1	[SLPS]	0	201.641	-110.214	0	56.545	0	0	0	0	
1	[SLPS]	0	201.641	-110.214	0	56.545	0	0	0	0	
1	[SLPS]	0	201.820	-110.106	0	56.569	0	0	0	0	
1	[SLPS]	0	201.988	-109.996	0	56.581	0	0	0	0	
1	[SLPS]	0	202.164	-109.885	0	56.603	0	0	0	0	
1	[SLPS]	0	202.338	-109.776	0	56.619	0	0	0	0	
1	[SLPS]	0	202.338	-109.776	0	56.619	0	0	0	0	
1	[SLPS]	0	202.518	-109.666	0	56.630	0	0	0	0	
1	[SLPS]	0	202.685	-109.550	0	56.627	0	0	0	0	
1	[SLPS]	0	202.861	-109.437	0	56.634	0	0	0	0	
1	[SLPS]	0	203.035	-109.322	0	56.640	0	0	0	0	
1	[SLPS]	0	203.035	-109.322	0	56.640	0	0	0	0	
1	[SLPS]	0	203.383	-109.089	0	56.651	0	0	0	0	
1	[SLPS]	0	203.383	-109.089	0	56.651	0	0	0	0	
1	[SLPS]	0	203.551	-108.968	0	56.645	0	0	0	0	
1	[SLPS]	0	203.721	-108.852	0	56.650	0	0	0	0	
1	[SLPS]	0	203.721	-108.852	0	56.650	0	0	0	0	
1	[SLPS]	0	204.070	-108.622	0	56.668	0	0	0	0	
1	[SLPS]	0	204.070	-108.622	0	56.668	0	0	0	0	
1	[SLPS]	0	204.246	-108.509	0	56.680	0	0	0	0	
1	[SLPS]	0	204.411	-108.386	0	56.677	0	0	0	0	
1	[SLPS]	0	204.411	-108.386	0	56.677	0	0	0	0	
1	[SLPS]	0	204.766	-108.158	0	56.736	0	0	0	0	
1	[SLPS]	0	204.766	-108.158	0	56.736	0	0	0	0	
1	[SLPS]	0	204.936	-108.040	0	56.758	0	0	0	0	
1	[SLPS]	0	205.111	-107.933	0	56.789	0	0	0	0	
1	[SLPS]	0	205.111	-107.933	0	56.789	0	0	0	0	
1	[SLPS]	0	205.458	-107.697	0	56.843	0	0	0	0	
1	[SLPS]	0	205.458	-107.697	0	56.843	0	0	0	0	
1	[SLPS]	0	205.640	-107.588	0	56.892	0	0	0	0	
1	[SLPS]	0	205.812	-107.470	0	56.931	0	0	0	0	
1	[SLPS]	0	205.812	-107.470	0	56.931	0	0	0	0	
1	[SLPS]	0	206.163	-107.239	0	57.030	0	0	0	0	
1	[SLPS]	0	206.163	-107.239	0	57.030	0	0	0	0	
1	[SLPS]	0	206.330	-107.127	0	57.072	0	0	0	0	
1	[SLPS]	0	206.511	-107.009	0	57.116	0	0	0	0	
1	[SLPS]	0	206.511	-107.009	0	57.116	0	0	0	0	
1	[SLPS]	0	206.864	-106.779	0	57.189	0	0	0	0	
1	[SLPS]	0	206.864	-106.779	0	57.189	0	0	0	0	
1	[SLPS]	0	207.038	-106.670	0	57.224	0	0	0	0	
1	[SLPS]	0	207.216	-106.560	0	57.268	0	0	0	0	
1	[SLPS]	0	207.216	-106.560	0	57.268	0	0	0	0	
1	[SLPS]	0	207.571	-106.332	0	57.370	0	0	0	0	
1	[SLPS]	0	207.571	-106.332	0	57.370	0	0	0	0	
1	[SLPS]	0	207.746	-106.219	0	57.426	0	0	0	0	
1	[SLPS]	0	207.924	-106.108	0	57.487	0	0	0	0	
1	[SLPS]	0	207.924	-106.108	0	57.487	0	0	0	0	
1	[SLPS]	0	208.273	-105.881	0	57.613	0	0	0	0	
1	[SLPS]	0	208.273	-105.881	0	57.613	0	0	0	0	
1	[SLPS]	0	208.457	-105.768	0	57.669	0	0	0	0	
1	[SLPS]	0	208.630	-105.657	0	57.721	0	0	0	0	
1	[SLPS]	0	208.630	-105.657	0	57.721	0	0	0	0	
1	[SLPS]	0	208.988	-105.440	0	57.833	0	0	0	0	
1	[SLPS]	0	208.988	-105.440	0	57.833	0	0	0	0	
1	[SLPS]	0	209.169	-105.325	0	57.888	0	0	0	0	
1	[SLPS]	0	209.350	-105.219	0	57.946	0	0	0	0	
1	[SLPS]	0	209.529	-105.105	0	57.999	0	0	0	0	
1	[SLPS]	0	209.704	-105.000	0	58.055	0	0	0	0	
1	[SLPS]	0	209.704	-105.000	0	58.055	0	0	0	0	
1	[SLPS]	0	210.061	-104.777	0	58.163	0	0	0	0	
1	[SLPS]	0	210.061	-104.777	0	58.163	0	0	0	0	
1	[SLPS]	0	210.238	-104.667	0	58.217	0	0	0	0	
1	[SLPS]	0	210.416	-104.560	0	58.271	0	0	0	0	
1	[SLPS]	0	210.416	-104.560	0	58.271	0	0	0	0	
1	[SLPS]	0	210.780	-104.343	0	58.365	0	0	0	0	
1	[SLPS]	0	210.780	-104.343	0	58.365	0	0	0	0	
1	[SLPS]	0	210.955	-104.229	0	58.389	0	0	0	0	
1	[SLPS]	0	211.131	-104.120	0	58.411	0	0	0	0	
1	[SLPS]	0	211.131	-104.120	0	58.411	0	0	0	0	
1	[SLPS]	0	211.486	-103.907	0	58.460	0	0	0	0	
1	[SLPS]	0	211.486	-103.907	0	58.460	0	0	0	0	
1	[SLPS]	0	211.664	-103.792	0	58.482	0	0	0	0	
1	[SLPS]	0	211.841	-103.682	0	58.507	0	0	0	0	
1	[SLPS]	0	211.841	-103.682	0	58.507	0	0	0	0	
1	[SLPS]	0	212.196	-103.464	0	58.545	0	0	0	0	
1	[SLPS]	0	212.196	-103.464	0	58.545	0	0	0	0	
1	[SLPS]	0	212.374	-103.356	0	58.569	0	0	0	0	
1	[SLPS]	0	212.543	-103.245	0	58.588	0	0	0	0	
1	[SLPS]	0	212.543	-103.245	0	58.588	0	0	0	0	
1	[SLPS]	0	212.895	-103.022	0	58.630	0	0	0	0	
1	[SLPS]	0	212.895	-103.022	0	58.630	0	0	0	0	
1	[SLPS]	0	213.069	-102.916	0	58.659	0	0	0	0	
1	[SLPS]	0	213.242	-102.806	0	58.683	0	0	0	0	
1	[SLPS]	0	213.421	-102.703	0	58.713	0	0	0	0	
1	[SLPS]	0	213.594	-102.595	0	58.731	0	0	0	0	
1	[SLPS]	0	213.594	-102.595	0	58.731	0	0	0	0	
1	[SLPS]	0	213.944	-102.380	0	58.775	0	0	0	0	
1	[SLPS]	0	213.944	-102.380	0	58.775	0	0	0	0	
1	[SLPS]	0	214.124	-102.272	0	58.794	0	0	0	0	
1	[SLPS]	0	214.293	-102.163	0	58.811	0	0	0	0	
1	[SLPS]	0	214.293	-102.163	0	58.811	0	0	0	0	
1	[SLPS]	0	214.477	-102.064	0	58.855	0	0	0	0	
1	[SLPS]	0	214.653	-101.958	0	58.890	0	0	0	0	
1	[SLPS]	0	214.829	-101.857	0	58.929	0	0	0	0	
1	[SLPS]	0	215.008	-101.747	0	58.960	0	0	0	0	
1	[SLPS]	0	215.008	-101.747	0	58.960	0	0	0	0	
1	[SLPS]	0	215.351	-101.528	0	59.025	0	0	0	0	
1	[SLPS]	0	215.351	-101.528	0	59.025	0	0	0	0	
1	[SLPS]	0	215.529	-101.426	0	59.067	0	0	0	0	
1	[SLPS]	0	215.708	-101.320	0	59.104	0	0	0	0	
1	[SLPS]	0	215.708	-101.320	0	59.104	0	0	0	0	
1	[SLPS]	0	216.054	-101.109	0	59.171	0	0	0	0	
1	[SLPS]	0	216.054	-101.109	0	59.171	0	0	0	0	
1	[SLPS]	0	216.231	-101.005	0	59.205	0	0	0	0	
1	[SLPS]	0	216.406	-100.903	0	59.247	0	0	0	0	
1	[SLPS]	0	216.406	-100.903	0	59.247	0	0	0	0	
1	[SLPS]	0	216.752	-100.697	0	59.312	0	0	0	0	
1	[SLPS]	0	216.752	-100.697	0	59.312	0	0	0	0	
1	[SLPS]	0	216.927	-100.594	0	59.343	0	0	0	0	
1	[SLPS]	0	217.111	-100.491	0	59.371	0	0	0	0	
1	[SLPS]	0	217.111	-100.491	0	59.371	0	0	0	0	
1	[SLPS]	0	217.454	-100.285	0	59.407	0	0	0	0	
1	[SLPS]	0	217.454	-100.285	0	59.407	0	0	0	0	
1	[SLPS]	0	217.626	-100.179	0	59.416	0	0	0	0	
1	[SLPS]	0	217.798	-100.075	0	59.425	0	0	0	0	
1	[SLPS]	0	217.967	-99.977	0	59.439	0	0	0	0	
1	[SLPS]	0	218.137	-99.874	0	59.452	0	0	0	0	
1	[SLPS]	0	218.137	-99.874	0	59.452	0	0	0	0	
1	[SLPS]	0	218.487	-99.671	0	59.490	0	0	0	0	
1	[SLPS]	0	218.487	-99.671	0	59.490	0	0	0	0	
1	[SLPS]	0	218.656	-99.560	0	59.491	0	0	0	0	
1	[SLPS]	0	218.825	-99.462	0	59.502	0	0	0	0	
1	[SLPS]	0	218.825	-99.462	0	59.502	0	0	0	0	
1	[SLPS]	0	218.999	-99.366	0	59.519	0	0	0	0	
1	[SLPS]	0	219.173	-99.274	0	59.542	0	0	0	0	
1	[SLPS]	0	219.173	-99.274	0	59.542	0	0	0	0	
1	[SLPS]	0	219.511	-99.069	0	59.564	0	0	0	0	
1	[SLPS]	0	219.511	-99.069	0	59.564	0	0	0	0	
1	[SLPS]	0	219.685	-98.965	0	59.584	0	0	0	0	
1	[SLPS]	0	219.853	-98.863	0	59.601	0	0	0	0	
1	[SLPS]	0	219.853	-98.863	0	59.601	0	0	0	0	
1	[SLPS]	0	220.196	-98.669	0	59.649	0	0	0	0	
1	[SLPS]	0	220.196	-98.669	0	59.649	0	0	0	0	
1	[SLPS]	0	220.368	-98.566	0	59.664	0	0	0	0	
1	[SLPS]	0	220.532	-98.464	0	59.670	0	0	0	0	
1	[SLPS]	0	220.711	-98.363	0	59.688	0	0	0	0	
1	[SLPS]	0	220.883	-98.266	0	59.709	0	0	0	0	
1	[SLPS]	0	220.883	-98.266	0	59.709	0	0	0	0	
1	[SLPS]	0	221.051	-98.168	0	59.726	0	0	0	0	
1	[SLPS]	0	221.217	-98.074	0	59.744	0	0	0	0	
1	[SLPS]	0	221.387	-97.973	0	59.759	0	0	0	0	
1	[SLPS]	0	221.556	-97.875	0	59.775	0	0	0	0	
1	[SLPS]	0	221.556	-97.875	0	59.775	0	0	0	0	
1	[SLPS]	0	221.890	-97.685	0	59.822	0	0	0	0	
1	[SLPS]	0	221.890	-97.685	0	59.822	0	0	0	0	
1	[SLPS]	0	222.058	-97.592	0	59.857	0	0	0	0	
1	[SLPS]	0	222.222	-97.488	0	59.887	0	0	0	0	
1	[SLPS]	0	222.222	-97.488	0	59.887	0	0	0	0	
1	[SLPS]	0	222.389	-97.393	0	59.925	0	0	0	0	
1	[SLPS]	0	222.555	-97.295	0	59.960	0	0	0	0	
1	[SLPS]	0	222.727	-97.190	0	59.988	0	0	0	0	
1	[SLPS]	0	222.892	-97.097	0	60.018	0	0	0	0	
1	[SLPS]	0	222.892	-97.097	0	60.018	0	0	0	0	
1	[SLPS]	0	223.234	-96.887	0	60.049	0	0	0	0	
1	[SLPS]	0	223.234	-96.887	0	60.049	0	0	0	0	
1	[SLPS]	0	223.400	-96.792	0	60.075	0	0	0	0	
1	[SLPS]	0	223.567	-96.694	0	60.098	0	0	0	0	
1	[SLPS]	0	223.567	-96.694	0	60.098	0	0	0	0	
1	[SLPS]	0	223.904	-96.491	0	60.122	0	0	0	0	
1	[SLPS]	0	223.904	-96.491	0	60.122	0	0	0	0	
1	[SLPS]	0	224.070	-96.396	0	60.134	0	0	0	0	
1	[SLPS]	0	224.236	-96.306	0	60.153	0	0	0	0	
1	[SLPS]	0	224.236	-96.306	0	60.153	0	0	0	0	
1	[SLPS]	0	224.572	-96.113	0	60.181	0	0	0	0	
1	[SLPS]	0	224.572	-96.113	0	60.181	0	0	0	0	
1	[SLPS]	0	224.739	-96.017	0	60.192	0	0	0	0	
1	[SLPS]	0	224.902	-95.921	0	60.201	0	0	0	0	
1	[SLPS]	0	224.902	-95.921	0	60.201	0	0	0	0	
1	[SLPS]	0	225.233	-95.736	0	60.225	0	0	0	0	
1	[SLPS]	0	225.233	-95.736	0	60.225	0	0	0	0	
1	[SLPS]	0	225.402	-95.636	0	60.231	0	0	0	0	
1	[SLPS]	0	225.568	-95.540	0	60.242	0	0	0	0	
1	[SLPS]	0	225.568	-95.540	0	60.242	0	0	0	0	
1	[SLPS]	0	225.894	-95.358	0	60.262	0	0	0	0	
1	[SLPS]	0	225.894	-95.358	0	60.262	0	0	0	0	
1	[SLPS]	0	226.060	-95.267	0	60.276	0	0	0	0	
1	[SLPS]	0	226.220	-95.176	0	60.285	0	0	0	0	
1	[SLPS]	0	226.220	-95.176	0	60.285	0	0	0	0	
1	[SLPS]	0	226.558	-94.984	0	60.314	0	0	0	0	
1	[SLPS]	0	226.558	-94.984	0	60.314	0	0	0	0	
1	[SLPS]	0	226.721	-94.890	0	60.327	0	0	0	0	
1	[SLPS]	0	226.885	-94.797	0	60.345	0	0	0	0	
1	[SLPS]	0	226.885	-94.797	0	60.345	0	0	0	0	
1	[SLPS]	0	227.220	-94.608	0	60.368	0	0	0	0	
1	[SLPS]	0	227.220	-94.608	0	60.368	0	0	0	0	
1	[SLPS]	0	227.384	-94.513	0	60.375	0	0	0	0	
1	[SLPS]	0	227.548	-94.419	0	60.382	0	0	0	0	
1	[SLPS]	0	227.713	-94.329	0	60.384	0	0	0	0	
1	[SLPS]	0	227.878	-94.235	0	60.378	0	0	0	0	
1	[SLPS]	0	227.878	-94.235	0	60.378	0	0	0	0	
1	[SLPS]	0	228.201	-94.046	0	60.354	0	0	0	0	
1	[SLPS]	0	228.201	-94.046	0	60.354	0	0	0	0	
1	[SLPS]	0	228.370	-93.949	0	60.350	0	0	0	0	
1	[SLPS]	0	228.531	-93.855	0	60.343	0	0	0	0	
1	[SLPS]	0	228.531	-93.855	0	60.343	0	0	0	0	
1	[SLPS]	0	228.851	-93.668	0	60.333	0	0	0	0	
1	[SLPS]	0	228.851	-93.668	0	60.333	0	0	0	0	
1	[SLPS]	0	229.016	-93.571	0	60.326	0	0	0	0	
1	[SLPS]	0	229.176	-93.477	0	60.309	0	0	0	0	
1	[SLPS]	0	229.176	-93.477	0	60.309	0	0	0	0	
1	[SLPS]	0	229.503	-93.304	0	60.308	0	0	0	0	
1	[SLPS]	0	229.503	-93.304	0	60.308	0	0	0	0	
1	[SLPS]	0	229.667	-93.209	0	60.301	0	0	0	0	
1	[SLPS]	0	229.829	-93.119	0	60.299	0	0	0	0	
1	[SLPS]	0	229.829	-93.119	0	60.299	0	0	0	0	
1	[SLPS]	0	230.153	-92.937	0	60.278	0	0	0	0	
1	[SLPS]	0	230.153	-92.937	0	60.278	0	0	0	0	
1	[SLPS]	0	230.317	-92.840	0	60.254	0	0	0	0	
1	[SLPS]	0	230.485	-92.748	0	60.230	0	0	0	0	
1	[SLPS]	0	230.485	-92.748	0	60.230	0	0	0	0	
1	[SLPS]	0	230.802	-92.552	0	60.152	0	0	0	0	
1	[SLPS]	0	230.802	-92.552	0	60.152	0	0	0	0	
1	[SLPS]	0	230.963	-92.459	0	60.118	0	0	0	0	
1	[SLPS]	0	231.126	-92.366	0	60.085	0	0	0	0	
1	[SLPS]	0	231.126	-92.366	0	60.085	0	0	0	0	
1	[SLPS]	0	231.450	-92.173	0	60.013	0	0	0	0	
1	[SLPS]	0	231.450	-92.173	0	60.013	0	0	0	0	
1	[SLPS]	0	231.613	-92.076	0	59.972	0	0	0	0	
1	[SLPS]	0	231.782	-91.987	0	59.947	0	0	0	0	
1	[SLPS]	0	231.944	-91.891	0	59.908	0	0	0	0	
