1	[SLPS]	0	20.067	10.031	0	62.448	0	0	0	0	
1	[SLPS]	0	20.199	10.100	0	62.454	0	0	0	0	
1	[SLPS]	0	20.330	10.172	0	62.445	0	0	0	0	
1	[SLPS]	0	20.330	10.172	0	62.445	0	0	0	0	
1	[SLPS]	0	20.592	10.313	0	62.436	0	0	0	0	
1	[SLPS]	0	20.592	10.313	0	62.436	0	0	0	0	
1	[SLPS]	0	20.719	10.382	0	62.426	0	0	0	0	
1	[SLPS]	0	20.850	10.453	0	62.430	0	0	0	0	
1	[SLPS]	0	20.850	10.453	0	62.430	0	0	0	0	
1	[SLPS]	0	20.983	10.526	0	62.431	0	0	0	0	
1	[SLPS]	0	21.114	10.593	0	62.444	0	0	0	0	
1	[SLPS]	0	21.244	10.661	0	62.449	0	0	0	0	
1	[SLPS]	0	21.375	10.731	0	62.446	0	0	0	0	
1	[SLPS]	0	21.375	10.731	0	62.446	0	0	0	0	
1	[SLPS]	0	21.635	10.869	0	62.455	0	0	0	0	
1	[SLPS]	0	21.635	10.869	0	62.455	0	0	0	0	
1	[SLPS]	0	21.768	10.941	0	62.466	0	0	0	0	
1	[SLPS]	0	21.906	11.014	0	62.492	0	0	0	0	
1	[SLPS]	0	21.906	11.014	0	62.492	0	0	0	0	
1	[SLPS]	0	22.167	11.150	0	62.537	0	0	0	0	
1	[SLPS]	0	22.167	11.150	0	62.537	0	0	0	0	
1	[SLPS]	0	22.299	11.219	0	62.557	0	0	0	0	
1	[SLPS]	0	22.432	11.288	0	62.566	0	0	0	0	
1	[SLPS]	0	22.432	11.288	0	62.566	0	0	0	0	
1	[SLPS]	0	22.698	11.421	0	62.612	0	0	0	0	
1	[SLPS]	0	22.698	11.421	0	62.612	0	0	0	0	
1	[SLPS]	0	22.834	11.490	0	62.639	0	0	0	0	
1	[SLPS]	0	22.966	11.561	0	62.658	0	0	0	0	
1	[SLPS]	0	22.966	11.561	0	62.658	0	0	0	0	
1	[SLPS]	0	23.231	11.701	0	62.686	0	0	0	0	
1	[SLPS]	0	23.231	11.701	0	62.686	0	0	0	0	
1	[SLPS]	0	23.370	11.772	0	62.702	0	0	0	0	
1	[SLPS]	0	23.505	11.844	0	62.709	0	0	0	0	
1	[SLPS]	0	23.505	11.844	0	62.709	0	0	0	0	
1	[SLPS]	0	23.771	11.986	0	62.723	0	0	0	0	
1	[SLPS]	0	23.771	11.986	0	62.723	0	0	0	0	
1	[SLPS]	0	23.904	12.054	0	62.741	0	0	0	0	
1	[SLPS]	0	24.037	12.122	0	62.758	0	0	0	0	
1	[SLPS]	0	24.037	12.122	0	62.758	0	0	0	0	
1	[SLPS]	0	24.308	12.265	0	62.758	0	0	0	0	
1	[SLPS]	0	24.308	12.265	0	62.758	0	0	0	0	
1	[SLPS]	0	24.581	12.408	0	62.774	0	0	0	0	
1	[SLPS]	0	24.581	12.408	0	62.774	0	0	0	0	
1	[SLPS]	0	24.721	12.483	0	62.778	0	0	0	0	
1	[SLPS]	0	24.849	12.553	0	62.778	0	0	0	0	
1	[SLPS]	0	24.849	12.553	0	62.778	0	0	0	0	
1	[SLPS]	0	25.125	12.697	0	62.796	0	0	0	0	
1	[SLPS]	0	25.125	12.697	0	62.796	0	0	0	0	
1	[SLPS]	0	25.262	12.769	0	62.802	0	0	0	0	
1	[SLPS]	0	25.402	12.838	0	62.825	0	0	0	0	
1	[SLPS]	0	25.402	12.838	0	62.825	0	0	0	0	
1	[SLPS]	0	25.675	12.981	0	62.833	0	0	0	0	
1	[SLPS]	0	25.675	12.981	0	62.833	0	0	0	0	
1	[SLPS]	0	25.817	13.053	0	62.840	0	0	0	0	
1	[SLPS]	0	25.955	13.125	0	62.848	0	0	0	0	
1	[SLPS]	0	25.955	13.125	0	62.848	0	0	0	0	
1	[SLPS]	0	26.230	13.265	0	62.863	0	0	0	0	
1	[SLPS]	0	26.230	13.265	0	62.863	0	0	0	0	
1	[SLPS]	0	26.370	13.338	0	62.860	0	0	0	0	
1	[SLPS]	0	26.507	13.409	0	62.856	0	0	0	0	
1	[SLPS]	0	26.507	13.409	0	62.856	0	0	0	0	
1	[SLPS]	0	26.788	13.549	0	62.876	0	0	0	0	
1	[SLPS]	0	26.788	13.549	0	62.876	0	0	0	0	
1	[SLPS]	0	26.928	13.623	0	62.875	0	0	0	0	
1	[SLPS]	0	27.066	13.694	0	62.879	0	0	0	0	
1	[SLPS]	0	27.066	13.694	0	62.879	0	0	0	0	
1	[SLPS]	0	27.344	13.842	0	62.877	0	0	0	0	
1	[SLPS]	0	27.344	13.842	0	62.877	0	0	0	0	
1	[SLPS]	0	27.485	13.914	0	62.878	0	0	0	0	
1	[SLPS]	0	27.625	13.990	0	62.867	0	0	0	0	
1	[SLPS]	0	27.625	13.990	0	62.867	0	0	0	0	
1	[SLPS]	0	27.900	14.137	0	62.864	0	0	0	0	
1	[SLPS]	0	27.900	14.137	0	62.864	0	0	0	0	
1	[SLPS]	0	28.044	14.213	0	62.867	0	0	0	0	
1	[SLPS]	0	28.184	14.286	0	62.875	0	0	0	0	
1	[SLPS]	0	28.326	14.360	0	62.874	0	0	0	0	
1	[SLPS]	0	28.467	14.432	0	62.884	0	0	0	0	
1	[SLPS]	0	28.467	14.432	0	62.884	0	0	0	0	
1	[SLPS]	0	28.748	14.577	0	62.892	0	0	0	0	
1	[SLPS]	0	28.748	14.577	0	62.892	0	0	0	0	
1	[SLPS]	0	28.892	14.657	0	62.879	0	0	0	0	
1	[SLPS]	0	29.036	14.732	0	62.871	0	0	0	0	
1	[SLPS]	0	29.036	14.732	0	62.871	0	0	0	0	
1	[SLPS]	0	29.321	14.877	0	62.879	0	0	0	0	
1	[SLPS]	0	29.321	14.877	0	62.879	0	0	0	0	
1	[SLPS]	0	29.465	14.951	0	62.889	0	0	0	0	
1	[SLPS]	0	29.603	15.025	0	62.903	0	0	0	0	
1	[SLPS]	0	29.603	15.025	0	62.903	0	0	0	0	
1	[SLPS]	0	29.881	15.168	0	62.957	0	0	0	0	
1	[SLPS]	0	29.881	15.168	0	62.957	0	0	0	0	
1	[SLPS]	0	30.019	15.238	0	62.999	0	0	0	0	
1	[SLPS]	0	30.156	15.309	0	63.047	0	0	0	0	
1	[SLPS]	0	30.156	15.309	0	63.047	0	0	0	0	
1	[SLPS]	0	30.427	15.452	0	63.161	0	0	0	0	
1	[SLPS]	0	30.427	15.452	0	63.161	0	0	0	0	
1	[SLPS]	0	30.567	15.519	0	63.209	0	0	0	0	
1	[SLPS]	0	30.702	15.588	0	63.249	0	0	0	0	
1	[SLPS]	0	30.702	15.588	0	63.249	0	0	0	0	
1	[SLPS]	0	30.978	15.727	0	63.336	0	0	0	0	
1	[SLPS]	0	30.978	15.727	0	63.336	0	0	0	0	
1	[SLPS]	0	31.116	15.797	0	63.383	0	0	0	0	
1	[SLPS]	0	31.252	15.865	0	63.439	0	0	0	0	
1	[SLPS]	0	31.252	15.865	0	63.439	0	0	0	0	
1	[SLPS]	0	31.524	16.002	0	63.570	0	0	0	0	
1	[SLPS]	0	31.524	16.002	0	63.570	0	0	0	0	
1	[SLPS]	0	31.655	16.072	0	63.646	0	0	0	0	
1	[SLPS]	0	31.795	16.138	0	63.725	0	0	0	0	
1	[SLPS]	0	31.795	16.138	0	63.725	0	0	0	0	
1	[SLPS]	0	32.065	16.272	0	63.883	0	0	0	0	
1	[SLPS]	0	32.065	16.272	0	63.883	0	0	0	0	
1	[SLPS]	0	32.202	16.339	0	63.972	0	0	0	0	
1	[SLPS]	0	32.338	16.404	0	64.064	0	0	0	0	
1	[SLPS]	0	32.338	16.404	0	64.064	0	0	0	0	
1	[SLPS]	0	32.608	16.531	0	64.260	0	0	0	0	
1	[SLPS]	0	32.608	16.531	0	64.260	0	0	0	0	
1	[SLPS]	0	32.744	16.597	0	64.361	0	0	0	0	
1	[SLPS]	0	32.879	16.663	0	64.468	0	0	0	0	
1	[SLPS]	0	33.013	16.723	0	64.573	0	0	0	0	
1	[SLPS]	0	33.142	16.782	0	64.670	0	0	0	0	
1	[SLPS]	0	33.142	16.782	0	64.670	0	0	0	0	
1	[SLPS]	0	33.409	16.906	0	64.850	0	0	0	0	
1	[SLPS]	0	33.409	16.906	0	64.850	0	0	0	0	
1	[SLPS]	0	33.544	16.969	0	64.939	0	0	0	0	
1	[SLPS]	0	33.676	17.026	0	65.034	0	0	0	0	
1	[SLPS]	0	33.676	17.026	0	65.034	0	0	0	0	
1	[SLPS]	0	33.941	17.148	0	65.232	0	0	0	0	
1	[SLPS]	0	33.941	17.148	0	65.232	0	0	0	0	
1	[SLPS]	0	34.071	17.210	0	65.337	0	0	0	0	
1	[SLPS]	0	34.199	17.267	0	65.451	0	0	0	0	
1	[SLPS]	0	34.199	17.267	0	65.451	0	0	0	0	
1	[SLPS]	0	34.466	17.390	0	65.704	0	0	0	0	
1	[SLPS]	0	34.466	17.390	0	65.704	0	0	0	0	
1	[SLPS]	0	34.593	17.447	0	65.840	0	0	0	0	
1	[SLPS]	0	34.724	17.503	0	65.980	0	0	0	0	
1	[SLPS]	0	34.724	17.503	0	65.980	0	0	0	0	
1	[SLPS]	0	34.988	17.619	0	66.251	0	0	0	0	
1	[SLPS]	0	34.988	17.619	0	66.251	0	0	0	0	
1	[SLPS]	0	35.120	17.676	0	66.383	0	0	0	0	
1	[SLPS]	0	35.248	17.728	0	66.519	0	0	0	0	
1	[SLPS]	0	35.248	17.728	0	66.519	0	0	0	0	
1	[SLPS]	0	35.507	17.843	0	66.777	0	0	0	0	
1	[SLPS]	0	35.507	17.843	0	66.777	0	0	0	0	
1	[SLPS]	0	35.638	17.899	0	66.898	0	0	0	0	
1	[SLPS]	0	35.763	17.953	0	67.019	0	0	0	0	
1	[SLPS]	0	35.763	17.953	0	67.019	0	0	0	0	
1	[SLPS]	0	36.028	18.064	0	67.273	0	0	0	0	
1	[SLPS]	0	36.028	18.064	0	67.273	0	0	0	0	
1	[SLPS]	0	36.162	18.121	0	67.393	0	0	0	0	
1	[SLPS]	0	36.295	18.176	0	67.507	0	0	0	0	
1	[SLPS]	0	36.295	18.176	0	67.507	0	0	0	0	
1	[SLPS]	0	36.557	18.283	0	67.734	0	0	0	0	
1	[SLPS]	0	36.557	18.283	0	67.734	0	0	0	0	
1	[SLPS]	0	36.690	18.336	0	67.854	0	0	0	0	
1	[SLPS]	0	36.822	18.388	0	67.981	0	0	0	0	
1	[SLPS]	0	36.822	18.388	0	67.981	0	0	0	0	
1	[SLPS]	0	37.079	18.491	0	68.247	0	0	0	0	
1	[SLPS]	0	37.079	18.491	0	68.247	0	0	0	0	
1	[SLPS]	0	37.211	18.544	0	68.384	0	0	0	0	
1	[SLPS]	0	37.341	18.596	0	68.524	0	0	0	0	
1	[SLPS]	0	37.341	18.596	0	68.524	0	0	0	0	
1	[SLPS]	0	37.596	18.697	0	68.805	0	0	0	0	
1	[SLPS]	0	37.596	18.697	0	68.805	0	0	0	0	
1	[SLPS]	0	37.727	18.743	0	68.940	0	0	0	0	
1	[SLPS]	0	37.857	18.791	0	69.072	0	0	0	0	
1	[SLPS]	0	37.857	18.791	0	69.072	0	0	0	0	
1	[SLPS]	0	38.112	18.889	0	69.329	0	0	0	0	
1	[SLPS]	0	38.112	18.889	0	69.329	0	0	0	0	
1	[SLPS]	0	38.374	18.977	0	69.602	0	0	0	0	
1	[SLPS]	0	38.374	18.977	0	69.602	0	0	0	0	
1	[SLPS]	0	38.504	19.023	0	69.741	0	0	0	0	
1	[SLPS]	0	38.635	19.069	0	69.878	0	0	0	0	
1	[SLPS]	0	38.635	19.069	0	69.878	0	0	0	0	
1	[SLPS]	0	38.896	19.161	0	70.133	0	0	0	0	
1	[SLPS]	0	38.896	19.161	0	70.133	0	0	0	0	
1	[SLPS]	0	39.026	19.209	0	70.255	0	0	0	0	
1	[SLPS]	0	39.156	19.257	0	70.382	0	0	0	0	
1	[SLPS]	0	39.156	19.257	0	70.382	0	0	0	0	
1	[SLPS]	0	39.418	19.346	0	70.632	0	0	0	0	
1	[SLPS]	0	39.418	19.346	0	70.632	0	0	0	0	
1	[SLPS]	0	39.556	19.390	0	70.745	0	0	0	0	
1	[SLPS]	0	39.687	19.439	0	70.850	0	0	0	0	
1	[SLPS]	0	39.687	19.439	0	70.850	0	0	0	0	
1	[SLPS]	0	39.953	19.528	0	71.045	0	0	0	0	
1	[SLPS]	0	39.953	19.528	0	71.045	0	0	0	0	
1	[SLPS]	0	40.089	19.574	0	71.139	0	0	0	0	
1	[SLPS]	0	40.222	19.620	0	71.223	0	0	0	0	
1	[SLPS]	0	40.222	19.620	0	71.223	0	0	0	0	
1	[SLPS]	0	40.491	19.708	0	71.354	0	0	0	0	
1	[SLPS]	0	40.491	19.708	0	71.354	0	0	0	0	
1	[SLPS]	0	40.624	19.752	0	71.403	0	0	0	0	
1	[SLPS]	0	40.761	19.799	0	71.446	0	0	0	0	
1	[SLPS]	0	40.761	19.799	0	71.446	0	0	0	0	
1	[SLPS]	0	41.033	19.892	0	71.524	0	0	0	0	
1	[SLPS]	0	41.033	19.892	0	71.524	0	0	0	0	
1	[SLPS]	0	41.172	19.940	0	71.568	0	0	0	0	
1	[SLPS]	0	41.307	19.989	0	71.603	0	0	0	0	
1	[SLPS]	0	41.307	19.989	0	71.603	0	0	0	0	
1	[SLPS]	0	41.585	20.083	0	71.649	0	0	0	0	
1	[SLPS]	0	41.585	20.083	0	71.649	0	0	0	0	
1	[SLPS]	0	41.724	20.129	0	71.663	0	0	0	0	
1	[SLPS]	0	41.861	20.176	0	71.671	0	0	0	0	
1	[SLPS]	0	42.001	20.223	0	71.684	0	0	0	0	
1	[SLPS]	0	42.139	20.269	0	71.700	0	0	0	0	
1	[SLPS]	0	42.139	20.269	0	71.700	0	0	0	0	
1	[SLPS]	0	42.276	20.315	0	71.718	0	0	0	0	
1	[SLPS]	0	42.412	20.362	0	71.736	0	0	0	0	
1	[SLPS]	0	42.551	20.405	0	71.769	0	0	0	0	
1	[SLPS]	0	42.685	20.449	0	71.801	0	0	0	0	
1	[SLPS]	0	42.685	20.449	0	71.801	0	0	0	0	
1	[SLPS]	0	42.964	20.541	0	71.887	0	0	0	0	
1	[SLPS]	0	42.964	20.541	0	71.887	0	0	0	0	
1	[SLPS]	0	43.105	20.586	0	71.950	0	0	0	0	
1	[SLPS]	0	43.248	20.633	0	72.015	0	0	0	0	
1	[SLPS]	0	43.248	20.633	0	72.015	0	0	0	0	
1	[SLPS]	0	43.528	20.721	0	72.136	0	0	0	0	
1	[SLPS]	0	43.528	20.721	0	72.136	0	0	0	0	
1	[SLPS]	0	43.666	20.769	0	72.191	0	0	0	0	
1	[SLPS]	0	43.808	20.814	0	72.248	0	0	0	0	
1	[SLPS]	0	43.808	20.814	0	72.248	0	0	0	0	
1	[SLPS]	0	44.092	20.898	0	72.369	0	0	0	0	
1	[SLPS]	0	44.092	20.898	0	72.369	0	0	0	0	
1	[SLPS]	0	44.233	20.942	0	72.433	0	0	0	0	
1	[SLPS]	0	44.373	20.988	0	72.496	0	0	0	0	
1	[SLPS]	0	44.373	20.988	0	72.496	0	0	0	0	
1	[SLPS]	0	44.653	21.080	0	72.612	0	0	0	0	
1	[SLPS]	0	44.653	21.080	0	72.612	0	0	0	0	
1	[SLPS]	0	44.797	21.120	0	72.671	0	0	0	0	
1	[SLPS]	0	44.938	21.161	0	72.737	0	0	0	0	
1	[SLPS]	0	44.938	21.161	0	72.737	0	0	0	0	
1	[SLPS]	0	45.218	21.249	0	72.861	0	0	0	0	
1	[SLPS]	0	45.218	21.249	0	72.861	0	0	0	0	
1	[SLPS]	0	45.362	21.292	0	72.917	0	0	0	0	
1	[SLPS]	0	45.505	21.334	0	72.975	0	0	0	0	
1	[SLPS]	0	45.505	21.334	0	72.975	0	0	0	0	
1	[SLPS]	0	45.796	21.423	0	73.104	0	0	0	0	
1	[SLPS]	0	45.796	21.423	0	73.104	0	0	0	0	
1	[SLPS]	0	45.939	21.466	0	73.160	0	0	0	0	
1	[SLPS]	0	46.082	21.508	0	73.210	0	0	0	0	
1	[SLPS]	0	46.082	21.508	0	73.210	0	0	0	0	
1	[SLPS]	0	46.372	21.591	0	73.314	0	0	0	0	
1	[SLPS]	0	46.372	21.591	0	73.314	0	0	0	0	
1	[SLPS]	0	46.518	21.634	0	73.364	0	0	0	0	
1	[SLPS]	0	46.660	21.678	0	73.421	0	0	0	0	
1	[SLPS]	0	46.660	21.678	0	73.421	0	0	0	0	
1	[SLPS]	0	46.954	21.768	0	73.535	0	0	0	0	
1	[SLPS]	0	46.954	21.768	0	73.535	0	0	0	0	
1	[SLPS]	0	47.104	21.813	0	73.585	0	0	0	0	
1	[SLPS]	0	47.246	21.856	0	73.631	0	0	0	0	
1	[SLPS]	0	47.246	21.856	0	73.631	0	0	0	0	
1	[SLPS]	0	47.537	21.949	0	73.735	0	0	0	0	
1	[SLPS]	0	47.537	21.949	0	73.735	0	0	0	0	
1	[SLPS]	0	47.688	21.994	0	73.782	0	0	0	0	
1	[SLPS]	0	47.832	22.037	0	73.822	0	0	0	0	
1	[SLPS]	0	47.979	22.079	0	73.872	0	0	0	0	
1	[SLPS]	0	48.126	22.121	0	73.929	0	0	0	0	
1	[SLPS]	0	48.126	22.121	0	73.929	0	0	0	0	
1	[SLPS]	0	48.273	22.156	0	73.987	0	0	0	0	
1	[SLPS]	0	48.418	22.199	0	74.035	0	0	0	0	
1	[SLPS]	0	48.418	22.199	0	74.035	0	0	0	0	
1	[SLPS]	0	48.714	22.280	0	74.084	0	0	0	0	
1	[SLPS]	0	48.714	22.280	0	74.084	0	0	0	0	
1	[SLPS]	0	48.867	22.322	0	74.080	0	0	0	0	
1	[SLPS]	0	49.013	22.366	0	74.056	0	0	0	0	
1	[SLPS]	0	49.013	22.366	0	74.056	0	0	0	0	
1	[SLPS]	0	49.305	22.448	0	74.011	0	0	0	0	
1	[SLPS]	0	49.305	22.448	0	74.011	0	0	0	0	
1	[SLPS]	0	49.449	22.491	0	73.981	0	0	0	0	
1	[SLPS]	0	49.593	22.542	0	73.917	0	0	0	0	
1	[SLPS]	0	49.593	22.542	0	73.917	0	0	0	0	
1	[SLPS]	0	49.888	22.628	0	73.828	0	0	0	0	
1	[SLPS]	0	49.888	22.628	0	73.828	0	0	0	0	
1	[SLPS]	0	50.032	22.676	0	73.768	0	0	0	0	
1	[SLPS]	0	50.181	22.716	0	73.695	0	0	0	0	
1	[SLPS]	0	50.330	22.759	0	73.609	0	0	0	0	
1	[SLPS]	0	50.480	22.801	0	73.514	0	0	0	0	
1	[SLPS]	0	50.480	22.801	0	73.514	0	0	0	0	
1	[SLPS]	0	50.781	22.897	0	73.311	0	0	0	0	
1	[SLPS]	0	50.781	22.897	0	73.311	0	0	0	0	
1	[SLPS]	0	50.932	22.946	0	73.205	0	0	0	0	
1	[SLPS]	0	51.080	23.000	0	73.094	0	0	0	0	
1	[SLPS]	0	51.080	23.000	0	73.094	0	0	0	0	
1	[SLPS]	0	51.378	23.089	0	72.861	0	0	0	0	
1	[SLPS]	0	51.378	23.089	0	72.861	0	0	0	0	
1	[SLPS]	0	51.529	23.135	0	72.751	0	0	0	0	
1	[SLPS]	0	51.683	23.185	0	72.646	0	0	0	0	
1	[SLPS]	0	51.683	23.185	0	72.646	0	0	0	0	
1	[SLPS]	0	51.982	23.283	0	72.440	0	0	0	0	
1	[SLPS]	0	51.982	23.283	0	72.440	0	0	0	0	
1	[SLPS]	0	52.133	23.328	0	72.319	0	0	0	0	
1	[SLPS]	0	52.286	23.375	0	72.186	0	0	0	0	
1	[SLPS]	0	52.286	23.375	0	72.186	0	0	0	0	
1	[SLPS]	0	52.588	23.470	0	71.888	0	0	0	0	
1	[SLPS]	0	52.588	23.470	0	71.888	0	0	0	0	
1	[SLPS]	0	52.741	23.520	0	71.732	0	0	0	0	
1	[SLPS]	0	52.890	23.573	0	71.567	0	0	0	0	
1	[SLPS]	0	52.890	23.573	0	71.567	0	0	0	0	
1	[SLPS]	0	53.185	23.680	0	71.204	0	0	0	0	
1	[SLPS]	0	53.185	23.680	0	71.204	0	0	0	0	
1	[SLPS]	0	53.334	23.731	0	71.014	0	0	0	0	
1	[SLPS]	0	53.486	23.787	0	70.825	0	0	0	0	
1	[SLPS]	0	53.486	23.787	0	70.825	0	0	0	0	
1	[SLPS]	0	53.784	23.896	0	70.455	0	0	0	0	
1	[SLPS]	0	53.784	23.896	0	70.455	0	0	0	0	
1	[SLPS]	0	53.930	23.961	0	70.276	0	0	0	0	
1	[SLPS]	0	54.081	24.016	0	70.095	0	0	0	0	
1	[SLPS]	0	54.081	24.016	0	70.095	0	0	0	0	
1	[SLPS]	0	54.377	24.134	0	69.734	0	0	0	0	
1	[SLPS]	0	54.377	24.134	0	69.734	0	0	0	0	
1	[SLPS]	0	54.527	24.193	0	69.558	0	0	0	0	
1	[SLPS]	0	54.681	24.253	0	69.389	0	0	0	0	
1	[SLPS]	0	54.831	24.308	0	69.229	0	0	0	0	
1	[SLPS]	0	54.978	24.368	0	69.069	0	0	0	0	
1	[SLPS]	0	54.978	24.368	0	69.069	0	0	0	0	
1	[SLPS]	0	55.283	24.478	0	68.744	0	0	0	0	
1	[SLPS]	0	55.283	24.478	0	68.744	0	0	0	0	
1	[SLPS]	0	55.433	24.536	0	68.585	0	0	0	0	
1	[SLPS]	0	55.582	24.595	0	68.432	0	0	0	0	
1	[SLPS]	0	55.582	24.595	0	68.432	0	0	0	0	
1	[SLPS]	0	55.891	24.719	0	68.145	0	0	0	0	
1	[SLPS]	0	55.891	24.719	0	68.145	0	0	0	0	
1	[SLPS]	0	56.046	24.772	0	67.998	0	0	0	0	
1	[SLPS]	0	56.192	24.834	0	67.848	0	0	0	0	
1	[SLPS]	0	56.192	24.834	0	67.848	0	0	0	0	
1	[SLPS]	0	56.496	24.960	0	67.548	0	0	0	0	
1	[SLPS]	0	56.496	24.960	0	67.548	0	0	0	0	
1	[SLPS]	0	56.635	25.038	0	67.404	0	0	0	0	
1	[SLPS]	0	56.796	25.092	0	67.264	0	0	0	0	
1	[SLPS]	0	56.796	25.092	0	67.264	0	0	0	0	
1	[SLPS]	0	57.086	25.222	0	66.995	0	0	0	0	
1	[SLPS]	0	57.086	25.222	0	66.995	0	0	0	0	
1	[SLPS]	0	57.242	25.285	0	66.863	0	0	0	0	
1	[SLPS]	0	57.396	25.348	0	66.736	0	0	0	0	
1	[SLPS]	0	57.396	25.348	0	66.736	0	0	0	0	
1	[SLPS]	0	57.697	25.483	0	66.463	0	0	0	0	
1	[SLPS]	0	57.697	25.483	0	66.463	0	0	0	0	
1	[SLPS]	0	57.843	25.555	0	66.322	0	0	0	0	
1	[SLPS]	0	57.995	25.620	0	66.189	0	0	0	0	
1	[SLPS]	0	57.995	25.620	0	66.189	0	0	0	0	
1	[SLPS]	0	58.290	25.757	0	65.928	0	0	0	0	
1	[SLPS]	0	58.290	25.757	0	65.928	0	0	0	0	
1	[SLPS]	0	58.438	25.829	0	65.799	0	0	0	0	
1	[SLPS]	0	58.588	25.899	0	65.664	0	0	0	0	
1	[SLPS]	0	58.588	25.899	0	65.664	0	0	0	0	
1	[SLPS]	0	58.884	26.053	0	65.388	0	0	0	0	
1	[SLPS]	0	58.884	26.053	0	65.388	0	0	0	0	
1	[SLPS]	0	59.028	26.126	0	65.260	0	0	0	0	
1	[SLPS]	0	59.172	26.198	0	65.145	0	0	0	0	
1	[SLPS]	0	59.324	26.275	0	65.039	0	0	0	0	
1	[SLPS]	0	59.464	26.348	0	64.945	0	0	0	0	
1	[SLPS]	0	59.464	26.348	0	64.945	0	0	0	0	
1	[SLPS]	0	59.768	26.492	0	64.803	0	0	0	0	
1	[SLPS]	0	59.768	26.492	0	64.803	0	0	0	0	
1	[SLPS]	0	59.919	26.564	0	64.744	0	0	0	0	
1	[SLPS]	0	60.073	26.636	0	64.689	0	0	0	0	
1	[SLPS]	0	60.073	26.636	0	64.689	0	0	0	0	
1	[SLPS]	0	60.375	26.779	0	64.582	0	0	0	0	
1	[SLPS]	0	60.375	26.779	0	64.582	0	0	0	0	
1	[SLPS]	0	60.530	26.854	0	64.530	0	0	0	0	
1	[SLPS]	0	60.679	26.924	0	64.494	0	0	0	0	
1	[SLPS]	0	60.679	26.924	0	64.494	0	0	0	0	
1	[SLPS]	0	60.978	27.069	0	64.431	0	0	0	0	
1	[SLPS]	0	60.978	27.069	0	64.431	0	0	0	0	
1	[SLPS]	0	61.126	27.143	0	64.404	0	0	0	0	
1	[SLPS]	0	61.278	27.212	0	64.408	0	0	0	0	
1	[SLPS]	0	61.278	27.212	0	64.408	0	0	0	0	
1	[SLPS]	0	61.587	27.362	0	64.381	0	0	0	0	
1	[SLPS]	0	61.587	27.362	0	64.381	0	0	0	0	
1	[SLPS]	0	61.734	27.433	0	64.372	0	0	0	0	
1	[SLPS]	0	61.884	27.506	0	64.357	0	0	0	0	
1	[SLPS]	0	61.884	27.506	0	64.357	0	0	0	0	
1	[SLPS]	0	62.187	27.646	0	64.348	0	0	0	0	
1	[SLPS]	0	62.187	27.646	0	64.348	0	0	0	0	
1	[SLPS]	0	62.336	27.722	0	64.316	0	0	0	0	
1	[SLPS]	0	62.490	27.794	0	64.301	0	0	0	0	
1	[SLPS]	0	62.490	27.794	0	64.301	0	0	0	0	
1	[SLPS]	0	62.796	27.943	0	64.224	0	0	0	0	
1	[SLPS]	0	62.796	27.943	0	64.224	0	0	0	0	
1	[SLPS]	0	62.951	28.016	0	64.171	0	0	0	0	
1	[SLPS]	0	63.100	28.090	0	64.119	0	0	0	0	
1	[SLPS]	0	63.100	28.090	0	64.119	0	0	0	0	
1	[SLPS]	0	63.401	28.243	0	64.018	0	0	0	0	
1	[SLPS]	0	63.401	28.243	0	64.018	0	0	0	0	
1	[SLPS]	0	63.554	28.318	0	63.976	0	0	0	0	
1	[SLPS]	0	63.706	28.394	0	63.923	0	0	0	0	
1	[SLPS]	0	63.706	28.394	0	63.923	0	0	0	0	
1	[SLPS]	0	64.011	28.545	0	63.819	0	0	0	0	
1	[SLPS]	0	64.011	28.545	0	63.819	0	0	0	0	
1	[SLPS]	0	64.165	28.619	0	63.779	0	0	0	0	
1	[SLPS]	0	64.315	28.694	0	63.734	0	0	0	0	
1	[SLPS]	0	64.315	28.694	0	63.734	0	0	0	0	
1	[SLPS]	0	64.622	28.853	0	63.627	0	0	0	0	
1	[SLPS]	0	64.622	28.853	0	63.627	0	0	0	0	
1	[SLPS]	0	64.773	28.927	0	63.586	0	0	0	0	
1	[SLPS]	0	64.923	29.007	0	63.539	0	0	0	0	
1	[SLPS]	0	65.076	29.084	0	63.505	0	0	0	0	
1	[SLPS]	0	65.229	29.163	0	63.456	0	0	0	0	
1	[SLPS]	0	65.229	29.163	0	63.456	0	0	0	0	
1	[SLPS]	0	65.539	29.315	0	63.410	0	0	0	0	
1	[SLPS]	0	65.539	29.315	0	63.410	0	0	0	0	
1	[SLPS]	0	65.689	29.400	0	63.355	0	0	0	0	
1	[SLPS]	0	65.842	29.479	0	63.329	0	0	0	0	
1	[SLPS]	0	65.842	29.479	0	63.329	0	0	0	0	
1	[SLPS]	0	66.148	29.639	0	63.286	0	0	0	0	
1	[SLPS]	0	66.148	29.639	0	63.286	0	0	0	0	
1	[SLPS]	0	66.306	29.717	0	63.279	0	0	0	0	
1	[SLPS]	0	66.454	29.800	0	63.244	0	0	0	0	
1	[SLPS]	0	66.454	29.800	0	63.244	0	0	0	0	
1	[SLPS]	0	66.764	29.951	0	63.232	0	0	0	0	
1	[SLPS]	0	66.764	29.951	0	63.232	0	0	0	0	
1	[SLPS]	0	66.917	30.033	0	63.196	0	0	0	0	
1	[SLPS]	0	67.070	30.108	0	63.183	0	0	0	0	
1	[SLPS]	0	67.070	30.108	0	63.183	0	0	0	0	
1	[SLPS]	0	67.388	30.261	0	63.167	0	0	0	0	
1	[SLPS]	0	67.388	30.261	0	63.167	0	0	0	0	
1	[SLPS]	0	67.550	30.334	0	63.177	0	0	0	0	
1	[SLPS]	0	67.699	30.419	0	63.131	0	0	0	0	
1	[SLPS]	0	67.699	30.419	0	63.131	0	0	0	0	
1	[SLPS]	0	68.011	30.574	0	63.094	0	0	0	0	
1	[SLPS]	0	68.011	30.574	0	63.094	0	0	0	0	
1	[SLPS]	0	68.170	30.650	0	63.094	0	0	0	0	
1	[SLPS]	0	68.316	30.737	0	63.053	0	0	0	0	
1	[SLPS]	0	68.316	30.737	0	63.053	0	0	0	0	
1	[SLPS]	0	68.623	30.895	0	63.037	0	0	0	0	
1	[SLPS]	0	68.623	30.895	0	63.037	0	0	0	0	
1	[SLPS]	0	68.784	30.967	0	63.051	0	0	0	0	
1	[SLPS]	0	68.927	31.064	0	62.981	0	0	0	0	
1	[SLPS]	0	68.927	31.064	0	62.981	0	0	0	0	
1	[SLPS]	0	69.236	31.222	0	62.959	0	0	0	0	
1	[SLPS]	0	69.236	31.222	0	62.959	0	0	0	0	
1	[SLPS]	0	69.393	31.312	0	62.923	0	0	0	0	
1	[SLPS]	0	69.542	31.390	0	62.914	0	0	0	0	
1	[SLPS]	0	69.699	31.474	0	62.896	0	0	0	0	
1	[SLPS]	0	69.857	31.550	0	62.895	0	0	0	0	
1	[SLPS]	0	69.857	31.550	0	62.895	0	0	0	0	
1	[SLPS]	0	70.010	31.636	0	62.862	0	0	0	0	
1	[SLPS]	0	70.164	31.711	0	62.853	0	0	0	0	
1	[SLPS]	0	70.318	31.794	0	62.823	0	0	0	0	
1	[SLPS]	0	70.474	31.872	0	62.814	0	0	0	0	
1	[SLPS]	0	70.474	31.872	0	62.814	0	0	0	0	
1	[SLPS]	0	70.789	32.027	0	62.868	0	0	0	0	
1	[SLPS]	0	70.789	32.027	0	62.868	0	0	0	0	
1	[SLPS]	0	70.946	32.115	0	62.831	0	0	0	0	
1	[SLPS]	0	71.103	32.186	0	62.833	0	0	0	0	
1	[SLPS]	0	71.103	32.186	0	62.833	0	0	0	0	
1	[SLPS]	0	71.416	32.345	0	62.805	0	0	0	0	
1	[SLPS]	0	71.416	32.345	0	62.805	0	0	0	0	
1	[SLPS]	0	71.569	32.430	0	62.791	0	0	0	0	
1	[SLPS]	0	71.726	32.512	0	62.774	0	0	0	0	
1	[SLPS]	0	71.726	32.512	0	62.774	0	0	0	0	
1	[SLPS]	0	72.037	32.660	0	62.766	0	0	0	0	
1	[SLPS]	0	72.037	32.660	0	62.766	0	0	0	0	
1	[SLPS]	0	72.191	32.743	0	62.730	0	0	0	0	
1	[SLPS]	0	72.350	32.824	0	62.700	0	0	0	0	
1	[SLPS]	0	72.350	32.824	0	62.700	0	0	0	0	
1	[SLPS]	0	72.660	32.979	0	62.662	0	0	0	0	
1	[SLPS]	0	72.660	32.979	0	62.662	0	0	0	0	
1	[SLPS]	0	72.813	33.055	0	62.655	0	0	0	0	
1	[SLPS]	0	72.977	33.134	0	62.660	0	0	0	0	
1	[SLPS]	0	72.977	33.134	0	62.660	0	0	0	0	
1	[SLPS]	0	73.286	33.294	0	62.619	0	0	0	0	
1	[SLPS]	0	73.286	33.294	0	62.619	0	0	0	0	
1	[SLPS]	0	73.439	33.374	0	62.582	0	0	0	0	
1	[SLPS]	0	73.594	33.457	0	62.542	0	0	0	0	
1	[SLPS]	0	73.747	33.541	0	62.520	0	0	0	0	
1	[SLPS]	0	73.900	33.622	0	62.527	0	0	0	0	
1	[SLPS]	0	73.900	33.622	0	62.527	0	0	0	0	
1	[SLPS]	0	74.060	33.704	0	62.547	0	0	0	0	
1	[SLPS]	0	74.212	33.790	0	62.537	0	0	0	0	
1	[SLPS]	0	74.365	33.883	0	62.500	0	0	0	0	
1	[SLPS]	0	74.523	33.967	0	62.477	0	0	0	0	
1	[SLPS]	0	74.523	33.967	0	62.477	0	0	0	0	
1	[SLPS]	0	74.680	34.047	0	62.457	0	0	0	0	
1	[SLPS]	0	74.833	34.121	0	62.458	0	0	0	0	
1	[SLPS]	0	74.987	34.202	0	62.458	0	0	0	0	
1	[SLPS]	0	75.140	34.284	0	62.461	0	0	0	0	
1	[SLPS]	0	75.140	34.284	0	62.461	0	0	0	0	
1	[SLPS]	0	75.452	34.444	0	62.466	0	0	0	0	
1	[SLPS]	0	75.452	34.444	0	62.466	0	0	0	0	
1	[SLPS]	0	75.599	34.520	0	62.467	0	0	0	0	
1	[SLPS]	0	75.751	34.602	0	62.461	0	0	0	0	
1	[SLPS]	0	75.751	34.602	0	62.461	0	0	0	0	
1	[SLPS]	0	76.058	34.754	0	62.465	0	0	0	0	
1	[SLPS]	0	76.058	34.754	0	62.465	0	0	0	0	
1	[SLPS]	0	76.209	34.832	0	62.461	0	0	0	0	
1	[SLPS]	0	76.353	34.910	0	62.462	0	0	0	0	
1	[SLPS]	0	76.353	34.910	0	62.462	0	0	0	0	
1	[SLPS]	0	76.654	35.060	0	62.484	0	0	0	0	
1	[SLPS]	0	76.654	35.060	0	62.484	0	0	0	0	
1	[SLPS]	0	76.806	35.138	0	62.490	0	0	0	0	
1	[SLPS]	0	76.945	35.209	0	62.493	0	0	0	0	
1	[SLPS]	0	76.945	35.209	0	62.493	0	0	0	0	
1	[SLPS]	0	77.230	35.358	0	62.503	0	0	0	0	
1	[SLPS]	0	77.230	35.358	0	62.503	0	0	0	0	
1	[SLPS]	0	77.372	35.438	0	62.507	0	0	0	0	
1	[SLPS]	0	77.511	35.515	0	62.520	0	0	0	0	
1	[SLPS]	0	77.511	35.515	0	62.520	0	0	0	0	
1	[SLPS]	0	77.798	35.663	0	62.572	0	0	0	0	
1	[SLPS]	0	77.798	35.663	0	62.572	0	0	0	0	
1	[SLPS]	0	77.944	35.735	0	62.594	0	0	0	0	
1	[SLPS]	0	78.086	35.808	0	62.610	0	0	0	0	
1	[SLPS]	0	78.228	35.880	0	62.622	0	0	0	0	
1	[SLPS]	0	78.373	35.954	0	62.626	0	0	0	0	
1	[SLPS]	0	78.373	35.954	0	62.626	0	0	0	0	
1	[SLPS]	0	78.506	36.023	0	62.627	0	0	0	0	
1	[SLPS]	0	78.648	36.095	0	62.639	0	0	0	0	
1	[SLPS]	0	78.788	36.170	0	62.644	0	0	0	0	
1	[SLPS]	0	78.926	36.246	0	62.643	0	0	0	0	
1	[SLPS]	0	78.926	36.246	0	62.643	0	0	0	0	
1	[SLPS]	0	79.064	36.310	0	62.655	0	0	0	0	
1	[SLPS]	0	79.208	36.387	0	62.639	0	0	0	0	
1	[SLPS]	0	79.340	36.464	0	62.611	0	0	0	0	
1	[SLPS]	0	79.486	36.526	0	62.632	0	0	0	0	
1	[SLPS]	0	79.486	36.526	0	62.632	0	0	0	0	
1	[SLPS]	0	79.759	36.671	0	62.605	0	0	0	0	
1	[SLPS]	0	79.759	36.671	0	62.605	0	0	0	0	
1	[SLPS]	0	79.898	36.747	0	62.585	0	0	0	0	
1	[SLPS]	0	80.037	36.817	0	62.576	0	0	0	0	
1	[SLPS]	0	80.037	36.817	0	62.576	0	0	0	0	
1	[SLPS]	0	80.307	36.957	0	62.587	0	0	0	0	
1	[SLPS]	0	80.307	36.957	0	62.587	0	0	0	0	
1	[SLPS]	0	80.444	37.023	0	62.604	0	0	0	0	
1	[SLPS]	0	80.579	37.094	0	62.596	0	0	0	0	
1	[SLPS]	0	80.579	37.094	0	62.596	0	0	0	0	
1	[SLPS]	0	80.854	37.232	0	62.599	0	0	0	0	
1	[SLPS]	0	80.854	37.232	0	62.599	0	0	0	0	
1	[SLPS]	0	80.987	37.300	0	62.600	0	0	0	0	
1	[SLPS]	0	81.121	37.373	0	62.597	0	0	0	0	
1	[SLPS]	0	81.121	37.373	0	62.597	0	0	0	0	
1	[SLPS]	0	81.391	37.508	0	62.620	0	0	0	0	
1	[SLPS]	0	81.391	37.508	0	62.620	0	0	0	0	
1	[SLPS]	0	81.656	37.652	0	62.634	0	0	0	0	
1	[SLPS]	0	81.656	37.652	0	62.634	0	0	0	0	
1	[SLPS]	0	81.791	37.721	0	62.654	0	0	0	0	
1	[SLPS]	0	81.925	37.788	0	62.678	0	0	0	0	
1	[SLPS]	0	81.925	37.788	0	62.678	0	0	0	0	
1	[SLPS]	0	82.192	37.924	0	62.691	0	0	0	0	
1	[SLPS]	0	82.192	37.924	0	62.691	0	0	0	0	
1	[SLPS]	0	82.327	37.996	0	62.685	0	0	0	0	
1	[SLPS]	0	82.462	38.055	0	62.707	0	0	0	0	
1	[SLPS]	0	82.462	38.055	0	62.707	0	0	0	0	
1	[SLPS]	0	82.727	38.199	0	62.710	0	0	0	0	
1	[SLPS]	0	82.727	38.199	0	62.710	0	0	0	0	
1	[SLPS]	0	82.861	38.262	0	62.728	0	0	0	0	
1	[SLPS]	0	82.995	38.329	0	62.744	0	0	0	0	
1	[SLPS]	0	82.995	38.329	0	62.744	0	0	0	0	
1	[SLPS]	0	83.260	38.470	0	62.768	0	0	0	0	
1	[SLPS]	0	83.260	38.470	0	62.768	0	0	0	0	
1	[SLPS]	0	83.393	38.541	0	62.771	0	0	0	0	
1	[SLPS]	0	83.526	38.610	0	62.774	0	0	0	0	
1	[SLPS]	0	83.526	38.610	0	62.774	0	0	0	0	
1	[SLPS]	0	83.795	38.752	0	62.789	0	0	0	0	
1	[SLPS]	0	83.795	38.752	0	62.789	0	0	0	0	
1	[SLPS]	0	83.930	38.819	0	62.806	0	0	0	0	
1	[SLPS]	0	84.064	38.889	0	62.815	0	0	0	0	
1	[SLPS]	0	84.064	38.889	0	62.815	0	0	0	0	
1	[SLPS]	0	84.334	39.030	0	62.830	0	0	0	0	
1	[SLPS]	0	84.334	39.030	0	62.830	0	0	0	0	
1	[SLPS]	0	84.470	39.099	0	62.836	0	0	0	0	
1	[SLPS]	0	84.605	39.170	0	62.839	0	0	0	0	
1	[SLPS]	0	84.605	39.170	0	62.839	0	0	0	0	
1	[SLPS]	0	84.879	39.310	0	62.856	0	0	0	0	
1	[SLPS]	0	84.879	39.310	0	62.856	0	0	0	0	
1	[SLPS]	0	85.023	39.379	0	62.879	0	0	0	0	
1	[SLPS]	0	85.154	39.450	0	62.890	0	0	0	0	
1	[SLPS]	0	85.290	39.519	0	62.901	0	0	0	0	
1	[SLPS]	0	85.427	39.588	0	62.905	0	0	0	0	
1	[SLPS]	0	85.427	39.588	0	62.905	0	0	0	0	
1	[SLPS]	0	85.699	39.727	0	62.910	0	0	0	0	
1	[SLPS]	0	85.699	39.727	0	62.910	0	0	0	0	
1	[SLPS]	0	85.844	39.802	0	62.919	0	0	0	0	
1	[SLPS]	0	85.981	39.874	0	62.930	0	0	0	0	
1	[SLPS]	0	85.981	39.874	0	62.930	0	0	0	0	
1	[SLPS]	0	86.260	40.014	0	62.963	0	0	0	0	
1	[SLPS]	0	86.260	40.014	0	62.963	0	0	0	0	
1	[SLPS]	0	86.402	40.084	0	62.976	0	0	0	0	
1	[SLPS]	0	86.543	40.153	0	62.990	0	0	0	0	
1	[SLPS]	0	86.543	40.153	0	62.990	0	0	0	0	
1	[SLPS]	0	86.822	40.298	0	63.001	0	0	0	0	
1	[SLPS]	0	86.822	40.298	0	63.001	0	0	0	0	
1	[SLPS]	0	86.961	40.366	0	63.018	0	0	0	0	
1	[SLPS]	0	87.098	40.438	0	63.022	0	0	0	0	
1	[SLPS]	0	87.098	40.438	0	63.022	0	0	0	0	
1	[SLPS]	0	87.382	40.586	0	63.030	0	0	0	0	
1	[SLPS]	0	87.382	40.586	0	63.030	0	0	0	0	
1	[SLPS]	0	87.524	40.657	0	63.044	0	0	0	0	
1	[SLPS]	0	87.667	40.730	0	63.064	0	0	0	0	
1	[SLPS]	0	87.667	40.730	0	63.064	0	0	0	0	
1	[SLPS]	0	87.953	40.872	0	63.095	0	0	0	0	
1	[SLPS]	0	87.953	40.872	0	63.095	0	0	0	0	
1	[SLPS]	0	88.101	40.943	0	63.104	0	0	0	0	
1	[SLPS]	0	88.245	41.017	0	63.102	0	0	0	0	
1	[SLPS]	0	88.245	41.017	0	63.102	0	0	0	0	
1	[SLPS]	0	88.531	41.172	0	63.099	0	0	0	0	
1	[SLPS]	0	88.531	41.172	0	63.099	0	0	0	0	
1	[SLPS]	0	88.684	41.243	0	63.128	0	0	0	0	
1	[SLPS]	0	88.827	41.318	0	63.143	0	0	0	0	
1	[SLPS]	0	88.979	41.385	0	63.170	0	0	0	0	
1	[SLPS]	0	89.126	41.459	0	63.168	0	0	0	0	
1	[SLPS]	0	89.126	41.459	0	63.168	0	0	0	0	
1	[SLPS]	0	89.268	41.543	0	63.135	0	0	0	0	
1	[SLPS]	0	89.418	41.611	0	63.140	0	0	0	0	
1	[SLPS]	0	89.569	41.689	0	63.133	0	0	0	0	
1	[SLPS]	0	89.718	41.764	0	63.134	0	0	0	0	
1	[SLPS]	0	89.718	41.764	0	63.134	0	0	0	0	
1	[SLPS]	0	90.021	41.919	0	63.128	0	0	0	0	
1	[SLPS]	0	90.021	41.919	0	63.128	0	0	0	0	
1	[SLPS]	0	90.162	42.001	0	63.112	0	0	0	0	
1	[SLPS]	0	90.315	42.079	0	63.115	0	0	0	0	
1	[SLPS]	0	90.315	42.079	0	63.115	0	0	0	0	
1	[SLPS]	0	90.631	42.227	0	63.136	0	0	0	0	
1	[SLPS]	0	90.631	42.227	0	63.136	0	0	0	0	
1	[SLPS]	0	90.790	42.308	0	63.125	0	0	0	0	
1	[SLPS]	0	90.945	42.380	0	63.137	0	0	0	0	
1	[SLPS]	0	90.945	42.380	0	63.137	0	0	0	0	
1	[SLPS]	0	91.256	42.542	0	63.130	0	0	0	0	
1	[SLPS]	0	91.256	42.542	0	63.130	0	0	0	0	
1	[SLPS]	0	91.412	42.626	0	63.127	0	0	0	0	
1	[SLPS]	0	91.565	42.707	0	63.128	0	0	0	0	
1	[SLPS]	0	91.565	42.707	0	63.128	0	0	0	0	
1	[SLPS]	0	91.887	42.868	0	63.131	0	0	0	0	
1	[SLPS]	0	91.887	42.868	0	63.131	0	0	0	0	
1	[SLPS]	0	92.039	42.947	0	63.125	0	0	0	0	
1	[SLPS]	0	92.197	43.028	0	63.128	0	0	0	0	
1	[SLPS]	0	92.197	43.028	0	63.128	0	0	0	0	
1	[SLPS]	0	92.520	43.183	0	63.147	0	0	0	0	
1	[SLPS]	0	92.520	43.183	0	63.147	0	0	0	0	
1	[SLPS]	0	92.838	43.345	0	63.144	0	0	0	0	
1	[SLPS]	0	92.838	43.345	0	63.144	0	0	0	0	
1	[SLPS]	0	92.999	43.435	0	63.129	0	0	0	0	
1	[SLPS]	0	93.167	43.507	0	63.163	0	0	0	0	
1	[SLPS]	0	93.167	43.507	0	63.163	0	0	0	0	
1	[SLPS]	0	93.490	43.669	0	63.168	0	0	0	0	
1	[SLPS]	0	93.490	43.669	0	63.168	0	0	0	0	
1	[SLPS]	0	93.650	43.753	0	63.164	0	0	0	0	
1	[SLPS]	0	93.819	43.832	0	63.178	0	0	0	0	
1	[SLPS]	0	93.819	43.832	0	63.178	0	0	0	0	
1	[SLPS]	0	94.151	43.997	0	63.181	0	0	0	0	
1	[SLPS]	0	94.151	43.997	0	63.181	0	0	0	0	
1	[SLPS]	0	94.314	44.084	0	63.173	0	0	0	0	
1	[SLPS]	0	94.480	44.165	0	63.179	0	0	0	0	
1	[SLPS]	0	94.480	44.165	0	63.179	0	0	0	0	
1	[SLPS]	0	94.809	44.338	0	63.175	0	0	0	0	
1	[SLPS]	0	94.809	44.338	0	63.175	0	0	0	0	
1	[SLPS]	0	94.976	44.419	0	63.188	0	0	0	0	
1	[SLPS]	0	95.141	44.505	0	63.183	0	0	0	0	
1	[SLPS]	0	95.141	44.505	0	63.183	0	0	0	0	
1	[SLPS]	0	95.475	44.678	0	63.179	0	0	0	0	
1	[SLPS]	0	95.475	44.678	0	63.179	0	0	0	0	
1	[SLPS]	0	95.639	44.760	0	63.179	0	0	0	0	
1	[SLPS]	0	95.805	44.850	0	63.173	0	0	0	0	
1	[SLPS]	0	95.805	44.850	0	63.173	0	0	0	0	
1	[SLPS]	0	96.141	45.020	0	63.184	0	0	0	0	
1	[SLPS]	0	96.141	45.020	0	63.184	0	0	0	0	
1	[SLPS]	0	96.311	45.108	0	63.181	0	0	0	0	
1	[SLPS]	0	96.480	45.192	0	63.185	0	0	0	0	
1	[SLPS]	0	96.480	45.192	0	63.185	0	0	0	0	
1	[SLPS]	0	96.820	45.364	0	63.187	0	0	0	0	
1	[SLPS]	0	96.820	45.364	0	63.187	0	0	0	0	
1	[SLPS]	0	97.162	45.539	0	63.187	0	0	0	0	
1	[SLPS]	0	97.162	45.539	0	63.187	0	0	0	0	
1	[SLPS]	0	97.334	45.625	0	63.187	0	0	0	0	
1	[SLPS]	0	97.503	45.713	0	63.177	0	0	0	0	
1	[SLPS]	0	97.503	45.713	0	63.177	0	0	0	0	
1	[SLPS]	0	97.853	45.886	0	63.166	0	0	0	0	
1	[SLPS]	0	97.853	45.886	0	63.166	0	0	0	0	
1	[SLPS]	0	98.033	45.973	0	63.161	0	0	0	0	
1	[SLPS]	0	98.206	46.067	0	63.137	0	0	0	0	
1	[SLPS]	0	98.206	46.067	0	63.137	0	0	0	0	
1	[SLPS]	0	98.558	46.237	0	63.129	0	0	0	0	
1	[SLPS]	0	98.558	46.237	0	63.129	0	0	0	0	
1	[SLPS]	0	98.735	46.322	0	63.120	0	0	0	0	
1	[SLPS]	0	98.910	46.409	0	63.103	0	0	0	0	
1	[SLPS]	0	98.910	46.409	0	63.103	0	0	0	0	
1	[SLPS]	0	99.253	46.580	0	63.076	0	0	0	0	
1	[SLPS]	0	99.253	46.580	0	63.076	0	0	0	0	
1	[SLPS]	0	99.427	46.666	0	63.068	0	0	0	0	
1	[SLPS]	0	99.598	46.753	0	63.059	0	0	0	0	
1	[SLPS]	0	99.598	46.753	0	63.059	0	0	0	0	
1	[SLPS]	0	99.945	46.933	0	63.040	0	0	0	0	
1	[SLPS]	0	99.945	46.933	0	63.040	0	0	0	0	
1	[SLPS]	0	100.113	47.014	0	63.035	0	0	0	0	
1	[SLPS]	0	100.284	47.102	0	63.028	0	0	0	0	
1	[SLPS]	0	100.284	47.102	0	63.028	0	0	0	0	
1	[SLPS]	0	100.627	47.283	0	63.015	0	0	0	0	
1	[SLPS]	0	100.627	47.283	0	63.015	0	0	0	0	
1	[SLPS]	0	100.795	47.367	0	63.012	0	0	0	0	
1	[SLPS]	0	100.970	47.457	0	62.998	0	0	0	0	
1	[SLPS]	0	101.143	47.553	0	62.973	0	0	0	0	
1	[SLPS]	0	101.313	47.640	0	62.963	0	0	0	0	
1	[SLPS]	0	101.313	47.640	0	62.963	0	0	0	0	
1	[SLPS]	0	101.486	47.732	0	62.950	0	0	0	0	
1	[SLPS]	0	101.659	47.816	0	62.949	0	0	0	0	
1	[SLPS]	0	101.832	47.908	0	62.933	0	0	0	0	
1	[SLPS]	0	102.005	47.997	0	62.922	0	0	0	0	
1	[SLPS]	0	102.005	47.997	0	62.922	0	0	0	0	
1	[SLPS]	0	102.176	48.085	0	62.908	0	0	0	0	
1	[SLPS]	0	102.347	48.174	0	62.896	0	0	0	0	
1	[SLPS]	0	102.515	48.271	0	62.868	0	0	0	0	
1	[SLPS]	0	102.692	48.358	0	62.861	0	0	0	0	
1	[SLPS]	0	102.692	48.358	0	62.861	0	0	0	0	
1	[SLPS]	0	103.025	48.532	0	62.834	0	0	0	0	
1	[SLPS]	0	103.025	48.532	0	62.834	0	0	0	0	
1	[SLPS]	0	103.025	48.532	0	62.834	0	0	0	0	
1	[SLPS]	0	103.365	48.708	0	62.805	0	0	0	0	
1	[SLPS]	0	103.365	48.708	0	62.805	0	0	0	0	
1	[SLPS]	0	103.538	48.796	0	62.799	0	0	0	0	
1	[SLPS]	0	103.708	48.880	0	62.799	0	0	0	0	
1	[SLPS]	0	103.879	48.959	0	62.800	0	0	0	0	
1	[SLPS]	0	104.047	49.048	0	62.784	0	0	0	0	
1	[SLPS]	0	104.047	49.048	0	62.784	0	0	0	0	
1	[SLPS]	0	104.381	49.222	0	62.767	0	0	0	0	
1	[SLPS]	0	104.381	49.222	0	62.767	0	0	0	0	
1	[SLPS]	0	104.549	49.307	0	62.762	0	0	0	0	
1	[SLPS]	0	104.719	49.394	0	62.757	0	0	0	0	
1	[SLPS]	0	104.719	49.394	0	62.757	0	0	0	0	
1	[SLPS]	0	105.056	49.563	0	62.733	0	0	0	0	
1	[SLPS]	0	105.056	49.563	0	62.733	0	0	0	0	
1	[SLPS]	0	105.221	49.651	0	62.718	0	0	0	0	
1	[SLPS]	0	105.389	49.737	0	62.707	0	0	0	0	
1	[SLPS]	0	105.389	49.737	0	62.707	0	0	0	0	
1	[SLPS]	0	105.715	49.908	0	62.679	0	0	0	0	
1	[SLPS]	0	105.715	49.908	0	62.679	0	0	0	0	
1	[SLPS]	0	105.873	49.988	0	62.677	0	0	0	0	
1	[SLPS]	0	106.036	50.072	0	62.673	0	0	0	0	
1	[SLPS]	0	106.036	50.072	0	62.673	0	0	0	0	
1	[SLPS]	0	106.352	50.236	0	62.659	0	0	0	0	
1	[SLPS]	0	106.352	50.236	0	62.659	0	0	0	0	
1	[SLPS]	0	106.513	50.318	0	62.654	0	0	0	0	
1	[SLPS]	0	106.669	50.399	0	62.644	0	0	0	0	
1	[SLPS]	0	106.669	50.399	0	62.644	0	0	0	0	
1	[SLPS]	0	106.977	50.564	0	62.622	0	0	0	0	
1	[SLPS]	0	106.977	50.564	0	62.622	0	0	0	0	
1	[SLPS]	0	107.138	50.647	0	62.619	0	0	0	0	
1	[SLPS]	0	107.295	50.725	0	62.619	0	0	0	0	
1	[SLPS]	0	107.449	50.809	0	62.610	0	0	0	0	
1	[SLPS]	0	107.606	50.890	0	62.602	0	0	0	0	
1	[SLPS]	0	107.606	50.890	0	62.602	0	0	0	0	
1	[SLPS]	0	107.761	50.966	0	62.599	0	0	0	0	
1	[SLPS]	0	107.916	51.043	0	62.594	0	0	0	0	
1	[SLPS]	0	108.072	51.123	0	62.584	0	0	0	0	
1	[SLPS]	0	108.222	51.199	0	62.581	0	0	0	0	
1	[SLPS]	0	108.222	51.199	0	62.581	0	0	0	0	
1	[SLPS]	0	108.530	51.360	0	62.557	0	0	0	0	
1	[SLPS]	0	108.530	51.360	0	62.557	0	0	0	0	
1	[SLPS]	0	108.682	51.439	0	62.546	0	0	0	0	
1	[SLPS]	0	108.834	51.517	0	62.534	0	0	0	0	
1	[SLPS]	0	108.834	51.517	0	62.534	0	0	0	0	
1	[SLPS]	0	109.146	51.676	0	62.521	0	0	0	0	
1	[SLPS]	0	109.146	51.676	0	62.521	0	0	0	0	
1	[SLPS]	0	109.299	51.757	0	62.515	0	0	0	0	
1	[SLPS]	0	109.452	51.836	0	62.511	0	0	0	0	
1	[SLPS]	0	109.452	51.836	0	62.511	0	0	0	0	
1	[SLPS]	0	109.757	51.995	0	62.490	0	0	0	0	
1	[SLPS]	0	109.757	51.995	0	62.490	0	0	0	0	
1	[SLPS]	0	109.908	52.074	0	62.476	0	0	0	0	
1	[SLPS]	0	110.056	52.150	0	62.466	0	0	0	0	
1	[SLPS]	0	110.056	52.150	0	62.466	0	0	0	0	
1	[SLPS]	0	110.350	52.309	0	62.449	0	0	0	0	
1	[SLPS]	0	110.350	52.309	0	62.449	0	0	0	0	
1	[SLPS]	0	110.502	52.386	0	62.451	0	0	0	0	
1	[SLPS]	0	110.652	52.468	0	62.440	0	0	0	0	
1	[SLPS]	0	110.800	52.547	0	62.427	0	0	0	0	
1	[SLPS]	0	110.946	52.626	0	62.414	0	0	0	0	
1	[SLPS]	0	110.946	52.626	0	62.414	0	0	0	0	
1	[SLPS]	0	111.099	52.705	0	62.404	0	0	0	0	
1	[SLPS]	0	111.241	52.784	0	62.394	0	0	0	0	
1	[SLPS]	0	111.241	52.784	0	62.394	0	0	0	0	
1	[SLPS]	0	111.542	52.939	0	62.398	0	0	0	0	
1	[SLPS]	0	111.542	52.939	0	62.398	0	0	0	0	
1	[SLPS]	0	111.687	53.013	0	62.405	0	0	0	0	
1	[SLPS]	0	111.833	53.091	0	62.418	0	0	0	0	
1	[SLPS]	0	111.833	53.091	0	62.418	0	0	0	0	
1	[SLPS]	0	112.126	53.244	0	62.447	0	0	0	0	
1	[SLPS]	0	112.126	53.244	0	62.447	0	0	0	0	
1	[SLPS]	0	112.271	53.323	0	62.458	0	0	0	0	
1	[SLPS]	0	112.418	53.399	0	62.470	0	0	0	0	
1	[SLPS]	0	112.418	53.399	0	62.470	0	0	0	0	
1	[SLPS]	0	112.715	53.551	0	62.502	0	0	0	0	
1	[SLPS]	0	112.715	53.551	0	62.502	0	0	0	0	
1	[SLPS]	0	112.864	53.626	0	62.520	0	0	0	0	
1	[SLPS]	0	113.008	53.705	0	62.523	0	0	0	0	
1	[SLPS]	0	113.008	53.705	0	62.523	0	0	0	0	
1	[SLPS]	0	113.304	53.858	0	62.542	0	0	0	0	
1	[SLPS]	0	113.304	53.858	0	62.542	0	0	0	0	
1	[SLPS]	0	113.453	53.934	0	62.554	0	0	0	0	
1	[SLPS]	0	113.600	54.012	0	62.568	0	0	0	0	
1	[SLPS]	0	113.600	54.012	0	62.568	0	0	0	0	
1	[SLPS]	0	113.899	54.163	0	62.603	0	0	0	0	
1	[SLPS]	0	113.899	54.163	0	62.603	0	0	0	0	
1	[SLPS]	0	114.047	54.239	0	62.616	0	0	0	0	
1	[SLPS]	0	114.192	54.314	0	62.628	0	0	0	0	
1	[SLPS]	0	114.342	54.387	0	62.641	0	0	0	0	
1	[SLPS]	0	114.492	54.462	0	62.654	0	0	0	0	
1	[SLPS]	0	114.492	54.462	0	62.654	0	0	0	0	
1	[SLPS]	0	114.790	54.612	0	62.684	0	0	0	0	
1	[SLPS]	0	114.790	54.612	0	62.684	0	0	0	0	
1	[SLPS]	0	114.935	54.684	0	62.702	0	0	0	0	
1	[SLPS]	0	115.083	54.763	0	62.709	0	0	0	0	
1	[SLPS]	0	115.083	54.763	0	62.709	0	0	0	0	
1	[SLPS]	0	115.372	54.917	0	62.719	0	0	0	0	
1	[SLPS]	0	115.372	54.917	0	62.719	0	0	0	0	
1	[SLPS]	0	115.518	54.987	0	62.741	0	0	0	0	
1	[SLPS]	0	115.666	55.064	0	62.752	0	0	0	0	
1	[SLPS]	0	115.666	55.064	0	62.752	0	0	0	0	
1	[SLPS]	0	115.956	55.212	0	62.770	0	0	0	0	
1	[SLPS]	0	115.956	55.212	0	62.770	0	0	0	0	
1	[SLPS]	0	116.104	55.286	0	62.771	0	0	0	0	
1	[SLPS]	0	116.247	55.368	0	62.756	0	0	0	0	
