1	[SLPS]	0	578.757	-169.898	0	146.702	0	0	0	0	
1	[SLPS]	0	578.846	-170.028	0	146.654	0	0	0	0	
1	[SLPS]	0	578.932	-170.163	0	146.642	0	0	0	0	
1	[SLPS]	0	578.932	-170.163	0	146.642	0	0	0	0	
1	[SLPS]	0	579.108	-170.424	0	146.572	0	0	0	0	
1	[SLPS]	0	579.108	-170.424	0	146.572	0	0	0	0	
1	[SLPS]	0	579.196	-170.555	0	146.536	0	0	0	0	
1	[SLPS]	0	579.284	-170.690	0	146.518	0	0	0	0	
1	[SLPS]	0	579.372	-170.821	0	146.494	0	0	0	0	
1	[SLPS]	0	579.459	-170.952	0	146.471	0	0	0	0	
1	[SLPS]	0	579.459	-170.952	0	146.471	0	0	0	0	
1	[SLPS]	0	579.543	-171.078	0	146.440	0	0	0	0	
1	[SLPS]	0	579.632	-171.208	0	146.403	0	0	0	0	
1	[SLPS]	0	579.719	-171.339	0	146.375	0	0	0	0	
1	[SLPS]	0	579.804	-171.467	0	146.342	0	0	0	0	
1	[SLPS]	0	579.804	-171.467	0	146.342	0	0	0	0	
1	[SLPS]	0	579.970	-171.723	0	146.311	0	0	0	0	
1	[SLPS]	0	579.970	-171.723	0	146.311	0	0	0	0	
1	[SLPS]	0	580.055	-171.853	0	146.296	0	0	0	0	
1	[SLPS]	0	580.143	-171.983	0	146.264	0	0	0	0	
1	[SLPS]	0	580.143	-171.983	0	146.264	0	0	0	0	
1	[SLPS]	0	580.313	-172.242	0	146.201	0	0	0	0	
1	[SLPS]	0	580.313	-172.242	0	146.201	0	0	0	0	
1	[SLPS]	0	580.399	-172.369	0	146.171	0	0	0	0	
1	[SLPS]	0	580.484	-172.497	0	146.151	0	0	0	0	
1	[SLPS]	0	580.484	-172.497	0	146.151	0	0	0	0	
1	[SLPS]	0	580.656	-172.752	0	146.105	0	0	0	0	
1	[SLPS]	0	580.656	-172.752	0	146.105	0	0	0	0	
1	[SLPS]	0	580.744	-172.882	0	146.069	0	0	0	0	
1	[SLPS]	0	580.829	-173.009	0	146.041	0	0	0	0	
1	[SLPS]	0	580.829	-173.009	0	146.041	0	0	0	0	
1	[SLPS]	0	581.001	-173.262	0	145.987	0	0	0	0	
1	[SLPS]	0	581.001	-173.262	0	145.987	0	0	0	0	
1	[SLPS]	0	581.088	-173.389	0	145.958	0	0	0	0	
1	[SLPS]	0	581.175	-173.517	0	145.928	0	0	0	0	
1	[SLPS]	0	581.261	-173.645	0	145.909	0	0	0	0	
1	[SLPS]	0	581.345	-173.771	0	145.898	0	0	0	0	
1	[SLPS]	0	581.345	-173.771	0	145.898	0	0	0	0	
1	[SLPS]	0	581.515	-174.021	0	145.871	0	0	0	0	
1	[SLPS]	0	581.515	-174.021	0	145.871	0	0	0	0	
1	[SLPS]	0	581.604	-174.149	0	145.853	0	0	0	0	
1	[SLPS]	0	581.689	-174.279	0	145.842	0	0	0	0	
1	[SLPS]	0	581.689	-174.279	0	145.842	0	0	0	0	
1	[SLPS]	0	581.775	-174.404	0	145.826	0	0	0	0	
1	[SLPS]	0	581.860	-174.530	0	145.819	0	0	0	0	
1	[SLPS]	0	581.860	-174.530	0	145.819	0	0	0	0	
1	[SLPS]	0	582.030	-174.779	0	145.784	0	0	0	0	
1	[SLPS]	0	582.030	-174.779	0	145.784	0	0	0	0	
1	[SLPS]	0	582.118	-174.906	0	145.766	0	0	0	0	
1	[SLPS]	0	582.203	-175.033	0	145.749	0	0	0	0	
1	[SLPS]	0	582.203	-175.033	0	145.749	0	0	0	0	
1	[SLPS]	0	582.376	-175.290	0	145.735	0	0	0	0	
1	[SLPS]	0	582.376	-175.290	0	145.735	0	0	0	0	
1	[SLPS]	0	582.464	-175.420	0	145.726	0	0	0	0	
1	[SLPS]	0	582.552	-175.549	0	145.718	0	0	0	0	
1	[SLPS]	0	582.552	-175.549	0	145.718	0	0	0	0	
1	[SLPS]	0	582.733	-175.813	0	145.691	0	0	0	0	
1	[SLPS]	0	582.733	-175.813	0	145.691	0	0	0	0	
1	[SLPS]	0	582.823	-175.947	0	145.685	0	0	0	0	
1	[SLPS]	0	582.913	-176.079	0	145.676	0	0	0	0	
1	[SLPS]	0	582.913	-176.079	0	145.676	0	0	0	0	
1	[SLPS]	0	583.100	-176.350	0	145.633	0	0	0	0	
1	[SLPS]	0	583.100	-176.350	0	145.633	0	0	0	0	
1	[SLPS]	0	583.194	-176.486	0	145.614	0	0	0	0	
1	[SLPS]	0	583.287	-176.622	0	145.600	0	0	0	0	
1	[SLPS]	0	583.287	-176.622	0	145.600	0	0	0	0	
1	[SLPS]	0	583.478	-176.904	0	145.583	0	0	0	0	
1	[SLPS]	0	583.478	-176.904	0	145.583	0	0	0	0	
1	[SLPS]	0	583.574	-177.045	0	145.577	0	0	0	0	
1	[SLPS]	0	583.671	-177.189	0	145.569	0	0	0	0	
1	[SLPS]	0	583.671	-177.189	0	145.569	0	0	0	0	
1	[SLPS]	0	583.870	-177.480	0	145.543	0	0	0	0	
1	[SLPS]	0	583.870	-177.480	0	145.543	0	0	0	0	
1	[SLPS]	0	583.973	-177.626	0	145.521	0	0	0	0	
1	[SLPS]	0	584.073	-177.772	0	145.509	0	0	0	0	
1	[SLPS]	0	584.073	-177.772	0	145.509	0	0	0	0	
1	[SLPS]	0	584.273	-178.068	0	145.508	0	0	0	0	
1	[SLPS]	0	584.273	-178.068	0	145.508	0	0	0	0	
1	[SLPS]	0	584.482	-178.361	0	145.465	0	0	0	0	
1	[SLPS]	0	584.482	-178.361	0	145.465	0	0	0	0	
1	[SLPS]	0	584.583	-178.509	0	145.456	0	0	0	0	
1	[SLPS]	0	584.686	-178.658	0	145.443	0	0	0	0	
1	[SLPS]	0	584.686	-178.658	0	145.443	0	0	0	0	
1	[SLPS]	0	584.892	-178.955	0	145.423	0	0	0	0	
1	[SLPS]	0	584.892	-178.955	0	145.423	0	0	0	0	
1	[SLPS]	0	584.996	-179.106	0	145.411	0	0	0	0	
1	[SLPS]	0	585.096	-179.260	0	145.415	0	0	0	0	
1	[SLPS]	0	585.096	-179.260	0	145.415	0	0	0	0	
1	[SLPS]	0	585.304	-179.559	0	145.387	0	0	0	0	
1	[SLPS]	0	585.304	-179.559	0	145.387	0	0	0	0	
1	[SLPS]	0	585.410	-179.713	0	145.369	0	0	0	0	
1	[SLPS]	0	585.514	-179.868	0	145.356	0	0	0	0	
1	[SLPS]	0	585.514	-179.868	0	145.356	0	0	0	0	
1	[SLPS]	0	585.730	-180.171	0	145.303	0	0	0	0	
1	[SLPS]	0	585.730	-180.171	0	145.303	0	0	0	0	
1	[SLPS]	0	585.837	-180.326	0	145.295	0	0	0	0	
1	[SLPS]	0	585.941	-180.481	0	145.292	0	0	0	0	
1	[SLPS]	0	585.941	-180.481	0	145.292	0	0	0	0	
1	[SLPS]	0	586.156	-180.796	0	145.269	0	0	0	0	
1	[SLPS]	0	586.156	-180.796	0	145.269	0	0	0	0	
1	[SLPS]	0	586.263	-180.951	0	145.247	0	0	0	0	
1	[SLPS]	0	586.369	-181.107	0	145.235	0	0	0	0	
1	[SLPS]	0	586.369	-181.107	0	145.235	0	0	0	0	
1	[SLPS]	0	586.476	-181.264	0	145.228	0	0	0	0	
1	[SLPS]	0	586.584	-181.421	0	145.221	0	0	0	0	
1	[SLPS]	0	586.584	-181.421	0	145.221	0	0	0	0	
1	[SLPS]	0	586.804	-181.738	0	145.209	0	0	0	0	
1	[SLPS]	0	586.804	-181.738	0	145.209	0	0	0	0	
1	[SLPS]	0	586.913	-181.895	0	145.188	0	0	0	0	
1	[SLPS]	0	587.022	-182.048	0	145.158	0	0	0	0	
1	[SLPS]	0	587.022	-182.048	0	145.158	0	0	0	0	
1	[SLPS]	0	587.242	-182.359	0	145.130	0	0	0	0	
1	[SLPS]	0	587.242	-182.359	0	145.130	0	0	0	0	
1	[SLPS]	0	587.354	-182.516	0	145.121	0	0	0	0	
1	[SLPS]	0	587.464	-182.672	0	145.116	0	0	0	0	
1	[SLPS]	0	587.464	-182.672	0	145.116	0	0	0	0	
1	[SLPS]	0	587.686	-182.988	0	145.085	0	0	0	0	
1	[SLPS]	0	587.686	-182.988	0	145.085	0	0	0	0	
1	[SLPS]	0	587.797	-183.147	0	145.071	0	0	0	0	
1	[SLPS]	0	587.906	-183.304	0	145.071	0	0	0	0	
1	[SLPS]	0	587.906	-183.304	0	145.071	0	0	0	0	
1	[SLPS]	0	588.129	-183.625	0	145.096	0	0	0	0	
1	[SLPS]	0	588.129	-183.625	0	145.096	0	0	0	0	
1	[SLPS]	0	588.240	-183.792	0	145.115	0	0	0	0	
1	[SLPS]	0	588.350	-183.953	0	145.118	0	0	0	0	
1	[SLPS]	0	588.350	-183.953	0	145.118	0	0	0	0	
1	[SLPS]	0	588.571	-184.271	0	145.119	0	0	0	0	
1	[SLPS]	0	588.571	-184.271	0	145.119	0	0	0	0	
1	[SLPS]	0	588.797	-184.597	0	145.137	0	0	0	0	
1	[SLPS]	0	588.797	-184.597	0	145.137	0	0	0	0	
1	[SLPS]	0	588.911	-184.762	0	145.154	0	0	0	0	
1	[SLPS]	0	589.027	-184.927	0	145.162	0	0	0	0	
1	[SLPS]	0	589.027	-184.927	0	145.162	0	0	0	0	
1	[SLPS]	0	589.256	-185.251	0	145.185	0	0	0	0	
1	[SLPS]	0	589.256	-185.251	0	145.185	0	0	0	0	
1	[SLPS]	0	589.370	-185.417	0	145.206	0	0	0	0	
1	[SLPS]	0	589.485	-185.583	0	145.222	0	0	0	0	
1	[SLPS]	0	589.485	-185.583	0	145.222	0	0	0	0	
1	[SLPS]	0	589.714	-185.913	0	145.261	0	0	0	0	
1	[SLPS]	0	589.714	-185.913	0	145.261	0	0	0	0	
1	[SLPS]	0	589.826	-186.079	0	145.288	0	0	0	0	
1	[SLPS]	0	589.940	-186.250	0	145.314	0	0	0	0	
1	[SLPS]	0	589.940	-186.250	0	145.314	0	0	0	0	
1	[SLPS]	0	590.167	-186.583	0	145.350	0	0	0	0	
1	[SLPS]	0	590.167	-186.583	0	145.350	0	0	0	0	
1	[SLPS]	0	590.286	-186.751	0	145.356	0	0	0	0	
1	[SLPS]	0	590.399	-186.919	0	145.377	0	0	0	0	
1	[SLPS]	0	590.399	-186.919	0	145.377	0	0	0	0	
1	[SLPS]	0	590.512	-187.086	0	145.400	0	0	0	0	
1	[SLPS]	0	590.626	-187.253	0	145.418	0	0	0	0	
1	[SLPS]	0	590.746	-187.421	0	145.426	0	0	0	0	
1	[SLPS]	0	590.858	-187.592	0	145.462	0	0	0	0	
1	[SLPS]	0	590.858	-187.592	0	145.462	0	0	0	0	
1	[SLPS]	0	591.089	-187.926	0	145.499	0	0	0	0	
1	[SLPS]	0	591.089	-187.926	0	145.499	0	0	0	0	
1	[SLPS]	0	591.206	-188.098	0	145.516	0	0	0	0	
1	[SLPS]	0	591.324	-188.269	0	145.521	0	0	0	0	
1	[SLPS]	0	591.324	-188.269	0	145.521	0	0	0	0	
1	[SLPS]	0	591.557	-188.612	0	145.546	0	0	0	0	
1	[SLPS]	0	591.557	-188.612	0	145.546	0	0	0	0	
1	[SLPS]	0	591.675	-188.783	0	145.557	0	0	0	0	
1	[SLPS]	0	591.798	-188.958	0	145.556	0	0	0	0	
1	[SLPS]	0	591.798	-188.958	0	145.556	0	0	0	0	
1	[SLPS]	0	592.033	-189.306	0	145.568	0	0	0	0	
1	[SLPS]	0	592.033	-189.306	0	145.568	0	0	0	0	
1	[SLPS]	0	592.153	-189.483	0	145.583	0	0	0	0	
1	[SLPS]	0	592.270	-189.658	0	145.606	0	0	0	0	
1	[SLPS]	0	592.270	-189.658	0	145.606	0	0	0	0	
1	[SLPS]	0	592.507	-190.007	0	145.641	0	0	0	0	
1	[SLPS]	0	592.507	-190.007	0	145.641	0	0	0	0	
1	[SLPS]	0	592.625	-190.181	0	145.659	0	0	0	0	
1	[SLPS]	0	592.744	-190.354	0	145.664	0	0	0	0	
1	[SLPS]	0	592.744	-190.354	0	145.664	0	0	0	0	
1	[SLPS]	0	592.981	-190.704	0	145.699	0	0	0	0	
1	[SLPS]	0	592.981	-190.704	0	145.699	0	0	0	0	
1	[SLPS]	0	593.098	-190.875	0	145.709	0	0	0	0	
1	[SLPS]	0	593.217	-191.054	0	145.728	0	0	0	0	
1	[SLPS]	0	593.217	-191.054	0	145.728	0	0	0	0	
1	[SLPS]	0	593.453	-191.401	0	145.758	0	0	0	0	
1	[SLPS]	0	593.453	-191.401	0	145.758	0	0	0	0	
1	[SLPS]	0	593.569	-191.576	0	145.783	0	0	0	0	
1	[SLPS]	0	593.687	-191.748	0	145.793	0	0	0	0	
1	[SLPS]	0	593.687	-191.748	0	145.793	0	0	0	0	
1	[SLPS]	0	593.924	-192.099	0	145.817	0	0	0	0	
1	[SLPS]	0	593.924	-192.099	0	145.817	0	0	0	0	
1	[SLPS]	0	594.160	-192.447	0	145.848	0	0	0	0	
1	[SLPS]	0	594.160	-192.447	0	145.848	0	0	0	0	
1	[SLPS]	0	594.279	-192.620	0	145.853	0	0	0	0	
1	[SLPS]	0	594.395	-192.793	0	145.860	0	0	0	0	
1	[SLPS]	0	594.395	-192.793	0	145.860	0	0	0	0	
1	[SLPS]	0	594.631	-193.144	0	145.886	0	0	0	0	
1	[SLPS]	0	594.631	-193.144	0	145.886	0	0	0	0	
1	[SLPS]	0	594.747	-193.318	0	145.904	0	0	0	0	
1	[SLPS]	0	594.864	-193.490	0	145.916	0	0	0	0	
1	[SLPS]	0	594.864	-193.490	0	145.916	0	0	0	0	
1	[SLPS]	0	595.098	-193.841	0	145.947	0	0	0	0	
1	[SLPS]	0	595.098	-193.841	0	145.947	0	0	0	0	
1	[SLPS]	0	595.217	-194.012	0	145.939	0	0	0	0	
1	[SLPS]	0	595.334	-194.185	0	145.951	0	0	0	0	
1	[SLPS]	0	595.334	-194.185	0	145.951	0	0	0	0	
1	[SLPS]	0	595.451	-194.361	0	145.971	0	0	0	0	
1	[SLPS]	0	595.565	-194.532	0	145.985	0	0	0	0	
1	[SLPS]	0	595.683	-194.705	0	145.995	0	0	0	0	
1	[SLPS]	0	595.797	-194.880	0	146.018	0	0	0	0	
1	[SLPS]	0	595.797	-194.880	0	146.018	0	0	0	0	
1	[SLPS]	0	596.028	-195.226	0	146.046	0	0	0	0	
1	[SLPS]	0	596.028	-195.226	0	146.046	0	0	0	0	
1	[SLPS]	0	596.145	-195.399	0	146.060	0	0	0	0	
1	[SLPS]	0	596.260	-195.572	0	146.071	0	0	0	0	
1	[SLPS]	0	596.260	-195.572	0	146.071	0	0	0	0	
1	[SLPS]	0	596.488	-195.915	0	146.095	0	0	0	0	
1	[SLPS]	0	596.488	-195.915	0	146.095	0	0	0	0	
1	[SLPS]	0	596.608	-196.091	0	146.101	0	0	0	0	
1	[SLPS]	0	596.723	-196.255	0	146.090	0	0	0	0	
1	[SLPS]	0	596.723	-196.255	0	146.090	0	0	0	0	
1	[SLPS]	0	596.954	-196.600	0	146.076	0	0	0	0	
1	[SLPS]	0	596.954	-196.600	0	146.076	0	0	0	0	
1	[SLPS]	0	597.068	-196.772	0	146.074	0	0	0	0	
1	[SLPS]	0	597.180	-196.941	0	146.076	0	0	0	0	
1	[SLPS]	0	597.180	-196.941	0	146.076	0	0	0	0	
1	[SLPS]	0	597.404	-197.290	0	146.079	0	0	0	0	
1	[SLPS]	0	597.404	-197.290	0	146.079	0	0	0	0	
1	[SLPS]	0	597.522	-197.461	0	146.059	0	0	0	0	
1	[SLPS]	0	597.636	-197.632	0	146.047	0	0	0	0	
1	[SLPS]	0	597.636	-197.632	0	146.047	0	0	0	0	
1	[SLPS]	0	597.872	-197.972	0	146.011	0	0	0	0	
1	[SLPS]	0	597.872	-197.972	0	146.011	0	0	0	0	
1	[SLPS]	0	597.989	-198.143	0	145.998	0	0	0	0	
1	[SLPS]	0	598.104	-198.313	0	145.986	0	0	0	0	
1	[SLPS]	0	598.217	-198.484	0	145.967	0	0	0	0	
1	[SLPS]	0	598.331	-198.657	0	145.941	0	0	0	0	
1	[SLPS]	0	598.331	-198.657	0	145.941	0	0	0	0	
1	[SLPS]	0	598.446	-198.828	0	145.915	0	0	0	0	
1	[SLPS]	0	598.557	-198.999	0	145.895	0	0	0	0	
1	[SLPS]	0	598.674	-199.170	0	145.873	0	0	0	0	
1	[SLPS]	0	598.788	-199.339	0	145.862	0	0	0	0	
1	[SLPS]	0	598.788	-199.339	0	145.862	0	0	0	0	
1	[SLPS]	0	598.905	-199.507	0	145.848	0	0	0	0	
1	[SLPS]	0	599.022	-199.676	0	145.824	0	0	0	0	
1	[SLPS]	0	599.137	-199.843	0	145.798	0	0	0	0	
1	[SLPS]	0	599.251	-200.011	0	145.779	0	0	0	0	
1	[SLPS]	0	599.251	-200.011	0	145.779	0	0	0	0	
1	[SLPS]	0	599.481	-200.353	0	145.755	0	0	0	0	
1	[SLPS]	0	599.481	-200.353	0	145.755	0	0	0	0	
1	[SLPS]	0	599.595	-200.521	0	145.746	0	0	0	0	
1	[SLPS]	0	599.709	-200.688	0	145.739	0	0	0	0	
1	[SLPS]	0	599.709	-200.688	0	145.739	0	0	0	0	
1	[SLPS]	0	599.940	-201.027	0	145.724	0	0	0	0	
1	[SLPS]	0	599.940	-201.027	0	145.724	0	0	0	0	
1	[SLPS]	0	600.054	-201.188	0	145.712	0	0	0	0	
1	[SLPS]	0	600.167	-201.355	0	145.705	0	0	0	0	
1	[SLPS]	0	600.167	-201.355	0	145.705	0	0	0	0	
1	[SLPS]	0	600.390	-201.691	0	145.704	0	0	0	0	
1	[SLPS]	0	600.390	-201.691	0	145.704	0	0	0	0	
1	[SLPS]	0	600.502	-201.859	0	145.708	0	0	0	0	
1	[SLPS]	0	600.616	-202.027	0	145.702	0	0	0	0	
1	[SLPS]	0	600.616	-202.027	0	145.702	0	0	0	0	
1	[SLPS]	0	600.842	-202.357	0	145.695	0	0	0	0	
1	[SLPS]	0	600.842	-202.357	0	145.695	0	0	0	0	
1	[SLPS]	0	600.955	-202.522	0	145.690	0	0	0	0	
1	[SLPS]	0	601.066	-202.689	0	145.691	0	0	0	0	
1	[SLPS]	0	601.066	-202.689	0	145.691	0	0	0	0	
1	[SLPS]	0	601.291	-203.019	0	145.679	0	0	0	0	
1	[SLPS]	0	601.291	-203.019	0	145.679	0	0	0	0	
1	[SLPS]	0	601.406	-203.185	0	145.670	0	0	0	0	
1	[SLPS]	0	601.514	-203.355	0	145.676	0	0	0	0	
1	[SLPS]	0	601.514	-203.355	0	145.676	0	0	0	0	
1	[SLPS]	0	601.735	-203.688	0	145.663	0	0	0	0	
1	[SLPS]	0	601.735	-203.688	0	145.663	0	0	0	0	
1	[SLPS]	0	601.959	-204.018	0	145.617	0	0	0	0	
1	[SLPS]	0	601.959	-204.018	0	145.617	0	0	0	0	
1	[SLPS]	0	601.959	-204.018	0	145.617	0	0	0	0	
1	[SLPS]	0	602.181	-204.346	0	145.574	0	0	0	0	
1	[SLPS]	0	602.181	-204.346	0	145.574	0	0	0	0	
1	[SLPS]	0	602.400	-204.665	0	145.546	0	0	0	0	
1	[SLPS]	0	602.400	-204.665	0	145.546	0	0	0	0	
1	[SLPS]	0	602.513	-204.828	0	145.522	0	0	0	0	
1	[SLPS]	0	602.623	-204.989	0	145.493	0	0	0	0	
1	[SLPS]	0	602.623	-204.989	0	145.493	0	0	0	0	
1	[SLPS]	0	602.736	-205.144	0	145.457	0	0	0	0	
1	[SLPS]	0	602.850	-205.303	0	145.421	0	0	0	0	
1	[SLPS]	0	602.962	-205.466	0	145.405	0	0	0	0	
1	[SLPS]	0	603.072	-205.631	0	145.405	0	0	0	0	
1	[SLPS]	0	603.072	-205.631	0	145.405	0	0	0	0	
1	[SLPS]	0	603.295	-205.953	0	145.363	0	0	0	0	
1	[SLPS]	0	603.295	-205.953	0	145.363	0	0	0	0	
1	[SLPS]	0	603.404	-206.114	0	145.333	0	0	0	0	
1	[SLPS]	0	603.513	-206.273	0	145.313	0	0	0	0	
1	[SLPS]	0	603.513	-206.273	0	145.313	0	0	0	0	
1	[SLPS]	0	603.731	-206.593	0	145.289	0	0	0	0	
1	[SLPS]	0	603.731	-206.593	0	145.289	0	0	0	0	
1	[SLPS]	0	603.842	-206.754	0	145.273	0	0	0	0	
1	[SLPS]	0	603.952	-206.911	0	145.261	0	0	0	0	
1	[SLPS]	0	603.952	-206.911	0	145.261	0	0	0	0	
1	[SLPS]	0	604.178	-207.229	0	145.216	0	0	0	0	
1	[SLPS]	0	604.178	-207.229	0	145.216	0	0	0	0	
1	[SLPS]	0	604.288	-207.388	0	145.193	0	0	0	0	
1	[SLPS]	0	604.397	-207.547	0	145.172	0	0	0	0	
1	[SLPS]	0	604.397	-207.547	0	145.172	0	0	0	0	
1	[SLPS]	0	604.611	-207.865	0	145.158	0	0	0	0	
1	[SLPS]	0	604.611	-207.865	0	145.158	0	0	0	0	
1	[SLPS]	0	604.724	-208.023	0	145.132	0	0	0	0	
1	[SLPS]	0	604.830	-208.181	0	145.109	0	0	0	0	
1	[SLPS]	0	604.830	-208.181	0	145.109	0	0	0	0	
1	[SLPS]	0	605.052	-208.498	0	145.070	0	0	0	0	
1	[SLPS]	0	605.052	-208.498	0	145.070	0	0	0	0	
1	[SLPS]	0	605.162	-208.655	0	145.046	0	0	0	0	
1	[SLPS]	0	605.272	-208.812	0	145.038	0	0	0	0	
1	[SLPS]	0	605.272	-208.812	0	145.038	0	0	0	0	
1	[SLPS]	0	605.492	-209.122	0	145.020	0	0	0	0	
1	[SLPS]	0	605.492	-209.122	0	145.020	0	0	0	0	
1	[SLPS]	0	605.602	-209.277	0	145.019	0	0	0	0	
1	[SLPS]	0	605.710	-209.431	0	145.017	0	0	0	0	
1	[SLPS]	0	605.710	-209.431	0	145.017	0	0	0	0	
1	[SLPS]	0	605.924	-209.743	0	145.023	0	0	0	0	
1	[SLPS]	0	605.924	-209.743	0	145.023	0	0	0	0	
1	[SLPS]	0	606.141	-210.057	0	145.012	0	0	0	0	
1	[SLPS]	0	606.141	-210.057	0	145.012	0	0	0	0	
1	[SLPS]	0	606.254	-210.217	0	145.010	0	0	0	0	
1	[SLPS]	0	606.361	-210.376	0	145.025	0	0	0	0	
1	[SLPS]	0	606.361	-210.376	0	145.025	0	0	0	0	
1	[SLPS]	0	606.469	-210.532	0	145.037	0	0	0	0	
1	[SLPS]	0	606.576	-210.688	0	145.036	0	0	0	0	
1	[SLPS]	0	606.692	-210.844	0	145.021	0	0	0	0	
1	[SLPS]	0	606.800	-211.000	0	145.023	0	0	0	0	
1	[SLPS]	0	606.800	-211.000	0	145.023	0	0	0	0	
1	[SLPS]	0	607.015	-211.314	0	145.043	0	0	0	0	
1	[SLPS]	0	607.015	-211.314	0	145.043	0	0	0	0	
1	[SLPS]	0	607.125	-211.472	0	145.045	0	0	0	0	
1	[SLPS]	0	607.233	-211.627	0	145.043	0	0	0	0	
1	[SLPS]	0	607.233	-211.627	0	145.043	0	0	0	0	
1	[SLPS]	0	607.341	-211.786	0	145.045	0	0	0	0	
1	[SLPS]	0	607.450	-211.940	0	145.045	0	0	0	0	
1	[SLPS]	0	607.560	-212.095	0	145.039	0	0	0	0	
1	[SLPS]	0	607.667	-212.254	0	145.042	0	0	0	0	
1	[SLPS]	0	607.667	-212.254	0	145.042	0	0	0	0	
1	[SLPS]	0	607.886	-212.568	0	145.070	0	0	0	0	
1	[SLPS]	0	607.886	-212.568	0	145.070	0	0	0	0	
1	[SLPS]	0	607.993	-212.726	0	145.079	0	0	0	0	
1	[SLPS]	0	608.101	-212.882	0	145.075	0	0	0	0	
1	[SLPS]	0	608.101	-212.882	0	145.075	0	0	0	0	
1	[SLPS]	0	608.316	-213.196	0	145.108	0	0	0	0	
1	[SLPS]	0	608.316	-213.196	0	145.108	0	0	0	0	
1	[SLPS]	0	608.423	-213.352	0	145.140	0	0	0	0	
1	[SLPS]	0	608.533	-213.509	0	145.171	0	0	0	0	
1	[SLPS]	0	608.533	-213.509	0	145.171	0	0	0	0	
1	[SLPS]	0	608.749	-213.820	0	145.194	0	0	0	0	
1	[SLPS]	0	608.749	-213.820	0	145.194	0	0	0	0	
1	[SLPS]	0	608.856	-213.974	0	145.198	0	0	0	0	
1	[SLPS]	0	608.963	-214.130	0	145.209	0	0	0	0	
1	[SLPS]	0	608.963	-214.130	0	145.209	0	0	0	0	
1	[SLPS]	0	609.175	-214.445	0	145.245	0	0	0	0	
1	[SLPS]	0	609.175	-214.445	0	145.245	0	0	0	0	
1	[SLPS]	0	609.287	-214.604	0	145.259	0	0	0	0	
1	[SLPS]	0	609.396	-214.762	0	145.268	0	0	0	0	
1	[SLPS]	0	609.396	-214.762	0	145.268	0	0	0	0	
1	[SLPS]	0	609.613	-215.080	0	145.292	0	0	0	0	
1	[SLPS]	0	609.613	-215.080	0	145.292	0	0	0	0	
1	[SLPS]	0	609.718	-215.236	0	145.314	0	0	0	0	
1	[SLPS]	0	609.829	-215.392	0	145.313	0	0	0	0	
1	[SLPS]	0	609.829	-215.392	0	145.313	0	0	0	0	
1	[SLPS]	0	610.045	-215.710	0	145.303	0	0	0	0	
1	[SLPS]	0	610.045	-215.710	0	145.303	0	0	0	0	
1	[SLPS]	0	610.266	-216.029	0	145.316	0	0	0	0	
1	[SLPS]	0	610.266	-216.029	0	145.316	0	0	0	0	
1	[SLPS]	0	610.375	-216.188	0	145.323	0	0	0	0	
1	[SLPS]	0	610.485	-216.344	0	145.319	0	0	0	0	
1	[SLPS]	0	610.485	-216.344	0	145.319	0	0	0	0	
1	[SLPS]	0	610.594	-216.504	0	145.317	0	0	0	0	
1	[SLPS]	0	610.702	-216.665	0	145.315	0	0	0	0	
1	[SLPS]	0	610.810	-216.824	0	145.314	0	0	0	0	
1	[SLPS]	0	610.918	-216.983	0	145.315	0	0	0	0	
1	[SLPS]	0	610.918	-216.983	0	145.315	0	0	0	0	
1	[SLPS]	0	611.135	-217.293	0	145.317	0	0	0	0	
1	[SLPS]	0	611.135	-217.293	0	145.317	0	0	0	0	
1	[SLPS]	0	611.245	-217.453	0	145.314	0	0	0	0	
1	[SLPS]	0	611.354	-217.609	0	145.309	0	0	0	0	
1	[SLPS]	0	611.354	-217.609	0	145.309	0	0	0	0	
1	[SLPS]	0	611.572	-217.925	0	145.314	0	0	0	0	
1	[SLPS]	0	611.572	-217.925	0	145.314	0	0	0	0	
1	[SLPS]	0	611.681	-218.082	0	145.322	0	0	0	0	
1	[SLPS]	0	611.788	-218.239	0	145.326	0	0	0	0	
1	[SLPS]	0	611.788	-218.239	0	145.326	0	0	0	0	
1	[SLPS]	0	612.008	-218.560	0	145.333	0	0	0	0	
1	[SLPS]	0	612.008	-218.560	0	145.333	0	0	0	0	
1	[SLPS]	0	612.119	-218.717	0	145.323	0	0	0	0	
1	[SLPS]	0	612.226	-218.877	0	145.327	0	0	0	0	
1	[SLPS]	0	612.226	-218.877	0	145.327	0	0	0	0	
1	[SLPS]	0	612.448	-219.198	0	145.327	0	0	0	0	
1	[SLPS]	0	612.448	-219.198	0	145.327	0	0	0	0	
1	[SLPS]	0	612.559	-219.357	0	145.326	0	0	0	0	
1	[SLPS]	0	612.668	-219.516	0	145.330	0	0	0	0	
1	[SLPS]	0	612.668	-219.516	0	145.330	0	0	0	0	
1	[SLPS]	0	612.888	-219.835	0	145.336	0	0	0	0	
1	[SLPS]	0	612.888	-219.835	0	145.336	0	0	0	0	
1	[SLPS]	0	613.105	-220.152	0	145.334	0	0	0	0	
1	[SLPS]	0	613.105	-220.152	0	145.334	0	0	0	0	
1	[SLPS]	0	613.209	-220.312	0	145.335	0	0	0	0	
1	[SLPS]	0	613.320	-220.474	0	145.336	0	0	0	0	
1	[SLPS]	0	613.320	-220.474	0	145.336	0	0	0	0	
1	[SLPS]	0	613.538	-220.794	0	145.328	0	0	0	0	
1	[SLPS]	0	613.538	-220.794	0	145.328	0	0	0	0	
1	[SLPS]	0	613.645	-220.950	0	145.327	0	0	0	0	
1	[SLPS]	0	613.755	-221.110	0	145.340	0	0	0	0	
1	[SLPS]	0	613.755	-221.110	0	145.340	0	0	0	0	
1	[SLPS]	0	613.972	-221.430	0	145.356	0	0	0	0	
1	[SLPS]	0	613.972	-221.430	0	145.356	0	0	0	0	
1	[SLPS]	0	614.080	-221.589	0	145.355	0	0	0	0	
1	[SLPS]	0	614.188	-221.748	0	145.353	0	0	0	0	
1	[SLPS]	0	614.188	-221.748	0	145.353	0	0	0	0	
1	[SLPS]	0	614.413	-222.063	0	145.336	0	0	0	0	
1	[SLPS]	0	614.413	-222.063	0	145.336	0	0	0	0	
1	[SLPS]	0	614.526	-222.221	0	145.329	0	0	0	0	
1	[SLPS]	0	614.638	-222.383	0	145.328	0	0	0	0	
1	[SLPS]	0	614.638	-222.383	0	145.328	0	0	0	0	
1	[SLPS]	0	614.860	-222.697	0	145.319	0	0	0	0	
1	[SLPS]	0	614.860	-222.697	0	145.319	0	0	0	0	
1	[SLPS]	0	614.969	-222.859	0	145.323	0	0	0	0	
1	[SLPS]	0	615.078	-223.021	0	145.331	0	0	0	0	
1	[SLPS]	0	615.078	-223.021	0	145.331	0	0	0	0	
1	[SLPS]	0	615.296	-223.337	0	145.333	0	0	0	0	
1	[SLPS]	0	615.296	-223.337	0	145.333	0	0	0	0	
1	[SLPS]	0	615.406	-223.498	0	145.329	0	0	0	0	
1	[SLPS]	0	615.516	-223.656	0	145.326	0	0	0	0	
1	[SLPS]	0	615.516	-223.656	0	145.326	0	0	0	0	
1	[SLPS]	0	615.736	-223.984	0	145.340	0	0	0	0	
1	[SLPS]	0	615.736	-223.984	0	145.340	0	0	0	0	
1	[SLPS]	0	615.847	-224.144	0	145.339	0	0	0	0	
1	[SLPS]	0	615.960	-224.303	0	145.328	0	0	0	0	
1	[SLPS]	0	615.960	-224.303	0	145.328	0	0	0	0	
1	[SLPS]	0	616.178	-224.624	0	145.331	0	0	0	0	
1	[SLPS]	0	616.178	-224.624	0	145.331	0	0	0	0	
1	[SLPS]	0	616.399	-224.944	0	145.342	0	0	0	0	
1	[SLPS]	0	616.399	-224.944	0	145.342	0	0	0	0	
1	[SLPS]	0	616.514	-225.106	0	145.348	0	0	0	0	
1	[SLPS]	0	616.623	-225.268	0	145.357	0	0	0	0	
1	[SLPS]	0	616.623	-225.268	0	145.357	0	0	0	0	
1	[SLPS]	0	616.838	-225.595	0	145.384	0	0	0	0	
1	[SLPS]	0	616.838	-225.595	0	145.384	0	0	0	0	
1	[SLPS]	0	616.948	-225.758	0	145.391	0	0	0	0	
1	[SLPS]	0	617.057	-225.916	0	145.396	0	0	0	0	
1	[SLPS]	0	617.057	-225.916	0	145.396	0	0	0	0	
1	[SLPS]	0	617.278	-226.239	0	145.398	0	0	0	0	
1	[SLPS]	0	617.278	-226.239	0	145.398	0	0	0	0	
1	[SLPS]	0	617.388	-226.400	0	145.408	0	0	0	0	
1	[SLPS]	0	617.498	-226.561	0	145.426	0	0	0	0	
1	[SLPS]	0	617.498	-226.561	0	145.426	0	0	0	0	
1	[SLPS]	0	617.714	-226.881	0	145.467	0	0	0	0	
1	[SLPS]	0	617.714	-226.881	0	145.467	0	0	0	0	
1	[SLPS]	0	617.823	-227.043	0	145.476	0	0	0	0	
1	[SLPS]	0	617.929	-227.207	0	145.487	0	0	0	0	
1	[SLPS]	0	617.929	-227.207	0	145.487	0	0	0	0	
1	[SLPS]	0	618.154	-227.527	0	145.498	0	0	0	0	
1	[SLPS]	0	618.154	-227.527	0	145.498	0	0	0	0	
1	[SLPS]	0	618.263	-227.689	0	145.515	0	0	0	0	
1	[SLPS]	0	618.372	-227.848	0	145.526	0	0	0	0	
1	[SLPS]	0	618.372	-227.848	0	145.526	0	0	0	0	
1	[SLPS]	0	618.595	-228.168	0	145.548	0	0	0	0	
1	[SLPS]	0	618.595	-228.168	0	145.548	0	0	0	0	
1	[SLPS]	0	618.706	-228.333	0	145.561	0	0	0	0	
1	[SLPS]	0	618.814	-228.494	0	145.577	0	0	0	0	
1	[SLPS]	0	618.814	-228.494	0	145.577	0	0	0	0	
1	[SLPS]	0	619.031	-228.817	0	145.611	0	0	0	0	
1	[SLPS]	0	619.031	-228.817	0	145.611	0	0	0	0	
1	[SLPS]	0	619.140	-228.974	0	145.620	0	0	0	0	
1	[SLPS]	0	619.249	-229.129	0	145.625	0	0	0	0	
1	[SLPS]	0	619.249	-229.129	0	145.625	0	0	0	0	
1	[SLPS]	0	619.469	-229.450	0	145.649	0	0	0	0	
1	[SLPS]	0	619.469	-229.450	0	145.649	0	0	0	0	
1	[SLPS]	0	619.579	-229.611	0	145.658	0	0	0	0	
1	[SLPS]	0	619.687	-229.771	0	145.666	0	0	0	0	
1	[SLPS]	0	619.793	-229.932	0	145.679	0	0	0	0	
1	[SLPS]	0	619.901	-230.092	0	145.688	0	0	0	0	
1	[SLPS]	0	619.901	-230.092	0	145.688	0	0	0	0	
1	[SLPS]	0	620.115	-230.416	0	145.702	0	0	0	0	
1	[SLPS]	0	620.115	-230.416	0	145.702	0	0	0	0	
1	[SLPS]	0	620.222	-230.576	0	145.704	0	0	0	0	
1	[SLPS]	0	620.330	-230.739	0	145.703	0	0	0	0	
1	[SLPS]	0	620.330	-230.739	0	145.703	0	0	0	0	
1	[SLPS]	0	620.549	-231.057	0	145.693	0	0	0	0	
1	[SLPS]	0	620.549	-231.057	0	145.693	0	0	0	0	
1	[SLPS]	0	620.656	-231.216	0	145.701	0	0	0	0	
1	[SLPS]	0	620.766	-231.381	0	145.703	0	0	0	0	
1	[SLPS]	0	620.766	-231.381	0	145.703	0	0	0	0	
1	[SLPS]	0	620.985	-231.702	0	145.703	0	0	0	0	
1	[SLPS]	0	620.985	-231.702	0	145.703	0	0	0	0	
1	[SLPS]	0	621.095	-231.863	0	145.706	0	0	0	0	
1	[SLPS]	0	621.201	-232.028	0	145.711	0	0	0	0	
1	[SLPS]	0	621.311	-232.182	0	145.706	0	0	0	0	
1	[SLPS]	0	621.418	-232.342	0	145.697	0	0	0	0	
1	[SLPS]	0	621.418	-232.342	0	145.697	0	0	0	0	
1	[SLPS]	0	621.637	-232.668	0	145.668	0	0	0	0	
1	[SLPS]	0	621.637	-232.668	0	145.668	0	0	0	0	
1	[SLPS]	0	621.746	-232.825	0	145.648	0	0	0	0	
1	[SLPS]	0	621.856	-232.988	0	145.637	0	0	0	0	
1	[SLPS]	0	621.856	-232.988	0	145.637	0	0	0	0	
1	[SLPS]	0	621.968	-233.136	0	145.617	0	0	0	0	
1	[SLPS]	0	622.078	-233.294	0	145.596	0	0	0	0	
1	[SLPS]	0	622.186	-233.451	0	145.581	0	0	0	0	
1	[SLPS]	0	622.292	-233.609	0	145.572	0	0	0	0	
1	[SLPS]	0	622.292	-233.609	0	145.572	0	0	0	0	
1	[SLPS]	0	622.510	-233.926	0	145.545	0	0	0	0	
1	[SLPS]	0	622.510	-233.926	0	145.545	0	0	0	0	
1	[SLPS]	0	622.615	-234.083	0	145.537	0	0	0	0	
1	[SLPS]	0	622.724	-234.239	0	145.529	0	0	0	0	
1	[SLPS]	0	622.724	-234.239	0	145.529	0	0	0	0	
1	[SLPS]	0	622.940	-234.560	0	145.500	0	0	0	0	
1	[SLPS]	0	622.940	-234.560	0	145.500	0	0	0	0	
1	[SLPS]	0	623.048	-234.717	0	145.482	0	0	0	0	
1	[SLPS]	0	623.158	-234.872	0	145.462	0	0	0	0	
1	[SLPS]	0	623.158	-234.872	0	145.462	0	0	0	0	
1	[SLPS]	0	623.372	-235.190	0	145.446	0	0	0	0	
1	[SLPS]	0	623.372	-235.190	0	145.446	0	0	0	0	
1	[SLPS]	0	623.477	-235.348	0	145.449	0	0	0	0	
1	[SLPS]	0	623.584	-235.507	0	145.444	0	0	0	0	
1	[SLPS]	0	623.584	-235.507	0	145.444	0	0	0	0	
1	[SLPS]	0	623.796	-235.829	0	145.431	0	0	0	0	
1	[SLPS]	0	623.796	-235.829	0	145.431	0	0	0	0	
1	[SLPS]	0	623.902	-235.987	0	145.415	0	0	0	0	
1	[SLPS]	0	624.009	-236.145	0	145.401	0	0	0	0	
1	[SLPS]	0	624.009	-236.145	0	145.401	0	0	0	0	
1	[SLPS]	0	624.225	-236.463	0	145.378	0	0	0	0	
1	[SLPS]	0	624.225	-236.463	0	145.378	0	0	0	0	
1	[SLPS]	0	624.336	-236.619	0	145.368	0	0	0	0	
1	[SLPS]	0	624.443	-236.776	0	145.358	0	0	0	0	
1	[SLPS]	0	624.443	-236.776	0	145.358	0	0	0	0	
1	[SLPS]	0	624.659	-237.087	0	145.319	0	0	0	0	
1	[SLPS]	0	624.659	-237.087	0	145.319	0	0	0	0	
1	[SLPS]	0	624.769	-237.246	0	145.298	0	0	0	0	
1	[SLPS]	0	624.874	-237.403	0	145.296	0	0	0	0	
1	[SLPS]	0	624.874	-237.403	0	145.296	0	0	0	0	
1	[SLPS]	0	625.093	-237.714	0	145.280	0	0	0	0	
1	[SLPS]	0	625.093	-237.714	0	145.280	0	0	0	0	
1	[SLPS]	0	625.309	-238.030	0	145.263	0	0	0	0	
1	[SLPS]	0	625.309	-238.030	0	145.263	0	0	0	0	
1	[SLPS]	0	625.416	-238.185	0	145.247	0	0	0	0	
1	[SLPS]	0	625.525	-238.342	0	145.231	0	0	0	0	
1	[SLPS]	0	625.525	-238.342	0	145.231	0	0	0	0	
1	[SLPS]	0	625.737	-238.651	0	145.212	0	0	0	0	
1	[SLPS]	0	625.737	-238.651	0	145.212	0	0	0	0	
1	[SLPS]	0	625.845	-238.804	0	145.207	0	0	0	0	
1	[SLPS]	0	625.954	-238.962	0	145.203	0	0	0	0	
1	[SLPS]	0	625.954	-238.962	0	145.203	0	0	0	0	
1	[SLPS]	0	626.170	-239.273	0	145.186	0	0	0	0	
1	[SLPS]	0	626.170	-239.273	0	145.186	0	0	0	0	
1	[SLPS]	0	626.273	-239.426	0	145.188	0	0	0	0	
1	[SLPS]	0	626.380	-239.582	0	145.191	0	0	0	0	
1	[SLPS]	0	626.380	-239.582	0	145.191	0	0	0	0	
1	[SLPS]	0	626.592	-239.891	0	145.208	0	0	0	0	
1	[SLPS]	0	626.592	-239.891	0	145.208	0	0	0	0	
1	[SLPS]	0	626.701	-240.047	0	145.205	0	0	0	0	
1	[SLPS]	0	626.807	-240.206	0	145.205	0	0	0	0	
1	[SLPS]	0	626.807	-240.206	0	145.205	0	0	0	0	
1	[SLPS]	0	627.022	-240.522	0	145.219	0	0	0	0	
1	[SLPS]	0	627.022	-240.522	0	145.219	0	0	0	0	
1	[SLPS]	0	627.130	-240.677	0	145.221	0	0	0	0	
1	[SLPS]	0	627.238	-240.833	0	145.224	0	0	0	0	
1	[SLPS]	0	627.238	-240.833	0	145.224	0	0	0	0	
1	[SLPS]	0	627.454	-241.146	0	145.233	0	0	0	0	
1	[SLPS]	0	627.454	-241.146	0	145.233	0	0	0	0	
1	[SLPS]	0	627.560	-241.303	0	145.248	0	0	0	0	
1	[SLPS]	0	627.666	-241.460	0	145.270	0	0	0	0	
1	[SLPS]	0	627.666	-241.460	0	145.270	0	0	0	0	
1	[SLPS]	0	627.883	-241.774	0	145.295	0	0	0	0	
1	[SLPS]	0	627.883	-241.774	0	145.295	0	0	0	0	
1	[SLPS]	0	627.995	-241.934	0	145.295	0	0	0	0	
1	[SLPS]	0	628.104	-242.090	0	145.299	0	0	0	0	
1	[SLPS]	0	628.104	-242.090	0	145.299	0	0	0	0	
1	[SLPS]	0	628.319	-242.406	0	145.329	0	0	0	0	
1	[SLPS]	0	628.319	-242.406	0	145.329	0	0	0	0	
1	[SLPS]	0	628.425	-242.563	0	145.348	0	0	0	0	
1	[SLPS]	0	628.532	-242.722	0	145.364	0	0	0	0	
1	[SLPS]	0	628.532	-242.722	0	145.364	0	0	0	0	
1	[SLPS]	0	628.747	-243.040	0	145.378	0	0	0	0	
1	[SLPS]	0	628.747	-243.040	0	145.378	0	0	0	0	
1	[SLPS]	0	628.856	-243.195	0	145.377	0	0	0	0	
1	[SLPS]	0	628.963	-243.354	0	145.385	0	0	0	0	
1	[SLPS]	0	628.963	-243.354	0	145.385	0	0	0	0	
1	[SLPS]	0	629.176	-243.671	0	145.428	0	0	0	0	
1	[SLPS]	0	629.176	-243.671	0	145.428	0	0	0	0	
1	[SLPS]	0	629.287	-243.829	0	145.436	0	0	0	0	
1	[SLPS]	0	629.399	-243.984	0	145.429	0	0	0	0	
1	[SLPS]	0	629.399	-243.984	0	145.429	0	0	0	0	
1	[SLPS]	0	629.610	-244.299	0	145.460	0	0	0	0	
1	[SLPS]	0	629.610	-244.299	0	145.460	0	0	0	0	
1	[SLPS]	0	629.823	-244.613	0	145.500	0	0	0	0	
1	[SLPS]	0	629.823	-244.613	0	145.500	0	0	0	0	
1	[SLPS]	0	629.933	-244.773	0	145.511	0	0	0	0	
1	[SLPS]	0	630.040	-244.929	0	145.517	0	0	0	0	
1	[SLPS]	0	630.040	-244.929	0	145.517	0	0	0	0	
1	[SLPS]	0	630.147	-245.085	0	145.529	0	0	0	0	
1	[SLPS]	0	630.256	-245.242	0	145.542	0	0	0	0	
1	[SLPS]	0	630.256	-245.242	0	145.542	0	0	0	0	
1	[SLPS]	0	630.472	-245.559	0	145.560	0	0	0	0	
1	[SLPS]	0	630.472	-245.559	0	145.560	0	0	0	0	
1	[SLPS]	0	630.576	-245.715	0	145.572	0	0	0	0	
1	[SLPS]	0	630.685	-245.871	0	145.581	0	0	0	0	
1	[SLPS]	0	630.685	-245.871	0	145.581	0	0	0	0	
1	[SLPS]	0	630.901	-246.188	0	145.601	0	0	0	0	
1	[SLPS]	0	630.901	-246.188	0	145.601	0	0	0	0	
1	[SLPS]	0	631.004	-246.349	0	145.622	0	0	0	0	
1	[SLPS]	0	631.112	-246.510	0	145.636	0	0	0	0	
1	[SLPS]	0	631.112	-246.510	0	145.636	0	0	0	0	
1	[SLPS]	0	631.326	-246.828	0	145.642	0	0	0	0	
1	[SLPS]	0	631.326	-246.828	0	145.642	0	0	0	0	
1	[SLPS]	0	631.434	-246.989	0	145.653	0	0	0	0	
1	[SLPS]	0	631.543	-247.149	0	145.662	0	0	0	0	
1	[SLPS]	0	631.648	-247.307	0	145.674	0	0	0	0	
1	[SLPS]	0	631.756	-247.465	0	145.678	0	0	0	0	
1	[SLPS]	0	631.756	-247.465	0	145.678	0	0	0	0	
1	[SLPS]	0	631.973	-247.785	0	145.671	0	0	0	0	
1	[SLPS]	0	631.973	-247.785	0	145.671	0	0	0	0	
1	[SLPS]	0	632.078	-247.943	0	145.663	0	0	0	0	
1	[SLPS]	0	632.184	-248.099	0	145.648	0	0	0	0	
1	[SLPS]	0	632.184	-248.099	0	145.648	0	0	0	0	
1	[SLPS]	0	632.400	-248.414	0	145.627	0	0	0	0	
1	[SLPS]	0	632.400	-248.414	0	145.627	0	0	0	0	
1	[SLPS]	0	632.509	-248.571	0	145.616	0	0	0	0	
1	[SLPS]	0	632.616	-248.728	0	145.607	0	0	0	0	
1	[SLPS]	0	632.616	-248.728	0	145.607	0	0	0	0	
1	[SLPS]	0	632.832	-249.035	0	145.567	0	0	0	0	
1	[SLPS]	0	632.832	-249.035	0	145.567	0	0	0	0	
1	[SLPS]	0	632.937	-249.192	0	145.558	0	0	0	0	
1	[SLPS]	0	633.041	-249.346	0	145.555	0	0	0	0	
1	[SLPS]	0	633.041	-249.346	0	145.555	0	0	0	0	
1	[SLPS]	0	633.247	-249.659	0	145.558	0	0	0	0	
1	[SLPS]	0	633.247	-249.659	0	145.558	0	0	0	0	
1	[SLPS]	0	633.348	-249.807	0	145.555	0	0	0	0	
1	[SLPS]	0	633.449	-249.953	0	145.543	0	0	0	0	
1	[SLPS]	0	633.449	-249.953	0	145.543	0	0	0	0	
1	[SLPS]	0	633.645	-250.235	0	145.529	0	0	0	0	
1	[SLPS]	0	633.645	-250.235	0	145.529	0	0	0	0	
1	[SLPS]	0	633.741	-250.375	0	145.532	0	0	0	0	
1	[SLPS]	0	633.836	-250.510	0	145.532	0	0	0	0	
1	[SLPS]	0	633.836	-250.510	0	145.532	0	0	0	0	
1	[SLPS]	0	634.014	-250.781	0	145.528	0	0	0	0	
1	[SLPS]	0	634.014	-250.781	0	145.528	0	0	0	0	
1	[SLPS]	0	634.110	-250.912	0	145.515	0	0	0	0	
1	[SLPS]	0	634.199	-251.043	0	145.511	0	0	0	0	
1	[SLPS]	0	634.199	-251.043	0	145.511	0	0	0	0	
1	[SLPS]	0	634.371	-251.303	0	145.525	0	0	0	0	
1	[SLPS]	0	634.371	-251.303	0	145.525	0	0	0	0	
1	[SLPS]	0	634.460	-251.430	0	145.524	0	0	0	0	
1	[SLPS]	0	634.545	-251.555	0	145.520	0	0	0	0	
1	[SLPS]	0	634.627	-251.677	0	145.518	0	0	0	0	
1	[SLPS]	0	634.711	-251.801	0	145.517	0	0	0	0	
1	[SLPS]	0	634.711	-251.801	0	145.517	0	0	0	0	
1	[SLPS]	0	634.874	-252.038	0	145.518	0	0	0	0	
1	[SLPS]	0	634.874	-252.038	0	145.518	0	0	0	0	
1	[SLPS]	0	634.956	-252.156	0	145.510	0	0	0	0	
1	[SLPS]	0	635.038	-252.274	0	145.503	0	0	0	0	
1	[SLPS]	0	635.038	-252.274	0	145.503	0	0	0	0	
1	[SLPS]	0	635.190	-252.506	0	145.480	0	0	0	0	
1	[SLPS]	0	635.190	-252.506	0	145.480	0	0	0	0	
1	[SLPS]	0	635.267	-252.619	0	145.458	0	0	0	0	
1	[SLPS]	0	635.343	-252.730	0	145.437	0	0	0	0	
1	[SLPS]	0	635.343	-252.730	0	145.437	0	0	0	0	
1	[SLPS]	0	635.490	-252.952	0	145.397	0	0	0	0	
1	[SLPS]	0	635.490	-252.952	0	145.397	0	0	0	0	
1	[SLPS]	0	635.566	-253.056	0	145.355	0	0	0	0	
1	[SLPS]	0	635.637	-253.162	0	145.310	0	0	0	0	
1	[SLPS]	0	635.637	-253.162	0	145.310	0	0	0	0	
1	[SLPS]	0	635.780	-253.367	0	145.221	0	0	0	0	
1	[SLPS]	0	635.780	-253.367	0	145.221	0	0	0	0	
1	[SLPS]	0	635.850	-253.467	0	145.170	0	0	0	0	
1	[SLPS]	0	635.918	-253.566	0	145.108	0	0	0	0	
1	[SLPS]	0	635.918	-253.566	0	145.108	0	0	0	0	
1	[SLPS]	0	636.049	-253.749	0	144.968	0	0	0	0	
1	[SLPS]	0	636.049	-253.749	0	144.968	0	0	0	0	
1	[SLPS]	0	636.114	-253.837	0	144.891	0	0	0	0	
1	[SLPS]	0	636.173	-253.924	0	144.810	0	0	0	0	
1	[SLPS]	0	636.173	-253.924	0	144.810	0	0	0	0	
1	[SLPS]	0	636.297	-254.093	0	144.631	0	0	0	0	
1	[SLPS]	0	636.297	-254.093	0	144.631	0	0	0	0	
1	[SLPS]	0	636.351	-254.168	0	144.535	0	0	0	0	
1	[SLPS]	0	636.406	-254.247	0	144.436	0	0	0	0	
1	[SLPS]	0	636.406	-254.247	0	144.436	0	0	0	0	
1	[SLPS]	0	636.516	-254.393	0	144.226	0	0	0	0	
1	[SLPS]	0	636.516	-254.393	0	144.226	0	0	0	0	
1	[SLPS]	0	636.567	-254.465	0	144.114	0	0	0	0	
1	[SLPS]	0	636.618	-254.534	0	143.993	0	0	0	0	
1	[SLPS]	0	636.618	-254.534	0	143.993	0	0	0	0	
1	[SLPS]	0	636.716	-254.665	0	143.736	0	0	0	0	
1	[SLPS]	0	636.716	-254.665	0	143.736	0	0	0	0	
1	[SLPS]	0	636.759	-254.730	0	143.603	0	0	0	0	
1	[SLPS]	0	636.806	-254.788	0	143.467	0	0	0	0	
1	[SLPS]	0	636.806	-254.788	0	143.467	0	0	0	0	
1	[SLPS]	0	636.890	-254.903	0	143.181	0	0	0	0	
1	[SLPS]	0	636.890	-254.903	0	143.181	0	0	0	0	
1	[SLPS]	0	636.932	-254.958	0	143.028	0	0	0	0	
1	[SLPS]	0	636.972	-255.008	0	142.861	0	0	0	0	
1	[SLPS]	0	636.972	-255.008	0	142.861	0	0	0	0	
1	[SLPS]	0	637.051	-255.110	0	142.485	0	0	0	0	
1	[SLPS]	0	637.051	-255.110	0	142.485	0	0	0	0	
1	[SLPS]	0	637.092	-255.158	0	142.276	0	0	0	0	
1	[SLPS]	0	637.130	-255.210	0	142.052	0	0	0	0	
1	[SLPS]	0	637.172	-255.258	0	141.813	0	0	0	0	
1	[SLPS]	0	637.208	-255.309	0	141.562	0	0	0	0	
1	[SLPS]	0	637.208	-255.309	0	141.562	0	0	0	0	
1	[SLPS]	0	637.251	-255.359	0	141.295	0	0	0	0	
1	[SLPS]	0	637.294	-255.410	0	141.011	0	0	0	0	
1	[SLPS]	0	637.337	-255.458	0	140.706	0	0	0	0	
1	[SLPS]	0	637.380	-255.506	0	140.383	0	0	0	0	
1	[SLPS]	0	637.380	-255.506	0	140.383	0	0	0	0	
1	[SLPS]	0	637.462	-255.603	0	139.693	0	0	0	0	
1	[SLPS]	0	637.462	-255.603	0	139.693	0	0	0	0	
1	[SLPS]	0	637.502	-255.646	0	139.334	0	0	0	0	
1	[SLPS]	0	637.543	-255.691	0	138.957	0	0	0	0	
1	[SLPS]	0	637.543	-255.691	0	138.957	0	0	0	0	
1	[SLPS]	0	637.621	-255.774	0	138.197	0	0	0	0	
1	[SLPS]	0	637.621	-255.774	0	138.197	0	0	0	0	
1	[SLPS]	0	637.660	-255.812	0	137.805	0	0	0	0	
1	[SLPS]	0	637.698	-255.848	0	137.403	0	0	0	0	
1	[SLPS]	0	637.698	-255.848	0	137.403	0	0	0	0	
1	[SLPS]	0	637.775	-255.928	0	136.572	0	0	0	0	
1	[SLPS]	0	637.775	-255.928	0	136.572	0	0	0	0	
1	[SLPS]	0	637.814	-255.964	0	136.137	0	0	0	0	
1	[SLPS]	0	637.852	-255.998	0	135.690	0	0	0	0	
1	[SLPS]	0	637.852	-255.998	0	135.690	0	0	0	0	
1	[SLPS]	0	637.927	-256.071	0	134.763	0	0	0	0	
1	[SLPS]	0	637.927	-256.071	0	134.763	0	0	0	0	
1	[SLPS]	0	637.966	-256.106	0	134.290	0	0	0	0	
1	[SLPS]	0	638.003	-256.138	0	133.809	0	0	0	0	
1	[SLPS]	0	638.003	-256.138	0	133.809	0	0	0	0	
1	[SLPS]	0	638.082	-256.207	0	132.806	0	0	0	0	
1	[SLPS]	0	638.082	-256.207	0	132.806	0	0	0	0	
1	[SLPS]	0	638.120	-256.235	0	132.282	0	0	0	0	
1	[SLPS]	0	638.159	-256.265	0	131.742	0	0	0	0	
1	[SLPS]	0	638.159	-256.265	0	131.742	0	0	0	0	
1	[SLPS]	0	638.240	-256.334	0	130.596	0	0	0	0	
1	[SLPS]	0	638.240	-256.334	0	130.596	0	0	0	0	
1	[SLPS]	0	638.288	-256.370	0	129.971	0	0	0	0	
1	[SLPS]	0	638.336	-256.407	0	129.308	0	0	0	0	
1	[SLPS]	0	638.336	-256.407	0	129.308	0	0	0	0	
1	[SLPS]	0	638.441	-256.493	0	127.887	0	0	0	0	
1	[SLPS]	0	638.441	-256.493	0	127.887	0	0	0	0	
1	[SLPS]	0	638.499	-256.531	0	127.134	0	0	0	0	
1	[SLPS]	0	638.559	-256.573	0	126.356	0	0	0	0	
1	[SLPS]	0	638.621	-256.611	0	125.559	0	0	0	0	
1	[SLPS]	0	638.685	-256.649	0	124.736	0	0	0	0	
1	[SLPS]	0	638.685	-256.649	0	124.736	0	0	0	0	
1	[SLPS]	0	638.812	-256.727	0	123.019	0	0	0	0	
1	[SLPS]	0	638.812	-256.727	0	123.019	0	0	0	0	
1	[SLPS]	0	638.876	-256.762	0	122.111	0	0	0	0	
1	[SLPS]	0	638.940	-256.796	0	121.209	0	0	0	0	
1	[SLPS]	0	638.940	-256.796	0	121.209	0	0	0	0	
1	[SLPS]	0	639.072	-256.855	0	119.355	0	0	0	0	
1	[SLPS]	0	639.072	-256.855	0	119.355	0	0	0	0	
1	[SLPS]	0	639.136	-256.885	0	118.404	0	0	0	0	
1	[SLPS]	0	639.204	-256.912	0	117.434	0	0	0	0	
1	[SLPS]	0	639.204	-256.912	0	117.434	0	0	0	0	
1	[SLPS]	0	639.342	-256.965	0	115.463	0	0	0	0	
1	[SLPS]	0	639.342	-256.965	0	115.463	0	0	0	0	
1	[SLPS]	0	639.402	-256.994	0	114.470	0	0	0	0	
1	[SLPS]	0	639.474	-257.017	0	113.475	0	0	0	0	
1	[SLPS]	0	639.474	-257.017	0	113.475	0	0	0	0	
1	[SLPS]	0	639.616	-257.062	0	111.440	0	0	0	0	
1	[SLPS]	0	639.616	-257.062	0	111.440	0	0	0	0	
1	[SLPS]	0	639.689	-257.083	0	110.412	0	0	0	0	
1	[SLPS]	0	639.762	-257.101	0	109.378	0	0	0	0	
1	[SLPS]	0	639.762	-257.101	0	109.378	0	0	0	0	
1	[SLPS]	0	639.911	-257.133	0	107.298	0	0	0	0	
1	[SLPS]	0	639.911	-257.133	0	107.298	0	0	0	0	
1	[SLPS]	0	639.988	-257.146	0	106.250	0	0	0	0	
1	[SLPS]	0	640.067	-257.163	0	105.189	0	0	0	0	
1	[SLPS]	0	640.067	-257.163	0	105.189	0	0	0	0	
1	[SLPS]	0	640.226	-257.190	0	103.039	0	0	0	0	
1	[SLPS]	0	640.226	-257.190	0	103.039	0	0	0	0	
1	[SLPS]	0	640.309	-257.199	0	101.958	0	0	0	0	
1	[SLPS]	0	640.391	-257.210	0	100.873	0	0	0	0	
1	[SLPS]	0	640.391	-257.210	0	100.873	0	0	0	0	
1	[SLPS]	0	640.558	-257.224	0	98.681	0	0	0	0	
1	[SLPS]	0	640.558	-257.224	0	98.681	0	0	0	0	
1	[SLPS]	0	640.642	-257.233	0	97.579	0	0	0	0	
1	[SLPS]	0	640.727	-257.237	0	96.472	0	0	0	0	
1	[SLPS]	0	640.814	-257.237	0	95.363	0	0	0	0	
1	[SLPS]	0	640.899	-257.240	0	94.240	0	0	0	0	
1	[SLPS]	0	640.899	-257.240	0	94.240	0	0	0	0	
1	[SLPS]	0	640.986	-257.239	0	93.101	0	0	0	0	
1	[SLPS]	0	641.071	-257.238	0	91.932	0	0	0	0	
1	[SLPS]	0	641.162	-257.231	0	90.777	0	0	0	0	
1	[SLPS]	0	641.249	-257.224	0	89.619	0	0	0	0	
1	[SLPS]	0	641.249	-257.224	0	89.619	0	0	0	0	
1	[SLPS]	0	641.426	-257.200	0	87.308	0	0	0	0	
1	[SLPS]	0	641.426	-257.200	0	87.308	0	0	0	0	
1	[SLPS]	0	641.513	-257.188	0	86.148	0	0	0	0	
1	[SLPS]	0	641.602	-257.173	0	84.975	0	0	0	0	
1	[SLPS]	0	641.602	-257.173	0	84.975	0	0	0	0	
1	[SLPS]	0	641.781	-257.134	0	82.587	0	0	0	0	
1	[SLPS]	0	641.781	-257.134	0	82.587	0	0	0	0	
1	[SLPS]	0	641.871	-257.112	0	81.383	0	0	0	0	
1	[SLPS]	0	641.958	-257.090	0	80.178	0	0	0	0	
1	[SLPS]	0	641.958	-257.090	0	80.178	0	0	0	0	
1	[SLPS]	0	642.141	-257.033	0	77.749	0	0	0	0	
1	[SLPS]	0	642.141	-257.033	0	77.749	0	0	0	0	
1	[SLPS]	0	642.231	-257.004	0	76.523	0	0	0	0	
1	[SLPS]	0	642.317	-256.976	0	75.288	0	0	0	0	
1	[SLPS]	0	642.317	-256.976	0	75.288	0	0	0	0	
1	[SLPS]	0	642.497	-256.909	0	72.794	0	0	0	0	
1	[SLPS]	0	642.497	-256.909	0	72.794	0	0	0	0	
1	[SLPS]	0	642.584	-256.873	0	71.540	0	0	0	0	
1	[SLPS]	0	642.667	-256.836	0	70.289	0	0	0	0	
1	[SLPS]	0	642.667	-256.836	0	70.289	0	0	0	0	
1	[SLPS]	0	642.840	-256.747	0	67.774	0	0	0	0	
1	[SLPS]	0	642.840	-256.747	0	67.774	0	0	0	0	
1	[SLPS]	0	642.922	-256.702	0	66.510	0	0	0	0	
1	[SLPS]	0	643.006	-256.655	0	65.236	0	0	0	0	
1	[SLPS]	0	643.006	-256.655	0	65.236	0	0	0	0	
1	[SLPS]	0	643.173	-256.546	0	62.683	0	0	0	0	
1	[SLPS]	0	643.173	-256.546	0	62.683	0	0	0	0	
1	[SLPS]	0	643.248	-256.491	0	61.394	0	0	0	0	
1	[SLPS]	0	643.331	-256.438	0	60.091	0	0	0	0	
1	[SLPS]	0	643.331	-256.438	0	60.091	0	0	0	0	
1	[SLPS]	0	643.489	-256.313	0	57.475	0	0	0	0	
1	[SLPS]	0	643.489	-256.313	0	57.475	0	0	0	0	
1	[SLPS]	0	643.568	-256.252	0	56.192	0	0	0	0	
1	[SLPS]	0	643.646	-256.186	0	54.906	0	0	0	0	
1	[SLPS]	0	643.646	-256.186	0	54.906	0	0	0	0	
1	[SLPS]	0	643.788	-256.057	0	52.311	0	0	0	0	
1	[SLPS]	0	643.788	-256.057	0	52.311	0	0	0	0	
1	[SLPS]	0	643.855	-255.989	0	51.009	0	0	0	0	
1	[SLPS]	0	643.925	-255.921	0	49.701	0	0	0	0	
1	[SLPS]	0	643.925	-255.921	0	49.701	0	0	0	0	
1	[SLPS]	0	644.056	-255.775	0	47.075	0	0	0	0	
1	[SLPS]	0	644.056	-255.775	0	47.075	0	0	0	0	
1	[SLPS]	0	644.118	-255.702	0	45.759	0	0	0	0	
1	[SLPS]	0	644.181	-255.626	0	44.443	0	0	0	0	
1	[SLPS]	0	644.242	-255.545	0	43.120	0	0	0	0	
1	[SLPS]	0	644.310	-255.472	0	41.790	0	0	0	0	
1	[SLPS]	0	644.310	-255.472	0	41.790	0	0	0	0	
1	[SLPS]	0	644.370	-255.391	0	40.455	0	0	0	0	
1	[SLPS]	0	644.427	-255.313	0	39.125	0	0	0	0	
1	[SLPS]	0	644.474	-255.235	0	37.800	0	0	0	0	
1	[SLPS]	0	644.535	-255.151	0	36.477	0	0	0	0	
1	[SLPS]	0	644.535	-255.151	0	36.477	0	0	0	0	
1	[SLPS]	0	644.631	-254.977	0	33.820	0	0	0	0	
1	[SLPS]	0	644.631	-254.977	0	33.820	0	0	0	0	
1	[SLPS]	0	644.678	-254.894	0	32.484	0	0	0	0	
1	[SLPS]	0	644.723	-254.803	0	31.147	0	0	0	0	
1	[SLPS]	0	644.723	-254.803	0	31.147	0	0	0	0	
1	[SLPS]	0	644.815	-254.625	0	28.475	0	0	0	0	
1	[SLPS]	0	644.815	-254.625	0	28.475	0	0	0	0	
1	[SLPS]	0	644.847	-254.531	0	27.141	0	0	0	0	
1	[SLPS]	0	644.882	-254.436	0	25.804	0	0	0	0	
1	[SLPS]	0	644.882	-254.436	0	25.804	0	0	0	0	
1	[SLPS]	0	644.948	-254.241	0	23.111	0	0	0	0	
1	[SLPS]	0	644.948	-254.241	0	23.111	0	0	0	0	
1	[SLPS]	0	644.979	-254.144	0	21.771	0	0	0	0	
1	[SLPS]	0	645.004	-254.046	0	20.437	0	0	0	0	
1	[SLPS]	0	645.004	-254.046	0	20.437	0	0	0	0	
1	[SLPS]	0	645.056	-253.846	0	17.744	0	0	0	0	
1	[SLPS]	0	645.056	-253.846	0	17.744	0	0	0	0	
1	[SLPS]	0	645.073	-253.750	0	16.403	0	0	0	0	
1	[SLPS]	0	645.090	-253.651	0	15.060	0	0	0	0	
1	[SLPS]	0	645.090	-253.651	0	15.060	0	0	0	0	
1	[SLPS]	0	645.110	-253.444	0	12.380	0	0	0	0	
1	[SLPS]	0	645.110	-253.444	0	12.380	0	0	0	0	
1	[SLPS]	0	645.122	-253.345	0	11.046	0	0	0	0	
1	[SLPS]	0	645.133	-253.242	0	9.711	0	0	0	0	
1	[SLPS]	0	645.137	-253.140	0	8.378	0	0	0	0	
1	[SLPS]	0	645.142	-253.035	0	7.045	0	0	0	0	
1	[SLPS]	0	645.142	-253.035	0	7.045	0	0	0	0	
1	[SLPS]	0	645.140	-252.832	0	4.383	0	0	0	0	
1	[SLPS]	0	645.140	-252.832	0	4.383	0	0	0	0	
1	[SLPS]	0	645.140	-252.734	0	3.051	0	0	0	0	
1	[SLPS]	0	645.135	-252.630	0	1.721	0	0	0	0	
1	[SLPS]	0	645.135	-252.630	0	1.721	0	0	0	0	
1	[SLPS]	0	645.129	-252.538	0	0.393	0	0	0	0	
1	[SLPS]	0	645.120	-252.440	0	359.070	0	0	0	0	
1	[SLPS]	0	645.109	-252.339	0	357.749	0	0	0	0	
1	[SLPS]	0	645.096	-252.241	0	356.438	0	0	0	0	
1	[SLPS]	0	645.096	-252.241	0	356.438	0	0	0	0	
1	[SLPS]	0	645.062	-252.044	0	353.855	0	0	0	0	
1	[SLPS]	0	645.062	-252.044	0	353.855	0	0	0	0	
1	[SLPS]	0	645.043	-251.943	0	352.580	0	0	0	0	
1	[SLPS]	0	645.022	-251.846	0	351.317	0	0	0	0	
1	[SLPS]	0	645.022	-251.846	0	351.317	0	0	0	0	
1	[SLPS]	0	644.969	-251.656	0	348.850	0	0	0	0	
1	[SLPS]	0	644.969	-251.656	0	348.850	0	0	0	0	
1	[SLPS]	0	644.940	-251.558	0	347.641	0	0	0	0	
1	[SLPS]	0	644.908	-251.463	0	346.451	0	0	0	0	
1	[SLPS]	0	644.908	-251.463	0	346.451	0	0	0	0	
1	[SLPS]	0	644.839	-251.275	0	344.128	0	0	0	0	
1	[SLPS]	0	644.839	-251.275	0	344.128	0	0	0	0	
1	[SLPS]	0	644.804	-251.179	0	342.999	0	0	0	0	
1	[SLPS]	0	644.764	-251.083	0	341.880	0	0	0	0	
1	[SLPS]	0	644.764	-251.083	0	341.880	0	0	0	0	
1	[SLPS]	0	644.677	-250.901	0	339.792	0	0	0	0	
1	[SLPS]	0	644.677	-250.901	0	339.792	0	0	0	0	
1	[SLPS]	0	644.626	-250.813	0	338.797	0	0	0	0	
1	[SLPS]	0	644.578	-250.721	0	337.836	0	0	0	0	
1	[SLPS]	0	644.578	-250.721	0	337.836	0	0	0	0	
1	[SLPS]	0	644.492	-250.536	0	336.015	0	0	0	0	
1	[SLPS]	0	644.492	-250.536	0	336.015	0	0	0	0	
1	[SLPS]	0	644.441	-250.445	0	335.156	0	0	0	0	
1	[SLPS]	0	644.389	-250.353	0	334.331	0	0	0	0	
1	[SLPS]	0	644.389	-250.353	0	334.331	0	0	0	0	
1	[SLPS]	0	644.289	-250.164	0	332.770	0	0	0	0	
1	[SLPS]	0	644.289	-250.164	0	332.770	0	0	0	0	
1	[SLPS]	0	644.238	-250.072	0	332.022	0	0	0	0	
1	[SLPS]	0	644.187	-249.978	0	331.295	0	0	0	0	
1	[SLPS]	0	644.187	-249.978	0	331.295	0	0	0	0	
1	[SLPS]	0	644.070	-249.800	0	329.923	0	0	0	0	
1	[SLPS]	0	644.070	-249.800	0	329.923	0	0	0	0	
1	[SLPS]	0	644.014	-249.708	0	329.292	0	0	0	0	
1	[SLPS]	0	643.957	-249.618	0	328.696	0	0	0	0	
1	[SLPS]	0	643.896	-249.533	0	328.134	0	0	0	0	
1	[SLPS]	0	643.838	-249.446	0	327.596	0	0	0	0	
1	[SLPS]	0	643.838	-249.446	0	327.596	0	0	0	0	
1	[SLPS]	0	643.706	-249.278	0	326.592	0	0	0	0	
1	[SLPS]	0	643.706	-249.278	0	326.592	0	0	0	0	
1	[SLPS]	0	643.640	-249.189	0	326.128	0	0	0	0	
1	[SLPS]	0	643.576	-249.103	0	325.691	0	0	0	0	
1	[SLPS]	0	643.576	-249.103	0	325.691	0	0	0	0	
1	[SLPS]	0	643.441	-248.927	0	324.896	0	0	0	0	
1	[SLPS]	0	643.441	-248.927	0	324.896	0	0	0	0	
1	[SLPS]	0	643.377	-248.831	0	324.534	0	0	0	0	
1	[SLPS]	0	643.306	-248.737	0	324.197	0	0	0	0	
1	[SLPS]	0	643.306	-248.737	0	324.197	0	0	0	0	
1	[SLPS]	0	643.162	-248.545	0	323.619	0	0	0	0	
1	[SLPS]	0	643.162	-248.545	0	323.619	0	0	0	0	
1	[SLPS]	0	643.085	-248.447	0	323.391	0	0	0	0	
1	[SLPS]	0	643.011	-248.349	0	323.203	0	0	0	0	
1	[SLPS]	0	643.011	-248.349	0	323.203	0	0	0	0	
1	[SLPS]	0	642.855	-248.150	0	322.884	0	0	0	0	
1	[SLPS]	0	642.855	-248.150	0	322.884	0	0	0	0	
1	[SLPS]	0	642.777	-248.044	0	322.732	0	0	0	0	
1	[SLPS]	0	642.698	-247.945	0	322.580	0	0	0	0	
1	[SLPS]	0	642.698	-247.945	0	322.580	0	0	0	0	
1	[SLPS]	0	642.538	-247.735	0	322.328	0	0	0	0	
1	[SLPS]	0	642.538	-247.735	0	322.328	0	0	0	0	
1	[SLPS]	0	642.459	-247.633	0	322.242	0	0	0	0	
1	[SLPS]	0	642.375	-247.528	0	322.186	0	0	0	0	
1	[SLPS]	0	642.375	-247.528	0	322.186	0	0	0	0	
1	[SLPS]	0	642.208	-247.324	0	322.110	0	0	0	0	
1	[SLPS]	0	642.208	-247.324	0	322.110	0	0	0	0	
1	[SLPS]	0	642.124	-247.221	0	322.094	0	0	0	0	
1	[SLPS]	0	642.045	-247.121	0	322.092	0	0	0	0	
1	[SLPS]	0	642.045	-247.121	0	322.092	0	0	0	0	
1	[SLPS]	0	641.883	-246.915	0	322.126	0	0	0	0	
1	[SLPS]	0	641.883	-246.915	0	322.126	0	0	0	0	
1	[SLPS]	0	641.803	-246.817	0	322.153	0	0	0	0	
1	[SLPS]	0	641.727	-246.714	0	322.199	0	0	0	0	
1	[SLPS]	0	641.727	-246.714	0	322.199	0	0	0	0	
1	[SLPS]	0	641.562	-246.509	0	322.263	0	0	0	0	
1	[SLPS]	0	641.562	-246.509	0	322.263	0	0	0	0	
1	[SLPS]	0	641.480	-246.404	0	322.296	0	0	0	0	
1	[SLPS]	0	641.397	-246.297	0	322.319	0	0	0	0	
1	[SLPS]	0	641.397	-246.297	0	322.319	0	0	0	0	
1	[SLPS]	0	641.231	-246.078	0	322.365	0	0	0	0	
1	[SLPS]	0	641.231	-246.078	0	322.365	0	0	0	0	
1	[SLPS]	0	641.142	-245.969	0	322.378	0	0	0	0	
1	[SLPS]	0	641.056	-245.856	0	322.398	0	0	0	0	
1	[SLPS]	0	641.056	-245.856	0	322.398	0	0	0	0	
1	[SLPS]	0	640.878	-245.623	0	322.425	0	0	0	0	
1	[SLPS]	0	640.878	-245.623	0	322.425	0	0	0	0	
1	[SLPS]	0	640.788	-245.503	0	322.450	0	0	0	0	
1	[SLPS]	0	640.690	-245.378	0	322.469	0	0	0	0	
1	[SLPS]	0	640.594	-245.255	0	322.494	0	0	0	0	
1	[SLPS]	0	640.503	-245.133	0	322.513	0	0	0	0	
1	[SLPS]	0	640.503	-245.133	0	322.513	0	0	0	0	
1	[SLPS]	0	640.405	-245.007	0	322.524	0	0	0	0	
1	[SLPS]	0	640.305	-244.880	0	322.534	0	0	0	0	
1	[SLPS]	0	640.206	-244.753	0	322.552	0	0	0	0	
1	[SLPS]	0	640.107	-244.625	0	322.574	0	0	0	0	
1	[SLPS]	0	640.107	-244.625	0	322.574	0	0	0	0	
1	[SLPS]	0	640.012	-244.494	0	322.606	0	0	0	0	
1	[SLPS]	0	639.908	-244.364	0	322.612	0	0	0	0	
1	[SLPS]	0	639.807	-244.234	0	322.631	0	0	0	0	
1	[SLPS]	0	639.704	-244.100	0	322.644	0	0	0	0	
1	[SLPS]	0	639.704	-244.100	0	322.644	0	0	0	0	
1	[SLPS]	0	639.602	-243.963	0	322.664	0	0	0	0	
1	[SLPS]	0	639.495	-243.826	0	322.675	0	0	0	0	
1	[SLPS]	0	639.387	-243.687	0	322.687	0	0	0	0	
1	[SLPS]	0	639.279	-243.551	0	322.697	0	0	0	0	
1	[SLPS]	0	639.279	-243.551	0	322.697	0	0	0	0	
1	[SLPS]	0	639.067	-243.271	0	322.750	0	0	0	0	
1	[SLPS]	0	639.067	-243.271	0	322.750	0	0	0	0	
1	[SLPS]	0	638.955	-243.127	0	322.765	0	0	0	0	
1	[SLPS]	0	638.848	-242.984	0	322.791	0	0	0	0	
1	[SLPS]	0	638.848	-242.984	0	322.791	0	0	0	0	
1	[SLPS]	0	638.630	-242.702	0	322.823	0	0	0	0	
1	[SLPS]	0	638.630	-242.702	0	322.823	0	0	0	0	
1	[SLPS]	0	638.520	-242.562	0	322.835	0	0	0	0	
1	[SLPS]	0	638.410	-242.422	0	322.854	0	0	0	0	
1	[SLPS]	0	638.410	-242.422	0	322.854	0	0	0	0	
1	[SLPS]	0	638.194	-242.142	0	322.916	0	0	0	0	
1	[SLPS]	0	638.194	-242.142	0	322.916	0	0	0	0	
1	[SLPS]	0	638.085	-242.004	0	322.948	0	0	0	0	
1	[SLPS]	0	637.978	-241.863	0	322.984	0	0	0	0	
1	[SLPS]	0	637.978	-241.863	0	322.984	0	0	0	0	
1	[SLPS]	0	637.771	-241.592	0	323.050	0	0	0	0	
1	[SLPS]	0	637.771	-241.592	0	323.050	0	0	0	0	
1	[SLPS]	0	637.669	-241.450	0	323.092	0	0	0	0	
1	[SLPS]	0	637.564	-241.313	0	323.113	0	0	0	0	
1	[SLPS]	0	637.564	-241.313	0	323.113	0	0	0	0	
1	[SLPS]	0	637.357	-241.039	0	323.175	0	0	0	0	
1	[SLPS]	0	637.357	-241.039	0	323.175	0	0	0	0	
1	[SLPS]	0	637.253	-240.900	0	323.210	0	0	0	0	
1	[SLPS]	0	637.150	-240.762	0	323.243	0	0	0	0	
1	[SLPS]	0	637.150	-240.762	0	323.243	0	0	0	0	
1	[SLPS]	0	636.945	-240.486	0	323.293	0	0	0	0	
1	[SLPS]	0	636.945	-240.486	0	323.293	0	0	0	0	
1	[SLPS]	0	636.840	-240.347	0	323.317	0	0	0	0	
1	[SLPS]	0	636.737	-240.209	0	323.346	0	0	0	0	
1	[SLPS]	0	636.633	-240.070	0	323.377	0	0	0	0	
1	[SLPS]	0	636.530	-239.932	0	323.409	0	0	0	0	
1	[SLPS]	0	636.530	-239.932	0	323.409	0	0	0	0	
1	[SLPS]	0	636.427	-239.796	0	323.436	0	0	0	0	
1	[SLPS]	0	636.326	-239.660	0	323.463	0	0	0	0	
1	[SLPS]	0	636.225	-239.523	0	323.495	0	0	0	0	
1	[SLPS]	0	636.122	-239.388	0	323.515	0	0	0	0	
1	[SLPS]	0	636.122	-239.388	0	323.515	0	0	0	0	
1	[SLPS]	0	635.923	-239.119	0	323.562	0	0	0	0	
1	[SLPS]	0	635.923	-239.119	0	323.562	0	0	0	0	
1	[SLPS]	0	635.825	-238.987	0	323.588	0	0	0	0	
1	[SLPS]	0	635.725	-238.852	0	323.615	0	0	0	0	
1	[SLPS]	0	635.725	-238.852	0	323.615	0	0	0	0	
1	[SLPS]	0	635.626	-238.716	0	323.644	0	0	0	0	
1	[SLPS]	0	635.528	-238.583	0	323.671	0	0	0	0	
1	[SLPS]	0	635.427	-238.453	0	323.682	0	0	0	0	
1	[SLPS]	0	635.332	-238.319	0	323.720	0	0	0	0	
1	[SLPS]	0	635.332	-238.319	0	323.720	0	0	0	0	
1	[SLPS]	0	635.134	-238.051	0	323.779	0	0	0	0	
1	[SLPS]	0	635.134	-238.051	0	323.779	0	0	0	0	
1	[SLPS]	0	635.034	-237.920	0	323.801	0	0	0	0	
1	[SLPS]	0	634.938	-237.787	0	323.833	0	0	0	0	
1	[SLPS]	0	634.938	-237.787	0	323.833	0	0	0	0	
1	[SLPS]	0	634.741	-237.520	0	323.883	0	0	0	0	
1	[SLPS]	0	634.741	-237.520	0	323.883	0	0	0	0	
1	[SLPS]	0	634.643	-237.388	0	323.908	0	0	0	0	
1	[SLPS]	0	634.548	-237.253	0	323.943	0	0	0	0	
1	[SLPS]	0	634.548	-237.253	0	323.943	0	0	0	0	
1	[SLPS]	0	634.358	-236.986	0	323.994	0	0	0	0	
1	[SLPS]	0	634.358	-236.986	0	323.994	0	0	0	0	
1	[SLPS]	0	634.259	-236.852	0	324.014	0	0	0	0	
1	[SLPS]	0	634.162	-236.721	0	324.041	0	0	0	0	
1	[SLPS]	0	634.162	-236.721	0	324.041	0	0	0	0	
1	[SLPS]	0	633.970	-236.458	0	324.099	0	0	0	0	
1	[SLPS]	0	633.970	-236.458	0	324.099	0	0	0	0	
1	[SLPS]	0	633.875	-236.330	0	324.119	0	0	0	0	
1	[SLPS]	0	633.778	-236.198	0	324.139	0	0	0	0	
1	[SLPS]	0	633.778	-236.198	0	324.139	0	0	0	0	
1	[SLPS]	0	633.587	-235.935	0	324.190	0	0	0	0	
1	[SLPS]	0	633.587	-235.935	0	324.190	0	0	0	0	
1	[SLPS]	0	633.496	-235.804	0	324.222	0	0	0	0	
1	[SLPS]	0	633.402	-235.671	0	324.249	0	0	0	0	
1	[SLPS]	0	633.305	-235.536	0	324.269	0	0	0	0	
1	[SLPS]	0	633.211	-235.404	0	324.293	0	0	0	0	
1	[SLPS]	0	633.211	-235.404	0	324.293	0	0	0	0	
1	[SLPS]	0	633.018	-235.141	0	324.327	0	0	0	0	
1	[SLPS]	0	633.018	-235.141	0	324.327	0	0	0	0	
1	[SLPS]	0	632.923	-235.008	0	324.353	0	0	0	0	
1	[SLPS]	0	632.829	-234.878	0	324.379	0	0	0	0	
1	[SLPS]	0	632.829	-234.878	0	324.379	0	0	0	0	
1	[SLPS]	0	632.735	-234.744	0	324.412	0	0	0	0	
1	[SLPS]	0	632.638	-234.611	0	324.436	0	0	0	0	
1	[SLPS]	0	632.543	-234.474	0	324.463	0	0	0	0	
1	[SLPS]	0	632.446	-234.340	0	324.477	0	0	0	0	
1	[SLPS]	0	632.446	-234.340	0	324.477	0	0	0	0	
1	[SLPS]	0	632.248	-234.067	0	324.520	0	0	0	0	
1	[SLPS]	0	632.248	-234.067	0	324.520	0	0	0	0	
1	[SLPS]	0	632.150	-233.925	0	324.549	0	0	0	0	
1	[SLPS]	0	632.053	-233.788	0	324.573	0	0	0	0	
1	[SLPS]	0	632.053	-233.788	0	324.573	0	0	0	0	
1	[SLPS]	0	631.851	-233.511	0	324.603	0	0	0	0	
1	[SLPS]	0	631.851	-233.511	0	324.603	0	0	0	0	
1	[SLPS]	0	631.754	-233.365	0	324.634	0	0	0	0	
1	[SLPS]	0	631.655	-233.223	0	324.663	0	0	0	0	
1	[SLPS]	0	631.655	-233.223	0	324.663	0	0	0	0	
1	[SLPS]	0	631.451	-232.935	0	324.711	0	0	0	0	
1	[SLPS]	0	631.451	-232.935	0	324.711	0	0	0	0	
1	[SLPS]	0	631.348	-232.792	0	324.732	0	0	0	0	
1	[SLPS]	0	631.241	-232.644	0	324.751	0	0	0	0	
1	[SLPS]	0	631.241	-232.644	0	324.751	0	0	0	0	
1	[SLPS]	0	631.027	-232.342	0	324.801	0	0	0	0	
1	[SLPS]	0	631.027	-232.342	0	324.801	0	0	0	0	
1	[SLPS]	0	630.915	-232.190	0	324.814	0	0	0	0	
1	[SLPS]	0	630.808	-232.033	0	324.846	0	0	0	0	
1	[SLPS]	0	630.808	-232.033	0	324.846	0	0	0	0	
1	[SLPS]	0	630.589	-231.723	0	324.860	0	0	0	0	
1	[SLPS]	0	630.589	-231.723	0	324.860	0	0	0	0	
1	[SLPS]	0	630.477	-231.565	0	324.856	0	0	0	0	
1	[SLPS]	0	630.365	-231.410	0	324.850	0	0	0	0	
1	[SLPS]	0	630.252	-231.252	0	324.852	0	0	0	0	
1	[SLPS]	0	630.142	-231.098	0	324.853	0	0	0	0	
1	[SLPS]	0	630.142	-231.098	0	324.853	0	0	0	0	
1	[SLPS]	0	629.921	-230.784	0	324.851	0	0	0	0	
1	[SLPS]	0	629.921	-230.784	0	324.851	0	0	0	0	
1	[SLPS]	0	629.820	-230.636	0	324.849	0	0	0	0	
1	[SLPS]	0	629.714	-230.483	0	324.843	0	0	0	0	
1	[SLPS]	0	629.714	-230.483	0	324.843	0	0	0	0	
1	[SLPS]	0	629.502	-230.190	0	324.816	0	0	0	0	
1	[SLPS]	0	629.502	-230.190	0	324.816	0	0	0	0	
1	[SLPS]	0	629.397	-230.040	0	324.817	0	0	0	0	
1	[SLPS]	0	629.292	-229.891	0	324.815	0	0	0	0	
1	[SLPS]	0	629.292	-229.891	0	324.815	0	0	0	0	
1	[SLPS]	0	629.186	-229.745	0	324.811	0	0	0	0	
1	[SLPS]	0	629.079	-229.594	0	324.811	0	0	0	0	
1	[SLPS]	0	628.978	-229.446	0	324.811	0	0	0	0	
1	[SLPS]	0	628.874	-229.303	0	324.799	0	0	0	0	
1	[SLPS]	0	628.874	-229.303	0	324.799	0	0	0	0	
1	[SLPS]	0	628.768	-229.156	0	324.792	0	0	0	0	
1	[SLPS]	0	628.669	-229.009	0	324.800	0	0	0	0	
1	[SLPS]	0	628.565	-228.864	0	324.786	0	0	0	0	
1	[SLPS]	0	628.461	-228.717	0	324.765	0	0	0	0	
1	[SLPS]	0	628.461	-228.717	0	324.765	0	0	0	0	
1	[SLPS]	0	628.257	-228.428	0	324.723	0	0	0	0	
1	[SLPS]	0	628.257	-228.428	0	324.723	0	0	0	0	
1	[SLPS]	0	628.148	-228.285	0	324.683	0	0	0	0	
1	[SLPS]	0	628.041	-228.140	0	324.643	0	0	0	0	
1	[SLPS]	0	628.041	-228.140	0	324.643	0	0	0	0	
1	[SLPS]	0	627.833	-227.850	0	324.553	0	0	0	0	
1	[SLPS]	0	627.833	-227.850	0	324.553	0	0	0	0	
1	[SLPS]	0	627.727	-227.701	0	324.496	0	0	0	0	
1	[SLPS]	0	627.622	-227.555	0	324.432	0	0	0	0	
1	[SLPS]	0	627.622	-227.555	0	324.432	0	0	0	0	
1	[SLPS]	0	627.413	-227.267	0	324.278	0	0	0	0	
1	[SLPS]	0	627.413	-227.267	0	324.278	0	0	0	0	
1	[SLPS]	0	627.307	-227.123	0	324.197	0	0	0	0	
1	[SLPS]	0	627.202	-226.977	0	324.113	0	0	0	0	
1	[SLPS]	0	627.202	-226.977	0	324.113	0	0	0	0	
1	[SLPS]	0	626.985	-226.689	0	323.918	0	0	0	0	
1	[SLPS]	0	626.985	-226.689	0	323.918	0	0	0	0	
1	[SLPS]	0	626.875	-226.541	0	323.809	0	0	0	0	
1	[SLPS]	0	626.766	-226.392	0	323.696	0	0	0	0	
1	[SLPS]	0	626.766	-226.392	0	323.696	0	0	0	0	
1	[SLPS]	0	626.548	-226.092	0	323.488	0	0	0	0	
1	[SLPS]	0	626.548	-226.092	0	323.488	0	0	0	0	
1	[SLPS]	0	626.434	-225.941	0	323.386	0	0	0	0	
1	[SLPS]	0	626.320	-225.790	0	323.276	0	0	0	0	
1	[SLPS]	0	626.320	-225.790	0	323.276	0	0	0	0	
1	[SLPS]	0	626.094	-225.489	0	323.034	0	0	0	0	
1	[SLPS]	0	626.094	-225.489	0	323.034	0	0	0	0	
1	[SLPS]	0	625.974	-225.336	0	322.909	0	0	0	0	
1	[SLPS]	0	625.853	-225.181	0	322.788	0	0	0	0	
1	[SLPS]	0	625.853	-225.181	0	322.788	0	0	0	0	
1	[SLPS]	0	625.619	-224.876	0	322.547	0	0	0	0	
1	[SLPS]	0	625.619	-224.876	0	322.547	0	0	0	0	
1	[SLPS]	0	625.496	-224.721	0	322.419	0	0	0	0	
1	[SLPS]	0	625.374	-224.566	0	322.295	0	0	0	0	
1	[SLPS]	0	625.374	-224.566	0	322.295	0	0	0	0	
1	[SLPS]	0	625.124	-224.258	0	322.054	0	0	0	0	
1	[SLPS]	0	625.124	-224.258	0	322.054	0	0	0	0	
1	[SLPS]	0	624.999	-224.098	0	321.930	0	0	0	0	
1	[SLPS]	0	624.875	-223.943	0	321.812	0	0	0	0	
1	[SLPS]	0	624.875	-223.943	0	321.812	0	0	0	0	
1	[SLPS]	0	624.618	-223.631	0	321.577	0	0	0	0	
1	[SLPS]	0	624.618	-223.631	0	321.577	0	0	0	0	
1	[SLPS]	0	624.493	-223.472	0	321.469	0	0	0	0	
1	[SLPS]	0	624.364	-223.315	0	321.374	0	0	0	0	
1	[SLPS]	0	624.233	-223.158	0	321.286	0	0	0	0	
1	[SLPS]	0	624.103	-223.004	0	321.199	0	0	0	0	
1	[SLPS]	0	624.103	-223.004	0	321.199	0	0	0	0	
1	[SLPS]	0	623.975	-222.840	0	321.118	0	0	0	0	
1	[SLPS]	0	623.842	-222.684	0	321.035	0	0	0	0	
1	[SLPS]	0	623.711	-222.528	0	320.958	0	0	0	0	
1	[SLPS]	0	623.581	-222.368	0	320.888	0	0	0	0	
1	[SLPS]	0	623.581	-222.368	0	320.888	0	0	0	0	
1	[SLPS]	0	623.322	-222.046	0	320.756	0	0	0	0	
1	[SLPS]	0	623.322	-222.046	0	320.756	0	0	0	0	
1	[SLPS]	0	623.192	-221.886	0	320.694	0	0	0	0	
1	[SLPS]	0	623.060	-221.726	0	320.621	0	0	0	0	
1	[SLPS]	0	623.060	-221.726	0	320.621	0	0	0	0	
1	[SLPS]	0	622.800	-221.419	0	320.480	0	0	0	0	
1	[SLPS]	0	622.800	-221.419	0	320.480	0	0	0	0	
1	[SLPS]	0	622.666	-221.260	0	320.420	0	0	0	0	
1	[SLPS]	0	622.536	-221.105	0	320.369	0	0	0	0	
1	[SLPS]	0	622.536	-221.105	0	320.369	0	0	0	0	
1	[SLPS]	0	622.269	-220.785	0	320.270	0	0	0	0	
1	[SLPS]	0	622.269	-220.785	0	320.270	0	0	0	0	
1	[SLPS]	0	622.136	-220.623	0	320.220	0	0	0	0	
1	[SLPS]	0	622.000	-220.462	0	320.165	0	0	0	0	
1	[SLPS]	0	622.000	-220.462	0	320.165	0	0	0	0	
1	[SLPS]	0	621.726	-220.140	0	320.061	0	0	0	0	
1	[SLPS]	0	621.726	-220.140	0	320.061	0	0	0	0	
1	[SLPS]	0	621.588	-219.973	0	320.032	0	0	0	0	
1	[SLPS]	0	621.448	-219.813	0	319.986	0	0	0	0	
1	[SLPS]	0	621.448	-219.813	0	319.986	0	0	0	0	
1	[SLPS]	0	621.167	-219.478	0	319.921	0	0	0	0	
1	[SLPS]	0	621.167	-219.478	0	319.921	0	0	0	0	
1	[SLPS]	0	621.024	-219.308	0	319.890	0	0	0	0	
1	[SLPS]	0	620.882	-219.143	0	319.852	0	0	0	0	
1	[SLPS]	0	620.738	-218.973	0	319.812	0	0	0	0	
1	[SLPS]	0	620.593	-218.803	0	319.765	0	0	0	0	
1	[SLPS]	0	620.593	-218.803	0	319.765	0	0	0	0	
1	[SLPS]	0	620.308	-218.466	0	319.696	0	0	0	0	
1	[SLPS]	0	620.308	-218.466	0	319.696	0	0	0	0	
1	[SLPS]	0	620.161	-218.298	0	319.658	0	0	0	0	
1	[SLPS]	0	620.014	-218.126	0	319.623	0	0	0	0	
1	[SLPS]	0	620.014	-218.126	0	319.623	0	0	0	0	
1	[SLPS]	0	619.867	-217.955	0	319.592	0	0	0	0	
1	[SLPS]	0	619.721	-217.784	0	319.568	0	0	0	0	
1	[SLPS]	0	619.572	-217.609	0	319.550	0	0	0	0	
1	[SLPS]	0	619.423	-217.433	0	319.540	0	0	0	0	
1	[SLPS]	0	619.423	-217.433	0	319.540	0	0	0	0	
1	[SLPS]	0	619.122	-217.084	0	319.513	0	0	0	0	
1	[SLPS]	0	619.122	-217.084	0	319.513	0	0	0	0	
1	[SLPS]	0	618.970	-216.906	0	319.502	0	0	0	0	
1	[SLPS]	0	618.818	-216.726	0	319.491	0	0	0	0	
1	[SLPS]	0	618.818	-216.726	0	319.491	0	0	0	0	
1	[SLPS]	0	618.520	-216.371	0	319.477	0	0	0	0	
1	[SLPS]	0	618.520	-216.371	0	319.477	0	0	0	0	
1	[SLPS]	0	618.367	-216.191	0	319.468	0	0	0	0	
1	[SLPS]	0	618.210	-216.010	0	319.457	0	0	0	0	
1	[SLPS]	0	618.210	-216.010	0	319.457	0	0	0	0	
1	[SLPS]	0	617.904	-215.649	0	319.450	0	0	0	0	
1	[SLPS]	0	617.904	-215.649	0	319.450	0	0	0	0	
1	[SLPS]	0	617.747	-215.466	0	319.440	0	0	0	0	
1	[SLPS]	0	617.592	-215.284	0	319.433	0	0	0	0	
1	[SLPS]	0	617.592	-215.284	0	319.433	0	0	0	0	
1	[SLPS]	0	617.283	-214.924	0	319.410	0	0	0	0	
1	[SLPS]	0	617.283	-214.924	0	319.410	0	0	0	0	
1	[SLPS]	0	617.125	-214.740	0	319.405	0	0	0	0	
1	[SLPS]	0	616.970	-214.560	0	319.400	0	0	0	0	
1	[SLPS]	0	616.970	-214.560	0	319.400	0	0	0	0	
1	[SLPS]	0	616.660	-214.196	0	319.402	0	0	0	0	
1	[SLPS]	0	616.660	-214.196	0	319.402	0	0	0	0	
1	[SLPS]	0	616.504	-214.011	0	319.410	0	0	0	0	
1	[SLPS]	0	616.349	-213.826	0	319.414	0	0	0	0	
1	[SLPS]	0	616.349	-213.826	0	319.414	0	0	0	0	
1	[SLPS]	0	616.038	-213.467	0	319.411	0	0	0	0	
1	[SLPS]	0	616.038	-213.467	0	319.411	0	0	0	0	
1	[SLPS]	0	615.881	-213.281	0	319.411	0	0	0	0	
1	[SLPS]	0	615.725	-213.096	0	319.419	0	0	0	0	
1	[SLPS]	0	615.725	-213.096	0	319.419	0	0	0	0	
1	[SLPS]	0	615.409	-212.729	0	319.422	0	0	0	0	
1	[SLPS]	0	615.409	-212.729	0	319.422	0	0	0	0	
1	[SLPS]	0	615.250	-212.542	0	319.429	0	0	0	0	
1	[SLPS]	0	615.091	-212.358	0	319.436	0	0	0	0	
1	[SLPS]	0	615.091	-212.358	0	319.436	0	0	0	0	
1	[SLPS]	0	614.777	-211.988	0	319.439	0	0	0	0	
1	[SLPS]	0	614.777	-211.988	0	319.439	0	0	0	0	
1	[SLPS]	0	614.616	-211.803	0	319.428	0	0	0	0	
1	[SLPS]	0	614.456	-211.614	0	319.430	0	0	0	0	
1	[SLPS]	0	614.456	-211.614	0	319.430	0	0	0	0	
1	[SLPS]	0	614.138	-211.240	0	319.444	0	0	0	0	
1	[SLPS]	0	614.138	-211.240	0	319.444	0	0	0	0	
1	[SLPS]	0	613.983	-211.053	0	319.462	0	0	0	0	
1	[SLPS]	0	613.823	-210.866	0	319.467	0	0	0	0	
1	[SLPS]	0	613.823	-210.866	0	319.467	0	0	0	0	
1	[SLPS]	0	613.500	-210.484	0	319.504	0	0	0	0	
1	[SLPS]	0	613.500	-210.484	0	319.504	0	0	0	0	
1	[SLPS]	0	613.336	-210.294	0	319.520	0	0	0	0	
1	[SLPS]	0	613.173	-210.105	0	319.546	0	0	0	0	
1	[SLPS]	0	613.173	-210.105	0	319.546	0	0	0	0	
1	[SLPS]	0	612.852	-209.727	0	319.604	0	0	0	0	
1	[SLPS]	0	612.852	-209.727	0	319.604	0	0	0	0	
1	[SLPS]	0	612.694	-209.542	0	319.642	0	0	0	0	
1	[SLPS]	0	612.538	-209.353	0	319.691	0	0	0	0	
1	[SLPS]	0	612.378	-209.165	0	319.731	0	0	0	0	
1	[SLPS]	0	612.224	-208.979	0	319.773	0	0	0	0	
1	[SLPS]	0	612.224	-208.979	0	319.773	0	0	0	0	
1	[SLPS]	0	611.908	-208.604	0	319.846	0	0	0	0	
1	[SLPS]	0	611.908	-208.604	0	319.846	0	0	0	0	
1	[SLPS]	0	611.751	-208.418	0	319.884	0	0	0	0	
1	[SLPS]	0	611.595	-208.235	0	319.917	0	0	0	0	
1	[SLPS]	0	611.595	-208.235	0	319.917	0	0	0	0	
1	[SLPS]	0	611.287	-207.861	0	320.003	0	0	0	0	
1	[SLPS]	0	611.287	-207.861	0	320.003	0	0	0	0	
1	[SLPS]	0	611.134	-207.676	0	320.049	0	0	0	0	
1	[SLPS]	0	610.982	-207.492	0	320.100	0	0	0	0	
1	[SLPS]	0	610.982	-207.492	0	320.100	0	0	0	0	
1	[SLPS]	0	610.679	-207.122	0	320.178	0	0	0	0	
1	[SLPS]	0	610.679	-207.122	0	320.178	0	0	0	0	
1	[SLPS]	0	610.525	-206.933	0	320.221	0	0	0	0	
1	[SLPS]	0	610.374	-206.748	0	320.258	0	0	0	0	
1	[SLPS]	0	610.374	-206.748	0	320.258	0	0	0	0	
1	[SLPS]	0	610.075	-206.388	0	320.339	0	0	0	0	
1	[SLPS]	0	610.075	-206.388	0	320.339	0	0	0	0	
1	[SLPS]	0	609.925	-206.204	0	320.384	0	0	0	0	
1	[SLPS]	0	609.778	-206.025	0	320.423	0	0	0	0	
1	[SLPS]	0	609.778	-206.025	0	320.423	0	0	0	0	
1	[SLPS]	0	609.478	-205.660	0	320.516	0	0	0	0	
1	[SLPS]	0	609.478	-205.660	0	320.516	0	0	0	0	
1	[SLPS]	0	609.330	-205.474	0	320.572	0	0	0	0	
1	[SLPS]	0	609.180	-205.291	0	320.628	0	0	0	0	
1	[SLPS]	0	609.180	-205.291	0	320.628	0	0	0	0	
1	[SLPS]	0	608.887	-204.931	0	320.756	0	0	0	0	
1	[SLPS]	0	608.887	-204.931	0	320.756	0	0	0	0	
1	[SLPS]	0	608.740	-204.752	0	320.823	0	0	0	0	
1	[SLPS]	0	608.595	-204.571	0	320.893	0	0	0	0	
1	[SLPS]	0	608.449	-204.392	0	320.956	0	0	0	0	
1	[SLPS]	0	608.305	-204.212	0	321.018	0	0	0	0	
1	[SLPS]	0	608.305	-204.212	0	321.018	0	0	0	0	
1	[SLPS]	0	608.160	-204.029	0	321.081	0	0	0	0	
1	[SLPS]	0	608.017	-203.848	0	321.141	0	0	0	0	
1	[SLPS]	0	607.872	-203.670	0	321.202	0	0	0	0	
1	[SLPS]	0	607.731	-203.486	0	321.263	0	0	0	0	
1	[SLPS]	0	607.731	-203.486	0	321.263	0	0	0	0	
1	[SLPS]	0	607.446	-203.124	0	321.398	0	0	0	0	
1	[SLPS]	0	607.446	-203.124	0	321.398	0	0	0	0	
1	[SLPS]	0	607.301	-202.942	0	321.463	0	0	0	0	
1	[SLPS]	0	607.161	-202.763	0	321.533	0	0	0	0	
1	[SLPS]	0	607.161	-202.763	0	321.533	0	0	0	0	
1	[SLPS]	0	606.881	-202.404	0	321.665	0	0	0	0	
1	[SLPS]	0	606.881	-202.404	0	321.665	0	0	0	0	
1	[SLPS]	0	606.741	-202.225	0	321.726	0	0	0	0	
1	[SLPS]	0	606.603	-202.047	0	321.780	0	0	0	0	
1	[SLPS]	0	606.603	-202.047	0	321.780	0	0	0	0	
1	[SLPS]	0	606.328	-201.695	0	321.896	0	0	0	0	
1	[SLPS]	0	606.328	-201.695	0	321.896	0	0	0	0	
1	[SLPS]	0	606.192	-201.515	0	321.958	0	0	0	0	
1	[SLPS]	0	606.052	-201.340	0	322.026	0	0	0	0	
1	[SLPS]	0	606.052	-201.340	0	322.026	0	0	0	0	
1	[SLPS]	0	605.780	-200.983	0	322.154	0	0	0	0	
1	[SLPS]	0	605.780	-200.983	0	322.154	0	0	0	0	
1	[SLPS]	0	605.647	-200.805	0	322.221	0	0	0	0	
1	[SLPS]	0	605.508	-200.631	0	322.285	0	0	0	0	
1	[SLPS]	0	605.508	-200.631	0	322.285	0	0	0	0	
1	[SLPS]	0	605.244	-200.274	0	322.415	0	0	0	0	
1	[SLPS]	0	605.244	-200.274	0	322.415	0	0	0	0	
1	[SLPS]	0	605.109	-200.095	0	322.476	0	0	0	0	
1	[SLPS]	0	604.976	-199.919	0	322.538	0	0	0	0	
1	[SLPS]	0	604.976	-199.919	0	322.538	0	0	0	0	
1	[SLPS]	0	604.713	-199.568	0	322.660	0	0	0	0	
1	[SLPS]	0	604.713	-199.568	0	322.660	0	0	0	0	
1	[SLPS]	0	604.583	-199.394	0	322.723	0	0	0	0	
1	[SLPS]	0	604.451	-199.221	0	322.778	0	0	0	0	
1	[SLPS]	0	604.451	-199.221	0	322.778	0	0	0	0	
1	[SLPS]	0	604.194	-198.875	0	322.885	0	0	0	0	
1	[SLPS]	0	604.194	-198.875	0	322.885	0	0	0	0	
1	[SLPS]	0	604.064	-198.701	0	322.947	0	0	0	0	
1	[SLPS]	0	603.934	-198.528	0	323.003	0	0	0	0	
1	[SLPS]	0	603.934	-198.528	0	323.003	0	0	0	0	
1	[SLPS]	0	603.683	-198.185	0	323.110	0	0	0	0	
1	[SLPS]	0	603.683	-198.185	0	323.110	0	0	0	0	
1	[SLPS]	0	603.555	-198.012	0	323.166	0	0	0	0	
1	[SLPS]	0	603.426	-197.841	0	323.228	0	0	0	0	
1	[SLPS]	0	603.426	-197.841	0	323.228	0	0	0	0	
1	[SLPS]	0	603.175	-197.506	0	323.343	0	0	0	0	
1	[SLPS]	0	603.175	-197.506	0	323.343	0	0	0	0	
1	[SLPS]	0	603.050	-197.332	0	323.398	0	0	0	0	
1	[SLPS]	0	602.925	-197.162	0	323.454	0	0	0	0	
1	[SLPS]	0	602.797	-196.993	0	323.497	0	0	0	0	
1	[SLPS]	0	602.673	-196.826	0	323.554	0	0	0	0	
1	[SLPS]	0	602.673	-196.826	0	323.554	0	0	0	0	
1	[SLPS]	0	602.550	-196.654	0	323.613	0	0	0	0	
1	[SLPS]	0	602.426	-196.485	0	323.660	0	0	0	0	
1	[SLPS]	0	602.426	-196.485	0	323.660	0	0	0	0	
1	[SLPS]	0	602.184	-196.149	0	323.766	0	0	0	0	
1	[SLPS]	0	602.184	-196.149	0	323.766	0	0	0	0	
1	[SLPS]	0	602.061	-195.982	0	323.818	0	0	0	0	
1	[SLPS]	0	601.939	-195.811	0	323.877	0	0	0	0	
1	[SLPS]	0	601.816	-195.641	0	323.930	0	0	0	0	
1	[SLPS]	0	601.696	-195.475	0	323.971	0	0	0	0	
1	[SLPS]	0	601.696	-195.475	0	323.971	0	0	0	0	
1	[SLPS]	0	601.455	-195.135	0	324.053	0	0	0	0	
1	[SLPS]	0	601.455	-195.135	0	324.053	0	0	0	0	
1	[SLPS]	0	601.336	-194.972	0	324.092	0	0	0	0	
1	[SLPS]	0	601.223	-194.805	0	324.142	0	0	0	0	
1	[SLPS]	0	601.223	-194.805	0	324.142	0	0	0	0	
1	[SLPS]	0	600.983	-194.478	0	324.191	0	0	0	0	
1	[SLPS]	0	600.983	-194.478	0	324.191	0	0	0	0	
1	[SLPS]	0	600.866	-194.311	0	324.222	0	0	0	0	
1	[SLPS]	0	600.753	-194.147	0	324.259	0	0	0	0	
1	[SLPS]	0	600.753	-194.147	0	324.259	0	0	0	0	
1	[SLPS]	0	600.519	-193.818	0	324.332	0	0	0	0	
1	[SLPS]	0	600.519	-193.818	0	324.332	0	0	0	0	
1	[SLPS]	0	600.402	-193.654	0	324.364	0	0	0	0	
1	[SLPS]	0	600.288	-193.491	0	324.387	0	0	0	0	
1	[SLPS]	0	600.288	-193.491	0	324.387	0	0	0	0	
1	[SLPS]	0	600.058	-193.169	0	324.436	0	0	0	0	
1	[SLPS]	0	600.058	-193.169	0	324.436	0	0	0	0	
1	[SLPS]	0	599.947	-193.007	0	324.468	0	0	0	0	
1	[SLPS]	0	599.833	-192.848	0	324.501	0	0	0	0	
1	[SLPS]	0	599.833	-192.848	0	324.501	0	0	0	0	
1	[SLPS]	0	599.607	-192.529	0	324.575	0	0	0	0	
1	[SLPS]	0	599.607	-192.529	0	324.575	0	0	0	0	
1	[SLPS]	0	599.493	-192.367	0	324.602	0	0	0	0	
1	[SLPS]	0	599.385	-192.207	0	324.631	0	0	0	0	
1	[SLPS]	0	599.385	-192.207	0	324.631	0	0	0	0	
1	[SLPS]	0	599.276	-192.050	0	324.656	0	0	0	0	
1	[SLPS]	0	599.165	-191.891	0	324.682	0	0	0	0	
1	[SLPS]	0	599.055	-191.730	0	324.714	0	0	0	0	
1	[SLPS]	0	598.947	-191.575	0	324.746	0	0	0	0	
1	[SLPS]	0	598.947	-191.575	0	324.746	0	0	0	0	
1	[SLPS]	0	598.726	-191.264	0	324.781	0	0	0	0	
1	[SLPS]	0	598.726	-191.264	0	324.781	0	0	0	0	
1	[SLPS]	0	598.614	-191.108	0	324.790	0	0	0	0	
1	[SLPS]	0	598.506	-190.953	0	324.796	0	0	0	0	
1	[SLPS]	0	598.506	-190.953	0	324.796	0	0	0	0	
1	[SLPS]	0	598.290	-190.637	0	324.816	0	0	0	0	
1	[SLPS]	0	598.290	-190.637	0	324.816	0	0	0	0	
1	[SLPS]	0	598.183	-190.483	0	324.823	0	0	0	0	
1	[SLPS]	0	598.076	-190.328	0	324.827	0	0	0	0	
1	[SLPS]	0	598.076	-190.328	0	324.827	0	0	0	0	
1	[SLPS]	0	597.860	-190.024	0	324.825	0	0	0	0	
1	[SLPS]	0	597.860	-190.024	0	324.825	0	0	0	0	
1	[SLPS]	0	597.753	-189.871	0	324.821	0	0	0	0	
1	[SLPS]	0	597.646	-189.721	0	324.817	0	0	0	0	
1	[SLPS]	0	597.646	-189.721	0	324.817	0	0	0	0	
1	[SLPS]	0	597.433	-189.418	0	324.827	0	0	0	0	
1	[SLPS]	0	597.433	-189.418	0	324.827	0	0	0	0	
1	[SLPS]	0	597.327	-189.265	0	324.838	0	0	0	0	
1	[SLPS]	0	597.222	-189.114	0	324.851	0	0	0	0	
1	[SLPS]	0	597.222	-189.114	0	324.851	0	0	0	0	
1	[SLPS]	0	597.016	-188.810	0	324.893	0	0	0	0	
1	[SLPS]	0	597.016	-188.810	0	324.893	0	0	0	0	
1	[SLPS]	0	596.909	-188.659	0	324.912	0	0	0	0	
1	[SLPS]	0	596.804	-188.508	0	324.933	0	0	0	0	
1	[SLPS]	0	596.804	-188.508	0	324.933	0	0	0	0	
1	[SLPS]	0	596.592	-188.208	0	324.957	0	0	0	0	
1	[SLPS]	0	596.592	-188.208	0	324.957	0	0	0	0	
1	[SLPS]	0	596.487	-188.056	0	324.974	0	0	0	0	
1	[SLPS]	0	596.381	-187.909	0	324.987	0	0	0	0	
1	[SLPS]	0	596.279	-187.756	0	325.013	0	0	0	0	
1	[SLPS]	0	596.172	-187.608	0	325.031	0	0	0	0	
1	[SLPS]	0	596.172	-187.608	0	325.031	0	0	0	0	
1	[SLPS]	0	595.966	-187.311	0	325.060	0	0	0	0	
1	[SLPS]	0	595.966	-187.311	0	325.060	0	0	0	0	
1	[SLPS]	0	595.966	-187.311	0	325.060	0	0	0	0	
1	[SLPS]	0	595.761	-187.009	0	325.080	0	0	0	0	
1	[SLPS]	0	595.761	-187.009	0	325.080	0	0	0	0	
1	[SLPS]	0	595.661	-186.860	0	325.099	0	0	0	0	
1	[SLPS]	0	595.558	-186.711	0	325.117	0	0	0	0	
1	[SLPS]	0	595.455	-186.563	0	325.128	0	0	0	0	
1	[SLPS]	0	595.354	-186.415	0	325.142	0	0	0	0	
1	[SLPS]	0	595.354	-186.415	0	325.142	0	0	0	0	
1	[SLPS]	0	595.249	-186.265	0	325.155	0	0	0	0	
1	[SLPS]	0	595.150	-186.117	0	325.173	0	0	0	0	
1	[SLPS]	0	595.150	-186.117	0	325.173	0	0	0	0	
1	[SLPS]	0	594.947	-185.822	0	325.200	0	0	0	0	
1	[SLPS]	0	594.947	-185.822	0	325.200	0	0	0	0	
1	[SLPS]	0	594.841	-185.672	0	325.206	0	0	0	0	
1	[SLPS]	0	594.741	-185.526	0	325.211	0	0	0	0	
1	[SLPS]	0	594.741	-185.526	0	325.211	0	0	0	0	
1	[SLPS]	0	594.538	-185.227	0	325.236	0	0	0	0	
1	[SLPS]	0	594.538	-185.227	0	325.236	0	0	0	0	
1	[SLPS]	0	594.435	-185.080	0	325.239	0	0	0	0	
1	[SLPS]	0	594.336	-184.933	0	325.250	0	0	0	0	
1	[SLPS]	0	594.236	-184.783	0	325.263	0	0	0	0	
1	[SLPS]	0	594.134	-184.635	0	325.272	0	0	0	0	
1	[SLPS]	0	594.134	-184.635	0	325.272	0	0	0	0	
1	[SLPS]	0	594.030	-184.486	0	325.277	0	0	0	0	
1	[SLPS]	0	593.929	-184.339	0	325.285	0	0	0	0	
1	[SLPS]	0	593.830	-184.192	0	325.296	0	0	0	0	
1	[SLPS]	0	593.729	-184.046	0	325.306	0	0	0	0	
1	[SLPS]	0	593.729	-184.046	0	325.306	0	0	0	0	
1	[SLPS]	0	593.527	-183.752	0	325.334	0	0	0	0	
1	[SLPS]	0	593.527	-183.752	0	325.334	0	0	0	0	
1	[SLPS]	0	593.425	-183.606	0	325.344	0	0	0	0	
1	[SLPS]	0	593.323	-183.458	0	325.355	0	0	0	0	
1	[SLPS]	0	593.323	-183.458	0	325.355	0	0	0	0	
1	[SLPS]	0	593.121	-183.162	0	325.371	0	0	0	0	
1	[SLPS]	0	593.121	-183.162	0	325.371	0	0	0	0	
1	[SLPS]	0	593.022	-183.020	0	325.376	0	0	0	0	
1	[SLPS]	0	592.918	-182.872	0	325.373	0	0	0	0	
1	[SLPS]	0	592.918	-182.872	0	325.373	0	0	0	0	
1	[SLPS]	0	592.719	-182.577	0	325.400	0	0	0	0	
1	[SLPS]	0	592.719	-182.577	0	325.400	0	0	0	0	
1	[SLPS]	0	592.619	-182.428	0	325.421	0	0	0	0	
1	[SLPS]	0	592.520	-182.277	0	325.453	0	0	0	0	
1	[SLPS]	0	592.520	-182.277	0	325.453	0	0	0	0	
1	[SLPS]	0	592.317	-181.980	0	325.507	0	0	0	0	
1	[SLPS]	0	592.317	-181.980	0	325.507	0	0	0	0	
1	[SLPS]	0	592.215	-181.828	0	325.530	0	0	0	0	
1	[SLPS]	0	592.115	-181.677	0	325.559	0	0	0	0	
1	[SLPS]	0	592.115	-181.677	0	325.559	0	0	0	0	
1	[SLPS]	0	591.912	-181.377	0	325.613	0	0	0	0	
1	[SLPS]	0	591.912	-181.377	0	325.613	0	0	0	0	
1	[SLPS]	0	591.815	-181.225	0	325.647	0	0	0	0	
1	[SLPS]	0	591.714	-181.076	0	325.670	0	0	0	0	
1	[SLPS]	0	591.714	-181.076	0	325.670	0	0	0	0	
1	[SLPS]	0	591.509	-180.777	0	325.705	0	0	0	0	
1	[SLPS]	0	591.509	-180.777	0	325.705	0	0	0	0	
1	[SLPS]	0	591.407	-180.628	0	325.733	0	0	0	0	
1	[SLPS]	0	591.307	-180.477	0	325.770	0	0	0	0	
1	[SLPS]	0	591.207	-180.330	0	325.800	0	0	0	0	
1	[SLPS]	0	591.107	-180.178	0	325.828	0	0	0	0	
1	[SLPS]	0	591.107	-180.178	0	325.828	0	0	0	0	
1	[SLPS]	0	590.905	-179.878	0	325.863	0	0	0	0	
1	[SLPS]	0	590.905	-179.878	0	325.863	0	0	0	0	
1	[SLPS]	0	590.802	-179.727	0	325.871	0	0	0	0	
1	[SLPS]	0	590.704	-179.578	0	325.881	0	0	0	0	
1	[SLPS]	0	590.704	-179.578	0	325.881	0	0	0	0	
1	[SLPS]	0	590.501	-179.274	0	325.892	0	0	0	0	
1	[SLPS]	0	590.501	-179.274	0	325.892	0	0	0	0	
1	[SLPS]	0	590.398	-179.123	0	325.894	0	0	0	0	
1	[SLPS]	0	590.297	-178.975	0	325.893	0	0	0	0	
1	[SLPS]	0	590.297	-178.975	0	325.893	0	0	0	0	
1	[SLPS]	0	590.091	-178.670	0	325.905	0	0	0	0	
1	[SLPS]	0	590.091	-178.670	0	325.905	0	0	0	0	
1	[SLPS]	0	589.989	-178.517	0	325.913	0	0	0	0	
1	[SLPS]	0	589.887	-178.365	0	325.925	0	0	0	0	
1	[SLPS]	0	589.887	-178.365	0	325.925	0	0	0	0	
1	[SLPS]	0	589.683	-178.068	0	325.942	0	0	0	0	
1	[SLPS]	0	589.683	-178.068	0	325.942	0	0	0	0	
1	[SLPS]	0	589.583	-177.910	0	325.954	0	0	0	0	
1	[SLPS]	0	589.486	-177.756	0	325.962	0	0	0	0	
1	[SLPS]	0	589.486	-177.756	0	325.962	0	0	0	0	
1	[SLPS]	0	589.276	-177.445	0	325.977	0	0	0	0	
1	[SLPS]	0	589.276	-177.445	0	325.977	0	0	0	0	
1	[SLPS]	0	589.172	-177.291	0	325.985	0	0	0	0	
1	[SLPS]	0	589.070	-177.137	0	325.994	0	0	0	0	
1	[SLPS]	0	589.070	-177.137	0	325.994	0	0	0	0	
1	[SLPS]	0	588.863	-176.829	0	326.020	0	0	0	0	
1	[SLPS]	0	588.863	-176.829	0	326.020	0	0	0	0	
1	[SLPS]	0	588.758	-176.673	0	326.026	0	0	0	0	
1	[SLPS]	0	588.657	-176.520	0	326.033	0	0	0	0	
1	[SLPS]	0	588.553	-176.363	0	326.046	0	0	0	0	
1	[SLPS]	0	588.446	-176.206	0	326.050	0	0	0	0	
1	[SLPS]	0	588.446	-176.206	0	326.050	0	0	0	0	
1	[SLPS]	0	588.238	-175.891	0	326.070	0	0	0	0	
1	[SLPS]	0	588.238	-175.891	0	326.070	0	0	0	0	
1	[SLPS]	0	588.129	-175.733	0	326.062	0	0	0	0	
1	[SLPS]	0	588.024	-175.574	0	326.065	0	0	0	0	
1	[SLPS]	0	588.024	-175.574	0	326.065	0	0	0	0	
1	[SLPS]	0	587.812	-175.258	0	326.080	0	0	0	0	
1	[SLPS]	0	587.812	-175.258	0	326.080	0	0	0	0	
1	[SLPS]	0	587.708	-175.099	0	326.078	0	0	0	0	
1	[SLPS]	0	587.601	-174.941	0	326.072	0	0	0	0	
1	[SLPS]	0	587.601	-174.941	0	326.072	0	0	0	0	
1	[SLPS]	0	587.387	-174.626	0	326.056	0	0	0	0	
1	[SLPS]	0	587.387	-174.626	0	326.056	0	0	0	0	
1	[SLPS]	0	587.282	-174.466	0	326.051	0	0	0	0	
1	[SLPS]	0	587.177	-174.306	0	326.054	0	0	0	0	
1	[SLPS]	0	587.177	-174.306	0	326.054	0	0	0	0	
1	[SLPS]	0	586.963	-173.990	0	326.047	0	0	0	0	
1	[SLPS]	0	586.963	-173.990	0	326.047	0	0	0	0	
1	[SLPS]	0	586.858	-173.823	0	326.056	0	0	0	0	
1	[SLPS]	0	586.749	-173.659	0	326.053	0	0	0	0	
1	[SLPS]	0	586.749	-173.659	0	326.053	0	0	0	0	
1	[SLPS]	0	586.533	-173.336	0	326.040	0	0	0	0	
1	[SLPS]	0	586.533	-173.336	0	326.040	0	0	0	0	
1	[SLPS]	0	586.315	-173.004	0	326.057	0	0	0	0	
1	[SLPS]	0	586.315	-173.004	0	326.057	0	0	0	0	
1	[SLPS]	0	586.203	-172.840	0	326.041	0	0	0	0	
1	[SLPS]	0	586.097	-172.679	0	326.039	0	0	0	0	
1	[SLPS]	0	586.097	-172.679	0	326.039	0	0	0	0	
1	[SLPS]	0	585.873	-172.350	0	326.022	0	0	0	0	
1	[SLPS]	0	585.873	-172.350	0	326.022	0	0	0	0	
1	[SLPS]	0	585.765	-172.182	0	326.021	0	0	0	0	
1	[SLPS]	0	585.656	-172.017	0	325.999	0	0	0	0	
1	[SLPS]	0	585.656	-172.017	0	325.999	0	0	0	0	
1	[SLPS]	0	585.440	-171.693	0	325.932	0	0	0	0	
1	[SLPS]	0	585.440	-171.693	0	325.932	0	0	0	0	
1	[SLPS]	0	585.329	-171.528	0	325.877	0	0	0	0	
1	[SLPS]	0	585.220	-171.363	0	325.820	0	0	0	0	
1	[SLPS]	0	585.220	-171.363	0	325.820	0	0	0	0	
1	[SLPS]	0	584.998	-171.039	0	325.729	0	0	0	0	
1	[SLPS]	0	584.998	-171.039	0	325.729	0	0	0	0	
1	[SLPS]	0	584.885	-170.873	0	325.693	0	0	0	0	
1	[SLPS]	0	584.773	-170.710	0	325.655	0	0	0	0	
1	[SLPS]	0	584.773	-170.710	0	325.655	0	0	0	0	
1	[SLPS]	0	584.548	-170.387	0	325.583	0	0	0	0	
1	[SLPS]	0	584.548	-170.387	0	325.583	0	0	0	0	
1	[SLPS]	0	584.436	-170.219	0	325.546	0	0	0	0	
1	[SLPS]	0	584.325	-170.055	0	325.511	0	0	0	0	
1	[SLPS]	0	584.325	-170.055	0	325.511	0	0	0	0	
1	[SLPS]	0	584.104	-169.730	0	325.452	0	0	0	0	
1	[SLPS]	0	584.104	-169.730	0	325.452	0	0	0	0	
1	[SLPS]	0	583.991	-169.565	0	325.421	0	0	0	0	
1	[SLPS]	0	583.879	-169.402	0	325.382	0	0	0	0	
1	[SLPS]	0	583.879	-169.402	0	325.382	0	0	0	0	
1	[SLPS]	0	583.651	-169.075	0	325.307	0	0	0	0	
1	[SLPS]	0	583.651	-169.075	0	325.307	0	0	0	0	
1	[SLPS]	0	583.537	-168.906	0	325.278	0	0	0	0	
1	[SLPS]	0	583.424	-168.742	0	325.247	0	0	0	0	
1	[SLPS]	0	583.424	-168.742	0	325.247	0	0	0	0	
1	[SLPS]	0	583.196	-168.412	0	325.182	0	0	0	0	
