1	[SLPS]	0	113.104	66.575	0	242.802	0	0	0	0	
1	[SLPS]	0	113.104	66.575	0	242.802	0	0	0	0	
1	[SLPS]	0	112.627	66.342	0	242.815	0	0	0	0	
1	[SLPS]	0	112.627	66.342	0	242.815	0	0	0	0	
1	[SLPS]	0	112.396	66.210	0	242.808	0	0	0	0	
1	[SLPS]	0	112.165	66.092	0	242.807	0	0	0	0	
1	[SLPS]	0	112.165	66.092	0	242.807	0	0	0	0	
1	[SLPS]	0	111.698	65.851	0	242.817	0	0	0	0	
1	[SLPS]	0	111.698	65.851	0	242.817	0	0	0	0	
1	[SLPS]	0	111.462	65.727	0	242.825	0	0	0	0	
1	[SLPS]	0	111.225	65.602	0	242.829	0	0	0	0	
1	[SLPS]	0	111.225	65.602	0	242.829	0	0	0	0	
1	[SLPS]	0	110.755	65.362	0	242.838	0	0	0	0	
1	[SLPS]	0	110.755	65.362	0	242.838	0	0	0	0	
1	[SLPS]	0	110.513	65.236	0	242.846	0	0	0	0	
1	[SLPS]	0	110.280	65.118	0	242.854	0	0	0	0	
1	[SLPS]	0	110.280	65.118	0	242.854	0	0	0	0	
1	[SLPS]	0	109.805	64.873	0	242.857	0	0	0	0	
1	[SLPS]	0	109.805	64.873	0	242.857	0	0	0	0	
1	[SLPS]	0	109.566	64.747	0	242.859	0	0	0	0	
1	[SLPS]	0	109.326	64.620	0	242.863	0	0	0	0	
1	[SLPS]	0	109.326	64.620	0	242.863	0	0	0	0	
1	[SLPS]	0	108.847	64.371	0	242.862	0	0	0	0	
1	[SLPS]	0	108.847	64.371	0	242.862	0	0	0	0	
1	[SLPS]	0	108.607	64.252	0	242.859	0	0	0	0	
1	[SLPS]	0	108.369	64.125	0	242.850	0	0	0	0	
1	[SLPS]	0	108.369	64.125	0	242.850	0	0	0	0	
1	[SLPS]	0	107.886	63.877	0	242.831	0	0	0	0	
1	[SLPS]	0	107.886	63.877	0	242.831	0	0	0	0	
1	[SLPS]	0	107.654	63.757	0	242.825	0	0	0	0	
1	[SLPS]	0	107.417	63.635	0	242.820	0	0	0	0	
1	[SLPS]	0	107.181	63.512	0	242.815	0	0	0	0	
1	[SLPS]	0	106.944	63.389	0	242.809	0	0	0	0	
1	[SLPS]	0	106.944	63.389	0	242.809	0	0	0	0	
1	[SLPS]	0	106.709	63.268	0	242.806	0	0	0	0	
1	[SLPS]	0	106.475	63.145	0	242.796	0	0	0	0	
1	[SLPS]	0	106.242	63.023	0	242.784	0	0	0	0	
1	[SLPS]	0	106.006	62.906	0	242.784	0	0	0	0	
1	[SLPS]	0	106.006	62.906	0	242.784	0	0	0	0	
1	[SLPS]	0	105.538	62.666	0	242.771	0	0	0	0	
1	[SLPS]	0	105.538	62.666	0	242.771	0	0	0	0	
1	[SLPS]	0	105.305	62.543	0	242.768	0	0	0	0	
1	[SLPS]	0	105.073	62.425	0	242.769	0	0	0	0	
1	[SLPS]	0	105.073	62.425	0	242.769	0	0	0	0	
1	[SLPS]	0	104.608	62.180	0	242.757	0	0	0	0	
1	[SLPS]	0	104.608	62.180	0	242.757	0	0	0	0	
1	[SLPS]	0	104.371	62.054	0	242.743	0	0	0	0	
1	[SLPS]	0	104.140	61.936	0	242.742	0	0	0	0	
1	[SLPS]	0	104.140	61.936	0	242.742	0	0	0	0	
1	[SLPS]	0	103.675	61.685	0	242.729	0	0	0	0	
1	[SLPS]	0	103.675	61.685	0	242.729	0	0	0	0	
1	[SLPS]	0	103.441	61.564	0	242.727	0	0	0	0	
1	[SLPS]	0	103.211	61.444	0	242.727	0	0	0	0	
1	[SLPS]	0	103.211	61.444	0	242.727	0	0	0	0	
1	[SLPS]	0	102.749	61.201	0	242.731	0	0	0	0	
1	[SLPS]	0	102.749	61.201	0	242.731	0	0	0	0	
1	[SLPS]	0	102.520	61.084	0	242.731	0	0	0	0	
1	[SLPS]	0	102.291	60.965	0	242.726	0	0	0	0	
1	[SLPS]	0	102.291	60.965	0	242.726	0	0	0	0	
1	[SLPS]	0	101.835	60.728	0	242.716	0	0	0	0	
1	[SLPS]	0	101.835	60.728	0	242.716	0	0	0	0	
1	[SLPS]	0	101.605	60.613	0	242.714	0	0	0	0	
1	[SLPS]	0	101.379	60.497	0	242.710	0	0	0	0	
1	[SLPS]	0	101.379	60.497	0	242.710	0	0	0	0	
1	[SLPS]	0	100.923	60.258	0	242.712	0	0	0	0	
1	[SLPS]	0	100.923	60.258	0	242.712	0	0	0	0	
1	[SLPS]	0	100.466	60.019	0	242.707	0	0	0	0	
1	[SLPS]	0	100.466	60.019	0	242.707	0	0	0	0	
1	[SLPS]	0	100.232	59.897	0	242.706	0	0	0	0	
1	[SLPS]	0	100.005	59.779	0	242.702	0	0	0	0	
1	[SLPS]	0	100.005	59.779	0	242.702	0	0	0	0	
1	[SLPS]	0	99.550	59.544	0	242.693	0	0	0	0	
1	[SLPS]	0	99.550	59.544	0	242.693	0	0	0	0	
1	[SLPS]	0	99.320	59.425	0	242.691	0	0	0	0	
1	[SLPS]	0	99.090	59.306	0	242.689	0	0	0	0	
1	[SLPS]	0	99.090	59.306	0	242.689	0	0	0	0	
1	[SLPS]	0	98.635	59.078	0	242.669	0	0	0	0	
1	[SLPS]	0	98.635	59.078	0	242.669	0	0	0	0	
1	[SLPS]	0	98.411	58.963	0	242.649	0	0	0	0	
1	[SLPS]	0	98.184	58.849	0	242.633	0	0	0	0	
1	[SLPS]	0	98.184	58.849	0	242.633	0	0	0	0	
1	[SLPS]	0	97.732	58.613	0	242.604	0	0	0	0	
1	[SLPS]	0	97.732	58.613	0	242.604	0	0	0	0	
1	[SLPS]	0	97.507	58.493	0	242.588	0	0	0	0	
1	[SLPS]	0	97.281	58.375	0	242.571	0	0	0	0	
1	[SLPS]	0	97.281	58.375	0	242.571	0	0	0	0	
1	[SLPS]	0	96.829	58.133	0	242.536	0	0	0	0	
1	[SLPS]	0	96.829	58.133	0	242.536	0	0	0	0	
1	[SLPS]	0	96.601	58.014	0	242.523	0	0	0	0	
1	[SLPS]	0	96.374	57.894	0	242.519	0	0	0	0	
1	[SLPS]	0	96.374	57.894	0	242.519	0	0	0	0	
1	[SLPS]	0	95.924	57.654	0	242.538	0	0	0	0	
1	[SLPS]	0	95.924	57.654	0	242.538	0	0	0	0	
1	[SLPS]	0	95.696	57.535	0	242.550	0	0	0	0	
1	[SLPS]	0	95.468	57.413	0	242.554	0	0	0	0	
1	[SLPS]	0	95.240	57.296	0	242.558	0	0	0	0	
1	[SLPS]	0	95.013	57.176	0	242.560	0	0	0	0	
1	[SLPS]	0	95.013	57.176	0	242.560	0	0	0	0	
1	[SLPS]	0	94.784	57.057	0	242.571	0	0	0	0	
1	[SLPS]	0	94.554	56.942	0	242.588	0	0	0	0	
1	[SLPS]	0	94.554	56.942	0	242.588	0	0	0	0	
1	[SLPS]	0	94.100	56.705	0	242.609	0	0	0	0	
1	[SLPS]	0	94.100	56.705	0	242.609	0	0	0	0	
1	[SLPS]	0	93.872	56.587	0	242.613	0	0	0	0	
1	[SLPS]	0	93.642	56.468	0	242.619	0	0	0	0	
1	[SLPS]	0	93.642	56.468	0	242.619	0	0	0	0	
1	[SLPS]	0	93.187	56.230	0	242.628	0	0	0	0	
1	[SLPS]	0	93.187	56.230	0	242.628	0	0	0	0	
1	[SLPS]	0	92.958	56.110	0	242.633	0	0	0	0	
1	[SLPS]	0	92.720	55.990	0	242.649	0	0	0	0	
1	[SLPS]	0	92.492	55.871	0	242.663	0	0	0	0	
1	[SLPS]	0	92.269	55.752	0	242.675	0	0	0	0	
1	[SLPS]	0	92.269	55.752	0	242.675	0	0	0	0	
1	[SLPS]	0	91.807	55.514	0	242.689	0	0	0	0	
1	[SLPS]	0	91.807	55.514	0	242.689	0	0	0	0	
1	[SLPS]	0	91.579	55.392	0	242.695	0	0	0	0	
1	[SLPS]	0	91.352	55.279	0	242.703	0	0	0	0	
1	[SLPS]	0	91.352	55.279	0	242.703	0	0	0	0	
1	[SLPS]	0	90.894	55.039	0	242.717	0	0	0	0	
1	[SLPS]	0	90.894	55.039	0	242.717	0	0	0	0	
1	[SLPS]	0	90.665	54.919	0	242.721	0	0	0	0	
1	[SLPS]	0	90.440	54.803	0	242.732	0	0	0	0	
1	[SLPS]	0	90.440	54.803	0	242.732	0	0	0	0	
1	[SLPS]	0	89.982	54.563	0	242.745	0	0	0	0	
1	[SLPS]	0	89.982	54.563	0	242.745	0	0	0	0	
1	[SLPS]	0	89.982	54.563	0	242.745	0	0	0	0	
1	[SLPS]	0	89.524	54.326	0	242.775	0	0	0	0	
1	[SLPS]	0	89.524	54.326	0	242.775	0	0	0	0	
1	[SLPS]	0	89.295	54.207	0	242.787	0	0	0	0	
1	[SLPS]	0	89.067	54.090	0	242.800	0	0	0	0	
1	[SLPS]	0	89.067	54.090	0	242.800	0	0	0	0	
1	[SLPS]	0	88.617	53.856	0	242.839	0	0	0	0	
1	[SLPS]	0	88.617	53.856	0	242.839	0	0	0	0	
1	[SLPS]	0	88.391	53.736	0	242.863	0	0	0	0	
1	[SLPS]	0	88.163	53.621	0	242.892	0	0	0	0	
1	[SLPS]	0	87.937	53.504	0	242.910	0	0	0	0	
1	[SLPS]	0	87.713	53.387	0	242.926	0	0	0	0	
1	[SLPS]	0	87.713	53.387	0	242.926	0	0	0	0	
1	[SLPS]	0	87.257	53.156	0	242.972	0	0	0	0	
1	[SLPS]	0	87.257	53.156	0	242.972	0	0	0	0	
1	[SLPS]	0	87.031	53.045	0	243.005	0	0	0	0	
1	[SLPS]	0	86.808	52.930	0	243.034	0	0	0	0	
1	[SLPS]	0	86.808	52.930	0	243.034	0	0	0	0	
1	[SLPS]	0	86.351	52.702	0	243.089	0	0	0	0	
1	[SLPS]	0	86.351	52.702	0	243.089	0	0	0	0	
1	[SLPS]	0	86.124	52.585	0	243.112	0	0	0	0	
1	[SLPS]	0	85.900	52.464	0	243.127	0	0	0	0	
1	[SLPS]	0	85.675	52.346	0	243.143	0	0	0	0	
1	[SLPS]	0	85.446	52.226	0	243.156	0	0	0	0	
1	[SLPS]	0	85.446	52.226	0	243.156	0	0	0	0	
1	[SLPS]	0	84.986	51.988	0	243.197	0	0	0	0	
1	[SLPS]	0	84.986	51.988	0	243.197	0	0	0	0	
1	[SLPS]	0	84.757	51.870	0	243.223	0	0	0	0	
1	[SLPS]	0	84.522	51.754	0	243.251	0	0	0	0	
1	[SLPS]	0	84.522	51.754	0	243.251	0	0	0	0	
1	[SLPS]	0	84.058	51.522	0	243.299	0	0	0	0	
1	[SLPS]	0	84.058	51.522	0	243.299	0	0	0	0	
1	[SLPS]	0	83.819	51.402	0	243.317	0	0	0	0	
1	[SLPS]	0	83.584	51.285	0	243.339	0	0	0	0	
1	[SLPS]	0	83.584	51.285	0	243.339	0	0	0	0	
1	[SLPS]	0	83.115	51.048	0	243.387	0	0	0	0	
1	[SLPS]	0	83.115	51.048	0	243.387	0	0	0	0	
1	[SLPS]	0	82.876	50.930	0	243.409	0	0	0	0	
1	[SLPS]	0	82.640	50.814	0	243.434	0	0	0	0	
1	[SLPS]	0	82.640	50.814	0	243.434	0	0	0	0	
1	[SLPS]	0	82.169	50.578	0	243.469	0	0	0	0	
1	[SLPS]	0	82.169	50.578	0	243.469	0	0	0	0	
1	[SLPS]	0	81.929	50.458	0	243.484	0	0	0	0	
1	[SLPS]	0	81.692	50.338	0	243.503	0	0	0	0	
1	[SLPS]	0	81.692	50.338	0	243.503	0	0	0	0	
1	[SLPS]	0	81.217	50.112	0	243.563	0	0	0	0	
1	[SLPS]	0	81.217	50.112	0	243.563	0	0	0	0	
1	[SLPS]	0	80.980	49.997	0	243.589	0	0	0	0	
1	[SLPS]	0	80.741	49.881	0	243.609	0	0	0	0	
1	[SLPS]	0	80.502	49.762	0	243.629	0	0	0	0	
1	[SLPS]	0	80.268	49.645	0	243.653	0	0	0	0	
1	[SLPS]	0	80.268	49.645	0	243.653	0	0	0	0	
1	[SLPS]	0	80.032	49.527	0	243.673	0	0	0	0	
1	[SLPS]	0	79.796	49.410	0	243.688	0	0	0	0	
1	[SLPS]	0	79.560	49.293	0	243.709	0	0	0	0	
1	[SLPS]	0	79.327	49.176	0	243.730	0	0	0	0	
1	[SLPS]	0	79.327	49.176	0	243.730	0	0	0	0	
1	[SLPS]	0	78.862	48.944	0	243.779	0	0	0	0	
1	[SLPS]	0	78.862	48.944	0	243.779	0	0	0	0	
1	[SLPS]	0	78.626	48.827	0	243.802	0	0	0	0	
1	[SLPS]	0	78.396	48.711	0	243.826	0	0	0	0	
1	[SLPS]	0	78.396	48.711	0	243.826	0	0	0	0	
1	[SLPS]	0	77.926	48.477	0	243.874	0	0	0	0	
1	[SLPS]	0	77.926	48.477	0	243.874	0	0	0	0	
1	[SLPS]	0	77.689	48.364	0	243.895	0	0	0	0	
1	[SLPS]	0	77.453	48.245	0	243.899	0	0	0	0	
1	[SLPS]	0	77.453	48.245	0	243.899	0	0	0	0	
1	[SLPS]	0	76.984	48.013	0	243.903	0	0	0	0	
1	[SLPS]	0	76.984	48.013	0	243.903	0	0	0	0	
1	[SLPS]	0	76.749	47.897	0	243.897	0	0	0	0	
1	[SLPS]	0	76.518	47.786	0	243.897	0	0	0	0	
1	[SLPS]	0	76.518	47.786	0	243.897	0	0	0	0	
1	[SLPS]	0	76.055	47.555	0	243.899	0	0	0	0	
1	[SLPS]	0	76.055	47.555	0	243.899	0	0	0	0	
1	[SLPS]	0	75.820	47.438	0	243.902	0	0	0	0	
1	[SLPS]	0	75.588	47.324	0	243.907	0	0	0	0	
1	[SLPS]	0	75.588	47.324	0	243.907	0	0	0	0	
1	[SLPS]	0	75.121	47.095	0	243.892	0	0	0	0	
1	[SLPS]	0	75.121	47.095	0	243.892	0	0	0	0	
1	[SLPS]	0	74.891	46.979	0	243.868	0	0	0	0	
1	[SLPS]	0	74.657	46.863	0	243.845	0	0	0	0	
1	[SLPS]	0	74.657	46.863	0	243.845	0	0	0	0	
1	[SLPS]	0	74.190	46.634	0	243.801	0	0	0	0	
1	[SLPS]	0	74.190	46.634	0	243.801	0	0	0	0	
1	[SLPS]	0	73.958	46.513	0	243.780	0	0	0	0	
1	[SLPS]	0	73.726	46.401	0	243.764	0	0	0	0	
1	[SLPS]	0	73.726	46.401	0	243.764	0	0	0	0	
1	[SLPS]	0	73.264	46.169	0	243.734	0	0	0	0	
1	[SLPS]	0	73.264	46.169	0	243.734	0	0	0	0	
1	[SLPS]	0	73.031	46.056	0	243.721	0	0	0	0	
1	[SLPS]	0	72.799	45.940	0	243.697	0	0	0	0	
1	[SLPS]	0	72.799	45.940	0	243.697	0	0	0	0	
1	[SLPS]	0	72.338	45.710	0	243.663	0	0	0	0	
1	[SLPS]	0	72.338	45.710	0	243.663	0	0	0	0	
1	[SLPS]	0	72.105	45.592	0	243.644	0	0	0	0	
1	[SLPS]	0	71.885	45.471	0	243.615	0	0	0	0	
1	[SLPS]	0	71.885	45.471	0	243.615	0	0	0	0	
1	[SLPS]	0	71.424	45.237	0	243.579	0	0	0	0	
1	[SLPS]	0	71.424	45.237	0	243.579	0	0	0	0	
1	[SLPS]	0	71.194	45.119	0	243.556	0	0	0	0	
1	[SLPS]	0	70.967	45.008	0	243.544	0	0	0	0	
1	[SLPS]	0	70.967	45.008	0	243.544	0	0	0	0	
1	[SLPS]	0	70.508	44.775	0	243.500	0	0	0	0	
1	[SLPS]	0	70.508	44.775	0	243.500	0	0	0	0	
1	[SLPS]	0	70.277	44.658	0	243.483	0	0	0	0	
1	[SLPS]	0	70.047	44.544	0	243.466	0	0	0	0	
1	[SLPS]	0	70.047	44.544	0	243.466	0	0	0	0	
1	[SLPS]	0	69.579	44.309	0	243.427	0	0	0	0	
1	[SLPS]	0	69.579	44.309	0	243.427	0	0	0	0	
1	[SLPS]	0	69.346	44.198	0	243.420	0	0	0	0	
1	[SLPS]	0	69.118	44.085	0	243.407	0	0	0	0	
1	[SLPS]	0	69.118	44.085	0	243.407	0	0	0	0	
1	[SLPS]	0	68.654	43.848	0	243.367	0	0	0	0	
1	[SLPS]	0	68.654	43.848	0	243.367	0	0	0	0	
1	[SLPS]	0	68.423	43.732	0	243.346	0	0	0	0	
1	[SLPS]	0	68.196	43.614	0	243.323	0	0	0	0	
1	[SLPS]	0	68.196	43.614	0	243.323	0	0	0	0	
1	[SLPS]	0	67.731	43.379	0	243.275	0	0	0	0	
1	[SLPS]	0	67.731	43.379	0	243.275	0	0	0	0	
1	[SLPS]	0	67.501	43.259	0	243.250	0	0	0	0	
1	[SLPS]	0	67.266	43.151	0	243.241	0	0	0	0	
1	[SLPS]	0	67.266	43.151	0	243.241	0	0	0	0	
1	[SLPS]	0	66.800	42.914	0	243.214	0	0	0	0	
1	[SLPS]	0	66.800	42.914	0	243.214	0	0	0	0	
1	[SLPS]	0	66.570	42.801	0	243.198	0	0	0	0	
1	[SLPS]	0	66.339	42.685	0	243.183	0	0	0	0	
1	[SLPS]	0	66.110	42.564	0	243.162	0	0	0	0	
1	[SLPS]	0	65.883	42.447	0	243.136	0	0	0	0	
1	[SLPS]	0	65.883	42.447	0	243.136	0	0	0	0	
1	[SLPS]	0	65.423	42.211	0	243.103	0	0	0	0	
1	[SLPS]	0	65.423	42.211	0	243.103	0	0	0	0	
1	[SLPS]	0	65.194	42.091	0	243.085	0	0	0	0	
1	[SLPS]	0	64.960	41.976	0	243.075	0	0	0	0	
1	[SLPS]	0	64.960	41.976	0	243.075	0	0	0	0	
1	[SLPS]	0	64.506	41.744	0	243.046	0	0	0	0	
1	[SLPS]	0	64.506	41.744	0	243.046	0	0	0	0	
1	[SLPS]	0	64.277	41.622	0	243.025	0	0	0	0	
1	[SLPS]	0	64.048	41.506	0	243.012	0	0	0	0	
1	[SLPS]	0	64.048	41.506	0	243.012	0	0	0	0	
1	[SLPS]	0	63.593	41.271	0	242.966	0	0	0	0	
1	[SLPS]	0	63.593	41.271	0	242.966	0	0	0	0	
1	[SLPS]	0	63.364	41.151	0	242.946	0	0	0	0	
1	[SLPS]	0	63.132	41.036	0	242.927	0	0	0	0	
1	[SLPS]	0	63.132	41.036	0	242.927	0	0	0	0	
1	[SLPS]	0	62.678	40.795	0	242.881	0	0	0	0	
1	[SLPS]	0	62.678	40.795	0	242.881	0	0	0	0	
1	[SLPS]	0	62.449	40.677	0	242.860	0	0	0	0	
1	[SLPS]	0	62.210	40.559	0	242.847	0	0	0	0	
1	[SLPS]	0	62.210	40.559	0	242.847	0	0	0	0	
1	[SLPS]	0	61.749	40.327	0	242.827	0	0	0	0	
1	[SLPS]	0	61.749	40.327	0	242.827	0	0	0	0	
1	[SLPS]	0	61.289	40.086	0	242.785	0	0	0	0	
1	[SLPS]	0	61.289	40.086	0	242.785	0	0	0	0	
1	[SLPS]	0	61.059	39.968	0	242.765	0	0	0	0	
1	[SLPS]	0	60.831	39.850	0	242.743	0	0	0	0	
1	[SLPS]	0	60.831	39.850	0	242.743	0	0	0	0	
1	[SLPS]	0	60.606	39.729	0	242.719	0	0	0	0	
1	[SLPS]	0	60.379	39.610	0	242.696	0	0	0	0	
1	[SLPS]	0	60.379	39.610	0	242.696	0	0	0	0	
1	[SLPS]	0	59.922	39.374	0	242.657	0	0	0	0	
1	[SLPS]	0	59.922	39.374	0	242.657	0	0	0	0	
1	[SLPS]	0	59.693	39.257	0	242.641	0	0	0	0	
1	[SLPS]	0	59.465	39.139	0	242.627	0	0	0	0	
1	[SLPS]	0	59.242	39.019	0	242.608	0	0	0	0	
1	[SLPS]	0	59.018	38.902	0	242.601	0	0	0	0	
1	[SLPS]	0	59.018	38.902	0	242.601	0	0	0	0	
1	[SLPS]	0	58.563	38.667	0	242.587	0	0	0	0	
1	[SLPS]	0	58.563	38.667	0	242.587	0	0	0	0	
1	[SLPS]	0	58.340	38.541	0	242.565	0	0	0	0	
1	[SLPS]	0	58.117	38.429	0	242.555	0	0	0	0	
1	[SLPS]	0	58.117	38.429	0	242.555	0	0	0	0	
1	[SLPS]	0	57.663	38.194	0	242.540	0	0	0	0	
1	[SLPS]	0	57.663	38.194	0	242.540	0	0	0	0	
1	[SLPS]	0	57.436	38.077	0	242.539	0	0	0	0	
1	[SLPS]	0	57.216	37.961	0	242.528	0	0	0	0	
1	[SLPS]	0	57.216	37.961	0	242.528	0	0	0	0	
1	[SLPS]	0	56.766	37.725	0	242.501	0	0	0	0	
1	[SLPS]	0	56.766	37.725	0	242.501	0	0	0	0	
1	[SLPS]	0	56.540	37.602	0	242.482	0	0	0	0	
1	[SLPS]	0	56.315	37.483	0	242.458	0	0	0	0	
1	[SLPS]	0	56.315	37.483	0	242.458	0	0	0	0	
1	[SLPS]	0	55.862	37.246	0	242.403	0	0	0	0	
1	[SLPS]	0	55.862	37.246	0	242.403	0	0	0	0	
1	[SLPS]	0	55.633	37.127	0	242.375	0	0	0	0	
1	[SLPS]	0	55.407	37.012	0	242.350	0	0	0	0	
1	[SLPS]	0	55.407	37.012	0	242.350	0	0	0	0	
1	[SLPS]	0	54.956	36.773	0	242.301	0	0	0	0	
1	[SLPS]	0	54.956	36.773	0	242.301	0	0	0	0	
1	[SLPS]	0	54.726	36.653	0	242.280	0	0	0	0	
1	[SLPS]	0	54.504	36.533	0	242.262	0	0	0	0	
1	[SLPS]	0	54.504	36.533	0	242.262	0	0	0	0	
1	[SLPS]	0	54.055	36.292	0	242.224	0	0	0	0	
1	[SLPS]	0	54.055	36.292	0	242.224	0	0	0	0	
1	[SLPS]	0	53.826	36.176	0	242.209	0	0	0	0	
1	[SLPS]	0	53.602	36.057	0	242.191	0	0	0	0	
1	[SLPS]	0	53.602	36.057	0	242.191	0	0	0	0	
1	[SLPS]	0	53.155	35.815	0	242.163	0	0	0	0	
1	[SLPS]	0	53.155	35.815	0	242.163	0	0	0	0	
1	[SLPS]	0	52.931	35.696	0	242.150	0	0	0	0	
1	[SLPS]	0	52.710	35.577	0	242.133	0	0	0	0	
1	[SLPS]	0	52.710	35.577	0	242.133	0	0	0	0	
1	[SLPS]	0	52.259	35.332	0	242.100	0	0	0	0	
1	[SLPS]	0	52.259	35.332	0	242.100	0	0	0	0	
1	[SLPS]	0	52.032	35.213	0	242.101	0	0	0	0	
1	[SLPS]	0	51.815	35.093	0	242.100	0	0	0	0	
1	[SLPS]	0	51.815	35.093	0	242.100	0	0	0	0	
1	[SLPS]	0	51.369	34.855	0	242.109	0	0	0	0	
1	[SLPS]	0	51.369	34.855	0	242.109	0	0	0	0	
1	[SLPS]	0	51.146	34.735	0	242.109	0	0	0	0	
1	[SLPS]	0	50.925	34.617	0	242.108	0	0	0	0	
1	[SLPS]	0	50.925	34.617	0	242.108	0	0	0	0	
1	[SLPS]	0	50.474	34.377	0	242.111	0	0	0	0	
1	[SLPS]	0	50.474	34.377	0	242.111	0	0	0	0	
1	[SLPS]	0	50.246	34.261	0	242.121	0	0	0	0	
1	[SLPS]	0	50.026	34.146	0	242.133	0	0	0	0	
1	[SLPS]	0	49.799	34.023	0	242.141	0	0	0	0	
1	[SLPS]	0	49.574	33.900	0	242.136	0	0	0	0	
1	[SLPS]	0	49.574	33.900	0	242.136	0	0	0	0	
1	[SLPS]	0	49.117	33.661	0	242.149	0	0	0	0	
1	[SLPS]	0	49.117	33.661	0	242.149	0	0	0	0	
1	[SLPS]	0	48.891	33.539	0	242.151	0	0	0	0	
1	[SLPS]	0	48.662	33.416	0	242.157	0	0	0	0	
1	[SLPS]	0	48.662	33.416	0	242.157	0	0	0	0	
1	[SLPS]	0	48.203	33.178	0	242.172	0	0	0	0	
1	[SLPS]	0	48.203	33.178	0	242.172	0	0	0	0	
1	[SLPS]	0	47.974	33.055	0	242.179	0	0	0	0	
1	[SLPS]	0	47.745	32.934	0	242.186	0	0	0	0	
1	[SLPS]	0	47.745	32.934	0	242.186	0	0	0	0	
1	[SLPS]	0	47.282	32.685	0	242.186	0	0	0	0	
1	[SLPS]	0	47.282	32.685	0	242.186	0	0	0	0	
1	[SLPS]	0	47.052	32.564	0	242.185	0	0	0	0	
1	[SLPS]	0	46.822	32.443	0	242.190	0	0	0	0	
1	[SLPS]	0	46.822	32.443	0	242.190	0	0	0	0	
1	[SLPS]	0	46.360	32.205	0	242.206	0	0	0	0	
1	[SLPS]	0	46.360	32.205	0	242.206	0	0	0	0	
1	[SLPS]	0	46.131	32.082	0	242.211	0	0	0	0	
1	[SLPS]	0	45.901	31.959	0	242.224	0	0	0	0	
1	[SLPS]	0	45.901	31.959	0	242.224	0	0	0	0	
1	[SLPS]	0	45.441	31.717	0	242.282	0	0	0	0	
1	[SLPS]	0	45.441	31.717	0	242.282	0	0	0	0	
1	[SLPS]	0	45.213	31.593	0	242.316	0	0	0	0	
1	[SLPS]	0	44.982	31.470	0	242.351	0	0	0	0	
1	[SLPS]	0	44.750	31.349	0	242.386	0	0	0	0	
1	[SLPS]	0	44.523	31.231	0	242.421	0	0	0	0	
1	[SLPS]	0	44.523	31.231	0	242.421	0	0	0	0	
1	[SLPS]	0	44.294	31.113	0	242.454	0	0	0	0	
1	[SLPS]	0	44.060	30.996	0	242.494	0	0	0	0	
1	[SLPS]	0	43.830	30.880	0	242.535	0	0	0	0	
1	[SLPS]	0	43.605	30.763	0	242.570	0	0	0	0	
1	[SLPS]	0	43.605	30.763	0	242.570	0	0	0	0	
1	[SLPS]	0	43.147	30.530	0	242.634	0	0	0	0	
1	[SLPS]	0	43.147	30.530	0	242.634	0	0	0	0	
1	[SLPS]	0	42.919	30.409	0	242.664	0	0	0	0	
1	[SLPS]	0	42.691	30.296	0	242.719	0	0	0	0	
1	[SLPS]	0	42.691	30.296	0	242.719	0	0	0	0	
1	[SLPS]	0	42.236	30.057	0	242.854	0	0	0	0	
1	[SLPS]	0	42.236	30.057	0	242.854	0	0	0	0	
1	[SLPS]	0	42.005	29.941	0	242.918	0	0	0	0	
1	[SLPS]	0	41.781	29.824	0	242.977	0	0	0	0	
1	[SLPS]	0	41.781	29.824	0	242.977	0	0	0	0	
1	[SLPS]	0	41.321	29.592	0	243.072	0	0	0	0	
1	[SLPS]	0	41.321	29.592	0	243.072	0	0	0	0	
1	[SLPS]	0	41.091	29.477	0	243.114	0	0	0	0	
1	[SLPS]	0	40.867	29.362	0	243.149	0	0	0	0	
1	[SLPS]	0	40.867	29.362	0	243.149	0	0	0	0	
1	[SLPS]	0	40.410	29.136	0	243.236	0	0	0	0	
1	[SLPS]	0	40.410	29.136	0	243.236	0	0	0	0	
1	[SLPS]	0	39.958	28.904	0	243.314	0	0	0	0	
1	[SLPS]	0	39.958	28.904	0	243.314	0	0	0	0	
1	[SLPS]	0	39.726	28.783	0	243.346	0	0	0	0	
1	[SLPS]	0	39.499	28.664	0	243.376	0	0	0	0	
1	[SLPS]	0	39.499	28.664	0	243.376	0	0	0	0	
1	[SLPS]	0	39.044	28.438	0	243.455	0	0	0	0	
1	[SLPS]	0	39.044	28.438	0	243.455	0	0	0	0	
1	[SLPS]	0	38.816	28.326	0	243.490	0	0	0	0	
1	[SLPS]	0	38.588	28.213	0	243.518	0	0	0	0	
1	[SLPS]	0	38.588	28.213	0	243.518	0	0	0	0	
1	[SLPS]	0	38.133	27.987	0	243.545	0	0	0	0	
1	[SLPS]	0	38.133	27.987	0	243.545	0	0	0	0	
1	[SLPS]	0	37.907	27.876	0	243.555	0	0	0	0	
1	[SLPS]	0	37.678	27.763	0	243.569	0	0	0	0	
1	[SLPS]	0	37.678	27.763	0	243.569	0	0	0	0	
1	[SLPS]	0	37.234	27.538	0	243.583	0	0	0	0	
1	[SLPS]	0	37.234	27.538	0	243.583	0	0	0	0	
1	[SLPS]	0	37.007	27.419	0	243.585	0	0	0	0	
1	[SLPS]	0	36.779	27.307	0	243.592	0	0	0	0	
1	[SLPS]	0	36.779	27.307	0	243.592	0	0	0	0	
1	[SLPS]	0	36.330	27.088	0	243.621	0	0	0	0	
1	[SLPS]	0	36.330	27.088	0	243.621	0	0	0	0	
1	[SLPS]	0	36.103	26.978	0	243.636	0	0	0	0	
1	[SLPS]	0	35.875	26.865	0	243.652	0	0	0	0	
1	[SLPS]	0	35.430	26.639	0	243.676	0	0	0	0	
1	[SLPS]	0	35.430	26.639	0	243.676	0	0	0	0	
1	[SLPS]	0	35.204	26.526	0	243.699	0	0	0	0	
1	[SLPS]	0	34.982	26.414	0	243.724	0	0	0	0	
1	[SLPS]	0	34.757	26.301	0	243.748	0	0	0	0	
1	[SLPS]	0	34.535	26.189	0	243.769	0	0	0	0	
1	[SLPS]	0	34.535	26.189	0	243.769	0	0	0	0	
1	[SLPS]	0	34.082	25.967	0	243.819	0	0	0	0	
1	[SLPS]	0	34.082	25.967	0	243.819	0	0	0	0	
1	[SLPS]	0	33.855	25.858	0	243.844	0	0	0	0	
1	[SLPS]	0	33.630	25.747	0	243.872	0	0	0	0	
1	[SLPS]	0	33.630	25.747	0	243.872	0	0	0	0	
1	[SLPS]	0	33.410	25.640	0	243.902	0	0	0	0	
1	[SLPS]	0	33.190	25.531	0	243.929	0	0	0	0	
1	[SLPS]	0	33.190	25.531	0	243.929	0	0	0	0	
1	[SLPS]	0	32.747	25.312	0	243.993	0	0	0	0	
1	[SLPS]	0	32.747	25.312	0	243.993	0	0	0	0	
1	[SLPS]	0	32.523	25.205	0	244.035	0	0	0	0	
1	[SLPS]	0	32.296	25.097	0	244.084	0	0	0	0	
1	[SLPS]	0	32.296	25.097	0	244.084	0	0	0	0	
1	[SLPS]	0	31.858	24.883	0	244.178	0	0	0	0	
1	[SLPS]	0	31.858	24.883	0	244.178	0	0	0	0	
1	[SLPS]	0	31.418	24.671	0	244.267	0	0	0	0	
1	[SLPS]	0	31.418	24.671	0	244.267	0	0	0	0	
1	[SLPS]	0	31.198	24.566	0	244.313	0	0	0	0	
1	[SLPS]	0	30.980	24.461	0	244.355	0	0	0	0	
1	[SLPS]	0	30.980	24.461	0	244.355	0	0	0	0	
1	[SLPS]	0	30.535	24.244	0	244.443	0	0	0	0	
1	[SLPS]	0	30.535	24.244	0	244.443	0	0	0	0	
1	[SLPS]	0	30.314	24.138	0	244.487	0	0	0	0	
1	[SLPS]	0	30.095	24.038	0	244.538	0	0	0	0	
1	[SLPS]	0	30.095	24.038	0	244.538	0	0	0	0	
1	[SLPS]	0	29.656	23.825	0	244.620	0	0	0	0	
1	[SLPS]	0	29.656	23.825	0	244.620	0	0	0	0	
1	[SLPS]	0	29.437	23.719	0	244.658	0	0	0	0	
1	[SLPS]	0	29.217	23.617	0	244.703	0	0	0	0	
1	[SLPS]	0	29.217	23.617	0	244.703	0	0	0	0	
1	[SLPS]	0	28.999	23.511	0	244.742	0	0	0	0	
1	[SLPS]	0	28.777	23.407	0	244.774	0	0	0	0	
1	[SLPS]	0	28.555	23.309	0	244.811	0	0	0	0	
1	[SLPS]	0	28.338	23.208	0	244.838	0	0	0	0	
1	[SLPS]	0	28.338	23.208	0	244.838	0	0	0	0	
1	[SLPS]	0	27.901	23.003	0	244.863	0	0	0	0	
1	[SLPS]	0	27.901	23.003	0	244.863	0	0	0	0	
1	[SLPS]	0	27.680	22.903	0	244.876	0	0	0	0	
1	[SLPS]	0	27.465	22.802	0	244.887	0	0	0	0	
1	[SLPS]	0	27.465	22.802	0	244.887	0	0	0	0	
1	[SLPS]	0	27.028	22.591	0	244.910	0	0	0	0	
1	[SLPS]	0	27.028	22.591	0	244.910	0	0	0	0	
1	[SLPS]	0	26.812	22.490	0	244.926	0	0	0	0	
1	[SLPS]	0	26.600	22.387	0	244.935	0	0	0	0	
1	[SLPS]	0	26.600	22.387	0	244.935	0	0	0	0	
1	[SLPS]	0	26.167	22.182	0	244.953	0	0	0	0	
1	[SLPS]	0	26.167	22.182	0	244.953	0	0	0	0	
1	[SLPS]	0	25.950	22.081	0	244.968	0	0	0	0	
1	[SLPS]	0	25.738	21.979	0	244.974	0	0	0	0	
1	[SLPS]	0	25.738	21.979	0	244.974	0	0	0	0	
1	[SLPS]	0	25.304	21.779	0	244.985	0	0	0	0	
1	[SLPS]	0	25.304	21.779	0	244.985	0	0	0	0	
1	[SLPS]	0	24.876	21.575	0	244.991	0	0	0	0	
1	[SLPS]	0	24.876	21.575	0	244.991	0	0	0	0	
1	[SLPS]	0	24.663	21.473	0	244.992	0	0	0	0	
1	[SLPS]	0	24.447	21.374	0	245.004	0	0	0	0	
1	[SLPS]	0	24.447	21.374	0	245.004	0	0	0	0	
1	[SLPS]	0	24.019	21.175	0	245.043	0	0	0	0	
1	[SLPS]	0	24.019	21.175	0	245.043	0	0	0	0	
1	[SLPS]	0	23.804	21.078	0	245.070	0	0	0	0	
1	[SLPS]	0	23.590	20.979	0	245.093	0	0	0	0	
1	[SLPS]	0	23.590	20.979	0	245.093	0	0	0	0	
1	[SLPS]	0	23.168	20.782	0	245.129	0	0	0	0	
1	[SLPS]	0	23.168	20.782	0	245.129	0	0	0	0	
1	[SLPS]	0	22.955	20.683	0	245.150	0	0	0	0	
1	[SLPS]	0	22.742	20.585	0	245.173	0	0	0	0	
1	[SLPS]	0	22.742	20.585	0	245.173	0	0	0	0	
1	[SLPS]	0	22.326	20.387	0	245.204	0	0	0	0	
1	[SLPS]	0	22.326	20.387	0	245.204	0	0	0	0	
1	[SLPS]	0	22.114	20.289	0	245.222	0	0	0	0	
1	[SLPS]	0	21.902	20.192	0	245.238	0	0	0	0	
1	[SLPS]	0	21.902	20.192	0	245.238	0	0	0	0	
1	[SLPS]	0	21.484	20.006	0	245.298	0	0	0	0	
1	[SLPS]	0	21.484	20.006	0	245.298	0	0	0	0	
1	[SLPS]	0	21.273	19.912	0	245.333	0	0	0	0	
1	[SLPS]	0	21.066	19.815	0	245.360	0	0	0	0	
1	[SLPS]	0	21.066	19.815	0	245.360	0	0	0	0	
1	[SLPS]	0	20.652	19.623	0	245.394	0	0	0	0	
1	[SLPS]	0	20.652	19.623	0	245.394	0	0	0	0	
1	[SLPS]	0	20.443	19.525	0	245.402	0	0	0	0	
1	[SLPS]	0	20.236	19.430	0	245.425	0	0	0	0	
1	[SLPS]	0	20.236	19.430	0	245.425	0	0	0	0	
1	[SLPS]	0	19.826	19.240	0	245.473	0	0	0	0	
1	[SLPS]	0	19.826	19.240	0	245.473	0	0	0	0	
1	[SLPS]	0	19.621	19.144	0	245.499	0	0	0	0	
1	[SLPS]	0	19.415	19.050	0	245.526	0	0	0	0	
1	[SLPS]	0	19.415	19.050	0	245.526	0	0	0	0	
1	[SLPS]	0	19.000	18.870	0	245.595	0	0	0	0	
1	[SLPS]	0	19.000	18.870	0	245.595	0	0	0	0	
1	[SLPS]	0	18.799	18.777	0	245.627	0	0	0	0	
1	[SLPS]	0	18.595	18.684	0	245.662	0	0	0	0	
1	[SLPS]	0	18.595	18.684	0	245.662	0	0	0	0	
1	[SLPS]	0	18.185	18.495	0	245.721	0	0	0	0	
1	[SLPS]	0	18.185	18.495	0	245.721	0	0	0	0	
1	[SLPS]	0	17.779	18.309	0	245.766	0	0	0	0	
1	[SLPS]	0	17.779	18.309	0	245.766	0	0	0	0	
1	[SLPS]	0	17.575	18.216	0	245.788	0	0	0	0	
1	[SLPS]	0	17.373	18.125	0	245.815	0	0	0	0	
1	[SLPS]	0	17.373	18.125	0	245.815	0	0	0	0	
1	[SLPS]	0	16.971	17.951	0	245.891	0	0	0	0	
1	[SLPS]	0	16.971	17.951	0	245.891	0	0	0	0	
1	[SLPS]	0	16.767	17.866	0	245.935	0	0	0	0	
1	[SLPS]	0	16.566	17.770	0	245.961	0	0	0	0	
1	[SLPS]	0	16.566	17.770	0	245.961	0	0	0	0	
1	[SLPS]	0	16.161	17.594	0	246.018	0	0	0	0	
1	[SLPS]	0	16.161	17.594	0	246.018	0	0	0	0	
1	[SLPS]	0	15.959	17.505	0	246.045	0	0	0	0	
1	[SLPS]	0	15.758	17.417	0	246.072	0	0	0	0	
1	[SLPS]	0	15.758	17.417	0	246.072	0	0	0	0	
1	[SLPS]	0	15.364	17.234	0	246.133	0	0	0	0	
1	[SLPS]	0	15.364	17.234	0	246.133	0	0	0	0	
1	[SLPS]	0	15.163	17.147	0	246.168	0	0	0	0	
1	[SLPS]	0	14.966	17.064	0	246.208	0	0	0	0	
1	[SLPS]	0	14.966	17.064	0	246.208	0	0	0	0	
1	[SLPS]	0	14.568	16.887	0	246.312	0	0	0	0	
1	[SLPS]	0	14.568	16.887	0	246.312	0	0	0	0	
1	[SLPS]	0	14.363	16.803	0	246.371	0	0	0	0	
1	[SLPS]	0	14.164	16.709	0	246.426	0	0	0	0	
1	[SLPS]	0	14.164	16.709	0	246.426	0	0	0	0	
1	[SLPS]	0	13.766	16.536	0	246.549	0	0	0	0	
1	[SLPS]	0	13.766	16.536	0	246.549	0	0	0	0	
1	[SLPS]	0	13.566	16.459	0	246.621	0	0	0	0	
1	[SLPS]	0	13.374	16.362	0	246.699	0	0	0	0	
1	[SLPS]	0	13.374	16.362	0	246.699	0	0	0	0	
1	[SLPS]	0	12.977	16.193	0	246.857	0	0	0	0	
1	[SLPS]	0	12.977	16.193	0	246.857	0	0	0	0	
1	[SLPS]	0	12.779	16.110	0	246.941	0	0	0	0	
1	[SLPS]	0	12.585	16.026	0	247.022	0	0	0	0	
1	[SLPS]	0	12.386	15.949	0	247.104	0	0	0	0	
1	[SLPS]	0	12.191	15.867	0	247.185	0	0	0	0	
1	[SLPS]	0	12.191	15.867	0	247.185	0	0	0	0	
1	[SLPS]	0	11.800	15.703	0	247.356	0	0	0	0	
1	[SLPS]	0	11.800	15.703	0	247.356	0	0	0	0	
1	[SLPS]	0	11.598	15.618	0	247.449	0	0	0	0	
1	[SLPS]	0	11.402	15.540	0	247.543	0	0	0	0	
1	[SLPS]	0	11.402	15.540	0	247.543	0	0	0	0	
1	[SLPS]	0	11.016	15.379	0	247.719	0	0	0	0	
1	[SLPS]	0	11.016	15.379	0	247.719	0	0	0	0	
1	[SLPS]	0	10.820	15.303	0	247.807	0	0	0	0	
1	[SLPS]	0	10.624	15.231	0	247.898	0	0	0	0	
1	[SLPS]	0	10.624	15.231	0	247.898	0	0	0	0	
1	[SLPS]	0	10.230	15.084	0	248.102	0	0	0	0	
1	[SLPS]	0	10.230	15.084	0	248.102	0	0	0	0	
1	[SLPS]	0	10.034	15.009	0	248.213	0	0	0	0	
1	[SLPS]	0	9.839	14.936	0	248.320	0	0	0	0	
1	[SLPS]	0	9.839	14.936	0	248.320	0	0	0	0	
1	[SLPS]	0	9.452	14.781	0	248.511	0	0	0	0	
1	[SLPS]	0	9.452	14.781	0	248.511	0	0	0	0	
1	[SLPS]	0	9.260	14.704	0	248.606	0	0	0	0	
1	[SLPS]	0	9.065	14.634	0	248.704	0	0	0	0	
1	[SLPS]	0	9.065	14.634	0	248.704	0	0	0	0	
1	[SLPS]	0	8.681	14.487	0	248.910	0	0	0	0	
1	[SLPS]	0	8.681	14.487	0	248.910	0	0	0	0	
1	[SLPS]	0	8.490	14.415	0	249.015	0	0	0	0	
1	[SLPS]	0	8.296	14.339	0	249.122	0	0	0	0	
1	[SLPS]	0	8.296	14.339	0	249.122	0	0	0	0	
1	[SLPS]	0	7.914	14.190	0	249.316	0	0	0	0	
1	[SLPS]	0	7.914	14.190	0	249.316	0	0	0	0	
1	[SLPS]	0	7.720	14.120	0	249.406	0	0	0	0	
1	[SLPS]	0	7.531	14.052	0	249.502	0	0	0	0	
1	[SLPS]	0	7.531	14.052	0	249.502	0	0	0	0	
1	[SLPS]	0	7.149	13.914	0	249.717	0	0	0	0	
1	[SLPS]	0	7.149	13.914	0	249.717	0	0	0	0	
1	[SLPS]	0	7.149	13.914	0	249.717	0	0	0	0	
1	[SLPS]	0	6.776	13.771	0	249.925	0	0	0	0	
1	[SLPS]	0	6.776	13.771	0	249.925	0	0	0	0	
1	[SLPS]	0	6.589	13.695	0	250.023	0	0	0	0	
1	[SLPS]	0	6.397	13.633	0	250.113	0	0	0	0	
1	[SLPS]	0	6.206	13.566	0	250.205	0	0	0	0	
1	[SLPS]	0	6.018	13.494	0	250.300	0	0	0	0	
1	[SLPS]	0	6.018	13.494	0	250.300	0	0	0	0	
1	[SLPS]	0	5.828	13.424	0	250.394	0	0	0	0	
1	[SLPS]	0	5.640	13.358	0	250.494	0	0	0	0	
1	[SLPS]	0	5.640	13.358	0	250.494	0	0	0	0	
1	[SLPS]	0	5.257	13.231	0	250.701	0	0	0	0	
1	[SLPS]	0	5.257	13.231	0	250.701	0	0	0	0	
1	[SLPS]	0	5.069	13.167	0	250.800	0	0	0	0	
1	[SLPS]	0	4.883	13.104	0	250.901	0	0	0	0	
1	[SLPS]	0	4.883	13.104	0	250.901	0	0	0	0	
1	[SLPS]	0	4.504	12.970	0	251.085	0	0	0	0	
1	[SLPS]	0	4.504	12.970	0	251.085	0	0	0	0	
1	[SLPS]	0	4.313	12.910	0	251.184	0	0	0	0	
1	[SLPS]	0	4.127	12.845	0	251.285	0	0	0	0	
1	[SLPS]	0	4.127	12.845	0	251.285	0	0	0	0	
1	[SLPS]	0	3.749	12.718	0	251.485	0	0	0	0	
1	[SLPS]	0	3.749	12.718	0	251.485	0	0	0	0	
1	[SLPS]	0	3.561	12.654	0	251.577	0	0	0	0	
1	[SLPS]	0	3.374	12.596	0	251.669	0	0	0	0	
1	[SLPS]	0	3.186	12.536	0	251.764	0	0	0	0	
1	[SLPS]	0	3.000	12.473	0	251.863	0	0	0	0	
1	[SLPS]	0	3.000	12.473	0	251.863	0	0	0	0	
1	[SLPS]	0	2.627	12.361	0	252.071	0	0	0	0	
1	[SLPS]	0	2.627	12.361	0	252.071	0	0	0	0	
1	[SLPS]	0	2.442	12.300	0	252.175	0	0	0	0	
1	[SLPS]	0	2.258	12.238	0	252.262	0	0	0	0	
1	[SLPS]	0	2.258	12.238	0	252.262	0	0	0	0	
1	[SLPS]	0	1.890	12.125	0	252.437	0	0	0	0	
1	[SLPS]	0	1.890	12.125	0	252.437	0	0	0	0	
1	[SLPS]	0	1.705	12.067	0	252.543	0	0	0	0	
1	[SLPS]	0	1.519	12.010	0	252.654	0	0	0	0	
1	[SLPS]	0	1.519	12.010	0	252.654	0	0	0	0	
1	[SLPS]	0	1.150	11.898	0	252.863	0	0	0	0	
1	[SLPS]	0	1.150	11.898	0	252.863	0	0	0	0	
1	[SLPS]	0	0.967	11.845	0	252.956	0	0	0	0	
1	[SLPS]	0	0.780	11.789	0	253.050	0	0	0	0	
1	[SLPS]	0	0.780	11.789	0	253.050	0	0	0	0	
1	[SLPS]	0	0.414	11.684	0	253.255	0	0	0	0	
1	[SLPS]	0	0.414	11.684	0	253.255	0	0	0	0	
1	[SLPS]	0	0.230	11.627	0	253.354	0	0	0	0	
1	[SLPS]	0	0.045	11.574	0	253.447	0	0	0	0	
1	[SLPS]	0	0.045	11.574	0	253.447	0	0	0	0	
1	[SLPS]	0	-0.323	11.464	0	253.613	0	0	0	0	
1	[SLPS]	0	-0.323	11.464	0	253.613	0	0	0	0	
1	[SLPS]	0	-0.509	11.414	0	253.701	0	0	0	0	
1	[SLPS]	0	-0.693	11.359	0	253.791	0	0	0	0	
1	[SLPS]	0	-0.693	11.359	0	253.791	0	0	0	0	
1	[SLPS]	0	-1.060	11.255	0	253.952	0	0	0	0	
1	[SLPS]	0	-1.060	11.255	0	253.952	0	0	0	0	
1	[SLPS]	0	-1.243	11.198	0	254.032	0	0	0	0	
1	[SLPS]	0	-1.431	11.153	0	254.102	0	0	0	0	
1	[SLPS]	0	-1.431	11.153	0	254.102	0	0	0	0	
1	[SLPS]	0	-1.797	11.048	0	254.208	0	0	0	0	
1	[SLPS]	0	-1.797	11.048	0	254.208	0	0	0	0	
1	[SLPS]	0	-1.980	10.998	0	254.236	0	0	0	0	
1	[SLPS]	0	-2.163	10.949	0	254.243	0	0	0	0	
1	[SLPS]	0	-2.163	10.949	0	254.243	0	0	0	0	
1	[SLPS]	0	-2.529	10.848	0	254.224	0	0	0	0	
1	[SLPS]	0	-2.529	10.848	0	254.224	0	0	0	0	
1	[SLPS]	0	-2.712	10.794	0	254.188	0	0	0	0	
1	[SLPS]	0	-2.891	10.745	0	254.145	0	0	0	0	
1	[SLPS]	0	-2.891	10.745	0	254.145	0	0	0	0	
1	[SLPS]	0	-3.250	10.640	0	254.017	0	0	0	0	
1	[SLPS]	0	-3.250	10.640	0	254.017	0	0	0	0	
1	[SLPS]	0	-3.428	10.585	0	253.943	0	0	0	0	
1	[SLPS]	0	-3.607	10.534	0	253.859	0	0	0	0	
1	[SLPS]	0	-3.607	10.534	0	253.859	0	0	0	0	
1	[SLPS]	0	-3.962	10.425	0	253.640	0	0	0	0	
1	[SLPS]	0	-3.962	10.425	0	253.640	0	0	0	0	
1	[SLPS]	0	-4.144	10.369	0	253.517	0	0	0	0	
1	[SLPS]	0	-4.323	10.316	0	253.389	0	0	0	0	
1	[SLPS]	0	-4.323	10.316	0	253.389	0	0	0	0	
1	[SLPS]	0	-4.671	10.205	0	253.111	0	0	0	0	
1	[SLPS]	0	-4.671	10.205	0	253.111	0	0	0	0	
1	[SLPS]	0	-4.848	10.150	0	252.959	0	0	0	0	
1	[SLPS]	0	-5.025	10.093	0	252.794	0	0	0	0	
1	[SLPS]	0	-5.025	10.093	0	252.794	0	0	0	0	
1	[SLPS]	0	-5.375	9.975	0	252.443	0	0	0	0	
1	[SLPS]	0	-5.375	9.975	0	252.443	0	0	0	0	
1	[SLPS]	0	-5.551	9.919	0	252.261	0	0	0	0	
1	[SLPS]	0	-5.726	9.862	0	252.083	0	0	0	0	
1	[SLPS]	0	-5.896	9.799	0	251.912	0	0	0	0	
1	[SLPS]	0	-6.069	9.734	0	251.747	0	0	0	0	
1	[SLPS]	0	-6.069	9.734	0	251.747	0	0	0	0	
1	[SLPS]	0	-6.422	9.614	0	251.450	0	0	0	0	
1	[SLPS]	0	-6.422	9.614	0	251.450	0	0	0	0	
1	[SLPS]	0	-6.594	9.550	0	251.342	0	0	0	0	
1	[SLPS]	0	-6.771	9.486	0	251.263	0	0	0	0	
1	[SLPS]	0	-6.771	9.486	0	251.263	0	0	0	0	
1	[SLPS]	0	-7.118	9.367	0	251.176	0	0	0	0	
1	[SLPS]	0	-7.118	9.367	0	251.176	0	0	0	0	
1	[SLPS]	0	-7.291	9.308	0	251.159	0	0	0	0	
1	[SLPS]	0	-7.462	9.249	0	251.155	0	0	0	0	
1	[SLPS]	0	-7.462	9.249	0	251.155	0	0	0	0	
1	[SLPS]	0	-7.631	9.190	0	251.165	0	0	0	0	
1	[SLPS]	0	-7.807	9.131	0	251.197	0	0	0	0	
1	[SLPS]	0	-7.978	9.073	0	251.249	0	0	0	0	
1	[SLPS]	0	-8.147	9.013	0	251.322	0	0	0	0	
1	[SLPS]	0	-8.147	9.013	0	251.322	0	0	0	0	
1	[SLPS]	0	-8.492	8.907	0	251.494	0	0	0	0	
1	[SLPS]	0	-8.492	8.907	0	251.494	0	0	0	0	
1	[SLPS]	0	-8.669	8.852	0	251.571	0	0	0	0	
1	[SLPS]	0	-8.840	8.796	0	251.643	0	0	0	0	
1	[SLPS]	0	-8.840	8.796	0	251.643	0	0	0	0	
1	[SLPS]	0	-9.189	8.692	0	251.801	0	0	0	0	
1	[SLPS]	0	-9.189	8.692	0	251.801	0	0	0	0	
1	[SLPS]	0	-9.361	8.637	0	251.900	0	0	0	0	
1	[SLPS]	0	-9.528	8.582	0	252.011	0	0	0	0	
1	[SLPS]	0	-9.528	8.582	0	252.011	0	0	0	0	
1	[SLPS]	0	-9.880	8.475	0	252.234	0	0	0	0	
1	[SLPS]	0	-9.880	8.475	0	252.234	0	0	0	0	
1	[SLPS]	0	-10.053	8.418	0	252.336	0	0	0	0	
1	[SLPS]	0	-10.226	8.361	0	252.435	0	0	0	0	
1	[SLPS]	0	-10.405	8.302	0	252.534	0	0	0	0	
1	[SLPS]	0	-10.584	8.251	0	252.645	0	0	0	0	
1	[SLPS]	0	-10.584	8.251	0	252.645	0	0	0	0	
1	[SLPS]	0	-10.940	8.143	0	252.867	0	0	0	0	
1	[SLPS]	0	-10.940	8.143	0	252.867	0	0	0	0	
1	[SLPS]	0	-11.119	8.089	0	252.972	0	0	0	0	
1	[SLPS]	0	-11.299	8.035	0	253.076	0	0	0	0	
1	[SLPS]	0	-11.299	8.035	0	253.076	0	0	0	0	
1	[SLPS]	0	-11.659	7.931	0	253.289	0	0	0	0	
1	[SLPS]	0	-11.659	7.931	0	253.289	0	0	0	0	
1	[SLPS]	0	-11.839	7.876	0	253.391	0	0	0	0	
1	[SLPS]	0	-12.022	7.830	0	253.500	0	0	0	0	
1	[SLPS]	0	-12.022	7.830	0	253.500	0	0	0	0	
1	[SLPS]	0	-12.384	7.723	0	253.724	0	0	0	0	
1	[SLPS]	0	-12.384	7.723	0	253.724	0	0	0	0	
1	[SLPS]	0	-12.570	7.671	0	253.831	0	0	0	0	
1	[SLPS]	0	-12.749	7.619	0	253.928	0	0	0	0	
1	[SLPS]	0	-12.749	7.619	0	253.928	0	0	0	0	
1	[SLPS]	0	-13.111	7.516	0	254.116	0	0	0	0	
1	[SLPS]	0	-13.111	7.516	0	254.116	0	0	0	0	
1	[SLPS]	0	-13.293	7.470	0	254.213	0	0	0	0	
1	[SLPS]	0	-13.475	7.419	0	254.313	0	0	0	0	
1	[SLPS]	0	-13.475	7.419	0	254.313	0	0	0	0	
1	[SLPS]	0	-13.835	7.320	0	254.488	0	0	0	0	
1	[SLPS]	0	-13.835	7.320	0	254.488	0	0	0	0	
1	[SLPS]	0	-14.015	7.270	0	254.560	0	0	0	0	
1	[SLPS]	0	-14.194	7.222	0	254.624	0	0	0	0	
1	[SLPS]	0	-14.375	7.169	0	254.684	0	0	0	0	
1	[SLPS]	0	-14.553	7.120	0	254.742	0	0	0	0	
1	[SLPS]	0	-14.553	7.120	0	254.742	0	0	0	0	
1	[SLPS]	0	-14.735	7.069	0	254.793	0	0	0	0	
1	[SLPS]	0	-14.918	7.022	0	254.841	0	0	0	0	
1	[SLPS]	0	-15.099	6.975	0	254.874	0	0	0	0	
1	[SLPS]	0	-15.277	6.921	0	254.878	0	0	0	0	
1	[SLPS]	0	-15.277	6.921	0	254.878	0	0	0	0	
1	[SLPS]	0	-15.458	6.868	0	254.876	0	0	0	0	
1	[SLPS]	0	-15.641	6.824	0	254.877	0	0	0	0	
1	[SLPS]	0	-15.825	6.778	0	254.871	0	0	0	0	
1	[SLPS]	0	-16.007	6.725	0	254.851	0	0	0	0	
1	[SLPS]	0	-16.007	6.725	0	254.851	0	0	0	0	
1	[SLPS]	0	-16.375	6.624	0	254.774	0	0	0	0	
1	[SLPS]	0	-16.375	6.624	0	254.774	0	0	0	0	
1	[SLPS]	0	-16.557	6.574	0	254.712	0	0	0	0	
1	[SLPS]	0	-16.738	6.521	0	254.639	0	0	0	0	
1	[SLPS]	0	-16.738	6.521	0	254.639	0	0	0	0	
1	[SLPS]	0	-17.106	6.417	0	254.459	0	0	0	0	
1	[SLPS]	0	-17.106	6.417	0	254.459	0	0	0	0	
1	[SLPS]	0	-17.286	6.365	0	254.352	0	0	0	0	
1	[SLPS]	0	-17.469	6.312	0	254.226	0	0	0	0	
1	[SLPS]	0	-17.469	6.312	0	254.226	0	0	0	0	
1	[SLPS]	0	-17.832	6.205	0	253.940	0	0	0	0	
1	[SLPS]	0	-17.832	6.205	0	253.940	0	0	0	0	
1	[SLPS]	0	-18.015	6.151	0	253.780	0	0	0	0	
1	[SLPS]	0	-18.196	6.099	0	253.614	0	0	0	0	
1	[SLPS]	0	-18.196	6.099	0	253.614	0	0	0	0	
1	[SLPS]	0	-18.565	5.983	0	253.273	0	0	0	0	
1	[SLPS]	0	-18.565	5.983	0	253.273	0	0	0	0	
1	[SLPS]	0	-18.749	5.927	0	253.088	0	0	0	0	
1	[SLPS]	0	-18.931	5.868	0	252.893	0	0	0	0	
1	[SLPS]	0	-18.931	5.868	0	252.893	0	0	0	0	
1	[SLPS]	0	-19.310	5.749	0	252.501	0	0	0	0	
1	[SLPS]	0	-19.310	5.749	0	252.501	0	0	0	0	
1	[SLPS]	0	-19.487	5.684	0	252.312	0	0	0	0	
1	[SLPS]	0	-19.671	5.622	0	252.125	0	0	0	0	
1	[SLPS]	0	-19.671	5.622	0	252.125	0	0	0	0	
1	[SLPS]	0	-20.048	5.495	0	251.747	0	0	0	0	
1	[SLPS]	0	-20.048	5.495	0	251.747	0	0	0	0	
1	[SLPS]	0	-20.231	5.428	0	251.551	0	0	0	0	
1	[SLPS]	0	-20.416	5.363	0	251.348	0	0	0	0	
1	[SLPS]	0	-20.416	5.363	0	251.348	0	0	0	0	
1	[SLPS]	0	-20.802	5.229	0	250.950	0	0	0	0	
1	[SLPS]	0	-20.802	5.229	0	250.950	0	0	0	0	
1	[SLPS]	0	-20.995	5.159	0	250.755	0	0	0	0	
1	[SLPS]	0	-21.187	5.089	0	250.559	0	0	0	0	
1	[SLPS]	0	-21.187	5.089	0	250.559	0	0	0	0	
1	[SLPS]	0	-21.563	4.947	0	250.162	0	0	0	0	
1	[SLPS]	0	-21.563	4.947	0	250.162	0	0	0	0	
1	[SLPS]	0	-21.761	4.878	0	249.965	0	0	0	0	
1	[SLPS]	0	-21.951	4.804	0	249.766	0	0	0	0	
1	[SLPS]	0	-21.951	4.804	0	249.766	0	0	0	0	
1	[SLPS]	0	-22.341	4.649	0	249.381	0	0	0	0	
1	[SLPS]	0	-22.341	4.649	0	249.381	0	0	0	0	
1	[SLPS]	0	-22.539	4.576	0	249.195	0	0	0	0	
1	[SLPS]	0	-22.730	4.498	0	249.008	0	0	0	0	
1	[SLPS]	0	-22.730	4.498	0	249.008	0	0	0	0	
1	[SLPS]	0	-23.116	4.343	0	248.634	0	0	0	0	
1	[SLPS]	0	-23.116	4.343	0	248.634	0	0	0	0	
1	[SLPS]	0	-23.308	4.258	0	248.463	0	0	0	0	
1	[SLPS]	0	-23.499	4.178	0	248.292	0	0	0	0	
1	[SLPS]	0	-23.499	4.178	0	248.292	0	0	0	0	
1	[SLPS]	0	-23.888	4.017	0	247.949	0	0	0	0	
1	[SLPS]	0	-23.888	4.017	0	247.949	0	0	0	0	
1	[SLPS]	0	-24.081	3.932	0	247.776	0	0	0	0	
1	[SLPS]	0	-24.275	3.849	0	247.599	0	0	0	0	
1	[SLPS]	0	-24.275	3.849	0	247.599	0	0	0	0	
1	[SLPS]	0	-24.660	3.683	0	247.256	0	0	0	0	
1	[SLPS]	0	-24.660	3.683	0	247.256	0	0	0	0	
1	[SLPS]	0	-24.861	3.595	0	247.077	0	0	0	0	
1	[SLPS]	0	-25.051	3.513	0	246.901	0	0	0	0	
1	[SLPS]	0	-25.247	3.433	0	246.727	0	0	0	0	
1	[SLPS]	0	-25.444	3.343	0	246.559	0	0	0	0	
1	[SLPS]	0	-25.444	3.343	0	246.559	0	0	0	0	
1	[SLPS]	0	-25.835	3.177	0	246.249	0	0	0	0	
1	[SLPS]	0	-25.835	3.177	0	246.249	0	0	0	0	
1	[SLPS]	0	-26.023	3.086	0	246.106	0	0	0	0	
1	[SLPS]	0	-26.215	3.000	0	245.972	0	0	0	0	
1	[SLPS]	0	-26.215	3.000	0	245.972	0	0	0	0	
1	[SLPS]	0	-26.600	2.827	0	245.727	0	0	0	0	
1	[SLPS]	0	-26.600	2.827	0	245.727	0	0	0	0	
1	[SLPS]	0	-26.786	2.735	0	245.614	0	0	0	0	
1	[SLPS]	0	-26.980	2.650	0	245.502	0	0	0	0	
1	[SLPS]	0	-26.980	2.650	0	245.502	0	0	0	0	
1	[SLPS]	0	-27.371	2.465	0	245.290	0	0	0	0	
1	[SLPS]	0	-27.371	2.465	0	245.290	0	0	0	0	
1	[SLPS]	0	-27.551	2.373	0	245.181	0	0	0	0	
1	[SLPS]	0	-27.739	2.283	0	245.070	0	0	0	0	
1	[SLPS]	0	-27.739	2.283	0	245.070	0	0	0	0	
1	[SLPS]	0	-28.123	2.099	0	244.863	0	0	0	0	
1	[SLPS]	0	-28.123	2.099	0	244.863	0	0	0	0	
1	[SLPS]	0	-28.312	2.007	0	244.769	0	0	0	0	
1	[SLPS]	0	-28.506	1.914	0	244.687	0	0	0	0	
1	[SLPS]	0	-28.701	1.824	0	244.605	0	0	0	0	
1	[SLPS]	0	-28.892	1.732	0	244.525	0	0	0	0	
1	[SLPS]	0	-28.892	1.732	0	244.525	0	0	0	0	
1	[SLPS]	0	-29.086	1.645	0	244.447	0	0	0	0	
1	[SLPS]	0	-29.276	1.552	0	244.374	0	0	0	0	
1	[SLPS]	0	-29.471	1.453	0	244.303	0	0	0	0	
1	[SLPS]	0	-29.656	1.356	0	244.234	0	0	0	0	
1	[SLPS]	0	-29.656	1.356	0	244.234	0	0	0	0	
1	[SLPS]	0	-30.038	1.164	0	244.099	0	0	0	0	
1	[SLPS]	0	-30.038	1.164	0	244.099	0	0	0	0	
1	[SLPS]	0	-30.231	1.073	0	244.027	0	0	0	0	
1	[SLPS]	0	-30.412	0.981	0	243.954	0	0	0	0	
1	[SLPS]	0	-30.412	0.981	0	243.954	0	0	0	0	
1	[SLPS]	0	-30.800	0.789	0	243.815	0	0	0	0	
1	[SLPS]	0	-30.800	0.789	0	243.815	0	0	0	0	
1	[SLPS]	0	-30.991	0.693	0	243.748	0	0	0	0	
1	[SLPS]	0	-31.185	0.595	0	243.681	0	0	0	0	
1	[SLPS]	0	-31.185	0.595	0	243.681	0	0	0	0	
1	[SLPS]	0	-31.569	0.413	0	243.551	0	0	0	0	
1	[SLPS]	0	-31.569	0.413	0	243.551	0	0	0	0	
1	[SLPS]	0	-31.756	0.321	0	243.490	0	0	0	0	
1	[SLPS]	0	-31.948	0.225	0	243.429	0	0	0	0	
1	[SLPS]	0	-31.948	0.225	0	243.429	0	0	0	0	
1	[SLPS]	0	-32.326	0.034	0	243.332	0	0	0	0	
1	[SLPS]	0	-32.326	0.034	0	243.332	0	0	0	0	
1	[SLPS]	0	-32.512	-0.063	0	243.295	0	0	0	0	
1	[SLPS]	0	-32.694	-0.158	0	243.263	0	0	0	0	
1	[SLPS]	0	-32.883	-0.255	0	243.231	0	0	0	0	
1	[SLPS]	0	-33.073	-0.350	0	243.208	0	0	0	0	
1	[SLPS]	0	-33.073	-0.350	0	243.208	0	0	0	0	
1	[SLPS]	0	-33.263	-0.447	0	243.186	0	0	0	0	
1	[SLPS]	0	-33.453	-0.550	0	243.162	0	0	0	0	
1	[SLPS]	0	-33.453	-0.550	0	243.162	0	0	0	0	
1	[SLPS]	0	-33.823	-0.742	0	243.159	0	0	0	0	
1	[SLPS]	0	-33.823	-0.742	0	243.159	0	0	0	0	
1	[SLPS]	0	-34.017	-0.837	0	243.178	0	0	0	0	
1	[SLPS]	0	-34.205	-0.941	0	243.165	0	0	0	0	
1	[SLPS]	0	-34.393	-1.040	0	243.158	0	0	0	0	
1	[SLPS]	0	-34.585	-1.132	0	243.166	0	0	0	0	
1	[SLPS]	0	-34.585	-1.132	0	243.166	0	0	0	0	
1	[SLPS]	0	-34.964	-1.316	0	243.189	0	0	0	0	
1	[SLPS]	0	-34.964	-1.316	0	243.189	0	0	0	0	
1	[SLPS]	0	-35.154	-1.406	0	243.201	0	0	0	0	
1	[SLPS]	0	-35.345	-1.503	0	243.198	0	0	0	0	
1	[SLPS]	0	-35.345	-1.503	0	243.198	0	0	0	0	
1	[SLPS]	0	-35.532	-1.601	0	243.182	0	0	0	0	
1	[SLPS]	0	-35.721	-1.697	0	243.177	0	0	0	0	
1	[SLPS]	0	-35.914	-1.791	0	243.185	0	0	0	0	
1	[SLPS]	0	-36.101	-1.891	0	243.172	0	0	0	0	
1	[SLPS]	0	-36.101	-1.891	0	243.172	0	0	0	0	
1	[SLPS]	0	-36.481	-2.083	0	243.178	0	0	0	0	
1	[SLPS]	0	-36.481	-2.083	0	243.178	0	0	0	0	
1	[SLPS]	0	-36.678	-2.178	0	243.189	0	0	0	0	
1	[SLPS]	0	-36.869	-2.274	0	243.193	0	0	0	0	
1	[SLPS]	0	-36.869	-2.274	0	243.193	0	0	0	0	
1	[SLPS]	0	-37.245	-2.472	0	243.174	0	0	0	0	
1	[SLPS]	0	-37.245	-2.472	0	243.174	0	0	0	0	
1	[SLPS]	0	-37.441	-2.571	0	243.177	0	0	0	0	
1	[SLPS]	0	-37.628	-2.675	0	243.152	0	0	0	0	
1	[SLPS]	0	-37.628	-2.675	0	243.152	0	0	0	0	
1	[SLPS]	0	-38.017	-2.862	0	243.178	0	0	0	0	
1	[SLPS]	0	-38.017	-2.862	0	243.178	0	0	0	0	
1	[SLPS]	0	-38.216	-2.959	0	243.190	0	0	0	0	
1	[SLPS]	0	-38.401	-3.066	0	243.169	0	0	0	0	
1	[SLPS]	0	-38.598	-3.158	0	243.187	0	0	0	0	
1	[SLPS]	0	-38.792	-3.256	0	243.188	0	0	0	0	
1	[SLPS]	0	-38.792	-3.256	0	243.188	0	0	0	0	
1	[SLPS]	0	-38.988	-3.354	0	243.184	0	0	0	0	
1	[SLPS]	0	-39.185	-3.453	0	243.187	0	0	0	0	
1	[SLPS]	0	-39.185	-3.453	0	243.187	0	0	0	0	
1	[SLPS]	0	-39.573	-3.651	0	243.186	0	0	0	0	
1	[SLPS]	0	-39.573	-3.651	0	243.186	0	0	0	0	
1	[SLPS]	0	-39.775	-3.756	0	243.187	0	0	0	0	
1	[SLPS]	0	-39.974	-3.858	0	243.184	0	0	0	0	
1	[SLPS]	0	-40.172	-3.957	0	243.182	0	0	0	0	
1	[SLPS]	0	-40.369	-4.057	0	243.180	0	0	0	0	
1	[SLPS]	0	-40.369	-4.057	0	243.180	0	0	0	0	
1	[SLPS]	0	-40.766	-4.263	0	243.191	0	0	0	0	
1	[SLPS]	0	-40.766	-4.263	0	243.191	0	0	0	0	
1	[SLPS]	0	-40.962	-4.362	0	243.200	0	0	0	0	
1	[SLPS]	0	-41.162	-4.462	0	243.207	0	0	0	0	
1	[SLPS]	0	-41.162	-4.462	0	243.207	0	0	0	0	
1	[SLPS]	0	-41.561	-4.666	0	243.191	0	0	0	0	
1	[SLPS]	0	-41.561	-4.666	0	243.191	0	0	0	0	
1	[SLPS]	0	-41.759	-4.767	0	243.193	0	0	0	0	
1	[SLPS]	0	-41.959	-4.864	0	243.210	0	0	0	0	
1	[SLPS]	0	-41.959	-4.864	0	243.210	0	0	0	0	
1	[SLPS]	0	-42.367	-5.065	0	243.224	0	0	0	0	
1	[SLPS]	0	-42.367	-5.065	0	243.224	0	0	0	0	
1	[SLPS]	0	-42.571	-5.168	0	243.222	0	0	0	0	
1	[SLPS]	0	-42.764	-5.272	0	243.208	0	0	0	0	
1	[SLPS]	0	-42.764	-5.272	0	243.208	0	0	0	0	
1	[SLPS]	0	-43.166	-5.476	0	243.210	0	0	0	0	
1	[SLPS]	0	-43.166	-5.476	0	243.210	0	0	0	0	
1	[SLPS]	0	-43.369	-5.581	0	243.206	0	0	0	0	
1	[SLPS]	0	-43.571	-5.684	0	243.205	0	0	0	0	
1	[SLPS]	0	-43.571	-5.684	0	243.205	0	0	0	0	
1	[SLPS]	0	-43.972	-5.890	0	243.204	0	0	0	0	
1	[SLPS]	0	-43.972	-5.890	0	243.204	0	0	0	0	
1	[SLPS]	0	-44.172	-5.995	0	243.206	0	0	0	0	
1	[SLPS]	0	-44.373	-6.094	0	243.221	0	0	0	0	
1	[SLPS]	0	-44.373	-6.094	0	243.221	0	0	0	0	
1	[SLPS]	0	-44.777	-6.298	0	243.257	0	0	0	0	
1	[SLPS]	0	-44.777	-6.298	0	243.257	0	0	0	0	
1	[SLPS]	0	-44.976	-6.399	0	243.260	0	0	0	0	
1	[SLPS]	0	-45.174	-6.504	0	243.245	0	0	0	0	
1	[SLPS]	0	-45.174	-6.504	0	243.245	0	0	0	0	
1	[SLPS]	0	-45.578	-6.709	0	243.225	0	0	0	0	
1	[SLPS]	0	-45.578	-6.709	0	243.225	0	0	0	0	
1	[SLPS]	0	-45.967	-6.915	0	243.188	0	0	0	0	
1	[SLPS]	0	-45.967	-6.915	0	243.188	0	0	0	0	
1	[SLPS]	0	-46.171	-7.015	0	243.187	0	0	0	0	
1	[SLPS]	0	-46.369	-7.119	0	243.168	0	0	0	0	
1	[SLPS]	0	-46.369	-7.119	0	243.168	0	0	0	0	
1	[SLPS]	0	-46.777	-7.316	0	243.165	0	0	0	0	
1	[SLPS]	0	-46.777	-7.316	0	243.165	0	0	0	0	
1	[SLPS]	0	-46.974	-7.416	0	243.151	0	0	0	0	
1	[SLPS]	0	-47.173	-7.522	0	243.123	0	0	0	0	
1	[SLPS]	0	-47.173	-7.522	0	243.123	0	0	0	0	
1	[SLPS]	0	-47.580	-7.717	0	243.112	0	0	0	0	
1	[SLPS]	0	-47.580	-7.717	0	243.112	0	0	0	0	
1	[SLPS]	0	-47.779	-7.821	0	243.087	0	0	0	0	
1	[SLPS]	0	-47.976	-7.923	0	243.077	0	0	0	0	
1	[SLPS]	0	-47.976	-7.923	0	243.077	0	0	0	0	
1	[SLPS]	0	-48.376	-8.125	0	243.079	0	0	0	0	
1	[SLPS]	0	-48.376	-8.125	0	243.079	0	0	0	0	
1	[SLPS]	0	-48.584	-8.232	0	243.076	0	0	0	0	
1	[SLPS]	0	-48.786	-8.335	0	243.044	0	0	0	0	
