1	[SLPS]	0	91.642	62.479	0	242.720	0	0	0	0	
1	[SLPS]	0	91.642	62.478	0	242.719	0	0	0	0	
1	[SLPS]	0	91.641	62.476	0	242.717	0	0	0	0	
1	[SLPS]	0	91.641	62.476	0	242.717	0	0	0	0	
1	[SLPS]	0	91.643	62.476	0	242.718	0	0	0	0	
1	[SLPS]	0	91.643	62.476	0	242.718	0	0	0	0	
1	[SLPS]	0	91.643	62.476	0	242.718	0	0	0	0	
1	[SLPS]	0	91.644	62.475	0	242.720	0	0	0	0	
1	[SLPS]	0	91.644	62.475	0	242.720	0	0	0	0	
1	[SLPS]	0	91.645	62.473	0	242.720	0	0	0	0	
1	[SLPS]	0	91.645	62.473	0	242.720	0	0	0	0	
1	[SLPS]	0	91.646	62.473	0	242.718	0	0	0	0	
1	[SLPS]	0	91.645	62.475	0	242.716	0	0	0	0	
1	[SLPS]	0	91.645	62.475	0	242.716	0	0	0	0	
1	[SLPS]	0	91.644	62.474	0	242.712	0	0	0	0	
1	[SLPS]	0	91.644	62.474	0	242.712	0	0	0	0	
1	[SLPS]	0	91.644	62.475	0	242.711	0	0	0	0	
1	[SLPS]	0	91.644	62.474	0	242.723	0	0	0	0	
1	[SLPS]	0	91.644	62.474	0	242.723	0	0	0	0	
1	[SLPS]	0	91.645	62.474	0	242.723	0	0	0	0	
1	[SLPS]	0	91.645	62.474	0	242.723	0	0	0	0	
1	[SLPS]	0	91.645	62.474	0	242.721	0	0	0	0	
1	[SLPS]	0	91.645	62.474	0	242.722	0	0	0	0	
1	[SLPS]	0	91.645	62.474	0	242.722	0	0	0	0	
1	[SLPS]	0	91.647	62.474	0	242.723	0	0	0	0	
1	[SLPS]	0	91.647	62.474	0	242.723	0	0	0	0	
1	[SLPS]	0	91.645	62.473	0	242.723	0	0	0	0	
1	[SLPS]	0	91.644	62.475	0	242.725	0	0	0	0	
1	[SLPS]	0	91.645	62.474	0	242.724	0	0	0	0	
1	[SLPS]	0	91.647	62.474	0	242.721	0	0	0	0	
1	[SLPS]	0	91.647	62.474	0	242.721	0	0	0	0	
1	[SLPS]	0	91.647	62.473	0	242.721	0	0	0	0	
1	[SLPS]	0	91.646	62.474	0	242.720	0	0	0	0	
1	[SLPS]	0	91.646	62.474	0	242.720	0	0	0	0	
1	[SLPS]	0	91.647	62.473	0	242.721	0	0	0	0	
1	[SLPS]	0	91.647	62.473	0	242.721	0	0	0	0	
1	[SLPS]	0	91.647	62.474	0	242.721	0	0	0	0	
1	[SLPS]	0	91.647	62.472	0	242.720	0	0	0	0	
1	[SLPS]	0	91.646	62.472	0	242.721	0	0	0	0	
1	[SLPS]	0	91.645	62.473	0	242.721	0	0	0	0	
1	[SLPS]	0	91.645	62.473	0	242.721	0	0	0	0	
1	[SLPS]	0	91.644	62.471	0	242.722	0	0	0	0	
1	[SLPS]	0	91.644	62.471	0	242.722	0	0	0	0	
1	[SLPS]	0	91.642	62.471	0	242.734	0	0	0	0	
1	[SLPS]	0	91.642	62.473	0	242.733	0	0	0	0	
1	[SLPS]	0	91.642	62.473	0	242.733	0	0	0	0	
1	[SLPS]	0	91.641	62.471	0	242.736	0	0	0	0	
1	[SLPS]	0	91.641	62.471	0	242.736	0	0	0	0	
1	[SLPS]	0	91.640	62.472	0	242.737	0	0	0	0	
1	[SLPS]	0	91.641	62.472	0	242.738	0	0	0	0	
1	[SLPS]	0	91.641	62.472	0	242.738	0	0	0	0	
1	[SLPS]	0	91.639	62.471	0	242.741	0	0	0	0	
1	[SLPS]	0	91.639	62.471	0	242.741	0	0	0	0	
1	[SLPS]	0	91.641	62.473	0	242.741	0	0	0	0	
1	[SLPS]	0	91.642	62.475	0	242.743	0	0	0	0	
1	[SLPS]	0	91.642	62.475	0	242.743	0	0	0	0	
1	[SLPS]	0	91.642	62.473	0	242.746	0	0	0	0	
1	[SLPS]	0	91.642	62.473	0	242.746	0	0	0	0	
1	[SLPS]	0	91.642	62.472	0	242.746	0	0	0	0	
1	[SLPS]	0	91.642	62.475	0	242.748	0	0	0	0	
1	[SLPS]	0	91.642	62.475	0	242.748	0	0	0	0	
1	[SLPS]	0	91.644	62.473	0	242.752	0	0	0	0	
1	[SLPS]	0	91.644	62.473	0	242.752	0	0	0	0	
1	[SLPS]	0	91.645	62.471	0	242.754	0	0	0	0	
1	[SLPS]	0	91.644	62.474	0	242.756	0	0	0	0	
1	[SLPS]	0	91.644	62.474	0	242.756	0	0	0	0	
1	[SLPS]	0	91.645	62.475	0	242.755	0	0	0	0	
1	[SLPS]	0	91.645	62.475	0	242.755	0	0	0	0	
1	[SLPS]	0	91.645	62.472	0	242.760	0	0	0	0	
1	[SLPS]	0	91.644	62.473	0	242.754	0	0	0	0	
1	[SLPS]	0	91.644	62.473	0	242.754	0	0	0	0	
1	[SLPS]	0	91.644	62.471	0	242.740	0	0	0	0	
1	[SLPS]	0	91.644	62.471	0	242.740	0	0	0	0	
1	[SLPS]	0	91.645	62.469	0	242.734	0	0	0	0	
1	[SLPS]	0	91.644	62.468	0	242.726	0	0	0	0	
1	[SLPS]	0	91.644	62.471	0	242.715	0	0	0	0	
1	[SLPS]	0	91.643	62.472	0	242.706	0	0	0	0	
1	[SLPS]	0	91.643	62.472	0	242.706	0	0	0	0	
1	[SLPS]	0	91.642	62.467	0	242.692	0	0	0	0	
1	[SLPS]	0	91.642	62.467	0	242.692	0	0	0	0	
1	[SLPS]	0	91.643	62.469	0	242.687	0	0	0	0	
1	[SLPS]	0	91.642	62.470	0	242.678	0	0	0	0	
1	[SLPS]	0	91.642	62.470	0	242.678	0	0	0	0	
1	[SLPS]	0	91.636	62.465	0	242.660	0	0	0	0	
1	[SLPS]	0	91.636	62.465	0	242.660	0	0	0	0	
1	[SLPS]	0	91.633	62.464	0	242.644	0	0	0	0	
1	[SLPS]	0	91.629	62.464	0	242.624	0	0	0	0	
1	[SLPS]	0	91.629	62.464	0	242.624	0	0	0	0	
1	[SLPS]	0	91.615	62.459	0	242.557	0	0	0	0	
1	[SLPS]	0	91.615	62.459	0	242.557	0	0	0	0	
1	[SLPS]	0	91.605	62.453	0	242.510	0	0	0	0	
1	[SLPS]	0	91.591	62.446	0	242.443	0	0	0	0	
1	[SLPS]	0	91.591	62.446	0	242.443	0	0	0	0	
1	[SLPS]	0	91.558	62.425	0	242.262	0	0	0	0	
1	[SLPS]	0	91.558	62.425	0	242.262	0	0	0	0	
1	[SLPS]	0	91.537	62.417	0	242.151	0	0	0	0	
1	[SLPS]	0	91.512	62.405	0	242.031	0	0	0	0	
1	[SLPS]	0	91.512	62.405	0	242.031	0	0	0	0	
1	[SLPS]	0	91.463	62.382	0	241.719	0	0	0	0	
1	[SLPS]	0	91.463	62.382	0	241.719	0	0	0	0	
1	[SLPS]	0	91.443	62.364	0	241.519	0	0	0	0	
1	[SLPS]	0	91.413	62.351	0	241.299	0	0	0	0	
1	[SLPS]	0	91.413	62.351	0	241.299	0	0	0	0	
1	[SLPS]	0	91.360	62.320	0	240.808	0	0	0	0	
1	[SLPS]	0	91.360	62.320	0	240.808	0	0	0	0	
1	[SLPS]	0	91.340	62.307	0	240.542	0	0	0	0	
1	[SLPS]	0	91.316	62.291	0	240.257	0	0	0	0	
1	[SLPS]	0	91.291	62.274	0	239.951	0	0	0	0	
1	[SLPS]	0	91.265	62.258	0	239.622	0	0	0	0	
1	[SLPS]	0	91.265	62.258	0	239.622	0	0	0	0	
1	[SLPS]	0	91.214	62.219	0	238.916	0	0	0	0	
1	[SLPS]	0	91.214	62.219	0	238.916	0	0	0	0	
1	[SLPS]	0	91.187	62.203	0	238.548	0	0	0	0	
1	[SLPS]	0	91.159	62.184	0	238.170	0	0	0	0	
1	[SLPS]	0	91.159	62.184	0	238.170	0	0	0	0	
1	[SLPS]	0	91.095	62.142	0	237.382	0	0	0	0	
1	[SLPS]	0	91.095	62.142	0	237.382	0	0	0	0	
1	[SLPS]	0	91.068	62.121	0	236.971	0	0	0	0	
1	[SLPS]	0	91.045	62.105	0	236.574	0	0	0	0	
1	[SLPS]	0	91.045	62.105	0	236.574	0	0	0	0	
1	[SLPS]	0	90.996	62.071	0	235.816	0	0	0	0	
1	[SLPS]	0	90.996	62.071	0	235.816	0	0	0	0	
1	[SLPS]	0	90.974	62.056	0	235.449	0	0	0	0	
1	[SLPS]	0	90.951	62.040	0	235.089	0	0	0	0	
1	[SLPS]	0	90.951	62.040	0	235.089	0	0	0	0	
1	[SLPS]	0	90.919	62.017	0	234.387	0	0	0	0	
1	[SLPS]	0	90.919	62.017	0	234.387	0	0	0	0	
1	[SLPS]	0	90.905	62.004	0	234.048	0	0	0	0	
1	[SLPS]	0	90.887	61.990	0	233.720	0	0	0	0	
1	[SLPS]	0	90.887	61.990	0	233.720	0	0	0	0	
1	[SLPS]	0	90.857	61.970	0	233.081	0	0	0	0	
1	[SLPS]	0	90.857	61.970	0	233.081	0	0	0	0	
1	[SLPS]	0	90.840	61.952	0	232.766	0	0	0	0	
1	[SLPS]	0	90.825	61.938	0	232.455	0	0	0	0	
1	[SLPS]	0	90.825	61.938	0	232.455	0	0	0	0	
1	[SLPS]	0	90.788	61.909	0	231.829	0	0	0	0	
1	[SLPS]	0	90.788	61.909	0	231.829	0	0	0	0	
1	[SLPS]	0	90.769	61.895	0	231.512	0	0	0	0	
1	[SLPS]	0	90.750	61.879	0	231.194	0	0	0	0	
1	[SLPS]	0	90.750	61.879	0	231.194	0	0	0	0	
1	[SLPS]	0	90.718	61.846	0	230.550	0	0	0	0	
1	[SLPS]	0	90.718	61.846	0	230.550	0	0	0	0	
1	[SLPS]	0	90.699	61.828	0	230.220	0	0	0	0	
1	[SLPS]	0	90.681	61.808	0	229.883	0	0	0	0	
1	[SLPS]	0	90.681	61.808	0	229.883	0	0	0	0	
1	[SLPS]	0	90.640	61.766	0	229.190	0	0	0	0	
1	[SLPS]	0	90.640	61.766	0	229.190	0	0	0	0	
1	[SLPS]	0	90.619	61.747	0	228.837	0	0	0	0	
1	[SLPS]	0	90.599	61.728	0	228.483	0	0	0	0	
1	[SLPS]	0	90.599	61.728	0	228.483	0	0	0	0	
1	[SLPS]	0	90.556	61.690	0	227.756	0	0	0	0	
1	[SLPS]	0	90.556	61.690	0	227.756	0	0	0	0	
1	[SLPS]	0	90.531	61.667	0	227.388	0	0	0	0	
1	[SLPS]	0	90.510	61.644	0	227.013	0	0	0	0	
1	[SLPS]	0	90.510	61.644	0	227.013	0	0	0	0	
1	[SLPS]	0	90.466	61.597	0	226.253	0	0	0	0	
1	[SLPS]	0	90.466	61.597	0	226.253	0	0	0	0	
1	[SLPS]	0	90.441	61.577	0	225.871	0	0	0	0	
1	[SLPS]	0	90.417	61.552	0	225.487	0	0	0	0	
1	[SLPS]	0	90.417	61.552	0	225.487	0	0	0	0	
1	[SLPS]	0	90.366	61.507	0	224.703	0	0	0	0	
1	[SLPS]	0	90.366	61.507	0	224.703	0	0	0	0	
1	[SLPS]	0	90.338	61.480	0	224.305	0	0	0	0	
1	[SLPS]	0	90.314	61.452	0	223.903	0	0	0	0	
1	[SLPS]	0	90.314	61.452	0	223.903	0	0	0	0	
1	[SLPS]	0	90.262	61.389	0	223.109	0	0	0	0	
1	[SLPS]	0	90.262	61.389	0	223.109	0	0	0	0	
1	[SLPS]	0	90.237	61.362	0	222.722	0	0	0	0	
1	[SLPS]	0	90.210	61.335	0	222.346	0	0	0	0	
1	[SLPS]	0	90.210	61.335	0	222.346	0	0	0	0	
1	[SLPS]	0	90.156	61.265	0	221.606	0	0	0	0	
1	[SLPS]	0	90.156	61.265	0	221.606	0	0	0	0	
1	[SLPS]	0	90.128	61.235	0	221.243	0	0	0	0	
1	[SLPS]	0	90.103	61.202	0	220.888	0	0	0	0	
1	[SLPS]	0	90.103	61.202	0	220.888	0	0	0	0	
1	[SLPS]	0	90.047	61.132	0	220.231	0	0	0	0	
1	[SLPS]	0	90.047	61.132	0	220.231	0	0	0	0	
1	[SLPS]	0	90.022	61.102	0	219.932	0	0	0	0	
1	[SLPS]	0	89.994	61.067	0	219.638	0	0	0	0	
1	[SLPS]	0	89.962	61.029	0	219.351	0	0	0	0	
1	[SLPS]	0	89.941	60.998	0	219.075	0	0	0	0	
1	[SLPS]	0	89.941	60.998	0	219.075	0	0	0	0	
1	[SLPS]	0	89.914	60.965	0	218.814	0	0	0	0	
1	[SLPS]	0	89.884	60.929	0	218.583	0	0	0	0	
1	[SLPS]	0	89.859	60.894	0	218.375	0	0	0	0	
1	[SLPS]	0	89.830	60.857	0	218.199	0	0	0	0	
1	[SLPS]	0	89.830	60.857	0	218.199	0	0	0	0	
1	[SLPS]	0	89.805	60.823	0	218.048	0	0	0	0	
1	[SLPS]	0	89.782	60.792	0	217.907	0	0	0	0	
1	[SLPS]	0	89.758	60.758	0	217.772	0	0	0	0	
1	[SLPS]	0	89.735	60.723	0	217.643	0	0	0	0	
1	[SLPS]	0	89.735	60.723	0	217.643	0	0	0	0	
1	[SLPS]	0	89.714	60.690	0	217.526	0	0	0	0	
1	[SLPS]	0	89.685	60.660	0	217.428	0	0	0	0	
1	[SLPS]	0	89.659	60.627	0	217.349	0	0	0	0	
1	[SLPS]	0	89.639	60.594	0	217.285	0	0	0	0	
1	[SLPS]	0	89.639	60.594	0	217.285	0	0	0	0	
1	[SLPS]	0	89.597	60.527	0	217.173	0	0	0	0	
1	[SLPS]	0	89.597	60.527	0	217.173	0	0	0	0	
1	[SLPS]	0	89.566	60.493	0	217.128	0	0	0	0	
1	[SLPS]	0	89.543	60.458	0	217.101	0	0	0	0	
1	[SLPS]	0	89.543	60.458	0	217.101	0	0	0	0	
1	[SLPS]	0	89.487	60.387	0	217.086	0	0	0	0	
1	[SLPS]	0	89.487	60.387	0	217.086	0	0	0	0	
1	[SLPS]	0	89.458	60.349	0	217.093	0	0	0	0	
1	[SLPS]	0	89.421	60.312	0	217.103	0	0	0	0	
1	[SLPS]	0	89.421	60.312	0	217.103	0	0	0	0	
1	[SLPS]	0	89.358	60.239	0	217.133	0	0	0	0	
1	[SLPS]	0	89.358	60.239	0	217.133	0	0	0	0	
1	[SLPS]	0	89.343	60.202	0	217.152	0	0	0	0	
1	[SLPS]	0	89.309	60.161	0	217.179	0	0	0	0	
1	[SLPS]	0	89.309	60.161	0	217.179	0	0	0	0	
1	[SLPS]	0	89.254	60.083	0	217.245	0	0	0	0	
1	[SLPS]	0	89.254	60.083	0	217.245	0	0	0	0	
1	[SLPS]	0	89.214	60.040	0	217.291	0	0	0	0	
1	[SLPS]	0	89.175	59.998	0	217.343	0	0	0	0	
1	[SLPS]	0	89.175	59.998	0	217.343	0	0	0	0	
1	[SLPS]	0	89.113	59.914	0	217.463	0	0	0	0	
1	[SLPS]	0	89.113	59.914	0	217.463	0	0	0	0	
1	[SLPS]	0	89.074	59.875	0	217.531	0	0	0	0	
1	[SLPS]	0	89.047	59.838	0	217.600	0	0	0	0	
1	[SLPS]	0	89.047	59.838	0	217.600	0	0	0	0	
1	[SLPS]	0	88.980	59.752	0	217.740	0	0	0	0	
1	[SLPS]	0	88.980	59.752	0	217.740	0	0	0	0	
1	[SLPS]	0	88.941	59.710	0	217.815	0	0	0	0	
1	[SLPS]	0	88.906	59.671	0	217.894	0	0	0	0	
1	[SLPS]	0	88.869	59.627	0	217.979	0	0	0	0	
1	[SLPS]	0	88.831	59.583	0	218.066	0	0	0	0	
1	[SLPS]	0	88.831	59.583	0	218.066	0	0	0	0	
1	[SLPS]	0	88.789	59.531	0	218.162	0	0	0	0	
1	[SLPS]	0	88.750	59.485	0	218.265	0	0	0	0	
1	[SLPS]	0	88.708	59.437	0	218.374	0	0	0	0	
1	[SLPS]	0	88.673	59.382	0	218.492	0	0	0	0	
1	[SLPS]	0	88.673	59.382	0	218.492	0	0	0	0	
1	[SLPS]	0	88.597	59.280	0	218.758	0	0	0	0	
1	[SLPS]	0	88.597	59.280	0	218.758	0	0	0	0	
1	[SLPS]	0	88.550	59.231	0	218.908	0	0	0	0	
1	[SLPS]	0	88.517	59.178	0	219.072	0	0	0	0	
1	[SLPS]	0	88.517	59.178	0	219.072	0	0	0	0	
1	[SLPS]	0	88.430	59.075	0	219.423	0	0	0	0	
1	[SLPS]	0	88.430	59.075	0	219.423	0	0	0	0	
1	[SLPS]	0	88.387	59.021	0	219.610	0	0	0	0	
1	[SLPS]	0	88.343	58.972	0	219.803	0	0	0	0	
1	[SLPS]	0	88.343	58.972	0	219.803	0	0	0	0	
1	[SLPS]	0	88.252	58.867	0	220.212	0	0	0	0	
1	[SLPS]	0	88.252	58.867	0	220.212	0	0	0	0	
1	[SLPS]	0	88.201	58.810	0	220.432	0	0	0	0	
1	[SLPS]	0	88.154	58.756	0	220.657	0	0	0	0	
1	[SLPS]	0	88.154	58.756	0	220.657	0	0	0	0	
1	[SLPS]	0	88.045	58.643	0	221.150	0	0	0	0	
1	[SLPS]	0	88.045	58.643	0	221.150	0	0	0	0	
1	[SLPS]	0	87.988	58.587	0	221.423	0	0	0	0	
1	[SLPS]	0	87.941	58.530	0	221.714	0	0	0	0	
1	[SLPS]	0	87.897	58.469	0	222.013	0	0	0	0	
1	[SLPS]	0	87.838	58.414	0	222.316	0	0	0	0	
1	[SLPS]	0	87.838	58.414	0	222.316	0	0	0	0	
1	[SLPS]	0	87.726	58.302	0	222.935	0	0	0	0	
1	[SLPS]	0	87.726	58.302	0	222.935	0	0	0	0	
1	[SLPS]	0	87.666	58.249	0	223.247	0	0	0	0	
1	[SLPS]	0	87.617	58.190	0	223.564	0	0	0	0	
1	[SLPS]	0	87.617	58.190	0	223.564	0	0	0	0	
1	[SLPS]	0	87.496	58.069	0	224.209	0	0	0	0	
1	[SLPS]	0	87.496	58.069	0	224.209	0	0	0	0	
1	[SLPS]	0	87.440	58.009	0	224.531	0	0	0	0	
1	[SLPS]	0	87.373	57.948	0	224.856	0	0	0	0	
1	[SLPS]	0	87.373	57.948	0	224.856	0	0	0	0	
1	[SLPS]	0	87.240	57.833	0	225.523	0	0	0	0	
1	[SLPS]	0	87.240	57.833	0	225.523	0	0	0	0	
1	[SLPS]	0	87.188	57.779	0	225.862	0	0	0	0	
1	[SLPS]	0	87.125	57.724	0	226.203	0	0	0	0	
1	[SLPS]	0	87.125	57.724	0	226.203	0	0	0	0	
1	[SLPS]	0	87.006	57.603	0	226.892	0	0	0	0	
1	[SLPS]	0	87.006	57.603	0	226.892	0	0	0	0	
1	[SLPS]	0	86.928	57.555	0	227.237	0	0	0	0	
1	[SLPS]	0	86.872	57.498	0	227.586	0	0	0	0	
1	[SLPS]	0	86.872	57.498	0	227.586	0	0	0	0	
1	[SLPS]	0	86.736	57.383	0	228.281	0	0	0	0	
1	[SLPS]	0	86.736	57.383	0	228.281	0	0	0	0	
1	[SLPS]	0	86.664	57.325	0	228.644	0	0	0	0	
1	[SLPS]	0	86.596	57.266	0	229.006	0	0	0	0	
1	[SLPS]	0	86.596	57.266	0	229.006	0	0	0	0	
1	[SLPS]	0	86.455	57.153	0	229.736	0	0	0	0	
1	[SLPS]	0	86.455	57.153	0	229.736	0	0	0	0	
1	[SLPS]	0	86.377	57.094	0	230.096	0	0	0	0	
1	[SLPS]	0	86.303	57.042	0	230.458	0	0	0	0	
1	[SLPS]	0	86.303	57.042	0	230.458	0	0	0	0	
1	[SLPS]	0	86.157	56.924	0	231.191	0	0	0	0	
1	[SLPS]	0	86.157	56.924	0	231.191	0	0	0	0	
1	[SLPS]	0	86.075	56.877	0	231.569	0	0	0	0	
1	[SLPS]	0	85.997	56.822	0	231.945	0	0	0	0	
1	[SLPS]	0	85.997	56.822	0	231.945	0	0	0	0	
1	[SLPS]	0	85.840	56.716	0	232.700	0	0	0	0	
1	[SLPS]	0	85.840	56.716	0	232.700	0	0	0	0	
1	[SLPS]	0	85.763	56.658	0	233.078	0	0	0	0	
1	[SLPS]	0	85.684	56.606	0	233.458	0	0	0	0	
1	[SLPS]	0	85.684	56.606	0	233.458	0	0	0	0	
1	[SLPS]	0	85.520	56.500	0	234.227	0	0	0	0	
1	[SLPS]	0	85.520	56.500	0	234.227	0	0	0	0	
1	[SLPS]	0	85.449	56.443	0	234.612	0	0	0	0	
1	[SLPS]	0	85.369	56.389	0	234.991	0	0	0	0	
1	[SLPS]	0	85.369	56.389	0	234.991	0	0	0	0	
1	[SLPS]	0	85.201	56.280	0	235.744	0	0	0	0	
1	[SLPS]	0	85.201	56.280	0	235.744	0	0	0	0	
1	[SLPS]	0	85.126	56.228	0	236.114	0	0	0	0	
1	[SLPS]	0	85.046	56.175	0	236.482	0	0	0	0	
1	[SLPS]	0	84.962	56.124	0	236.841	0	0	0	0	
1	[SLPS]	0	84.872	56.077	0	237.185	0	0	0	0	
1	[SLPS]	0	84.872	56.077	0	237.185	0	0	0	0	
1	[SLPS]	0	84.711	55.977	0	237.830	0	0	0	0	
1	[SLPS]	0	84.711	55.977	0	237.830	0	0	0	0	
1	[SLPS]	0	84.629	55.923	0	238.134	0	0	0	0	
1	[SLPS]	0	84.542	55.878	0	238.423	0	0	0	0	
1	[SLPS]	0	84.542	55.878	0	238.423	0	0	0	0	
1	[SLPS]	0	84.457	55.827	0	238.703	0	0	0	0	
1	[SLPS]	0	84.370	55.773	0	238.977	0	0	0	0	
1	[SLPS]	0	84.286	55.732	0	239.247	0	0	0	0	
1	[SLPS]	0	84.201	55.683	0	239.508	0	0	0	0	
1	[SLPS]	0	84.201	55.683	0	239.508	0	0	0	0	
1	[SLPS]	0	84.022	55.581	0	239.993	0	0	0	0	
1	[SLPS]	0	84.022	55.581	0	239.993	0	0	0	0	
1	[SLPS]	0	83.927	55.544	0	240.218	0	0	0	0	
1	[SLPS]	0	83.837	55.499	0	240.438	0	0	0	0	
1	[SLPS]	0	83.837	55.499	0	240.438	0	0	0	0	
1	[SLPS]	0	83.667	55.400	0	240.849	0	0	0	0	
1	[SLPS]	0	83.667	55.400	0	240.849	0	0	0	0	
1	[SLPS]	0	83.575	55.351	0	241.027	0	0	0	0	
1	[SLPS]	0	83.485	55.305	0	241.188	0	0	0	0	
1	[SLPS]	0	83.485	55.305	0	241.188	0	0	0	0	
1	[SLPS]	0	83.311	55.205	0	241.449	0	0	0	0	
1	[SLPS]	0	83.311	55.205	0	241.449	0	0	0	0	
1	[SLPS]	0	83.221	55.162	0	241.552	0	0	0	0	
1	[SLPS]	0	83.134	55.107	0	241.633	0	0	0	0	
1	[SLPS]	0	83.134	55.107	0	241.633	0	0	0	0	
1	[SLPS]	0	82.956	55.018	0	241.791	0	0	0	0	
1	[SLPS]	0	82.956	55.018	0	241.791	0	0	0	0	
1	[SLPS]	0	82.863	54.972	0	241.877	0	0	0	0	
1	[SLPS]	0	82.769	54.924	0	241.919	0	0	0	0	
1	[SLPS]	0	82.769	54.924	0	241.919	0	0	0	0	
1	[SLPS]	0	82.590	54.830	0	241.891	0	0	0	0	
1	[SLPS]	0	82.590	54.830	0	241.891	0	0	0	0	
1	[SLPS]	0	82.502	54.783	0	241.886	0	0	0	0	
1	[SLPS]	0	82.412	54.743	0	241.983	0	0	0	0	
1	[SLPS]	0	82.321	54.693	0	241.947	0	0	0	0	
1	[SLPS]	0	82.238	54.648	0	241.929	0	0	0	0	
1	[SLPS]	0	82.238	54.648	0	241.929	0	0	0	0	
1	[SLPS]	0	82.059	54.548	0	241.840	0	0	0	0	
1	[SLPS]	0	82.059	54.548	0	241.840	0	0	0	0	
1	[SLPS]	0	81.972	54.502	0	241.867	0	0	0	0	
1	[SLPS]	0	81.880	54.454	0	241.895	0	0	0	0	
1	[SLPS]	0	81.880	54.454	0	241.895	0	0	0	0	
1	[SLPS]	0	81.701	54.356	0	241.850	0	0	0	0	
1	[SLPS]	0	81.701	54.356	0	241.850	0	0	0	0	
1	[SLPS]	0	81.614	54.314	0	241.879	0	0	0	0	
1	[SLPS]	0	81.518	54.263	0	241.866	0	0	0	0	
1	[SLPS]	0	81.518	54.263	0	241.866	0	0	0	0	
1	[SLPS]	0	81.346	54.164	0	241.779	0	0	0	0	
1	[SLPS]	0	81.346	54.164	0	241.779	0	0	0	0	
1	[SLPS]	0	81.256	54.122	0	241.834	0	0	0	0	
1	[SLPS]	0	81.166	54.072	0	241.807	0	0	0	0	
1	[SLPS]	0	81.166	54.072	0	241.807	0	0	0	0	
1	[SLPS]	0	80.990	53.976	0	241.786	0	0	0	0	
1	[SLPS]	0	80.990	53.976	0	241.786	0	0	0	0	
1	[SLPS]	0	80.898	53.931	0	241.819	0	0	0	0	
1	[SLPS]	0	80.808	53.883	0	241.810	0	0	0	0	
1	[SLPS]	0	80.808	53.883	0	241.810	0	0	0	0	
1	[SLPS]	0	80.628	53.793	0	241.833	0	0	0	0	
1	[SLPS]	0	80.628	53.793	0	241.833	0	0	0	0	
1	[SLPS]	0	80.540	53.744	0	241.805	0	0	0	0	
1	[SLPS]	0	80.450	53.697	0	241.808	0	0	0	0	
1	[SLPS]	0	80.450	53.697	0	241.808	0	0	0	0	
1	[SLPS]	0	80.268	53.603	0	241.850	0	0	0	0	
1	[SLPS]	0	80.268	53.603	0	241.850	0	0	0	0	
1	[SLPS]	0	80.174	53.546	0	241.834	0	0	0	0	
1	[SLPS]	0	80.086	53.496	0	241.837	0	0	0	0	
1	[SLPS]	0	80.086	53.496	0	241.837	0	0	0	0	
1	[SLPS]	0	79.896	53.394	0	241.917	0	0	0	0	
1	[SLPS]	0	79.896	53.394	0	241.917	0	0	0	0	
1	[SLPS]	0	79.802	53.343	0	241.948	0	0	0	0	
1	[SLPS]	0	79.711	53.297	0	242.004	0	0	0	0	
1	[SLPS]	0	79.711	53.297	0	242.004	0	0	0	0	
1	[SLPS]	0	79.525	53.198	0	242.059	0	0	0	0	
1	[SLPS]	0	79.525	53.198	0	242.059	0	0	0	0	
1	[SLPS]	0	79.438	53.152	0	242.080	0	0	0	0	
1	[SLPS]	0	79.344	53.104	0	242.123	0	0	0	0	
1	[SLPS]	0	79.249	53.054	0	242.145	0	0	0	0	
1	[SLPS]	0	79.160	53.007	0	242.169	0	0	0	0	
1	[SLPS]	0	79.160	53.007	0	242.169	0	0	0	0	
1	[SLPS]	0	78.967	52.913	0	242.276	0	0	0	0	
1	[SLPS]	0	78.967	52.913	0	242.276	0	0	0	0	
1	[SLPS]	0	78.869	52.864	0	242.303	0	0	0	0	
1	[SLPS]	0	78.774	52.819	0	242.350	0	0	0	0	
1	[SLPS]	0	78.774	52.819	0	242.350	0	0	0	0	
1	[SLPS]	0	78.674	52.767	0	242.348	0	0	0	0	
1	[SLPS]	0	78.577	52.719	0	242.357	0	0	0	0	
1	[SLPS]	0	78.480	52.668	0	242.356	0	0	0	0	
1	[SLPS]	0	78.378	52.616	0	242.352	0	0	0	0	
1	[SLPS]	0	78.378	52.616	0	242.352	0	0	0	0	
1	[SLPS]	0	78.180	52.508	0	242.327	0	0	0	0	
1	[SLPS]	0	78.180	52.508	0	242.327	0	0	0	0	
1	[SLPS]	0	78.075	52.452	0	242.335	0	0	0	0	
1	[SLPS]	0	77.972	52.398	0	242.353	0	0	0	0	
1	[SLPS]	0	77.972	52.398	0	242.353	0	0	0	0	
1	[SLPS]	0	77.766	52.292	0	242.366	0	0	0	0	
1	[SLPS]	0	77.766	52.292	0	242.366	0	0	0	0	
1	[SLPS]	0	77.664	52.235	0	242.338	0	0	0	0	
1	[SLPS]	0	77.565	52.182	0	242.325	0	0	0	0	
1	[SLPS]	0	77.565	52.182	0	242.325	0	0	0	0	
1	[SLPS]	0	77.356	52.071	0	242.316	0	0	0	0	
1	[SLPS]	0	77.356	52.071	0	242.316	0	0	0	0	
1	[SLPS]	0	77.249	52.016	0	242.332	0	0	0	0	
1	[SLPS]	0	77.144	51.967	0	242.374	0	0	0	0	
1	[SLPS]	0	77.144	51.967	0	242.374	0	0	0	0	
1	[SLPS]	0	76.930	51.851	0	242.342	0	0	0	0	
1	[SLPS]	0	76.930	51.851	0	242.342	0	0	0	0	
1	[SLPS]	0	76.827	51.793	0	242.310	0	0	0	0	
1	[SLPS]	0	76.717	51.738	0	242.329	0	0	0	0	
1	[SLPS]	0	76.717	51.738	0	242.329	0	0	0	0	
1	[SLPS]	0	76.504	51.624	0	242.324	0	0	0	0	
1	[SLPS]	0	76.504	51.624	0	242.324	0	0	0	0	
1	[SLPS]	0	76.397	51.565	0	242.314	0	0	0	0	
1	[SLPS]	0	76.288	51.508	0	242.321	0	0	0	0	
1	[SLPS]	0	76.288	51.508	0	242.321	0	0	0	0	
1	[SLPS]	0	76.069	51.390	0	242.317	0	0	0	0	
1	[SLPS]	0	76.069	51.390	0	242.317	0	0	0	0	
1	[SLPS]	0	75.955	51.331	0	242.327	0	0	0	0	
1	[SLPS]	0	75.845	51.271	0	242.305	0	0	0	0	
1	[SLPS]	0	75.732	51.210	0	242.293	0	0	0	0	
1	[SLPS]	0	75.621	51.151	0	242.295	0	0	0	0	
1	[SLPS]	0	75.621	51.151	0	242.295	0	0	0	0	
1	[SLPS]	0	75.386	51.034	0	242.341	0	0	0	0	
1	[SLPS]	0	75.386	51.034	0	242.341	0	0	0	0	
1	[SLPS]	0	75.277	50.973	0	242.308	0	0	0	0	
1	[SLPS]	0	75.162	50.916	0	242.325	0	0	0	0	
1	[SLPS]	0	75.162	50.916	0	242.325	0	0	0	0	
1	[SLPS]	0	75.045	50.856	0	242.334	0	0	0	0	
1	[SLPS]	0	74.932	50.795	0	242.328	0	0	0	0	
1	[SLPS]	0	74.932	50.795	0	242.328	0	0	0	0	
1	[SLPS]	0	74.703	50.670	0	242.341	0	0	0	0	
1	[SLPS]	0	74.703	50.670	0	242.341	0	0	0	0	
1	[SLPS]	0	74.583	50.605	0	242.349	0	0	0	0	
1	[SLPS]	0	74.462	50.547	0	242.395	0	0	0	0	
1	[SLPS]	0	74.341	50.485	0	242.410	0	0	0	0	
1	[SLPS]	0	74.220	50.423	0	242.423	0	0	0	0	
1	[SLPS]	0	74.220	50.423	0	242.423	0	0	0	0	
1	[SLPS]	0	73.977	50.301	0	242.454	0	0	0	0	
1	[SLPS]	0	73.977	50.301	0	242.454	0	0	0	0	
1	[SLPS]	0	73.856	50.244	0	242.494	0	0	0	0	
1	[SLPS]	0	73.736	50.181	0	242.496	0	0	0	0	
1	[SLPS]	0	73.736	50.181	0	242.496	0	0	0	0	
1	[SLPS]	0	73.494	50.054	0	242.512	0	0	0	0	
1	[SLPS]	0	73.494	50.054	0	242.512	0	0	0	0	
1	[SLPS]	0	73.373	49.989	0	242.518	0	0	0	0	
1	[SLPS]	0	73.245	49.925	0	242.572	0	0	0	0	
1	[SLPS]	0	73.245	49.925	0	242.572	0	0	0	0	
1	[SLPS]	0	73.003	49.797	0	242.650	0	0	0	0	
1	[SLPS]	0	73.003	49.797	0	242.650	0	0	0	0	
1	[SLPS]	0	72.878	49.730	0	242.682	0	0	0	0	
1	[SLPS]	0	72.752	49.665	0	242.723	0	0	0	0	
1	[SLPS]	0	72.752	49.665	0	242.723	0	0	0	0	
1	[SLPS]	0	72.504	49.538	0	242.793	0	0	0	0	
1	[SLPS]	0	72.504	49.538	0	242.793	0	0	0	0	
1	[SLPS]	0	72.384	49.471	0	242.795	0	0	0	0	
1	[SLPS]	0	72.253	49.411	0	242.873	0	0	0	0	
1	[SLPS]	0	72.253	49.411	0	242.873	0	0	0	0	
1	[SLPS]	0	72.002	49.278	0	242.913	0	0	0	0	
1	[SLPS]	0	72.002	49.278	0	242.913	0	0	0	0	
1	[SLPS]	0	71.876	49.211	0	242.940	0	0	0	0	
1	[SLPS]	0	71.748	49.150	0	242.986	0	0	0	0	
1	[SLPS]	0	71.748	49.150	0	242.986	0	0	0	0	
1	[SLPS]	0	71.492	49.023	0	243.047	0	0	0	0	
1	[SLPS]	0	71.492	49.023	0	243.047	0	0	0	0	
1	[SLPS]	0	71.361	48.960	0	243.079	0	0	0	0	
1	[SLPS]	0	71.231	48.889	0	243.062	0	0	0	0	
1	[SLPS]	0	71.231	48.889	0	243.062	0	0	0	0	
1	[SLPS]	0	70.972	48.759	0	243.091	0	0	0	0	
1	[SLPS]	0	70.972	48.759	0	243.091	0	0	0	0	
1	[SLPS]	0	70.842	48.696	0	243.109	0	0	0	0	
1	[SLPS]	0	70.714	48.623	0	243.081	0	0	0	0	
1	[SLPS]	0	70.714	48.623	0	243.081	0	0	0	0	
1	[SLPS]	0	70.451	48.496	0	243.146	0	0	0	0	
1	[SLPS]	0	70.451	48.496	0	243.146	0	0	0	0	
1	[SLPS]	0	70.324	48.427	0	243.138	0	0	0	0	
1	[SLPS]	0	70.194	48.359	0	243.148	0	0	0	0	
1	[SLPS]	0	70.194	48.359	0	243.148	0	0	0	0	
1	[SLPS]	0	69.927	48.227	0	243.176	0	0	0	0	
1	[SLPS]	0	69.927	48.227	0	243.176	0	0	0	0	
1	[SLPS]	0	69.667	48.095	0	243.191	0	0	0	0	
1	[SLPS]	0	69.667	48.095	0	243.191	0	0	0	0	
1	[SLPS]	0	69.535	48.028	0	243.198	0	0	0	0	
1	[SLPS]	0	69.402	47.960	0	243.202	0	0	0	0	
1	[SLPS]	0	69.402	47.960	0	243.202	0	0	0	0	
1	[SLPS]	0	69.138	47.827	0	243.219	0	0	0	0	
1	[SLPS]	0	69.138	47.827	0	243.219	0	0	0	0	
1	[SLPS]	0	69.005	47.759	0	243.224	0	0	0	0	
1	[SLPS]	0	68.870	47.690	0	243.232	0	0	0	0	
1	[SLPS]	0	68.870	47.690	0	243.232	0	0	0	0	
1	[SLPS]	0	68.590	47.553	0	243.273	0	0	0	0	
1	[SLPS]	0	68.590	47.553	0	243.273	0	0	0	0	
1	[SLPS]	0	68.457	47.484	0	243.274	0	0	0	0	
1	[SLPS]	0	68.327	47.415	0	243.265	0	0	0	0	
1	[SLPS]	0	68.327	47.415	0	243.265	0	0	0	0	
1	[SLPS]	0	68.052	47.283	0	243.314	0	0	0	0	
1	[SLPS]	0	68.052	47.283	0	243.314	0	0	0	0	
1	[SLPS]	0	67.911	47.209	0	243.309	0	0	0	0	
1	[SLPS]	0	67.775	47.140	0	243.315	0	0	0	0	
1	[SLPS]	0	67.775	47.140	0	243.315	0	0	0	0	
1	[SLPS]	0	67.503	47.004	0	243.333	0	0	0	0	
1	[SLPS]	0	67.503	47.004	0	243.333	0	0	0	0	
1	[SLPS]	0	67.363	46.936	0	243.351	0	0	0	0	
1	[SLPS]	0	67.227	46.867	0	243.361	0	0	0	0	
1	[SLPS]	0	67.227	46.867	0	243.361	0	0	0	0	
1	[SLPS]	0	66.955	46.725	0	243.363	0	0	0	0	
1	[SLPS]	0	66.955	46.725	0	243.363	0	0	0	0	
1	[SLPS]	0	66.817	46.657	0	243.371	0	0	0	0	
1	[SLPS]	0	66.678	46.588	0	243.378	0	0	0	0	
1	[SLPS]	0	66.678	46.588	0	243.378	0	0	0	0	
1	[SLPS]	0	66.397	46.447	0	243.375	0	0	0	0	
1	[SLPS]	0	66.397	46.447	0	243.375	0	0	0	0	
1	[SLPS]	0	66.262	46.377	0	243.363	0	0	0	0	
1	[SLPS]	0	66.121	46.310	0	243.377	0	0	0	0	
1	[SLPS]	0	66.121	46.310	0	243.377	0	0	0	0	
1	[SLPS]	0	65.837	46.171	0	243.377	0	0	0	0	
1	[SLPS]	0	65.837	46.171	0	243.377	0	0	0	0	
1	[SLPS]	0	65.557	46.030	0	243.362	0	0	0	0	
1	[SLPS]	0	65.557	46.030	0	243.362	0	0	0	0	
1	[SLPS]	0	65.425	45.959	0	243.354	0	0	0	0	
1	[SLPS]	0	65.282	45.891	0	243.372	0	0	0	0	
1	[SLPS]	0	65.282	45.891	0	243.372	0	0	0	0	
1	[SLPS]	0	65.001	45.744	0	243.366	0	0	0	0	
1	[SLPS]	0	65.001	45.744	0	243.366	0	0	0	0	
1	[SLPS]	0	64.860	45.672	0	243.379	0	0	0	0	
1	[SLPS]	0	64.721	45.603	0	243.400	0	0	0	0	
1	[SLPS]	0	64.721	45.603	0	243.400	0	0	0	0	
1	[SLPS]	0	64.574	45.526	0	243.397	0	0	0	0	
1	[SLPS]	0	64.434	45.456	0	243.403	0	0	0	0	
1	[SLPS]	0	64.288	45.380	0	243.403	0	0	0	0	
1	[SLPS]	0	64.145	45.310	0	243.420	0	0	0	0	
1	[SLPS]	0	64.145	45.310	0	243.420	0	0	0	0	
1	[SLPS]	0	63.857	45.173	0	243.462	0	0	0	0	
1	[SLPS]	0	63.857	45.173	0	243.462	0	0	0	0	
1	[SLPS]	0	63.710	45.094	0	243.450	0	0	0	0	
1	[SLPS]	0	63.569	45.027	0	243.465	0	0	0	0	
1	[SLPS]	0	63.569	45.027	0	243.465	0	0	0	0	
1	[SLPS]	0	63.282	44.889	0	243.474	0	0	0	0	
1	[SLPS]	0	63.282	44.889	0	243.474	0	0	0	0	
1	[SLPS]	0	63.143	44.815	0	243.460	0	0	0	0	
1	[SLPS]	0	63.001	44.747	0	243.470	0	0	0	0	
1	[SLPS]	0	63.001	44.747	0	243.470	0	0	0	0	
1	[SLPS]	0	62.713	44.600	0	243.479	0	0	0	0	
1	[SLPS]	0	62.713	44.600	0	243.479	0	0	0	0	
1	[SLPS]	0	62.569	44.530	0	243.485	0	0	0	0	
1	[SLPS]	0	62.422	44.454	0	243.475	0	0	0	0	
1	[SLPS]	0	62.422	44.454	0	243.475	0	0	0	0	
1	[SLPS]	0	62.136	44.305	0	243.453	0	0	0	0	
1	[SLPS]	0	62.136	44.305	0	243.453	0	0	0	0	
1	[SLPS]	0	61.990	44.233	0	243.462	0	0	0	0	
1	[SLPS]	0	61.843	44.157	0	243.461	0	0	0	0	
1	[SLPS]	0	61.843	44.157	0	243.461	0	0	0	0	
1	[SLPS]	0	61.555	44.014	0	243.468	0	0	0	0	
1	[SLPS]	0	61.555	44.014	0	243.468	0	0	0	0	
1	[SLPS]	0	61.405	43.944	0	243.482	0	0	0	0	
1	[SLPS]	0	61.258	43.871	0	243.482	0	0	0	0	
1	[SLPS]	0	61.258	43.871	0	243.482	0	0	0	0	
1	[SLPS]	0	60.960	43.719	0	243.461	0	0	0	0	
1	[SLPS]	0	60.960	43.719	0	243.461	0	0	0	0	
1	[SLPS]	0	60.810	43.644	0	243.456	0	0	0	0	
1	[SLPS]	0	60.666	43.575	0	243.458	0	0	0	0	
1	[SLPS]	0	60.666	43.575	0	243.458	0	0	0	0	
1	[SLPS]	0	60.365	43.429	0	243.474	0	0	0	0	
1	[SLPS]	0	60.365	43.429	0	243.474	0	0	0	0	
1	[SLPS]	0	60.215	43.354	0	243.473	0	0	0	0	
1	[SLPS]	0	60.067	43.279	0	243.465	0	0	0	0	
1	[SLPS]	0	60.067	43.279	0	243.465	0	0	0	0	
1	[SLPS]	0	59.771	43.131	0	243.460	0	0	0	0	
1	[SLPS]	0	59.771	43.131	0	243.460	0	0	0	0	
1	[SLPS]	0	59.475	42.980	0	243.461	0	0	0	0	
1	[SLPS]	0	59.475	42.980	0	243.461	0	0	0	0	
1	[SLPS]	0	59.324	42.900	0	243.448	0	0	0	0	
1	[SLPS]	0	59.172	42.823	0	243.446	0	0	0	0	
1	[SLPS]	0	59.172	42.823	0	243.446	0	0	0	0	
1	[SLPS]	0	59.024	42.749	0	243.451	0	0	0	0	
1	[SLPS]	0	58.876	42.676	0	243.463	0	0	0	0	
1	[SLPS]	0	58.725	42.599	0	243.466	0	0	0	0	
1	[SLPS]	0	58.575	42.527	0	243.471	0	0	0	0	
1	[SLPS]	0	58.575	42.527	0	243.471	0	0	0	0	
1	[SLPS]	0	58.273	42.381	0	243.472	0	0	0	0	
1	[SLPS]	0	58.273	42.381	0	243.472	0	0	0	0	
1	[SLPS]	0	58.119	42.305	0	243.469	0	0	0	0	
1	[SLPS]	0	57.971	42.236	0	243.480	0	0	0	0	
1	[SLPS]	0	57.971	42.236	0	243.480	0	0	0	0	
1	[SLPS]	0	57.673	42.085	0	243.461	0	0	0	0	
1	[SLPS]	0	57.673	42.085	0	243.461	0	0	0	0	
1	[SLPS]	0	57.520	42.003	0	243.448	0	0	0	0	
1	[SLPS]	0	57.369	41.927	0	243.449	0	0	0	0	
1	[SLPS]	0	57.369	41.927	0	243.449	0	0	0	0	
1	[SLPS]	0	57.056	41.766	0	243.453	0	0	0	0	
1	[SLPS]	0	57.056	41.766	0	243.453	0	0	0	0	
1	[SLPS]	0	56.902	41.690	0	243.456	0	0	0	0	
1	[SLPS]	0	56.753	41.612	0	243.449	0	0	0	0	
1	[SLPS]	0	56.594	41.534	0	243.451	0	0	0	0	
1	[SLPS]	0	56.438	41.456	0	243.445	0	0	0	0	
1	[SLPS]	0	56.438	41.456	0	243.445	0	0	0	0	
1	[SLPS]	0	56.133	41.304	0	243.412	0	0	0	0	
1	[SLPS]	0	56.133	41.304	0	243.412	0	0	0	0	
1	[SLPS]	0	55.976	41.227	0	243.390	0	0	0	0	
1	[SLPS]	0	55.822	41.147	0	243.367	0	0	0	0	
1	[SLPS]	0	55.822	41.147	0	243.367	0	0	0	0	
1	[SLPS]	0	55.517	40.993	0	243.331	0	0	0	0	
1	[SLPS]	0	55.517	40.993	0	243.331	0	0	0	0	
1	[SLPS]	0	55.365	40.918	0	243.319	0	0	0	0	
1	[SLPS]	0	55.211	40.841	0	243.309	0	0	0	0	
1	[SLPS]	0	55.211	40.841	0	243.309	0	0	0	0	
1	[SLPS]	0	54.914	40.686	0	243.276	0	0	0	0	
1	[SLPS]	0	54.914	40.686	0	243.276	0	0	0	0	
1	[SLPS]	0	54.759	40.609	0	243.261	0	0	0	0	
1	[SLPS]	0	54.606	40.532	0	243.243	0	0	0	0	
1	[SLPS]	0	54.606	40.532	0	243.243	0	0	0	0	
1	[SLPS]	0	54.299	40.376	0	243.209	0	0	0	0	
1	[SLPS]	0	54.299	40.376	0	243.209	0	0	0	0	
1	[SLPS]	0	54.146	40.292	0	243.178	0	0	0	0	
1	[SLPS]	0	53.990	40.211	0	243.161	0	0	0	0	
1	[SLPS]	0	53.990	40.211	0	243.161	0	0	0	0	
1	[SLPS]	0	53.677	40.052	0	243.137	0	0	0	0	
1	[SLPS]	0	53.677	40.052	0	243.137	0	0	0	0	
1	[SLPS]	0	53.525	39.973	0	243.124	0	0	0	0	
1	[SLPS]	0	53.371	39.896	0	243.110	0	0	0	0	
1	[SLPS]	0	53.371	39.896	0	243.110	0	0	0	0	
1	[SLPS]	0	53.058	39.737	0	243.076	0	0	0	0	
1	[SLPS]	0	53.058	39.737	0	243.076	0	0	0	0	
1	[SLPS]	0	52.898	39.659	0	243.067	0	0	0	0	
1	[SLPS]	0	52.743	39.577	0	243.049	0	0	0	0	
1	[SLPS]	0	52.743	39.577	0	243.049	0	0	0	0	
1	[SLPS]	0	52.428	39.416	0	243.017	0	0	0	0	
1	[SLPS]	0	52.428	39.416	0	243.017	0	0	0	0	
1	[SLPS]	0	52.270	39.335	0	242.993	0	0	0	0	
1	[SLPS]	0	52.117	39.261	0	242.987	0	0	0	0	
1	[SLPS]	0	52.117	39.261	0	242.987	0	0	0	0	
1	[SLPS]	0	51.802	39.107	0	242.965	0	0	0	0	
1	[SLPS]	0	51.802	39.107	0	242.965	0	0	0	0	
1	[SLPS]	0	51.647	39.024	0	242.940	0	0	0	0	
1	[SLPS]	0	51.488	38.945	0	242.929	0	0	0	0	
1	[SLPS]	0	51.488	38.945	0	242.929	0	0	0	0	
1	[SLPS]	0	51.174	38.785	0	242.894	0	0	0	0	
1	[SLPS]	0	51.174	38.785	0	242.894	0	0	0	0	
1	[SLPS]	0	51.025	38.700	0	242.864	0	0	0	0	
1	[SLPS]	0	50.867	38.619	0	242.847	0	0	0	0	
1	[SLPS]	0	50.715	38.536	0	242.817	0	0	0	0	
1	[SLPS]	0	50.559	38.457	0	242.811	0	0	0	0	
1	[SLPS]	0	50.559	38.457	0	242.811	0	0	0	0	
1	[SLPS]	0	50.237	38.295	0	242.793	0	0	0	0	
1	[SLPS]	0	50.237	38.295	0	242.793	0	0	0	0	
1	[SLPS]	0	50.081	38.215	0	242.775	0	0	0	0	
1	[SLPS]	0	49.925	38.133	0	242.750	0	0	0	0	
1	[SLPS]	0	49.925	38.133	0	242.750	0	0	0	0	
1	[SLPS]	0	49.615	37.972	0	242.717	0	0	0	0	
1	[SLPS]	0	49.615	37.972	0	242.717	0	0	0	0	
1	[SLPS]	0	49.461	37.890	0	242.699	0	0	0	0	
1	[SLPS]	0	49.306	37.809	0	242.689	0	0	0	0	
1	[SLPS]	0	49.306	37.809	0	242.689	0	0	0	0	
1	[SLPS]	0	49.002	37.639	0	242.633	0	0	0	0	
1	[SLPS]	0	49.002	37.639	0	242.633	0	0	0	0	
1	[SLPS]	0	48.843	37.562	0	242.626	0	0	0	0	
1	[SLPS]	0	48.688	37.485	0	242.623	0	0	0	0	
1	[SLPS]	0	48.688	37.485	0	242.623	0	0	0	0	
1	[SLPS]	0	48.374	37.322	0	242.593	0	0	0	0	
1	[SLPS]	0	48.374	37.322	0	242.593	0	0	0	0	
1	[SLPS]	0	48.220	37.241	0	242.569	0	0	0	0	
1	[SLPS]	0	48.068	37.161	0	242.541	0	0	0	0	
1	[SLPS]	0	48.068	37.161	0	242.541	0	0	0	0	
1	[SLPS]	0	47.763	37.000	0	242.476	0	0	0	0	
1	[SLPS]	0	47.763	37.000	0	242.476	0	0	0	0	
1	[SLPS]	0	47.606	36.917	0	242.440	0	0	0	0	
1	[SLPS]	0	47.451	36.837	0	242.402	0	0	0	0	
1	[SLPS]	0	47.451	36.837	0	242.402	0	0	0	0	
1	[SLPS]	0	47.141	36.678	0	242.329	0	0	0	0	
1	[SLPS]	0	47.141	36.678	0	242.329	0	0	0	0	
1	[SLPS]	0	46.986	36.598	0	242.287	0	0	0	0	
1	[SLPS]	0	46.834	36.516	0	242.232	0	0	0	0	
1	[SLPS]	0	46.834	36.516	0	242.232	0	0	0	0	
1	[SLPS]	0	46.527	36.353	0	242.126	0	0	0	0	
1	[SLPS]	0	46.527	36.353	0	242.126	0	0	0	0	
1	[SLPS]	0	46.374	36.275	0	242.076	0	0	0	0	
1	[SLPS]	0	46.224	36.188	0	242.023	0	0	0	0	
1	[SLPS]	0	46.224	36.188	0	242.023	0	0	0	0	
1	[SLPS]	0	45.927	36.032	0	241.918	0	0	0	0	
1	[SLPS]	0	45.927	36.032	0	241.918	0	0	0	0	
1	[SLPS]	0	45.773	35.951	0	241.868	0	0	0	0	
1	[SLPS]	0	45.621	35.869	0	241.816	0	0	0	0	
1	[SLPS]	0	45.468	35.787	0	241.765	0	0	0	0	
1	[SLPS]	0	45.321	35.709	0	241.716	0	0	0	0	
1	[SLPS]	0	45.321	35.709	0	241.716	0	0	0	0	
1	[SLPS]	0	45.020	35.548	0	241.624	0	0	0	0	
1	[SLPS]	0	45.020	35.548	0	241.624	0	0	0	0	
1	[SLPS]	0	44.872	35.470	0	241.583	0	0	0	0	
1	[SLPS]	0	44.718	35.385	0	241.531	0	0	0	0	
1	[SLPS]	0	44.718	35.385	0	241.531	0	0	0	0	
1	[SLPS]	0	44.421	35.221	0	241.432	0	0	0	0	
1	[SLPS]	0	44.421	35.221	0	241.432	0	0	0	0	
1	[SLPS]	0	44.268	35.140	0	241.389	0	0	0	0	
1	[SLPS]	0	44.124	35.058	0	241.345	0	0	0	0	
1	[SLPS]	0	44.124	35.058	0	241.345	0	0	0	0	
1	[SLPS]	0	43.829	34.895	0	241.259	0	0	0	0	
1	[SLPS]	0	43.829	34.895	0	241.259	0	0	0	0	
1	[SLPS]	0	43.685	34.811	0	241.200	0	0	0	0	
1	[SLPS]	0	43.535	34.723	0	241.150	0	0	0	0	
1	[SLPS]	0	43.535	34.723	0	241.150	0	0	0	0	
1	[SLPS]	0	43.244	34.565	0	241.050	0	0	0	0	
1	[SLPS]	0	43.244	34.565	0	241.050	0	0	0	0	
1	[SLPS]	0	43.096	34.482	0	241.002	0	0	0	0	
1	[SLPS]	0	42.950	34.407	0	240.967	0	0	0	0	
1	[SLPS]	0	42.804	34.323	0	240.912	0	0	0	0	
1	[SLPS]	0	42.663	34.245	0	240.860	0	0	0	0	
1	[SLPS]	0	42.663	34.245	0	240.860	0	0	0	0	
1	[SLPS]	0	42.518	34.166	0	240.815	0	0	0	0	
1	[SLPS]	0	42.372	34.085	0	240.772	0	0	0	0	
1	[SLPS]	0	42.227	34.007	0	240.730	0	0	0	0	
1	[SLPS]	0	42.083	33.927	0	240.681	0	0	0	0	
1	[SLPS]	0	42.083	33.927	0	240.681	0	0	0	0	
1	[SLPS]	0	41.944	33.844	0	240.632	0	0	0	0	
1	[SLPS]	0	41.802	33.760	0	240.588	0	0	0	0	
1	[SLPS]	0	41.651	33.681	0	240.566	0	0	0	0	
1	[SLPS]	0	41.508	33.601	0	240.529	0	0	0	0	
1	[SLPS]	0	41.508	33.601	0	240.529	0	0	0	0	
1	[SLPS]	0	41.237	33.437	0	240.431	0	0	0	0	
1	[SLPS]	0	41.237	33.437	0	240.431	0	0	0	0	
1	[SLPS]	0	41.097	33.356	0	240.391	0	0	0	0	
1	[SLPS]	0	40.960	33.270	0	240.352	0	0	0	0	
1	[SLPS]	0	40.960	33.270	0	240.352	0	0	0	0	
1	[SLPS]	0	40.666	33.107	0	240.309	0	0	0	0	
1	[SLPS]	0	40.666	33.107	0	240.309	0	0	0	0	
1	[SLPS]	0	40.532	33.027	0	240.265	0	0	0	0	
1	[SLPS]	0	40.383	32.939	0	240.223	0	0	0	0	
1	[SLPS]	0	40.383	32.939	0	240.223	0	0	0	0	
1	[SLPS]	0	40.101	32.769	0	240.137	0	0	0	0	
1	[SLPS]	0	40.101	32.769	0	240.137	0	0	0	0	
1	[SLPS]	0	39.961	32.691	0	240.114	0	0	0	0	
1	[SLPS]	0	39.816	32.607	0	240.082	0	0	0	0	
1	[SLPS]	0	39.816	32.607	0	240.082	0	0	0	0	
1	[SLPS]	0	39.543	32.445	0	240.001	0	0	0	0	
1	[SLPS]	0	39.543	32.445	0	240.001	0	0	0	0	
1	[SLPS]	0	39.402	32.366	0	239.968	0	0	0	0	
1	[SLPS]	0	39.266	32.293	0	239.947	0	0	0	0	
1	[SLPS]	0	39.127	32.218	0	239.922	0	0	0	0	
1	[SLPS]	0	38.987	32.136	0	239.884	0	0	0	0	
1	[SLPS]	0	38.987	32.136	0	239.884	0	0	0	0	
1	[SLPS]	0	38.718	31.979	0	239.813	0	0	0	0	
1	[SLPS]	0	38.718	31.979	0	239.813	0	0	0	0	
1	[SLPS]	0	38.580	31.902	0	239.785	0	0	0	0	
1	[SLPS]	0	38.444	31.819	0	239.748	0	0	0	0	
1	[SLPS]	0	38.444	31.819	0	239.748	0	0	0	0	
1	[SLPS]	0	38.307	31.736	0	239.710	0	0	0	0	
1	[SLPS]	0	38.173	31.659	0	239.679	0	0	0	0	
1	[SLPS]	0	38.173	31.659	0	239.679	0	0	0	0	
1	[SLPS]	0	37.895	31.492	0	239.607	0	0	0	0	
1	[SLPS]	0	37.895	31.492	0	239.607	0	0	0	0	
1	[SLPS]	0	37.762	31.413	0	239.570	0	0	0	0	
1	[SLPS]	0	37.626	31.332	0	239.534	0	0	0	0	
1	[SLPS]	0	37.626	31.332	0	239.534	0	0	0	0	
1	[SLPS]	0	37.346	31.167	0	239.462	0	0	0	0	
1	[SLPS]	0	37.346	31.167	0	239.462	0	0	0	0	
1	[SLPS]	0	37.203	31.076	0	239.419	0	0	0	0	
1	[SLPS]	0	37.059	30.988	0	239.387	0	0	0	0	
1	[SLPS]	0	36.916	30.904	0	239.361	0	0	0	0	
1	[SLPS]	0	36.773	30.820	0	239.333	0	0	0	0	
1	[SLPS]	0	36.773	30.820	0	239.333	0	0	0	0	
1	[SLPS]	0	36.488	30.647	0	239.265	0	0	0	0	
1	[SLPS]	0	36.488	30.647	0	239.265	0	0	0	0	
1	[SLPS]	0	36.344	30.559	0	239.233	0	0	0	0	
1	[SLPS]	0	36.199	30.472	0	239.202	0	0	0	0	
1	[SLPS]	0	36.199	30.472	0	239.202	0	0	0	0	
1	[SLPS]	0	35.912	30.296	0	239.135	0	0	0	0	
1	[SLPS]	0	35.912	30.296	0	239.135	0	0	0	0	
1	[SLPS]	0	35.767	30.209	0	239.093	0	0	0	0	
1	[SLPS]	0	35.621	30.126	0	239.060	0	0	0	0	
1	[SLPS]	0	35.621	30.126	0	239.060	0	0	0	0	
1	[SLPS]	0	35.330	29.949	0	238.991	0	0	0	0	
1	[SLPS]	0	35.330	29.949	0	238.991	0	0	0	0	
1	[SLPS]	0	35.185	29.862	0	238.965	0	0	0	0	
1	[SLPS]	0	35.037	29.774	0	238.936	0	0	0	0	
1	[SLPS]	0	35.037	29.774	0	238.936	0	0	0	0	
1	[SLPS]	0	34.750	29.602	0	238.866	0	0	0	0	
1	[SLPS]	0	34.750	29.602	0	238.866	0	0	0	0	
1	[SLPS]	0	34.610	29.517	0	238.828	0	0	0	0	
1	[SLPS]	0	34.463	29.427	0	238.794	0	0	0	0	
1	[SLPS]	0	34.463	29.427	0	238.794	0	0	0	0	
1	[SLPS]	0	34.187	29.256	0	238.731	0	0	0	0	
1	[SLPS]	0	34.187	29.256	0	238.731	0	0	0	0	
1	[SLPS]	0	34.045	29.172	0	238.711	0	0	0	0	
1	[SLPS]	0	33.904	29.089	0	238.693	0	0	0	0	
1	[SLPS]	0	33.761	29.007	0	238.679	0	0	0	0	
1	[SLPS]	0	33.630	28.918	0	238.635	0	0	0	0	
1	[SLPS]	0	33.630	28.918	0	238.635	0	0	0	0	
1	[SLPS]	0	33.490	28.832	0	238.601	0	0	0	0	
1	[SLPS]	0	33.350	28.745	0	238.570	0	0	0	0	
1	[SLPS]	0	33.209	28.661	0	238.549	0	0	0	0	
1	[SLPS]	0	33.077	28.573	0	238.519	0	0	0	0	
1	[SLPS]	0	33.077	28.573	0	238.519	0	0	0	0	
1	[SLPS]	0	32.938	28.489	0	238.495	0	0	0	0	
1	[SLPS]	0	32.795	28.404	0	238.476	0	0	0	0	
1	[SLPS]	0	32.659	28.319	0	238.448	0	0	0	0	
1	[SLPS]	0	32.524	28.235	0	238.420	0	0	0	0	
1	[SLPS]	0	32.524	28.235	0	238.420	0	0	0	0	
1	[SLPS]	0	32.254	28.068	0	238.379	0	0	0	0	
1	[SLPS]	0	32.254	28.068	0	238.379	0	0	0	0	
1	[SLPS]	0	32.115	27.984	0	238.369	0	0	0	0	
1	[SLPS]	0	31.979	27.899	0	238.360	0	0	0	0	
1	[SLPS]	0	31.979	27.899	0	238.360	0	0	0	0	
1	[SLPS]	0	31.706	27.729	0	238.342	0	0	0	0	
1	[SLPS]	0	31.706	27.729	0	238.342	0	0	0	0	
1	[SLPS]	0	31.565	27.646	0	238.342	0	0	0	0	
1	[SLPS]	0	31.428	27.558	0	238.335	0	0	0	0	
1	[SLPS]	0	31.428	27.558	0	238.335	0	0	0	0	
1	[SLPS]	0	31.157	27.389	0	238.319	0	0	0	0	
1	[SLPS]	0	31.157	27.389	0	238.319	0	0	0	0	
1	[SLPS]	0	31.016	27.303	0	238.310	0	0	0	0	
1	[SLPS]	0	30.882	27.220	0	238.302	0	0	0	0	
1	[SLPS]	0	30.882	27.220	0	238.302	0	0	0	0	
1	[SLPS]	0	30.603	27.047	0	238.275	0	0	0	0	
1	[SLPS]	0	30.603	27.047	0	238.275	0	0	0	0	
1	[SLPS]	0	30.460	26.961	0	238.271	0	0	0	0	
1	[SLPS]	0	30.326	26.873	0	238.260	0	0	0	0	
1	[SLPS]	0	30.326	26.873	0	238.260	0	0	0	0	
1	[SLPS]	0	30.040	26.697	0	238.251	0	0	0	0	
1	[SLPS]	0	30.040	26.697	0	238.251	0	0	0	0	
1	[SLPS]	0	29.897	26.609	0	238.240	0	0	0	0	
1	[SLPS]	0	29.753	26.519	0	238.226	0	0	0	0	
1	[SLPS]	0	29.753	26.519	0	238.226	0	0	0	0	
1	[SLPS]	0	29.462	26.338	0	238.208	0	0	0	0	
1	[SLPS]	0	29.462	26.338	0	238.208	0	0	0	0	
1	[SLPS]	0	29.317	26.248	0	238.202	0	0	0	0	
1	[SLPS]	0	29.173	26.158	0	238.201	0	0	0	0	
1	[SLPS]	0	29.022	26.065	0	238.193	0	0	0	0	
1	[SLPS]	0	28.872	25.974	0	238.179	0	0	0	0	
1	[SLPS]	0	28.872	25.974	0	238.179	0	0	0	0	
1	[SLPS]	0	28.576	25.791	0	238.134	0	0	0	0	
1	[SLPS]	0	28.576	25.791	0	238.134	0	0	0	0	
1	[SLPS]	0	28.430	25.696	0	238.102	0	0	0	0	
1	[SLPS]	0	28.281	25.606	0	238.086	0	0	0	0	
1	[SLPS]	0	28.281	25.606	0	238.086	0	0	0	0	
1	[SLPS]	0	27.979	25.417	0	238.064	0	0	0	0	
1	[SLPS]	0	27.979	25.417	0	238.064	0	0	0	0	
1	[SLPS]	0	27.830	25.320	0	238.047	0	0	0	0	
1	[SLPS]	0	27.677	25.229	0	238.043	0	0	0	0	
1	[SLPS]	0	27.677	25.229	0	238.043	0	0	0	0	
1	[SLPS]	0	27.379	25.043	0	238.016	0	0	0	0	
1	[SLPS]	0	27.379	25.043	0	238.016	0	0	0	0	
1	[SLPS]	0	27.227	24.945	0	238.001	0	0	0	0	
1	[SLPS]	0	27.071	24.850	0	237.993	0	0	0	0	
1	[SLPS]	0	27.071	24.850	0	237.993	0	0	0	0	
1	[SLPS]	0	26.764	24.656	0	237.967	0	0	0	0	
1	[SLPS]	0	26.764	24.656	0	237.967	0	0	0	0	
1	[SLPS]	0	26.611	24.557	0	237.944	0	0	0	0	
1	[SLPS]	0	26.455	24.462	0	237.928	0	0	0	0	
1	[SLPS]	0	26.455	24.462	0	237.928	0	0	0	0	
1	[SLPS]	0	26.151	24.265	0	237.886	0	0	0	0	
1	[SLPS]	0	26.151	24.265	0	237.886	0	0	0	0	
1	[SLPS]	0	25.989	24.166	0	237.888	0	0	0	0	
1	[SLPS]	0	25.835	24.063	0	237.873	0	0	0	0	
1	[SLPS]	0	25.835	24.063	0	237.873	0	0	0	0	
1	[SLPS]	0	25.521	23.865	0	237.852	0	0	0	0	
1	[SLPS]	0	25.521	23.865	0	237.852	0	0	0	0	
1	[SLPS]	0	25.359	23.766	0	237.842	0	0	0	0	
1	[SLPS]	0	25.201	23.667	0	237.828	0	0	0	0	
1	[SLPS]	0	25.045	23.565	0	237.808	0	0	0	0	
1	[SLPS]	0	24.887	23.465	0	237.788	0	0	0	0	
1	[SLPS]	0	24.887	23.465	0	237.788	0	0	0	0	
1	[SLPS]	0	24.573	23.272	0	237.766	0	0	0	0	
1	[SLPS]	0	24.573	23.272	0	237.766	0	0	0	0	
1	[SLPS]	0	24.415	23.173	0	237.756	0	0	0	0	
1	[SLPS]	0	24.260	23.070	0	237.733	0	0	0	0	
1	[SLPS]	0	24.260	23.070	0	237.733	0	0	0	0	
1	[SLPS]	0	23.948	22.874	0	237.703	0	0	0	0	
1	[SLPS]	0	23.948	22.874	0	237.703	0	0	0	0	
1	[SLPS]	0	23.792	22.775	0	237.693	0	0	0	0	
1	[SLPS]	0	23.637	22.677	0	237.675	0	0	0	0	
1	[SLPS]	0	23.637	22.677	0	237.675	0	0	0	0	
1	[SLPS]	0	23.330	22.479	0	237.624	0	0	0	0	
1	[SLPS]	0	23.330	22.479	0	237.624	0	0	0	0	
1	[SLPS]	0	23.175	22.381	0	237.609	0	0	0	0	
1	[SLPS]	0	23.022	22.282	0	237.594	0	0	0	0	
1	[SLPS]	0	23.022	22.282	0	237.594	0	0	0	0	
1	[SLPS]	0	22.720	22.086	0	237.572	0	0	0	0	
1	[SLPS]	0	22.720	22.086	0	237.572	0	0	0	0	
1	[SLPS]	0	22.566	21.984	0	237.551	0	0	0	0	
1	[SLPS]	0	22.411	21.889	0	237.556	0	0	0	0	
1	[SLPS]	0	22.411	21.889	0	237.556	0	0	0	0	
1	[SLPS]	0	22.108	21.694	0	237.520	0	0	0	0	
1	[SLPS]	0	22.108	21.694	0	237.520	0	0	0	0	
1	[SLPS]	0	21.957	21.597	0	237.503	0	0	0	0	
1	[SLPS]	0	21.797	21.497	0	237.495	0	0	0	0	
1	[SLPS]	0	21.797	21.497	0	237.495	0	0	0	0	
1	[SLPS]	0	21.494	21.304	0	237.473	0	0	0	0	
1	[SLPS]	0	21.494	21.304	0	237.473	0	0	0	0	
1	[SLPS]	0	21.338	21.205	0	237.455	0	0	0	0	
1	[SLPS]	0	21.190	21.112	0	237.430	0	0	0	0	
1	[SLPS]	0	21.190	21.112	0	237.430	0	0	0	0	
1	[SLPS]	0	20.890	20.918	0	237.395	0	0	0	0	
1	[SLPS]	0	20.890	20.918	0	237.395	0	0	0	0	
1	[SLPS]	0	20.742	20.825	0	237.386	0	0	0	0	
1	[SLPS]	0	20.598	20.729	0	237.371	0	0	0	0	
1	[SLPS]	0	20.598	20.729	0	237.371	0	0	0	0	
1	[SLPS]	0	20.298	20.540	0	237.355	0	0	0	0	
1	[SLPS]	0	20.298	20.540	0	237.355	0	0	0	0	
1	[SLPS]	0	20.148	20.443	0	237.356	0	0	0	0	
1	[SLPS]	0	20.007	20.350	0	237.360	0	0	0	0	
1	[SLPS]	0	20.007	20.350	0	237.360	0	0	0	0	
1	[SLPS]	0	19.713	20.161	0	237.389	0	0	0	0	
1	[SLPS]	0	19.713	20.161	0	237.389	0	0	0	0	
1	[SLPS]	0	19.567	20.064	0	237.398	0	0	0	0	
1	[SLPS]	0	19.428	19.971	0	237.412	0	0	0	0	
1	[SLPS]	0	19.428	19.971	0	237.412	0	0	0	0	
1	[SLPS]	0	19.126	19.790	0	237.449	0	0	0	0	
1	[SLPS]	0	19.126	19.790	0	237.449	0	0	0	0	
1	[SLPS]	0	18.976	19.699	0	237.463	0	0	0	0	
1	[SLPS]	0	18.832	19.604	0	237.472	0	0	0	0	
1	[SLPS]	0	18.688	19.511	0	237.477	0	0	0	0	
1	[SLPS]	0	18.545	19.417	0	237.489	0	0	0	0	
1	[SLPS]	0	18.545	19.417	0	237.489	0	0	0	0	
1	[SLPS]	0	18.257	19.232	0	237.528	0	0	0	0	
1	[SLPS]	0	18.257	19.232	0	237.528	0	0	0	0	
1	[SLPS]	0	18.114	19.138	0	237.558	0	0	0	0	
1	[SLPS]	0	17.966	19.041	0	237.596	0	0	0	0	
1	[SLPS]	0	17.966	19.041	0	237.596	0	0	0	0	
1	[SLPS]	0	17.678	18.860	0	237.683	0	0	0	0	
1	[SLPS]	0	17.678	18.860	0	237.683	0	0	0	0	
1	[SLPS]	0	17.531	18.771	0	237.725	0	0	0	0	
1	[SLPS]	0	17.384	18.679	0	237.757	0	0	0	0	
1	[SLPS]	0	17.384	18.679	0	237.757	0	0	0	0	
1	[SLPS]	0	17.103	18.501	0	237.840	0	0	0	0	
1	[SLPS]	0	17.103	18.501	0	237.840	0	0	0	0	
1	[SLPS]	0	16.959	18.410	0	237.894	0	0	0	0	
1	[SLPS]	0	16.817	18.320	0	237.947	0	0	0	0	
1	[SLPS]	0	16.817	18.320	0	237.947	0	0	0	0	
1	[SLPS]	0	16.533	18.141	0	238.043	0	0	0	0	
1	[SLPS]	0	16.533	18.141	0	238.043	0	0	0	0	
1	[SLPS]	0	16.247	17.964	0	238.135	0	0	0	0	
1	[SLPS]	0	16.247	17.964	0	238.135	0	0	0	0	
1	[SLPS]	0	16.102	17.876	0	238.182	0	0	0	0	
1	[SLPS]	0	15.959	17.789	0	238.221	0	0	0	0	
1	[SLPS]	0	15.959	17.789	0	238.221	0	0	0	0	
1	[SLPS]	0	15.814	17.699	0	238.263	0	0	0	0	
1	[SLPS]	0	15.672	17.611	0	238.309	0	0	0	0	
1	[SLPS]	0	15.531	17.526	0	238.363	0	0	0	0	
1	[SLPS]	0	15.390	17.436	0	238.420	0	0	0	0	
1	[SLPS]	0	15.390	17.436	0	238.420	0	0	0	0	
1	[SLPS]	0	15.103	17.264	0	238.552	0	0	0	0	
1	[SLPS]	0	15.103	17.264	0	238.552	0	0	0	0	
1	[SLPS]	0	14.960	17.179	0	238.622	0	0	0	0	
1	[SLPS]	0	14.818	17.091	0	238.691	0	0	0	0	
1	[SLPS]	0	14.818	17.091	0	238.691	0	0	0	0	
1	[SLPS]	0	14.527	16.914	0	238.822	0	0	0	0	
1	[SLPS]	0	14.527	16.914	0	238.822	0	0	0	0	
1	[SLPS]	0	14.381	16.828	0	238.888	0	0	0	0	
1	[SLPS]	0	14.233	16.739	0	238.956	0	0	0	0	
1	[SLPS]	0	14.233	16.739	0	238.956	0	0	0	0	
1	[SLPS]	0	13.944	16.564	0	239.080	0	0	0	0	
1	[SLPS]	0	13.944	16.564	0	239.080	0	0	0	0	
1	[SLPS]	0	13.797	16.480	0	239.138	0	0	0	0	
1	[SLPS]	0	13.655	16.391	0	239.193	0	0	0	0	
1	[SLPS]	0	13.655	16.391	0	239.193	0	0	0	0	
1	[SLPS]	0	13.355	16.218	0	239.285	0	0	0	0	
1	[SLPS]	0	13.355	16.218	0	239.285	0	0	0	0	
1	[SLPS]	0	13.200	16.130	0	239.314	0	0	0	0	
1	[SLPS]	0	13.051	16.042	0	239.337	0	0	0	0	
1	[SLPS]	0	13.051	16.042	0	239.337	0	0	0	0	
1	[SLPS]	0	12.761	15.866	0	239.372	0	0	0	0	
1	[SLPS]	0	12.761	15.866	0	239.372	0	0	0	0	
1	[SLPS]	0	12.613	15.775	0	239.395	0	0	0	0	
1	[SLPS]	0	12.463	15.685	0	239.425	0	0	0	0	
1	[SLPS]	0	12.463	15.685	0	239.425	0	0	0	0	
1	[SLPS]	0	12.162	15.501	0	239.448	0	0	0	0	
1	[SLPS]	0	12.162	15.501	0	239.448	0	0	0	0	
1	[SLPS]	0	12.018	15.411	0	239.457	0	0	0	0	
1	[SLPS]	0	11.864	15.323	0	239.487	0	0	0	0	
1	[SLPS]	0	11.711	15.232	0	239.508	0	0	0	0	
1	[SLPS]	0	11.562	15.143	0	239.525	0	0	0	0	
1	[SLPS]	0	11.562	15.143	0	239.525	0	0	0	0	
1	[SLPS]	0	11.258	14.970	0	239.563	0	0	0	0	
1	[SLPS]	0	11.258	14.970	0	239.563	0	0	0	0	
1	[SLPS]	0	11.113	14.884	0	239.573	0	0	0	0	
1	[SLPS]	0	10.966	14.798	0	239.582	0	0	0	0	
1	[SLPS]	0	10.966	14.798	0	239.582	0	0	0	0	
1	[SLPS]	0	10.665	14.632	0	239.628	0	0	0	0	
1	[SLPS]	0	10.665	14.632	0	239.628	0	0	0	0	
1	[SLPS]	0	10.519	14.546	0	239.638	0	0	0	0	
1	[SLPS]	0	10.375	14.461	0	239.645	0	0	0	0	
1	[SLPS]	0	10.375	14.461	0	239.645	0	0	0	0	
1	[SLPS]	0	10.080	14.293	0	239.671	0	0	0	0	
1	[SLPS]	0	10.080	14.293	0	239.671	0	0	0	0	
1	[SLPS]	0	9.936	14.215	0	239.695	0	0	0	0	
1	[SLPS]	0	9.799	14.134	0	239.712	0	0	0	0	
1	[SLPS]	0	9.799	14.134	0	239.712	0	0	0	0	
1	[SLPS]	0	9.521	13.976	0	239.750	0	0	0	0	
1	[SLPS]	0	9.521	13.976	0	239.750	0	0	0	0	
1	[SLPS]	0	9.385	13.893	0	239.751	0	0	0	0	
1	[SLPS]	0	9.249	13.812	0	239.757	0	0	0	0	
1	[SLPS]	0	9.113	13.733	0	239.769	0	0	0	0	
1	[SLPS]	0	8.976	13.654	0	239.789	0	0	0	0	
1	[SLPS]	0	8.976	13.654	0	239.789	0	0	0	0	
1	[SLPS]	0	8.843	13.571	0	239.801	0	0	0	0	
1	[SLPS]	0	8.711	13.494	0	239.814	0	0	0	0	
1	[SLPS]	0	8.573	13.419	0	239.833	0	0	0	0	
1	[SLPS]	0	8.448	13.338	0	239.837	0	0	0	0	
1	[SLPS]	0	8.448	13.338	0	239.837	0	0	0	0	
1	[SLPS]	0	8.184	13.179	0	239.860	0	0	0	0	
1	[SLPS]	0	8.184	13.179	0	239.860	0	0	0	0	
1	[SLPS]	0	8.052	13.100	0	239.866	0	0	0	0	
1	[SLPS]	0	7.924	13.024	0	239.877	0	0	0	0	
1	[SLPS]	0	7.924	13.024	0	239.877	0	0	0	0	
1	[SLPS]	0	7.661	12.876	0	239.921	0	0	0	0	
1	[SLPS]	0	7.661	12.876	0	239.921	0	0	0	0	
1	[SLPS]	0	7.529	12.798	0	239.936	0	0	0	0	
1	[SLPS]	0	7.400	12.723	0	239.957	0	0	0	0	
1	[SLPS]	0	7.400	12.723	0	239.957	0	0	0	0	
1	[SLPS]	0	7.266	12.648	0	239.977	0	0	0	0	
1	[SLPS]	0	7.136	12.570	0	239.990	0	0	0	0	
1	[SLPS]	0	7.003	12.496	0	240.015	0	0	0	0	
1	[SLPS]	0	6.876	12.422	0	240.043	0	0	0	0	
1	[SLPS]	0	6.876	12.422	0	240.043	0	0	0	0	
1	[SLPS]	0	6.612	12.269	0	240.118	0	0	0	0	
1	[SLPS]	0	6.612	12.269	0	240.118	0	0	0	0	
1	[SLPS]	0	6.483	12.197	0	240.163	0	0	0	0	
1	[SLPS]	0	6.357	12.126	0	240.213	0	0	0	0	
1	[SLPS]	0	6.357	12.126	0	240.213	0	0	0	0	
1	[SLPS]	0	6.099	11.979	0	240.309	0	0	0	0	
1	[SLPS]	0	6.099	11.979	0	240.309	0	0	0	0	
1	[SLPS]	0	5.971	11.906	0	240.349	0	0	0	0	
1	[SLPS]	0	5.845	11.835	0	240.380	0	0	0	0	
1	[SLPS]	0	5.845	11.835	0	240.380	0	0	0	0	
1	[SLPS]	0	5.719	11.766	0	240.425	0	0	0	0	
1	[SLPS]	0	5.591	11.693	0	240.482	0	0	0	0	
1	[SLPS]	0	5.462	11.624	0	240.549	0	0	0	0	
1	[SLPS]	0	5.336	11.551	0	240.623	0	0	0	0	
1	[SLPS]	0	5.336	11.551	0	240.623	0	0	0	0	
1	[SLPS]	0	5.209	11.480	0	240.698	0	0	0	0	
1	[SLPS]	0	5.082	11.408	0	240.777	0	0	0	0	
1	[SLPS]	0	4.956	11.337	0	240.870	0	0	0	0	
1	[SLPS]	0	4.829	11.267	0	240.976	0	0	0	0	
1	[SLPS]	0	4.829	11.267	0	240.976	0	0	0	0	
1	[SLPS]	0	4.701	11.197	0	241.089	0	0	0	0	
1	[SLPS]	0	4.573	11.127	0	241.209	0	0	0	0	
1	[SLPS]	0	4.443	11.059	0	241.320	0	0	0	0	
1	[SLPS]	0	4.317	10.987	0	241.422	0	0	0	0	
1	[SLPS]	0	4.317	10.987	0	241.422	0	0	0	0	
1	[SLPS]	0	4.187	10.920	0	241.521	0	0	0	0	
1	[SLPS]	0	4.055	10.853	0	241.627	0	0	0	0	
1	[SLPS]	0	3.928	10.779	0	241.743	0	0	0	0	
1	[SLPS]	0	3.801	10.713	0	241.857	0	0	0	0	
1	[SLPS]	0	3.801	10.713	0	241.857	0	0	0	0	
1	[SLPS]	0	3.546	10.577	0	242.077	0	0	0	0	
1	[SLPS]	0	3.546	10.577	0	242.077	0	0	0	0	
1	[SLPS]	0	3.414	10.508	0	242.185	0	0	0	0	
1	[SLPS]	0	3.286	10.442	0	242.285	0	0	0	0	
1	[SLPS]	0	3.286	10.442	0	242.285	0	0	0	0	
1	[SLPS]	0	3.029	10.312	0	242.479	0	0	0	0	
1	[SLPS]	0	3.029	10.312	0	242.479	0	0	0	0	
1	[SLPS]	0	2.902	10.245	0	242.577	0	0	0	0	
1	[SLPS]	0	2.775	10.180	0	242.672	0	0	0	0	
1	[SLPS]	0	2.775	10.180	0	242.672	0	0	0	0	
1	[SLPS]	0	2.516	10.058	0	242.837	0	0	0	0	
1	[SLPS]	0	2.516	10.058	0	242.837	0	0	0	0	
1	[SLPS]	0	2.391	9.988	0	242.917	0	0	0	0	
1	[SLPS]	0	2.263	9.923	0	242.995	0	0	0	0	
1	[SLPS]	0	2.134	9.860	0	243.073	0	0	0	0	
1	[SLPS]	0	2.004	9.792	0	243.154	0	0	0	0	
1	[SLPS]	0	2.004	9.792	0	243.154	0	0	0	0	
1	[SLPS]	0	1.749	9.662	0	243.315	0	0	0	0	
1	[SLPS]	0	1.749	9.662	0	243.315	0	0	0	0	
1	[SLPS]	0	1.621	9.597	0	243.385	0	0	0	0	
1	[SLPS]	0	1.491	9.535	0	243.446	0	0	0	0	
1	[SLPS]	0	1.491	9.535	0	243.446	0	0	0	0	
1	[SLPS]	0	1.361	9.473	0	243.502	0	0	0	0	
1	[SLPS]	0	1.231	9.410	0	243.559	0	0	0	0	
1	[SLPS]	0	1.102	9.345	0	243.613	0	0	0	0	
1	[SLPS]	0	0.972	9.282	0	243.673	0	0	0	0	
1	[SLPS]	0	0.972	9.282	0	243.673	0	0	0	0	
1	[SLPS]	0	0.841	9.217	0	243.736	0	0	0	0	
1	[SLPS]	0	0.712	9.151	0	243.798	0	0	0	0	
1	[SLPS]	0	0.582	9.083	0	243.857	0	0	0	0	
1	[SLPS]	0	0.449	9.023	0	243.915	0	0	0	0	
1	[SLPS]	0	0.449	9.023	0	243.915	0	0	0	0	
1	[SLPS]	0	0.321	8.959	0	243.970	0	0	0	0	
1	[SLPS]	0	0.192	8.896	0	244.021	0	0	0	0	
1	[SLPS]	0	0.060	8.832	0	244.067	0	0	0	0	
1	[SLPS]	0	-0.075	8.770	0	244.110	0	0	0	0	
1	[SLPS]	0	-0.075	8.770	0	244.110	0	0	0	0	
1	[SLPS]	0	-0.338	8.645	0	244.164	0	0	0	0	
1	[SLPS]	0	-0.338	8.645	0	244.164	0	0	0	0	
1	[SLPS]	0	-0.471	8.579	0	244.176	0	0	0	0	
1	[SLPS]	0	-0.600	8.518	0	244.187	0	0	0	0	
1	[SLPS]	0	-0.600	8.518	0	244.187	0	0	0	0	
1	[SLPS]	0	-0.861	8.393	0	244.209	0	0	0	0	
1	[SLPS]	0	-0.861	8.393	0	244.209	0	0	0	0	
1	[SLPS]	0	-0.990	8.333	0	244.214	0	0	0	0	
1	[SLPS]	0	-1.115	8.269	0	244.196	0	0	0	0	
1	[SLPS]	0	-1.115	8.269	0	244.196	0	0	0	0	
1	[SLPS]	0	-1.358	8.153	0	244.160	0	0	0	0	
1	[SLPS]	0	-1.358	8.153	0	244.160	0	0	0	0	
1	[SLPS]	0	-1.475	8.098	0	244.144	0	0	0	0	
1	[SLPS]	0	-1.583	8.041	0	244.120	0	0	0	0	
1	[SLPS]	0	-1.583	8.041	0	244.120	0	0	0	0	
1	[SLPS]	0	-1.787	7.938	0	244.051	0	0	0	0	
1	[SLPS]	0	-1.787	7.938	0	244.051	0	0	0	0	
1	[SLPS]	0	-1.885	7.888	0	244.008	0	0	0	0	
1	[SLPS]	0	-1.982	7.845	0	243.973	0	0	0	0	
1	[SLPS]	0	-1.982	7.845	0	243.973	0	0	0	0	
1	[SLPS]	0	-2.166	7.756	0	243.891	0	0	0	0	
1	[SLPS]	0	-2.166	7.756	0	243.891	0	0	0	0	
1	[SLPS]	0	-2.257	7.708	0	243.838	0	0	0	0	
1	[SLPS]	0	-2.348	7.667	0	243.782	0	0	0	0	
1	[SLPS]	0	-2.348	7.667	0	243.782	0	0	0	0	
1	[SLPS]	0	-2.531	7.581	0	243.635	0	0	0	0	
1	[SLPS]	0	-2.531	7.581	0	243.635	0	0	0	0	
1	[SLPS]	0	-2.624	7.530	0	243.543	0	0	0	0	
1	[SLPS]	0	-2.715	7.486	0	243.442	0	0	0	0	
1	[SLPS]	0	-2.715	7.486	0	243.442	0	0	0	0	
1	[SLPS]	0	-2.893	7.392	0	243.195	0	0	0	0	
1	[SLPS]	0	-2.893	7.392	0	243.195	0	0	0	0	
1	[SLPS]	0	-2.983	7.350	0	243.044	0	0	0	0	
1	[SLPS]	0	-3.070	7.303	0	242.880	0	0	0	0	
1	[SLPS]	0	-3.070	7.303	0	242.880	0	0	0	0	
1	[SLPS]	0	-3.233	7.209	0	242.529	0	0	0	0	
1	[SLPS]	0	-3.233	7.209	0	242.529	0	0	0	0	
1	[SLPS]	0	-3.314	7.167	0	242.339	0	0	0	0	
1	[SLPS]	0	-3.391	7.126	0	242.131	0	0	0	0	
1	[SLPS]	0	-3.391	7.126	0	242.131	0	0	0	0	
1	[SLPS]	0	-3.542	7.050	0	241.649	0	0	0	0	
1	[SLPS]	0	-3.542	7.050	0	241.649	0	0	0	0	
1	[SLPS]	0	-3.610	7.008	0	241.381	0	0	0	0	
1	[SLPS]	0	-3.678	6.964	0	241.096	0	0	0	0	
1	[SLPS]	0	-3.678	6.964	0	241.096	0	0	0	0	
1	[SLPS]	0	-3.815	6.887	0	240.487	0	0	0	0	
1	[SLPS]	0	-3.815	6.887	0	240.487	0	0	0	0	
1	[SLPS]	0	-3.882	6.845	0	240.166	0	0	0	0	
1	[SLPS]	0	-3.949	6.803	0	239.835	0	0	0	0	
1	[SLPS]	0	-3.949	6.803	0	239.835	0	0	0	0	
1	[SLPS]	0	-4.085	6.712	0	239.155	0	0	0	0	
1	[SLPS]	0	-4.085	6.712	0	239.155	0	0	0	0	
1	[SLPS]	0	-4.157	6.661	0	238.797	0	0	0	0	
1	[SLPS]	0	-4.230	6.613	0	238.430	0	0	0	0	
1	[SLPS]	0	-4.303	6.565	0	238.052	0	0	0	0	
1	[SLPS]	0	-4.372	6.516	0	237.662	0	0	0	0	
1	[SLPS]	0	-4.372	6.516	0	237.662	0	0	0	0	
1	[SLPS]	0	-4.442	6.469	0	237.261	0	0	0	0	
1	[SLPS]	0	-4.511	6.423	0	236.845	0	0	0	0	
1	[SLPS]	0	-4.511	6.423	0	236.845	0	0	0	0	
1	[SLPS]	0	-4.644	6.324	0	235.979	0	0	0	0	
1	[SLPS]	0	-4.644	6.324	0	235.979	0	0	0	0	
1	[SLPS]	0	-4.711	6.275	0	235.524	0	0	0	0	
1	[SLPS]	0	-4.776	6.229	0	235.067	0	0	0	0	
1	[SLPS]	0	-4.841	6.177	0	234.602	0	0	0	0	
1	[SLPS]	0	-4.908	6.133	0	234.127	0	0	0	0	
1	[SLPS]	0	-4.908	6.133	0	234.127	0	0	0	0	
1	[SLPS]	0	-5.034	6.032	0	233.135	0	0	0	0	
1	[SLPS]	0	-5.034	6.032	0	233.135	0	0	0	0	
1	[SLPS]	0	-5.092	5.975	0	232.626	0	0	0	0	
1	[SLPS]	0	-5.157	5.933	0	232.106	0	0	0	0	
1	[SLPS]	0	-5.157	5.933	0	232.106	0	0	0	0	
1	[SLPS]	0	-5.215	5.875	0	231.576	0	0	0	0	
1	[SLPS]	0	-5.275	5.823	0	231.032	0	0	0	0	
1	[SLPS]	0	-5.275	5.823	0	231.032	0	0	0	0	
1	[SLPS]	0	-5.392	5.712	0	229.893	0	0	0	0	
1	[SLPS]	0	-5.392	5.712	0	229.893	0	0	0	0	
1	[SLPS]	0	-5.449	5.657	0	229.298	0	0	0	0	
1	[SLPS]	0	-5.506	5.601	0	228.689	0	0	0	0	
1	[SLPS]	0	-5.562	5.545	0	228.063	0	0	0	0	
1	[SLPS]	0	-5.615	5.483	0	227.425	0	0	0	0	
1	[SLPS]	0	-5.615	5.483	0	227.425	0	0	0	0	
1	[SLPS]	0	-5.669	5.424	0	226.767	0	0	0	0	
1	[SLPS]	0	-5.724	5.368	0	226.083	0	0	0	0	
1	[SLPS]	0	-5.724	5.368	0	226.083	0	0	0	0	
1	[SLPS]	0	-5.829	5.255	0	224.633	0	0	0	0	
1	[SLPS]	0	-5.829	5.255	0	224.633	0	0	0	0	
1	[SLPS]	0	-5.882	5.196	0	223.875	0	0	0	0	
1	[SLPS]	0	-5.930	5.137	0	223.097	0	0	0	0	
1	[SLPS]	0	-5.930	5.137	0	223.097	0	0	0	0	
1	[SLPS]	0	-6.027	5.024	0	221.477	0	0	0	0	
1	[SLPS]	0	-6.027	5.024	0	221.477	0	0	0	0	
1	[SLPS]	0	-6.071	4.960	0	220.633	0	0	0	0	
1	[SLPS]	0	-6.115	4.903	0	219.765	0	0	0	0	
1	[SLPS]	0	-6.160	4.843	0	218.860	0	0	0	0	
1	[SLPS]	0	-6.204	4.784	0	217.953	0	0	0	0	
1	[SLPS]	0	-6.204	4.784	0	217.953	0	0	0	0	
1	[SLPS]	0	-6.284	4.655	0	216.112	0	0	0	0	
1	[SLPS]	0	-6.284	4.655	0	216.112	0	0	0	0	
1	[SLPS]	0	-6.326	4.595	0	215.179	0	0	0	0	
1	[SLPS]	0	-6.365	4.531	0	214.247	0	0	0	0	
1	[SLPS]	0	-6.365	4.531	0	214.247	0	0	0	0	
1	[SLPS]	0	-6.441	4.394	0	212.359	0	0	0	0	
1	[SLPS]	0	-6.441	4.394	0	212.359	0	0	0	0	
1	[SLPS]	0	-6.476	4.326	0	211.401	0	0	0	0	
1	[SLPS]	0	-6.510	4.256	0	210.436	0	0	0	0	
1	[SLPS]	0	-6.510	4.256	0	210.436	0	0	0	0	
1	[SLPS]	0	-6.572	4.113	0	208.499	0	0	0	0	
1	[SLPS]	0	-6.572	4.113	0	208.499	0	0	0	0	
1	[SLPS]	0	-6.602	4.042	0	207.527	0	0	0	0	
1	[SLPS]	0	-6.628	3.972	0	206.552	0	0	0	0	
1	[SLPS]	0	-6.628	3.972	0	206.552	0	0	0	0	
1	[SLPS]	0	-6.679	3.830	0	204.586	0	0	0	0	
1	[SLPS]	0	-6.679	3.830	0	204.586	0	0	0	0	
1	[SLPS]	0	-6.706	3.761	0	203.594	0	0	0	0	
1	[SLPS]	0	-6.731	3.687	0	202.604	0	0	0	0	
1	[SLPS]	0	-6.731	3.687	0	202.604	0	0	0	0	
1	[SLPS]	0	-6.764	3.544	0	200.610	0	0	0	0	
1	[SLPS]	0	-6.764	3.544	0	200.610	0	0	0	0	
1	[SLPS]	0	-6.782	3.470	0	199.595	0	0	0	0	
1	[SLPS]	0	-6.797	3.402	0	198.578	0	0	0	0	
1	[SLPS]	0	-6.797	3.402	0	198.578	0	0	0	0	
1	[SLPS]	0	-6.832	3.257	0	196.560	0	0	0	0	
1	[SLPS]	0	-6.832	3.257	0	196.560	0	0	0	0	
1	[SLPS]	0	-6.844	3.178	0	195.554	0	0	0	0	
1	[SLPS]	0	-6.857	3.103	0	194.539	0	0	0	0	
1	[SLPS]	0	-6.857	3.103	0	194.539	0	0	0	0	
1	[SLPS]	0	-6.884	2.953	0	192.481	0	0	0	0	
1	[SLPS]	0	-6.884	2.953	0	192.481	0	0	0	0	
1	[SLPS]	0	-6.894	2.876	0	191.460	0	0	0	0	
1	[SLPS]	0	-6.901	2.800	0	190.439	0	0	0	0	
1	[SLPS]	0	-6.901	2.800	0	190.439	0	0	0	0	
1	[SLPS]	0	-6.916	2.647	0	188.387	0	0	0	0	
1	[SLPS]	0	-6.916	2.647	0	188.387	0	0	0	0	
1	[SLPS]	0	-6.920	2.571	0	187.355	0	0	0	0	
1	[SLPS]	0	-6.923	2.492	0	186.320	0	0	0	0	
1	[SLPS]	0	-6.924	2.417	0	185.286	0	0	0	0	
1	[SLPS]	0	-6.931	2.346	0	184.253	0	0	0	0	
1	[SLPS]	0	-6.931	2.346	0	184.253	0	0	0	0	
1	[SLPS]	0	-6.935	2.270	0	183.217	0	0	0	0	
1	[SLPS]	0	-6.925	2.186	0	182.180	0	0	0	0	
1	[SLPS]	0	-6.924	2.110	0	181.140	0	0	0	0	
1	[SLPS]	0	-6.918	2.035	0	180.097	0	0	0	0	
1	[SLPS]	0	-6.918	2.035	0	180.097	0	0	0	0	
1	[SLPS]	0	-6.895	1.873	0	177.989	0	0	0	0	
1	[SLPS]	0	-6.895	1.873	0	177.989	0	0	0	0	
1	[SLPS]	0	-6.887	1.796	0	176.937	0	0	0	0	
1	[SLPS]	0	-6.873	1.714	0	175.883	0	0	0	0	
1	[SLPS]	0	-6.873	1.714	0	175.883	0	0	0	0	
1	[SLPS]	0	-6.844	1.553	0	173.755	0	0	0	0	
1	[SLPS]	0	-6.844	1.553	0	173.755	0	0	0	0	
1	[SLPS]	0	-6.827	1.470	0	172.686	0	0	0	0	
1	[SLPS]	0	-6.811	1.388	0	171.612	0	0	0	0	
1	[SLPS]	0	-6.811	1.388	0	171.612	0	0	0	0	
1	[SLPS]	0	-6.771	1.224	0	169.444	0	0	0	0	
1	[SLPS]	0	-6.771	1.224	0	169.444	0	0	0	0	
1	[SLPS]	0	-6.748	1.140	0	168.355	0	0	0	0	
1	[SLPS]	0	-6.723	1.059	0	167.259	0	0	0	0	
1	[SLPS]	0	-6.723	1.059	0	167.259	0	0	0	0	
1	[SLPS]	0	-6.671	0.896	0	165.009	0	0	0	0	
1	[SLPS]	0	-6.671	0.896	0	165.009	0	0	0	0	
1	[SLPS]	0	-6.643	0.816	0	163.892	0	0	0	0	
1	[SLPS]	0	-6.609	0.737	0	162.767	0	0	0	0	
1	[SLPS]	0	-6.609	0.737	0	162.767	0	0	0	0	
1	[SLPS]	0	-6.529	0.576	0	160.483	0	0	0	0	
1	[SLPS]	0	-6.529	0.576	0	160.483	0	0	0	0	
1	[SLPS]	0	-6.489	0.498	0	159.334	0	0	0	0	
1	[SLPS]	0	-6.449	0.417	0	158.186	0	0	0	0	
1	[SLPS]	0	-6.449	0.417	0	158.186	0	0	0	0	
1	[SLPS]	0	-6.363	0.260	0	155.884	0	0	0	0	
1	[SLPS]	0	-6.363	0.260	0	155.884	0	0	0	0	
1	[SLPS]	0	-6.322	0.181	0	154.716	0	0	0	0	
1	[SLPS]	0	-6.275	0.101	0	153.538	0	0	0	0	
1	[SLPS]	0	-6.275	0.101	0	153.538	0	0	0	0	
1	[SLPS]	0	-6.177	-0.053	0	151.168	0	0	0	0	
1	[SLPS]	0	-6.177	-0.053	0	151.168	0	0	0	0	
1	[SLPS]	0	-6.131	-0.121	0	149.980	0	0	0	0	
1	[SLPS]	0	-6.077	-0.197	0	148.787	0	0	0	0	
1	[SLPS]	0	-6.077	-0.197	0	148.787	0	0	0	0	
1	[SLPS]	0	-5.967	-0.345	0	146.375	0	0	0	0	
1	[SLPS]	0	-5.967	-0.345	0	146.375	0	0	0	0	
1	[SLPS]	0	-5.907	-0.417	0	145.162	0	0	0	0	
1	[SLPS]	0	-5.845	-0.487	0	143.947	0	0	0	0	
1	[SLPS]	0	-5.784	-0.556	0	142.728	0	0	0	0	
1	[SLPS]	0	-5.720	-0.625	0	141.508	0	0	0	0	
1	[SLPS]	0	-5.720	-0.625	0	141.508	0	0	0	0	
1	[SLPS]	0	-5.583	-0.754	0	139.032	0	0	0	0	
1	[SLPS]	0	-5.583	-0.754	0	139.032	0	0	0	0	
1	[SLPS]	0	-5.514	-0.818	0	137.786	0	0	0	0	
1	[SLPS]	0	-5.444	-0.884	0	136.538	0	0	0	0	
1	[SLPS]	0	-5.444	-0.884	0	136.538	0	0	0	0	
1	[SLPS]	0	-5.295	-1.018	0	134.011	0	0	0	0	
1	[SLPS]	0	-5.295	-1.018	0	134.011	0	0	0	0	
1	[SLPS]	0	-5.215	-1.076	0	132.761	0	0	0	0	
1	[SLPS]	0	-5.140	-1.131	0	131.509	0	0	0	0	
1	[SLPS]	0	-5.140	-1.131	0	131.509	0	0	0	0	
1	[SLPS]	0	-4.983	-1.249	0	128.977	0	0	0	0	
1	[SLPS]	0	-4.983	-1.249	0	128.977	0	0	0	0	
1	[SLPS]	0	-4.902	-1.300	0	127.700	0	0	0	0	
1	[SLPS]	0	-4.823	-1.349	0	126.417	0	0	0	0	
1	[SLPS]	0	-4.823	-1.349	0	126.417	0	0	0	0	
1	[SLPS]	0	-4.655	-1.442	0	123.828	0	0	0	0	
1	[SLPS]	0	-4.655	-1.442	0	123.828	0	0	0	0	
1	[SLPS]	0	-4.568	-1.489	0	122.545	0	0	0	0	
1	[SLPS]	0	-4.481	-1.535	0	121.268	0	0	0	0	
1	[SLPS]	0	-4.481	-1.535	0	121.268	0	0	0	0	
1	[SLPS]	0	-4.304	-1.615	0	118.675	0	0	0	0	
1	[SLPS]	0	-4.304	-1.615	0	118.675	0	0	0	0	
1	[SLPS]	0	-4.208	-1.655	0	117.359	0	0	0	0	
1	[SLPS]	0	-4.116	-1.691	0	116.036	0	0	0	0	
1	[SLPS]	0	-4.021	-1.722	0	114.718	0	0	0	0	
1	[SLPS]	0	-3.925	-1.752	0	113.406	0	0	0	0	
1	[SLPS]	0	-3.925	-1.752	0	113.406	0	0	0	0	
1	[SLPS]	0	-3.826	-1.780	0	112.097	0	0	0	0	
1	[SLPS]	0	-3.731	-1.806	0	110.783	0	0	0	0	
1	[SLPS]	0	-3.731	-1.806	0	110.783	0	0	0	0	
1	[SLPS]	0	-3.532	-1.861	0	108.139	0	0	0	0	
1	[SLPS]	0	-3.532	-1.861	0	108.139	0	0	0	0	
1	[SLPS]	0	-3.443	-1.879	0	106.813	0	0	0	0	
1	[SLPS]	0	-3.346	-1.897	0	105.483	0	0	0	0	
1	[SLPS]	0	-3.250	-1.912	0	104.155	0	0	0	0	
1	[SLPS]	0	-3.149	-1.930	0	102.824	0	0	0	0	
1	[SLPS]	0	-3.149	-1.930	0	102.824	0	0	0	0	
1	[SLPS]	0	-3.051	-1.941	0	101.499	0	0	0	0	
1	[SLPS]	0	-2.950	-1.952	0	100.145	0	0	0	0	
1	[SLPS]	0	-2.849	-1.957	0	98.822	0	0	0	0	
1	[SLPS]	0	-2.751	-1.964	0	97.500	0	0	0	0	
1	[SLPS]	0	-2.751	-1.964	0	97.500	0	0	0	0	
1	[SLPS]	0	-2.549	-1.969	0	94.854	0	0	0	0	
1	[SLPS]	0	-2.549	-1.969	0	94.854	0	0	0	0	
1	[SLPS]	0	-2.442	-1.961	0	93.542	0	0	0	0	
1	[SLPS]	0	-2.341	-1.957	0	92.241	0	0	0	0	
1	[SLPS]	0	-2.341	-1.957	0	92.241	0	0	0	0	
1	[SLPS]	0	-2.137	-1.935	0	89.685	0	0	0	0	
1	[SLPS]	0	-2.137	-1.935	0	89.685	0	0	0	0	
1	[SLPS]	0	-2.030	-1.922	0	88.425	0	0	0	0	
1	[SLPS]	0	-1.922	-1.906	0	87.181	0	0	0	0	
1	[SLPS]	0	-1.922	-1.906	0	87.181	0	0	0	0	
1	[SLPS]	0	-1.716	-1.872	0	84.743	0	0	0	0	
1	[SLPS]	0	-1.716	-1.872	0	84.743	0	0	0	0	
1	[SLPS]	0	-1.606	-1.849	0	83.546	0	0	0	0	
1	[SLPS]	0	-1.502	-1.829	0	82.368	0	0	0	0	
1	[SLPS]	0	-1.502	-1.829	0	82.368	0	0	0	0	
1	[SLPS]	0	-1.286	-1.774	0	80.094	0	0	0	0	
1	[SLPS]	0	-1.286	-1.774	0	80.094	0	0	0	0	
1	[SLPS]	0	-1.178	-1.747	0	79.007	0	0	0	0	
1	[SLPS]	0	-1.069	-1.719	0	77.960	0	0	0	0	
1	[SLPS]	0	-1.069	-1.719	0	77.960	0	0	0	0	
1	[SLPS]	0	-0.857	-1.650	0	75.991	0	0	0	0	
1	[SLPS]	0	-0.857	-1.650	0	75.991	0	0	0	0	
1	[SLPS]	0	-0.743	-1.612	0	75.065	0	0	0	0	
1	[SLPS]	0	-0.633	-1.572	0	74.175	0	0	0	0	
1	[SLPS]	0	-0.633	-1.572	0	74.175	0	0	0	0	
1	[SLPS]	0	-0.410	-1.492	0	72.490	0	0	0	0	
1	[SLPS]	0	-0.410	-1.492	0	72.490	0	0	0	0	
1	[SLPS]	0	-0.302	-1.449	0	71.692	0	0	0	0	
1	[SLPS]	0	-0.187	-1.401	0	70.913	0	0	0	0	
1	[SLPS]	0	-0.187	-1.401	0	70.913	0	0	0	0	
1	[SLPS]	0	0.028	-1.312	0	69.477	0	0	0	0	
1	[SLPS]	0	0.028	-1.312	0	69.477	0	0	0	0	
1	[SLPS]	0	0.136	-1.262	0	68.795	0	0	0	0	
1	[SLPS]	0	0.244	-1.212	0	68.138	0	0	0	0	
1	[SLPS]	0	0.244	-1.212	0	68.138	0	0	0	0	
1	[SLPS]	0	0.461	-1.107	0	66.896	0	0	0	0	
1	[SLPS]	0	0.461	-1.107	0	66.896	0	0	0	0	
1	[SLPS]	0	0.567	-1.054	0	66.316	0	0	0	0	
1	[SLPS]	0	0.680	-0.997	0	65.761	0	0	0	0	
1	[SLPS]	0	0.680	-0.997	0	65.761	0	0	0	0	
1	[SLPS]	0	0.896	-0.886	0	64.715	0	0	0	0	
1	[SLPS]	0	0.896	-0.886	0	64.715	0	0	0	0	
1	[SLPS]	0	1.003	-0.827	0	64.220	0	0	0	0	
1	[SLPS]	0	1.111	-0.768	0	63.747	0	0	0	0	
1	[SLPS]	0	1.221	-0.706	0	63.304	0	0	0	0	
1	[SLPS]	0	1.328	-0.645	0	62.898	0	0	0	0	
1	[SLPS]	0	1.328	-0.645	0	62.898	0	0	0	0	
1	[SLPS]	0	1.544	-0.524	0	62.209	0	0	0	0	
1	[SLPS]	0	1.544	-0.524	0	62.209	0	0	0	0	
1	[SLPS]	0	1.652	-0.455	0	61.918	0	0	0	0	
1	[SLPS]	0	1.757	-0.395	0	61.652	0	0	0	0	
1	[SLPS]	0	1.757	-0.395	0	61.652	0	0	0	0	
1	[SLPS]	0	1.970	-0.268	0	61.189	0	0	0	0	
1	[SLPS]	0	1.970	-0.268	0	61.189	0	0	0	0	
1	[SLPS]	0	2.081	-0.204	0	60.992	0	0	0	0	
1	[SLPS]	0	2.189	-0.143	0	60.819	0	0	0	0	
1	[SLPS]	0	2.189	-0.143	0	60.819	0	0	0	0	
1	[SLPS]	0	2.408	-0.017	0	60.501	0	0	0	0	
1	[SLPS]	0	2.408	-0.017	0	60.501	0	0	0	0	
1	[SLPS]	0	2.516	0.048	0	60.349	0	0	0	0	
1	[SLPS]	0	2.623	0.109	0	60.207	0	0	0	0	
1	[SLPS]	0	2.623	0.109	0	60.207	0	0	0	0	
1	[SLPS]	0	2.841	0.237	0	59.976	0	0	0	0	
1	[SLPS]	0	2.841	0.237	0	59.976	0	0	0	0	
1	[SLPS]	0	2.952	0.305	0	59.892	0	0	0	0	
1	[SLPS]	0	3.061	0.368	0	59.829	0	0	0	0	
1	[SLPS]	0	3.061	0.368	0	59.829	0	0	0	0	
1	[SLPS]	0	3.280	0.502	0	59.729	0	0	0	0	
1	[SLPS]	0	3.280	0.502	0	59.729	0	0	0	0	
1	[SLPS]	0	3.391	0.566	0	59.684	0	0	0	0	
1	[SLPS]	0	3.498	0.635	0	59.622	0	0	0	0	
1	[SLPS]	0	3.498	0.635	0	59.622	0	0	0	0	
1	[SLPS]	0	3.717	0.766	0	59.542	0	0	0	0	
1	[SLPS]	0	3.717	0.766	0	59.542	0	0	0	0	
1	[SLPS]	0	3.832	0.833	0	59.514	0	0	0	0	
1	[SLPS]	0	3.939	0.898	0	59.487	0	0	0	0	
1	[SLPS]	0	3.939	0.898	0	59.487	0	0	0	0	
1	[SLPS]	0	4.159	1.034	0	59.428	0	0	0	0	
1	[SLPS]	0	4.159	1.034	0	59.428	0	0	0	0	
1	[SLPS]	0	4.268	1.104	0	59.390	0	0	0	0	
1	[SLPS]	0	4.378	1.170	0	59.368	0	0	0	0	
1	[SLPS]	0	4.488	1.232	0	59.360	0	0	0	0	
1	[SLPS]	0	4.597	1.302	0	59.330	0	0	0	0	
1	[SLPS]	0	4.597	1.302	0	59.330	0	0	0	0	
1	[SLPS]	0	4.708	1.371	0	59.304	0	0	0	0	
1	[SLPS]	0	4.819	1.438	0	59.285	0	0	0	0	
1	[SLPS]	0	4.932	1.510	0	59.257	0	0	0	0	
1	[SLPS]	0	5.042	1.580	0	59.235	0	0	0	0	
1	[SLPS]	0	5.042	1.580	0	59.235	0	0	0	0	
1	[SLPS]	0	5.268	1.724	0	59.222	0	0	0	0	
1	[SLPS]	0	5.268	1.724	0	59.222	0	0	0	0	
1	[SLPS]	0	5.382	1.793	0	59.228	0	0	0	0	
1	[SLPS]	0	5.495	1.861	0	59.233	0	0	0	0	
1	[SLPS]	0	5.495	1.861	0	59.233	0	0	0	0	
1	[SLPS]	0	5.723	2.001	0	59.243	0	0	0	0	
1	[SLPS]	0	5.723	2.001	0	59.243	0	0	0	0	
1	[SLPS]	0	5.838	2.066	0	59.260	0	0	0	0	
1	[SLPS]	0	5.949	2.134	0	59.257	0	0	0	0	
1	[SLPS]	0	5.949	2.134	0	59.257	0	0	0	0	
1	[SLPS]	0	6.179	2.274	0	59.264	0	0	0	0	
1	[SLPS]	0	6.179	2.274	0	59.264	0	0	0	0	
1	[SLPS]	0	6.292	2.343	0	59.269	0	0	0	0	
1	[SLPS]	0	6.408	2.414	0	59.277	0	0	0	0	
1	[SLPS]	0	6.408	2.414	0	59.277	0	0	0	0	
1	[SLPS]	0	6.638	2.563	0	59.267	0	0	0	0	
1	[SLPS]	0	6.638	2.563	0	59.267	0	0	0	0	
1	[SLPS]	0	6.749	2.626	0	59.284	0	0	0	0	
1	[SLPS]	0	6.866	2.701	0	59.282	0	0	0	0	
1	[SLPS]	0	6.866	2.701	0	59.282	0	0	0	0	
1	[SLPS]	0	7.101	2.841	0	59.319	0	0	0	0	
1	[SLPS]	0	7.101	2.841	0	59.319	0	0	0	0	
1	[SLPS]	0	7.214	2.915	0	59.323	0	0	0	0	
1	[SLPS]	0	7.336	2.986	0	59.349	0	0	0	0	
1	[SLPS]	0	7.336	2.986	0	59.349	0	0	0	0	
1	[SLPS]	0	7.569	3.131	0	59.398	0	0	0	0	
1	[SLPS]	0	7.569	3.131	0	59.398	0	0	0	0	
1	[SLPS]	0	7.689	3.203	0	59.445	0	0	0	0	
1	[SLPS]	0	7.806	3.274	0	59.500	0	0	0	0	
1	[SLPS]	0	7.806	3.274	0	59.500	0	0	0	0	
1	[SLPS]	0	8.043	3.418	0	59.628	0	0	0	0	
1	[SLPS]	0	8.043	3.418	0	59.628	0	0	0	0	
1	[SLPS]	0	8.164	3.494	0	59.691	0	0	0	0	
1	[SLPS]	0	8.288	3.563	0	59.750	0	0	0	0	
1	[SLPS]	0	8.402	3.635	0	59.811	0	0	0	0	
1	[SLPS]	0	8.518	3.700	0	59.872	0	0	0	0	
1	[SLPS]	0	8.518	3.700	0	59.872	0	0	0	0	
1	[SLPS]	0	8.759	3.840	0	59.995	0	0	0	0	
1	[SLPS]	0	8.759	3.840	0	59.995	0	0	0	0	
1	[SLPS]	0	8.884	3.909	0	60.057	0	0	0	0	
1	[SLPS]	0	8.993	3.979	0	60.118	0	0	0	0	
1	[SLPS]	0	8.993	3.979	0	60.118	0	0	0	0	
1	[SLPS]	0	9.233	4.118	0	60.228	0	0	0	0	
1	[SLPS]	0	9.233	4.118	0	60.228	0	0	0	0	
1	[SLPS]	0	9.349	4.185	0	60.286	0	0	0	0	
1	[SLPS]	0	9.467	4.255	0	60.346	0	0	0	0	
1	[SLPS]	0	9.467	4.255	0	60.346	0	0	0	0	
1	[SLPS]	0	9.697	4.388	0	60.479	0	0	0	0	
1	[SLPS]	0	9.697	4.388	0	60.479	0	0	0	0	
1	[SLPS]	0	9.815	4.457	0	60.541	0	0	0	0	
1	[SLPS]	0	9.938	4.526	0	60.596	0	0	0	0	
1	[SLPS]	0	9.938	4.526	0	60.596	0	0	0	0	
1	[SLPS]	0	10.176	4.666	0	60.714	0	0	0	0	
1	[SLPS]	0	10.176	4.666	0	60.714	0	0	0	0	
1	[SLPS]	0	10.299	4.737	0	60.775	0	0	0	0	
1	[SLPS]	0	10.418	4.807	0	60.831	0	0	0	0	
1	[SLPS]	0	10.418	4.807	0	60.831	0	0	0	0	
1	[SLPS]	0	10.664	4.947	0	60.923	0	0	0	0	
1	[SLPS]	0	10.664	4.947	0	60.923	0	0	0	0	
1	[SLPS]	0	10.791	5.014	0	60.980	0	0	0	0	
1	[SLPS]	0	10.915	5.088	0	61.009	0	0	0	0	
1	[SLPS]	0	10.915	5.088	0	61.009	0	0	0	0	
1	[SLPS]	0	11.161	5.215	0	61.118	0	0	0	0	
1	[SLPS]	0	11.161	5.215	0	61.118	0	0	0	0	
1	[SLPS]	0	11.407	5.361	0	61.180	0	0	0	0	
1	[SLPS]	0	11.407	5.361	0	61.180	0	0	0	0	
1	[SLPS]	0	11.532	5.427	0	61.230	0	0	0	0	
1	[SLPS]	0	11.654	5.492	0	61.287	0	0	0	0	
1	[SLPS]	0	11.654	5.492	0	61.287	0	0	0	0	
1	[SLPS]	0	11.778	5.569	0	61.310	0	0	0	0	
1	[SLPS]	0	11.903	5.622	0	61.396	0	0	0	0	
1	[SLPS]	0	12.026	5.687	0	61.438	0	0	0	0	
1	[SLPS]	0	12.157	5.760	0	61.468	0	0	0	0	
1	[SLPS]	0	12.157	5.760	0	61.468	0	0	0	0	
1	[SLPS]	0	12.407	5.892	0	61.551	0	0	0	0	
1	[SLPS]	0	12.407	5.892	0	61.551	0	0	0	0	
1	[SLPS]	0	12.532	5.958	0	61.601	0	0	0	0	
1	[SLPS]	0	12.655	6.028	0	61.640	0	0	0	0	
1	[SLPS]	0	12.655	6.028	0	61.640	0	0	0	0	
1	[SLPS]	0	12.907	6.172	0	61.696	0	0	0	0	
1	[SLPS]	0	12.907	6.172	0	61.696	0	0	0	0	
1	[SLPS]	0	13.023	6.239	0	61.733	0	0	0	0	
1	[SLPS]	0	13.152	6.311	0	61.772	0	0	0	0	
1	[SLPS]	0	13.152	6.311	0	61.772	0	0	0	0	
1	[SLPS]	0	13.397	6.451	0	61.833	0	0	0	0	
1	[SLPS]	0	13.397	6.451	0	61.833	0	0	0	0	
1	[SLPS]	0	13.525	6.521	0	61.871	0	0	0	0	
1	[SLPS]	0	13.649	6.591	0	61.897	0	0	0	0	
1	[SLPS]	0	13.649	6.591	0	61.897	0	0	0	0	
1	[SLPS]	0	13.906	6.718	0	61.982	0	0	0	0	
1	[SLPS]	0	13.906	6.718	0	61.982	0	0	0	0	
1	[SLPS]	0	14.024	6.788	0	61.993	0	0	0	0	
1	[SLPS]	0	14.151	6.862	0	62.015	0	0	0	0	
1	[SLPS]	0	14.151	6.862	0	62.015	0	0	0	0	
1	[SLPS]	0	14.409	7.001	0	62.090	0	0	0	0	
1	[SLPS]	0	14.409	7.001	0	62.090	0	0	0	0	
1	[SLPS]	0	14.537	7.074	0	62.119	0	0	0	0	
1	[SLPS]	0	14.664	7.137	0	62.167	0	0	0	0	
1	[SLPS]	0	14.794	7.208	0	62.196	0	0	0	0	
1	[SLPS]	0	14.912	7.282	0	62.196	0	0	0	0	
1	[SLPS]	0	14.912	7.282	0	62.196	0	0	0	0	
1	[SLPS]	0	15.173	7.424	0	62.259	0	0	0	0	
1	[SLPS]	0	15.173	7.424	0	62.259	0	0	0	0	
1	[SLPS]	0	15.302	7.493	0	62.298	0	0	0	0	
1	[SLPS]	0	15.430	7.564	0	62.328	0	0	0	0	
1	[SLPS]	0	15.430	7.564	0	62.328	0	0	0	0	
1	[SLPS]	0	15.688	7.701	0	62.386	0	0	0	0	
1	[SLPS]	0	15.688	7.701	0	62.386	0	0	0	0	
1	[SLPS]	0	15.815	7.768	0	62.417	0	0	0	0	
1	[SLPS]	0	15.946	7.837	0	62.448	0	0	0	0	
1	[SLPS]	0	15.946	7.837	0	62.448	0	0	0	0	
1	[SLPS]	0	16.205	7.971	0	62.514	0	0	0	0	
1	[SLPS]	0	16.205	7.971	0	62.514	0	0	0	0	
1	[SLPS]	0	16.337	8.038	0	62.542	0	0	0	0	
1	[SLPS]	0	16.464	8.107	0	62.550	0	0	0	0	
1	[SLPS]	0	16.464	8.107	0	62.550	0	0	0	0	
1	[SLPS]	0	16.721	8.245	0	62.537	0	0	0	0	
1	[SLPS]	0	16.721	8.245	0	62.537	0	0	0	0	
1	[SLPS]	0	16.852	8.312	0	62.531	0	0	0	0	
1	[SLPS]	0	16.978	8.377	0	62.531	0	0	0	0	
1	[SLPS]	0	16.978	8.377	0	62.531	0	0	0	0	
1	[SLPS]	0	17.236	8.517	0	62.517	0	0	0	0	
1	[SLPS]	0	17.236	8.517	0	62.517	0	0	0	0	
1	[SLPS]	0	17.363	8.583	0	62.521	0	0	0	0	
1	[SLPS]	0	17.493	8.651	0	62.519	0	0	0	0	
1	[SLPS]	0	17.493	8.651	0	62.519	0	0	0	0	
1	[SLPS]	0	17.754	8.787	0	62.519	0	0	0	0	
1	[SLPS]	0	17.754	8.787	0	62.519	0	0	0	0	
1	[SLPS]	0	17.884	8.857	0	62.510	0	0	0	0	
1	[SLPS]	0	18.013	8.926	0	62.504	0	0	0	0	
1	[SLPS]	0	18.013	8.926	0	62.504	0	0	0	0	
1	[SLPS]	0	18.271	9.064	0	62.485	0	0	0	0	
1	[SLPS]	0	18.271	9.064	0	62.485	0	0	0	0	
1	[SLPS]	0	18.404	9.137	0	62.477	0	0	0	0	
1	[SLPS]	0	18.534	9.205	0	62.485	0	0	0	0	
1	[SLPS]	0	18.660	9.274	0	62.480	0	0	0	0	
1	[SLPS]	0	18.787	9.343	0	62.477	0	0	0	0	
1	[SLPS]	0	18.787	9.343	0	62.477	0	0	0	0	
1	[SLPS]	0	19.045	9.482	0	62.464	0	0	0	0	
1	[SLPS]	0	19.045	9.482	0	62.464	0	0	0	0	
1	[SLPS]	0	19.045	9.482	0	62.464	0	0	0	0	
1	[SLPS]	0	19.301	9.618	0	62.457	0	0	0	0	
1	[SLPS]	0	19.301	9.618	0	62.457	0	0	0	0	
1	[SLPS]	0	19.431	9.688	0	62.456	0	0	0	0	
1	[SLPS]	0	19.560	9.761	0	62.443	0	0	0	0	
1	[SLPS]	0	19.687	9.826	0	62.448	0	0	0	0	
1	[SLPS]	0	19.815	9.894	0	62.445	0	0	0	0	
