1	[SLPS]	0	284.914	-60.186	0	239.367	0	0	0	0	
1	[SLPS]	0	284.914	-60.186	0	239.367	0	0	0	0	
1	[SLPS]	0	284.184	-60.623	0	239.406	0	0	0	0	
1	[SLPS]	0	284.184	-60.623	0	239.406	0	0	0	0	
1	[SLPS]	0	283.819	-60.836	0	239.421	0	0	0	0	
1	[SLPS]	0	283.458	-61.055	0	239.423	0	0	0	0	
1	[SLPS]	0	283.097	-61.266	0	239.442	0	0	0	0	
1	[SLPS]	0	282.733	-61.482	0	239.460	0	0	0	0	
1	[SLPS]	0	282.733	-61.482	0	239.460	0	0	0	0	
1	[SLPS]	0	282.377	-61.693	0	239.476	0	0	0	0	
1	[SLPS]	0	282.018	-61.902	0	239.496	0	0	0	0	
1	[SLPS]	0	281.665	-62.112	0	239.510	0	0	0	0	
1	[SLPS]	0	281.306	-62.323	0	239.522	0	0	0	0	
1	[SLPS]	0	281.306	-62.323	0	239.522	0	0	0	0	
1	[SLPS]	0	280.598	-62.740	0	239.549	0	0	0	0	
1	[SLPS]	0	280.598	-62.740	0	239.549	0	0	0	0	
1	[SLPS]	0	280.247	-62.942	0	239.559	0	0	0	0	
1	[SLPS]	0	279.899	-63.150	0	239.554	0	0	0	0	
1	[SLPS]	0	279.899	-63.150	0	239.554	0	0	0	0	
1	[SLPS]	0	279.197	-63.563	0	239.536	0	0	0	0	
1	[SLPS]	0	279.197	-63.563	0	239.536	0	0	0	0	
1	[SLPS]	0	278.852	-63.766	0	239.527	0	0	0	0	
1	[SLPS]	0	278.512	-63.968	0	239.513	0	0	0	0	
1	[SLPS]	0	278.512	-63.968	0	239.513	0	0	0	0	
1	[SLPS]	0	277.831	-64.379	0	239.478	0	0	0	0	
1	[SLPS]	0	277.831	-64.379	0	239.478	0	0	0	0	
1	[SLPS]	0	277.495	-64.576	0	239.472	0	0	0	0	
1	[SLPS]	0	277.160	-64.778	0	239.457	0	0	0	0	
1	[SLPS]	0	277.160	-64.778	0	239.457	0	0	0	0	
1	[SLPS]	0	276.494	-65.176	0	239.427	0	0	0	0	
1	[SLPS]	0	276.494	-65.176	0	239.427	0	0	0	0	
1	[SLPS]	0	276.169	-65.371	0	239.416	0	0	0	0	
1	[SLPS]	0	275.842	-65.562	0	239.412	0	0	0	0	
1	[SLPS]	0	275.514	-65.751	0	239.405	0	0	0	0	
1	[SLPS]	0	275.198	-65.941	0	239.394	0	0	0	0	
1	[SLPS]	0	275.198	-65.941	0	239.394	0	0	0	0	
1	[SLPS]	0	274.564	-66.316	0	239.361	0	0	0	0	
1	[SLPS]	0	274.564	-66.316	0	239.361	0	0	0	0	
1	[SLPS]	0	274.248	-66.506	0	239.345	0	0	0	0	
1	[SLPS]	0	273.938	-66.693	0	239.334	0	0	0	0	
1	[SLPS]	0	273.938	-66.693	0	239.334	0	0	0	0	
1	[SLPS]	0	273.318	-67.061	0	239.305	0	0	0	0	
1	[SLPS]	0	273.318	-67.061	0	239.305	0	0	0	0	
1	[SLPS]	0	273.014	-67.244	0	239.288	0	0	0	0	
1	[SLPS]	0	272.712	-67.425	0	239.277	0	0	0	0	
1	[SLPS]	0	272.712	-67.425	0	239.277	0	0	0	0	
1	[SLPS]	0	272.108	-67.778	0	239.269	0	0	0	0	
1	[SLPS]	0	272.108	-67.778	0	239.269	0	0	0	0	
1	[SLPS]	0	271.818	-67.962	0	239.255	0	0	0	0	
1	[SLPS]	0	271.522	-68.135	0	239.249	0	0	0	0	
1	[SLPS]	0	271.522	-68.135	0	239.249	0	0	0	0	
1	[SLPS]	0	270.940	-68.474	0	239.226	0	0	0	0	
1	[SLPS]	0	270.940	-68.474	0	239.226	0	0	0	0	
1	[SLPS]	0	270.649	-68.651	0	239.199	0	0	0	0	
1	[SLPS]	0	270.363	-68.821	0	239.177	0	0	0	0	
1	[SLPS]	0	270.363	-68.821	0	239.177	0	0	0	0	
1	[SLPS]	0	270.078	-68.985	0	239.159	0	0	0	0	
1	[SLPS]	0	269.794	-69.153	0	239.140	0	0	0	0	
1	[SLPS]	0	269.520	-69.321	0	239.117	0	0	0	0	
1	[SLPS]	0	269.248	-69.489	0	239.090	0	0	0	0	
1	[SLPS]	0	269.248	-69.489	0	239.090	0	0	0	0	
1	[SLPS]	0	268.976	-69.651	0	239.045	0	0	0	0	
1	[SLPS]	0	268.712	-69.806	0	238.993	0	0	0	0	
1	[SLPS]	0	268.442	-69.971	0	238.938	0	0	0	0	
1	[SLPS]	0	268.180	-70.129	0	238.872	0	0	0	0	
1	[SLPS]	0	268.180	-70.129	0	238.872	0	0	0	0	
1	[SLPS]	0	267.660	-70.446	0	238.728	0	0	0	0	
1	[SLPS]	0	267.660	-70.446	0	238.728	0	0	0	0	
1	[SLPS]	0	267.406	-70.607	0	238.648	0	0	0	0	
1	[SLPS]	0	267.150	-70.764	0	238.554	0	0	0	0	
1	[SLPS]	0	267.150	-70.764	0	238.554	0	0	0	0	
1	[SLPS]	0	266.659	-71.075	0	238.343	0	0	0	0	
1	[SLPS]	0	266.659	-71.075	0	238.343	0	0	0	0	
1	[SLPS]	0	266.415	-71.233	0	238.223	0	0	0	0	
1	[SLPS]	0	266.169	-71.388	0	238.083	0	0	0	0	
1	[SLPS]	0	266.169	-71.388	0	238.083	0	0	0	0	
1	[SLPS]	0	265.690	-71.693	0	237.768	0	0	0	0	
1	[SLPS]	0	265.690	-71.693	0	237.768	0	0	0	0	
1	[SLPS]	0	265.452	-71.849	0	237.593	0	0	0	0	
1	[SLPS]	0	265.215	-72.005	0	237.389	0	0	0	0	
1	[SLPS]	0	265.215	-72.005	0	237.389	0	0	0	0	
1	[SLPS]	0	264.753	-72.309	0	236.878	0	0	0	0	
1	[SLPS]	0	264.753	-72.309	0	236.878	0	0	0	0	
1	[SLPS]	0	264.523	-72.465	0	236.582	0	0	0	0	
1	[SLPS]	0	264.295	-72.620	0	236.260	0	0	0	0	
1	[SLPS]	0	264.069	-72.774	0	235.914	0	0	0	0	
1	[SLPS]	0	263.855	-72.929	0	235.536	0	0	0	0	
1	[SLPS]	0	263.855	-72.929	0	235.536	0	0	0	0	
1	[SLPS]	0	263.423	-73.244	0	234.707	0	0	0	0	
1	[SLPS]	0	263.423	-73.244	0	234.707	0	0	0	0	
1	[SLPS]	0	263.210	-73.405	0	234.241	0	0	0	0	
1	[SLPS]	0	263.007	-73.565	0	233.752	0	0	0	0	
1	[SLPS]	0	263.007	-73.565	0	233.752	0	0	0	0	
1	[SLPS]	0	262.591	-73.887	0	232.727	0	0	0	0	
1	[SLPS]	0	262.591	-73.887	0	232.727	0	0	0	0	
1	[SLPS]	0	262.388	-74.050	0	232.199	0	0	0	0	
1	[SLPS]	0	262.195	-74.226	0	231.654	0	0	0	0	
1	[SLPS]	0	262.195	-74.226	0	231.654	0	0	0	0	
1	[SLPS]	0	261.811	-74.570	0	230.520	0	0	0	0	
1	[SLPS]	0	261.811	-74.570	0	230.520	0	0	0	0	
1	[SLPS]	0	261.615	-74.738	0	229.932	0	0	0	0	
1	[SLPS]	0	261.431	-74.913	0	229.318	0	0	0	0	
1	[SLPS]	0	261.431	-74.913	0	229.318	0	0	0	0	
1	[SLPS]	0	261.061	-75.261	0	228.034	0	0	0	0	
1	[SLPS]	0	261.061	-75.261	0	228.034	0	0	0	0	
1	[SLPS]	0	260.880	-75.440	0	227.365	0	0	0	0	
1	[SLPS]	0	260.706	-75.622	0	226.685	0	0	0	0	
1	[SLPS]	0	260.706	-75.622	0	226.685	0	0	0	0	
1	[SLPS]	0	260.358	-75.983	0	225.260	0	0	0	0	
1	[SLPS]	0	260.358	-75.983	0	225.260	0	0	0	0	
1	[SLPS]	0	260.185	-76.161	0	224.516	0	0	0	0	
1	[SLPS]	0	260.023	-76.356	0	223.733	0	0	0	0	
1	[SLPS]	0	260.023	-76.356	0	223.733	0	0	0	0	
1	[SLPS]	0	259.711	-76.738	0	222.140	0	0	0	0	
1	[SLPS]	0	259.711	-76.738	0	222.140	0	0	0	0	
1	[SLPS]	0	259.563	-76.929	0	221.332	0	0	0	0	
1	[SLPS]	0	259.416	-77.123	0	220.510	0	0	0	0	
1	[SLPS]	0	259.270	-77.316	0	219.669	0	0	0	0	
1	[SLPS]	0	259.129	-77.507	0	218.815	0	0	0	0	
1	[SLPS]	0	259.129	-77.507	0	218.815	0	0	0	0	
1	[SLPS]	0	258.994	-77.704	0	217.946	0	0	0	0	
1	[SLPS]	0	258.860	-77.899	0	217.064	0	0	0	0	
1	[SLPS]	0	258.860	-77.899	0	217.064	0	0	0	0	
1	[SLPS]	0	258.606	-78.292	0	215.246	0	0	0	0	
1	[SLPS]	0	258.606	-78.292	0	215.246	0	0	0	0	
1	[SLPS]	0	258.487	-78.489	0	214.323	0	0	0	0	
1	[SLPS]	0	258.368	-78.689	0	213.388	0	0	0	0	
1	[SLPS]	0	258.368	-78.689	0	213.388	0	0	0	0	
1	[SLPS]	0	258.142	-79.089	0	211.491	0	0	0	0	
1	[SLPS]	0	258.142	-79.089	0	211.491	0	0	0	0	
1	[SLPS]	0	258.037	-79.293	0	210.533	0	0	0	0	
1	[SLPS]	0	257.936	-79.495	0	209.565	0	0	0	0	
1	[SLPS]	0	257.840	-79.699	0	208.590	0	0	0	0	
1	[SLPS]	0	257.748	-79.906	0	207.608	0	0	0	0	
1	[SLPS]	0	257.748	-79.906	0	207.608	0	0	0	0	
1	[SLPS]	0	257.575	-80.320	0	205.647	0	0	0	0	
1	[SLPS]	0	257.575	-80.320	0	205.647	0	0	0	0	
1	[SLPS]	0	257.494	-80.528	0	204.670	0	0	0	0	
1	[SLPS]	0	257.413	-80.746	0	203.697	0	0	0	0	
1	[SLPS]	0	257.413	-80.746	0	203.697	0	0	0	0	
1	[SLPS]	0	257.264	-81.171	0	201.750	0	0	0	0	
1	[SLPS]	0	257.264	-81.171	0	201.750	0	0	0	0	
1	[SLPS]	0	257.203	-81.388	0	200.800	0	0	0	0	
1	[SLPS]	0	257.140	-81.601	0	199.852	0	0	0	0	
1	[SLPS]	0	257.140	-81.601	0	199.852	0	0	0	0	
1	[SLPS]	0	257.022	-82.034	0	197.992	0	0	0	0	
1	[SLPS]	0	257.022	-82.034	0	197.992	0	0	0	0	
1	[SLPS]	0	256.970	-82.254	0	197.077	0	0	0	0	
1	[SLPS]	0	256.923	-82.471	0	196.173	0	0	0	0	
1	[SLPS]	0	256.923	-82.471	0	196.173	0	0	0	0	
1	[SLPS]	0	256.832	-82.899	0	194.417	0	0	0	0	
1	[SLPS]	0	256.832	-82.899	0	194.417	0	0	0	0	
1	[SLPS]	0	256.787	-83.117	0	193.572	0	0	0	0	
1	[SLPS]	0	256.744	-83.334	0	192.743	0	0	0	0	
1	[SLPS]	0	256.744	-83.334	0	192.743	0	0	0	0	
1	[SLPS]	0	256.678	-83.761	0	191.106	0	0	0	0	
1	[SLPS]	0	256.678	-83.761	0	191.106	0	0	0	0	
1	[SLPS]	0	256.643	-83.979	0	190.287	0	0	0	0	
1	[SLPS]	0	256.612	-84.198	0	189.488	0	0	0	0	
1	[SLPS]	0	256.612	-84.198	0	189.488	0	0	0	0	
1	[SLPS]	0	256.571	-84.630	0	187.875	0	0	0	0	
1	[SLPS]	0	256.571	-84.630	0	187.875	0	0	0	0	
1	[SLPS]	0	256.546	-84.842	0	187.059	0	0	0	0	
1	[SLPS]	0	256.525	-85.059	0	186.248	0	0	0	0	
1	[SLPS]	0	256.525	-85.059	0	186.248	0	0	0	0	
1	[SLPS]	0	256.503	-85.491	0	184.646	0	0	0	0	
1	[SLPS]	0	256.503	-85.491	0	184.646	0	0	0	0	
1	[SLPS]	0	256.496	-85.709	0	183.850	0	0	0	0	
1	[SLPS]	0	256.495	-85.928	0	183.051	0	0	0	0	
1	[SLPS]	0	256.495	-85.928	0	183.051	0	0	0	0	
1	[SLPS]	0	256.503	-86.359	0	181.440	0	0	0	0	
1	[SLPS]	0	256.503	-86.359	0	181.440	0	0	0	0	
1	[SLPS]	0	256.510	-86.579	0	180.633	0	0	0	0	
1	[SLPS]	0	256.521	-86.798	0	179.832	0	0	0	0	
1	[SLPS]	0	256.521	-86.798	0	179.832	0	0	0	0	
1	[SLPS]	0	256.555	-87.224	0	178.209	0	0	0	0	
1	[SLPS]	0	256.555	-87.224	0	178.209	0	0	0	0	
1	[SLPS]	0	256.571	-87.443	0	177.391	0	0	0	0	
1	[SLPS]	0	256.593	-87.658	0	176.585	0	0	0	0	
1	[SLPS]	0	256.617	-87.866	0	175.793	0	0	0	0	
1	[SLPS]	0	256.638	-88.084	0	175.007	0	0	0	0	
1	[SLPS]	0	256.638	-88.084	0	175.007	0	0	0	0	
1	[SLPS]	0	256.716	-88.508	0	173.436	0	0	0	0	
1	[SLPS]	0	256.716	-88.508	0	173.436	0	0	0	0	
1	[SLPS]	0	256.750	-88.719	0	172.653	0	0	0	0	
1	[SLPS]	0	256.790	-88.926	0	171.876	0	0	0	0	
1	[SLPS]	0	256.790	-88.926	0	171.876	0	0	0	0	
1	[SLPS]	0	256.836	-89.137	0	171.125	0	0	0	0	
1	[SLPS]	0	256.879	-89.347	0	170.392	0	0	0	0	
1	[SLPS]	0	256.879	-89.347	0	170.392	0	0	0	0	
1	[SLPS]	0	256.980	-89.767	0	168.998	0	0	0	0	
1	[SLPS]	0	256.980	-89.767	0	168.998	0	0	0	0	
1	[SLPS]	0	257.080	-90.183	0	167.665	0	0	0	0	
1	[SLPS]	0	257.080	-90.183	0	167.665	0	0	0	0	
1	[SLPS]	0	257.133	-90.387	0	167.007	0	0	0	0	
1	[SLPS]	0	257.192	-90.597	0	166.362	0	0	0	0	
1	[SLPS]	0	257.192	-90.597	0	166.362	0	0	0	0	
1	[SLPS]	0	257.312	-91.014	0	165.095	0	0	0	0	
1	[SLPS]	0	257.312	-91.014	0	165.095	0	0	0	0	
1	[SLPS]	0	257.376	-91.214	0	164.481	0	0	0	0	
1	[SLPS]	0	257.446	-91.417	0	163.869	0	0	0	0	
1	[SLPS]	0	257.446	-91.417	0	163.869	0	0	0	0	
1	[SLPS]	0	257.584	-91.833	0	162.638	0	0	0	0	
1	[SLPS]	0	257.584	-91.833	0	162.638	0	0	0	0	
1	[SLPS]	0	257.655	-92.033	0	162.025	0	0	0	0	
1	[SLPS]	0	257.731	-92.239	0	161.411	0	0	0	0	
1	[SLPS]	0	257.731	-92.239	0	161.411	0	0	0	0	
1	[SLPS]	0	257.890	-92.644	0	160.164	0	0	0	0	
1	[SLPS]	0	257.890	-92.644	0	160.164	0	0	0	0	
1	[SLPS]	0	257.970	-92.847	0	159.541	0	0	0	0	
1	[SLPS]	0	258.054	-93.052	0	158.909	0	0	0	0	
1	[SLPS]	0	258.054	-93.052	0	158.909	0	0	0	0	
1	[SLPS]	0	258.239	-93.463	0	157.652	0	0	0	0	
1	[SLPS]	0	258.239	-93.463	0	157.652	0	0	0	0	
1	[SLPS]	0	258.331	-93.661	0	157.027	0	0	0	0	
1	[SLPS]	0	258.425	-93.874	0	156.420	0	0	0	0	
1	[SLPS]	0	258.425	-93.874	0	156.420	0	0	0	0	
1	[SLPS]	0	258.632	-94.282	0	155.242	0	0	0	0	
1	[SLPS]	0	258.632	-94.282	0	155.242	0	0	0	0	
1	[SLPS]	0	258.738	-94.485	0	154.651	0	0	0	0	
1	[SLPS]	0	258.844	-94.689	0	154.067	0	0	0	0	
1	[SLPS]	0	258.844	-94.689	0	154.067	0	0	0	0	
1	[SLPS]	0	259.075	-95.109	0	152.952	0	0	0	0	
1	[SLPS]	0	259.075	-95.109	0	152.952	0	0	0	0	
1	[SLPS]	0	259.190	-95.325	0	152.419	0	0	0	0	
1	[SLPS]	0	259.309	-95.537	0	151.915	0	0	0	0	
1	[SLPS]	0	259.309	-95.537	0	151.915	0	0	0	0	
1	[SLPS]	0	259.565	-95.959	0	150.945	0	0	0	0	
1	[SLPS]	0	259.565	-95.959	0	150.945	0	0	0	0	
1	[SLPS]	0	259.687	-96.178	0	150.482	0	0	0	0	
1	[SLPS]	0	259.816	-96.393	0	150.058	0	0	0	0	
1	[SLPS]	0	259.816	-96.393	0	150.058	0	0	0	0	
1	[SLPS]	0	260.097	-96.832	0	149.330	0	0	0	0	
1	[SLPS]	0	260.097	-96.832	0	149.330	0	0	0	0	
1	[SLPS]	0	260.235	-97.043	0	149.029	0	0	0	0	
1	[SLPS]	0	260.386	-97.251	0	148.763	0	0	0	0	
1	[SLPS]	0	260.386	-97.251	0	148.763	0	0	0	0	
1	[SLPS]	0	260.662	-97.707	0	148.331	0	0	0	0	
1	[SLPS]	0	260.662	-97.707	0	148.331	0	0	0	0	
1	[SLPS]	0	260.810	-97.930	0	148.183	0	0	0	0	
1	[SLPS]	0	260.950	-98.158	0	148.053	0	0	0	0	
1	[SLPS]	0	260.950	-98.158	0	148.053	0	0	0	0	
1	[SLPS]	0	261.238	-98.626	0	147.784	0	0	0	0	
