1	[SLPS]	0	97.168	-173.814	0	59.589	0	0	0	0	
1	[SLPS]	0	97.382	-173.689	0	59.592	0	0	0	0	
1	[SLPS]	0	97.587	-173.559	0	59.588	0	0	0	0	
1	[SLPS]	0	97.587	-173.559	0	59.588	0	0	0	0	
1	[SLPS]	0	98.013	-173.314	0	59.622	0	0	0	0	
1	[SLPS]	0	98.013	-173.314	0	59.622	0	0	0	0	
1	[SLPS]	0	98.223	-173.189	0	59.627	0	0	0	0	
1	[SLPS]	0	98.435	-173.074	0	59.644	0	0	0	0	
1	[SLPS]	0	98.643	-172.944	0	59.629	0	0	0	0	
1	[SLPS]	0	98.860	-172.828	0	59.643	0	0	0	0	
1	[SLPS]	0	98.860	-172.828	0	59.643	0	0	0	0	
1	[SLPS]	0	99.075	-172.704	0	59.641	0	0	0	0	
1	[SLPS]	0	99.288	-172.581	0	59.608	0	0	0	0	
1	[SLPS]	0	99.518	-172.458	0	59.622	0	0	0	0	
1	[SLPS]	0	99.735	-172.338	0	59.622	0	0	0	0	
1	[SLPS]	0	99.735	-172.338	0	59.622	0	0	0	0	
1	[SLPS]	0	100.167	-172.083	0	59.610	0	0	0	0	
1	[SLPS]	0	100.167	-172.083	0	59.610	0	0	0	0	
1	[SLPS]	0	100.384	-171.961	0	59.615	0	0	0	0	
1	[SLPS]	0	100.597	-171.840	0	59.611	0	0	0	0	
1	[SLPS]	0	100.597	-171.840	0	59.611	0	0	0	0	
1	[SLPS]	0	101.020	-171.583	0	59.593	0	0	0	0	
1	[SLPS]	0	101.020	-171.583	0	59.593	0	0	0	0	
1	[SLPS]	0	101.236	-171.454	0	59.583	0	0	0	0	
1	[SLPS]	0	101.443	-171.334	0	59.580	0	0	0	0	
1	[SLPS]	0	101.443	-171.334	0	59.580	0	0	0	0	
1	[SLPS]	0	101.875	-171.084	0	59.555	0	0	0	0	
1	[SLPS]	0	101.875	-171.084	0	59.555	0	0	0	0	
1	[SLPS]	0	102.083	-170.954	0	59.520	0	0	0	0	
1	[SLPS]	0	102.298	-170.826	0	59.501	0	0	0	0	
1	[SLPS]	0	102.298	-170.826	0	59.501	0	0	0	0	
1	[SLPS]	0	102.727	-170.574	0	59.465	0	0	0	0	
1	[SLPS]	0	102.727	-170.574	0	59.465	0	0	0	0	
1	[SLPS]	0	102.936	-170.438	0	59.424	0	0	0	0	
1	[SLPS]	0	103.151	-170.319	0	59.420	0	0	0	0	
1	[SLPS]	0	103.369	-170.194	0	59.402	0	0	0	0	
1	[SLPS]	0	103.580	-170.059	0	59.370	0	0	0	0	
1	[SLPS]	0	103.580	-170.059	0	59.370	0	0	0	0	
1	[SLPS]	0	104.017	-169.789	0	59.326	0	0	0	0	
1	[SLPS]	0	104.017	-169.789	0	59.326	0	0	0	0	
1	[SLPS]	0	104.228	-169.663	0	59.304	0	0	0	0	
1	[SLPS]	0	104.451	-169.544	0	59.303	0	0	0	0	
1	[SLPS]	0	104.451	-169.544	0	59.303	0	0	0	0	
1	[SLPS]	0	104.890	-169.286	0	59.263	0	0	0	0	
1	[SLPS]	0	104.890	-169.286	0	59.263	0	0	0	0	
1	[SLPS]	0	105.114	-169.145	0	59.232	0	0	0	0	
1	[SLPS]	0	105.336	-169.010	0	59.208	0	0	0	0	
1	[SLPS]	0	105.336	-169.010	0	59.208	0	0	0	0	
1	[SLPS]	0	105.776	-168.748	0	59.175	0	0	0	0	
1	[SLPS]	0	105.776	-168.748	0	59.175	0	0	0	0	
1	[SLPS]	0	105.995	-168.620	0	59.162	0	0	0	0	
1	[SLPS]	0	106.221	-168.490	0	59.146	0	0	0	0	
1	[SLPS]	0	106.221	-168.490	0	59.146	0	0	0	0	
1	[SLPS]	0	106.661	-168.223	0	59.094	0	0	0	0	
1	[SLPS]	0	106.661	-168.223	0	59.094	0	0	0	0	
1	[SLPS]	0	106.880	-168.087	0	59.071	0	0	0	0	
1	[SLPS]	0	107.103	-167.958	0	59.060	0	0	0	0	
1	[SLPS]	0	107.103	-167.958	0	59.060	0	0	0	0	
1	[SLPS]	0	107.547	-167.689	0	59.026	0	0	0	0	
1	[SLPS]	0	107.547	-167.689	0	59.026	0	0	0	0	
1	[SLPS]	0	107.761	-167.541	0	58.980	0	0	0	0	
1	[SLPS]	0	107.984	-167.407	0	58.966	0	0	0	0	
1	[SLPS]	0	107.984	-167.407	0	58.966	0	0	0	0	
1	[SLPS]	0	108.432	-167.146	0	58.948	0	0	0	0	
1	[SLPS]	0	108.432	-167.146	0	58.948	0	0	0	0	
1	[SLPS]	0	108.653	-167.005	0	58.908	0	0	0	0	
1	[SLPS]	0	108.884	-166.865	0	58.870	0	0	0	0	
1	[SLPS]	0	108.884	-166.865	0	58.870	0	0	0	0	
1	[SLPS]	0	109.330	-166.605	0	58.802	0	0	0	0	
1	[SLPS]	0	109.330	-166.605	0	58.802	0	0	0	0	
1	[SLPS]	0	109.557	-166.466	0	58.750	0	0	0	0	
1	[SLPS]	0	109.782	-166.320	0	58.691	0	0	0	0	
1	[SLPS]	0	109.782	-166.320	0	58.691	0	0	0	0	
1	[SLPS]	0	110.235	-166.052	0	58.618	0	0	0	0	
1	[SLPS]	0	110.235	-166.052	0	58.618	0	0	0	0	
1	[SLPS]	0	110.465	-165.909	0	58.580	0	0	0	0	
1	[SLPS]	0	110.697	-165.771	0	58.537	0	0	0	0	
1	[SLPS]	0	110.697	-165.771	0	58.537	0	0	0	0	
1	[SLPS]	0	111.145	-165.489	0	58.438	0	0	0	0	
1	[SLPS]	0	111.145	-165.489	0	58.438	0	0	0	0	
1	[SLPS]	0	111.600	-165.197	0	58.338	0	0	0	0	
1	[SLPS]	0	111.600	-165.197	0	58.338	0	0	0	0	
1	[SLPS]	0	111.824	-165.048	0	58.278	0	0	0	0	
1	[SLPS]	0	112.051	-164.904	0	58.229	0	0	0	0	
1	[SLPS]	0	112.051	-164.904	0	58.229	0	0	0	0	
1	[SLPS]	0	112.511	-164.629	0	58.150	0	0	0	0	
1	[SLPS]	0	112.511	-164.629	0	58.150	0	0	0	0	
1	[SLPS]	0	112.737	-164.488	0	58.110	0	0	0	0	
1	[SLPS]	0	112.964	-164.351	0	58.078	0	0	0	0	
1	[SLPS]	0	112.964	-164.351	0	58.078	0	0	0	0	
1	[SLPS]	0	113.432	-164.059	0	57.991	0	0	0	0	
1	[SLPS]	0	113.432	-164.059	0	57.991	0	0	0	0	
1	[SLPS]	0	113.660	-163.910	0	57.942	0	0	0	0	
1	[SLPS]	0	113.893	-163.771	0	57.913	0	0	0	0	
1	[SLPS]	0	113.893	-163.771	0	57.913	0	0	0	0	
1	[SLPS]	0	114.353	-163.471	0	57.832	0	0	0	0	
1	[SLPS]	0	114.353	-163.471	0	57.832	0	0	0	0	
1	[SLPS]	0	114.590	-163.327	0	57.811	0	0	0	0	
1	[SLPS]	0	114.822	-163.179	0	57.789	0	0	0	0	
1	[SLPS]	0	114.822	-163.179	0	57.789	0	0	0	0	
1	[SLPS]	0	115.286	-162.884	0	57.762	0	0	0	0	
1	[SLPS]	0	115.286	-162.884	0	57.762	0	0	0	0	
1	[SLPS]	0	115.523	-162.732	0	57.749	0	0	0	0	
1	[SLPS]	0	115.753	-162.587	0	57.744	0	0	0	0	
1	[SLPS]	0	115.753	-162.587	0	57.744	0	0	0	0	
1	[SLPS]	0	116.226	-162.284	0	57.728	0	0	0	0	
1	[SLPS]	0	116.226	-162.284	0	57.728	0	0	0	0	
1	[SLPS]	0	116.468	-162.131	0	57.731	0	0	0	0	
1	[SLPS]	0	116.699	-161.982	0	57.736	0	0	0	0	
1	[SLPS]	0	116.699	-161.982	0	57.736	0	0	0	0	
1	[SLPS]	0	117.171	-161.678	0	57.767	0	0	0	0	
1	[SLPS]	0	117.171	-161.678	0	57.767	0	0	0	0	
1	[SLPS]	0	117.411	-161.531	0	57.790	0	0	0	0	
1	[SLPS]	0	117.642	-161.383	0	57.815	0	0	0	0	
1	[SLPS]	0	117.881	-161.234	0	57.851	0	0	0	0	
1	[SLPS]	0	118.117	-161.085	0	57.888	0	0	0	0	
1	[SLPS]	0	118.117	-161.085	0	57.888	0	0	0	0	
1	[SLPS]	0	118.353	-160.932	0	57.926	0	0	0	0	
1	[SLPS]	0	118.598	-160.788	0	57.982	0	0	0	0	
1	[SLPS]	0	118.835	-160.635	0	58.012	0	0	0	0	
1	[SLPS]	0	119.082	-160.493	0	58.062	0	0	0	0	
1	[SLPS]	0	119.082	-160.493	0	58.062	0	0	0	0	
1	[SLPS]	0	119.557	-160.190	0	58.115	0	0	0	0	
1	[SLPS]	0	119.557	-160.190	0	58.115	0	0	0	0	
1	[SLPS]	0	119.794	-160.042	0	58.150	0	0	0	0	
1	[SLPS]	0	120.036	-159.891	0	58.187	0	0	0	0	
1	[SLPS]	0	120.036	-159.891	0	58.187	0	0	0	0	
1	[SLPS]	0	120.523	-159.584	0	58.246	0	0	0	0	
1	[SLPS]	0	120.523	-159.584	0	58.246	0	0	0	0	
1	[SLPS]	0	120.767	-159.434	0	58.281	0	0	0	0	
1	[SLPS]	0	121.016	-159.286	0	58.318	0	0	0	0	
1	[SLPS]	0	121.016	-159.286	0	58.318	0	0	0	0	
1	[SLPS]	0	121.493	-158.985	0	58.373	0	0	0	0	
1	[SLPS]	0	121.493	-158.985	0	58.373	0	0	0	0	
1	[SLPS]	0	121.741	-158.833	0	58.410	0	0	0	0	
1	[SLPS]	0	121.985	-158.683	0	58.450	0	0	0	0	
1	[SLPS]	0	121.985	-158.683	0	58.450	0	0	0	0	
1	[SLPS]	0	122.481	-158.396	0	58.554	0	0	0	0	
1	[SLPS]	0	122.481	-158.396	0	58.554	0	0	0	0	
1	[SLPS]	0	122.979	-158.089	0	58.627	0	0	0	0	
1	[SLPS]	0	122.979	-158.089	0	58.627	0	0	0	0	
1	[SLPS]	0	123.229	-157.941	0	58.670	0	0	0	0	
1	[SLPS]	0	123.479	-157.796	0	58.713	0	0	0	0	
1	[SLPS]	0	123.479	-157.796	0	58.713	0	0	0	0	
1	[SLPS]	0	123.983	-157.489	0	58.798	0	0	0	0	
1	[SLPS]	0	123.983	-157.489	0	58.798	0	0	0	0	
1	[SLPS]	0	124.229	-157.338	0	58.830	0	0	0	0	
1	[SLPS]	0	124.485	-157.184	0	58.876	0	0	0	0	
1	[SLPS]	0	124.485	-157.184	0	58.876	0	0	0	0	
1	[SLPS]	0	124.728	-157.036	0	58.927	0	0	0	0	
1	[SLPS]	0	124.976	-156.882	0	58.986	0	0	0	0	
1	[SLPS]	0	125.223	-156.732	0	59.038	0	0	0	0	
1	[SLPS]	0	125.468	-156.586	0	59.092	0	0	0	0	
1	[SLPS]	0	125.468	-156.586	0	59.092	0	0	0	0	
1	[SLPS]	0	125.969	-156.284	0	59.208	0	0	0	0	
1	[SLPS]	0	125.969	-156.284	0	59.208	0	0	0	0	
1	[SLPS]	0	126.217	-156.136	0	59.262	0	0	0	0	
1	[SLPS]	0	126.461	-155.989	0	59.300	0	0	0	0	
1	[SLPS]	0	126.461	-155.989	0	59.300	0	0	0	0	
1	[SLPS]	0	126.972	-155.681	0	59.377	0	0	0	0	
1	[SLPS]	0	126.972	-155.681	0	59.377	0	0	0	0	
1	[SLPS]	0	127.211	-155.539	0	59.404	0	0	0	0	
1	[SLPS]	0	127.450	-155.395	0	59.422	0	0	0	0	
1	[SLPS]	0	127.450	-155.395	0	59.422	0	0	0	0	
1	[SLPS]	0	127.948	-155.101	0	59.442	0	0	0	0	
1	[SLPS]	0	127.948	-155.101	0	59.442	0	0	0	0	
1	[SLPS]	0	128.198	-154.958	0	59.450	0	0	0	0	
1	[SLPS]	0	128.445	-154.816	0	59.454	0	0	0	0	
1	[SLPS]	0	128.696	-154.670	0	59.464	0	0	0	0	
1	[SLPS]	0	128.946	-154.525	0	59.471	0	0	0	0	
1	[SLPS]	0	128.946	-154.525	0	59.471	0	0	0	0	
1	[SLPS]	0	129.438	-154.235	0	59.487	0	0	0	0	
1	[SLPS]	0	129.438	-154.235	0	59.487	0	0	0	0	
1	[SLPS]	0	129.687	-154.091	0	59.491	0	0	0	0	
1	[SLPS]	0	129.934	-153.943	0	59.488	0	0	0	0	
1	[SLPS]	0	129.934	-153.943	0	59.488	0	0	0	0	
1	[SLPS]	0	130.433	-153.648	0	59.495	0	0	0	0	
1	[SLPS]	0	130.433	-153.648	0	59.495	0	0	0	0	
1	[SLPS]	0	130.678	-153.501	0	59.501	0	0	0	0	
1	[SLPS]	0	130.932	-153.346	0	59.508	0	0	0	0	
1	[SLPS]	0	130.932	-153.346	0	59.508	0	0	0	0	
1	[SLPS]	0	131.420	-153.060	0	59.539	0	0	0	0	
1	[SLPS]	0	131.420	-153.060	0	59.539	0	0	0	0	
1	[SLPS]	0	131.662	-152.904	0	59.531	0	0	0	0	
1	[SLPS]	0	131.919	-152.746	0	59.522	0	0	0	0	
1	[SLPS]	0	131.919	-152.746	0	59.522	0	0	0	0	
1	[SLPS]	0	132.414	-152.451	0	59.528	0	0	0	0	
1	[SLPS]	0	132.414	-152.451	0	59.528	0	0	0	0	
1	[SLPS]	0	132.672	-152.301	0	59.541	0	0	0	0	
1	[SLPS]	0	132.915	-152.153	0	59.545	0	0	0	0	
1	[SLPS]	0	132.915	-152.153	0	59.545	0	0	0	0	
1	[SLPS]	0	133.404	-151.862	0	59.563	0	0	0	0	
1	[SLPS]	0	133.404	-151.862	0	59.563	0	0	0	0	
1	[SLPS]	0	133.654	-151.717	0	59.566	0	0	0	0	
1	[SLPS]	0	133.907	-151.573	0	59.570	0	0	0	0	
1	[SLPS]	0	134.156	-151.425	0	59.580	0	0	0	0	
1	[SLPS]	0	134.404	-151.278	0	59.592	0	0	0	0	
1	[SLPS]	0	134.404	-151.278	0	59.592	0	0	0	0	
1	[SLPS]	0	134.655	-151.133	0	59.593	0	0	0	0	
1	[SLPS]	0	134.904	-150.981	0	59.587	0	0	0	0	
1	[SLPS]	0	134.904	-150.981	0	59.587	0	0	0	0	
1	[SLPS]	0	135.418	-150.682	0	59.572	0	0	0	0	
1	[SLPS]	0	135.418	-150.682	0	59.572	0	0	0	0	
1	[SLPS]	0	135.663	-150.529	0	59.548	0	0	0	0	
1	[SLPS]	0	135.911	-150.387	0	59.538	0	0	0	0	
1	[SLPS]	0	135.911	-150.387	0	59.538	0	0	0	0	
1	[SLPS]	0	136.418	-150.098	0	59.542	0	0	0	0	
1	[SLPS]	0	136.418	-150.098	0	59.542	0	0	0	0	
1	[SLPS]	0	136.665	-149.946	0	59.534	0	0	0	0	
1	[SLPS]	0	136.920	-149.803	0	59.530	0	0	0	0	
1	[SLPS]	0	137.165	-149.650	0	59.499	0	0	0	0	
1	[SLPS]	0	137.418	-149.508	0	59.492	0	0	0	0	
1	[SLPS]	0	137.418	-149.508	0	59.492	0	0	0	0	
1	[SLPS]	0	137.913	-149.207	0	59.467	0	0	0	0	
1	[SLPS]	0	137.913	-149.207	0	59.467	0	0	0	0	
1	[SLPS]	0	138.163	-149.061	0	59.469	0	0	0	0	
1	[SLPS]	0	138.412	-148.913	0	59.465	0	0	0	0	
1	[SLPS]	0	138.412	-148.913	0	59.465	0	0	0	0	
1	[SLPS]	0	138.914	-148.617	0	59.452	0	0	0	0	
1	[SLPS]	0	138.914	-148.617	0	59.452	0	0	0	0	
1	[SLPS]	0	139.165	-148.469	0	59.441	0	0	0	0	
1	[SLPS]	0	139.415	-148.320	0	59.432	0	0	0	0	
1	[SLPS]	0	139.415	-148.320	0	59.432	0	0	0	0	
1	[SLPS]	0	139.912	-148.025	0	59.440	0	0	0	0	
1	[SLPS]	0	139.912	-148.025	0	59.440	0	0	0	0	
1	[SLPS]	0	140.162	-147.874	0	59.449	0	0	0	0	
1	[SLPS]	0	140.410	-147.726	0	59.453	0	0	0	0	
1	[SLPS]	0	140.410	-147.726	0	59.453	0	0	0	0	
1	[SLPS]	0	140.916	-147.425	0	59.462	0	0	0	0	
1	[SLPS]	0	140.916	-147.425	0	59.462	0	0	0	0	
1	[SLPS]	0	141.166	-147.279	0	59.463	0	0	0	0	
1	[SLPS]	0	141.410	-147.132	0	59.462	0	0	0	0	
1	[SLPS]	0	141.410	-147.132	0	59.462	0	0	0	0	
1	[SLPS]	0	141.909	-146.827	0	59.451	0	0	0	0	
1	[SLPS]	0	141.909	-146.827	0	59.451	0	0	0	0	
1	[SLPS]	0	142.408	-146.532	0	59.462	0	0	0	0	
1	[SLPS]	0	142.408	-146.532	0	59.462	0	0	0	0	
1	[SLPS]	0	142.659	-146.385	0	59.469	0	0	0	0	
1	[SLPS]	0	142.910	-146.231	0	59.466	0	0	0	0	
1	[SLPS]	0	142.910	-146.231	0	59.466	0	0	0	0	
1	[SLPS]	0	143.412	-145.943	0	59.490	0	0	0	0	
1	[SLPS]	0	143.412	-145.943	0	59.490	0	0	0	0	
1	[SLPS]	0	143.665	-145.794	0	59.498	0	0	0	0	
1	[SLPS]	0	143.915	-145.641	0	59.496	0	0	0	0	
1	[SLPS]	0	143.915	-145.641	0	59.496	0	0	0	0	
1	[SLPS]	0	144.416	-145.340	0	59.507	0	0	0	0	
1	[SLPS]	0	144.416	-145.340	0	59.507	0	0	0	0	
1	[SLPS]	0	144.667	-145.188	0	59.510	0	0	0	0	
1	[SLPS]	0	144.916	-145.039	0	59.518	0	0	0	0	
1	[SLPS]	0	144.916	-145.039	0	59.518	0	0	0	0	
1	[SLPS]	0	145.417	-144.740	0	59.547	0	0	0	0	
1	[SLPS]	0	145.417	-144.740	0	59.547	0	0	0	0	
1	[SLPS]	0	145.670	-144.588	0	59.554	0	0	0	0	
1	[SLPS]	0	145.922	-144.438	0	59.564	0	0	0	0	
1	[SLPS]	0	145.922	-144.438	0	59.564	0	0	0	0	
1	[SLPS]	0	146.419	-144.148	0	59.574	0	0	0	0	
1	[SLPS]	0	146.419	-144.148	0	59.574	0	0	0	0	
1	[SLPS]	0	146.668	-144.003	0	59.574	0	0	0	0	
1	[SLPS]	0	146.922	-143.854	0	59.575	0	0	0	0	
1	[SLPS]	0	146.922	-143.854	0	59.575	0	0	0	0	
1	[SLPS]	0	147.431	-143.557	0	59.605	0	0	0	0	
1	[SLPS]	0	147.431	-143.557	0	59.605	0	0	0	0	
1	[SLPS]	0	147.683	-143.413	0	59.639	0	0	0	0	
1	[SLPS]	0	147.936	-143.259	0	59.655	0	0	0	0	
1	[SLPS]	0	147.936	-143.259	0	59.655	0	0	0	0	
1	[SLPS]	0	148.438	-142.962	0	59.679	0	0	0	0	
1	[SLPS]	0	148.438	-142.962	0	59.679	0	0	0	0	
1	[SLPS]	0	148.691	-142.810	0	59.684	0	0	0	0	
1	[SLPS]	0	148.953	-142.658	0	59.707	0	0	0	0	
1	[SLPS]	0	148.953	-142.658	0	59.707	0	0	0	0	
1	[SLPS]	0	149.463	-142.370	0	59.749	0	0	0	0	
1	[SLPS]	0	149.463	-142.370	0	59.749	0	0	0	0	
1	[SLPS]	0	149.716	-142.218	0	59.762	0	0	0	0	
1	[SLPS]	0	149.977	-142.072	0	59.783	0	0	0	0	
1	[SLPS]	0	150.227	-141.934	0	59.805	0	0	0	0	
1	[SLPS]	0	150.479	-141.792	0	59.824	0	0	0	0	
1	[SLPS]	0	150.479	-141.792	0	59.824	0	0	0	0	
1	[SLPS]	0	150.985	-141.492	0	59.853	0	0	0	0	
1	[SLPS]	0	150.985	-141.492	0	59.853	0	0	0	0	
1	[SLPS]	0	151.244	-141.349	0	59.878	0	0	0	0	
1	[SLPS]	0	151.498	-141.202	0	59.890	0	0	0	0	
1	[SLPS]	0	151.498	-141.202	0	59.890	0	0	0	0	
1	[SLPS]	0	152.005	-140.907	0	59.900	0	0	0	0	
1	[SLPS]	0	152.005	-140.907	0	59.900	0	0	0	0	
1	[SLPS]	0	152.260	-140.756	0	59.909	0	0	0	0	
1	[SLPS]	0	152.509	-140.612	0	59.927	0	0	0	0	
1	[SLPS]	0	152.509	-140.612	0	59.927	0	0	0	0	
1	[SLPS]	0	153.016	-140.303	0	59.955	0	0	0	0	
1	[SLPS]	0	153.016	-140.303	0	59.955	0	0	0	0	
1	[SLPS]	0	153.274	-140.161	0	59.990	0	0	0	0	
1	[SLPS]	0	153.511	-140.002	0	59.993	0	0	0	0	
1	[SLPS]	0	153.511	-140.002	0	59.993	0	0	0	0	
1	[SLPS]	0	154.026	-139.707	0	60.030	0	0	0	0	
1	[SLPS]	0	154.026	-139.707	0	60.030	0	0	0	0	
1	[SLPS]	0	154.282	-139.556	0	60.038	0	0	0	0	
1	[SLPS]	0	154.536	-139.406	0	60.056	0	0	0	0	
1	[SLPS]	0	154.536	-139.406	0	60.056	0	0	0	0	
1	[SLPS]	0	155.058	-139.114	0	60.091	0	0	0	0	
1	[SLPS]	0	155.058	-139.114	0	60.091	0	0	0	0	
1	[SLPS]	0	155.323	-138.967	0	60.109	0	0	0	0	
1	[SLPS]	0	155.566	-138.826	0	60.120	0	0	0	0	
1	[SLPS]	0	155.566	-138.826	0	60.120	0	0	0	0	
1	[SLPS]	0	156.083	-138.533	0	60.150	0	0	0	0	
1	[SLPS]	0	156.083	-138.533	0	60.150	0	0	0	0	
1	[SLPS]	0	156.340	-138.377	0	60.157	0	0	0	0	
1	[SLPS]	0	156.592	-138.235	0	60.176	0	0	0	0	
1	[SLPS]	0	156.852	-138.081	0	60.189	0	0	0	0	
1	[SLPS]	0	157.113	-137.936	0	60.214	0	0	0	0	
1	[SLPS]	0	157.113	-137.936	0	60.214	0	0	0	0	
1	[SLPS]	0	157.623	-137.639	0	60.234	0	0	0	0	
1	[SLPS]	0	157.623	-137.639	0	60.234	0	0	0	0	
1	[SLPS]	0	157.885	-137.495	0	60.261	0	0	0	0	
1	[SLPS]	0	158.137	-137.348	0	60.280	0	0	0	0	
1	[SLPS]	0	158.137	-137.348	0	60.280	0	0	0	0	
1	[SLPS]	0	158.649	-137.051	0	60.307	0	0	0	0	
1	[SLPS]	0	158.649	-137.051	0	60.307	0	0	0	0	
1	[SLPS]	0	158.913	-136.898	0	60.320	0	0	0	0	
1	[SLPS]	0	159.167	-136.752	0	60.338	0	0	0	0	
1	[SLPS]	0	159.167	-136.752	0	60.338	0	0	0	0	
1	[SLPS]	0	159.687	-136.458	0	60.367	0	0	0	0	
1	[SLPS]	0	159.687	-136.458	0	60.367	0	0	0	0	
1	[SLPS]	0	159.945	-136.301	0	60.370	0	0	0	0	
1	[SLPS]	0	160.208	-136.154	0	60.378	0	0	0	0	
1	[SLPS]	0	160.208	-136.154	0	60.378	0	0	0	0	
1	[SLPS]	0	160.721	-135.855	0	60.373	0	0	0	0	
1	[SLPS]	0	160.721	-135.855	0	60.373	0	0	0	0	
1	[SLPS]	0	160.984	-135.711	0	60.377	0	0	0	0	
1	[SLPS]	0	161.242	-135.559	0	60.371	0	0	0	0	
1	[SLPS]	0	161.242	-135.559	0	60.371	0	0	0	0	
1	[SLPS]	0	161.756	-135.261	0	60.348	0	0	0	0	
1	[SLPS]	0	161.756	-135.261	0	60.348	0	0	0	0	
1	[SLPS]	0	162.014	-135.112	0	60.325	0	0	0	0	
1	[SLPS]	0	162.273	-134.968	0	60.306	0	0	0	0	
1	[SLPS]	0	162.273	-134.968	0	60.306	0	0	0	0	
1	[SLPS]	0	162.786	-134.673	0	60.269	0	0	0	0	
1	[SLPS]	0	162.786	-134.673	0	60.269	0	0	0	0	
1	[SLPS]	0	163.044	-134.523	0	60.244	0	0	0	0	
1	[SLPS]	0	163.302	-134.377	0	60.224	0	0	0	0	
1	[SLPS]	0	163.302	-134.377	0	60.224	0	0	0	0	
1	[SLPS]	0	163.814	-134.074	0	60.181	0	0	0	0	
1	[SLPS]	0	163.814	-134.074	0	60.181	0	0	0	0	
1	[SLPS]	0	164.073	-133.927	0	60.173	0	0	0	0	
1	[SLPS]	0	164.327	-133.768	0	60.151	0	0	0	0	
1	[SLPS]	0	164.327	-133.768	0	60.151	0	0	0	0	
1	[SLPS]	0	164.845	-133.473	0	60.152	0	0	0	0	
1	[SLPS]	0	164.845	-133.473	0	60.152	0	0	0	0	
1	[SLPS]	0	165.362	-133.175	0	60.142	0	0	0	0	
1	[SLPS]	0	165.362	-133.175	0	60.142	0	0	0	0	
1	[SLPS]	0	165.629	-133.025	0	60.142	0	0	0	0	
1	[SLPS]	0	165.887	-132.881	0	60.140	0	0	0	0	
1	[SLPS]	0	165.887	-132.881	0	60.140	0	0	0	0	
1	[SLPS]	0	166.404	-132.582	0	60.127	0	0	0	0	
1	[SLPS]	0	166.404	-132.582	0	60.127	0	0	0	0	
1	[SLPS]	0	166.660	-132.428	0	60.112	0	0	0	0	
1	[SLPS]	0	166.916	-132.286	0	60.112	0	0	0	0	
1	[SLPS]	0	166.916	-132.286	0	60.112	0	0	0	0	
1	[SLPS]	0	167.429	-131.984	0	60.110	0	0	0	0	
1	[SLPS]	0	167.429	-131.984	0	60.110	0	0	0	0	
1	[SLPS]	0	167.691	-131.839	0	60.112	0	0	0	0	
1	[SLPS]	0	167.951	-131.687	0	60.116	0	0	0	0	
1	[SLPS]	0	167.951	-131.687	0	60.116	0	0	0	0	
1	[SLPS]	0	168.459	-131.381	0	60.112	0	0	0	0	
1	[SLPS]	0	168.459	-131.381	0	60.112	0	0	0	0	
1	[SLPS]	0	168.722	-131.234	0	60.122	0	0	0	0	
1	[SLPS]	0	168.973	-131.085	0	60.122	0	0	0	0	
1	[SLPS]	0	168.973	-131.085	0	60.122	0	0	0	0	
1	[SLPS]	0	169.491	-130.784	0	60.147	0	0	0	0	
1	[SLPS]	0	169.491	-130.784	0	60.147	0	0	0	0	
1	[SLPS]	0	169.754	-130.643	0	60.167	0	0	0	0	
1	[SLPS]	0	170.011	-130.494	0	60.176	0	0	0	0	
1	[SLPS]	0	170.011	-130.494	0	60.176	0	0	0	0	
1	[SLPS]	0	170.522	-130.201	0	60.185	0	0	0	0	
1	[SLPS]	0	170.522	-130.201	0	60.185	0	0	0	0	
1	[SLPS]	0	170.784	-130.048	0	60.189	0	0	0	0	
1	[SLPS]	0	171.039	-129.908	0	60.207	0	0	0	0	
1	[SLPS]	0	171.298	-129.756	0	60.219	0	0	0	0	
1	[SLPS]	0	171.556	-129.605	0	60.228	0	0	0	0	
1	[SLPS]	0	171.556	-129.605	0	60.228	0	0	0	0	
1	[SLPS]	0	171.808	-129.451	0	60.228	0	0	0	0	
1	[SLPS]	0	172.064	-129.314	0	60.237	0	0	0	0	
1	[SLPS]	0	172.317	-129.168	0	60.237	0	0	0	0	
1	[SLPS]	0	172.578	-129.020	0	60.239	0	0	0	0	
1	[SLPS]	0	172.578	-129.020	0	60.239	0	0	0	0	
1	[SLPS]	0	173.090	-128.724	0	60.262	0	0	0	0	
1	[SLPS]	0	173.090	-128.724	0	60.262	0	0	0	0	
1	[SLPS]	0	173.346	-128.566	0	60.261	0	0	0	0	
1	[SLPS]	0	173.609	-128.420	0	60.274	0	0	0	0	
1	[SLPS]	0	174.112	-128.128	0	60.269	0	0	0	0	
1	[SLPS]	0	174.112	-128.128	0	60.269	0	0	0	0	
1	[SLPS]	0	174.369	-127.984	0	60.262	0	0	0	0	
1	[SLPS]	0	174.620	-127.829	0	60.239	0	0	0	0	
1	[SLPS]	0	174.620	-127.829	0	60.239	0	0	0	0	
1	[SLPS]	0	174.880	-127.680	0	60.230	0	0	0	0	
1	[SLPS]	0	175.131	-127.536	0	60.218	0	0	0	0	
1	[SLPS]	0	175.389	-127.387	0	60.207	0	0	0	0	
1	[SLPS]	0	175.648	-127.234	0	60.183	0	0	0	0	
1	[SLPS]	0	175.648	-127.234	0	60.183	0	0	0	0	
1	[SLPS]	0	176.166	-126.945	0	60.154	0	0	0	0	
1	[SLPS]	0	176.166	-126.945	0	60.154	0	0	0	0	
1	[SLPS]	0	176.424	-126.789	0	60.120	0	0	0	0	
1	[SLPS]	0	176.682	-126.642	0	60.100	0	0	0	0	
1	[SLPS]	0	176.682	-126.642	0	60.100	0	0	0	0	
1	[SLPS]	0	177.194	-126.343	0	60.071	0	0	0	0	
1	[SLPS]	0	177.194	-126.343	0	60.071	0	0	0	0	
1	[SLPS]	0	177.452	-126.195	0	60.061	0	0	0	0	
1	[SLPS]	0	177.710	-126.046	0	60.043	0	0	0	0	
1	[SLPS]	0	177.710	-126.046	0	60.043	0	0	0	0	
1	[SLPS]	0	178.212	-125.737	0	59.997	0	0	0	0	
1	[SLPS]	0	178.212	-125.737	0	59.997	0	0	0	0	
1	[SLPS]	0	178.467	-125.587	0	59.983	0	0	0	0	
1	[SLPS]	0	178.725	-125.439	0	59.976	0	0	0	0	
1	[SLPS]	0	178.725	-125.439	0	59.976	0	0	0	0	
1	[SLPS]	0	179.241	-125.146	0	59.967	0	0	0	0	
1	[SLPS]	0	179.241	-125.146	0	59.967	0	0	0	0	
1	[SLPS]	0	179.497	-124.999	0	59.949	0	0	0	0	
1	[SLPS]	0	179.752	-124.849	0	59.926	0	0	0	0	
1	[SLPS]	0	179.752	-124.849	0	59.926	0	0	0	0	
1	[SLPS]	0	180.266	-124.556	0	59.904	0	0	0	0	
1	[SLPS]	0	180.266	-124.556	0	59.904	0	0	0	0	
1	[SLPS]	0	180.524	-124.410	0	59.912	0	0	0	0	
1	[SLPS]	0	180.781	-124.257	0	59.925	0	0	0	0	
1	[SLPS]	0	180.781	-124.257	0	59.925	0	0	0	0	
1	[SLPS]	0	181.292	-123.960	0	59.959	0	0	0	0	
1	[SLPS]	0	181.292	-123.960	0	59.959	0	0	0	0	
1	[SLPS]	0	181.548	-123.807	0	59.967	0	0	0	0	
1	[SLPS]	0	181.808	-123.659	0	59.976	0	0	0	0	
1	[SLPS]	0	182.066	-123.510	0	59.986	0	0	0	0	
1	[SLPS]	0	182.328	-123.358	0	59.997	0	0	0	0	
1	[SLPS]	0	182.328	-123.358	0	59.997	0	0	0	0	
1	[SLPS]	0	182.833	-123.052	0	60.013	0	0	0	0	
1	[SLPS]	0	182.833	-123.052	0	60.013	0	0	0	0	
1	[SLPS]	0	183.092	-122.909	0	60.033	0	0	0	0	
1	[SLPS]	0	183.339	-122.760	0	60.038	0	0	0	0	
1	[SLPS]	0	183.339	-122.760	0	60.038	0	0	0	0	
1	[SLPS]	0	183.854	-122.469	0	60.047	0	0	0	0	
1	[SLPS]	0	183.854	-122.469	0	60.047	0	0	0	0	
1	[SLPS]	0	184.113	-122.319	0	60.058	0	0	0	0	
1	[SLPS]	0	184.369	-122.170	0	60.071	0	0	0	0	
1	[SLPS]	0	184.369	-122.170	0	60.071	0	0	0	0	
1	[SLPS]	0	184.893	-121.896	0	60.103	0	0	0	0	
1	[SLPS]	0	184.893	-121.896	0	60.103	0	0	0	0	
1	[SLPS]	0	185.153	-121.742	0	60.107	0	0	0	0	
1	[SLPS]	0	185.410	-121.594	0	60.115	0	0	0	0	
1	[SLPS]	0	185.410	-121.594	0	60.115	0	0	0	0	
1	[SLPS]	0	185.924	-121.296	0	60.128	0	0	0	0	
1	[SLPS]	0	185.924	-121.296	0	60.128	0	0	0	0	
1	[SLPS]	0	186.179	-121.147	0	60.142	0	0	0	0	
1	[SLPS]	0	186.431	-121.002	0	60.152	0	0	0	0	
1	[SLPS]	0	186.431	-121.002	0	60.152	0	0	0	0	
1	[SLPS]	0	186.933	-120.704	0	60.159	0	0	0	0	
1	[SLPS]	0	186.933	-120.704	0	60.159	0	0	0	0	
1	[SLPS]	0	187.189	-120.563	0	60.176	0	0	0	0	
1	[SLPS]	0	187.438	-120.414	0	60.181	0	0	0	0	
1	[SLPS]	0	187.685	-120.271	0	60.199	0	0	0	0	
1	[SLPS]	0	187.934	-120.121	0	60.217	0	0	0	0	
1	[SLPS]	0	187.934	-120.121	0	60.217	0	0	0	0	
1	[SLPS]	0	188.437	-119.832	0	60.270	0	0	0	0	
1	[SLPS]	0	188.437	-119.832	0	60.270	0	0	0	0	
1	[SLPS]	0	188.681	-119.697	0	60.304	0	0	0	0	
1	[SLPS]	0	188.932	-119.552	0	60.328	0	0	0	0	
1	[SLPS]	0	188.932	-119.552	0	60.328	0	0	0	0	
1	[SLPS]	0	189.425	-119.270	0	60.361	0	0	0	0	
1	[SLPS]	0	189.425	-119.270	0	60.361	0	0	0	0	
1	[SLPS]	0	189.671	-119.130	0	60.379	0	0	0	0	
1	[SLPS]	0	189.910	-118.976	0	60.388	0	0	0	0	
1	[SLPS]	0	189.910	-118.976	0	60.388	0	0	0	0	
1	[SLPS]	0	190.403	-118.697	0	60.442	0	0	0	0	
1	[SLPS]	0	190.403	-118.697	0	60.442	0	0	0	0	
1	[SLPS]	0	190.894	-118.407	0	60.477	0	0	0	0	
1	[SLPS]	0	190.894	-118.407	0	60.477	0	0	0	0	
1	[SLPS]	0	191.138	-118.270	0	60.498	0	0	0	0	
1	[SLPS]	0	191.381	-118.133	0	60.521	0	0	0	0	
1	[SLPS]	0	191.381	-118.133	0	60.521	0	0	0	0	
1	[SLPS]	0	191.884	-117.855	0	60.578	0	0	0	0	
1	[SLPS]	0	191.884	-117.855	0	60.578	0	0	0	0	
1	[SLPS]	0	192.126	-117.710	0	60.590	0	0	0	0	
1	[SLPS]	0	192.370	-117.573	0	60.610	0	0	0	0	
1	[SLPS]	0	192.370	-117.573	0	60.610	0	0	0	0	
1	[SLPS]	0	192.873	-117.297	0	60.650	0	0	0	0	
1	[SLPS]	0	192.873	-117.297	0	60.650	0	0	0	0	
1	[SLPS]	0	193.115	-117.156	0	60.667	0	0	0	0	
1	[SLPS]	0	193.356	-117.016	0	60.691	0	0	0	0	
1	[SLPS]	0	193.356	-117.016	0	60.691	0	0	0	0	
1	[SLPS]	0	193.860	-116.737	0	60.738	0	0	0	0	
1	[SLPS]	0	193.860	-116.737	0	60.738	0	0	0	0	
1	[SLPS]	0	194.106	-116.586	0	60.739	0	0	0	0	
1	[SLPS]	0	194.351	-116.446	0	60.767	0	0	0	0	
1	[SLPS]	0	194.351	-116.446	0	60.767	0	0	0	0	
1	[SLPS]	0	194.844	-116.155	0	60.763	0	0	0	0	
1	[SLPS]	0	194.844	-116.155	0	60.763	0	0	0	0	
1	[SLPS]	0	195.090	-116.013	0	60.772	0	0	0	0	
1	[SLPS]	0	195.321	-115.883	0	60.772	0	0	0	0	
1	[SLPS]	0	195.321	-115.883	0	60.772	0	0	0	0	
1	[SLPS]	0	195.800	-115.610	0	60.764	0	0	0	0	
1	[SLPS]	0	195.800	-115.610	0	60.764	0	0	0	0	
1	[SLPS]	0	196.046	-115.477	0	60.761	0	0	0	0	
1	[SLPS]	0	196.284	-115.354	0	60.758	0	0	0	0	
1	[SLPS]	0	196.284	-115.354	0	60.758	0	0	0	0	
1	[SLPS]	0	196.762	-115.080	0	60.743	0	0	0	0	
1	[SLPS]	0	196.762	-115.080	0	60.743	0	0	0	0	
1	[SLPS]	0	197.000	-114.957	0	60.751	0	0	0	0	
1	[SLPS]	0	197.236	-114.823	0	60.752	0	0	0	0	
1	[SLPS]	0	197.236	-114.823	0	60.752	0	0	0	0	
1	[SLPS]	0	197.724	-114.576	0	60.753	0	0	0	0	
1	[SLPS]	0	197.724	-114.576	0	60.753	0	0	0	0	
1	[SLPS]	0	197.972	-114.445	0	60.755	0	0	0	0	
1	[SLPS]	0	198.215	-114.322	0	60.759	0	0	0	0	
1	[SLPS]	0	198.463	-114.189	0	60.751	0	0	0	0	
1	[SLPS]	0	198.706	-114.058	0	60.748	0	0	0	0	
1	[SLPS]	0	198.706	-114.058	0	60.748	0	0	0	0	
1	[SLPS]	0	199.175	-113.778	0	60.726	0	0	0	0	
1	[SLPS]	0	199.175	-113.778	0	60.726	0	0	0	0	
1	[SLPS]	0	199.406	-113.641	0	60.727	0	0	0	0	
1	[SLPS]	0	199.642	-113.500	0	60.721	0	0	0	0	
1	[SLPS]	0	199.642	-113.500	0	60.721	0	0	0	0	
1	[SLPS]	0	200.115	-113.230	0	60.714	0	0	0	0	
1	[SLPS]	0	200.115	-113.230	0	60.714	0	0	0	0	
1	[SLPS]	0	200.345	-113.102	0	60.719	0	0	0	0	
1	[SLPS]	0	200.580	-112.969	0	60.724	0	0	0	0	
1	[SLPS]	0	200.580	-112.969	0	60.724	0	0	0	0	
1	[SLPS]	0	201.050	-112.698	0	60.741	0	0	0	0	
1	[SLPS]	0	201.050	-112.698	0	60.741	0	0	0	0	
1	[SLPS]	0	201.285	-112.560	0	60.759	0	0	0	0	
1	[SLPS]	0	201.523	-112.426	0	60.786	0	0	0	0	
1	[SLPS]	0	201.523	-112.426	0	60.786	0	0	0	0	
1	[SLPS]	0	201.990	-112.162	0	60.821	0	0	0	0	
1	[SLPS]	0	201.990	-112.162	0	60.821	0	0	0	0	
1	[SLPS]	0	202.221	-112.030	0	60.827	0	0	0	0	
1	[SLPS]	0	202.461	-111.898	0	60.856	0	0	0	0	
1	[SLPS]	0	202.461	-111.898	0	60.856	0	0	0	0	
1	[SLPS]	0	202.925	-111.639	0	60.903	0	0	0	0	
1	[SLPS]	0	202.925	-111.639	0	60.903	0	0	0	0	
1	[SLPS]	0	203.157	-111.508	0	60.921	0	0	0	0	
1	[SLPS]	0	203.399	-111.375	0	60.935	0	0	0	0	
1	[SLPS]	0	203.399	-111.375	0	60.935	0	0	0	0	
1	[SLPS]	0	203.854	-111.123	0	60.956	0	0	0	0	
1	[SLPS]	0	203.854	-111.123	0	60.956	0	0	0	0	
1	[SLPS]	0	204.077	-110.987	0	60.945	0	0	0	0	
1	[SLPS]	0	204.309	-110.852	0	60.933	0	0	0	0	
1	[SLPS]	0	204.309	-110.852	0	60.933	0	0	0	0	
1	[SLPS]	0	204.773	-110.592	0	60.922	0	0	0	0	
1	[SLPS]	0	204.773	-110.592	0	60.922	0	0	0	0	
1	[SLPS]	0	205.003	-110.458	0	60.911	0	0	0	0	
1	[SLPS]	0	205.235	-110.322	0	60.906	0	0	0	0	
1	[SLPS]	0	205.468	-110.196	0	60.906	0	0	0	0	
1	[SLPS]	0	205.701	-110.069	0	60.892	0	0	0	0	
1	[SLPS]	0	205.701	-110.069	0	60.892	0	0	0	0	
1	[SLPS]	0	205.937	-109.937	0	60.877	0	0	0	0	
1	[SLPS]	0	206.171	-109.807	0	60.867	0	0	0	0	
1	[SLPS]	0	206.404	-109.679	0	60.860	0	0	0	0	
1	[SLPS]	0	206.633	-109.547	0	60.846	0	0	0	0	
1	[SLPS]	0	206.633	-109.547	0	60.846	0	0	0	0	
1	[SLPS]	0	207.098	-109.282	0	60.814	0	0	0	0	
1	[SLPS]	0	207.098	-109.282	0	60.814	0	0	0	0	
1	[SLPS]	0	207.098	-109.282	0	60.814	0	0	0	0	
1	[SLPS]	0	207.558	-109.021	0	60.779	0	0	0	0	
1	[SLPS]	0	207.558	-109.021	0	60.779	0	0	0	0	
1	[SLPS]	0	207.792	-108.888	0	60.761	0	0	0	0	
1	[SLPS]	0	208.020	-108.757	0	60.743	0	0	0	0	
1	[SLPS]	0	208.256	-108.627	0	60.738	0	0	0	0	
1	[SLPS]	0	208.488	-108.495	0	60.730	0	0	0	0	
1	[SLPS]	0	208.488	-108.495	0	60.730	0	0	0	0	
1	[SLPS]	0	208.944	-108.233	0	60.702	0	0	0	0	
1	[SLPS]	0	208.944	-108.233	0	60.702	0	0	0	0	
1	[SLPS]	0	209.170	-108.095	0	60.677	0	0	0	0	
1	[SLPS]	0	209.401	-107.970	0	60.663	0	0	0	0	
1	[SLPS]	0	209.401	-107.970	0	60.663	0	0	0	0	
1	[SLPS]	0	209.862	-107.700	0	60.632	0	0	0	0	
1	[SLPS]	0	209.862	-107.700	0	60.632	0	0	0	0	
1	[SLPS]	0	210.090	-107.582	0	60.628	0	0	0	0	
1	[SLPS]	0	210.313	-107.456	0	60.611	0	0	0	0	
1	[SLPS]	0	210.313	-107.456	0	60.611	0	0	0	0	
1	[SLPS]	0	210.766	-107.203	0	60.581	0	0	0	0	
1	[SLPS]	0	210.766	-107.203	0	60.581	0	0	0	0	
1	[SLPS]	0	210.992	-107.072	0	60.558	0	0	0	0	
1	[SLPS]	0	211.210	-106.946	0	60.539	0	0	0	0	
1	[SLPS]	0	211.210	-106.946	0	60.539	0	0	0	0	
1	[SLPS]	0	211.651	-106.697	0	60.510	0	0	0	0	
1	[SLPS]	0	211.651	-106.697	0	60.510	0	0	0	0	
1	[SLPS]	0	211.876	-106.576	0	60.506	0	0	0	0	
1	[SLPS]	0	212.092	-106.448	0	60.488	0	0	0	0	
1	[SLPS]	0	212.092	-106.448	0	60.488	0	0	0	0	
1	[SLPS]	0	212.525	-106.184	0	60.442	0	0	0	0	
1	[SLPS]	0	212.525	-106.184	0	60.442	0	0	0	0	
1	[SLPS]	0	212.740	-106.056	0	60.425	0	0	0	0	
1	[SLPS]	0	212.956	-105.944	0	60.427	0	0	0	0	
1	[SLPS]	0	212.956	-105.944	0	60.427	0	0	0	0	
1	[SLPS]	0	213.372	-105.687	0	60.387	0	0	0	0	
1	[SLPS]	0	213.372	-105.687	0	60.387	0	0	0	0	
1	[SLPS]	0	213.588	-105.554	0	60.367	0	0	0	0	
1	[SLPS]	0	213.795	-105.437	0	60.362	0	0	0	0	
1	[SLPS]	0	213.795	-105.437	0	60.362	0	0	0	0	
1	[SLPS]	0	214.209	-105.197	0	60.338	0	0	0	0	
1	[SLPS]	0	214.209	-105.197	0	60.338	0	0	0	0	
1	[SLPS]	0	214.429	-105.081	0	60.334	0	0	0	0	
1	[SLPS]	0	214.637	-104.965	0	60.320	0	0	0	0	
1	[SLPS]	0	214.637	-104.965	0	60.320	0	0	0	0	
1	[SLPS]	0	215.048	-104.725	0	60.284	0	0	0	0	
1	[SLPS]	0	215.048	-104.725	0	60.284	0	0	0	0	
1	[SLPS]	0	215.250	-104.610	0	60.272	0	0	0	0	
1	[SLPS]	0	215.440	-104.489	0	60.252	0	0	0	0	
1	[SLPS]	0	215.644	-104.379	0	60.255	0	0	0	0	
1	[SLPS]	0	215.857	-104.265	0	60.269	0	0	0	0	
1	[SLPS]	0	215.857	-104.265	0	60.269	0	0	0	0	
1	[SLPS]	0	216.056	-104.138	0	60.270	0	0	0	0	
1	[SLPS]	0	216.255	-104.016	0	60.278	0	0	0	0	
1	[SLPS]	0	216.476	-103.914	0	60.305	0	0	0	0	
1	[SLPS]	0	216.682	-103.795	0	60.306	0	0	0	0	
1	[SLPS]	0	216.682	-103.795	0	60.306	0	0	0	0	
1	[SLPS]	0	217.096	-103.561	0	60.311	0	0	0	0	
1	[SLPS]	0	217.096	-103.561	0	60.311	0	0	0	0	
1	[SLPS]	0	217.309	-103.455	0	60.325	0	0	0	0	
1	[SLPS]	0	217.512	-103.331	0	60.323	0	0	0	0	
1	[SLPS]	0	217.512	-103.331	0	60.323	0	0	0	0	
1	[SLPS]	0	217.929	-103.095	0	60.330	0	0	0	0	
1	[SLPS]	0	217.929	-103.095	0	60.330	0	0	0	0	
1	[SLPS]	0	218.136	-102.978	0	60.336	0	0	0	0	
1	[SLPS]	0	218.333	-102.859	0	60.329	0	0	0	0	
1	[SLPS]	0	218.333	-102.859	0	60.329	0	0	0	0	
1	[SLPS]	0	218.732	-102.623	0	60.315	0	0	0	0	
1	[SLPS]	0	218.732	-102.623	0	60.315	0	0	0	0	
1	[SLPS]	0	218.938	-102.505	0	60.317	0	0	0	0	
1	[SLPS]	0	219.144	-102.390	0	60.323	0	0	0	0	
1	[SLPS]	0	219.144	-102.390	0	60.323	0	0	0	0	
1	[SLPS]	0	219.558	-102.148	0	60.326	0	0	0	0	
1	[SLPS]	0	219.558	-102.148	0	60.326	0	0	0	0	
1	[SLPS]	0	219.759	-102.031	0	60.322	0	0	0	0	
1	[SLPS]	0	219.961	-101.910	0	60.317	0	0	0	0	
1	[SLPS]	0	219.961	-101.910	0	60.317	0	0	0	0	
1	[SLPS]	0	220.378	-101.665	0	60.310	0	0	0	0	
1	[SLPS]	0	220.378	-101.665	0	60.310	0	0	0	0	
1	[SLPS]	0	220.582	-101.553	0	60.308	0	0	0	0	
1	[SLPS]	0	220.790	-101.435	0	60.298	0	0	0	0	
1	[SLPS]	0	220.790	-101.435	0	60.298	0	0	0	0	
1	[SLPS]	0	221.196	-101.192	0	60.246	0	0	0	0	
1	[SLPS]	0	221.196	-101.192	0	60.246	0	0	0	0	
1	[SLPS]	0	221.406	-101.072	0	60.219	0	0	0	0	
1	[SLPS]	0	221.596	-100.957	0	60.183	0	0	0	0	
1	[SLPS]	0	221.596	-100.957	0	60.183	0	0	0	0	
1	[SLPS]	0	222.013	-100.722	0	60.127	0	0	0	0	
1	[SLPS]	0	222.013	-100.722	0	60.127	0	0	0	0	
1	[SLPS]	0	222.215	-100.607	0	60.105	0	0	0	0	
1	[SLPS]	0	222.419	-100.491	0	60.082	0	0	0	0	
1	[SLPS]	0	222.419	-100.491	0	60.082	0	0	0	0	
1	[SLPS]	0	222.821	-100.260	0	60.051	0	0	0	0	
1	[SLPS]	0	222.821	-100.260	0	60.051	0	0	0	0	
1	[SLPS]	0	223.021	-100.145	0	60.048	0	0	0	0	
1	[SLPS]	0	223.219	-100.023	0	60.041	0	0	0	0	
1	[SLPS]	0	223.219	-100.023	0	60.041	0	0	0	0	
1	[SLPS]	0	223.617	-99.790	0	60.031	0	0	0	0	
1	[SLPS]	0	223.617	-99.790	0	60.031	0	0	0	0	
1	[SLPS]	0	223.821	-99.669	0	60.015	0	0	0	0	
1	[SLPS]	0	224.017	-99.559	0	59.999	0	0	0	0	
1	[SLPS]	0	224.017	-99.559	0	59.999	0	0	0	0	
1	[SLPS]	0	224.419	-99.322	0	59.971	0	0	0	0	
1	[SLPS]	0	224.419	-99.322	0	59.971	0	0	0	0	
1	[SLPS]	0	224.616	-99.203	0	59.964	0	0	0	0	
1	[SLPS]	0	224.816	-99.089	0	59.965	0	0	0	0	
1	[SLPS]	0	224.816	-99.089	0	59.965	0	0	0	0	
1	[SLPS]	0	225.216	-98.861	0	59.950	0	0	0	0	
1	[SLPS]	0	225.216	-98.861	0	59.950	0	0	0	0	
1	[SLPS]	0	225.418	-98.747	0	59.946	0	0	0	0	
1	[SLPS]	0	225.613	-98.626	0	59.933	0	0	0	0	
1	[SLPS]	0	225.613	-98.626	0	59.933	0	0	0	0	
1	[SLPS]	0	226.001	-98.385	0	59.904	0	0	0	0	
1	[SLPS]	0	226.001	-98.385	0	59.904	0	0	0	0	
1	[SLPS]	0	226.198	-98.262	0	59.892	0	0	0	0	
1	[SLPS]	0	226.390	-98.148	0	59.883	0	0	0	0	
1	[SLPS]	0	226.390	-98.148	0	59.883	0	0	0	0	
1	[SLPS]	0	226.784	-97.911	0	59.875	0	0	0	0	
1	[SLPS]	0	226.784	-97.911	0	59.875	0	0	0	0	
1	[SLPS]	0	226.983	-97.793	0	59.864	0	0	0	0	
1	[SLPS]	0	227.184	-97.683	0	59.860	0	0	0	0	
1	[SLPS]	0	227.184	-97.683	0	59.860	0	0	0	0	
1	[SLPS]	0	227.568	-97.453	0	59.838	0	0	0	0	
1	[SLPS]	0	227.568	-97.453	0	59.838	0	0	0	0	
1	[SLPS]	0	227.768	-97.343	0	59.835	0	0	0	0	
1	[SLPS]	0	227.965	-97.225	0	59.825	0	0	0	0	
1	[SLPS]	0	227.965	-97.225	0	59.825	0	0	0	0	
1	[SLPS]	0	228.348	-97.006	0	59.810	0	0	0	0	
1	[SLPS]	0	228.348	-97.006	0	59.810	0	0	0	0	
1	[SLPS]	0	228.541	-96.890	0	59.804	0	0	0	0	
1	[SLPS]	0	228.739	-96.780	0	59.798	0	0	0	0	
1	[SLPS]	0	228.739	-96.780	0	59.798	0	0	0	0	
1	[SLPS]	0	229.118	-96.556	0	59.771	0	0	0	0	
1	[SLPS]	0	229.118	-96.556	0	59.771	0	0	0	0	
1	[SLPS]	0	229.311	-96.442	0	59.764	0	0	0	0	
1	[SLPS]	0	229.503	-96.329	0	59.785	0	0	0	0	
1	[SLPS]	0	229.503	-96.329	0	59.785	0	0	0	0	
1	[SLPS]	0	229.873	-96.098	0	59.758	0	0	0	0	
1	[SLPS]	0	229.873	-96.098	0	59.758	0	0	0	0	
1	[SLPS]	0	230.064	-95.981	0	59.749	0	0	0	0	
1	[SLPS]	0	230.256	-95.871	0	59.746	0	0	0	0	
1	[SLPS]	0	230.444	-95.758	0	59.746	0	0	0	0	
1	[SLPS]	0	230.634	-95.646	0	59.747	0	0	0	0	
1	[SLPS]	0	230.634	-95.646	0	59.747	0	0	0	0	
1	[SLPS]	0	230.828	-95.534	0	59.755	0	0	0	0	
1	[SLPS]	0	231.021	-95.419	0	59.754	0	0	0	0	
1	[SLPS]	0	231.205	-95.309	0	59.751	0	0	0	0	
1	[SLPS]	0	231.395	-95.198	0	59.750	0	0	0	0	
1	[SLPS]	0	231.395	-95.198	0	59.750	0	0	0	0	
1	[SLPS]	0	231.780	-94.985	0	59.763	0	0	0	0	
1	[SLPS]	0	231.780	-94.985	0	59.763	0	0	0	0	
1	[SLPS]	0	231.964	-94.875	0	59.769	0	0	0	0	
1	[SLPS]	0	232.155	-94.764	0	59.774	0	0	0	0	
1	[SLPS]	0	232.155	-94.764	0	59.774	0	0	0	0	
1	[SLPS]	0	232.535	-94.553	0	59.784	0	0	0	0	
1	[SLPS]	0	232.535	-94.553	0	59.784	0	0	0	0	
1	[SLPS]	0	232.721	-94.440	0	59.783	0	0	0	0	
1	[SLPS]	0	232.902	-94.330	0	59.783	0	0	0	0	
1	[SLPS]	0	232.902	-94.330	0	59.783	0	0	0	0	
1	[SLPS]	0	233.285	-94.097	0	59.776	0	0	0	0	
