1	[SLPS]	0	543.030	-103.906	0	324.496	0	0	0	0	
1	[SLPS]	0	542.849	-103.650	0	324.500	0	0	0	0	
1	[SLPS]	0	542.849	-103.650	0	324.500	0	0	0	0	
1	[SLPS]	0	542.759	-103.525	0	324.507	0	0	0	0	
1	[SLPS]	0	542.671	-103.400	0	324.520	0	0	0	0	
1	[SLPS]	0	542.671	-103.400	0	324.520	0	0	0	0	
1	[SLPS]	0	542.485	-103.150	0	324.525	0	0	0	0	
1	[SLPS]	0	542.485	-103.150	0	324.525	0	0	0	0	
1	[SLPS]	0	542.398	-103.025	0	324.533	0	0	0	0	
1	[SLPS]	0	542.304	-102.903	0	324.533	0	0	0	0	
1	[SLPS]	0	542.304	-102.903	0	324.533	0	0	0	0	
1	[SLPS]	0	542.127	-102.651	0	324.572	0	0	0	0	
1	[SLPS]	0	542.127	-102.651	0	324.572	0	0	0	0	
1	[SLPS]	0	542.039	-102.525	0	324.590	0	0	0	0	
1	[SLPS]	0	541.956	-102.399	0	324.618	0	0	0	0	
1	[SLPS]	0	541.866	-102.274	0	324.623	0	0	0	0	
1	[SLPS]	0	541.779	-102.149	0	324.641	0	0	0	0	
1	[SLPS]	0	541.779	-102.149	0	324.641	0	0	0	0	
1	[SLPS]	0	541.603	-101.901	0	324.664	0	0	0	0	
1	[SLPS]	0	541.603	-101.901	0	324.664	0	0	0	0	
1	[SLPS]	0	541.515	-101.774	0	324.685	0	0	0	0	
1	[SLPS]	0	541.426	-101.648	0	324.702	0	0	0	0	
1	[SLPS]	0	541.426	-101.648	0	324.702	0	0	0	0	
1	[SLPS]	0	541.244	-101.396	0	324.721	0	0	0	0	
1	[SLPS]	0	541.244	-101.396	0	324.721	0	0	0	0	
1	[SLPS]	0	541.157	-101.266	0	324.745	0	0	0	0	
1	[SLPS]	0	541.065	-101.138	0	324.757	0	0	0	0	
1	[SLPS]	0	541.065	-101.138	0	324.757	0	0	0	0	
1	[SLPS]	0	540.882	-100.884	0	324.786	0	0	0	0	
1	[SLPS]	0	540.882	-100.884	0	324.786	0	0	0	0	
1	[SLPS]	0	540.789	-100.757	0	324.789	0	0	0	0	
1	[SLPS]	0	540.700	-100.630	0	324.803	0	0	0	0	
1	[SLPS]	0	540.700	-100.630	0	324.803	0	0	0	0	
1	[SLPS]	0	540.522	-100.365	0	324.859	0	0	0	0	
1	[SLPS]	0	540.522	-100.365	0	324.859	0	0	0	0	
1	[SLPS]	0	540.430	-100.236	0	324.879	0	0	0	0	
1	[SLPS]	0	540.340	-100.106	0	324.893	0	0	0	0	
1	[SLPS]	0	540.340	-100.106	0	324.893	0	0	0	0	
1	[SLPS]	0	540.157	-99.842	0	324.912	0	0	0	0	
1	[SLPS]	0	540.157	-99.842	0	324.912	0	0	0	0	
1	[SLPS]	0	540.066	-99.710	0	324.928	0	0	0	0	
1	[SLPS]	0	539.976	-99.580	0	324.948	0	0	0	0	
1	[SLPS]	0	539.976	-99.580	0	324.948	0	0	0	0	
1	[SLPS]	0	539.792	-99.314	0	324.995	0	0	0	0	
1	[SLPS]	0	539.792	-99.314	0	324.995	0	0	0	0	
1	[SLPS]	0	539.701	-99.181	0	325.022	0	0	0	0	
1	[SLPS]	0	539.607	-99.050	0	325.042	0	0	0	0	
1	[SLPS]	0	539.514	-98.921	0	325.062	0	0	0	0	
1	[SLPS]	0	539.423	-98.786	0	325.102	0	0	0	0	
1	[SLPS]	0	539.423	-98.786	0	325.102	0	0	0	0	
1	[SLPS]	0	539.333	-98.657	0	325.136	0	0	0	0	
1	[SLPS]	0	539.241	-98.522	0	325.177	0	0	0	0	
1	[SLPS]	0	539.151	-98.387	0	325.214	0	0	0	0	
1	[SLPS]	0	539.060	-98.256	0	325.242	0	0	0	0	
1	[SLPS]	0	539.060	-98.256	0	325.242	0	0	0	0	
1	[SLPS]	0	538.874	-97.989	0	325.303	0	0	0	0	
1	[SLPS]	0	538.874	-97.989	0	325.303	0	0	0	0	
1	[SLPS]	0	538.782	-97.857	0	325.331	0	0	0	0	
1	[SLPS]	0	538.694	-97.722	0	325.367	0	0	0	0	
1	[SLPS]	0	538.694	-97.722	0	325.367	0	0	0	0	
1	[SLPS]	0	538.507	-97.454	0	325.422	0	0	0	0	
1	[SLPS]	0	538.507	-97.454	0	325.422	0	0	0	0	
1	[SLPS]	0	538.419	-97.314	0	325.471	0	0	0	0	
1	[SLPS]	0	538.327	-97.177	0	325.504	0	0	0	0	
1	[SLPS]	0	538.327	-97.177	0	325.504	0	0	0	0	
1	[SLPS]	0	538.139	-96.908	0	325.556	0	0	0	0	
1	[SLPS]	0	538.139	-96.908	0	325.556	0	0	0	0	
1	[SLPS]	0	538.047	-96.770	0	325.589	0	0	0	0	
1	[SLPS]	0	537.955	-96.633	0	325.618	0	0	0	0	
1	[SLPS]	0	537.955	-96.633	0	325.618	0	0	0	0	
1	[SLPS]	0	537.764	-96.359	0	325.691	0	0	0	0	
1	[SLPS]	0	537.764	-96.359	0	325.691	0	0	0	0	
1	[SLPS]	0	537.673	-96.224	0	325.729	0	0	0	0	
1	[SLPS]	0	537.581	-96.087	0	325.754	0	0	0	0	
1	[SLPS]	0	537.581	-96.087	0	325.754	0	0	0	0	
1	[SLPS]	0	537.392	-95.809	0	325.815	0	0	0	0	
1	[SLPS]	0	537.392	-95.809	0	325.815	0	0	0	0	
1	[SLPS]	0	537.300	-95.668	0	325.852	0	0	0	0	
1	[SLPS]	0	537.207	-95.528	0	325.884	0	0	0	0	
1	[SLPS]	0	537.207	-95.528	0	325.884	0	0	0	0	
1	[SLPS]	0	537.017	-95.247	0	325.941	0	0	0	0	
1	[SLPS]	0	537.017	-95.247	0	325.941	0	0	0	0	
1	[SLPS]	0	536.829	-94.965	0	326.004	0	0	0	0	
1	[SLPS]	0	536.829	-94.965	0	326.004	0	0	0	0	
1	[SLPS]	0	536.739	-94.820	0	326.047	0	0	0	0	
1	[SLPS]	0	536.641	-94.682	0	326.067	0	0	0	0	
1	[SLPS]	0	536.641	-94.682	0	326.067	0	0	0	0	
1	[SLPS]	0	536.557	-94.535	0	326.120	0	0	0	0	
1	[SLPS]	0	536.464	-94.394	0	326.148	0	0	0	0	
1	[SLPS]	0	536.369	-94.250	0	326.173	0	0	0	0	
1	[SLPS]	0	536.273	-94.108	0	326.199	0	0	0	0	
1	[SLPS]	0	536.273	-94.108	0	326.199	0	0	0	0	
1	[SLPS]	0	536.085	-93.824	0	326.266	0	0	0	0	
1	[SLPS]	0	536.085	-93.824	0	326.266	0	0	0	0	
1	[SLPS]	0	535.990	-93.683	0	326.296	0	0	0	0	
1	[SLPS]	0	535.898	-93.537	0	326.340	0	0	0	0	
1	[SLPS]	0	535.898	-93.537	0	326.340	0	0	0	0	
1	[SLPS]	0	535.704	-93.246	0	326.395	0	0	0	0	
1	[SLPS]	0	535.704	-93.246	0	326.395	0	0	0	0	
1	[SLPS]	0	535.612	-93.103	0	326.416	0	0	0	0	
1	[SLPS]	0	535.513	-92.959	0	326.432	0	0	0	0	
1	[SLPS]	0	535.513	-92.959	0	326.432	0	0	0	0	
1	[SLPS]	0	535.319	-92.671	0	326.459	0	0	0	0	
1	[SLPS]	0	535.319	-92.671	0	326.459	0	0	0	0	
1	[SLPS]	0	535.224	-92.527	0	326.472	0	0	0	0	
1	[SLPS]	0	535.129	-92.381	0	326.491	0	0	0	0	
1	[SLPS]	0	535.129	-92.381	0	326.491	0	0	0	0	
1	[SLPS]	0	534.938	-92.090	0	326.525	0	0	0	0	
1	[SLPS]	0	534.938	-92.090	0	326.525	0	0	0	0	
1	[SLPS]	0	534.840	-91.944	0	326.532	0	0	0	0	
1	[SLPS]	0	534.740	-91.800	0	326.535	0	0	0	0	
1	[SLPS]	0	534.740	-91.800	0	326.535	0	0	0	0	
1	[SLPS]	0	534.539	-91.505	0	326.542	0	0	0	0	
1	[SLPS]	0	534.539	-91.505	0	326.542	0	0	0	0	
1	[SLPS]	0	534.440	-91.359	0	326.551	0	0	0	0	
1	[SLPS]	0	534.341	-91.215	0	326.554	0	0	0	0	
1	[SLPS]	0	534.341	-91.215	0	326.554	0	0	0	0	
1	[SLPS]	0	534.152	-90.916	0	326.576	0	0	0	0	
1	[SLPS]	0	534.152	-90.916	0	326.576	0	0	0	0	
1	[SLPS]	0	534.056	-90.770	0	326.572	0	0	0	0	
1	[SLPS]	0	533.962	-90.619	0	326.587	0	0	0	0	
1	[SLPS]	0	533.962	-90.619	0	326.587	0	0	0	0	
1	[SLPS]	0	533.771	-90.321	0	326.591	0	0	0	0	
1	[SLPS]	0	533.771	-90.321	0	326.591	0	0	0	0	
1	[SLPS]	0	533.583	-90.020	0	326.592	0	0	0	0	
1	[SLPS]	0	533.583	-90.020	0	326.592	0	0	0	0	
1	[SLPS]	0	533.490	-89.869	0	326.598	0	0	0	0	
1	[SLPS]	0	533.402	-89.717	0	326.613	0	0	0	0	
1	[SLPS]	0	533.402	-89.717	0	326.613	0	0	0	0	
1	[SLPS]	0	533.307	-89.563	0	326.609	0	0	0	0	
1	[SLPS]	0	533.199	-89.418	0	326.568	0	0	0	0	
1	[SLPS]	0	533.199	-89.418	0	326.568	0	0	0	0	
1	[SLPS]	0	533.009	-89.114	0	326.550	0	0	0	0	
1	[SLPS]	0	533.009	-89.114	0	326.550	0	0	0	0	
1	[SLPS]	0	532.897	-88.978	0	326.500	0	0	0	0	
1	[SLPS]	0	532.798	-88.825	0	326.497	0	0	0	0	
1	[SLPS]	0	532.588	-88.526	0	326.457	0	0	0	0	
1	[SLPS]	0	532.588	-88.526	0	326.457	0	0	0	0	
1	[SLPS]	0	532.387	-88.220	0	326.423	0	0	0	0	
1	[SLPS]	0	532.387	-88.220	0	326.423	0	0	0	0	
1	[SLPS]	0	532.275	-88.076	0	326.371	0	0	0	0	
1	[SLPS]	0	532.170	-87.926	0	326.338	0	0	0	0	
1	[SLPS]	0	532.170	-87.926	0	326.338	0	0	0	0	
1	[SLPS]	0	531.963	-87.621	0	326.294	0	0	0	0	
1	[SLPS]	0	531.963	-87.621	0	326.294	0	0	0	0	
1	[SLPS]	0	531.859	-87.467	0	326.271	0	0	0	0	
1	[SLPS]	0	531.768	-87.319	0	326.247	0	0	0	0	
1	[SLPS]	0	531.768	-87.319	0	326.247	0	0	0	0	
1	[SLPS]	0	531.559	-87.014	0	326.162	0	0	0	0	
1	[SLPS]	0	531.559	-87.014	0	326.162	0	0	0	0	
1	[SLPS]	0	531.457	-86.864	0	326.119	0	0	0	0	
1	[SLPS]	0	531.363	-86.708	0	326.100	0	0	0	0	
1	[SLPS]	0	531.363	-86.708	0	326.100	0	0	0	0	
1	[SLPS]	0	531.159	-86.411	0	326.017	0	0	0	0	
1	[SLPS]	0	531.159	-86.411	0	326.017	0	0	0	0	
1	[SLPS]	0	531.060	-86.255	0	325.987	0	0	0	0	
1	[SLPS]	0	530.959	-86.104	0	325.951	0	0	0	0	
1	[SLPS]	0	530.959	-86.104	0	325.951	0	0	0	0	
1	[SLPS]	0	530.760	-85.801	0	325.900	0	0	0	0	
1	[SLPS]	0	530.760	-85.801	0	325.900	0	0	0	0	
1	[SLPS]	0	530.551	-85.491	0	325.842	0	0	0	0	
1	[SLPS]	0	530.551	-85.491	0	325.842	0	0	0	0	
1	[SLPS]	0	530.449	-85.336	0	325.823	0	0	0	0	
1	[SLPS]	0	530.356	-85.180	0	325.820	0	0	0	0	
1	[SLPS]	0	530.356	-85.180	0	325.820	0	0	0	0	
1	[SLPS]	0	530.148	-84.875	0	325.788	0	0	0	0	
1	[SLPS]	0	530.148	-84.875	0	325.788	0	0	0	0	
1	[SLPS]	0	530.044	-84.718	0	325.783	0	0	0	0	
1	[SLPS]	0	529.943	-84.567	0	325.784	0	0	0	0	
1	[SLPS]	0	529.943	-84.567	0	325.784	0	0	0	0	
1	[SLPS]	0	529.736	-84.257	0	325.787	0	0	0	0	
1	[SLPS]	0	529.736	-84.257	0	325.787	0	0	0	0	
1	[SLPS]	0	529.630	-84.102	0	325.788	0	0	0	0	
1	[SLPS]	0	529.521	-83.948	0	325.778	0	0	0	0	
1	[SLPS]	0	529.521	-83.948	0	325.778	0	0	0	0	
1	[SLPS]	0	529.310	-83.640	0	325.770	0	0	0	0	
1	[SLPS]	0	529.206	-83.481	0	325.779	0	0	0	0	
1	[SLPS]	0	529.099	-83.325	0	325.770	0	0	0	0	
1	[SLPS]	0	529.099	-83.325	0	325.770	0	0	0	0	
1	[SLPS]	0	528.884	-83.014	0	325.759	0	0	0	0	
1	[SLPS]	0	528.884	-83.014	0	325.759	0	0	0	0	
1	[SLPS]	0	528.781	-82.857	0	325.760	0	0	0	0	
1	[SLPS]	0	528.682	-82.701	0	325.767	0	0	0	0	
1	[SLPS]	0	528.682	-82.701	0	325.767	0	0	0	0	
1	[SLPS]	0	528.473	-82.393	0	325.755	0	0	0	0	
1	[SLPS]	0	528.473	-82.393	0	325.755	0	0	0	0	
1	[SLPS]	0	528.374	-82.232	0	325.769	0	0	0	0	
1	[SLPS]	0	528.270	-82.076	0	325.760	0	0	0	0	
1	[SLPS]	0	528.270	-82.076	0	325.760	0	0	0	0	
1	[SLPS]	0	528.055	-81.765	0	325.725	0	0	0	0	
1	[SLPS]	0	528.055	-81.765	0	325.725	0	0	0	0	
1	[SLPS]	0	527.948	-81.608	0	325.707	0	0	0	0	
1	[SLPS]	0	527.839	-81.443	0	325.691	0	0	0	0	
1	[SLPS]	0	527.731	-81.291	0	325.666	0	0	0	0	
1	[SLPS]	0	527.626	-81.134	0	325.651	0	0	0	0	
1	[SLPS]	0	527.626	-81.134	0	325.651	0	0	0	0	
1	[SLPS]	0	527.408	-80.821	0	325.611	0	0	0	0	
1	[SLPS]	0	527.408	-80.821	0	325.611	0	0	0	0	
1	[SLPS]	0	527.302	-80.662	0	325.596	0	0	0	0	
1	[SLPS]	0	527.197	-80.508	0	325.576	0	0	0	0	
1	[SLPS]	0	527.197	-80.508	0	325.576	0	0	0	0	
1	[SLPS]	0	526.978	-80.193	0	325.525	0	0	0	0	
1	[SLPS]	0	526.978	-80.193	0	325.525	0	0	0	0	
1	[SLPS]	0	526.870	-80.036	0	325.497	0	0	0	0	
1	[SLPS]	0	526.763	-79.883	0	325.463	0	0	0	0	
1	[SLPS]	0	526.763	-79.883	0	325.463	0	0	0	0	
1	[SLPS]	0	526.543	-79.566	0	325.394	0	0	0	0	
1	[SLPS]	0	526.543	-79.566	0	325.394	0	0	0	0	
1	[SLPS]	0	526.435	-79.408	0	325.358	0	0	0	0	
1	[SLPS]	0	526.330	-79.255	0	325.323	0	0	0	0	
1	[SLPS]	0	526.222	-79.097	0	325.288	0	0	0	0	
1	[SLPS]	0	526.111	-78.935	0	325.256	0	0	0	0	
1	[SLPS]	0	526.111	-78.935	0	325.256	0	0	0	0	
1	[SLPS]	0	525.892	-78.621	0	325.189	0	0	0	0	
1	[SLPS]	0	525.892	-78.621	0	325.189	0	0	0	0	
1	[SLPS]	0	525.781	-78.460	0	325.155	0	0	0	0	
1	[SLPS]	0	525.672	-78.301	0	325.124	0	0	0	0	
1	[SLPS]	0	525.672	-78.301	0	325.124	0	0	0	0	
1	[SLPS]	0	525.453	-77.989	0	325.055	0	0	0	0	
1	[SLPS]	0	525.453	-77.989	0	325.055	0	0	0	0	
1	[SLPS]	0	525.348	-77.830	0	325.026	0	0	0	0	
1	[SLPS]	0	525.235	-77.671	0	324.992	0	0	0	0	
1	[SLPS]	0	525.235	-77.671	0	324.992	0	0	0	0	
1	[SLPS]	0	525.016	-77.356	0	324.943	0	0	0	0	
1	[SLPS]	0	525.016	-77.356	0	324.943	0	0	0	0	
1	[SLPS]	0	524.905	-77.197	0	324.932	0	0	0	0	
1	[SLPS]	0	524.790	-77.039	0	324.916	0	0	0	0	
1	[SLPS]	0	524.790	-77.039	0	324.916	0	0	0	0	
1	[SLPS]	0	524.572	-76.720	0	324.911	0	0	0	0	
1	[SLPS]	0	524.572	-76.720	0	324.911	0	0	0	0	
1	[SLPS]	0	524.461	-76.559	0	324.902	0	0	0	0	
1	[SLPS]	0	524.346	-76.400	0	324.884	0	0	0	0	
1	[SLPS]	0	524.346	-76.400	0	324.884	0	0	0	0	
1	[SLPS]	0	524.132	-76.086	0	324.867	0	0	0	0	
1	[SLPS]	0	524.132	-76.086	0	324.867	0	0	0	0	
1	[SLPS]	0	524.020	-75.923	0	324.866	0	0	0	0	
1	[SLPS]	0	523.912	-75.763	0	324.866	0	0	0	0	
1	[SLPS]	0	523.912	-75.763	0	324.866	0	0	0	0	
1	[SLPS]	0	523.692	-75.446	0	324.862	0	0	0	0	
1	[SLPS]	0	523.692	-75.446	0	324.862	0	0	0	0	
1	[SLPS]	0	523.581	-75.286	0	324.856	0	0	0	0	
1	[SLPS]	0	523.471	-75.124	0	324.861	0	0	0	0	
1	[SLPS]	0	523.471	-75.124	0	324.861	0	0	0	0	
1	[SLPS]	0	523.249	-74.807	0	324.850	0	0	0	0	
1	[SLPS]	0	523.249	-74.807	0	324.850	0	0	0	0	
1	[SLPS]	0	523.132	-74.644	0	324.836	0	0	0	0	
1	[SLPS]	0	523.021	-74.486	0	324.831	0	0	0	0	
1	[SLPS]	0	522.908	-74.321	0	324.836	0	0	0	0	
1	[SLPS]	0	522.799	-74.164	0	324.836	0	0	0	0	
1	[SLPS]	0	522.799	-74.164	0	324.836	0	0	0	0	
1	[SLPS]	0	522.576	-73.844	0	324.828	0	0	0	0	
1	[SLPS]	0	522.576	-73.844	0	324.828	0	0	0	0	
1	[SLPS]	0	522.463	-73.683	0	324.823	0	0	0	0	
1	[SLPS]	0	522.350	-73.529	0	324.809	0	0	0	0	
1	[SLPS]	0	522.350	-73.529	0	324.809	0	0	0	0	
1	[SLPS]	0	522.124	-73.202	0	324.814	0	0	0	0	
1	[SLPS]	0	522.124	-73.202	0	324.814	0	0	0	0	
1	[SLPS]	0	522.012	-73.039	0	324.813	0	0	0	0	
1	[SLPS]	0	521.904	-72.886	0	324.814	0	0	0	0	
1	[SLPS]	0	521.904	-72.886	0	324.814	0	0	0	0	
1	[SLPS]	0	521.675	-72.567	0	324.810	0	0	0	0	
1	[SLPS]	0	521.675	-72.567	0	324.810	0	0	0	0	
1	[SLPS]	0	521.559	-72.412	0	324.812	0	0	0	0	
1	[SLPS]	0	521.447	-72.253	0	324.826	0	0	0	0	
1	[SLPS]	0	521.447	-72.253	0	324.826	0	0	0	0	
1	[SLPS]	0	521.223	-71.926	0	324.868	0	0	0	0	
1	[SLPS]	0	521.223	-71.926	0	324.868	0	0	0	0	
1	[SLPS]	0	521.110	-71.766	0	324.878	0	0	0	0	
1	[SLPS]	0	521.000	-71.606	0	324.893	0	0	0	0	
1	[SLPS]	0	521.000	-71.606	0	324.893	0	0	0	0	
1	[SLPS]	0	520.771	-71.276	0	324.894	0	0	0	0	
1	[SLPS]	0	520.771	-71.276	0	324.894	0	0	0	0	
1	[SLPS]	0	520.660	-71.115	0	324.881	0	0	0	0	
1	[SLPS]	0	520.548	-70.953	0	324.859	0	0	0	0	
1	[SLPS]	0	520.548	-70.953	0	324.859	0	0	0	0	
1	[SLPS]	0	520.326	-70.632	0	324.810	0	0	0	0	
1	[SLPS]	0	520.326	-70.632	0	324.810	0	0	0	0	
1	[SLPS]	0	520.213	-70.471	0	324.778	0	0	0	0	
1	[SLPS]	0	520.100	-70.309	0	324.742	0	0	0	0	
1	[SLPS]	0	520.100	-70.309	0	324.742	0	0	0	0	
1	[SLPS]	0	519.875	-69.985	0	324.677	0	0	0	0	
1	[SLPS]	0	519.875	-69.985	0	324.677	0	0	0	0	
1	[SLPS]	0	519.762	-69.823	0	324.645	0	0	0	0	
1	[SLPS]	0	519.647	-69.665	0	324.608	0	0	0	0	
1	[SLPS]	0	519.528	-69.512	0	324.559	0	0	0	0	
1	[SLPS]	0	519.410	-69.351	0	324.525	0	0	0	0	
1	[SLPS]	0	519.410	-69.351	0	324.525	0	0	0	0	
1	[SLPS]	0	519.180	-69.030	0	324.459	0	0	0	0	
1	[SLPS]	0	519.180	-69.030	0	324.459	0	0	0	0	
1	[SLPS]	0	519.070	-68.871	0	324.424	0	0	0	0	
1	[SLPS]	0	518.953	-68.714	0	324.383	0	0	0	0	
1	[SLPS]	0	518.953	-68.714	0	324.383	0	0	0	0	
1	[SLPS]	0	518.733	-68.395	0	324.337	0	0	0	0	
1	[SLPS]	0	518.733	-68.395	0	324.337	0	0	0	0	
1	[SLPS]	0	518.622	-68.242	0	324.305	0	0	0	0	
1	[SLPS]	0	518.511	-68.085	0	324.279	0	0	0	0	
1	[SLPS]	0	518.511	-68.085	0	324.279	0	0	0	0	
1	[SLPS]	0	518.288	-67.784	0	324.204	0	0	0	0	
1	[SLPS]	0	518.288	-67.784	0	324.204	0	0	0	0	
1	[SLPS]	0	518.185	-67.626	0	324.186	0	0	0	0	
1	[SLPS]	0	518.074	-67.475	0	324.152	0	0	0	0	
1	[SLPS]	0	518.074	-67.475	0	324.152	0	0	0	0	
1	[SLPS]	0	517.856	-67.170	0	324.099	0	0	0	0	
1	[SLPS]	0	517.856	-67.170	0	324.099	0	0	0	0	
1	[SLPS]	0	517.744	-67.017	0	324.065	0	0	0	0	
1	[SLPS]	0	517.631	-66.865	0	324.031	0	0	0	0	
1	[SLPS]	0	517.631	-66.865	0	324.031	0	0	0	0	
1	[SLPS]	0	517.417	-66.562	0	323.981	0	0	0	0	
1	[SLPS]	0	517.417	-66.562	0	323.981	0	0	0	0	
1	[SLPS]	0	517.304	-66.408	0	323.954	0	0	0	0	
1	[SLPS]	0	517.192	-66.253	0	323.925	0	0	0	0	
1	[SLPS]	0	517.192	-66.253	0	323.925	0	0	0	0	
1	[SLPS]	0	516.969	-65.951	0	323.862	0	0	0	0	
1	[SLPS]	0	516.969	-65.951	0	323.862	0	0	0	0	
1	[SLPS]	0	516.856	-65.797	0	323.828	0	0	0	0	
1	[SLPS]	0	516.745	-65.645	0	323.799	0	0	0	0	
1	[SLPS]	0	516.636	-65.493	0	323.773	0	0	0	0	
1	[SLPS]	0	516.526	-65.342	0	323.749	0	0	0	0	
1	[SLPS]	0	516.526	-65.342	0	323.749	0	0	0	0	
1	[SLPS]	0	516.414	-65.188	0	323.722	0	0	0	0	
1	[SLPS]	0	516.302	-65.034	0	323.699	0	0	0	0	
1	[SLPS]	0	516.193	-64.874	0	323.687	0	0	0	0	
1	[SLPS]	0	516.083	-64.721	0	323.666	0	0	0	0	
1	[SLPS]	0	516.083	-64.721	0	323.666	0	0	0	0	
1	[SLPS]	0	515.857	-64.424	0	323.622	0	0	0	0	
1	[SLPS]	0	515.857	-64.424	0	323.622	0	0	0	0	
1	[SLPS]	0	515.742	-64.273	0	323.602	0	0	0	0	
1	[SLPS]	0	515.632	-64.120	0	323.592	0	0	0	0	
1	[SLPS]	0	515.632	-64.120	0	323.592	0	0	0	0	
1	[SLPS]	0	515.407	-63.817	0	323.565	0	0	0	0	
1	[SLPS]	0	515.407	-63.817	0	323.565	0	0	0	0	
1	[SLPS]	0	515.296	-63.664	0	323.551	0	0	0	0	
1	[SLPS]	0	515.190	-63.514	0	323.542	0	0	0	0	
1	[SLPS]	0	515.190	-63.514	0	323.542	0	0	0	0	
1	[SLPS]	0	514.968	-63.204	0	323.522	0	0	0	0	
1	[SLPS]	0	514.968	-63.204	0	323.522	0	0	0	0	
1	[SLPS]	0	514.859	-63.051	0	323.509	0	0	0	0	
1	[SLPS]	0	514.748	-62.899	0	323.494	0	0	0	0	
1	[SLPS]	0	514.748	-62.899	0	323.494	0	0	0	0	
1	[SLPS]	0	514.523	-62.596	0	323.474	0	0	0	0	
1	[SLPS]	0	514.523	-62.596	0	323.474	0	0	0	0	
1	[SLPS]	0	514.414	-62.443	0	323.467	0	0	0	0	
1	[SLPS]	0	514.304	-62.296	0	323.447	0	0	0	0	
1	[SLPS]	0	514.304	-62.296	0	323.447	0	0	0	0	
1	[SLPS]	0	514.074	-61.990	0	323.420	0	0	0	0	
1	[SLPS]	0	514.074	-61.990	0	323.420	0	0	0	0	
1	[SLPS]	0	513.961	-61.839	0	323.406	0	0	0	0	
1	[SLPS]	0	513.852	-61.694	0	323.391	0	0	0	0	
1	[SLPS]	0	513.852	-61.694	0	323.391	0	0	0	0	
1	[SLPS]	0	513.626	-61.393	0	323.353	0	0	0	0	
1	[SLPS]	0	513.626	-61.393	0	323.353	0	0	0	0	
1	[SLPS]	0	513.510	-61.233	0	323.338	0	0	0	0	
1	[SLPS]	0	513.401	-61.081	0	323.321	0	0	0	0	
1	[SLPS]	0	513.285	-60.932	0	323.296	0	0	0	0	
1	[SLPS]	0	513.171	-60.778	0	323.278	0	0	0	0	
1	[SLPS]	0	513.171	-60.778	0	323.278	0	0	0	0	
1	[SLPS]	0	512.953	-60.473	0	323.268	0	0	0	0	
1	[SLPS]	0	512.953	-60.473	0	323.268	0	0	0	0	
1	[SLPS]	0	512.839	-60.322	0	323.250	0	0	0	0	
1	[SLPS]	0	512.720	-60.170	0	323.229	0	0	0	0	
1	[SLPS]	0	512.720	-60.170	0	323.229	0	0	0	0	
1	[SLPS]	0	512.495	-59.867	0	323.210	0	0	0	0	
1	[SLPS]	0	512.495	-59.867	0	323.210	0	0	0	0	
1	[SLPS]	0	512.378	-59.723	0	323.204	0	0	0	0	
1	[SLPS]	0	512.266	-59.570	0	323.214	0	0	0	0	
1	[SLPS]	0	512.266	-59.570	0	323.214	0	0	0	0	
1	[SLPS]	0	512.040	-59.266	0	323.238	0	0	0	0	
1	[SLPS]	0	512.040	-59.266	0	323.238	0	0	0	0	
1	[SLPS]	0	511.933	-59.113	0	323.247	0	0	0	0	
1	[SLPS]	0	511.816	-58.961	0	323.241	0	0	0	0	
1	[SLPS]	0	511.816	-58.961	0	323.241	0	0	0	0	
1	[SLPS]	0	511.596	-58.660	0	323.251	0	0	0	0	
1	[SLPS]	0	511.596	-58.660	0	323.251	0	0	0	0	
1	[SLPS]	0	511.483	-58.509	0	323.253	0	0	0	0	
1	[SLPS]	0	511.369	-58.353	0	323.268	0	0	0	0	
1	[SLPS]	0	511.369	-58.353	0	323.268	0	0	0	0	
1	[SLPS]	0	511.143	-58.052	0	323.295	0	0	0	0	
1	[SLPS]	0	511.143	-58.052	0	323.295	0	0	0	0	
1	[SLPS]	0	511.034	-57.900	0	323.315	0	0	0	0	
1	[SLPS]	0	510.922	-57.747	0	323.341	0	0	0	0	
1	[SLPS]	0	510.809	-57.593	0	323.370	0	0	0	0	
1	[SLPS]	0	510.696	-57.439	0	323.397	0	0	0	0	
1	[SLPS]	0	510.696	-57.439	0	323.397	0	0	0	0	
1	[SLPS]	0	510.471	-57.132	0	323.434	0	0	0	0	
1	[SLPS]	0	510.471	-57.132	0	323.434	0	0	0	0	
1	[SLPS]	0	510.364	-56.979	0	323.456	0	0	0	0	
1	[SLPS]	0	510.256	-56.827	0	323.484	0	0	0	0	
1	[SLPS]	0	510.256	-56.827	0	323.484	0	0	0	0	
1	[SLPS]	0	510.031	-56.518	0	323.533	0	0	0	0	
1	[SLPS]	0	510.031	-56.518	0	323.533	0	0	0	0	
1	[SLPS]	0	509.918	-56.360	0	323.564	0	0	0	0	
1	[SLPS]	0	509.803	-56.209	0	323.587	0	0	0	0	
1	[SLPS]	0	509.803	-56.209	0	323.587	0	0	0	0	
1	[SLPS]	0	509.583	-55.899	0	323.631	0	0	0	0	
1	[SLPS]	0	509.583	-55.899	0	323.631	0	0	0	0	
1	[SLPS]	0	509.460	-55.751	0	323.625	0	0	0	0	
1	[SLPS]	0	509.351	-55.600	0	323.641	0	0	0	0	
1	[SLPS]	0	509.351	-55.600	0	323.641	0	0	0	0	
1	[SLPS]	0	509.129	-55.285	0	323.683	0	0	0	0	
1	[SLPS]	0	509.129	-55.285	0	323.683	0	0	0	0	
1	[SLPS]	0	509.016	-55.134	0	323.695	0	0	0	0	
1	[SLPS]	0	508.909	-54.977	0	323.712	0	0	0	0	
1	[SLPS]	0	508.909	-54.977	0	323.712	0	0	0	0	
1	[SLPS]	0	508.686	-54.669	0	323.746	0	0	0	0	
1	[SLPS]	0	508.686	-54.669	0	323.746	0	0	0	0	
1	[SLPS]	0	508.575	-54.515	0	323.758	0	0	0	0	
1	[SLPS]	0	508.462	-54.360	0	323.761	0	0	0	0	
1	[SLPS]	0	508.462	-54.360	0	323.761	0	0	0	0	
1	[SLPS]	0	508.233	-54.056	0	323.762	0	0	0	0	
1	[SLPS]	0	508.233	-54.056	0	323.762	0	0	0	0	
1	[SLPS]	0	508.123	-53.901	0	323.777	0	0	0	0	
1	[SLPS]	0	508.012	-53.748	0	323.805	0	0	0	0	
1	[SLPS]	0	508.012	-53.748	0	323.805	0	0	0	0	
1	[SLPS]	0	507.794	-53.440	0	323.875	0	0	0	0	
1	[SLPS]	0	507.794	-53.440	0	323.875	0	0	0	0	
1	[SLPS]	0	507.682	-53.285	0	323.892	0	0	0	0	
1	[SLPS]	0	507.569	-53.130	0	323.908	0	0	0	0	
1	[SLPS]	0	507.459	-52.975	0	323.938	0	0	0	0	
1	[SLPS]	0	507.346	-52.823	0	323.974	0	0	0	0	
1	[SLPS]	0	507.346	-52.823	0	323.974	0	0	0	0	
1	[SLPS]	0	507.121	-52.515	0	324.050	0	0	0	0	
1	[SLPS]	0	507.121	-52.515	0	324.050	0	0	0	0	
1	[SLPS]	0	507.013	-52.353	0	324.085	0	0	0	0	
1	[SLPS]	0	506.902	-52.199	0	324.104	0	0	0	0	
1	[SLPS]	0	506.902	-52.199	0	324.104	0	0	0	0	
1	[SLPS]	0	506.679	-51.885	0	324.146	0	0	0	0	
1	[SLPS]	0	506.679	-51.885	0	324.146	0	0	0	0	
1	[SLPS]	0	506.570	-51.732	0	324.180	0	0	0	0	
1	[SLPS]	0	506.459	-51.580	0	324.215	0	0	0	0	
1	[SLPS]	0	506.459	-51.580	0	324.215	0	0	0	0	
1	[SLPS]	0	506.235	-51.266	0	324.255	0	0	0	0	
1	[SLPS]	0	506.235	-51.266	0	324.255	0	0	0	0	
1	[SLPS]	0	506.121	-51.112	0	324.261	0	0	0	0	
1	[SLPS]	0	506.011	-50.956	0	324.275	0	0	0	0	
1	[SLPS]	0	506.011	-50.956	0	324.275	0	0	0	0	
1	[SLPS]	0	505.794	-50.644	0	324.323	0	0	0	0	
1	[SLPS]	0	505.794	-50.644	0	324.323	0	0	0	0	
1	[SLPS]	0	505.685	-50.493	0	324.340	0	0	0	0	
1	[SLPS]	0	505.575	-50.341	0	324.353	0	0	0	0	
1	[SLPS]	0	505.575	-50.341	0	324.353	0	0	0	0	
1	[SLPS]	0	505.350	-50.022	0	324.382	0	0	0	0	
1	[SLPS]	0	505.350	-50.022	0	324.382	0	0	0	0	
1	[SLPS]	0	505.242	-49.872	0	324.395	0	0	0	0	
1	[SLPS]	0	505.125	-49.722	0	324.401	0	0	0	0	
1	[SLPS]	0	505.125	-49.722	0	324.401	0	0	0	0	
1	[SLPS]	0	504.910	-49.406	0	324.449	0	0	0	0	
1	[SLPS]	0	504.910	-49.406	0	324.449	0	0	0	0	
1	[SLPS]	0	504.800	-49.252	0	324.463	0	0	0	0	
1	[SLPS]	0	504.688	-49.094	0	324.481	0	0	0	0	
1	[SLPS]	0	504.688	-49.094	0	324.481	0	0	0	0	
1	[SLPS]	0	504.478	-48.779	0	324.529	0	0	0	0	
1	[SLPS]	0	504.478	-48.779	0	324.529	0	0	0	0	
1	[SLPS]	0	504.365	-48.623	0	324.545	0	0	0	0	
1	[SLPS]	0	504.253	-48.464	0	324.562	0	0	0	0	
1	[SLPS]	0	504.253	-48.464	0	324.562	0	0	0	0	
1	[SLPS]	0	504.036	-48.159	0	324.583	0	0	0	0	
1	[SLPS]	0	504.036	-48.159	0	324.583	0	0	0	0	
1	[SLPS]	0	503.922	-48.002	0	324.600	0	0	0	0	
1	[SLPS]	0	503.813	-47.844	0	324.616	0	0	0	0	
1	[SLPS]	0	503.813	-47.844	0	324.616	0	0	0	0	
1	[SLPS]	0	503.591	-47.531	0	324.664	0	0	0	0	
1	[SLPS]	0	503.591	-47.531	0	324.664	0	0	0	0	
1	[SLPS]	0	503.478	-47.373	0	324.685	0	0	0	0	
1	[SLPS]	0	503.371	-47.217	0	324.702	0	0	0	0	
1	[SLPS]	0	503.264	-47.061	0	324.720	0	0	0	0	
1	[SLPS]	0	503.159	-46.899	0	324.742	0	0	0	0	
1	[SLPS]	0	503.159	-46.899	0	324.742	0	0	0	0	
1	[SLPS]	0	502.936	-46.591	0	324.771	0	0	0	0	
1	[SLPS]	0	502.936	-46.591	0	324.771	0	0	0	0	
1	[SLPS]	0	502.825	-46.439	0	324.776	0	0	0	0	
1	[SLPS]	0	502.724	-46.280	0	324.799	0	0	0	0	
1	[SLPS]	0	502.724	-46.280	0	324.799	0	0	0	0	
1	[SLPS]	0	502.500	-45.965	0	324.847	0	0	0	0	
1	[SLPS]	0	502.500	-45.965	0	324.847	0	0	0	0	
1	[SLPS]	0	502.393	-45.810	0	324.867	0	0	0	0	
1	[SLPS]	0	502.284	-45.658	0	324.873	0	0	0	0	
1	[SLPS]	0	502.284	-45.658	0	324.873	0	0	0	0	
1	[SLPS]	0	502.070	-45.341	0	324.915	0	0	0	0	
1	[SLPS]	0	502.070	-45.341	0	324.915	0	0	0	0	
1	[SLPS]	0	501.965	-45.184	0	324.933	0	0	0	0	
1	[SLPS]	0	501.855	-45.033	0	324.948	0	0	0	0	
1	[SLPS]	0	501.855	-45.033	0	324.948	0	0	0	0	
1	[SLPS]	0	501.641	-44.723	0	324.992	0	0	0	0	
1	[SLPS]	0	501.641	-44.723	0	324.992	0	0	0	0	
1	[SLPS]	0	501.529	-44.570	0	325.002	0	0	0	0	
1	[SLPS]	0	501.418	-44.416	0	325.010	0	0	0	0	
1	[SLPS]	0	501.418	-44.416	0	325.010	0	0	0	0	
1	[SLPS]	0	501.200	-44.110	0	325.033	0	0	0	0	
1	[SLPS]	0	501.200	-44.110	0	325.033	0	0	0	0	
1	[SLPS]	0	501.096	-43.954	0	325.062	0	0	0	0	
1	[SLPS]	0	500.988	-43.798	0	325.091	0	0	0	0	
1	[SLPS]	0	500.988	-43.798	0	325.091	0	0	0	0	
1	[SLPS]	0	500.769	-43.480	0	325.127	0	0	0	0	
1	[SLPS]	0	500.769	-43.480	0	325.127	0	0	0	0	
1	[SLPS]	0	500.664	-43.326	0	325.134	0	0	0	0	
1	[SLPS]	0	500.554	-43.167	0	325.132	0	0	0	0	
1	[SLPS]	0	500.554	-43.167	0	325.132	0	0	0	0	
1	[SLPS]	0	500.351	-42.859	0	325.174	0	0	0	0	
1	[SLPS]	0	500.351	-42.859	0	325.174	0	0	0	0	
1	[SLPS]	0	500.245	-42.708	0	325.193	0	0	0	0	
1	[SLPS]	0	500.141	-42.551	0	325.221	0	0	0	0	
1	[SLPS]	0	500.141	-42.551	0	325.221	0	0	0	0	
1	[SLPS]	0	499.929	-42.236	0	325.262	0	0	0	0	
1	[SLPS]	0	499.929	-42.236	0	325.262	0	0	0	0	
1	[SLPS]	0	499.828	-42.086	0	325.276	0	0	0	0	
1	[SLPS]	0	499.723	-41.930	0	325.290	0	0	0	0	
1	[SLPS]	0	499.723	-41.930	0	325.290	0	0	0	0	
1	[SLPS]	0	499.514	-41.626	0	325.323	0	0	0	0	
1	[SLPS]	0	499.514	-41.626	0	325.323	0	0	0	0	
1	[SLPS]	0	499.404	-41.468	0	325.341	0	0	0	0	
1	[SLPS]	0	499.302	-41.317	0	325.361	0	0	0	0	
1	[SLPS]	0	499.195	-41.167	0	325.369	0	0	0	0	
1	[SLPS]	0	499.087	-41.008	0	325.380	0	0	0	0	
1	[SLPS]	0	499.087	-41.008	0	325.380	0	0	0	0	
1	[SLPS]	0	498.877	-40.702	0	325.404	0	0	0	0	
1	[SLPS]	0	498.877	-40.702	0	325.404	0	0	0	0	
1	[SLPS]	0	498.768	-40.549	0	325.419	0	0	0	0	
1	[SLPS]	0	498.667	-40.393	0	325.446	0	0	0	0	
1	[SLPS]	0	498.667	-40.393	0	325.446	0	0	0	0	
1	[SLPS]	0	498.454	-40.083	0	325.465	0	0	0	0	
1	[SLPS]	0	498.454	-40.083	0	325.465	0	0	0	0	
1	[SLPS]	0	498.349	-39.927	0	325.481	0	0	0	0	
1	[SLPS]	0	498.243	-39.774	0	325.495	0	0	0	0	
1	[SLPS]	0	498.243	-39.774	0	325.495	0	0	0	0	
1	[SLPS]	0	498.029	-39.461	0	325.513	0	0	0	0	
1	[SLPS]	0	498.029	-39.461	0	325.513	0	0	0	0	
1	[SLPS]	0	497.927	-39.304	0	325.527	0	0	0	0	
1	[SLPS]	0	497.820	-39.147	0	325.527	0	0	0	0	
1	[SLPS]	0	497.820	-39.147	0	325.527	0	0	0	0	
1	[SLPS]	0	497.611	-38.840	0	325.528	0	0	0	0	
1	[SLPS]	0	497.611	-38.840	0	325.528	0	0	0	0	
1	[SLPS]	0	497.502	-38.682	0	325.514	0	0	0	0	
1	[SLPS]	0	497.398	-38.524	0	325.511	0	0	0	0	
1	[SLPS]	0	497.398	-38.524	0	325.511	0	0	0	0	
1	[SLPS]	0	497.184	-38.214	0	325.493	0	0	0	0	
1	[SLPS]	0	497.184	-38.214	0	325.493	0	0	0	0	
1	[SLPS]	0	497.076	-38.062	0	325.482	0	0	0	0	
1	[SLPS]	0	496.972	-37.904	0	325.479	0	0	0	0	
1	[SLPS]	0	496.866	-37.748	0	325.473	0	0	0	0	
1	[SLPS]	0	496.759	-37.592	0	325.462	0	0	0	0	
1	[SLPS]	0	496.759	-37.592	0	325.462	0	0	0	0	
1	[SLPS]	0	496.653	-37.439	0	325.446	0	0	0	0	
1	[SLPS]	0	496.547	-37.283	0	325.433	0	0	0	0	
1	[SLPS]	0	496.439	-37.132	0	325.417	0	0	0	0	
1	[SLPS]	0	496.337	-36.977	0	325.412	0	0	0	0	
1	[SLPS]	0	496.337	-36.977	0	325.412	0	0	0	0	
1	[SLPS]	0	496.130	-36.667	0	325.389	0	0	0	0	
1	[SLPS]	0	496.130	-36.667	0	325.389	0	0	0	0	
1	[SLPS]	0	496.022	-36.516	0	325.368	0	0	0	0	
1	[SLPS]	0	495.918	-36.363	0	325.351	0	0	0	0	
1	[SLPS]	0	495.918	-36.363	0	325.351	0	0	0	0	
1	[SLPS]	0	495.705	-36.057	0	325.317	0	0	0	0	
1	[SLPS]	0	495.705	-36.057	0	325.317	0	0	0	0	
1	[SLPS]	0	495.597	-35.898	0	325.303	0	0	0	0	
1	[SLPS]	0	495.491	-35.748	0	325.288	0	0	0	0	
1	[SLPS]	0	495.491	-35.748	0	325.288	0	0	0	0	
1	[SLPS]	0	495.281	-35.435	0	325.254	0	0	0	0	
1	[SLPS]	0	495.281	-35.435	0	325.254	0	0	0	0	
1	[SLPS]	0	495.174	-35.274	0	325.239	0	0	0	0	
1	[SLPS]	0	495.065	-35.124	0	325.212	0	0	0	0	
1	[SLPS]	0	495.065	-35.124	0	325.212	0	0	0	0	
1	[SLPS]	0	494.848	-34.818	0	325.161	0	0	0	0	
1	[SLPS]	0	494.848	-34.818	0	325.161	0	0	0	0	
1	[SLPS]	0	494.742	-34.658	0	325.157	0	0	0	0	
1	[SLPS]	0	494.634	-34.507	0	325.138	0	0	0	0	
1	[SLPS]	0	494.634	-34.507	0	325.138	0	0	0	0	
1	[SLPS]	0	494.423	-34.195	0	325.108	0	0	0	0	
1	[SLPS]	0	494.423	-34.195	0	325.108	0	0	0	0	
1	[SLPS]	0	494.316	-34.040	0	325.082	0	0	0	0	
1	[SLPS]	0	494.211	-33.886	0	325.060	0	0	0	0	
1	[SLPS]	0	494.109	-33.724	0	325.061	0	0	0	0	
1	[SLPS]	0	494.002	-33.574	0	325.053	0	0	0	0	
1	[SLPS]	0	494.002	-33.574	0	325.053	0	0	0	0	
1	[SLPS]	0	493.892	-33.425	0	325.033	0	0	0	0	
1	[SLPS]	0	493.787	-33.267	0	325.027	0	0	0	0	
1	[SLPS]	0	493.682	-33.114	0	325.019	0	0	0	0	
1	[SLPS]	0	493.573	-32.964	0	325.000	0	0	0	0	
1	[SLPS]	0	493.573	-32.964	0	325.000	0	0	0	0	
1	[SLPS]	0	493.463	-32.811	0	324.985	0	0	0	0	
1	[SLPS]	0	493.356	-32.659	0	324.969	0	0	0	0	
1	[SLPS]	0	493.251	-32.505	0	324.960	0	0	0	0	
1	[SLPS]	0	493.142	-32.353	0	324.948	0	0	0	0	
1	[SLPS]	0	493.142	-32.353	0	324.948	0	0	0	0	
1	[SLPS]	0	492.926	-32.050	0	324.922	0	0	0	0	
1	[SLPS]	0	492.926	-32.050	0	324.922	0	0	0	0	
1	[SLPS]	0	492.819	-31.895	0	324.915	0	0	0	0	
1	[SLPS]	0	492.712	-31.740	0	324.906	0	0	0	0	
1	[SLPS]	0	492.712	-31.740	0	324.906	0	0	0	0	
1	[SLPS]	0	492.498	-31.436	0	324.882	0	0	0	0	
1	[SLPS]	0	492.498	-31.436	0	324.882	0	0	0	0	
1	[SLPS]	0	492.391	-31.278	0	324.870	0	0	0	0	
1	[SLPS]	0	492.281	-31.127	0	324.851	0	0	0	0	
1	[SLPS]	0	492.281	-31.127	0	324.851	0	0	0	0	
1	[SLPS]	0	492.064	-30.822	0	324.824	0	0	0	0	
1	[SLPS]	0	492.064	-30.822	0	324.824	0	0	0	0	
1	[SLPS]	0	491.958	-30.667	0	324.817	0	0	0	0	
1	[SLPS]	0	491.853	-30.512	0	324.809	0	0	0	0	
1	[SLPS]	0	491.853	-30.512	0	324.809	0	0	0	0	
1	[SLPS]	0	491.643	-30.203	0	324.781	0	0	0	0	
1	[SLPS]	0	491.643	-30.203	0	324.781	0	0	0	0	
1	[SLPS]	0	491.534	-30.052	0	324.764	0	0	0	0	
1	[SLPS]	0	491.427	-29.895	0	324.756	0	0	0	0	
1	[SLPS]	0	491.427	-29.895	0	324.756	0	0	0	0	
1	[SLPS]	0	491.213	-29.585	0	324.718	0	0	0	0	
1	[SLPS]	0	491.213	-29.585	0	324.718	0	0	0	0	
1	[SLPS]	0	491.104	-29.432	0	324.700	0	0	0	0	
1	[SLPS]	0	490.999	-29.278	0	324.687	0	0	0	0	
1	[SLPS]	0	490.999	-29.278	0	324.687	0	0	0	0	
1	[SLPS]	0	490.782	-28.968	0	324.650	0	0	0	0	
1	[SLPS]	0	490.782	-28.968	0	324.650	0	0	0	0	
1	[SLPS]	0	490.675	-28.815	0	324.633	0	0	0	0	
1	[SLPS]	0	490.566	-28.663	0	324.613	0	0	0	0	
1	[SLPS]	0	490.566	-28.663	0	324.613	0	0	0	0	
1	[SLPS]	0	490.348	-28.356	0	324.589	0	0	0	0	
1	[SLPS]	0	490.348	-28.356	0	324.589	0	0	0	0	
1	[SLPS]	0	490.238	-28.202	0	324.572	0	0	0	0	
1	[SLPS]	0	490.129	-28.046	0	324.561	0	0	0	0	
1	[SLPS]	0	490.129	-28.046	0	324.561	0	0	0	0	
1	[SLPS]	0	489.911	-27.743	0	324.541	0	0	0	0	
1	[SLPS]	0	489.911	-27.743	0	324.541	0	0	0	0	
1	[SLPS]	0	489.802	-27.588	0	324.530	0	0	0	0	
1	[SLPS]	0	489.692	-27.429	0	324.522	0	0	0	0	
1	[SLPS]	0	489.692	-27.429	0	324.522	0	0	0	0	
1	[SLPS]	0	489.476	-27.120	0	324.494	0	0	0	0	
1	[SLPS]	0	489.476	-27.120	0	324.494	0	0	0	0	
1	[SLPS]	0	489.369	-26.967	0	324.480	0	0	0	0	
1	[SLPS]	0	489.256	-26.811	0	324.468	0	0	0	0	
1	[SLPS]	0	489.256	-26.811	0	324.468	0	0	0	0	
1	[SLPS]	0	489.040	-26.498	0	324.468	0	0	0	0	
1	[SLPS]	0	489.040	-26.498	0	324.468	0	0	0	0	
1	[SLPS]	0	488.929	-26.347	0	324.462	0	0	0	0	
1	[SLPS]	0	488.818	-26.185	0	324.467	0	0	0	0	
1	[SLPS]	0	488.709	-26.028	0	324.463	0	0	0	0	
1	[SLPS]	0	488.602	-25.873	0	324.461	0	0	0	0	
1	[SLPS]	0	488.602	-25.873	0	324.461	0	0	0	0	
1	[SLPS]	0	488.381	-25.555	0	324.463	0	0	0	0	
1	[SLPS]	0	488.381	-25.555	0	324.463	0	0	0	0	
1	[SLPS]	0	488.271	-25.398	0	324.467	0	0	0	0	
1	[SLPS]	0	488.157	-25.247	0	324.456	0	0	0	0	
1	[SLPS]	0	488.157	-25.247	0	324.456	0	0	0	0	
1	[SLPS]	0	487.935	-24.931	0	324.450	0	0	0	0	
1	[SLPS]	0	487.935	-24.931	0	324.450	0	0	0	0	
1	[SLPS]	0	487.830	-24.772	0	324.453	0	0	0	0	
1	[SLPS]	0	487.720	-24.616	0	324.448	0	0	0	0	
1	[SLPS]	0	487.720	-24.616	0	324.448	0	0	0	0	
1	[SLPS]	0	487.491	-24.307	0	324.407	0	0	0	0	
1	[SLPS]	0	487.491	-24.307	0	324.407	0	0	0	0	
1	[SLPS]	0	487.382	-24.142	0	324.399	0	0	0	0	
1	[SLPS]	0	487.271	-23.990	0	324.376	0	0	0	0	
1	[SLPS]	0	487.271	-23.990	0	324.376	0	0	0	0	
1	[SLPS]	0	487.043	-23.679	0	324.339	0	0	0	0	
1	[SLPS]	0	487.043	-23.679	0	324.339	0	0	0	0	
1	[SLPS]	0	486.927	-23.526	0	324.321	0	0	0	0	
1	[SLPS]	0	486.822	-23.369	0	324.323	0	0	0	0	
1	[SLPS]	0	486.822	-23.369	0	324.323	0	0	0	0	
1	[SLPS]	0	486.582	-23.051	0	324.287	0	0	0	0	
1	[SLPS]	0	486.582	-23.051	0	324.287	0	0	0	0	
1	[SLPS]	0	486.472	-22.892	0	324.281	0	0	0	0	
1	[SLPS]	0	486.358	-22.737	0	324.269	0	0	0	0	
1	[SLPS]	0	486.358	-22.737	0	324.269	0	0	0	0	
1	[SLPS]	0	486.124	-22.418	0	324.248	0	0	0	0	
1	[SLPS]	0	486.124	-22.418	0	324.248	0	0	0	0	
1	[SLPS]	0	486.004	-22.266	0	324.224	0	0	0	0	
1	[SLPS]	0	485.893	-22.104	0	324.221	0	0	0	0	
1	[SLPS]	0	485.893	-22.104	0	324.221	0	0	0	0	
1	[SLPS]	0	485.668	-21.777	0	324.207	0	0	0	0	
1	[SLPS]	0	485.668	-21.777	0	324.207	0	0	0	0	
1	[SLPS]	0	485.553	-21.618	0	324.193	0	0	0	0	
1	[SLPS]	0	485.440	-21.457	0	324.188	0	0	0	0	
1	[SLPS]	0	485.440	-21.457	0	324.188	0	0	0	0	
1	[SLPS]	0	485.211	-21.128	0	324.183	0	0	0	0	
1	[SLPS]	0	485.211	-21.128	0	324.183	0	0	0	0	
1	[SLPS]	0	485.091	-20.969	0	324.181	0	0	0	0	
1	[SLPS]	0	484.977	-20.804	0	324.192	0	0	0	0	
1	[SLPS]	0	484.977	-20.804	0	324.192	0	0	0	0	
1	[SLPS]	0	484.735	-20.467	0	324.197	0	0	0	0	
1	[SLPS]	0	484.735	-20.467	0	324.197	0	0	0	0	
1	[SLPS]	0	484.619	-20.298	0	324.205	0	0	0	0	
1	[SLPS]	0	484.502	-20.139	0	324.203	0	0	0	0	
1	[SLPS]	0	484.502	-20.139	0	324.203	0	0	0	0	
1	[SLPS]	0	484.261	-19.801	0	324.214	0	0	0	0	
1	[SLPS]	0	484.261	-19.801	0	324.214	0	0	0	0	
1	[SLPS]	0	484.144	-19.632	0	324.225	0	0	0	0	
1	[SLPS]	0	484.023	-19.462	0	324.230	0	0	0	0	
1	[SLPS]	0	484.023	-19.462	0	324.230	0	0	0	0	
1	[SLPS]	0	483.778	-19.124	0	324.235	0	0	0	0	
1	[SLPS]	0	483.778	-19.124	0	324.235	0	0	0	0	
1	[SLPS]	0	483.654	-18.950	0	324.240	0	0	0	0	
1	[SLPS]	0	483.532	-18.778	0	324.247	0	0	0	0	
1	[SLPS]	0	483.413	-18.607	0	324.261	0	0	0	0	
1	[SLPS]	0	483.283	-18.432	0	324.256	0	0	0	0	
1	[SLPS]	0	483.283	-18.432	0	324.256	0	0	0	0	
1	[SLPS]	0	483.035	-18.087	0	324.258	0	0	0	0	
1	[SLPS]	0	483.035	-18.087	0	324.258	0	0	0	0	
1	[SLPS]	0	482.911	-17.909	0	324.274	0	0	0	0	
1	[SLPS]	0	482.784	-17.733	0	324.284	0	0	0	0	
1	[SLPS]	0	482.784	-17.733	0	324.284	0	0	0	0	
1	[SLPS]	0	482.527	-17.383	0	324.295	0	0	0	0	
1	[SLPS]	0	482.527	-17.383	0	324.295	0	0	0	0	
1	[SLPS]	0	482.403	-17.201	0	324.308	0	0	0	0	
1	[SLPS]	0	482.278	-17.024	0	324.315	0	0	0	0	
1	[SLPS]	0	482.278	-17.024	0	324.315	0	0	0	0	
1	[SLPS]	0	482.021	-16.661	0	324.326	0	0	0	0	
1	[SLPS]	0	482.021	-16.661	0	324.326	0	0	0	0	
1	[SLPS]	0	481.886	-16.479	0	324.321	0	0	0	0	
1	[SLPS]	0	481.753	-16.296	0	324.321	0	0	0	0	
1	[SLPS]	0	481.753	-16.296	0	324.321	0	0	0	0	
1	[SLPS]	0	481.502	-15.921	0	324.359	0	0	0	0	
1	[SLPS]	0	481.502	-15.921	0	324.359	0	0	0	0	
1	[SLPS]	0	481.369	-15.732	0	324.371	0	0	0	0	
1	[SLPS]	0	481.234	-15.534	0	324.386	0	0	0	0	
1	[SLPS]	0	481.234	-15.534	0	324.386	0	0	0	0	
1	[SLPS]	0	480.962	-15.161	0	324.378	0	0	0	0	
1	[SLPS]	0	480.962	-15.161	0	324.378	0	0	0	0	
1	[SLPS]	0	480.829	-14.969	0	324.388	0	0	0	0	
1	[SLPS]	0	480.688	-14.767	0	324.393	0	0	0	0	
1	[SLPS]	0	480.688	-14.767	0	324.393	0	0	0	0	
1	[SLPS]	0	480.413	-14.385	0	324.394	0	0	0	0	
1	[SLPS]	0	480.413	-14.385	0	324.394	0	0	0	0	
1	[SLPS]	0	480.273	-14.182	0	324.409	0	0	0	0	
1	[SLPS]	0	480.133	-13.982	0	324.420	0	0	0	0	
1	[SLPS]	0	480.133	-13.982	0	324.420	0	0	0	0	
1	[SLPS]	0	479.854	-13.585	0	324.441	0	0	0	0	
1	[SLPS]	0	479.854	-13.585	0	324.441	0	0	0	0	
1	[SLPS]	0	479.710	-13.384	0	324.436	0	0	0	0	
1	[SLPS]	0	479.567	-13.184	0	324.433	0	0	0	0	
1	[SLPS]	0	479.567	-13.184	0	324.433	0	0	0	0	
1	[SLPS]	0	479.269	-12.781	0	324.427	0	0	0	0	
1	[SLPS]	0	479.269	-12.781	0	324.427	0	0	0	0	
1	[SLPS]	0	479.122	-12.577	0	324.431	0	0	0	0	
1	[SLPS]	0	478.978	-12.372	0	324.438	0	0	0	0	
1	[SLPS]	0	478.830	-12.175	0	324.436	0	0	0	0	
1	[SLPS]	0	478.689	-11.977	0	324.444	0	0	0	0	
1	[SLPS]	0	478.689	-11.977	0	324.444	0	0	0	0	
1	[SLPS]	0	478.410	-11.570	0	324.472	0	0	0	0	
1	[SLPS]	0	478.410	-11.570	0	324.472	0	0	0	0	
1	[SLPS]	0	478.410	-11.570	0	324.472	0	0	0	0	
1	[SLPS]	0	478.130	-11.176	0	324.486	0	0	0	0	
1	[SLPS]	0	478.130	-11.176	0	324.486	0	0	0	0	
1	[SLPS]	0	477.989	-10.980	0	324.491	0	0	0	0	
1	[SLPS]	0	477.847	-10.777	0	324.503	0	0	0	0	
1	[SLPS]	0	477.708	-10.581	0	324.524	0	0	0	0	
1	[SLPS]	0	477.570	-10.382	0	324.548	0	0	0	0	
1	[SLPS]	0	477.570	-10.382	0	324.548	0	0	0	0	
1	[SLPS]	0	477.429	-10.183	0	324.573	0	0	0	0	
1	[SLPS]	0	477.289	-9.985	0	324.593	0	0	0	0	
1	[SLPS]	0	477.145	-9.785	0	324.605	0	0	0	0	
1	[SLPS]	0	477.009	-9.582	0	324.624	0	0	0	0	
1	[SLPS]	0	477.009	-9.582	0	324.624	0	0	0	0	
1	[SLPS]	0	476.729	-9.176	0	324.659	0	0	0	0	
1	[SLPS]	0	476.729	-9.176	0	324.659	0	0	0	0	
1	[SLPS]	0	476.594	-8.979	0	324.674	0	0	0	0	
1	[SLPS]	0	476.453	-8.779	0	324.686	0	0	0	0	
1	[SLPS]	0	476.453	-8.779	0	324.686	0	0	0	0	
1	[SLPS]	0	476.172	-8.375	0	324.714	0	0	0	0	
1	[SLPS]	0	476.172	-8.375	0	324.714	0	0	0	0	
1	[SLPS]	0	476.027	-8.171	0	324.721	0	0	0	0	
1	[SLPS]	0	475.886	-7.973	0	324.733	0	0	0	0	
1	[SLPS]	0	475.886	-7.973	0	324.733	0	0	0	0	
1	[SLPS]	0	475.606	-7.567	0	324.762	0	0	0	0	
1	[SLPS]	0	475.606	-7.567	0	324.762	0	0	0	0	
1	[SLPS]	0	475.465	-7.371	0	324.767	0	0	0	0	
1	[SLPS]	0	475.324	-7.171	0	324.783	0	0	0	0	
1	[SLPS]	0	475.324	-7.171	0	324.783	0	0	0	0	
1	[SLPS]	0	475.042	-6.767	0	324.816	0	0	0	0	
1	[SLPS]	0	475.042	-6.767	0	324.816	0	0	0	0	
1	[SLPS]	0	474.901	-6.567	0	324.832	0	0	0	0	
1	[SLPS]	0	474.763	-6.371	0	324.841	0	0	0	0	
1	[SLPS]	0	474.763	-6.371	0	324.841	0	0	0	0	
1	[SLPS]	0	474.484	-5.971	0	324.859	0	0	0	0	
1	[SLPS]	0	474.484	-5.971	0	324.859	0	0	0	0	
1	[SLPS]	0	474.347	-5.770	0	324.862	0	0	0	0	
1	[SLPS]	0	474.210	-5.575	0	324.861	0	0	0	0	
1	[SLPS]	0	474.210	-5.575	0	324.861	0	0	0	0	
1	[SLPS]	0	473.932	-5.174	0	324.869	0	0	0	0	
1	[SLPS]	0	473.932	-5.174	0	324.869	0	0	0	0	
1	[SLPS]	0	473.788	-4.981	0	324.864	0	0	0	0	
1	[SLPS]	0	473.649	-4.780	0	324.875	0	0	0	0	
1	[SLPS]	0	473.649	-4.780	0	324.875	0	0	0	0	
1	[SLPS]	0	473.370	-4.393	0	324.873	0	0	0	0	
1	[SLPS]	0	473.370	-4.393	0	324.873	0	0	0	0	
1	[SLPS]	0	473.231	-4.194	0	324.877	0	0	0	0	
1	[SLPS]	0	473.094	-3.990	0	324.886	0	0	0	0	
1	[SLPS]	0	473.094	-3.990	0	324.886	0	0	0	0	
1	[SLPS]	0	472.813	-3.599	0	324.884	0	0	0	0	
1	[SLPS]	0	472.813	-3.599	0	324.884	0	0	0	0	
1	[SLPS]	0	472.675	-3.398	0	324.890	0	0	0	0	
1	[SLPS]	0	472.543	-3.194	0	324.903	0	0	0	0	
1	[SLPS]	0	472.402	-2.998	0	324.898	0	0	0	0	
1	[SLPS]	0	472.265	-2.802	0	324.898	0	0	0	0	
1	[SLPS]	0	472.265	-2.802	0	324.898	0	0	0	0	
1	[SLPS]	0	472.130	-2.602	0	324.903	0	0	0	0	
1	[SLPS]	0	471.992	-2.403	0	324.899	0	0	0	0	
1	[SLPS]	0	471.992	-2.403	0	324.899	0	0	0	0	
1	[SLPS]	0	471.720	-2.009	0	324.907	0	0	0	0	
1	[SLPS]	0	471.720	-2.009	0	324.907	0	0	0	0	
1	[SLPS]	0	471.581	-1.815	0	324.908	0	0	0	0	
1	[SLPS]	0	471.444	-1.614	0	324.916	0	0	0	0	
1	[SLPS]	0	471.444	-1.614	0	324.916	0	0	0	0	
1	[SLPS]	0	471.167	-1.227	0	324.911	0	0	0	0	
1	[SLPS]	0	471.167	-1.227	0	324.911	0	0	0	0	
1	[SLPS]	0	471.031	-1.028	0	324.915	0	0	0	0	
1	[SLPS]	0	470.896	-0.834	0	324.917	0	0	0	0	
1	[SLPS]	0	470.896	-0.834	0	324.917	0	0	0	0	
1	[SLPS]	0	470.625	-0.449	0	324.916	0	0	0	0	
1	[SLPS]	0	470.625	-0.449	0	324.916	0	0	0	0	
1	[SLPS]	0	470.492	-0.245	0	324.931	0	0	0	0	
1	[SLPS]	0	470.357	-0.050	0	324.939	0	0	0	0	
1	[SLPS]	0	470.357	-0.050	0	324.939	0	0	0	0	
1	[SLPS]	0	470.082	0.334	0	324.944	0	0	0	0	
1	[SLPS]	0	470.082	0.334	0	324.944	0	0	0	0	
1	[SLPS]	0	469.949	0.525	0	324.944	0	0	0	0	
1	[SLPS]	0	469.817	0.718	0	324.947	0	0	0	0	
1	[SLPS]	0	469.817	0.718	0	324.947	0	0	0	0	
1	[SLPS]	0	469.549	1.111	0	324.945	0	0	0	0	
1	[SLPS]	0	469.549	1.111	0	324.945	0	0	0	0	
1	[SLPS]	0	469.415	1.301	0	324.932	0	0	0	0	
1	[SLPS]	0	469.282	1.495	0	324.918	0	0	0	0	
1	[SLPS]	0	469.282	1.495	0	324.918	0	0	0	0	
1	[SLPS]	0	469.015	1.884	0	324.899	0	0	0	0	
1	[SLPS]	0	469.015	1.884	0	324.899	0	0	0	0	
1	[SLPS]	0	468.875	2.077	0	324.875	0	0	0	0	
1	[SLPS]	0	468.746	2.269	0	324.866	0	0	0	0	
1	[SLPS]	0	468.746	2.269	0	324.866	0	0	0	0	
1	[SLPS]	0	468.472	2.644	0	324.818	0	0	0	0	
