3	[SLPS]	0	109.203	-264.233	0	318.793	0	0	0	0	
3	[SLPS]	0	109.031	-264.038	0	318.798	0	0	0	0	
3	[SLPS]	0	108.859	-263.849	0	318.796	0	0	0	0	
3	[SLPS]	0	108.859	-263.849	0	318.796	0	0	0	0	
3	[SLPS]	0	108.520	-263.450	0	318.807	0	0	0	0	
3	[SLPS]	0	108.520	-263.450	0	318.807	0	0	0	0	
3	[SLPS]	0	108.348	-263.249	0	318.809	0	0	0	0	
3	[SLPS]	0	108.179	-263.056	0	318.814	0	0	0	0	
3	[SLPS]	0	108.015	-262.861	0	318.821	0	0	0	0	
3	[SLPS]	0	107.839	-262.669	0	318.814	0	0	0	0	
3	[SLPS]	0	107.839	-262.669	0	318.814	0	0	0	0	
3	[SLPS]	0	107.501	-262.272	0	318.834	0	0	0	0	
3	[SLPS]	0	107.501	-262.272	0	318.834	0	0	0	0	
3	[SLPS]	0	107.331	-262.082	0	318.829	0	0	0	0	
3	[SLPS]	0	107.158	-261.885	0	318.819	0	0	0	0	
3	[SLPS]	0	107.158	-261.885	0	318.819	0	0	0	0	
3	[SLPS]	0	106.817	-261.494	0	318.780	0	0	0	0	
3	[SLPS]	0	106.817	-261.494	0	318.780	0	0	0	0	
3	[SLPS]	0	106.649	-261.297	0	318.771	0	0	0	0	
3	[SLPS]	0	106.481	-261.098	0	318.763	0	0	0	0	
3	[SLPS]	0	106.481	-261.098	0	318.763	0	0	0	0	
3	[SLPS]	0	106.140	-260.716	0	318.730	0	0	0	0	
3	[SLPS]	0	106.140	-260.716	0	318.730	0	0	0	0	
3	[SLPS]	0	105.971	-260.522	0	318.715	0	0	0	0	
3	[SLPS]	0	105.799	-260.327	0	318.702	0	0	0	0	
3	[SLPS]	0	105.799	-260.327	0	318.702	0	0	0	0	
3	[SLPS]	0	105.470	-259.948	0	318.676	0	0	0	0	
3	[SLPS]	0	105.470	-259.948	0	318.676	0	0	0	0	
3	[SLPS]	0	105.298	-259.755	0	318.661	0	0	0	0	
3	[SLPS]	0	105.131	-259.563	0	318.650	0	0	0	0	
3	[SLPS]	0	105.131	-259.563	0	318.650	0	0	0	0	
3	[SLPS]	0	104.799	-259.180	0	318.624	0	0	0	0	
3	[SLPS]	0	104.799	-259.180	0	318.624	0	0	0	0	
3	[SLPS]	0	104.627	-258.990	0	318.606	0	0	0	0	
3	[SLPS]	0	104.456	-258.798	0	318.590	0	0	0	0	
3	[SLPS]	0	104.456	-258.798	0	318.590	0	0	0	0	
3	[SLPS]	0	104.129	-258.422	0	318.558	0	0	0	0	
3	[SLPS]	0	104.129	-258.422	0	318.558	0	0	0	0	
3	[SLPS]	0	103.966	-258.231	0	318.551	0	0	0	0	
3	[SLPS]	0	103.796	-258.041	0	318.538	0	0	0	0	
3	[SLPS]	0	103.796	-258.041	0	318.538	0	0	0	0	
3	[SLPS]	0	103.463	-257.659	0	318.521	0	0	0	0	
3	[SLPS]	0	103.463	-257.659	0	318.521	0	0	0	0	
3	[SLPS]	0	103.299	-257.474	0	318.508	0	0	0	0	
3	[SLPS]	0	103.136	-257.288	0	318.495	0	0	0	0	
3	[SLPS]	0	102.971	-257.102	0	318.489	0	0	0	0	
3	[SLPS]	0	102.810	-256.914	0	318.497	0	0	0	0	
3	[SLPS]	0	102.810	-256.914	0	318.497	0	0	0	0	
3	[SLPS]	0	102.642	-256.726	0	318.512	0	0	0	0	
3	[SLPS]	0	102.476	-256.546	0	318.526	0	0	0	0	
3	[SLPS]	0	102.312	-256.358	0	318.558	0	0	0	0	
3	[SLPS]	0	102.148	-256.172	0	318.582	0	0	0	0	
3	[SLPS]	0	102.148	-256.172	0	318.582	0	0	0	0	
3	[SLPS]	0	101.820	-255.796	0	318.627	0	0	0	0	
3	[SLPS]	0	101.820	-255.796	0	318.627	0	0	0	0	
3	[SLPS]	0	101.652	-255.600	0	318.649	0	0	0	0	
3	[SLPS]	0	101.492	-255.417	0	318.670	0	0	0	0	
3	[SLPS]	0	101.492	-255.417	0	318.670	0	0	0	0	
3	[SLPS]	0	101.166	-255.031	0	318.724	0	0	0	0	
3	[SLPS]	0	101.166	-255.031	0	318.724	0	0	0	0	
3	[SLPS]	0	101.003	-254.843	0	318.747	0	0	0	0	
3	[SLPS]	0	100.842	-254.658	0	318.768	0	0	0	0	
3	[SLPS]	0	100.842	-254.658	0	318.768	0	0	0	0	
3	[SLPS]	0	100.517	-254.284	0	318.810	0	0	0	0	
3	[SLPS]	0	100.517	-254.284	0	318.810	0	0	0	0	
3	[SLPS]	0	100.355	-254.097	0	318.834	0	0	0	0	
3	[SLPS]	0	100.195	-253.910	0	318.856	0	0	0	0	
3	[SLPS]	0	100.195	-253.910	0	318.856	0	0	0	0	
3	[SLPS]	0	99.866	-253.535	0	318.895	0	0	0	0	
3	[SLPS]	0	99.866	-253.535	0	318.895	0	0	0	0	
3	[SLPS]	0	99.708	-253.341	0	318.920	0	0	0	0	
3	[SLPS]	0	99.548	-253.154	0	318.938	0	0	0	0	
3	[SLPS]	0	99.380	-252.962	0	318.961	0	0	0	0	
3	[SLPS]	0	99.215	-252.765	0	318.992	0	0	0	0	
3	[SLPS]	0	99.215	-252.765	0	318.992	0	0	0	0	
3	[SLPS]	0	98.881	-252.380	0	319.037	0	0	0	0	
3	[SLPS]	0	98.881	-252.380	0	319.037	0	0	0	0	
3	[SLPS]	0	98.711	-252.183	0	319.056	0	0	0	0	
3	[SLPS]	0	98.546	-251.990	0	319.074	0	0	0	0	
3	[SLPS]	0	98.546	-251.990	0	319.074	0	0	0	0	
3	[SLPS]	0	98.207	-251.602	0	319.118	0	0	0	0	
3	[SLPS]	0	98.207	-251.602	0	319.118	0	0	0	0	
3	[SLPS]	0	98.038	-251.399	0	319.148	0	0	0	0	
3	[SLPS]	0	97.868	-251.205	0	319.168	0	0	0	0	
3	[SLPS]	0	97.868	-251.205	0	319.168	0	0	0	0	
3	[SLPS]	0	97.532	-250.809	0	319.208	0	0	0	0	
3	[SLPS]	0	97.532	-250.809	0	319.208	0	0	0	0	
3	[SLPS]	0	97.362	-250.612	0	319.232	0	0	0	0	
3	[SLPS]	0	97.186	-250.421	0	319.244	0	0	0	0	
3	[SLPS]	0	97.186	-250.421	0	319.244	0	0	0	0	
3	[SLPS]	0	96.842	-250.017	0	319.265	0	0	0	0	
3	[SLPS]	0	96.842	-250.017	0	319.265	0	0	0	0	
3	[SLPS]	0	96.672	-249.813	0	319.274	0	0	0	0	
3	[SLPS]	0	96.502	-249.616	0	319.275	0	0	0	0	
3	[SLPS]	0	96.502	-249.616	0	319.275	0	0	0	0	
3	[SLPS]	0	96.153	-249.217	0	319.269	0	0	0	0	
3	[SLPS]	0	96.153	-249.217	0	319.269	0	0	0	0	
3	[SLPS]	0	95.986	-249.012	0	319.272	0	0	0	0	
3	[SLPS]	0	95.814	-248.810	0	319.276	0	0	0	0	
3	[SLPS]	0	95.814	-248.810	0	319.276	0	0	0	0	
3	[SLPS]	0	95.477	-248.418	0	319.288	0	0	0	0	
3	[SLPS]	0	95.477	-248.418	0	319.288	0	0	0	0	
3	[SLPS]	0	95.309	-248.219	0	319.284	0	0	0	0	
3	[SLPS]	0	95.137	-248.019	0	319.276	0	0	0	0	
3	[SLPS]	0	95.137	-248.019	0	319.276	0	0	0	0	
3	[SLPS]	0	94.800	-247.627	0	319.263	0	0	0	0	
3	[SLPS]	0	94.800	-247.627	0	319.263	0	0	0	0	
3	[SLPS]	0	94.462	-247.233	0	319.249	0	0	0	0	
3	[SLPS]	0	94.462	-247.233	0	319.249	0	0	0	0	
3	[SLPS]	0	94.293	-247.033	0	319.254	0	0	0	0	
3	[SLPS]	0	94.124	-246.835	0	319.255	0	0	0	0	
3	[SLPS]	0	94.124	-246.835	0	319.255	0	0	0	0	
3	[SLPS]	0	93.787	-246.448	0	319.244	0	0	0	0	
3	[SLPS]	0	93.787	-246.448	0	319.244	0	0	0	0	
3	[SLPS]	0	93.618	-246.253	0	319.238	0	0	0	0	
3	[SLPS]	0	93.454	-246.066	0	319.233	0	0	0	0	
3	[SLPS]	0	93.454	-246.066	0	319.233	0	0	0	0	
3	[SLPS]	0	93.121	-245.673	0	319.230	0	0	0	0	
3	[SLPS]	0	93.121	-245.673	0	319.230	0	0	0	0	
3	[SLPS]	0	92.949	-245.476	0	319.219	0	0	0	0	
3	[SLPS]	0	92.782	-245.284	0	319.209	0	0	0	0	
3	[SLPS]	0	92.782	-245.284	0	319.209	0	0	0	0	
3	[SLPS]	0	92.446	-244.877	0	319.211	0	0	0	0	
3	[SLPS]	0	92.446	-244.877	0	319.211	0	0	0	0	
3	[SLPS]	0	92.279	-244.685	0	319.206	0	0	0	0	
3	[SLPS]	0	92.116	-244.492	0	319.206	0	0	0	0	
3	[SLPS]	0	92.116	-244.492	0	319.206	0	0	0	0	
3	[SLPS]	0	91.779	-244.090	0	319.208	0	0	0	0	
3	[SLPS]	0	91.779	-244.090	0	319.208	0	0	0	0	
3	[SLPS]	0	91.613	-243.895	0	319.196	0	0	0	0	
3	[SLPS]	0	91.439	-243.709	0	319.163	0	0	0	0	
3	[SLPS]	0	91.269	-243.518	0	319.135	0	0	0	0	
3	[SLPS]	0	91.102	-243.324	0	319.113	0	0	0	0	
3	[SLPS]	0	91.102	-243.324	0	319.113	0	0	0	0	
3	[SLPS]	0	90.938	-243.121	0	319.102	0	0	0	0	
3	[SLPS]	0	90.767	-242.931	0	319.083	0	0	0	0	
3	[SLPS]	0	90.600	-242.735	0	319.076	0	0	0	0	
3	[SLPS]	0	90.436	-242.537	0	319.071	0	0	0	0	
3	[SLPS]	0	90.436	-242.537	0	319.071	0	0	0	0	
3	[SLPS]	0	90.098	-242.162	0	319.041	0	0	0	0	
3	[SLPS]	0	90.098	-242.162	0	319.041	0	0	0	0	
3	[SLPS]	0	89.928	-241.964	0	319.031	0	0	0	0	
3	[SLPS]	0	89.767	-241.787	0	319.021	0	0	0	0	
3	[SLPS]	0	89.767	-241.787	0	319.021	0	0	0	0	
3	[SLPS]	0	89.431	-241.412	0	319.001	0	0	0	0	
3	[SLPS]	0	89.431	-241.412	0	319.001	0	0	0	0	
3	[SLPS]	0	89.264	-241.223	0	318.992	0	0	0	0	
3	[SLPS]	0	89.092	-241.028	0	318.991	0	0	0	0	
3	[SLPS]	0	89.092	-241.028	0	318.991	0	0	0	0	
3	[SLPS]	0	88.761	-240.651	0	318.988	0	0	0	0	
3	[SLPS]	0	88.761	-240.651	0	318.988	0	0	0	0	
3	[SLPS]	0	88.597	-240.458	0	318.990	0	0	0	0	
3	[SLPS]	0	88.433	-240.268	0	318.986	0	0	0	0	
3	[SLPS]	0	88.433	-240.268	0	318.986	0	0	0	0	
3	[SLPS]	0	88.112	-239.878	0	318.995	0	0	0	0	
3	[SLPS]	0	88.112	-239.878	0	318.995	0	0	0	0	
3	[SLPS]	0	87.939	-239.689	0	318.981	0	0	0	0	
3	[SLPS]	0	87.766	-239.492	0	318.974	0	0	0	0	
3	[SLPS]	0	87.766	-239.492	0	318.974	0	0	0	0	
3	[SLPS]	0	87.441	-239.106	0	318.962	0	0	0	0	
3	[SLPS]	0	87.441	-239.106	0	318.962	0	0	0	0	
3	[SLPS]	0	87.275	-238.909	0	318.969	0	0	0	0	
3	[SLPS]	0	87.112	-238.718	0	318.973	0	0	0	0	
3	[SLPS]	0	87.112	-238.718	0	318.973	0	0	0	0	
3	[SLPS]	0	86.786	-238.336	0	318.974	0	0	0	0	
3	[SLPS]	0	86.786	-238.336	0	318.974	0	0	0	0	
3	[SLPS]	0	86.617	-238.132	0	318.978	0	0	0	0	
3	[SLPS]	0	86.454	-237.939	0	318.974	0	0	0	0	
3	[SLPS]	0	86.454	-237.939	0	318.974	0	0	0	0	
3	[SLPS]	0	86.122	-237.559	0	318.946	0	0	0	0	
3	[SLPS]	0	86.122	-237.559	0	318.946	0	0	0	0	
3	[SLPS]	0	85.958	-237.369	0	318.929	0	0	0	0	
3	[SLPS]	0	85.793	-237.181	0	318.902	0	0	0	0	
3	[SLPS]	0	85.627	-236.987	0	318.878	0	0	0	0	
3	[SLPS]	0	85.464	-236.799	0	318.858	0	0	0	0	
3	[SLPS]	0	85.464	-236.799	0	318.858	0	0	0	0	
3	[SLPS]	0	85.130	-236.420	0	318.814	0	0	0	0	
3	[SLPS]	0	85.130	-236.420	0	318.814	0	0	0	0	
3	[SLPS]	0	84.965	-236.231	0	318.798	0	0	0	0	
3	[SLPS]	0	84.804	-236.046	0	318.778	0	0	0	0	
3	[SLPS]	0	84.804	-236.046	0	318.778	0	0	0	0	
3	[SLPS]	0	84.470	-235.673	0	318.736	0	0	0	0	
3	[SLPS]	0	84.470	-235.673	0	318.736	0	0	0	0	
3	[SLPS]	0	84.308	-235.484	0	318.723	0	0	0	0	
3	[SLPS]	0	84.145	-235.296	0	318.708	0	0	0	0	
3	[SLPS]	0	84.145	-235.296	0	318.708	0	0	0	0	
3	[SLPS]	0	83.814	-234.924	0	318.668	0	0	0	0	
3	[SLPS]	0	83.814	-234.924	0	318.668	0	0	0	0	
3	[SLPS]	0	83.648	-234.738	0	318.649	0	0	0	0	
3	[SLPS]	0	83.488	-234.551	0	318.631	0	0	0	0	
3	[SLPS]	0	83.163	-234.178	0	318.609	0	0	0	0	
3	[SLPS]	0	83.163	-234.178	0	318.609	0	0	0	0	
3	[SLPS]	0	82.995	-233.991	0	318.594	0	0	0	0	
3	[SLPS]	0	82.833	-233.805	0	318.585	0	0	0	0	
3	[SLPS]	0	82.833	-233.805	0	318.585	0	0	0	0	
3	[SLPS]	0	82.505	-233.424	0	318.574	0	0	0	0	
3	[SLPS]	0	82.505	-233.424	0	318.574	0	0	0	0	
3	[SLPS]	0	82.336	-233.233	0	318.564	0	0	0	0	
3	[SLPS]	0	82.168	-233.052	0	318.551	0	0	0	0	
3	[SLPS]	0	82.168	-233.052	0	318.551	0	0	0	0	
3	[SLPS]	0	81.828	-232.674	0	318.526	0	0	0	0	
3	[SLPS]	0	81.828	-232.674	0	318.526	0	0	0	0	
3	[SLPS]	0	81.663	-232.481	0	318.530	0	0	0	0	
3	[SLPS]	0	81.498	-232.289	0	318.541	0	0	0	0	
3	[SLPS]	0	81.166	-231.914	0	318.553	0	0	0	0	
3	[SLPS]	0	81.166	-231.914	0	318.553	0	0	0	0	
3	[SLPS]	0	80.998	-231.718	0	318.563	0	0	0	0	
3	[SLPS]	0	80.836	-231.532	0	318.571	0	0	0	0	
3	[SLPS]	0	80.836	-231.532	0	318.571	0	0	0	0	
3	[SLPS]	0	80.507	-231.156	0	318.585	0	0	0	0	
3	[SLPS]	0	80.507	-231.156	0	318.585	0	0	0	0	
3	[SLPS]	0	80.340	-230.971	0	318.583	0	0	0	0	
3	[SLPS]	0	80.179	-230.786	0	318.585	0	0	0	0	
3	[SLPS]	0	80.179	-230.786	0	318.585	0	0	0	0	
3	[SLPS]	0	79.849	-230.407	0	318.593	0	0	0	0	
3	[SLPS]	0	79.849	-230.407	0	318.593	0	0	0	0	
3	[SLPS]	0	79.684	-230.219	0	318.589	0	0	0	0	
3	[SLPS]	0	79.523	-230.033	0	318.580	0	0	0	0	
3	[SLPS]	0	79.523	-230.033	0	318.580	0	0	0	0	
3	[SLPS]	0	79.202	-229.658	0	318.560	0	0	0	0	
3	[SLPS]	0	79.202	-229.658	0	318.560	0	0	0	0	
3	[SLPS]	0	79.034	-229.470	0	318.547	0	0	0	0	
3	[SLPS]	0	78.870	-229.289	0	318.529	0	0	0	0	
3	[SLPS]	0	78.870	-229.289	0	318.529	0	0	0	0	
3	[SLPS]	0	78.546	-228.918	0	318.508	0	0	0	0	
3	[SLPS]	0	78.546	-228.918	0	318.508	0	0	0	0	
3	[SLPS]	0	78.388	-228.737	0	318.496	0	0	0	0	
3	[SLPS]	0	78.225	-228.553	0	318.488	0	0	0	0	
3	[SLPS]	0	78.225	-228.553	0	318.488	0	0	0	0	
3	[SLPS]	0	77.896	-228.186	0	318.463	0	0	0	0	
3	[SLPS]	0	77.896	-228.186	0	318.463	0	0	0	0	
3	[SLPS]	0	77.577	-227.830	0	318.432	0	0	0	0	
3	[SLPS]	0	77.577	-227.830	0	318.432	0	0	0	0	
3	[SLPS]	0	77.577	-227.830	0	318.432	0	0	0	0	
3	[SLPS]	0	77.254	-227.464	0	318.401	0	0	0	0	
3	[SLPS]	0	77.254	-227.464	0	318.401	0	0	0	0	
3	[SLPS]	0	77.090	-227.288	0	318.382	0	0	0	0	
3	[SLPS]	0	76.932	-227.112	0	318.370	0	0	0	0	
3	[SLPS]	0	76.932	-227.112	0	318.370	0	0	0	0	
3	[SLPS]	0	76.607	-226.750	0	318.364	0	0	0	0	
3	[SLPS]	0	76.607	-226.750	0	318.364	0	0	0	0	
3	[SLPS]	0	76.451	-226.572	0	318.360	0	0	0	0	
3	[SLPS]	0	76.294	-226.396	0	318.341	0	0	0	0	
3	[SLPS]	0	76.294	-226.396	0	318.341	0	0	0	0	
3	[SLPS]	0	75.975	-226.040	0	318.310	0	0	0	0	
3	[SLPS]	0	75.975	-226.040	0	318.310	0	0	0	0	
3	[SLPS]	0	75.815	-225.862	0	318.303	0	0	0	0	
3	[SLPS]	0	75.657	-225.685	0	318.305	0	0	0	0	
3	[SLPS]	0	75.657	-225.685	0	318.305	0	0	0	0	
3	[SLPS]	0	75.344	-225.326	0	318.327	0	0	0	0	
3	[SLPS]	0	75.344	-225.326	0	318.327	0	0	0	0	
3	[SLPS]	0	75.187	-225.148	0	318.347	0	0	0	0	
3	[SLPS]	0	75.027	-224.972	0	318.357	0	0	0	0	
3	[SLPS]	0	75.027	-224.972	0	318.357	0	0	0	0	
3	[SLPS]	0	74.716	-224.609	0	318.366	0	0	0	0	
3	[SLPS]	0	74.716	-224.609	0	318.366	0	0	0	0	
3	[SLPS]	0	74.562	-224.429	0	318.382	0	0	0	0	
3	[SLPS]	0	74.404	-224.254	0	318.387	0	0	0	0	
3	[SLPS]	0	74.404	-224.254	0	318.387	0	0	0	0	
3	[SLPS]	0	74.090	-223.897	0	318.410	0	0	0	0	
3	[SLPS]	0	74.090	-223.897	0	318.410	0	0	0	0	
3	[SLPS]	0	73.934	-223.720	0	318.414	0	0	0	0	
3	[SLPS]	0	73.779	-223.544	0	318.413	0	0	0	0	
3	[SLPS]	0	73.625	-223.367	0	318.430	0	0	0	0	
3	[SLPS]	0	73.471	-223.189	0	318.450	0	0	0	0	
3	[SLPS]	0	73.471	-223.189	0	318.450	0	0	0	0	
3	[SLPS]	0	73.315	-223.011	0	318.472	0	0	0	0	
3	[SLPS]	0	73.160	-222.841	0	318.478	0	0	0	0	
3	[SLPS]	0	73.007	-222.665	0	318.480	0	0	0	0	
3	[SLPS]	0	72.852	-222.491	0	318.478	0	0	0	0	
3	[SLPS]	0	72.852	-222.491	0	318.478	0	0	0	0	
3	[SLPS]	0	72.700	-222.309	0	318.490	0	0	0	0	
3	[SLPS]	0	72.546	-222.139	0	318.495	0	0	0	0	
3	[SLPS]	0	72.388	-221.963	0	318.508	0	0	0	0	
3	[SLPS]	0	72.240	-221.789	0	318.523	0	0	0	0	
3	[SLPS]	0	72.240	-221.789	0	318.523	0	0	0	0	
3	[SLPS]	0	71.929	-221.448	0	318.509	0	0	0	0	
3	[SLPS]	0	71.929	-221.448	0	318.509	0	0	0	0	
3	[SLPS]	0	71.780	-221.272	0	318.498	0	0	0	0	
3	[SLPS]	0	71.620	-221.102	0	318.458	0	0	0	0	
3	[SLPS]	0	71.620	-221.102	0	318.458	0	0	0	0	
3	[SLPS]	0	71.321	-220.757	0	318.399	0	0	0	0	
3	[SLPS]	0	71.321	-220.757	0	318.399	0	0	0	0	
3	[SLPS]	0	71.163	-220.593	0	318.366	0	0	0	0	
3	[SLPS]	0	71.014	-220.414	0	318.354	0	0	0	0	
3	[SLPS]	0	71.014	-220.414	0	318.354	0	0	0	0	
3	[SLPS]	0	70.714	-220.077	0	318.314	0	0	0	0	
3	[SLPS]	0	70.714	-220.077	0	318.314	0	0	0	0	
3	[SLPS]	0	70.562	-219.908	0	318.290	0	0	0	0	
3	[SLPS]	0	70.411	-219.735	0	318.278	0	0	0	0	
3	[SLPS]	0	70.411	-219.735	0	318.278	0	0	0	0	
3	[SLPS]	0	70.112	-219.398	0	318.261	0	0	0	0	
3	[SLPS]	0	70.112	-219.398	0	318.261	0	0	0	0	
3	[SLPS]	0	69.963	-219.224	0	318.253	0	0	0	0	
3	[SLPS]	0	69.821	-219.053	0	318.249	0	0	0	0	
3	[SLPS]	0	69.673	-218.890	0	318.234	0	0	0	0	
3	[SLPS]	0	69.530	-218.726	0	318.213	0	0	0	0	
3	[SLPS]	0	69.530	-218.726	0	318.213	0	0	0	0	
3	[SLPS]	0	69.246	-218.412	0	318.185	0	0	0	0	
3	[SLPS]	0	69.246	-218.412	0	318.185	0	0	0	0	
3	[SLPS]	0	69.109	-218.258	0	318.181	0	0	0	0	
3	[SLPS]	0	68.970	-218.101	0	318.182	0	0	0	0	
3	[SLPS]	0	68.970	-218.101	0	318.182	0	0	0	0	
3	[SLPS]	0	68.694	-217.800	0	318.190	0	0	0	0	
3	[SLPS]	0	68.694	-217.800	0	318.190	0	0	0	0	
3	[SLPS]	0	68.555	-217.645	0	318.205	0	0	0	0	
3	[SLPS]	0	68.420	-217.497	0	318.227	0	0	0	0	
3	[SLPS]	0	68.420	-217.497	0	318.227	0	0	0	0	
3	[SLPS]	0	68.281	-217.343	0	318.260	0	0	0	0	
3	[SLPS]	0	68.145	-217.191	0	318.305	0	0	0	0	
3	[SLPS]	0	68.007	-217.045	0	318.353	0	0	0	0	
3	[SLPS]	0	67.875	-216.900	0	318.415	0	0	0	0	
3	[SLPS]	0	67.875	-216.900	0	318.415	0	0	0	0	
3	[SLPS]	0	67.744	-216.742	0	318.493	0	0	0	0	
3	[SLPS]	0	67.617	-216.594	0	318.585	0	0	0	0	
3	[SLPS]	0	67.484	-216.445	0	318.688	0	0	0	0	
3	[SLPS]	0	67.356	-216.295	0	318.810	0	0	0	0	
3	[SLPS]	0	67.356	-216.295	0	318.810	0	0	0	0	
3	[SLPS]	0	67.095	-215.988	0	319.117	0	0	0	0	
3	[SLPS]	0	67.095	-215.988	0	319.117	0	0	0	0	
3	[SLPS]	0	66.967	-215.845	0	319.289	0	0	0	0	
3	[SLPS]	0	66.840	-215.691	0	319.476	0	0	0	0	
3	[SLPS]	0	66.840	-215.691	0	319.476	0	0	0	0	
3	[SLPS]	0	66.593	-215.385	0	319.865	0	0	0	0	
3	[SLPS]	0	66.593	-215.385	0	319.865	0	0	0	0	
3	[SLPS]	0	66.468	-215.235	0	320.073	0	0	0	0	
3	[SLPS]	0	66.352	-215.081	0	320.289	0	0	0	0	
3	[SLPS]	0	66.352	-215.081	0	320.289	0	0	0	0	
3	[SLPS]	0	66.109	-214.776	0	320.751	0	0	0	0	
3	[SLPS]	0	66.109	-214.776	0	320.751	0	0	0	0	
3	[SLPS]	0	65.996	-214.622	0	320.992	0	0	0	0	
3	[SLPS]	0	65.879	-214.469	0	321.238	0	0	0	0	
3	[SLPS]	0	65.879	-214.469	0	321.238	0	0	0	0	
3	[SLPS]	0	65.648	-214.173	0	321.755	0	0	0	0	
3	[SLPS]	0	65.648	-214.173	0	321.755	0	0	0	0	
3	[SLPS]	0	65.532	-214.019	0	322.020	0	0	0	0	
3	[SLPS]	0	65.415	-213.861	0	322.303	0	0	0	0	
3	[SLPS]	0	65.415	-213.861	0	322.303	0	0	0	0	
3	[SLPS]	0	65.194	-213.561	0	322.892	0	0	0	0	
3	[SLPS]	0	65.194	-213.561	0	322.892	0	0	0	0	
3	[SLPS]	0	65.077	-213.406	0	323.192	0	0	0	0	
3	[SLPS]	0	64.966	-213.254	0	323.499	0	0	0	0	
3	[SLPS]	0	64.966	-213.254	0	323.499	0	0	0	0	
3	[SLPS]	0	64.754	-212.946	0	324.130	0	0	0	0	
3	[SLPS]	0	64.754	-212.946	0	324.130	0	0	0	0	
3	[SLPS]	0	64.642	-212.794	0	324.462	0	0	0	0	
3	[SLPS]	0	64.538	-212.644	0	324.811	0	0	0	0	
3	[SLPS]	0	64.538	-212.644	0	324.811	0	0	0	0	
3	[SLPS]	0	64.335	-212.334	0	325.539	0	0	0	0	
3	[SLPS]	0	64.335	-212.334	0	325.539	0	0	0	0	
3	[SLPS]	0	64.235	-212.178	0	325.915	0	0	0	0	
3	[SLPS]	0	64.139	-212.023	0	326.298	0	0	0	0	
3	[SLPS]	0	64.046	-211.871	0	326.692	0	0	0	0	
3	[SLPS]	0	63.948	-211.718	0	327.097	0	0	0	0	
3	[SLPS]	0	63.948	-211.718	0	327.097	0	0	0	0	
3	[SLPS]	0	63.849	-211.562	0	327.511	0	0	0	0	
3	[SLPS]	0	63.763	-211.405	0	327.935	0	0	0	0	
3	[SLPS]	0	63.676	-211.248	0	328.374	0	0	0	0	
3	[SLPS]	0	63.589	-211.092	0	328.819	0	0	0	0	
3	[SLPS]	0	63.589	-211.092	0	328.819	0	0	0	0	
3	[SLPS]	0	63.409	-210.777	0	329.730	0	0	0	0	
3	[SLPS]	0	63.409	-210.777	0	329.730	0	0	0	0	
3	[SLPS]	0	63.327	-210.617	0	330.194	0	0	0	0	
3	[SLPS]	0	63.251	-210.459	0	330.668	0	0	0	0	
3	[SLPS]	0	63.251	-210.459	0	330.668	0	0	0	0	
3	[SLPS]	0	63.090	-210.140	0	331.623	0	0	0	0	
3	[SLPS]	0	63.090	-210.140	0	331.623	0	0	0	0	
3	[SLPS]	0	63.012	-209.982	0	332.097	0	0	0	0	
3	[SLPS]	0	62.938	-209.822	0	332.577	0	0	0	0	
3	[SLPS]	0	62.938	-209.822	0	332.577	0	0	0	0	
3	[SLPS]	0	62.783	-209.506	0	333.542	0	0	0	0	
3	[SLPS]	0	62.783	-209.506	0	333.542	0	0	0	0	
3	[SLPS]	0	62.710	-209.339	0	334.021	0	0	0	0	
3	[SLPS]	0	62.648	-209.177	0	334.501	0	0	0	0	
3	[SLPS]	0	62.648	-209.177	0	334.501	0	0	0	0	
3	[SLPS]	0	62.500	-208.854	0	335.474	0	0	0	0	
3	[SLPS]	0	62.500	-208.854	0	335.474	0	0	0	0	
3	[SLPS]	0	62.428	-208.690	0	335.966	0	0	0	0	
3	[SLPS]	0	62.362	-208.525	0	336.460	0	0	0	0	
3	[SLPS]	0	62.362	-208.525	0	336.460	0	0	0	0	
3	[SLPS]	0	62.229	-208.195	0	337.463	0	0	0	0	
3	[SLPS]	0	62.229	-208.195	0	337.463	0	0	0	0	
3	[SLPS]	0	62.166	-208.027	0	337.982	0	0	0	0	
3	[SLPS]	0	62.111	-207.860	0	338.513	0	0	0	0	
3	[SLPS]	0	62.111	-207.860	0	338.513	0	0	0	0	
3	[SLPS]	0	61.994	-207.527	0	339.635	0	0	0	0	
3	[SLPS]	0	61.994	-207.527	0	339.635	0	0	0	0	
3	[SLPS]	0	61.940	-207.360	0	340.206	0	0	0	0	
3	[SLPS]	0	61.890	-207.192	0	340.788	0	0	0	0	
3	[SLPS]	0	61.840	-207.022	0	341.385	0	0	0	0	
3	[SLPS]	0	61.791	-206.857	0	342.010	0	0	0	0	
3	[SLPS]	0	61.791	-206.857	0	342.010	0	0	0	0	
3	[SLPS]	0	61.705	-206.519	0	343.309	0	0	0	0	
3	[SLPS]	0	61.705	-206.519	0	343.309	0	0	0	0	
3	[SLPS]	0	61.662	-206.348	0	343.962	0	0	0	0	
3	[SLPS]	0	61.621	-206.179	0	344.616	0	0	0	0	
3	[SLPS]	0	61.621	-206.179	0	344.616	0	0	0	0	
3	[SLPS]	0	61.548	-205.842	0	345.939	0	0	0	0	
3	[SLPS]	0	61.548	-205.842	0	345.939	0	0	0	0	
3	[SLPS]	0	61.514	-205.667	0	346.627	0	0	0	0	
3	[SLPS]	0	61.479	-205.502	0	347.339	0	0	0	0	
3	[SLPS]	0	61.479	-205.502	0	347.339	0	0	0	0	
3	[SLPS]	0	61.453	-205.330	0	348.046	0	0	0	0	
3	[SLPS]	0	61.424	-205.161	0	348.763	0	0	0	0	
3	[SLPS]	0	61.399	-204.990	0	349.493	0	0	0	0	
3	[SLPS]	0	61.376	-204.822	0	350.223	0	0	0	0	
3	[SLPS]	0	61.376	-204.822	0	350.223	0	0	0	0	
3	[SLPS]	0	61.364	-204.655	0	350.965	0	0	0	0	
3	[SLPS]	0	61.349	-204.487	0	351.712	0	0	0	0	
3	[SLPS]	0	61.336	-204.319	0	352.477	0	0	0	0	
3	[SLPS]	0	61.323	-204.152	0	353.246	0	0	0	0	
3	[SLPS]	0	61.323	-204.152	0	353.246	0	0	0	0	
3	[SLPS]	0	61.304	-203.813	0	354.792	0	0	0	0	
3	[SLPS]	0	61.304	-203.813	0	354.792	0	0	0	0	
3	[SLPS]	0	61.298	-203.643	0	355.585	0	0	0	0	
3	[SLPS]	0	61.299	-203.476	0	356.392	0	0	0	0	
3	[SLPS]	0	61.299	-203.476	0	356.392	0	0	0	0	
3	[SLPS]	0	61.299	-203.139	0	358.019	0	0	0	0	
3	[SLPS]	0	61.299	-203.139	0	358.019	0	0	0	0	
3	[SLPS]	0	61.307	-202.975	0	358.796	0	0	0	0	
3	[SLPS]	0	61.313	-202.809	0	359.576	0	0	0	0	
3	[SLPS]	0	61.313	-202.809	0	359.576	0	0	0	0	
3	[SLPS]	0	61.336	-202.477	0	1.162	0	0	0	0	
3	[SLPS]	0	61.336	-202.477	0	1.162	0	0	0	0	
3	[SLPS]	0	61.352	-202.308	0	1.951	0	0	0	0	
3	[SLPS]	0	61.361	-202.144	0	2.735	0	0	0	0	
3	[SLPS]	0	61.361	-202.144	0	2.735	0	0	0	0	
3	[SLPS]	0	61.396	-201.807	0	4.286	0	0	0	0	
3	[SLPS]	0	61.396	-201.807	0	4.286	0	0	0	0	
3	[SLPS]	0	61.419	-201.639	0	5.046	0	0	0	0	
3	[SLPS]	0	61.434	-201.472	0	5.778	0	0	0	0	
3	[SLPS]	0	61.434	-201.472	0	5.778	0	0	0	0	
3	[SLPS]	0	61.493	-201.136	0	7.200	0	0	0	0	
3	[SLPS]	0	61.493	-201.136	0	7.200	0	0	0	0	
3	[SLPS]	0	61.527	-200.973	0	7.904	0	0	0	0	
3	[SLPS]	0	61.558	-200.807	0	8.604	0	0	0	0	
3	[SLPS]	0	61.558	-200.807	0	8.604	0	0	0	0	
3	[SLPS]	0	61.637	-200.477	0	9.949	0	0	0	0	
3	[SLPS]	0	61.637	-200.477	0	9.949	0	0	0	0	
3	[SLPS]	0	61.671	-200.318	0	10.597	0	0	0	0	
3	[SLPS]	0	61.710	-200.155	0	11.234	0	0	0	0	
3	[SLPS]	0	61.710	-200.155	0	11.234	0	0	0	0	
3	[SLPS]	0	61.786	-199.824	0	12.517	0	0	0	0	
3	[SLPS]	0	61.786	-199.824	0	12.517	0	0	0	0	
3	[SLPS]	0	61.827	-199.660	0	13.167	0	0	0	0	
3	[SLPS]	0	61.870	-199.498	0	13.825	0	0	0	0	
3	[SLPS]	0	61.913	-199.340	0	14.472	0	0	0	0	
3	[SLPS]	0	61.965	-199.179	0	15.106	0	0	0	0	
3	[SLPS]	0	61.965	-199.179	0	15.106	0	0	0	0	
3	[SLPS]	0	62.069	-198.862	0	16.367	0	0	0	0	
3	[SLPS]	0	62.069	-198.862	0	16.367	0	0	0	0	
3	[SLPS]	0	62.125	-198.703	0	17.010	0	0	0	0	
3	[SLPS]	0	62.182	-198.548	0	17.649	0	0	0	0	
3	[SLPS]	0	62.182	-198.548	0	17.649	0	0	0	0	
3	[SLPS]	0	62.303	-198.243	0	18.903	0	0	0	0	
3	[SLPS]	0	62.303	-198.243	0	18.903	0	0	0	0	
3	[SLPS]	0	62.374	-198.082	0	19.546	0	0	0	0	
3	[SLPS]	0	62.440	-197.927	0	20.183	0	0	0	0	
3	[SLPS]	0	62.440	-197.927	0	20.183	0	0	0	0	
3	[SLPS]	0	62.574	-197.624	0	21.471	0	0	0	0	
3	[SLPS]	0	62.574	-197.624	0	21.471	0	0	0	0	
3	[SLPS]	0	62.642	-197.474	0	22.121	0	0	0	0	
3	[SLPS]	0	62.715	-197.323	0	22.776	0	0	0	0	
3	[SLPS]	0	62.715	-197.323	0	22.776	0	0	0	0	
3	[SLPS]	0	62.864	-197.020	0	24.117	0	0	0	0	
3	[SLPS]	0	62.864	-197.020	0	24.117	0	0	0	0	
3	[SLPS]	0	62.937	-196.875	0	24.781	0	0	0	0	
3	[SLPS]	0	63.016	-196.732	0	25.447	0	0	0	0	
3	[SLPS]	0	63.016	-196.732	0	25.447	0	0	0	0	
3	[SLPS]	0	63.176	-196.440	0	26.758	0	0	0	0	
3	[SLPS]	0	63.176	-196.440	0	26.758	0	0	0	0	
3	[SLPS]	0	63.253	-196.297	0	27.413	0	0	0	0	
3	[SLPS]	0	63.336	-196.150	0	28.073	0	0	0	0	
3	[SLPS]	0	63.422	-196.007	0	28.739	0	0	0	0	
3	[SLPS]	0	63.501	-195.864	0	29.407	0	0	0	0	
3	[SLPS]	0	63.501	-195.864	0	29.407	0	0	0	0	
3	[SLPS]	0	63.683	-195.580	0	30.731	0	0	0	0	
3	[SLPS]	0	63.683	-195.580	0	30.731	0	0	0	0	
3	[SLPS]	0	63.773	-195.437	0	31.398	0	0	0	0	
3	[SLPS]	0	63.867	-195.298	0	32.067	0	0	0	0	
3	[SLPS]	0	63.867	-195.298	0	32.067	0	0	0	0	
3	[SLPS]	0	64.067	-195.029	0	33.414	0	0	0	0	
3	[SLPS]	0	64.067	-195.029	0	33.414	0	0	0	0	
3	[SLPS]	0	64.165	-194.898	0	34.080	0	0	0	0	
3	[SLPS]	0	64.267	-194.765	0	34.747	0	0	0	0	
3	[SLPS]	0	64.267	-194.765	0	34.747	0	0	0	0	
3	[SLPS]	0	64.487	-194.492	0	36.090	0	0	0	0	
3	[SLPS]	0	64.487	-194.492	0	36.090	0	0	0	0	
3	[SLPS]	0	64.600	-194.357	0	36.775	0	0	0	0	
3	[SLPS]	0	64.713	-194.223	0	37.472	0	0	0	0	
3	[SLPS]	0	64.713	-194.223	0	37.472	0	0	0	0	
3	[SLPS]	0	64.947	-193.947	0	38.864	0	0	0	0	
3	[SLPS]	0	64.947	-193.947	0	38.864	0	0	0	0	
3	[SLPS]	0	65.066	-193.810	0	39.549	0	0	0	0	
3	[SLPS]	0	65.188	-193.677	0	40.229	0	0	0	0	
3	[SLPS]	0	65.188	-193.677	0	40.229	0	0	0	0	
3	[SLPS]	0	65.449	-193.404	0	41.584	0	0	0	0	
3	[SLPS]	0	65.449	-193.404	0	41.584	0	0	0	0	
3	[SLPS]	0	65.581	-193.271	0	42.251	0	0	0	0	
3	[SLPS]	0	65.713	-193.139	0	42.919	0	0	0	0	
3	[SLPS]	0	65.848	-193.006	0	43.585	0	0	0	0	
3	[SLPS]	0	65.985	-192.873	0	44.235	0	0	0	0	
3	[SLPS]	0	65.985	-192.873	0	44.235	0	0	0	0	
3	[SLPS]	0	66.124	-192.745	0	44.875	0	0	0	0	
3	[SLPS]	0	66.264	-192.618	0	45.516	0	0	0	0	
3	[SLPS]	0	66.393	-192.497	0	46.148	0	0	0	0	
3	[SLPS]	0	66.531	-192.372	0	46.769	0	0	0	0	
3	[SLPS]	0	66.531	-192.372	0	46.769	0	0	0	0	
3	[SLPS]	0	66.814	-192.136	0	47.964	0	0	0	0	
3	[SLPS]	0	66.814	-192.136	0	47.964	0	0	0	0	
3	[SLPS]	0	66.963	-192.020	0	48.544	0	0	0	0	
3	[SLPS]	0	67.108	-191.900	0	49.113	0	0	0	0	
3	[SLPS]	0	67.108	-191.900	0	49.113	0	0	0	0	
3	[SLPS]	0	67.414	-191.668	0	50.205	0	0	0	0	
3	[SLPS]	0	67.414	-191.668	0	50.205	0	0	0	0	
3	[SLPS]	0	67.558	-191.564	0	50.732	0	0	0	0	
3	[SLPS]	0	67.710	-191.451	0	51.235	0	0	0	0	
3	[SLPS]	0	67.710	-191.451	0	51.235	0	0	0	0	
3	[SLPS]	0	68.012	-191.231	0	52.173	0	0	0	0	
3	[SLPS]	0	68.012	-191.231	0	52.173	0	0	0	0	
3	[SLPS]	0	68.165	-191.126	0	52.607	0	0	0	0	
3	[SLPS]	0	68.323	-191.013	0	53.018	0	0	0	0	
3	[SLPS]	0	68.323	-191.013	0	53.018	0	0	0	0	
3	[SLPS]	0	68.636	-190.798	0	53.770	0	0	0	0	
3	[SLPS]	0	68.636	-190.798	0	53.770	0	0	0	0	
3	[SLPS]	0	68.794	-190.689	0	54.110	0	0	0	0	
3	[SLPS]	0	68.953	-190.580	0	54.434	0	0	0	0	
3	[SLPS]	0	68.953	-190.580	0	54.434	0	0	0	0	
3	[SLPS]	0	69.272	-190.364	0	55.018	0	0	0	0	
3	[SLPS]	0	69.272	-190.364	0	55.018	0	0	0	0	
3	[SLPS]	0	69.431	-190.250	0	55.277	0	0	0	0	
3	[SLPS]	0	69.594	-190.144	0	55.516	0	0	0	0	
3	[SLPS]	0	69.594	-190.144	0	55.516	0	0	0	0	
3	[SLPS]	0	69.916	-189.924	0	55.944	0	0	0	0	
3	[SLPS]	0	69.916	-189.924	0	55.944	0	0	0	0	
3	[SLPS]	0	70.086	-189.821	0	56.131	0	0	0	0	
3	[SLPS]	0	70.257	-189.713	0	56.320	0	0	0	0	
3	[SLPS]	0	70.257	-189.713	0	56.320	0	0	0	0	
3	[SLPS]	0	70.580	-189.499	0	56.682	0	0	0	0	
3	[SLPS]	0	70.580	-189.499	0	56.682	0	0	0	0	
3	[SLPS]	0	70.743	-189.395	0	56.841	0	0	0	0	
3	[SLPS]	0	70.908	-189.286	0	56.986	0	0	0	0	
3	[SLPS]	0	70.908	-189.286	0	56.986	0	0	0	0	
3	[SLPS]	0	71.232	-189.079	0	57.258	0	0	0	0	
3	[SLPS]	0	71.232	-189.079	0	57.258	0	0	0	0	
3	[SLPS]	0	71.395	-188.979	0	57.375	0	0	0	0	
3	[SLPS]	0	71.554	-188.872	0	57.482	0	0	0	0	
3	[SLPS]	0	71.719	-188.768	0	57.591	0	0	0	0	
3	[SLPS]	0	71.884	-188.665	0	57.683	0	0	0	0	
3	[SLPS]	0	71.884	-188.665	0	57.683	0	0	0	0	
3	[SLPS]	0	72.052	-188.558	0	57.772	0	0	0	0	
3	[SLPS]	0	72.223	-188.461	0	57.856	0	0	0	0	
3	[SLPS]	0	72.396	-188.360	0	57.938	0	0	0	0	
3	[SLPS]	0	72.561	-188.256	0	58.025	0	0	0	0	
3	[SLPS]	0	72.561	-188.256	0	58.025	0	0	0	0	
3	[SLPS]	0	72.898	-188.042	0	58.198	0	0	0	0	
3	[SLPS]	0	72.898	-188.042	0	58.198	0	0	0	0	
3	[SLPS]	0	73.078	-187.952	0	58.283	0	0	0	0	
3	[SLPS]	0	73.246	-187.848	0	58.364	0	0	0	0	
3	[SLPS]	0	73.246	-187.848	0	58.364	0	0	0	0	
3	[SLPS]	0	73.588	-187.638	0	58.515	0	0	0	0	
3	[SLPS]	0	73.588	-187.638	0	58.515	0	0	0	0	
3	[SLPS]	0	73.762	-187.539	0	58.583	0	0	0	0	
3	[SLPS]	0	73.934	-187.437	0	58.653	0	0	0	0	
3	[SLPS]	0	73.934	-187.437	0	58.653	0	0	0	0	
3	[SLPS]	0	74.283	-187.245	0	58.787	0	0	0	0	
3	[SLPS]	0	74.283	-187.245	0	58.787	0	0	0	0	
3	[SLPS]	0	74.458	-187.145	0	58.855	0	0	0	0	
3	[SLPS]	0	74.623	-187.051	0	58.920	0	0	0	0	
3	[SLPS]	0	74.623	-187.051	0	58.920	0	0	0	0	
3	[SLPS]	0	74.969	-186.846	0	59.039	0	0	0	0	
3	[SLPS]	0	74.969	-186.846	0	59.039	0	0	0	0	
3	[SLPS]	0	75.143	-186.739	0	59.090	0	0	0	0	
3	[SLPS]	0	75.316	-186.633	0	59.136	0	0	0	0	
3	[SLPS]	0	75.496	-186.533	0	59.198	0	0	0	0	
3	[SLPS]	0	75.679	-186.427	0	59.245	0	0	0	0	
3	[SLPS]	0	75.679	-186.427	0	59.245	0	0	0	0	
3	[SLPS]	0	75.856	-186.321	0	59.282	0	0	0	0	
3	[SLPS]	0	76.031	-186.216	0	59.323	0	0	0	0	
3	[SLPS]	0	76.220	-186.120	0	59.392	0	0	0	0	
3	[SLPS]	0	76.399	-186.017	0	59.386	0	0	0	0	
3	[SLPS]	0	76.399	-186.017	0	59.386	0	0	0	0	
3	[SLPS]	0	76.591	-185.932	0	59.470	0	0	0	0	
3	[SLPS]	0	76.771	-185.832	0	59.436	0	0	0	0	
3	[SLPS]	0	76.956	-185.747	0	59.499	0	0	0	0	
3	[SLPS]	0	77.137	-185.640	0	59.529	0	0	0	0	
3	[SLPS]	0	77.137	-185.640	0	59.529	0	0	0	0	
3	[SLPS]	0	77.318	-185.537	0	59.566	0	0	0	0	
3	[SLPS]	0	77.502	-185.438	0	59.600	0	0	0	0	
3	[SLPS]	0	77.667	-185.322	0	59.635	0	0	0	0	
3	[SLPS]	0	77.838	-185.207	0	59.664	0	0	0	0	
3	[SLPS]	0	77.838	-185.207	0	59.664	0	0	0	0	
3	[SLPS]	0	78.206	-184.984	0	59.734	0	0	0	0	
3	[SLPS]	0	78.206	-184.984	0	59.734	0	0	0	0	
3	[SLPS]	0	78.378	-184.864	0	59.732	0	0	0	0	
3	[SLPS]	0	78.561	-184.751	0	59.748	0	0	0	0	
3	[SLPS]	0	78.561	-184.751	0	59.748	0	0	0	0	
3	[SLPS]	0	78.925	-184.537	0	59.778	0	0	0	0	
3	[SLPS]	0	78.925	-184.537	0	59.778	0	0	0	0	
3	[SLPS]	0	79.112	-184.419	0	59.795	0	0	0	0	
3	[SLPS]	0	79.296	-184.305	0	59.818	0	0	0	0	
3	[SLPS]	0	79.296	-184.305	0	59.818	0	0	0	0	
3	[SLPS]	0	79.664	-184.091	0	59.861	0	0	0	0	
3	[SLPS]	0	79.664	-184.091	0	59.861	0	0	0	0	
3	[SLPS]	0	79.854	-183.980	0	59.864	0	0	0	0	
3	[SLPS]	0	80.041	-183.871	0	59.872	0	0	0	0	
3	[SLPS]	0	80.230	-183.762	0	59.961	0	0	0	0	
3	[SLPS]	0	80.423	-183.652	0	59.970	0	0	0	0	
3	[SLPS]	0	80.423	-183.652	0	59.970	0	0	0	0	
3	[SLPS]	0	80.808	-183.430	0	59.963	0	0	0	0	
3	[SLPS]	0	80.808	-183.430	0	59.963	0	0	0	0	
3	[SLPS]	0	81.000	-183.316	0	59.952	0	0	0	0	
3	[SLPS]	0	81.192	-183.206	0	59.948	0	0	0	0	
3	[SLPS]	0	81.192	-183.206	0	59.948	0	0	0	0	
3	[SLPS]	0	81.573	-182.982	0	59.956	0	0	0	0	
3	[SLPS]	0	81.573	-182.982	0	59.956	0	0	0	0	
3	[SLPS]	0	81.761	-182.872	0	59.957	0	0	0	0	
3	[SLPS]	0	81.948	-182.744	0	59.916	0	0	0	0	
3	[SLPS]	0	81.948	-182.744	0	59.916	0	0	0	0	
3	[SLPS]	0	82.328	-182.515	0	59.943	0	0	0	0	
3	[SLPS]	0	82.328	-182.515	0	59.943	0	0	0	0	
3	[SLPS]	0	82.526	-182.400	0	59.947	0	0	0	0	
3	[SLPS]	0	82.704	-182.281	0	59.917	0	0	0	0	
3	[SLPS]	0	82.704	-182.281	0	59.917	0	0	0	0	
3	[SLPS]	0	83.095	-182.060	0	59.881	0	0	0	0	
3	[SLPS]	0	83.095	-182.060	0	59.881	0	0	0	0	
3	[SLPS]	0	83.288	-181.949	0	59.851	0	0	0	0	
3	[SLPS]	0	83.477	-181.846	0	59.832	0	0	0	0	
3	[SLPS]	0	83.477	-181.846	0	59.832	0	0	0	0	
3	[SLPS]	0	83.667	-181.742	0	59.810	0	0	0	0	
3	[SLPS]	0	83.863	-181.643	0	59.799	0	0	0	0	
3	[SLPS]	0	83.863	-181.643	0	59.799	0	0	0	0	
3	[SLPS]	0	84.249	-181.421	0	59.720	0	0	0	0	
3	[SLPS]	0	84.249	-181.421	0	59.720	0	0	0	0	
3	[SLPS]	0	84.437	-181.309	0	59.676	0	0	0	0	
3	[SLPS]	0	84.632	-181.199	0	59.653	0	0	0	0	
3	[SLPS]	0	84.632	-181.199	0	59.653	0	0	0	0	
3	[SLPS]	0	85.021	-180.985	0	59.629	0	0	0	0	
3	[SLPS]	0	85.021	-180.985	0	59.629	0	0	0	0	
3	[SLPS]	0	85.217	-180.875	0	59.617	0	0	0	0	
3	[SLPS]	0	85.414	-180.762	0	59.597	0	0	0	0	
3	[SLPS]	0	85.609	-180.650	0	59.584	0	0	0	0	
3	[SLPS]	0	85.798	-180.532	0	59.565	0	0	0	0	
3	[SLPS]	0	85.798	-180.532	0	59.565	0	0	0	0	
3	[SLPS]	0	86.187	-180.308	0	59.558	0	0	0	0	
3	[SLPS]	0	86.187	-180.308	0	59.558	0	0	0	0	
3	[SLPS]	0	86.378	-180.193	0	59.544	0	0	0	0	
3	[SLPS]	0	86.571	-180.079	0	59.534	0	0	0	0	
3	[SLPS]	0	86.571	-180.079	0	59.534	0	0	0	0	
3	[SLPS]	0	86.970	-179.842	0	59.513	0	0	0	0	
3	[SLPS]	0	86.970	-179.842	0	59.513	0	0	0	0	
3	[SLPS]	0	87.164	-179.721	0	59.495	0	0	0	0	
3	[SLPS]	0	87.357	-179.604	0	59.476	0	0	0	0	
3	[SLPS]	0	87.357	-179.604	0	59.476	0	0	0	0	
3	[SLPS]	0	87.768	-179.373	0	59.460	0	0	0	0	
3	[SLPS]	0	87.768	-179.373	0	59.460	0	0	0	0	
3	[SLPS]	0	87.965	-179.260	0	59.444	0	0	0	0	
3	[SLPS]	0	88.162	-179.144	0	59.428	0	0	0	0	
3	[SLPS]	0	88.162	-179.144	0	59.428	0	0	0	0	
3	[SLPS]	0	88.569	-178.900	0	59.389	0	0	0	0	
3	[SLPS]	0	88.569	-178.900	0	59.389	0	0	0	0	
3	[SLPS]	0	88.769	-178.776	0	59.368	0	0	0	0	
3	[SLPS]	0	88.969	-178.673	0	59.382	0	0	0	0	
3	[SLPS]	0	88.969	-178.673	0	59.382	0	0	0	0	
3	[SLPS]	0	89.370	-178.441	0	59.337	0	0	0	0	
3	[SLPS]	0	89.370	-178.441	0	59.337	0	0	0	0	
3	[SLPS]	0	89.569	-178.322	0	59.318	0	0	0	0	
3	[SLPS]	0	89.773	-178.210	0	59.318	0	0	0	0	
3	[SLPS]	0	89.773	-178.210	0	59.318	0	0	0	0	
3	[SLPS]	0	90.173	-177.976	0	59.326	0	0	0	0	
3	[SLPS]	0	90.173	-177.976	0	59.326	0	0	0	0	
3	[SLPS]	0	90.374	-177.853	0	59.330	0	0	0	0	
3	[SLPS]	0	90.573	-177.728	0	59.331	0	0	0	0	
3	[SLPS]	0	90.776	-177.608	0	59.344	0	0	0	0	
3	[SLPS]	0	90.982	-177.493	0	59.368	0	0	0	0	
3	[SLPS]	0	90.982	-177.493	0	59.368	0	0	0	0	
3	[SLPS]	0	91.183	-177.366	0	59.364	0	0	0	0	
3	[SLPS]	0	91.383	-177.242	0	59.366	0	0	0	0	
3	[SLPS]	0	91.584	-177.117	0	59.366	0	0	0	0	
3	[SLPS]	0	91.788	-177.002	0	59.383	0	0	0	0	
3	[SLPS]	0	91.788	-177.002	0	59.383	0	0	0	0	
3	[SLPS]	0	91.992	-176.881	0	59.391	0	0	0	0	
3	[SLPS]	0	92.195	-176.760	0	59.401	0	0	0	0	
3	[SLPS]	0	92.404	-176.644	0	59.425	0	0	0	0	
3	[SLPS]	0	92.609	-176.514	0	59.417	0	0	0	0	
3	[SLPS]	0	92.609	-176.514	0	59.417	0	0	0	0	
3	[SLPS]	0	93.018	-176.278	0	59.439	0	0	0	0	
3	[SLPS]	0	93.018	-176.278	0	59.439	0	0	0	0	
3	[SLPS]	0	93.224	-176.155	0	59.440	0	0	0	0	
3	[SLPS]	0	93.429	-176.034	0	59.446	0	0	0	0	
3	[SLPS]	0	93.429	-176.034	0	59.446	0	0	0	0	
3	[SLPS]	0	93.842	-175.797	0	59.471	0	0	0	0	
3	[SLPS]	0	93.842	-175.797	0	59.471	0	0	0	0	
3	[SLPS]	0	94.050	-175.676	0	59.482	0	0	0	0	
3	[SLPS]	0	94.255	-175.554	0	59.491	0	0	0	0	
3	[SLPS]	0	94.255	-175.554	0	59.491	0	0	0	0	
3	[SLPS]	0	94.666	-175.305	0	59.495	0	0	0	0	
3	[SLPS]	0	94.666	-175.305	0	59.495	0	0	0	0	
3	[SLPS]	0	94.878	-175.176	0	59.492	0	0	0	0	
3	[SLPS]	0	95.082	-175.060	0	59.502	0	0	0	0	
3	[SLPS]	0	95.082	-175.060	0	59.502	0	0	0	0	
3	[SLPS]	0	95.502	-174.818	0	59.533	0	0	0	0	
3	[SLPS]	0	95.502	-174.818	0	59.533	0	0	0	0	
3	[SLPS]	0	95.714	-174.700	0	59.553	0	0	0	0	
3	[SLPS]	0	95.920	-174.567	0	59.540	0	0	0	0	
3	[SLPS]	0	95.920	-174.567	0	59.540	0	0	0	0	
3	[SLPS]	0	96.324	-174.310	0	59.540	0	0	0	0	
3	[SLPS]	0	96.324	-174.310	0	59.540	0	0	0	0	
3	[SLPS]	0	96.543	-174.190	0	59.578	0	0	0	0	
3	[SLPS]	0	96.748	-174.058	0	59.577	0	0	0	0	
3	[SLPS]	0	96.748	-174.058	0	59.577	0	0	0	0	
3	[SLPS]	0	97.168	-173.814	0	59.589	0	0	0	0	
