1	[SLPS]	0	-103.463	-5.080	0	325.243	0	0	0	0	
1	[SLPS]	0	-103.723	-4.687	0	325.268	0	0	0	0	
1	[SLPS]	0	-103.723	-4.687	0	325.268	0	0	0	0	
1	[SLPS]	0	-103.852	-4.489	0	325.349	0	0	0	0	
1	[SLPS]	0	-103.985	-4.297	0	325.358	0	0	0	0	
1	[SLPS]	0	-104.123	-4.103	0	325.366	0	0	0	0	
1	[SLPS]	0	-104.259	-3.898	0	325.406	0	0	0	0	
1	[SLPS]	0	-104.259	-3.898	0	325.406	0	0	0	0	
1	[SLPS]	0	-104.401	-3.708	0	325.403	0	0	0	0	
1	[SLPS]	0	-104.553	-3.518	0	325.384	0	0	0	0	
1	[SLPS]	0	-104.701	-3.325	0	325.383	0	0	0	0	
1	[SLPS]	0	-104.843	-3.125	0	325.401	0	0	0	0	
1	[SLPS]	0	-104.843	-3.125	0	325.401	0	0	0	0	
1	[SLPS]	0	-105.134	-2.725	0	325.425	0	0	0	0	
1	[SLPS]	0	-105.134	-2.725	0	325.425	0	0	0	0	
1	[SLPS]	0	-105.275	-2.514	0	325.453	0	0	0	0	
1	[SLPS]	0	-105.419	-2.307	0	325.471	0	0	0	0	
1	[SLPS]	0	-105.419	-2.307	0	325.471	0	0	0	0	
1	[SLPS]	0	-105.694	-1.893	0	325.504	0	0	0	0	
1	[SLPS]	0	-105.694	-1.893	0	325.504	0	0	0	0	
1	[SLPS]	0	-105.833	-1.687	0	325.516	0	0	0	0	
1	[SLPS]	0	-105.970	-1.480	0	325.525	0	0	0	0	
1	[SLPS]	0	-105.970	-1.480	0	325.525	0	0	0	0	
1	[SLPS]	0	-106.250	-1.065	0	325.527	0	0	0	0	
1	[SLPS]	0	-106.250	-1.065	0	325.527	0	0	0	0	
1	[SLPS]	0	-106.392	-0.851	0	325.539	0	0	0	0	
1	[SLPS]	0	-106.530	-0.642	0	325.558	0	0	0	0	
1	[SLPS]	0	-106.530	-0.642	0	325.558	0	0	0	0	
1	[SLPS]	0	-106.812	-0.220	0	325.585	0	0	0	0	
1	[SLPS]	0	-106.812	-0.220	0	325.585	0	0	0	0	
1	[SLPS]	0	-106.947	-0.017	0	325.604	0	0	0	0	
1	[SLPS]	0	-107.084	0.197	0	325.631	0	0	0	0	
1	[SLPS]	0	-107.084	0.197	0	325.631	0	0	0	0	
1	[SLPS]	0	-107.368	0.620	0	325.666	0	0	0	0	
1	[SLPS]	0	-107.368	0.620	0	325.666	0	0	0	0	
1	[SLPS]	0	-107.513	0.835	0	325.681	0	0	0	0	
1	[SLPS]	0	-107.662	1.058	0	325.696	0	0	0	0	
1	[SLPS]	0	-107.807	1.275	0	325.709	0	0	0	0	
1	[SLPS]	0	-107.953	1.487	0	325.708	0	0	0	0	
1	[SLPS]	0	-107.953	1.487	0	325.708	0	0	0	0	
1	[SLPS]	0	-108.257	1.925	0	325.716	0	0	0	0	
1	[SLPS]	0	-108.257	1.925	0	325.716	0	0	0	0	
1	[SLPS]	0	-108.400	2.141	0	325.736	0	0	0	0	
1	[SLPS]	0	-108.544	2.358	0	325.759	0	0	0	0	
1	[SLPS]	0	-108.544	2.358	0	325.759	0	0	0	0	
1	[SLPS]	0	-108.833	2.792	0	325.786	0	0	0	0	
1	[SLPS]	0	-108.833	2.792	0	325.786	0	0	0	0	
1	[SLPS]	0	-108.978	3.010	0	325.803	0	0	0	0	
1	[SLPS]	0	-109.123	3.228	0	325.822	0	0	0	0	
1	[SLPS]	0	-109.123	3.228	0	325.822	0	0	0	0	
1	[SLPS]	0	-109.414	3.661	0	325.850	0	0	0	0	
1	[SLPS]	0	-109.414	3.661	0	325.850	0	0	0	0	
1	[SLPS]	0	-109.560	3.879	0	325.862	0	0	0	0	
1	[SLPS]	0	-109.705	4.098	0	325.873	0	0	0	0	
1	[SLPS]	0	-109.705	4.098	0	325.873	0	0	0	0	
1	[SLPS]	0	-109.997	4.536	0	325.923	0	0	0	0	
1	[SLPS]	0	-109.997	4.536	0	325.923	0	0	0	0	
1	[SLPS]	0	-110.141	4.753	0	325.954	0	0	0	0	
1	[SLPS]	0	-110.284	4.972	0	325.994	0	0	0	0	
1	[SLPS]	0	-110.432	5.195	0	326.028	0	0	0	0	
1	[SLPS]	0	-110.581	5.415	0	326.063	0	0	0	0	
1	[SLPS]	0	-110.581	5.415	0	326.063	0	0	0	0	
1	[SLPS]	0	-110.872	5.854	0	326.126	0	0	0	0	
1	[SLPS]	0	-110.872	5.854	0	326.126	0	0	0	0	
1	[SLPS]	0	-111.030	6.076	0	326.135	0	0	0	0	
1	[SLPS]	0	-111.169	6.297	0	326.174	0	0	0	0	
1	[SLPS]	0	-111.169	6.297	0	326.174	0	0	0	0	
1	[SLPS]	0	-111.450	6.740	0	326.273	0	0	0	0	
1	[SLPS]	0	-111.450	6.740	0	326.273	0	0	0	0	
1	[SLPS]	0	-111.605	6.966	0	326.293	0	0	0	0	
1	[SLPS]	0	-111.755	7.186	0	326.313	0	0	0	0	
1	[SLPS]	0	-111.755	7.186	0	326.313	0	0	0	0	
1	[SLPS]	0	-112.052	7.635	0	326.353	0	0	0	0	
1	[SLPS]	0	-112.052	7.635	0	326.353	0	0	0	0	
1	[SLPS]	0	-112.198	7.860	0	326.382	0	0	0	0	
1	[SLPS]	0	-112.343	8.082	0	326.404	0	0	0	0	
1	[SLPS]	0	-112.343	8.082	0	326.404	0	0	0	0	
1	[SLPS]	0	-112.642	8.542	0	326.453	0	0	0	0	
1	[SLPS]	0	-112.642	8.542	0	326.453	0	0	0	0	
1	[SLPS]	0	-112.788	8.765	0	326.477	0	0	0	0	
1	[SLPS]	0	-112.938	8.988	0	326.496	0	0	0	0	
1	[SLPS]	0	-113.083	9.213	0	326.513	0	0	0	0	
1	[SLPS]	0	-113.230	9.437	0	326.528	0	0	0	0	
1	[SLPS]	0	-113.230	9.437	0	326.528	0	0	0	0	
1	[SLPS]	0	-113.523	9.891	0	326.582	0	0	0	0	
1	[SLPS]	0	-113.523	9.891	0	326.582	0	0	0	0	
1	[SLPS]	0	-113.672	10.118	0	326.610	0	0	0	0	
1	[SLPS]	0	-113.817	10.349	0	326.639	0	0	0	0	
1	[SLPS]	0	-113.817	10.349	0	326.639	0	0	0	0	
1	[SLPS]	0	-114.126	10.806	0	326.667	0	0	0	0	
1	[SLPS]	0	-114.126	10.806	0	326.667	0	0	0	0	
1	[SLPS]	0	-114.272	11.036	0	326.695	0	0	0	0	
1	[SLPS]	0	-114.421	11.266	0	326.706	0	0	0	0	
1	[SLPS]	0	-114.421	11.266	0	326.706	0	0	0	0	
1	[SLPS]	0	-114.718	11.726	0	326.750	0	0	0	0	
1	[SLPS]	0	-114.718	11.726	0	326.750	0	0	0	0	
1	[SLPS]	0	-114.868	11.955	0	326.768	0	0	0	0	
1	[SLPS]	0	-115.019	12.190	0	326.792	0	0	0	0	
1	[SLPS]	0	-115.019	12.190	0	326.792	0	0	0	0	
1	[SLPS]	0	-115.319	12.655	0	326.840	0	0	0	0	
1	[SLPS]	0	-115.319	12.655	0	326.840	0	0	0	0	
1	[SLPS]	0	-115.473	12.885	0	326.851	0	0	0	0	
1	[SLPS]	0	-115.624	13.118	0	326.871	0	0	0	0	
1	[SLPS]	0	-115.770	13.357	0	326.910	0	0	0	0	
1	[SLPS]	0	-115.919	13.590	0	326.932	0	0	0	0	
1	[SLPS]	0	-115.919	13.590	0	326.932	0	0	0	0	
1	[SLPS]	0	-116.075	13.825	0	326.953	0	0	0	0	
1	[SLPS]	0	-116.224	14.065	0	326.979	0	0	0	0	
1	[SLPS]	0	-116.378	14.303	0	326.989	0	0	0	0	
1	[SLPS]	0	-116.528	14.542	0	326.997	0	0	0	0	
1	[SLPS]	0	-116.528	14.542	0	326.997	0	0	0	0	
1	[SLPS]	0	-116.839	15.012	0	326.983	0	0	0	0	
1	[SLPS]	0	-116.839	15.012	0	326.983	0	0	0	0	
1	[SLPS]	0	-116.977	15.253	0	327.012	0	0	0	0	
1	[SLPS]	0	-117.137	15.489	0	327.013	0	0	0	0	
1	[SLPS]	0	-117.137	15.489	0	327.013	0	0	0	0	
1	[SLPS]	0	-117.449	15.972	0	327.033	0	0	0	0	
1	[SLPS]	0	-117.449	15.972	0	327.033	0	0	0	0	
1	[SLPS]	0	-117.603	16.210	0	327.039	0	0	0	0	
1	[SLPS]	0	-117.759	16.446	0	327.038	0	0	0	0	
1	[SLPS]	0	-117.759	16.446	0	327.038	0	0	0	0	
1	[SLPS]	0	-118.070	16.931	0	327.048	0	0	0	0	
1	[SLPS]	0	-118.070	16.931	0	327.048	0	0	0	0	
1	[SLPS]	0	-118.229	17.167	0	327.042	0	0	0	0	
1	[SLPS]	0	-118.382	17.412	0	327.060	0	0	0	0	
1	[SLPS]	0	-118.382	17.412	0	327.060	0	0	0	0	
1	[SLPS]	0	-118.689	17.892	0	327.083	0	0	0	0	
1	[SLPS]	0	-118.689	17.892	0	327.083	0	0	0	0	
1	[SLPS]	0	-118.843	18.135	0	327.096	0	0	0	0	
1	[SLPS]	0	-118.998	18.374	0	327.097	0	0	0	0	
1	[SLPS]	0	-118.998	18.374	0	327.097	0	0	0	0	
1	[SLPS]	0	-119.309	18.855	0	327.107	0	0	0	0	
1	[SLPS]	0	-119.309	18.855	0	327.107	0	0	0	0	
1	[SLPS]	0	-119.466	19.100	0	327.114	0	0	0	0	
1	[SLPS]	0	-119.623	19.349	0	327.126	0	0	0	0	
1	[SLPS]	0	-119.623	19.349	0	327.126	0	0	0	0	
1	[SLPS]	0	-119.930	19.839	0	327.145	0	0	0	0	
1	[SLPS]	0	-119.930	19.839	0	327.145	0	0	0	0	
1	[SLPS]	0	-120.095	20.089	0	327.142	0	0	0	0	
1	[SLPS]	0	-120.252	20.335	0	327.147	0	0	0	0	
1	[SLPS]	0	-120.252	20.335	0	327.147	0	0	0	0	
1	[SLPS]	0	-120.565	20.832	0	327.173	0	0	0	0	
1	[SLPS]	0	-120.565	20.832	0	327.173	0	0	0	0	
1	[SLPS]	0	-120.731	21.083	0	327.178	0	0	0	0	
1	[SLPS]	0	-120.888	21.330	0	327.187	0	0	0	0	
1	[SLPS]	0	-121.052	21.582	0	327.191	0	0	0	0	
1	[SLPS]	0	-121.209	21.826	0	327.193	0	0	0	0	
1	[SLPS]	0	-121.209	21.826	0	327.193	0	0	0	0	
1	[SLPS]	0	-121.533	22.333	0	327.209	0	0	0	0	
1	[SLPS]	0	-121.533	22.333	0	327.209	0	0	0	0	
1	[SLPS]	0	-121.692	22.585	0	327.218	0	0	0	0	
1	[SLPS]	0	-121.859	22.835	0	327.225	0	0	0	0	
1	[SLPS]	0	-121.859	22.835	0	327.225	0	0	0	0	
1	[SLPS]	0	-122.177	23.342	0	327.251	0	0	0	0	
1	[SLPS]	0	-122.177	23.342	0	327.251	0	0	0	0	
1	[SLPS]	0	-122.339	23.598	0	327.260	0	0	0	0	
1	[SLPS]	0	-122.505	23.850	0	327.252	0	0	0	0	
1	[SLPS]	0	-122.505	23.850	0	327.252	0	0	0	0	
1	[SLPS]	0	-122.835	24.363	0	327.264	0	0	0	0	
1	[SLPS]	0	-122.835	24.363	0	327.264	0	0	0	0	
1	[SLPS]	0	-122.999	24.617	0	327.283	0	0	0	0	
1	[SLPS]	0	-123.155	24.871	0	327.307	0	0	0	0	
1	[SLPS]	0	-123.155	24.871	0	327.307	0	0	0	0	
1	[SLPS]	0	-123.480	25.388	0	327.338	0	0	0	0	
1	[SLPS]	0	-123.480	25.388	0	327.338	0	0	0	0	
1	[SLPS]	0	-123.798	25.902	0	327.379	0	0	0	0	
1	[SLPS]	0	-123.798	25.902	0	327.379	0	0	0	0	
1	[SLPS]	0	-123.966	26.161	0	327.383	0	0	0	0	
1	[SLPS]	0	-124.125	26.418	0	327.413	0	0	0	0	
1	[SLPS]	0	-124.125	26.418	0	327.413	0	0	0	0	
1	[SLPS]	0	-124.285	26.676	0	327.439	0	0	0	0	
1	[SLPS]	0	-124.452	26.933	0	327.455	0	0	0	0	
1	[SLPS]	0	-124.452	26.933	0	327.455	0	0	0	0	
1	[SLPS]	0	-124.783	27.453	0	327.499	0	0	0	0	
1	[SLPS]	0	-124.783	27.453	0	327.499	0	0	0	0	
1	[SLPS]	0	-124.952	27.717	0	327.524	0	0	0	0	
1	[SLPS]	0	-125.112	27.971	0	327.549	0	0	0	0	
1	[SLPS]	0	-125.112	27.971	0	327.549	0	0	0	0	
1	[SLPS]	0	-125.446	28.500	0	327.602	0	0	0	0	
1	[SLPS]	0	-125.446	28.500	0	327.602	0	0	0	0	
1	[SLPS]	0	-125.614	28.763	0	327.624	0	0	0	0	
1	[SLPS]	0	-125.774	29.025	0	327.657	0	0	0	0	
1	[SLPS]	0	-125.936	29.290	0	327.685	0	0	0	0	
1	[SLPS]	0	-126.109	29.552	0	327.696	0	0	0	0	
1	[SLPS]	0	-126.109	29.552	0	327.696	0	0	0	0	
1	[SLPS]	0	-126.274	29.821	0	327.721	0	0	0	0	
1	[SLPS]	0	-126.437	30.082	0	327.749	0	0	0	0	
1	[SLPS]	0	-126.601	30.346	0	327.778	0	0	0	0	
1	[SLPS]	0	-126.770	30.614	0	327.799	0	0	0	0	
1	[SLPS]	0	-126.770	30.614	0	327.799	0	0	0	0	
1	[SLPS]	0	-126.932	30.878	0	327.823	0	0	0	0	
1	[SLPS]	0	-127.098	31.144	0	327.843	0	0	0	0	
1	[SLPS]	0	-127.272	31.414	0	327.853	0	0	0	0	
1	[SLPS]	0	-127.435	31.685	0	327.884	0	0	0	0	
1	[SLPS]	0	-127.435	31.685	0	327.884	0	0	0	0	
1	[SLPS]	0	-127.765	32.222	0	327.931	0	0	0	0	
1	[SLPS]	0	-127.765	32.222	0	327.931	0	0	0	0	
1	[SLPS]	0	-127.936	32.491	0	327.934	0	0	0	0	
1	[SLPS]	0	-128.108	32.768	0	327.938	0	0	0	0	
1	[SLPS]	0	-128.108	32.768	0	327.938	0	0	0	0	
1	[SLPS]	0	-128.443	33.306	0	327.941	0	0	0	0	
1	[SLPS]	0	-128.443	33.306	0	327.941	0	0	0	0	
1	[SLPS]	0	-128.606	33.570	0	327.951	0	0	0	0	
1	[SLPS]	0	-128.773	33.840	0	327.966	0	0	0	0	
1	[SLPS]	0	-128.773	33.840	0	327.966	0	0	0	0	
1	[SLPS]	0	-129.112	34.381	0	327.974	0	0	0	0	
1	[SLPS]	0	-129.112	34.381	0	327.974	0	0	0	0	
1	[SLPS]	0	-129.285	34.652	0	327.972	0	0	0	0	
1	[SLPS]	0	-129.461	34.927	0	327.972	0	0	0	0	
1	[SLPS]	0	-129.461	34.927	0	327.972	0	0	0	0	
1	[SLPS]	0	-129.796	35.472	0	327.993	0	0	0	0	
1	[SLPS]	0	-129.796	35.472	0	327.993	0	0	0	0	
1	[SLPS]	0	-129.967	35.749	0	328.004	0	0	0	0	
1	[SLPS]	0	-130.138	36.029	0	328.020	0	0	0	0	
1	[SLPS]	0	-130.138	36.029	0	328.020	0	0	0	0	
1	[SLPS]	0	-130.478	36.579	0	328.030	0	0	0	0	
1	[SLPS]	0	-130.478	36.579	0	328.030	0	0	0	0	
1	[SLPS]	0	-130.824	37.134	0	328.031	0	0	0	0	
1	[SLPS]	0	-130.824	37.134	0	328.031	0	0	0	0	
1	[SLPS]	0	-130.996	37.411	0	328.042	0	0	0	0	
1	[SLPS]	0	-131.167	37.688	0	328.057	0	0	0	0	
1	[SLPS]	0	-131.167	37.688	0	328.057	0	0	0	0	
1	[SLPS]	0	-131.517	38.248	0	328.104	0	0	0	0	
1	[SLPS]	0	-131.517	38.248	0	328.104	0	0	0	0	
1	[SLPS]	0	-131.692	38.528	0	328.133	0	0	0	0	
1	[SLPS]	0	-131.859	38.801	0	328.167	0	0	0	0	
1	[SLPS]	0	-131.859	38.801	0	328.167	0	0	0	0	
1	[SLPS]	0	-132.205	39.365	0	328.229	0	0	0	0	
1	[SLPS]	0	-132.205	39.365	0	328.229	0	0	0	0	
1	[SLPS]	0	-132.381	39.649	0	328.255	0	0	0	0	
1	[SLPS]	0	-132.554	39.931	0	328.282	0	0	0	0	
1	[SLPS]	0	-132.554	39.931	0	328.282	0	0	0	0	
1	[SLPS]	0	-132.896	40.495	0	328.351	0	0	0	0	
1	[SLPS]	0	-132.896	40.495	0	328.351	0	0	0	0	
1	[SLPS]	0	-133.069	40.782	0	328.387	0	0	0	0	
1	[SLPS]	0	-133.242	41.066	0	328.417	0	0	0	0	
1	[SLPS]	0	-133.242	41.066	0	328.417	0	0	0	0	
1	[SLPS]	0	-133.593	41.627	0	328.465	0	0	0	0	
1	[SLPS]	0	-133.593	41.627	0	328.465	0	0	0	0	
1	[SLPS]	0	-133.771	41.917	0	328.493	0	0	0	0	
1	[SLPS]	0	-133.941	42.203	0	328.523	0	0	0	0	
1	[SLPS]	0	-133.941	42.203	0	328.523	0	0	0	0	
1	[SLPS]	0	-134.286	42.776	0	328.576	0	0	0	0	
1	[SLPS]	0	-134.286	42.776	0	328.576	0	0	0	0	
1	[SLPS]	0	-134.456	43.061	0	328.610	0	0	0	0	
1	[SLPS]	0	-134.631	43.352	0	328.632	0	0	0	0	
1	[SLPS]	0	-134.631	43.352	0	328.632	0	0	0	0	
1	[SLPS]	0	-134.978	43.925	0	328.659	0	0	0	0	
1	[SLPS]	0	-134.978	43.925	0	328.659	0	0	0	0	
1	[SLPS]	0	-135.149	44.211	0	328.677	0	0	0	0	
1	[SLPS]	0	-135.323	44.492	0	328.682	0	0	0	0	
1	[SLPS]	0	-135.323	44.492	0	328.682	0	0	0	0	
1	[SLPS]	0	-135.671	45.060	0	328.704	0	0	0	0	
1	[SLPS]	0	-135.671	45.060	0	328.704	0	0	0	0	
1	[SLPS]	0	-135.846	45.347	0	328.710	0	0	0	0	
1	[SLPS]	0	-136.025	45.633	0	328.716	0	0	0	0	
1	[SLPS]	0	-136.025	45.633	0	328.716	0	0	0	0	
1	[SLPS]	0	-136.370	46.205	0	328.755	0	0	0	0	
1	[SLPS]	0	-136.370	46.205	0	328.755	0	0	0	0	
1	[SLPS]	0	-136.720	46.781	0	328.796	0	0	0	0	
1	[SLPS]	0	-136.720	46.781	0	328.796	0	0	0	0	
1	[SLPS]	0	-136.890	47.068	0	328.814	0	0	0	0	
1	[SLPS]	0	-137.066	47.361	0	328.822	0	0	0	0	
1	[SLPS]	0	-137.066	47.361	0	328.822	0	0	0	0	
1	[SLPS]	0	-137.404	47.937	0	328.851	0	0	0	0	
1	[SLPS]	0	-137.404	47.937	0	328.851	0	0	0	0	
1	[SLPS]	0	-137.584	48.216	0	328.845	0	0	0	0	
1	[SLPS]	0	-137.758	48.498	0	328.856	0	0	0	0	
1	[SLPS]	0	-137.758	48.498	0	328.856	0	0	0	0	
1	[SLPS]	0	-138.096	49.077	0	328.886	0	0	0	0	
1	[SLPS]	0	-138.096	49.077	0	328.886	0	0	0	0	
1	[SLPS]	0	-138.279	49.366	0	328.890	0	0	0	0	
1	[SLPS]	0	-138.448	49.661	0	328.916	0	0	0	0	
1	[SLPS]	0	-138.448	49.661	0	328.916	0	0	0	0	
1	[SLPS]	0	-138.793	50.240	0	328.947	0	0	0	0	
1	[SLPS]	0	-138.793	50.240	0	328.947	0	0	0	0	
1	[SLPS]	0	-138.967	50.527	0	328.957	0	0	0	0	
1	[SLPS]	0	-139.138	50.817	0	328.970	0	0	0	0	
1	[SLPS]	0	-139.138	50.817	0	328.970	0	0	0	0	
1	[SLPS]	0	-139.479	51.399	0	329.008	0	0	0	0	
1	[SLPS]	0	-139.479	51.399	0	329.008	0	0	0	0	
1	[SLPS]	0	-139.651	51.686	0	329.017	0	0	0	0	
1	[SLPS]	0	-139.828	51.974	0	329.027	0	0	0	0	
1	[SLPS]	0	-139.828	51.974	0	329.027	0	0	0	0	
1	[SLPS]	0	-140.160	52.559	0	329.063	0	0	0	0	
1	[SLPS]	0	-140.160	52.559	0	329.063	0	0	0	0	
1	[SLPS]	0	-140.343	52.850	0	329.065	0	0	0	0	
1	[SLPS]	0	-140.515	53.143	0	329.077	0	0	0	0	
1	[SLPS]	0	-140.515	53.143	0	329.077	0	0	0	0	
1	[SLPS]	0	-140.855	53.724	0	329.117	0	0	0	0	
1	[SLPS]	0	-140.855	53.724	0	329.117	0	0	0	0	
1	[SLPS]	0	-141.034	54.017	0	329.125	0	0	0	0	
1	[SLPS]	0	-141.215	54.305	0	329.127	0	0	0	0	
1	[SLPS]	0	-141.215	54.305	0	329.127	0	0	0	0	
1	[SLPS]	0	-141.555	54.885	0	329.153	0	0	0	0	
1	[SLPS]	0	-141.555	54.885	0	329.153	0	0	0	0	
1	[SLPS]	0	-141.727	55.177	0	329.173	0	0	0	0	
1	[SLPS]	0	-141.912	55.465	0	329.171	0	0	0	0	
1	[SLPS]	0	-141.912	55.465	0	329.171	0	0	0	0	
1	[SLPS]	0	-142.249	56.061	0	329.235	0	0	0	0	
1	[SLPS]	0	-142.249	56.061	0	329.235	0	0	0	0	
1	[SLPS]	0	-142.584	56.649	0	329.308	0	0	0	0	
1	[SLPS]	0	-142.584	56.649	0	329.308	0	0	0	0	
1	[SLPS]	0	-142.768	56.940	0	329.324	0	0	0	0	
1	[SLPS]	0	-142.929	57.230	0	329.363	0	0	0	0	
1	[SLPS]	0	-142.929	57.230	0	329.363	0	0	0	0	
1	[SLPS]	0	-143.281	57.809	0	329.404	0	0	0	0	
1	[SLPS]	0	-143.281	57.809	0	329.404	0	0	0	0	
1	[SLPS]	0	-143.281	57.809	0	329.404	0	0	0	0	
1	[SLPS]	0	-143.608	58.389	0	329.473	0	0	0	0	
1	[SLPS]	0	-143.608	58.389	0	329.473	0	0	0	0	
1	[SLPS]	0	-143.944	58.963	0	329.505	0	0	0	0	
1	[SLPS]	0	-143.944	58.963	0	329.505	0	0	0	0	
1	[SLPS]	0	-144.110	59.257	0	329.522	0	0	0	0	
1	[SLPS]	0	-144.276	59.540	0	329.529	0	0	0	0	
1	[SLPS]	0	-144.276	59.540	0	329.529	0	0	0	0	
1	[SLPS]	0	-144.609	60.107	0	329.544	0	0	0	0	
1	[SLPS]	0	-144.609	60.107	0	329.544	0	0	0	0	
1	[SLPS]	0	-144.772	60.392	0	329.546	0	0	0	0	
1	[SLPS]	0	-144.941	60.674	0	329.547	0	0	0	0	
1	[SLPS]	0	-144.941	60.674	0	329.547	0	0	0	0	
1	[SLPS]	0	-145.113	60.964	0	329.550	0	0	0	0	
1	[SLPS]	0	-145.284	61.243	0	329.545	0	0	0	0	
1	[SLPS]	0	-145.445	61.523	0	329.551	0	0	0	0	
1	[SLPS]	0	-145.610	61.807	0	329.549	0	0	0	0	
1	[SLPS]	0	-145.610	61.807	0	329.549	0	0	0	0	
1	[SLPS]	0	-145.776	62.083	0	329.538	0	0	0	0	
1	[SLPS]	0	-145.939	62.368	0	329.531	0	0	0	0	
1	[SLPS]	0	-146.108	62.644	0	329.521	0	0	0	0	
1	[SLPS]	0	-146.270	62.917	0	329.512	0	0	0	0	
1	[SLPS]	0	-146.270	62.917	0	329.512	0	0	0	0	
1	[SLPS]	0	-146.438	63.195	0	329.501	0	0	0	0	
1	[SLPS]	0	-146.598	63.474	0	329.492	0	0	0	0	
1	[SLPS]	0	-146.765	63.753	0	329.481	0	0	0	0	
1	[SLPS]	0	-146.929	64.030	0	329.480	0	0	0	0	
1	[SLPS]	0	-146.929	64.030	0	329.480	0	0	0	0	
1	[SLPS]	0	-147.257	64.590	0	329.481	0	0	0	0	
1	[SLPS]	0	-147.257	64.590	0	329.481	0	0	0	0	
1	[SLPS]	0	-147.416	64.863	0	329.491	0	0	0	0	
1	[SLPS]	0	-147.576	65.144	0	329.500	0	0	0	0	
1	[SLPS]	0	-147.576	65.144	0	329.500	0	0	0	0	
1	[SLPS]	0	-147.898	65.698	0	329.515	0	0	0	0	
1	[SLPS]	0	-147.898	65.698	0	329.515	0	0	0	0	
1	[SLPS]	0	-148.058	65.972	0	329.516	0	0	0	0	
1	[SLPS]	0	-148.219	66.246	0	329.505	0	0	0	0	
1	[SLPS]	0	-148.219	66.246	0	329.505	0	0	0	0	
1	[SLPS]	0	-148.538	66.789	0	329.504	0	0	0	0	
1	[SLPS]	0	-148.538	66.789	0	329.504	0	0	0	0	
1	[SLPS]	0	-148.695	67.064	0	329.514	0	0	0	0	
1	[SLPS]	0	-148.854	67.325	0	329.514	0	0	0	0	
1	[SLPS]	0	-148.854	67.325	0	329.514	0	0	0	0	
1	[SLPS]	0	-149.174	67.881	0	329.520	0	0	0	0	
1	[SLPS]	0	-149.174	67.881	0	329.520	0	0	0	0	
1	[SLPS]	0	-149.332	68.148	0	329.517	0	0	0	0	
1	[SLPS]	0	-149.488	68.413	0	329.522	0	0	0	0	
1	[SLPS]	0	-149.488	68.413	0	329.522	0	0	0	0	
1	[SLPS]	0	-149.803	68.954	0	329.528	0	0	0	0	
1	[SLPS]	0	-149.803	68.954	0	329.528	0	0	0	0	
1	[SLPS]	0	-149.964	69.219	0	329.529	0	0	0	0	
1	[SLPS]	0	-150.119	69.487	0	329.532	0	0	0	0	
1	[SLPS]	0	-150.119	69.487	0	329.532	0	0	0	0	
1	[SLPS]	0	-150.274	69.752	0	329.533	0	0	0	0	
1	[SLPS]	0	-150.435	70.026	0	329.536	0	0	0	0	
1	[SLPS]	0	-150.584	70.289	0	329.540	0	0	0	0	
1	[SLPS]	0	-150.739	70.555	0	329.540	0	0	0	0	
1	[SLPS]	0	-150.739	70.555	0	329.540	0	0	0	0	
1	[SLPS]	0	-151.046	71.084	0	329.535	0	0	0	0	
1	[SLPS]	0	-151.046	71.084	0	329.535	0	0	0	0	
1	[SLPS]	0	-151.206	71.354	0	329.530	0	0	0	0	
1	[SLPS]	0	-151.359	71.613	0	329.509	0	0	0	0	
1	[SLPS]	0	-151.359	71.613	0	329.509	0	0	0	0	
1	[SLPS]	0	-151.665	72.138	0	329.507	0	0	0	0	
1	[SLPS]	0	-151.665	72.138	0	329.507	0	0	0	0	
1	[SLPS]	0	-151.819	72.398	0	329.501	0	0	0	0	
1	[SLPS]	0	-151.972	72.654	0	329.492	0	0	0	0	
1	[SLPS]	0	-151.972	72.654	0	329.492	0	0	0	0	
1	[SLPS]	0	-152.277	73.178	0	329.489	0	0	0	0	
1	[SLPS]	0	-152.277	73.178	0	329.489	0	0	0	0	
1	[SLPS]	0	-152.431	73.436	0	329.487	0	0	0	0	
1	[SLPS]	0	-152.582	73.695	0	329.485	0	0	0	0	
1	[SLPS]	0	-152.582	73.695	0	329.485	0	0	0	0	
1	[SLPS]	0	-152.883	74.211	0	329.490	0	0	0	0	
1	[SLPS]	0	-152.883	74.211	0	329.490	0	0	0	0	
1	[SLPS]	0	-153.183	74.722	0	329.482	0	0	0	0	
1	[SLPS]	0	-153.183	74.722	0	329.482	0	0	0	0	
1	[SLPS]	0	-153.333	74.974	0	329.478	0	0	0	0	
1	[SLPS]	0	-153.479	75.228	0	329.483	0	0	0	0	
1	[SLPS]	0	-153.479	75.228	0	329.483	0	0	0	0	
1	[SLPS]	0	-153.766	75.723	0	329.492	0	0	0	0	
1	[SLPS]	0	-153.766	75.723	0	329.492	0	0	0	0	
1	[SLPS]	0	-153.902	75.969	0	329.500	0	0	0	0	
1	[SLPS]	0	-154.046	76.212	0	329.502	0	0	0	0	
1	[SLPS]	0	-154.046	76.212	0	329.502	0	0	0	0	
1	[SLPS]	0	-154.332	76.702	0	329.506	0	0	0	0	
1	[SLPS]	0	-154.332	76.702	0	329.506	0	0	0	0	
1	[SLPS]	0	-154.474	76.940	0	329.483	0	0	0	0	
1	[SLPS]	0	-154.614	77.179	0	329.475	0	0	0	0	
1	[SLPS]	0	-154.614	77.179	0	329.475	0	0	0	0	
1	[SLPS]	0	-154.895	77.653	0	329.470	0	0	0	0	
1	[SLPS]	0	-154.895	77.653	0	329.470	0	0	0	0	
1	[SLPS]	0	-155.032	77.892	0	329.460	0	0	0	0	
1	[SLPS]	0	-155.170	78.130	0	329.476	0	0	0	0	
1	[SLPS]	0	-155.170	78.130	0	329.476	0	0	0	0	
1	[SLPS]	0	-155.437	78.601	0	329.531	0	0	0	0	
1	[SLPS]	0	-155.437	78.601	0	329.531	0	0	0	0	
1	[SLPS]	0	-155.577	78.833	0	329.539	0	0	0	0	
1	[SLPS]	0	-155.714	79.064	0	329.536	0	0	0	0	
1	[SLPS]	0	-155.714	79.064	0	329.536	0	0	0	0	
1	[SLPS]	0	-155.980	79.519	0	329.547	0	0	0	0	
1	[SLPS]	0	-155.980	79.519	0	329.547	0	0	0	0	
1	[SLPS]	0	-156.113	79.747	0	329.550	0	0	0	0	
1	[SLPS]	0	-156.247	79.977	0	329.558	0	0	0	0	
1	[SLPS]	0	-156.247	79.977	0	329.558	0	0	0	0	
1	[SLPS]	0	-156.510	80.430	0	329.583	0	0	0	0	
1	[SLPS]	0	-156.510	80.430	0	329.583	0	0	0	0	
1	[SLPS]	0	-156.637	80.657	0	329.597	0	0	0	0	
1	[SLPS]	0	-156.769	80.881	0	329.605	0	0	0	0	
1	[SLPS]	0	-156.769	80.881	0	329.605	0	0	0	0	
1	[SLPS]	0	-157.021	81.319	0	329.641	0	0	0	0	
1	[SLPS]	0	-157.021	81.319	0	329.641	0	0	0	0	
1	[SLPS]	0	-157.147	81.535	0	329.655	0	0	0	0	
1	[SLPS]	0	-157.274	81.749	0	329.677	0	0	0	0	
1	[SLPS]	0	-157.407	81.957	0	329.692	0	0	0	0	
1	[SLPS]	0	-157.527	82.176	0	329.715	0	0	0	0	
1	[SLPS]	0	-157.527	82.176	0	329.715	0	0	0	0	
1	[SLPS]	0	-157.654	82.392	0	329.727	0	0	0	0	
1	[SLPS]	0	-157.772	82.603	0	329.747	0	0	0	0	
1	[SLPS]	0	-157.902	82.810	0	329.771	0	0	0	0	
1	[SLPS]	0	-158.014	83.012	0	329.811	0	0	0	0	
1	[SLPS]	0	-158.014	83.012	0	329.811	0	0	0	0	
1	[SLPS]	0	-158.251	83.424	0	329.883	0	0	0	0	
1	[SLPS]	0	-158.251	83.424	0	329.883	0	0	0	0	
1	[SLPS]	0	-158.372	83.635	0	329.908	0	0	0	0	
1	[SLPS]	0	-158.489	83.837	0	329.923	0	0	0	0	
1	[SLPS]	0	-158.489	83.837	0	329.923	0	0	0	0	
1	[SLPS]	0	-158.713	84.242	0	329.969	0	0	0	0	
1	[SLPS]	0	-158.713	84.242	0	329.969	0	0	0	0	
1	[SLPS]	0	-158.833	84.440	0	329.993	0	0	0	0	
1	[SLPS]	0	-158.947	84.641	0	330.023	0	0	0	0	
1	[SLPS]	0	-158.947	84.641	0	330.023	0	0	0	0	
1	[SLPS]	0	-159.169	85.041	0	330.063	0	0	0	0	
1	[SLPS]	0	-159.169	85.041	0	330.063	0	0	0	0	
1	[SLPS]	0	-159.285	85.235	0	330.068	0	0	0	0	
1	[SLPS]	0	-159.399	85.433	0	330.078	0	0	0	0	
1	[SLPS]	0	-159.399	85.433	0	330.078	0	0	0	0	
1	[SLPS]	0	-159.624	85.833	0	330.106	0	0	0	0	
1	[SLPS]	0	-159.624	85.833	0	330.106	0	0	0	0	
1	[SLPS]	0	-159.736	86.029	0	330.121	0	0	0	0	
1	[SLPS]	0	-159.852	86.224	0	330.130	0	0	0	0	
1	[SLPS]	0	-159.966	86.417	0	330.138	0	0	0	0	
1	[SLPS]	0	-160.078	86.602	0	330.146	0	0	0	0	
1	[SLPS]	0	-160.078	86.602	0	330.146	0	0	0	0	
1	[SLPS]	0	-160.181	86.807	0	330.172	0	0	0	0	
1	[SLPS]	0	-160.292	86.991	0	330.183	0	0	0	0	
1	[SLPS]	0	-160.399	87.183	0	330.199	0	0	0	0	
1	[SLPS]	0	-160.504	87.377	0	330.219	0	0	0	0	
1	[SLPS]	0	-160.504	87.377	0	330.219	0	0	0	0	
1	[SLPS]	0	-160.718	87.740	0	330.234	0	0	0	0	
1	[SLPS]	0	-160.718	87.740	0	330.234	0	0	0	0	
1	[SLPS]	0	-160.824	87.933	0	330.247	0	0	0	0	
1	[SLPS]	0	-160.926	88.123	0	330.267	0	0	0	0	
1	[SLPS]	0	-160.926	88.123	0	330.267	0	0	0	0	
1	[SLPS]	0	-161.141	88.490	0	330.299	0	0	0	0	
1	[SLPS]	0	-161.141	88.490	0	330.299	0	0	0	0	
1	[SLPS]	0	-161.240	88.677	0	330.316	0	0	0	0	
1	[SLPS]	0	-161.348	88.866	0	330.323	0	0	0	0	
1	[SLPS]	0	-161.348	88.866	0	330.323	0	0	0	0	
1	[SLPS]	0	-161.562	89.220	0	330.333	0	0	0	0	
1	[SLPS]	0	-161.562	89.220	0	330.333	0	0	0	0	
1	[SLPS]	0	-161.662	89.412	0	330.348	0	0	0	0	
1	[SLPS]	0	-161.768	89.594	0	330.360	0	0	0	0	
1	[SLPS]	0	-161.768	89.594	0	330.360	0	0	0	0	
1	[SLPS]	0	-161.979	89.955	0	330.386	0	0	0	0	
1	[SLPS]	0	-161.979	89.955	0	330.386	0	0	0	0	
1	[SLPS]	0	-162.086	90.137	0	330.395	0	0	0	0	
1	[SLPS]	0	-162.187	90.320	0	330.416	0	0	0	0	
1	[SLPS]	0	-162.187	90.320	0	330.416	0	0	0	0	
1	[SLPS]	0	-162.391	90.678	0	330.455	0	0	0	0	
1	[SLPS]	0	-162.391	90.678	0	330.455	0	0	0	0	
1	[SLPS]	0	-162.495	90.857	0	330.462	0	0	0	0	
1	[SLPS]	0	-162.600	91.041	0	330.467	0	0	0	0	
1	[SLPS]	0	-162.600	91.041	0	330.467	0	0	0	0	
1	[SLPS]	0	-162.796	91.407	0	330.468	0	0	0	0	
1	[SLPS]	0	-162.796	91.407	0	330.468	0	0	0	0	
1	[SLPS]	0	-162.892	91.589	0	330.470	0	0	0	0	
1	[SLPS]	0	-162.999	91.774	0	330.470	0	0	0	0	
1	[SLPS]	0	-162.999	91.774	0	330.470	0	0	0	0	
1	[SLPS]	0	-163.201	92.127	0	330.479	0	0	0	0	
1	[SLPS]	0	-163.201	92.127	0	330.479	0	0	0	0	
1	[SLPS]	0	-163.298	92.307	0	330.485	0	0	0	0	
1	[SLPS]	0	-163.398	92.485	0	330.492	0	0	0	0	
1	[SLPS]	0	-163.398	92.485	0	330.492	0	0	0	0	
1	[SLPS]	0	-163.585	92.845	0	330.534	0	0	0	0	
1	[SLPS]	0	-163.585	92.845	0	330.534	0	0	0	0	
1	[SLPS]	0	-163.690	93.013	0	330.542	0	0	0	0	
1	[SLPS]	0	-163.784	93.193	0	330.568	0	0	0	0	
1	[SLPS]	0	-163.784	93.193	0	330.568	0	0	0	0	
1	[SLPS]	0	-163.987	93.537	0	330.606	0	0	0	0	
1	[SLPS]	0	-163.987	93.537	0	330.606	0	0	0	0	
1	[SLPS]	0	-164.086	93.718	0	330.633	0	0	0	0	
1	[SLPS]	0	-164.182	93.891	0	330.656	0	0	0	0	
1	[SLPS]	0	-164.182	93.891	0	330.656	0	0	0	0	
1	[SLPS]	0	-164.377	94.226	0	330.690	0	0	0	0	
1	[SLPS]	0	-164.377	94.226	0	330.690	0	0	0	0	
1	[SLPS]	0	-164.475	94.398	0	330.704	0	0	0	0	
1	[SLPS]	0	-164.571	94.575	0	330.721	0	0	0	0	
1	[SLPS]	0	-164.571	94.575	0	330.721	0	0	0	0	
1	[SLPS]	0	-164.759	94.911	0	330.761	0	0	0	0	
1	[SLPS]	0	-164.759	94.911	0	330.761	0	0	0	0	
1	[SLPS]	0	-164.853	95.078	0	330.780	0	0	0	0	
1	[SLPS]	0	-164.953	95.249	0	330.799	0	0	0	0	
1	[SLPS]	0	-164.953	95.249	0	330.799	0	0	0	0	
1	[SLPS]	0	-165.134	95.596	0	330.852	0	0	0	0	
1	[SLPS]	0	-165.134	95.596	0	330.852	0	0	0	0	
1	[SLPS]	0	-165.233	95.760	0	330.865	0	0	0	0	
1	[SLPS]	0	-165.321	95.924	0	330.886	0	0	0	0	
1	[SLPS]	0	-165.417	96.097	0	330.901	0	0	0	0	
1	[SLPS]	0	-165.514	96.261	0	330.913	0	0	0	0	
1	[SLPS]	0	-165.514	96.261	0	330.913	0	0	0	0	
1	[SLPS]	0	-165.692	96.597	0	330.958	0	0	0	0	
1	[SLPS]	0	-165.692	96.597	0	330.958	0	0	0	0	
1	[SLPS]	0	-165.781	96.768	0	330.977	0	0	0	0	
1	[SLPS]	0	-165.873	96.921	0	330.992	0	0	0	0	
1	[SLPS]	0	-165.873	96.921	0	330.992	0	0	0	0	
1	[SLPS]	0	-166.043	97.257	0	331.046	0	0	0	0	
1	[SLPS]	0	-166.043	97.257	0	331.046	0	0	0	0	
1	[SLPS]	0	-166.129	97.419	0	331.069	0	0	0	0	
1	[SLPS]	0	-166.208	97.587	0	331.096	0	0	0	0	
1	[SLPS]	0	-166.208	97.587	0	331.096	0	0	0	0	
1	[SLPS]	0	-166.380	97.904	0	331.140	0	0	0	0	
1	[SLPS]	0	-166.380	97.904	0	331.140	0	0	0	0	
1	[SLPS]	0	-166.466	98.058	0	331.166	0	0	0	0	
1	[SLPS]	0	-166.541	98.220	0	331.208	0	0	0	0	
1	[SLPS]	0	-166.541	98.220	0	331.208	0	0	0	0	
1	[SLPS]	0	-166.714	98.524	0	331.292	0	0	0	0	
1	[SLPS]	0	-166.714	98.524	0	331.292	0	0	0	0	
1	[SLPS]	0	-166.802	98.671	0	331.351	0	0	0	0	
1	[SLPS]	0	-166.886	98.812	0	331.422	0	0	0	0	
1	[SLPS]	0	-166.886	98.812	0	331.422	0	0	0	0	
1	[SLPS]	0	-167.047	99.110	0	331.590	0	0	0	0	
1	[SLPS]	0	-167.047	99.110	0	331.590	0	0	0	0	
1	[SLPS]	0	-167.134	99.249	0	331.682	0	0	0	0	
1	[SLPS]	0	-167.208	99.395	0	331.782	0	0	0	0	
1	[SLPS]	0	-167.208	99.395	0	331.782	0	0	0	0	
1	[SLPS]	0	-167.354	99.685	0	331.995	0	0	0	0	
1	[SLPS]	0	-167.354	99.685	0	331.995	0	0	0	0	
1	[SLPS]	0	-167.428	99.832	0	332.108	0	0	0	0	
1	[SLPS]	0	-167.504	99.974	0	332.230	0	0	0	0	
1	[SLPS]	0	-167.574	100.112	0	332.354	0	0	0	0	
1	[SLPS]	0	-167.643	100.254	0	332.485	0	0	0	0	
1	[SLPS]	0	-167.643	100.254	0	332.485	0	0	0	0	
1	[SLPS]	0	-167.725	100.382	0	332.615	0	0	0	0	
1	[SLPS]	0	-167.789	100.525	0	332.752	0	0	0	0	
1	[SLPS]	0	-167.853	100.671	0	332.904	0	0	0	0	
1	[SLPS]	0	-167.917	100.814	0	333.070	0	0	0	0	
1	[SLPS]	0	-167.917	100.814	0	333.070	0	0	0	0	
1	[SLPS]	0	-168.063	101.081	0	333.453	0	0	0	0	
1	[SLPS]	0	-168.063	101.081	0	333.453	0	0	0	0	
1	[SLPS]	0	-168.129	101.224	0	333.663	0	0	0	0	
1	[SLPS]	0	-168.193	101.364	0	333.879	0	0	0	0	
1	[SLPS]	0	-168.193	101.364	0	333.879	0	0	0	0	
1	[SLPS]	0	-168.313	101.646	0	334.348	0	0	0	0	
1	[SLPS]	0	-168.313	101.646	0	334.348	0	0	0	0	
1	[SLPS]	0	-168.377	101.777	0	334.603	0	0	0	0	
1	[SLPS]	0	-168.439	101.914	0	334.866	0	0	0	0	
1	[SLPS]	0	-168.439	101.914	0	334.866	0	0	0	0	
1	[SLPS]	0	-168.556	102.179	0	335.425	0	0	0	0	
1	[SLPS]	0	-168.556	102.179	0	335.425	0	0	0	0	
1	[SLPS]	0	-168.611	102.311	0	335.725	0	0	0	0	
1	[SLPS]	0	-168.663	102.442	0	336.034	0	0	0	0	
1	[SLPS]	0	-168.663	102.442	0	336.034	0	0	0	0	
1	[SLPS]	0	-168.768	102.694	0	336.677	0	0	0	0	
1	[SLPS]	0	-168.768	102.694	0	336.677	0	0	0	0	
1	[SLPS]	0	-168.823	102.821	0	337.009	0	0	0	0	
1	[SLPS]	0	-168.877	102.947	0	337.348	0	0	0	0	
1	[SLPS]	0	-168.877	102.947	0	337.348	0	0	0	0	
1	[SLPS]	0	-168.972	103.201	0	338.057	0	0	0	0	
1	[SLPS]	0	-168.972	103.201	0	338.057	0	0	0	0	
1	[SLPS]	0	-169.063	103.451	0	338.811	0	0	0	0	
1	[SLPS]	0	-169.063	103.451	0	338.811	0	0	0	0	
1	[SLPS]	0	-169.105	103.574	0	339.208	0	0	0	0	
1	[SLPS]	0	-169.148	103.696	0	339.614	0	0	0	0	
1	[SLPS]	0	-169.148	103.696	0	339.614	0	0	0	0	
1	[SLPS]	0	-169.227	103.935	0	340.455	0	0	0	0	
1	[SLPS]	0	-169.227	103.935	0	340.455	0	0	0	0	
1	[SLPS]	0	-169.259	104.058	0	340.891	0	0	0	0	
1	[SLPS]	0	-169.303	104.167	0	341.335	0	0	0	0	
1	[SLPS]	0	-169.303	104.167	0	341.335	0	0	0	0	
1	[SLPS]	0	-169.353	104.399	0	342.230	0	0	0	0	
1	[SLPS]	0	-169.353	104.399	0	342.230	0	0	0	0	
1	[SLPS]	0	-169.397	104.513	0	342.689	0	0	0	0	
1	[SLPS]	0	-169.423	104.627	0	343.163	0	0	0	0	
1	[SLPS]	0	-169.423	104.627	0	343.163	0	0	0	0	
1	[SLPS]	0	-169.480	104.850	0	344.130	0	0	0	0	
1	[SLPS]	0	-169.480	104.850	0	344.130	0	0	0	0	
1	[SLPS]	0	-169.508	104.963	0	344.612	0	0	0	0	
1	[SLPS]	0	-169.534	105.076	0	345.102	0	0	0	0	
1	[SLPS]	0	-169.534	105.076	0	345.102	0	0	0	0	
1	[SLPS]	0	-169.581	105.292	0	346.117	0	0	0	0	
1	[SLPS]	0	-169.581	105.292	0	346.117	0	0	0	0	
1	[SLPS]	0	-169.600	105.408	0	346.640	0	0	0	0	
1	[SLPS]	0	-169.621	105.516	0	347.176	0	0	0	0	
1	[SLPS]	0	-169.621	105.516	0	347.176	0	0	0	0	
1	[SLPS]	0	-169.654	105.727	0	348.266	0	0	0	0	
1	[SLPS]	0	-169.654	105.727	0	348.266	0	0	0	0	
1	[SLPS]	0	-169.670	105.833	0	348.817	0	0	0	0	
1	[SLPS]	0	-169.686	105.929	0	349.375	0	0	0	0	
1	[SLPS]	0	-169.699	106.033	0	349.954	0	0	0	0	
1	[SLPS]	0	-169.711	106.133	0	350.524	0	0	0	0	
1	[SLPS]	0	-169.711	106.133	0	350.524	0	0	0	0	
1	[SLPS]	0	-169.732	106.328	0	351.670	0	0	0	0	
1	[SLPS]	0	-169.732	106.328	0	351.670	0	0	0	0	
1	[SLPS]	0	-169.746	106.424	0	352.241	0	0	0	0	
1	[SLPS]	0	-169.752	106.520	0	352.807	0	0	0	0	
1	[SLPS]	0	-169.752	106.520	0	352.807	0	0	0	0	
1	[SLPS]	0	-169.766	106.711	0	353.924	0	0	0	0	
1	[SLPS]	0	-169.766	106.711	0	353.924	0	0	0	0	
1	[SLPS]	0	-169.771	106.808	0	354.486	0	0	0	0	
1	[SLPS]	0	-169.778	106.911	0	355.062	0	0	0	0	
1	[SLPS]	0	-169.778	106.911	0	355.062	0	0	0	0	
1	[SLPS]	0	-169.792	107.111	0	356.227	0	0	0	0	
1	[SLPS]	0	-169.792	107.111	0	356.227	0	0	0	0	
1	[SLPS]	0	-169.795	107.212	0	356.809	0	0	0	0	
1	[SLPS]	0	-169.799	107.311	0	357.387	0	0	0	0	
1	[SLPS]	0	-169.799	107.311	0	357.387	0	0	0	0	
1	[SLPS]	0	-169.798	107.513	0	358.537	0	0	0	0	
1	[SLPS]	0	-169.798	107.513	0	358.537	0	0	0	0	
1	[SLPS]	0	-169.795	107.616	0	359.117	0	0	0	0	
1	[SLPS]	0	-169.789	107.718	0	359.707	0	0	0	0	
1	[SLPS]	0	-169.789	107.718	0	359.707	0	0	0	0	
1	[SLPS]	0	-169.781	107.916	0	0.883	0	0	0	0	
1	[SLPS]	0	-169.781	107.916	0	0.883	0	0	0	0	
1	[SLPS]	0	-169.770	108.022	0	1.458	0	0	0	0	
1	[SLPS]	0	-169.764	108.128	0	2.021	0	0	0	0	
1	[SLPS]	0	-169.764	108.128	0	2.021	0	0	0	0	
1	[SLPS]	0	-169.741	108.330	0	3.178	0	0	0	0	
1	[SLPS]	0	-169.741	108.330	0	3.178	0	0	0	0	
1	[SLPS]	0	-169.732	108.427	0	3.788	0	0	0	0	
1	[SLPS]	0	-169.725	108.527	0	4.410	0	0	0	0	
1	[SLPS]	0	-169.725	108.527	0	4.410	0	0	0	0	
1	[SLPS]	0	-169.718	108.716	0	5.609	0	0	0	0	
1	[SLPS]	0	-169.718	108.716	0	5.609	0	0	0	0	
1	[SLPS]	0	-169.706	108.816	0	6.205	0	0	0	0	
1	[SLPS]	0	-169.673	108.913	0	6.828	0	0	0	0	
1	[SLPS]	0	-169.673	108.913	0	6.828	0	0	0	0	
1	[SLPS]	0	-169.617	109.122	0	8.115	0	0	0	0	
1	[SLPS]	0	-169.617	109.122	0	8.115	0	0	0	0	
1	[SLPS]	0	-169.598	109.219	0	8.736	0	0	0	0	
1	[SLPS]	0	-169.561	109.330	0	9.347	0	0	0	0	
1	[SLPS]	0	-169.561	109.330	0	9.347	0	0	0	0	
1	[SLPS]	0	-169.517	109.539	0	10.553	0	0	0	0	
1	[SLPS]	0	-169.517	109.539	0	10.553	0	0	0	0	
1	[SLPS]	0	-169.497	109.635	0	11.172	0	0	0	0	
1	[SLPS]	0	-169.479	109.735	0	11.777	0	0	0	0	
1	[SLPS]	0	-169.460	109.834	0	12.408	0	0	0	0	
1	[SLPS]	0	-169.435	109.922	0	13.080	0	0	0	0	
1	[SLPS]	0	-169.435	109.922	0	13.080	0	0	0	0	
1	[SLPS]	0	-169.369	110.093	0	14.638	0	0	0	0	
1	[SLPS]	0	-169.369	110.093	0	14.638	0	0	0	0	
1	[SLPS]	0	-169.338	110.189	0	15.404	0	0	0	0	
1	[SLPS]	0	-169.309	110.278	0	16.104	0	0	0	0	
1	[SLPS]	0	-169.309	110.278	0	16.104	0	0	0	0	
1	[SLPS]	0	-169.243	110.465	0	17.460	0	0	0	0	
1	[SLPS]	0	-169.243	110.465	0	17.460	0	0	0	0	
1	[SLPS]	0	-169.208	110.560	0	18.295	0	0	0	0	
1	[SLPS]	0	-169.182	110.649	0	19.170	0	0	0	0	
1	[SLPS]	0	-169.182	110.649	0	19.170	0	0	0	0	
1	[SLPS]	0	-169.117	110.831	0	20.748	0	0	0	0	
1	[SLPS]	0	-169.117	110.831	0	20.748	0	0	0	0	
1	[SLPS]	0	-169.079	110.921	0	21.428	0	0	0	0	
1	[SLPS]	0	-169.019	111.015	0	22.112	0	0	0	0	
1	[SLPS]	0	-169.019	111.015	0	22.112	0	0	0	0	
1	[SLPS]	0	-168.900	111.193	0	23.763	0	0	0	0	
1	[SLPS]	0	-168.900	111.193	0	23.763	0	0	0	0	
1	[SLPS]	0	-168.846	111.280	0	24.758	0	0	0	0	
1	[SLPS]	0	-168.791	111.377	0	25.757	0	0	0	0	
1	[SLPS]	0	-168.791	111.377	0	25.757	0	0	0	0	
1	[SLPS]	0	-168.694	111.560	0	27.535	0	0	0	0	
1	[SLPS]	0	-168.694	111.560	0	27.535	0	0	0	0	
1	[SLPS]	0	-168.638	111.647	0	28.343	0	0	0	0	
1	[SLPS]	0	-168.581	111.733	0	29.149	0	0	0	0	
1	[SLPS]	0	-168.581	111.733	0	29.149	0	0	0	0	
1	[SLPS]	0	-168.468	111.901	0	30.847	0	0	0	0	
1	[SLPS]	0	-168.468	111.901	0	30.847	0	0	0	0	
1	[SLPS]	0	-168.406	111.983	0	31.814	0	0	0	0	
1	[SLPS]	0	-168.344	112.060	0	32.855	0	0	0	0	
1	[SLPS]	0	-168.344	112.060	0	32.855	0	0	0	0	
1	[SLPS]	0	-168.226	112.256	0	34.868	0	0	0	0	
1	[SLPS]	0	-168.226	112.256	0	34.868	0	0	0	0	
1	[SLPS]	0	-168.085	112.434	0	36.727	0	0	0	0	
1	[SLPS]	0	-168.085	112.434	0	36.727	0	0	0	0	
1	[SLPS]	0	-168.018	112.516	0	37.660	0	0	0	0	
1	[SLPS]	0	-167.946	112.594	0	38.622	0	0	0	0	
1	[SLPS]	0	-167.946	112.594	0	38.622	0	0	0	0	
1	[SLPS]	0	-167.787	112.753	0	40.549	0	0	0	0	
1	[SLPS]	0	-167.787	112.753	0	40.549	0	0	0	0	
1	[SLPS]	0	-167.711	112.825	0	41.477	0	0	0	0	
1	[SLPS]	0	-167.629	112.900	0	42.363	0	0	0	0	
1	[SLPS]	0	-167.629	112.900	0	42.363	0	0	0	0	
1	[SLPS]	0	-167.442	113.059	0	44.072	0	0	0	0	
1	[SLPS]	0	-167.442	113.059	0	44.072	0	0	0	0	
1	[SLPS]	0	-167.348	113.139	0	44.914	0	0	0	0	
1	[SLPS]	0	-167.254	113.215	0	45.747	0	0	0	0	
1	[SLPS]	0	-167.254	113.215	0	45.747	0	0	0	0	
1	[SLPS]	0	-167.063	113.370	0	47.327	0	0	0	0	
1	[SLPS]	0	-167.063	113.370	0	47.327	0	0	0	0	
1	[SLPS]	0	-166.969	113.453	0	48.055	0	0	0	0	
1	[SLPS]	0	-166.870	113.535	0	48.747	0	0	0	0	
1	[SLPS]	0	-166.870	113.535	0	48.747	0	0	0	0	
1	[SLPS]	0	-166.667	113.687	0	50.077	0	0	0	0	
1	[SLPS]	0	-166.667	113.687	0	50.077	0	0	0	0	
1	[SLPS]	0	-166.567	113.763	0	50.704	0	0	0	0	
1	[SLPS]	0	-166.468	113.846	0	51.295	0	0	0	0	
1	[SLPS]	0	-166.468	113.846	0	51.295	0	0	0	0	
1	[SLPS]	0	-166.261	114.002	0	52.332	0	0	0	0	
1	[SLPS]	0	-166.261	114.002	0	52.332	0	0	0	0	
1	[SLPS]	0	-166.154	114.081	0	52.782	0	0	0	0	
1	[SLPS]	0	-166.045	114.157	0	53.191	0	0	0	0	
1	[SLPS]	0	-166.045	114.157	0	53.191	0	0	0	0	
1	[SLPS]	0	-165.828	114.304	0	53.880	0	0	0	0	
1	[SLPS]	0	-165.828	114.304	0	53.880	0	0	0	0	
1	[SLPS]	0	-165.717	114.382	0	54.155	0	0	0	0	
1	[SLPS]	0	-165.606	114.453	0	54.392	0	0	0	0	
1	[SLPS]	0	-165.495	114.529	0	54.619	0	0	0	0	
1	[SLPS]	0	-165.385	114.597	0	54.839	0	0	0	0	
1	[SLPS]	0	-165.385	114.597	0	54.839	0	0	0	0	
1	[SLPS]	0	-165.165	114.747	0	55.267	0	0	0	0	
1	[SLPS]	0	-165.165	114.747	0	55.267	0	0	0	0	
1	[SLPS]	0	-165.053	114.822	0	55.461	0	0	0	0	
1	[SLPS]	0	-164.944	114.888	0	55.626	0	0	0	0	
1	[SLPS]	0	-164.944	114.888	0	55.626	0	0	0	0	
1	[SLPS]	0	-164.725	115.031	0	55.877	0	0	0	0	
1	[SLPS]	0	-164.725	115.031	0	55.877	0	0	0	0	
1	[SLPS]	0	-164.618	115.103	0	55.996	0	0	0	0	
1	[SLPS]	0	-164.515	115.178	0	56.125	0	0	0	0	
1	[SLPS]	0	-164.515	115.178	0	56.125	0	0	0	0	
1	[SLPS]	0	-164.415	115.246	0	56.268	0	0	0	0	
1	[SLPS]	0	-164.315	115.318	0	56.408	0	0	0	0	
1	[SLPS]	0	-164.315	115.318	0	56.408	0	0	0	0	
1	[SLPS]	0	-164.113	115.452	0	56.630	0	0	0	0	
1	[SLPS]	0	-164.113	115.452	0	56.630	0	0	0	0	
1	[SLPS]	0	-163.903	115.585	0	56.794	0	0	0	0	
1	[SLPS]	0	-163.903	115.585	0	56.794	0	0	0	0	
1	[SLPS]	0	-163.799	115.651	0	56.879	0	0	0	0	
1	[SLPS]	0	-163.690	115.717	0	56.966	0	0	0	0	
1	[SLPS]	0	-163.690	115.717	0	56.966	0	0	0	0	
1	[SLPS]	0	-163.580	115.784	0	57.056	0	0	0	0	
1	[SLPS]	0	-163.474	115.855	0	57.138	0	0	0	0	
1	[SLPS]	0	-163.474	115.855	0	57.138	0	0	0	0	
1	[SLPS]	0	-163.250	115.991	0	57.308	0	0	0	0	
1	[SLPS]	0	-163.250	115.991	0	57.308	0	0	0	0	
1	[SLPS]	0	-163.028	116.132	0	57.523	0	0	0	0	
1	[SLPS]	0	-163.028	116.132	0	57.523	0	0	0	0	
1	[SLPS]	0	-162.915	116.192	0	57.670	0	0	0	0	
1	[SLPS]	0	-162.799	116.272	0	57.849	0	0	0	0	
1	[SLPS]	0	-162.799	116.272	0	57.849	0	0	0	0	
1	[SLPS]	0	-162.564	116.411	0	58.220	0	0	0	0	
1	[SLPS]	0	-162.564	116.411	0	58.220	0	0	0	0	
1	[SLPS]	0	-162.444	116.479	0	58.384	0	0	0	0	
1	[SLPS]	0	-162.329	116.557	0	58.541	0	0	0	0	
1	[SLPS]	0	-162.329	116.557	0	58.541	0	0	0	0	
1	[SLPS]	0	-162.096	116.700	0	58.881	0	0	0	0	
1	[SLPS]	0	-161.979	116.771	0	59.069	0	0	0	0	
1	[SLPS]	0	-161.857	116.838	0	59.253	0	0	0	0	
1	[SLPS]	0	-161.857	116.838	0	59.253	0	0	0	0	
1	[SLPS]	0	-161.608	116.982	0	59.592	0	0	0	0	
1	[SLPS]	0	-161.608	116.982	0	59.592	0	0	0	0	
1	[SLPS]	0	-161.484	117.054	0	59.732	0	0	0	0	
1	[SLPS]	0	-161.362	117.122	0	59.864	0	0	0	0	
1	[SLPS]	0	-161.232	117.182	0	59.990	0	0	0	0	
1	[SLPS]	0	-161.106	117.251	0	60.102	0	0	0	0	
1	[SLPS]	0	-161.106	117.251	0	60.102	0	0	0	0	
1	[SLPS]	0	-160.860	117.386	0	60.288	0	0	0	0	
1	[SLPS]	0	-160.860	117.386	0	60.288	0	0	0	0	
1	[SLPS]	0	-160.732	117.458	0	60.357	0	0	0	0	
1	[SLPS]	0	-160.606	117.523	0	60.421	0	0	0	0	
1	[SLPS]	0	-160.606	117.523	0	60.421	0	0	0	0	
1	[SLPS]	0	-160.354	117.668	0	60.535	0	0	0	0	
1	[SLPS]	0	-160.354	117.668	0	60.535	0	0	0	0	
1	[SLPS]	0	-160.227	117.738	0	60.597	0	0	0	0	
1	[SLPS]	0	-160.102	117.811	0	60.663	0	0	0	0	
1	[SLPS]	0	-160.102	117.811	0	60.663	0	0	0	0	
1	[SLPS]	0	-159.849	117.956	0	60.808	0	0	0	0	
1	[SLPS]	0	-159.849	117.956	0	60.808	0	0	0	0	
1	[SLPS]	0	-159.718	118.030	0	60.871	0	0	0	0	
1	[SLPS]	0	-159.590	118.099	0	60.933	0	0	0	0	
1	[SLPS]	0	-159.590	118.099	0	60.933	0	0	0	0	
1	[SLPS]	0	-159.331	118.242	0	61.070	0	0	0	0	
1	[SLPS]	0	-159.331	118.242	0	61.070	0	0	0	0	
1	[SLPS]	0	-159.201	118.310	0	61.152	0	0	0	0	
1	[SLPS]	0	-159.072	118.383	0	61.223	0	0	0	0	
1	[SLPS]	0	-159.072	118.383	0	61.223	0	0	0	0	
1	[SLPS]	0	-158.817	118.519	0	61.363	0	0	0	0	
1	[SLPS]	0	-158.817	118.519	0	61.363	0	0	0	0	
1	[SLPS]	0	-158.695	118.596	0	61.442	0	0	0	0	
1	[SLPS]	0	-158.565	118.664	0	61.526	0	0	0	0	
1	[SLPS]	0	-158.565	118.664	0	61.526	0	0	0	0	
1	[SLPS]	0	-158.315	118.802	0	61.714	0	0	0	0	
1	[SLPS]	0	-158.315	118.802	0	61.714	0	0	0	0	
1	[SLPS]	0	-158.062	118.939	0	61.897	0	0	0	0	
1	[SLPS]	0	-158.062	118.939	0	61.897	0	0	0	0	
1	[SLPS]	0	-157.935	119.004	0	61.992	0	0	0	0	
1	[SLPS]	0	-157.811	119.071	0	62.093	0	0	0	0	
1	[SLPS]	0	-157.811	119.071	0	62.093	0	0	0	0	
1	[SLPS]	0	-157.683	119.135	0	62.186	0	0	0	0	
1	[SLPS]	0	-157.554	119.201	0	62.275	0	0	0	0	
1	[SLPS]	0	-157.426	119.263	0	62.360	0	0	0	0	
1	[SLPS]	0	-157.299	119.324	0	62.441	0	0	0	0	
1	[SLPS]	0	-157.299	119.324	0	62.441	0	0	0	0	
1	[SLPS]	0	-157.043	119.452	0	62.561	0	0	0	0	
1	[SLPS]	0	-157.043	119.452	0	62.561	0	0	0	0	
1	[SLPS]	0	-156.911	119.514	0	62.617	0	0	0	0	
1	[SLPS]	0	-156.790	119.574	0	62.679	0	0	0	0	
1	[SLPS]	0	-156.790	119.574	0	62.679	0	0	0	0	
1	[SLPS]	0	-156.542	119.693	0	62.842	0	0	0	0	
1	[SLPS]	0	-156.542	119.693	0	62.842	0	0	0	0	
1	[SLPS]	0	-156.419	119.756	0	62.913	0	0	0	0	
1	[SLPS]	0	-156.298	119.821	0	62.966	0	0	0	0	
1	[SLPS]	0	-156.298	119.821	0	62.966	0	0	0	0	
1	[SLPS]	0	-156.054	119.937	0	63.075	0	0	0	0	
1	[SLPS]	0	-156.054	119.937	0	63.075	0	0	0	0	
1	[SLPS]	0	-155.931	119.994	0	63.136	0	0	0	0	
1	[SLPS]	0	-155.816	120.054	0	63.203	0	0	0	0	
1	[SLPS]	0	-155.816	120.054	0	63.203	0	0	0	0	
1	[SLPS]	0	-155.580	120.172	0	63.346	0	0	0	0	
1	[SLPS]	0	-155.580	120.172	0	63.346	0	0	0	0	
1	[SLPS]	0	-155.463	120.232	0	63.400	0	0	0	0	
1	[SLPS]	0	-155.344	120.293	0	63.442	0	0	0	0	
1	[SLPS]	0	-155.344	120.293	0	63.442	0	0	0	0	
1	[SLPS]	0	-155.113	120.408	0	63.537	0	0	0	0	
1	[SLPS]	0	-155.113	120.408	0	63.537	0	0	0	0	
1	[SLPS]	0	-154.992	120.464	0	63.604	0	0	0	0	
1	[SLPS]	0	-154.876	120.519	0	63.665	0	0	0	0	
1	[SLPS]	0	-154.876	120.519	0	63.665	0	0	0	0	
1	[SLPS]	0	-154.650	120.628	0	63.784	0	0	0	0	
1	[SLPS]	0	-154.650	120.628	0	63.784	0	0	0	0	
1	[SLPS]	0	-154.536	120.681	0	63.840	0	0	0	0	
1	[SLPS]	0	-154.421	120.734	0	63.898	0	0	0	0	
1	[SLPS]	0	-154.421	120.734	0	63.898	0	0	0	0	
1	[SLPS]	0	-154.203	120.839	0	64.019	0	0	0	0	
