1	[SLPS]	0	-45.665	-83.065	0	321.684	0	0	0	0	
1	[SLPS]	0	-45.816	-82.870	0	321.703	0	0	0	0	
1	[SLPS]	0	-45.968	-82.680	0	321.710	0	0	0	0	
1	[SLPS]	0	-46.122	-82.485	0	321.709	0	0	0	0	
1	[SLPS]	0	-46.122	-82.485	0	321.709	0	0	0	0	
1	[SLPS]	0	-46.274	-82.292	0	321.707	0	0	0	0	
1	[SLPS]	0	-46.422	-82.099	0	321.713	0	0	0	0	
1	[SLPS]	0	-46.573	-81.912	0	321.716	0	0	0	0	
1	[SLPS]	0	-46.725	-81.723	0	321.713	0	0	0	0	
1	[SLPS]	0	-47.022	-81.340	0	321.713	0	0	0	0	
1	[SLPS]	0	-47.022	-81.340	0	321.713	0	0	0	0	
1	[SLPS]	0	-47.171	-81.152	0	321.707	0	0	0	0	
1	[SLPS]	0	-47.321	-80.963	0	321.707	0	0	0	0	
1	[SLPS]	0	-47.321	-80.963	0	321.707	0	0	0	0	
1	[SLPS]	0	-47.614	-80.579	0	321.714	0	0	0	0	
1	[SLPS]	0	-47.614	-80.579	0	321.714	0	0	0	0	
1	[SLPS]	0	-47.769	-80.389	0	321.706	0	0	0	0	
1	[SLPS]	0	-47.922	-80.200	0	321.701	0	0	0	0	
1	[SLPS]	0	-47.922	-80.200	0	321.701	0	0	0	0	
1	[SLPS]	0	-48.218	-79.822	0	321.699	0	0	0	0	
1	[SLPS]	0	-48.218	-79.822	0	321.699	0	0	0	0	
1	[SLPS]	0	-48.368	-79.632	0	321.688	0	0	0	0	
1	[SLPS]	0	-48.520	-79.445	0	321.686	0	0	0	0	
1	[SLPS]	0	-48.520	-79.445	0	321.686	0	0	0	0	
1	[SLPS]	0	-48.817	-79.062	0	321.687	0	0	0	0	
1	[SLPS]	0	-48.817	-79.062	0	321.687	0	0	0	0	
1	[SLPS]	0	-48.964	-78.870	0	321.690	0	0	0	0	
1	[SLPS]	0	-49.112	-78.679	0	321.689	0	0	0	0	
1	[SLPS]	0	-49.112	-78.679	0	321.689	0	0	0	0	
1	[SLPS]	0	-49.412	-78.302	0	321.677	0	0	0	0	
1	[SLPS]	0	-49.412	-78.302	0	321.677	0	0	0	0	
1	[SLPS]	0	-49.561	-78.110	0	321.675	0	0	0	0	
1	[SLPS]	0	-49.705	-77.926	0	321.668	0	0	0	0	
1	[SLPS]	0	-49.705	-77.926	0	321.668	0	0	0	0	
1	[SLPS]	0	-50.007	-77.542	0	321.666	0	0	0	0	
1	[SLPS]	0	-50.007	-77.542	0	321.666	0	0	0	0	
1	[SLPS]	0	-50.160	-77.349	0	321.663	0	0	0	0	
1	[SLPS]	0	-50.298	-77.169	0	321.661	0	0	0	0	
1	[SLPS]	0	-50.451	-76.975	0	321.660	0	0	0	0	
1	[SLPS]	0	-50.594	-76.792	0	321.665	0	0	0	0	
1	[SLPS]	0	-50.594	-76.792	0	321.665	0	0	0	0	
1	[SLPS]	0	-50.741	-76.601	0	321.671	0	0	0	0	
1	[SLPS]	0	-50.886	-76.417	0	321.668	0	0	0	0	
1	[SLPS]	0	-50.886	-76.417	0	321.668	0	0	0	0	
1	[SLPS]	0	-51.185	-76.054	0	321.645	0	0	0	0	
1	[SLPS]	0	-51.185	-76.054	0	321.645	0	0	0	0	
1	[SLPS]	0	-51.333	-75.865	0	321.638	0	0	0	0	
1	[SLPS]	0	-51.478	-75.677	0	321.651	0	0	0	0	
1	[SLPS]	0	-51.626	-75.492	0	321.654	0	0	0	0	
1	[SLPS]	0	-51.771	-75.307	0	321.653	0	0	0	0	
1	[SLPS]	0	-51.771	-75.307	0	321.653	0	0	0	0	
1	[SLPS]	0	-52.049	-74.944	0	321.653	0	0	0	0	
1	[SLPS]	0	-52.049	-74.944	0	321.653	0	0	0	0	
1	[SLPS]	0	-52.198	-74.755	0	321.650	0	0	0	0	
1	[SLPS]	0	-52.341	-74.564	0	321.659	0	0	0	0	
1	[SLPS]	0	-52.341	-74.564	0	321.659	0	0	0	0	
1	[SLPS]	0	-52.636	-74.201	0	321.656	0	0	0	0	
1	[SLPS]	0	-52.636	-74.201	0	321.656	0	0	0	0	
1	[SLPS]	0	-52.790	-74.012	0	321.657	0	0	0	0	
1	[SLPS]	0	-52.934	-73.835	0	321.658	0	0	0	0	
1	[SLPS]	0	-52.934	-73.835	0	321.658	0	0	0	0	
1	[SLPS]	0	-53.206	-73.474	0	321.653	0	0	0	0	
1	[SLPS]	0	-53.206	-73.474	0	321.653	0	0	0	0	
1	[SLPS]	0	-53.344	-73.287	0	321.662	0	0	0	0	
1	[SLPS]	0	-53.484	-73.106	0	321.670	0	0	0	0	
1	[SLPS]	0	-53.484	-73.106	0	321.670	0	0	0	0	
1	[SLPS]	0	-53.767	-72.752	0	321.703	0	0	0	0	
1	[SLPS]	0	-53.767	-72.752	0	321.703	0	0	0	0	
1	[SLPS]	0	-53.912	-72.576	0	321.716	0	0	0	0	
1	[SLPS]	0	-54.049	-72.404	0	321.700	0	0	0	0	
1	[SLPS]	0	-54.049	-72.404	0	321.700	0	0	0	0	
1	[SLPS]	0	-54.338	-72.046	0	321.673	0	0	0	0	
1	[SLPS]	0	-54.338	-72.046	0	321.673	0	0	0	0	
1	[SLPS]	0	-54.614	-71.692	0	321.736	0	0	0	0	
1	[SLPS]	0	-54.614	-71.692	0	321.736	0	0	0	0	
1	[SLPS]	0	-54.756	-71.524	0	321.763	0	0	0	0	
1	[SLPS]	0	-54.887	-71.351	0	321.793	0	0	0	0	
1	[SLPS]	0	-54.887	-71.351	0	321.793	0	0	0	0	
1	[SLPS]	0	-55.150	-71.003	0	321.834	0	0	0	0	
1	[SLPS]	0	-55.150	-71.003	0	321.834	0	0	0	0	
1	[SLPS]	0	-55.280	-70.839	0	321.870	0	0	0	0	
1	[SLPS]	0	-55.404	-70.677	0	321.911	0	0	0	0	
1	[SLPS]	0	-55.404	-70.677	0	321.911	0	0	0	0	
1	[SLPS]	0	-55.670	-70.362	0	321.972	0	0	0	0	
1	[SLPS]	0	-55.670	-70.362	0	321.972	0	0	0	0	
1	[SLPS]	0	-55.796	-70.204	0	322.020	0	0	0	0	
1	[SLPS]	0	-55.923	-70.060	0	322.040	0	0	0	0	
1	[SLPS]	0	-55.923	-70.060	0	322.040	0	0	0	0	
1	[SLPS]	0	-56.166	-69.750	0	322.103	0	0	0	0	
1	[SLPS]	0	-56.166	-69.750	0	322.103	0	0	0	0	
1	[SLPS]	0	-56.280	-69.599	0	322.140	0	0	0	0	
1	[SLPS]	0	-56.391	-69.452	0	322.176	0	0	0	0	
1	[SLPS]	0	-56.391	-69.452	0	322.176	0	0	0	0	
1	[SLPS]	0	-56.607	-69.155	0	322.246	0	0	0	0	
1	[SLPS]	0	-56.607	-69.155	0	322.246	0	0	0	0	
1	[SLPS]	0	-56.712	-69.016	0	322.272	0	0	0	0	
1	[SLPS]	0	-56.815	-68.878	0	322.302	0	0	0	0	
1	[SLPS]	0	-56.915	-68.748	0	322.327	0	0	0	0	
1	[SLPS]	0	-57.019	-68.612	0	322.354	0	0	0	0	
1	[SLPS]	0	-57.019	-68.612	0	322.354	0	0	0	0	
1	[SLPS]	0	-57.207	-68.348	0	322.416	0	0	0	0	
1	[SLPS]	0	-57.207	-68.348	0	322.416	0	0	0	0	
1	[SLPS]	0	-57.301	-68.224	0	322.441	0	0	0	0	
1	[SLPS]	0	-57.397	-68.109	0	322.453	0	0	0	0	
1	[SLPS]	0	-57.397	-68.109	0	322.453	0	0	0	0	
1	[SLPS]	0	-57.577	-67.863	0	322.487	0	0	0	0	
1	[SLPS]	0	-57.577	-67.863	0	322.487	0	0	0	0	
1	[SLPS]	0	-57.667	-67.748	0	322.492	0	0	0	0	
1	[SLPS]	0	-57.754	-67.632	0	322.497	0	0	0	0	
1	[SLPS]	0	-57.754	-67.632	0	322.497	0	0	0	0	
1	[SLPS]	0	-57.923	-67.410	0	322.490	0	0	0	0	
1	[SLPS]	0	-57.923	-67.410	0	322.490	0	0	0	0	
1	[SLPS]	0	-57.999	-67.302	0	322.482	0	0	0	0	
1	[SLPS]	0	-58.078	-67.197	0	322.469	0	0	0	0	
1	[SLPS]	0	-58.078	-67.197	0	322.469	0	0	0	0	
1	[SLPS]	0	-58.240	-66.998	0	322.441	0	0	0	0	
1	[SLPS]	0	-58.240	-66.998	0	322.441	0	0	0	0	
1	[SLPS]	0	-58.313	-66.900	0	322.427	0	0	0	0	
1	[SLPS]	0	-58.382	-66.807	0	322.405	0	0	0	0	
1	[SLPS]	0	-58.382	-66.807	0	322.405	0	0	0	0	
1	[SLPS]	0	-58.524	-66.625	0	322.348	0	0	0	0	
1	[SLPS]	0	-58.524	-66.625	0	322.348	0	0	0	0	
1	[SLPS]	0	-58.589	-66.540	0	322.323	0	0	0	0	
1	[SLPS]	0	-58.650	-66.452	0	322.310	0	0	0	0	
1	[SLPS]	0	-58.650	-66.452	0	322.310	0	0	0	0	
1	[SLPS]	0	-58.781	-66.299	0	322.268	0	0	0	0	
1	[SLPS]	0	-58.781	-66.299	0	322.268	0	0	0	0	
1	[SLPS]	0	-58.840	-66.219	0	322.246	0	0	0	0	
1	[SLPS]	0	-58.899	-66.137	0	322.227	0	0	0	0	
1	[SLPS]	0	-58.899	-66.137	0	322.227	0	0	0	0	
1	[SLPS]	0	-59.005	-65.997	0	322.195	0	0	0	0	
1	[SLPS]	0	-59.005	-65.997	0	322.195	0	0	0	0	
1	[SLPS]	0	-59.056	-65.926	0	322.184	0	0	0	0	
1	[SLPS]	0	-59.105	-65.865	0	322.174	0	0	0	0	
1	[SLPS]	0	-59.105	-65.865	0	322.174	0	0	0	0	
1	[SLPS]	0	-59.195	-65.744	0	322.137	0	0	0	0	
1	[SLPS]	0	-59.195	-65.744	0	322.137	0	0	0	0	
1	[SLPS]	0	-59.239	-65.689	0	322.112	0	0	0	0	
1	[SLPS]	0	-59.280	-65.633	0	322.093	0	0	0	0	
1	[SLPS]	0	-59.316	-65.580	0	322.088	0	0	0	0	
1	[SLPS]	0	-59.354	-65.535	0	322.084	0	0	0	0	
1	[SLPS]	0	-59.354	-65.535	0	322.084	0	0	0	0	
1	[SLPS]	0	-59.425	-65.440	0	322.077	0	0	0	0	
1	[SLPS]	0	-59.425	-65.440	0	322.077	0	0	0	0	
1	[SLPS]	0	-59.461	-65.395	0	322.076	0	0	0	0	
1	[SLPS]	0	-59.486	-65.360	0	322.076	0	0	0	0	
1	[SLPS]	0	-59.486	-65.360	0	322.076	0	0	0	0	
1	[SLPS]	0	-59.546	-65.288	0	322.075	0	0	0	0	
1	[SLPS]	0	-59.546	-65.288	0	322.075	0	0	0	0	
1	[SLPS]	0	-59.574	-65.254	0	322.073	0	0	0	0	
1	[SLPS]	0	-59.596	-65.221	0	322.069	0	0	0	0	
1	[SLPS]	0	-59.596	-65.221	0	322.069	0	0	0	0	
1	[SLPS]	0	-59.644	-65.159	0	322.060	0	0	0	0	
1	[SLPS]	0	-59.644	-65.159	0	322.060	0	0	0	0	
1	[SLPS]	0	-59.667	-65.135	0	322.059	0	0	0	0	
1	[SLPS]	0	-59.685	-65.107	0	322.060	0	0	0	0	
1	[SLPS]	0	-59.685	-65.107	0	322.060	0	0	0	0	
1	[SLPS]	0	-59.716	-65.064	0	322.060	0	0	0	0	
1	[SLPS]	0	-59.716	-65.064	0	322.060	0	0	0	0	
1	[SLPS]	0	-59.733	-65.041	0	322.059	0	0	0	0	
1	[SLPS]	0	-59.746	-65.026	0	322.060	0	0	0	0	
1	[SLPS]	0	-59.746	-65.026	0	322.060	0	0	0	0	
1	[SLPS]	0	-59.766	-65.004	0	322.058	0	0	0	0	
1	[SLPS]	0	-59.766	-65.004	0	322.058	0	0	0	0	
1	[SLPS]	0	-59.774	-64.989	0	322.058	0	0	0	0	
1	[SLPS]	0	-59.785	-64.983	0	322.058	0	0	0	0	
1	[SLPS]	0	-59.785	-64.983	0	322.058	0	0	0	0	
1	[SLPS]	0	-59.802	-64.971	0	322.057	0	0	0	0	
1	[SLPS]	0	-59.802	-64.971	0	322.057	0	0	0	0	
1	[SLPS]	0	-59.801	-64.965	0	322.055	0	0	0	0	
1	[SLPS]	0	-59.803	-64.963	0	322.056	0	0	0	0	
1	[SLPS]	0	-59.803	-64.963	0	322.056	0	0	0	0	
1	[SLPS]	0	-59.801	-64.963	0	322.055	0	0	0	0	
1	[SLPS]	0	-59.801	-64.963	0	322.055	0	0	0	0	
1	[SLPS]	0	-59.801	-64.960	0	322.056	0	0	0	0	
1	[SLPS]	0	-59.797	-64.959	0	322.054	0	0	0	0	
1	[SLPS]	0	-59.797	-64.959	0	322.054	0	0	0	0	
1	[SLPS]	0	-59.796	-64.959	0	322.055	0	0	0	0	
1	[SLPS]	0	-59.796	-64.959	0	322.055	0	0	0	0	
1	[SLPS]	0	-59.797	-64.958	0	322.054	0	0	0	0	
1	[SLPS]	0	-59.795	-64.956	0	322.055	0	0	0	0	
1	[SLPS]	0	-59.795	-64.956	0	322.055	0	0	0	0	
1	[SLPS]	0	-59.797	-64.955	0	322.055	0	0	0	0	
1	[SLPS]	0	-59.797	-64.955	0	322.055	0	0	0	0	
1	[SLPS]	0	-59.798	-64.955	0	322.056	0	0	0	0	
1	[SLPS]	0	-59.802	-64.950	0	322.055	0	0	0	0	
1	[SLPS]	0	-59.802	-64.950	0	322.055	0	0	0	0	
1	[SLPS]	0	-59.805	-64.943	0	322.057	0	0	0	0	
1	[SLPS]	0	-59.805	-64.943	0	322.057	0	0	0	0	
1	[SLPS]	0	-59.807	-64.939	0	322.058	0	0	0	0	
1	[SLPS]	0	-59.813	-64.933	0	322.059	0	0	0	0	
1	[SLPS]	0	-59.813	-64.933	0	322.059	0	0	0	0	
1	[SLPS]	0	-59.829	-64.914	0	322.058	0	0	0	0	
1	[SLPS]	0	-59.829	-64.914	0	322.058	0	0	0	0	
1	[SLPS]	0	-59.835	-64.905	0	322.059	0	0	0	0	
1	[SLPS]	0	-59.845	-64.894	0	322.058	0	0	0	0	
1	[SLPS]	0	-59.856	-64.879	0	322.059	0	0	0	0	
1	[SLPS]	0	-59.864	-64.866	0	322.058	0	0	0	0	
1	[SLPS]	0	-59.864	-64.866	0	322.058	0	0	0	0	
1	[SLPS]	0	-59.881	-64.844	0	322.058	0	0	0	0	
1	[SLPS]	0	-59.881	-64.844	0	322.058	0	0	0	0	
1	[SLPS]	0	-59.881	-64.844	0	322.058	0	0	0	0	
1	[SLPS]	0	-59.903	-64.817	0	322.060	0	0	0	0	
1	[SLPS]	0	-59.903	-64.817	0	322.060	0	0	0	0	
1	[SLPS]	0	-59.909	-64.810	0	322.060	0	0	0	0	
1	[SLPS]	0	-59.915	-64.805	0	322.057	0	0	0	0	
1	[SLPS]	0	-59.919	-64.800	0	322.056	0	0	0	0	
1	[SLPS]	0	-59.921	-64.799	0	322.055	0	0	0	0	
1	[SLPS]	0	-59.921	-64.799	0	322.055	0	0	0	0	
1	[SLPS]	0	-59.919	-64.801	0	322.054	0	0	0	0	
1	[SLPS]	0	-59.916	-64.804	0	322.053	0	0	0	0	
1	[SLPS]	0	-59.916	-64.804	0	322.053	0	0	0	0	
1	[SLPS]	0	-59.908	-64.817	0	322.051	0	0	0	0	
1	[SLPS]	0	-59.908	-64.817	0	322.051	0	0	0	0	
1	[SLPS]	0	-59.904	-64.824	0	322.048	0	0	0	0	
1	[SLPS]	0	-59.901	-64.830	0	322.046	0	0	0	0	
1	[SLPS]	0	-59.901	-64.830	0	322.046	0	0	0	0	
1	[SLPS]	0	-59.891	-64.837	0	322.049	0	0	0	0	
1	[SLPS]	0	-59.891	-64.837	0	322.049	0	0	0	0	
1	[SLPS]	0	-59.888	-64.842	0	322.051	0	0	0	0	
1	[SLPS]	0	-59.888	-64.843	0	322.052	0	0	0	0	
1	[SLPS]	0	-59.888	-64.842	0	322.048	0	0	0	0	
1	[SLPS]	0	-59.887	-64.840	0	322.049	0	0	0	0	
1	[SLPS]	0	-59.887	-64.840	0	322.049	0	0	0	0	
1	[SLPS]	0	-59.888	-64.839	0	322.050	0	0	0	0	
1	[SLPS]	0	-59.891	-64.837	0	322.052	0	0	0	0	
1	[SLPS]	0	-59.892	-64.833	0	322.054	0	0	0	0	
1	[SLPS]	0	-59.894	-64.833	0	322.054	0	0	0	0	
1	[SLPS]	0	-59.894	-64.833	0	322.054	0	0	0	0	
1	[SLPS]	0	-59.896	-64.829	0	322.053	0	0	0	0	
1	[SLPS]	0	-59.896	-64.829	0	322.053	0	0	0	0	
1	[SLPS]	0	-59.898	-64.829	0	322.053	0	0	0	0	
1	[SLPS]	0	-59.899	-64.833	0	322.052	0	0	0	0	
1	[SLPS]	0	-59.899	-64.833	0	322.052	0	0	0	0	
1	[SLPS]	0	-59.902	-64.831	0	322.051	0	0	0	0	
1	[SLPS]	0	-59.902	-64.831	0	322.051	0	0	0	0	
1	[SLPS]	0	-59.899	-64.834	0	322.050	0	0	0	0	
1	[SLPS]	0	-59.898	-64.836	0	322.048	0	0	0	0	
1	[SLPS]	0	-59.898	-64.836	0	322.048	0	0	0	0	
1	[SLPS]	0	-59.897	-64.836	0	322.048	0	0	0	0	
1	[SLPS]	0	-59.897	-64.836	0	322.048	0	0	0	0	
1	[SLPS]	0	-59.897	-64.837	0	322.048	0	0	0	0	
1	[SLPS]	0	-59.895	-64.835	0	322.047	0	0	0	0	
1	[SLPS]	0	-59.895	-64.835	0	322.047	0	0	0	0	
1	[SLPS]	0	-59.895	-64.836	0	322.049	0	0	0	0	
1	[SLPS]	0	-59.895	-64.836	0	322.049	0	0	0	0	
1	[SLPS]	0	-59.893	-64.836	0	322.047	0	0	0	0	
1	[SLPS]	0	-59.889	-64.835	0	322.050	0	0	0	0	
1	[SLPS]	0	-59.890	-64.837	0	322.047	0	0	0	0	
1	[SLPS]	0	-59.890	-64.837	0	322.049	0	0	0	0	
1	[SLPS]	0	-59.890	-64.837	0	322.049	0	0	0	0	
1	[SLPS]	0	-59.891	-64.835	0	322.050	0	0	0	0	
1	[SLPS]	0	-59.891	-64.835	0	322.050	0	0	0	0	
1	[SLPS]	0	-59.892	-64.836	0	322.049	0	0	0	0	
1	[SLPS]	0	-59.892	-64.834	0	322.051	0	0	0	0	
1	[SLPS]	0	-59.892	-64.834	0	322.051	0	0	0	0	
1	[SLPS]	0	-59.891	-64.836	0	322.049	0	0	0	0	
1	[SLPS]	0	-59.891	-64.836	0	322.049	0	0	0	0	
1	[SLPS]	0	-59.893	-64.837	0	322.050	0	0	0	0	
1	[SLPS]	0	-59.893	-64.837	0	322.049	0	0	0	0	
1	[SLPS]	0	-59.893	-64.837	0	322.049	0	0	0	0	
1	[SLPS]	0	-59.893	-64.837	0	322.050	0	0	0	0	
1	[SLPS]	0	-59.893	-64.837	0	322.050	0	0	0	0	
1	[SLPS]	0	-59.893	-64.839	0	322.049	0	0	0	0	
1	[SLPS]	0	-59.892	-64.837	0	322.049	0	0	0	0	
1	[SLPS]	0	-59.892	-64.837	0	322.049	0	0	0	0	
1	[SLPS]	0	-59.893	-64.839	0	322.050	0	0	0	0	
1	[SLPS]	0	-59.893	-64.839	0	322.050	0	0	0	0	
1	[SLPS]	0	-59.894	-64.838	0	322.050	0	0	0	0	
1	[SLPS]	0	-59.893	-64.837	0	322.049	0	0	0	0	
1	[SLPS]	0	-59.891	-64.838	0	322.049	0	0	0	0	
1	[SLPS]	0	-59.891	-64.839	0	322.050	0	0	0	0	
1	[SLPS]	0	-59.891	-64.839	0	322.050	0	0	0	0	
1	[SLPS]	0	-59.891	-64.838	0	322.049	0	0	0	0	
1	[SLPS]	0	-59.891	-64.838	0	322.049	0	0	0	0	
1	[SLPS]	0	-59.891	-64.837	0	322.048	0	0	0	0	
1	[SLPS]	0	-59.892	-64.839	0	322.048	0	0	0	0	
1	[SLPS]	0	-59.892	-64.839	0	322.048	0	0	0	0	
1	[SLPS]	0	-59.891	-64.838	0	322.052	0	0	0	0	
1	[SLPS]	0	-59.891	-64.838	0	322.052	0	0	0	0	
1	[SLPS]	0	-59.889	-64.837	0	322.052	0	0	0	0	
1	[SLPS]	0	-59.888	-64.837	0	322.053	0	0	0	0	
1	[SLPS]	0	-59.888	-64.837	0	322.053	0	0	0	0	
1	[SLPS]	0	-59.889	-64.837	0	322.052	0	0	0	0	
1	[SLPS]	0	-59.889	-64.837	0	322.052	0	0	0	0	
1	[SLPS]	0	-59.890	-64.837	0	322.050	0	0	0	0	
1	[SLPS]	0	-59.890	-64.837	0	322.049	0	0	0	0	
1	[SLPS]	0	-59.890	-64.837	0	322.049	0	0	0	0	
1	[SLPS]	0	-59.891	-64.839	0	322.048	0	0	0	0	
1	[SLPS]	0	-59.891	-64.839	0	322.048	0	0	0	0	
1	[SLPS]	0	-59.890	-64.839	0	322.047	0	0	0	0	
1	[SLPS]	0	-59.890	-64.840	0	322.048	0	0	0	0	
1	[SLPS]	0	-59.890	-64.840	0	322.048	0	0	0	0	
1	[SLPS]	0	-59.891	-64.838	0	322.050	0	0	0	0	
1	[SLPS]	0	-59.891	-64.838	0	322.050	0	0	0	0	
1	[SLPS]	0	-59.890	-64.841	0	322.050	0	0	0	0	
1	[SLPS]	0	-59.891	-64.840	0	322.049	0	0	0	0	
1	[SLPS]	0	-59.891	-64.840	0	322.049	0	0	0	0	
1	[SLPS]	0	-59.890	-64.841	0	322.051	0	0	0	0	
1	[SLPS]	0	-59.890	-64.841	0	322.051	0	0	0	0	
1	[SLPS]	0	-59.890	-64.840	0	322.053	0	0	0	0	
1	[SLPS]	0	-59.890	-64.838	0	322.054	0	0	0	0	
1	[SLPS]	0	-59.890	-64.838	0	322.054	0	0	0	0	
1	[SLPS]	0	-59.890	-64.839	0	322.056	0	0	0	0	
1	[SLPS]	0	-59.890	-64.839	0	322.056	0	0	0	0	
1	[SLPS]	0	-59.889	-64.838	0	322.055	0	0	0	0	
1	[SLPS]	0	-59.888	-64.839	0	322.053	0	0	0	0	
1	[SLPS]	0	-59.888	-64.839	0	322.053	0	0	0	0	
1	[SLPS]	0	-59.889	-64.841	0	322.053	0	0	0	0	
1	[SLPS]	0	-59.889	-64.841	0	322.053	0	0	0	0	
1	[SLPS]	0	-59.888	-64.840	0	322.054	0	0	0	0	
1	[SLPS]	0	-59.888	-64.839	0	322.053	0	0	0	0	
1	[SLPS]	0	-59.887	-64.838	0	322.054	0	0	0	0	
1	[SLPS]	0	-59.888	-64.839	0	322.056	0	0	0	0	
1	[SLPS]	0	-59.888	-64.839	0	322.056	0	0	0	0	
1	[SLPS]	0	-59.887	-64.835	0	322.059	0	0	0	0	
1	[SLPS]	0	-59.887	-64.835	0	322.059	0	0	0	0	
1	[SLPS]	0	-59.888	-64.837	0	322.059	0	0	0	0	
1	[SLPS]	0	-59.888	-64.839	0	322.059	0	0	0	0	
1	[SLPS]	0	-59.888	-64.839	0	322.059	0	0	0	0	
1	[SLPS]	0	-59.889	-64.840	0	322.064	0	0	0	0	
1	[SLPS]	0	-59.889	-64.840	0	322.064	0	0	0	0	
1	[SLPS]	0	-59.890	-64.841	0	322.066	0	0	0	0	
1	[SLPS]	0	-59.889	-64.841	0	322.067	0	0	0	0	
1	[SLPS]	0	-59.889	-64.841	0	322.067	0	0	0	0	
1	[SLPS]	0	-59.889	-64.842	0	322.067	0	0	0	0	
1	[SLPS]	0	-59.889	-64.842	0	322.067	0	0	0	0	
1	[SLPS]	0	-59.889	-64.842	0	322.066	0	0	0	0	
1	[SLPS]	0	-59.888	-64.840	0	322.068	0	0	0	0	
1	[SLPS]	0	-59.888	-64.840	0	322.068	0	0	0	0	
1	[SLPS]	0	-59.890	-64.842	0	322.066	0	0	0	0	
1	[SLPS]	0	-59.890	-64.842	0	322.066	0	0	0	0	
1	[SLPS]	0	-59.888	-64.841	0	322.064	0	0	0	0	
1	[SLPS]	0	-59.887	-64.840	0	322.064	0	0	0	0	
1	[SLPS]	0	-59.887	-64.840	0	322.064	0	0	0	0	
1	[SLPS]	0	-59.888	-64.840	0	322.067	0	0	0	0	
1	[SLPS]	0	-59.888	-64.840	0	322.067	0	0	0	0	
1	[SLPS]	0	-59.887	-64.839	0	322.067	0	0	0	0	
1	[SLPS]	0	-59.887	-64.841	0	322.067	0	0	0	0	
1	[SLPS]	0	-59.890	-64.841	0	322.067	0	0	0	0	
1	[SLPS]	0	-59.888	-64.842	0	322.067	0	0	0	0	
1	[SLPS]	0	-59.888	-64.842	0	322.067	0	0	0	0	
1	[SLPS]	0	-59.888	-64.839	0	322.064	0	0	0	0	
1	[SLPS]	0	-59.888	-64.839	0	322.064	0	0	0	0	
1	[SLPS]	0	-59.890	-64.841	0	322.066	0	0	0	0	
1	[SLPS]	0	-59.889	-64.841	0	322.068	0	0	0	0	
1	[SLPS]	0	-59.889	-64.841	0	322.068	0	0	0	0	
1	[SLPS]	0	-59.892	-64.841	0	322.071	0	0	0	0	
1	[SLPS]	0	-59.892	-64.841	0	322.071	0	0	0	0	
1	[SLPS]	0	-59.890	-64.841	0	322.071	0	0	0	0	
1	[SLPS]	0	-59.890	-64.839	0	322.071	0	0	0	0	
1	[SLPS]	0	-59.890	-64.839	0	322.071	0	0	0	0	
1	[SLPS]	0	-59.889	-64.840	0	322.072	0	0	0	0	
1	[SLPS]	0	-59.889	-64.840	0	322.072	0	0	0	0	
1	[SLPS]	0	-59.887	-64.840	0	322.077	0	0	0	0	
1	[SLPS]	0	-59.886	-64.838	0	322.077	0	0	0	0	
1	[SLPS]	0	-59.886	-64.838	0	322.077	0	0	0	0	
1	[SLPS]	0	-59.883	-64.839	0	322.078	0	0	0	0	
1	[SLPS]	0	-59.883	-64.839	0	322.078	0	0	0	0	
1	[SLPS]	0	-59.883	-64.840	0	322.077	0	0	0	0	
1	[SLPS]	0	-59.882	-64.840	0	322.077	0	0	0	0	
1	[SLPS]	0	-59.882	-64.840	0	322.077	0	0	0	0	
1	[SLPS]	0	-59.883	-64.840	0	322.079	0	0	0	0	
1	[SLPS]	0	-59.883	-64.840	0	322.079	0	0	0	0	
1	[SLPS]	0	-59.884	-64.840	0	322.081	0	0	0	0	
1	[SLPS]	0	-59.884	-64.840	0	322.082	0	0	0	0	
1	[SLPS]	0	-59.884	-64.840	0	322.082	0	0	0	0	
1	[SLPS]	0	-59.883	-64.840	0	322.080	0	0	0	0	
1	[SLPS]	0	-59.883	-64.840	0	322.080	0	0	0	0	
1	[SLPS]	0	-59.885	-64.839	0	322.081	0	0	0	0	
1	[SLPS]	0	-59.884	-64.841	0	322.080	0	0	0	0	
1	[SLPS]	0	-59.883	-64.842	0	322.080	0	0	0	0	
1	[SLPS]	0	-59.885	-64.841	0	322.083	0	0	0	0	
1	[SLPS]	0	-59.885	-64.841	0	322.083	0	0	0	0	
1	[SLPS]	0	-59.885	-64.840	0	322.079	0	0	0	0	
1	[SLPS]	0	-59.885	-64.840	0	322.079	0	0	0	0	
1	[SLPS]	0	-59.886	-64.839	0	322.077	0	0	0	0	
1	[SLPS]	0	-59.887	-64.839	0	322.077	0	0	0	0	
1	[SLPS]	0	-59.887	-64.839	0	322.077	0	0	0	0	
1	[SLPS]	0	-59.885	-64.840	0	322.077	0	0	0	0	
1	[SLPS]	0	-59.885	-64.840	0	322.077	0	0	0	0	
1	[SLPS]	0	-59.885	-64.838	0	322.077	0	0	0	0	
1	[SLPS]	0	-59.886	-64.840	0	322.076	0	0	0	0	
1	[SLPS]	0	-59.886	-64.840	0	322.076	0	0	0	0	
1	[SLPS]	0	-59.886	-64.841	0	322.074	0	0	0	0	
1	[SLPS]	0	-59.886	-64.841	0	322.074	0	0	0	0	
1	[SLPS]	0	-59.887	-64.841	0	322.075	0	0	0	0	
1	[SLPS]	0	-59.887	-64.842	0	322.073	0	0	0	0	
1	[SLPS]	0	-59.887	-64.842	0	322.073	0	0	0	0	
1	[SLPS]	0	-59.886	-64.842	0	322.075	0	0	0	0	
1	[SLPS]	0	-59.886	-64.842	0	322.075	0	0	0	0	
1	[SLPS]	0	-59.888	-64.843	0	322.075	0	0	0	0	
1	[SLPS]	0	-59.890	-64.842	0	322.073	0	0	0	0	
1	[SLPS]	0	-59.890	-64.842	0	322.073	0	0	0	0	
1	[SLPS]	0	-59.887	-64.841	0	322.074	0	0	0	0	
1	[SLPS]	0	-59.887	-64.841	0	322.074	0	0	0	0	
1	[SLPS]	0	-59.887	-64.842	0	322.076	0	0	0	0	
1	[SLPS]	0	-59.885	-64.841	0	322.078	0	0	0	0	
1	[SLPS]	0	-59.885	-64.841	0	322.078	0	0	0	0	
1	[SLPS]	0	-59.885	-64.840	0	322.079	0	0	0	0	
1	[SLPS]	0	-59.885	-64.840	0	322.079	0	0	0	0	
1	[SLPS]	0	-59.885	-64.842	0	322.077	0	0	0	0	
1	[SLPS]	0	-59.885	-64.841	0	322.077	0	0	0	0	
1	[SLPS]	0	-59.885	-64.841	0	322.076	0	0	0	0	
1	[SLPS]	0	-59.891	-64.842	0	322.079	0	0	0	0	
1	[SLPS]	0	-59.891	-64.842	0	322.079	0	0	0	0	
1	[SLPS]	0	-59.890	-64.841	0	322.076	0	0	0	0	
1	[SLPS]	0	-59.890	-64.841	0	322.076	0	0	0	0	
1	[SLPS]	0	-59.893	-64.843	0	322.076	0	0	0	0	
1	[SLPS]	0	-59.893	-64.844	0	322.076	0	0	0	0	
1	[SLPS]	0	-59.893	-64.844	0	322.076	0	0	0	0	
1	[SLPS]	0	-59.891	-64.841	0	322.074	0	0	0	0	
1	[SLPS]	0	-59.891	-64.841	0	322.074	0	0	0	0	
1	[SLPS]	0	-59.892	-64.842	0	322.073	0	0	0	0	
1	[SLPS]	0	-59.892	-64.842	0	322.075	0	0	0	0	
1	[SLPS]	0	-59.892	-64.842	0	322.075	0	0	0	0	
1	[SLPS]	0	-59.893	-64.843	0	322.076	0	0	0	0	
1	[SLPS]	0	-59.893	-64.843	0	322.076	0	0	0	0	
1	[SLPS]	0	-59.892	-64.843	0	322.076	0	0	0	0	
1	[SLPS]	0	-59.891	-64.844	0	322.077	0	0	0	0	
1	[SLPS]	0	-59.891	-64.844	0	322.077	0	0	0	0	
1	[SLPS]	0	-59.890	-64.842	0	322.076	0	0	0	0	
1	[SLPS]	0	-59.890	-64.842	0	322.076	0	0	0	0	
1	[SLPS]	0	-59.891	-64.843	0	322.079	0	0	0	0	
1	[SLPS]	0	-59.891	-64.842	0	322.080	0	0	0	0	
1	[SLPS]	0	-59.891	-64.842	0	322.080	0	0	0	0	
1	[SLPS]	0	-59.892	-64.843	0	322.077	0	0	0	0	
1	[SLPS]	0	-59.892	-64.843	0	322.077	0	0	0	0	
1	[SLPS]	0	-59.890	-64.844	0	322.078	0	0	0	0	
1	[SLPS]	0	-59.888	-64.843	0	322.079	0	0	0	0	
1	[SLPS]	0	-59.890	-64.844	0	322.079	0	0	0	0	
1	[SLPS]	0	-59.887	-64.844	0	322.081	0	0	0	0	
1	[SLPS]	0	-59.887	-64.844	0	322.081	0	0	0	0	
1	[SLPS]	0	-59.885	-64.843	0	322.082	0	0	0	0	
1	[SLPS]	0	-59.885	-64.843	0	322.082	0	0	0	0	
1	[SLPS]	0	-59.888	-64.845	0	322.080	0	0	0	0	
1	[SLPS]	0	-59.888	-64.845	0	322.080	0	0	0	0	
1	[SLPS]	0	-59.888	-64.845	0	322.080	0	0	0	0	
1	[SLPS]	0	-59.885	-64.845	0	322.079	0	0	0	0	
1	[SLPS]	0	-59.885	-64.845	0	322.079	0	0	0	0	
1	[SLPS]	0	-59.886	-64.845	0	322.078	0	0	0	0	
1	[SLPS]	0	-59.887	-64.845	0	322.079	0	0	0	0	
1	[SLPS]	0	-59.887	-64.845	0	322.079	0	0	0	0	
1	[SLPS]	0	-59.887	-64.844	0	322.078	0	0	0	0	
1	[SLPS]	0	-59.887	-64.844	0	322.078	0	0	0	0	
1	[SLPS]	0	-59.887	-64.843	0	322.078	0	0	0	0	
1	[SLPS]	0	-59.886	-64.843	0	322.078	0	0	0	0	
1	[SLPS]	0	-59.886	-64.843	0	322.078	0	0	0	0	
1	[SLPS]	0	-59.888	-64.845	0	322.083	0	0	0	0	
1	[SLPS]	0	-59.888	-64.845	0	322.083	0	0	0	0	
1	[SLPS]	0	-59.890	-64.842	0	322.080	0	0	0	0	
1	[SLPS]	0	-59.890	-64.844	0	322.079	0	0	0	0	
1	[SLPS]	0	-59.890	-64.844	0	322.079	0	0	0	0	
1	[SLPS]	0	-59.892	-64.844	0	322.081	0	0	0	0	
1	[SLPS]	0	-59.892	-64.844	0	322.081	0	0	0	0	
1	[SLPS]	0	-59.891	-64.847	0	322.080	0	0	0	0	
1	[SLPS]	0	-59.890	-64.846	0	322.080	0	0	0	0	
1	[SLPS]	0	-59.890	-64.846	0	322.080	0	0	0	0	
1	[SLPS]	0	-59.890	-64.847	0	322.081	0	0	0	0	
1	[SLPS]	0	-59.890	-64.847	0	322.081	0	0	0	0	
1	[SLPS]	0	-59.890	-64.848	0	322.079	0	0	0	0	
1	[SLPS]	0	-59.892	-64.848	0	322.082	0	0	0	0	
1	[SLPS]	0	-59.892	-64.848	0	322.082	0	0	0	0	
1	[SLPS]	0	-59.891	-64.848	0	322.083	0	0	0	0	
1	[SLPS]	0	-59.891	-64.848	0	322.083	0	0	0	0	
1	[SLPS]	0	-59.888	-64.849	0	322.083	0	0	0	0	
1	[SLPS]	0	-59.889	-64.849	0	322.081	0	0	0	0	
1	[SLPS]	0	-59.889	-64.848	0	322.081	0	0	0	0	
1	[SLPS]	0	-59.891	-64.848	0	322.083	0	0	0	0	
1	[SLPS]	0	-59.891	-64.848	0	322.083	0	0	0	0	
1	[SLPS]	0	-59.890	-64.848	0	322.084	0	0	0	0	
1	[SLPS]	0	-59.890	-64.848	0	322.084	0	0	0	0	
1	[SLPS]	0	-59.890	-64.846	0	322.086	0	0	0	0	
1	[SLPS]	0	-59.890	-64.847	0	322.084	0	0	0	0	
1	[SLPS]	0	-59.890	-64.847	0	322.084	0	0	0	0	
1	[SLPS]	0	-59.892	-64.847	0	322.089	0	0	0	0	
1	[SLPS]	0	-59.892	-64.847	0	322.089	0	0	0	0	
1	[SLPS]	0	-59.892	-64.846	0	322.085	0	0	0	0	
1	[SLPS]	0	-59.891	-64.846	0	322.085	0	0	0	0	
1	[SLPS]	0	-59.891	-64.846	0	322.085	0	0	0	0	
1	[SLPS]	0	-59.888	-64.842	0	322.086	0	0	0	0	
1	[SLPS]	0	-59.888	-64.842	0	322.086	0	0	0	0	
1	[SLPS]	0	-59.888	-64.841	0	322.087	0	0	0	0	
1	[SLPS]	0	-59.888	-64.842	0	322.088	0	0	0	0	
1	[SLPS]	0	-59.888	-64.842	0	322.088	0	0	0	0	
1	[SLPS]	0	-59.889	-64.841	0	322.087	0	0	0	0	
1	[SLPS]	0	-59.889	-64.841	0	322.087	0	0	0	0	
1	[SLPS]	0	-59.889	-64.841	0	322.089	0	0	0	0	
1	[SLPS]	0	-59.889	-64.842	0	322.087	0	0	0	0	
1	[SLPS]	0	-59.889	-64.842	0	322.087	0	0	0	0	
1	[SLPS]	0	-59.890	-64.844	0	322.086	0	0	0	0	
1	[SLPS]	0	-59.890	-64.844	0	322.086	0	0	0	0	
1	[SLPS]	0	-59.890	-64.843	0	322.086	0	0	0	0	
1	[SLPS]	0	-59.892	-64.842	0	322.087	0	0	0	0	
1	[SLPS]	0	-59.892	-64.842	0	322.087	0	0	0	0	
1	[SLPS]	0	-59.892	-64.842	0	322.089	0	0	0	0	
1	[SLPS]	0	-59.892	-64.842	0	322.089	0	0	0	0	
1	[SLPS]	0	-59.892	-64.844	0	322.089	0	0	0	0	
1	[SLPS]	0	-59.893	-64.844	0	322.093	0	0	0	0	
1	[SLPS]	0	-59.893	-64.844	0	322.093	0	0	0	0	
1	[SLPS]	0	-59.893	-64.844	0	322.095	0	0	0	0	
1	[SLPS]	0	-59.893	-64.844	0	322.095	0	0	0	0	
1	[SLPS]	0	-59.893	-64.845	0	322.095	0	0	0	0	
1	[SLPS]	0	-59.891	-64.845	0	322.097	0	0	0	0	
1	[SLPS]	0	-59.891	-64.845	0	322.097	0	0	0	0	
1	[SLPS]	0	-59.891	-64.844	0	322.096	0	0	0	0	
1	[SLPS]	0	-59.891	-64.844	0	322.096	0	0	0	0	
1	[SLPS]	0	-59.887	-64.843	0	322.094	0	0	0	0	
1	[SLPS]	0	-59.887	-64.843	0	322.095	0	0	0	0	
1	[SLPS]	0	-59.887	-64.843	0	322.095	0	0	0	0	
1	[SLPS]	0	-59.885	-64.842	0	322.097	0	0	0	0	
1	[SLPS]	0	-59.885	-64.842	0	322.097	0	0	0	0	
1	[SLPS]	0	-59.883	-64.841	0	322.100	0	0	0	0	
1	[SLPS]	0	-59.882	-64.841	0	322.102	0	0	0	0	
1	[SLPS]	0	-59.884	-64.841	0	322.102	0	0	0	0	
1	[SLPS]	0	-59.885	-64.841	0	322.101	0	0	0	0	
1	[SLPS]	0	-59.885	-64.841	0	322.101	0	0	0	0	
1	[SLPS]	0	-59.884	-64.840	0	322.099	0	0	0	0	
1	[SLPS]	0	-59.884	-64.840	0	322.100	0	0	0	0	
1	[SLPS]	0	-59.884	-64.843	0	322.101	0	0	0	0	
1	[SLPS]	0	-59.886	-64.841	0	322.101	0	0	0	0	
1	[SLPS]	0	-59.886	-64.841	0	322.101	0	0	0	0	
1	[SLPS]	0	-59.885	-64.842	0	322.107	0	0	0	0	
1	[SLPS]	0	-59.885	-64.842	0	322.107	0	0	0	0	
1	[SLPS]	0	-59.886	-64.843	0	322.107	0	0	0	0	
1	[SLPS]	0	-59.887	-64.841	0	322.108	0	0	0	0	
1	[SLPS]	0	-59.887	-64.841	0	322.108	0	0	0	0	
1	[SLPS]	0	-59.888	-64.840	0	322.109	0	0	0	0	
1	[SLPS]	0	-59.888	-64.840	0	322.109	0	0	0	0	
1	[SLPS]	0	-59.885	-64.841	0	322.107	0	0	0	0	
1	[SLPS]	0	-59.885	-64.844	0	322.107	0	0	0	0	
1	[SLPS]	0	-59.885	-64.844	0	322.107	0	0	0	0	
1	[SLPS]	0	-59.887	-64.845	0	322.107	0	0	0	0	
1	[SLPS]	0	-59.887	-64.845	0	322.107	0	0	0	0	
1	[SLPS]	0	-59.886	-64.845	0	322.106	0	0	0	0	
1	[SLPS]	0	-59.886	-64.848	0	322.106	0	0	0	0	
1	[SLPS]	0	-59.886	-64.848	0	322.106	0	0	0	0	
1	[SLPS]	0	-59.886	-64.847	0	322.102	0	0	0	0	
1	[SLPS]	0	-59.886	-64.847	0	322.102	0	0	0	0	
1	[SLPS]	0	-59.884	-64.845	0	322.102	0	0	0	0	
1	[SLPS]	0	-59.884	-64.845	0	322.104	0	0	0	0	
1	[SLPS]	0	-59.885	-64.845	0	322.105	0	0	0	0	
1	[SLPS]	0	-59.885	-64.846	0	322.103	0	0	0	0	
1	[SLPS]	0	-59.885	-64.846	0	322.103	0	0	0	0	
1	[SLPS]	0	-59.885	-64.845	0	322.102	0	0	0	0	
1	[SLPS]	0	-59.885	-64.845	0	322.102	0	0	0	0	
1	[SLPS]	0	-59.885	-64.844	0	322.105	0	0	0	0	
1	[SLPS]	0	-59.887	-64.847	0	322.105	0	0	0	0	
1	[SLPS]	0	-59.887	-64.847	0	322.105	0	0	0	0	
1	[SLPS]	0	-59.886	-64.844	0	322.112	0	0	0	0	
1	[SLPS]	0	-59.886	-64.844	0	322.112	0	0	0	0	
1	[SLPS]	0	-59.885	-64.843	0	322.110	0	0	0	0	
1	[SLPS]	0	-59.884	-64.839	0	322.111	0	0	0	0	
1	[SLPS]	0	-59.884	-64.839	0	322.111	0	0	0	0	
1	[SLPS]	0	-59.884	-64.839	0	322.111	0	0	0	0	
1	[SLPS]	0	-59.884	-64.839	0	322.111	0	0	0	0	
1	[SLPS]	0	-59.883	-64.840	0	322.111	0	0	0	0	
1	[SLPS]	0	-59.883	-64.839	0	322.108	0	0	0	0	
1	[SLPS]	0	-59.883	-64.839	0	322.108	0	0	0	0	
1	[SLPS]	0	-59.882	-64.842	0	322.109	0	0	0	0	
1	[SLPS]	0	-59.882	-64.842	0	322.109	0	0	0	0	
1	[SLPS]	0	-59.883	-64.841	0	322.111	0	0	0	0	
1	[SLPS]	0	-59.882	-64.841	0	322.111	0	0	0	0	
1	[SLPS]	0	-59.882	-64.841	0	322.111	0	0	0	0	
1	[SLPS]	0	-59.882	-64.842	0	322.111	0	0	0	0	
1	[SLPS]	0	-59.882	-64.842	0	322.111	0	0	0	0	
1	[SLPS]	0	-59.882	-64.841	0	322.111	0	0	0	0	
1	[SLPS]	0	-59.882	-64.841	0	322.112	0	0	0	0	
1	[SLPS]	0	-59.885	-64.842	0	322.112	0	0	0	0	
1	[SLPS]	0	-59.882	-64.841	0	322.114	0	0	0	0	
1	[SLPS]	0	-59.882	-64.841	0	322.114	0	0	0	0	
1	[SLPS]	0	-59.881	-64.842	0	322.114	0	0	0	0	
1	[SLPS]	0	-59.883	-64.841	0	322.116	0	0	0	0	
1	[SLPS]	0	-59.883	-64.842	0	322.120	0	0	0	0	
1	[SLPS]	0	-59.882	-64.842	0	322.120	0	0	0	0	
1	[SLPS]	0	-59.882	-64.842	0	322.120	0	0	0	0	
1	[SLPS]	0	-59.889	-64.845	0	322.118	0	0	0	0	
1	[SLPS]	0	-59.889	-64.845	0	322.118	0	0	0	0	
1	[SLPS]	0	-59.887	-64.847	0	322.123	0	0	0	0	
1	[SLPS]	0	-59.890	-64.849	0	322.123	0	0	0	0	
1	[SLPS]	0	-59.890	-64.849	0	322.123	0	0	0	0	
1	[SLPS]	0	-59.892	-64.850	0	322.121	0	0	0	0	
1	[SLPS]	0	-59.892	-64.850	0	322.121	0	0	0	0	
1	[SLPS]	0	-59.891	-64.850	0	322.122	0	0	0	0	
1	[SLPS]	0	-59.891	-64.849	0	322.122	0	0	0	0	
1	[SLPS]	0	-59.891	-64.849	0	322.122	0	0	0	0	
1	[SLPS]	0	-59.890	-64.848	0	322.120	0	0	0	0	
1	[SLPS]	0	-59.890	-64.848	0	322.120	0	0	0	0	
1	[SLPS]	0	-59.888	-64.849	0	322.119	0	0	0	0	
1	[SLPS]	0	-59.887	-64.848	0	322.118	0	0	0	0	
1	[SLPS]	0	-59.887	-64.848	0	322.118	0	0	0	0	
1	[SLPS]	0	-59.888	-64.849	0	322.118	0	0	0	0	
1	[SLPS]	0	-59.888	-64.849	0	322.118	0	0	0	0	
1	[SLPS]	0	-59.888	-64.849	0	322.120	0	0	0	0	
1	[SLPS]	0	-59.888	-64.848	0	322.119	0	0	0	0	
1	[SLPS]	0	-59.888	-64.848	0	322.119	0	0	0	0	
1	[SLPS]	0	-59.888	-64.847	0	322.120	0	0	0	0	
1	[SLPS]	0	-59.888	-64.847	0	322.120	0	0	0	0	
1	[SLPS]	0	-59.889	-64.848	0	322.125	0	0	0	0	
1	[SLPS]	0	-59.891	-64.847	0	322.124	0	0	0	0	
1	[SLPS]	0	-59.891	-64.847	0	322.122	0	0	0	0	
1	[SLPS]	0	-59.891	-64.846	0	322.121	0	0	0	0	
1	[SLPS]	0	-59.891	-64.846	0	322.121	0	0	0	0	
1	[SLPS]	0	-59.892	-64.847	0	322.121	0	0	0	0	
1	[SLPS]	0	-59.892	-64.847	0	322.121	0	0	0	0	
1	[SLPS]	0	-59.892	-64.847	0	322.121	0	0	0	0	
1	[SLPS]	0	-59.892	-64.847	0	322.119	0	0	0	0	
1	[SLPS]	0	-59.892	-64.847	0	322.119	0	0	0	0	
1	[SLPS]	0	-59.890	-64.845	0	322.118	0	0	0	0	
1	[SLPS]	0	-59.890	-64.845	0	322.118	0	0	0	0	
1	[SLPS]	0	-59.890	-64.845	0	322.119	0	0	0	0	
1	[SLPS]	0	-59.890	-64.845	0	322.119	0	0	0	0	
1	[SLPS]	0	-59.890	-64.845	0	322.119	0	0	0	0	
1	[SLPS]	0	-59.891	-64.847	0	322.118	0	0	0	0	
1	[SLPS]	0	-59.891	-64.847	0	322.118	0	0	0	0	
1	[SLPS]	0	-59.890	-64.847	0	322.119	0	0	0	0	
1	[SLPS]	0	-59.889	-64.848	0	322.120	0	0	0	0	
1	[SLPS]	0	-59.889	-64.848	0	322.120	0	0	0	0	
1	[SLPS]	0	-59.891	-64.848	0	322.119	0	0	0	0	
1	[SLPS]	0	-59.891	-64.848	0	322.119	0	0	0	0	
1	[SLPS]	0	-59.891	-64.847	0	322.119	0	0	0	0	
1	[SLPS]	0	-59.891	-64.848	0	322.122	0	0	0	0	
1	[SLPS]	0	-59.890	-64.850	0	322.126	0	0	0	0	
1	[SLPS]	0	-59.891	-64.850	0	322.130	0	0	0	0	
1	[SLPS]	0	-59.891	-64.850	0	322.130	0	0	0	0	
1	[SLPS]	0	-59.890	-64.849	0	322.130	0	0	0	0	
1	[SLPS]	0	-59.890	-64.850	0	322.129	0	0	0	0	
1	[SLPS]	0	-59.891	-64.847	0	322.133	0	0	0	0	
1	[SLPS]	0	-59.891	-64.848	0	322.136	0	0	0	0	
1	[SLPS]	0	-59.891	-64.848	0	322.136	0	0	0	0	
1	[SLPS]	0	-59.891	-64.851	0	322.133	0	0	0	0	
1	[SLPS]	0	-59.891	-64.851	0	322.133	0	0	0	0	
1	[SLPS]	0	-59.890	-64.850	0	322.132	0	0	0	0	
1	[SLPS]	0	-59.889	-64.850	0	322.134	0	0	0	0	
1	[SLPS]	0	-59.889	-64.850	0	322.134	0	0	0	0	
1	[SLPS]	0	-59.889	-64.848	0	322.134	0	0	0	0	
1	[SLPS]	0	-59.889	-64.848	0	322.134	0	0	0	0	
1	[SLPS]	0	-59.888	-64.849	0	322.137	0	0	0	0	
1	[SLPS]	0	-59.888	-64.850	0	322.136	0	0	0	0	
1	[SLPS]	0	-59.888	-64.850	0	322.136	0	0	0	0	
1	[SLPS]	0	-59.886	-64.850	0	322.133	0	0	0	0	
1	[SLPS]	0	-59.886	-64.850	0	322.133	0	0	0	0	
1	[SLPS]	0	-59.886	-64.849	0	322.135	0	0	0	0	
1	[SLPS]	0	-59.887	-64.849	0	322.137	0	0	0	0	
1	[SLPS]	0	-59.887	-64.849	0	322.137	0	0	0	0	
1	[SLPS]	0	-59.886	-64.850	0	322.138	0	0	0	0	
1	[SLPS]	0	-59.886	-64.850	0	322.138	0	0	0	0	
1	[SLPS]	0	-59.887	-64.851	0	322.139	0	0	0	0	
1	[SLPS]	0	-59.887	-64.850	0	322.144	0	0	0	0	
1	[SLPS]	0	-59.888	-64.850	0	322.146	0	0	0	0	
1	[SLPS]	0	-59.890	-64.850	0	322.146	0	0	0	0	
1	[SLPS]	0	-59.890	-64.850	0	322.146	0	0	0	0	
1	[SLPS]	0	-59.890	-64.849	0	322.146	0	0	0	0	
1	[SLPS]	0	-59.890	-64.849	0	322.146	0	0	0	0	
1	[SLPS]	0	-59.890	-64.849	0	322.145	0	0	0	0	
1	[SLPS]	0	-59.893	-64.850	0	322.145	0	0	0	0	
1	[SLPS]	0	-59.893	-64.850	0	322.145	0	0	0	0	
1	[SLPS]	0	-59.893	-64.850	0	322.143	0	0	0	0	
1	[SLPS]	0	-59.893	-64.850	0	322.143	0	0	0	0	
1	[SLPS]	0	-59.896	-64.848	0	322.146	0	0	0	0	
1	[SLPS]	0	-59.894	-64.849	0	322.147	0	0	0	0	
1	[SLPS]	0	-59.894	-64.849	0	322.147	0	0	0	0	
1	[SLPS]	0	-59.894	-64.849	0	322.144	0	0	0	0	
1	[SLPS]	0	-59.894	-64.849	0	322.144	0	0	0	0	
1	[SLPS]	0	-59.893	-64.849	0	322.146	0	0	0	0	
1	[SLPS]	0	-59.892	-64.848	0	322.147	0	0	0	0	
1	[SLPS]	0	-59.892	-64.848	0	322.147	0	0	0	0	
1	[SLPS]	0	-59.894	-64.848	0	322.145	0	0	0	0	
1	[SLPS]	0	-59.894	-64.848	0	322.145	0	0	0	0	
1	[SLPS]	0	-59.893	-64.848	0	322.146	0	0	0	0	
1	[SLPS]	0	-59.894	-64.845	0	322.147	0	0	0	0	
1	[SLPS]	0	-59.894	-64.845	0	322.147	0	0	0	0	
1	[SLPS]	0	-59.897	-64.843	0	322.146	0	0	0	0	
1	[SLPS]	0	-59.897	-64.843	0	322.146	0	0	0	0	
1	[SLPS]	0	-59.897	-64.837	0	322.151	0	0	0	0	
1	[SLPS]	0	-59.899	-64.832	0	322.151	0	0	0	0	
1	[SLPS]	0	-59.903	-64.828	0	322.152	0	0	0	0	
1	[SLPS]	0	-59.907	-64.825	0	322.153	0	0	0	0	
1	[SLPS]	0	-59.907	-64.825	0	322.153	0	0	0	0	
1	[SLPS]	0	-59.915	-64.807	0	322.148	0	0	0	0	
1	[SLPS]	0	-59.915	-64.807	0	322.148	0	0	0	0	
1	[SLPS]	0	-59.921	-64.801	0	322.146	0	0	0	0	
1	[SLPS]	0	-59.928	-64.794	0	322.147	0	0	0	0	
1	[SLPS]	0	-59.928	-64.794	0	322.147	0	0	0	0	
1	[SLPS]	0	-59.947	-64.771	0	322.146	0	0	0	0	
1	[SLPS]	0	-59.947	-64.771	0	322.146	0	0	0	0	
1	[SLPS]	0	-59.957	-64.759	0	322.147	0	0	0	0	
1	[SLPS]	0	-59.967	-64.746	0	322.149	0	0	0	0	
1	[SLPS]	0	-59.967	-64.746	0	322.149	0	0	0	0	
1	[SLPS]	0	-59.988	-64.714	0	322.149	0	0	0	0	
1	[SLPS]	0	-59.988	-64.714	0	322.149	0	0	0	0	
1	[SLPS]	0	-60.000	-64.697	0	322.148	0	0	0	0	
1	[SLPS]	0	-60.013	-64.681	0	322.146	0	0	0	0	
1	[SLPS]	0	-60.013	-64.681	0	322.146	0	0	0	0	
1	[SLPS]	0	-60.038	-64.648	0	322.145	0	0	0	0	
1	[SLPS]	0	-60.038	-64.648	0	322.145	0	0	0	0	
1	[SLPS]	0	-60.052	-64.632	0	322.147	0	0	0	0	
1	[SLPS]	0	-60.067	-64.612	0	322.150	0	0	0	0	
1	[SLPS]	0	-60.067	-64.612	0	322.150	0	0	0	0	
1	[SLPS]	0	-60.102	-64.565	0	322.160	0	0	0	0	
1	[SLPS]	0	-60.102	-64.565	0	322.160	0	0	0	0	
1	[SLPS]	0	-60.121	-64.541	0	322.163	0	0	0	0	
1	[SLPS]	0	-60.141	-64.520	0	322.164	0	0	0	0	
1	[SLPS]	0	-60.141	-64.520	0	322.164	0	0	0	0	
1	[SLPS]	0	-60.190	-64.453	0	322.162	0	0	0	0	
1	[SLPS]	0	-60.190	-64.453	0	322.162	0	0	0	0	
1	[SLPS]	0	-60.215	-64.416	0	322.164	0	0	0	0	
1	[SLPS]	0	-60.243	-64.378	0	322.167	0	0	0	0	
1	[SLPS]	0	-60.276	-64.336	0	322.173	0	0	0	0	
1	[SLPS]	0	-60.311	-64.294	0	322.174	0	0	0	0	
1	[SLPS]	0	-60.311	-64.294	0	322.174	0	0	0	0	
1	[SLPS]	0	-60.384	-64.201	0	322.178	0	0	0	0	
1	[SLPS]	0	-60.384	-64.201	0	322.178	0	0	0	0	
1	[SLPS]	0	-60.429	-64.152	0	322.177	0	0	0	0	
1	[SLPS]	0	-60.467	-64.099	0	322.174	0	0	0	0	
1	[SLPS]	0	-60.467	-64.099	0	322.174	0	0	0	0	
1	[SLPS]	0	-60.561	-63.973	0	322.179	0	0	0	0	
1	[SLPS]	0	-60.561	-63.973	0	322.179	0	0	0	0	
1	[SLPS]	0	-60.614	-63.909	0	322.180	0	0	0	0	
1	[SLPS]	0	-60.664	-63.842	0	322.184	0	0	0	0	
1	[SLPS]	0	-60.664	-63.842	0	322.184	0	0	0	0	
1	[SLPS]	0	-60.779	-63.700	0	322.173	0	0	0	0	
1	[SLPS]	0	-60.779	-63.700	0	322.173	0	0	0	0	
1	[SLPS]	0	-60.842	-63.622	0	322.178	0	0	0	0	
1	[SLPS]	0	-60.901	-63.538	0	322.190	0	0	0	0	
1	[SLPS]	0	-60.965	-63.455	0	322.193	0	0	0	0	
1	[SLPS]	0	-61.038	-63.370	0	322.179	0	0	0	0	
1	[SLPS]	0	-61.038	-63.370	0	322.179	0	0	0	0	
1	[SLPS]	0	-61.174	-63.189	0	322.189	0	0	0	0	
1	[SLPS]	0	-61.174	-63.189	0	322.189	0	0	0	0	
1	[SLPS]	0	-61.245	-63.095	0	322.196	0	0	0	0	
1	[SLPS]	0	-61.323	-62.996	0	322.194	0	0	0	0	
1	[SLPS]	0	-61.323	-62.996	0	322.194	0	0	0	0	
1	[SLPS]	0	-61.483	-62.792	0	322.194	0	0	0	0	
1	[SLPS]	0	-61.483	-62.792	0	322.194	0	0	0	0	
1	[SLPS]	0	-61.562	-62.683	0	322.207	0	0	0	0	
1	[SLPS]	0	-61.650	-62.573	0	322.204	0	0	0	0	
1	[SLPS]	0	-61.650	-62.573	0	322.204	0	0	0	0	
1	[SLPS]	0	-61.827	-62.356	0	322.183	0	0	0	0	
1	[SLPS]	0	-61.827	-62.356	0	322.183	0	0	0	0	
1	[SLPS]	0	-61.914	-62.238	0	322.192	0	0	0	0	
1	[SLPS]	0	-62.000	-62.123	0	322.196	0	0	0	0	
1	[SLPS]	0	-62.000	-62.123	0	322.196	0	0	0	0	
1	[SLPS]	0	-62.192	-61.879	0	322.185	0	0	0	0	
1	[SLPS]	0	-62.192	-61.879	0	322.185	0	0	0	0	
1	[SLPS]	0	-62.293	-61.756	0	322.166	0	0	0	0	
1	[SLPS]	0	-62.385	-61.632	0	322.176	0	0	0	0	
1	[SLPS]	0	-62.385	-61.632	0	322.176	0	0	0	0	
1	[SLPS]	0	-62.578	-61.371	0	322.211	0	0	0	0	
1	[SLPS]	0	-62.578	-61.371	0	322.211	0	0	0	0	
1	[SLPS]	0	-62.681	-61.239	0	322.213	0	0	0	0	
1	[SLPS]	0	-62.788	-61.110	0	322.191	0	0	0	0	
1	[SLPS]	0	-62.895	-60.973	0	322.183	0	0	0	0	
1	[SLPS]	0	-62.995	-60.837	0	322.191	0	0	0	0	
1	[SLPS]	0	-62.995	-60.837	0	322.191	0	0	0	0	
1	[SLPS]	0	-63.102	-60.695	0	322.199	0	0	0	0	
1	[SLPS]	0	-63.213	-60.552	0	322.203	0	0	0	0	
1	[SLPS]	0	-63.213	-60.552	0	322.203	0	0	0	0	
1	[SLPS]	0	-63.437	-60.263	0	322.205	0	0	0	0	
1	[SLPS]	0	-63.437	-60.263	0	322.205	0	0	0	0	
1	[SLPS]	0	-63.555	-60.117	0	322.197	0	0	0	0	
1	[SLPS]	0	-63.673	-59.964	0	322.204	0	0	0	0	
1	[SLPS]	0	-63.673	-59.964	0	322.204	0	0	0	0	
1	[SLPS]	0	-63.909	-59.658	0	322.203	0	0	0	0	
1	[SLPS]	0	-63.909	-59.658	0	322.203	0	0	0	0	
1	[SLPS]	0	-64.031	-59.495	0	322.216	0	0	0	0	
1	[SLPS]	0	-64.158	-59.336	0	322.203	0	0	0	0	
1	[SLPS]	0	-64.285	-59.173	0	322.192	0	0	0	0	
1	[SLPS]	0	-64.409	-59.008	0	322.180	0	0	0	0	
1	[SLPS]	0	-64.409	-59.008	0	322.180	0	0	0	0	
1	[SLPS]	0	-64.676	-58.664	0	322.122	0	0	0	0	
1	[SLPS]	0	-64.676	-58.664	0	322.122	0	0	0	0	
1	[SLPS]	0	-64.810	-58.493	0	322.084	0	0	0	0	
1	[SLPS]	0	-64.944	-58.317	0	322.059	0	0	0	0	
1	[SLPS]	0	-64.944	-58.317	0	322.059	0	0	0	0	
1	[SLPS]	0	-65.225	-57.962	0	321.987	0	0	0	0	
1	[SLPS]	0	-65.225	-57.962	0	321.987	0	0	0	0	
1	[SLPS]	0	-65.368	-57.776	0	321.964	0	0	0	0	
1	[SLPS]	0	-65.516	-57.591	0	321.926	0	0	0	0	
1	[SLPS]	0	-65.516	-57.591	0	321.926	0	0	0	0	
1	[SLPS]	0	-65.668	-57.404	0	321.881	0	0	0	0	
1	[SLPS]	0	-65.821	-57.213	0	321.840	0	0	0	0	
1	[SLPS]	0	-65.969	-57.020	0	321.817	0	0	0	0	
1	[SLPS]	0	-66.119	-56.828	0	321.786	0	0	0	0	
1	[SLPS]	0	-66.119	-56.828	0	321.786	0	0	0	0	
1	[SLPS]	0	-66.428	-56.441	0	321.686	0	0	0	0	
1	[SLPS]	0	-66.428	-56.441	0	321.686	0	0	0	0	
1	[SLPS]	0	-66.580	-56.246	0	321.653	0	0	0	0	
1	[SLPS]	0	-66.732	-56.057	0	321.609	0	0	0	0	
1	[SLPS]	0	-66.732	-56.057	0	321.609	0	0	0	0	
1	[SLPS]	0	-67.043	-55.660	0	321.541	0	0	0	0	
1	[SLPS]	0	-67.043	-55.660	0	321.541	0	0	0	0	
1	[SLPS]	0	-67.198	-55.460	0	321.514	0	0	0	0	
1	[SLPS]	0	-67.350	-55.267	0	321.477	0	0	0	0	
1	[SLPS]	0	-67.350	-55.267	0	321.477	0	0	0	0	
1	[SLPS]	0	-67.509	-55.072	0	321.421	0	0	0	0	
1	[SLPS]	0	-67.672	-54.873	0	321.355	0	0	0	0	
1	[SLPS]	0	-67.826	-54.675	0	321.318	0	0	0	0	
1	[SLPS]	0	-67.981	-54.479	0	321.280	0	0	0	0	
1	[SLPS]	0	-67.981	-54.479	0	321.280	0	0	0	0	
1	[SLPS]	0	-68.304	-54.083	0	321.178	0	0	0	0	
1	[SLPS]	0	-68.304	-54.083	0	321.178	0	0	0	0	
1	[SLPS]	0	-68.465	-53.883	0	321.132	0	0	0	0	
1	[SLPS]	0	-68.632	-53.677	0	321.090	0	0	0	0	
1	[SLPS]	0	-68.632	-53.677	0	321.090	0	0	0	0	
1	[SLPS]	0	-68.959	-53.272	0	321.007	0	0	0	0	
1	[SLPS]	0	-68.959	-53.272	0	321.007	0	0	0	0	
1	[SLPS]	0	-69.129	-53.064	0	320.960	0	0	0	0	
1	[SLPS]	0	-69.301	-52.854	0	320.918	0	0	0	0	
1	[SLPS]	0	-69.301	-52.854	0	320.918	0	0	0	0	
1	[SLPS]	0	-69.655	-52.426	0	320.820	0	0	0	0	
1	[SLPS]	0	-69.655	-52.426	0	320.820	0	0	0	0	
1	[SLPS]	0	-69.828	-52.209	0	320.803	0	0	0	0	
1	[SLPS]	0	-70.002	-51.997	0	320.778	0	0	0	0	
1	[SLPS]	0	-70.002	-51.997	0	320.778	0	0	0	0	
1	[SLPS]	0	-70.350	-51.565	0	320.741	0	0	0	0	
1	[SLPS]	0	-70.350	-51.565	0	320.741	0	0	0	0	
1	[SLPS]	0	-70.528	-51.347	0	320.729	0	0	0	0	
1	[SLPS]	0	-70.704	-51.136	0	320.713	0	0	0	0	
1	[SLPS]	0	-70.704	-51.136	0	320.713	0	0	0	0	
1	[SLPS]	0	-71.055	-50.702	0	320.707	0	0	0	0	
1	[SLPS]	0	-71.055	-50.702	0	320.707	0	0	0	0	
1	[SLPS]	0	-71.232	-50.486	0	320.691	0	0	0	0	
1	[SLPS]	0	-71.408	-50.268	0	320.678	0	0	0	0	
1	[SLPS]	0	-71.408	-50.268	0	320.678	0	0	0	0	
1	[SLPS]	0	-71.766	-49.830	0	320.647	0	0	0	0	
1	[SLPS]	0	-71.766	-49.830	0	320.647	0	0	0	0	
1	[SLPS]	0	-71.950	-49.602	0	320.632	0	0	0	0	
1	[SLPS]	0	-72.130	-49.382	0	320.613	0	0	0	0	
1	[SLPS]	0	-72.307	-49.159	0	320.609	0	0	0	0	
1	[SLPS]	0	-72.487	-48.938	0	320.593	0	0	0	0	
1	[SLPS]	0	-72.487	-48.938	0	320.593	0	0	0	0	
1	[SLPS]	0	-72.847	-48.503	0	320.561	0	0	0	0	
1	[SLPS]	0	-72.847	-48.503	0	320.561	0	0	0	0	
1	[SLPS]	0	-73.029	-48.285	0	320.538	0	0	0	0	
1	[SLPS]	0	-73.212	-48.065	0	320.520	0	0	0	0	
1	[SLPS]	0	-73.212	-48.065	0	320.520	0	0	0	0	
1	[SLPS]	0	-73.568	-47.633	0	320.482	0	0	0	0	
1	[SLPS]	0	-73.568	-47.633	0	320.482	0	0	0	0	
1	[SLPS]	0	-73.748	-47.412	0	320.468	0	0	0	0	
1	[SLPS]	0	-73.930	-47.192	0	320.454	0	0	0	0	
1	[SLPS]	0	-73.930	-47.192	0	320.454	0	0	0	0	
1	[SLPS]	0	-74.290	-46.751	0	320.459	0	0	0	0	
1	[SLPS]	0	-74.290	-46.751	0	320.459	0	0	0	0	
1	[SLPS]	0	-74.475	-46.530	0	320.458	0	0	0	0	
1	[SLPS]	0	-74.655	-46.312	0	320.483	0	0	0	0	
1	[SLPS]	0	-74.655	-46.312	0	320.483	0	0	0	0	
1	[SLPS]	0	-75.017	-45.876	0	320.568	0	0	0	0	
1	[SLPS]	0	-75.017	-45.876	0	320.568	0	0	0	0	
1	[SLPS]	0	-75.199	-45.658	0	320.622	0	0	0	0	
1	[SLPS]	0	-75.381	-45.435	0	320.672	0	0	0	0	
1	[SLPS]	0	-75.381	-45.435	0	320.672	0	0	0	0	
1	[SLPS]	0	-75.739	-44.993	0	320.777	0	0	0	0	
1	[SLPS]	0	-75.739	-44.993	0	320.777	0	0	0	0	
1	[SLPS]	0	-75.905	-44.771	0	320.828	0	0	0	0	
1	[SLPS]	0	-76.078	-44.548	0	320.885	0	0	0	0	
1	[SLPS]	0	-76.078	-44.548	0	320.885	0	0	0	0	
1	[SLPS]	0	-76.437	-44.105	0	320.993	0	0	0	0	
1	[SLPS]	0	-76.437	-44.105	0	320.993	0	0	0	0	
1	[SLPS]	0	-76.613	-43.882	0	321.047	0	0	0	0	
1	[SLPS]	0	-76.789	-43.660	0	321.100	0	0	0	0	
1	[SLPS]	0	-76.789	-43.660	0	321.100	0	0	0	0	
1	[SLPS]	0	-77.147	-43.214	0	321.214	0	0	0	0	
1	[SLPS]	0	-77.147	-43.214	0	321.214	0	0	0	0	
1	[SLPS]	0	-77.327	-42.993	0	321.273	0	0	0	0	
1	[SLPS]	0	-77.506	-42.766	0	321.335	0	0	0	0	
1	[SLPS]	0	-77.506	-42.766	0	321.335	0	0	0	0	
1	[SLPS]	0	-77.857	-42.318	0	321.458	0	0	0	0	
1	[SLPS]	0	-77.857	-42.318	0	321.458	0	0	0	0	
1	[SLPS]	0	-78.038	-42.089	0	321.508	0	0	0	0	
1	[SLPS]	0	-78.215	-41.862	0	321.555	0	0	0	0	
1	[SLPS]	0	-78.394	-41.633	0	321.603	0	0	0	0	
1	[SLPS]	0	-78.572	-41.406	0	321.647	0	0	0	0	
1	[SLPS]	0	-78.572	-41.406	0	321.647	0	0	0	0	
1	[SLPS]	0	-78.947	-40.939	0	321.703	0	0	0	0	
1	[SLPS]	0	-78.947	-40.939	0	321.703	0	0	0	0	
1	[SLPS]	0	-79.131	-40.706	0	321.739	0	0	0	0	
1	[SLPS]	0	-79.313	-40.469	0	321.789	0	0	0	0	
1	[SLPS]	0	-79.313	-40.469	0	321.789	0	0	0	0	
1	[SLPS]	0	-79.683	-39.991	0	321.895	0	0	0	0	
1	[SLPS]	0	-79.683	-39.991	0	321.895	0	0	0	0	
1	[SLPS]	0	-79.872	-39.748	0	321.941	0	0	0	0	
1	[SLPS]	0	-80.054	-39.514	0	321.986	0	0	0	0	
1	[SLPS]	0	-80.054	-39.514	0	321.986	0	0	0	0	
1	[SLPS]	0	-80.434	-39.029	0	322.062	0	0	0	0	
1	[SLPS]	0	-80.434	-39.029	0	322.062	0	0	0	0	
1	[SLPS]	0	-80.625	-38.783	0	322.097	0	0	0	0	
1	[SLPS]	0	-80.810	-38.542	0	322.142	0	0	0	0	
1	[SLPS]	0	-80.810	-38.542	0	322.142	0	0	0	0	
1	[SLPS]	0	-81.182	-38.056	0	322.251	0	0	0	0	
1	[SLPS]	0	-81.182	-38.056	0	322.251	0	0	0	0	
1	[SLPS]	0	-81.366	-37.810	0	322.308	0	0	0	0	
1	[SLPS]	0	-81.552	-37.565	0	322.366	0	0	0	0	
1	[SLPS]	0	-81.552	-37.565	0	322.366	0	0	0	0	
1	[SLPS]	0	-81.934	-37.067	0	322.468	0	0	0	0	
1	[SLPS]	0	-81.934	-37.067	0	322.468	0	0	0	0	
1	[SLPS]	0	-82.124	-36.818	0	322.513	0	0	0	0	
1	[SLPS]	0	-82.308	-36.570	0	322.558	0	0	0	0	
1	[SLPS]	0	-82.498	-36.318	0	322.594	0	0	0	0	
1	[SLPS]	0	-82.693	-36.073	0	322.612	0	0	0	0	
1	[SLPS]	0	-82.693	-36.073	0	322.612	0	0	0	0	
1	[SLPS]	0	-83.073	-35.570	0	322.704	0	0	0	0	
1	[SLPS]	0	-83.073	-35.570	0	322.704	0	0	0	0	
1	[SLPS]	0	-83.263	-35.318	0	322.746	0	0	0	0	
1	[SLPS]	0	-83.451	-35.067	0	322.804	0	0	0	0	
1	[SLPS]	0	-83.451	-35.067	0	322.804	0	0	0	0	
1	[SLPS]	0	-83.833	-34.563	0	322.910	0	0	0	0	
1	[SLPS]	0	-83.833	-34.563	0	322.910	0	0	0	0	
1	[SLPS]	0	-84.023	-34.308	0	322.974	0	0	0	0	
1	[SLPS]	0	-84.212	-34.050	0	323.042	0	0	0	0	
1	[SLPS]	0	-84.212	-34.050	0	323.042	0	0	0	0	
1	[SLPS]	0	-84.589	-33.537	0	323.186	0	0	0	0	
1	[SLPS]	0	-84.589	-33.537	0	323.186	0	0	0	0	
1	[SLPS]	0	-84.783	-33.276	0	323.258	0	0	0	0	
1	[SLPS]	0	-84.972	-33.017	0	323.328	0	0	0	0	
1	[SLPS]	0	-84.972	-33.017	0	323.328	0	0	0	0	
1	[SLPS]	0	-85.350	-32.505	0	323.482	0	0	0	0	
1	[SLPS]	0	-85.350	-32.505	0	323.482	0	0	0	0	
1	[SLPS]	0	-85.541	-32.244	0	323.553	0	0	0	0	
1	[SLPS]	0	-85.727	-31.982	0	323.626	0	0	0	0	
1	[SLPS]	0	-85.727	-31.982	0	323.626	0	0	0	0	
1	[SLPS]	0	-86.093	-31.466	0	323.784	0	0	0	0	
1	[SLPS]	0	-86.093	-31.466	0	323.784	0	0	0	0	
1	[SLPS]	0	-86.278	-31.212	0	323.856	0	0	0	0	
1	[SLPS]	0	-86.466	-30.952	0	323.925	0	0	0	0	
1	[SLPS]	0	-86.647	-30.695	0	323.991	0	0	0	0	
1	[SLPS]	0	-86.829	-30.449	0	324.044	0	0	0	0	
1	[SLPS]	0	-86.829	-30.449	0	324.044	0	0	0	0	
1	[SLPS]	0	-87.016	-30.188	0	324.093	0	0	0	0	
1	[SLPS]	0	-87.193	-29.934	0	324.154	0	0	0	0	
1	[SLPS]	0	-87.379	-29.680	0	324.191	0	0	0	0	
1	[SLPS]	0	-87.563	-29.422	0	324.236	0	0	0	0	
1	[SLPS]	0	-87.563	-29.422	0	324.236	0	0	0	0	
1	[SLPS]	0	-87.922	-28.916	0	324.328	0	0	0	0	
1	[SLPS]	0	-87.922	-28.916	0	324.328	0	0	0	0	
1	[SLPS]	0	-88.106	-28.659	0	324.373	0	0	0	0	
1	[SLPS]	0	-88.289	-28.404	0	324.412	0	0	0	0	
1	[SLPS]	0	-88.289	-28.404	0	324.412	0	0	0	0	
1	[SLPS]	0	-88.655	-27.889	0	324.509	0	0	0	0	
1	[SLPS]	0	-88.655	-27.889	0	324.509	0	0	0	0	
1	[SLPS]	0	-88.835	-27.634	0	324.556	0	0	0	0	
1	[SLPS]	0	-89.013	-27.381	0	324.608	0	0	0	0	
1	[SLPS]	0	-89.013	-27.381	0	324.608	0	0	0	0	
1	[SLPS]	0	-89.373	-26.868	0	324.710	0	0	0	0	
1	[SLPS]	0	-89.373	-26.868	0	324.710	0	0	0	0	
1	[SLPS]	0	-89.552	-26.610	0	324.766	0	0	0	0	
1	[SLPS]	0	-89.730	-26.357	0	324.813	0	0	0	0	
1	[SLPS]	0	-89.730	-26.357	0	324.813	0	0	0	0	
1	[SLPS]	0	-90.088	-25.844	0	324.900	0	0	0	0	
1	[SLPS]	0	-90.088	-25.844	0	324.900	0	0	0	0	
1	[SLPS]	0	-90.262	-25.589	0	324.949	0	0	0	0	
1	[SLPS]	0	-90.433	-25.338	0	325.001	0	0	0	0	
1	[SLPS]	0	-90.433	-25.338	0	325.001	0	0	0	0	
1	[SLPS]	0	-90.790	-24.828	0	325.088	0	0	0	0	
1	[SLPS]	0	-90.790	-24.828	0	325.088	0	0	0	0	
1	[SLPS]	0	-91.138	-24.321	0	325.184	0	0	0	0	
1	[SLPS]	0	-91.138	-24.321	0	325.184	0	0	0	0	
1	[SLPS]	0	-91.309	-24.073	0	325.229	0	0	0	0	
1	[SLPS]	0	-91.484	-23.815	0	325.276	0	0	0	0	
1	[SLPS]	0	-91.484	-23.815	0	325.276	0	0	0	0	
1	[SLPS]	0	-91.830	-23.311	0	325.374	0	0	0	0	
1	[SLPS]	0	-91.830	-23.311	0	325.374	0	0	0	0	
1	[SLPS]	0	-92.001	-23.056	0	325.432	0	0	0	0	
1	[SLPS]	0	-92.177	-22.802	0	325.481	0	0	0	0	
1	[SLPS]	0	-92.177	-22.802	0	325.481	0	0	0	0	
1	[SLPS]	0	-92.523	-22.292	0	325.566	0	0	0	0	
1	[SLPS]	0	-92.523	-22.292	0	325.566	0	0	0	0	
1	[SLPS]	0	-92.698	-22.038	0	325.608	0	0	0	0	
1	[SLPS]	0	-92.875	-21.778	0	325.651	0	0	0	0	
1	[SLPS]	0	-92.875	-21.778	0	325.651	0	0	0	0	
1	[SLPS]	0	-93.221	-21.266	0	325.745	0	0	0	0	
1	[SLPS]	0	-93.221	-21.266	0	325.745	0	0	0	0	
1	[SLPS]	0	-93.396	-21.007	0	325.791	0	0	0	0	
1	[SLPS]	0	-93.571	-20.748	0	325.837	0	0	0	0	
1	[SLPS]	0	-93.571	-20.748	0	325.837	0	0	0	0	
1	[SLPS]	0	-93.914	-20.231	0	325.946	0	0	0	0	
1	[SLPS]	0	-93.914	-20.231	0	325.946	0	0	0	0	
1	[SLPS]	0	-94.086	-19.972	0	325.994	0	0	0	0	
1	[SLPS]	0	-94.262	-19.710	0	326.043	0	0	0	0	
1	[SLPS]	0	-94.262	-19.710	0	326.043	0	0	0	0	
1	[SLPS]	0	-94.605	-19.190	0	326.139	0	0	0	0	
1	[SLPS]	0	-94.605	-19.190	0	326.139	0	0	0	0	
1	[SLPS]	0	-94.781	-18.931	0	326.180	0	0	0	0	
1	[SLPS]	0	-94.957	-18.670	0	326.225	0	0	0	0	
1	[SLPS]	0	-95.126	-18.411	0	326.284	0	0	0	0	
1	[SLPS]	0	-95.297	-18.152	0	326.331	0	0	0	0	
1	[SLPS]	0	-95.297	-18.152	0	326.331	0	0	0	0	
1	[SLPS]	0	-95.643	-17.624	0	326.431	0	0	0	0	
1	[SLPS]	0	-95.643	-17.624	0	326.431	0	0	0	0	
1	[SLPS]	0	-95.816	-17.365	0	326.484	0	0	0	0	
1	[SLPS]	0	-95.988	-17.103	0	326.531	0	0	0	0	
1	[SLPS]	0	-95.988	-17.103	0	326.531	0	0	0	0	
1	[SLPS]	0	-96.334	-16.568	0	326.639	0	0	0	0	
1	[SLPS]	0	-96.334	-16.568	0	326.639	0	0	0	0	
1	[SLPS]	0	-96.506	-16.299	0	326.691	0	0	0	0	
1	[SLPS]	0	-96.683	-16.036	0	326.720	0	0	0	0	
1	[SLPS]	0	-96.683	-16.036	0	326.720	0	0	0	0	
1	[SLPS]	0	-97.032	-15.486	0	326.774	0	0	0	0	
1	[SLPS]	0	-97.032	-15.486	0	326.774	0	0	0	0	
1	[SLPS]	0	-97.211	-15.217	0	326.758	0	0	0	0	
1	[SLPS]	0	-97.392	-14.945	0	326.736	0	0	0	0	
1	[SLPS]	0	-97.392	-14.945	0	326.736	0	0	0	0	
1	[SLPS]	0	-97.744	-14.398	0	326.727	0	0	0	0	
1	[SLPS]	0	-97.744	-14.398	0	326.727	0	0	0	0	
1	[SLPS]	0	-97.923	-14.128	0	326.727	0	0	0	0	
1	[SLPS]	0	-98.101	-13.855	0	326.733	0	0	0	0	
1	[SLPS]	0	-98.101	-13.855	0	326.733	0	0	0	0	
1	[SLPS]	0	-98.456	-13.315	0	326.726	0	0	0	0	
1	[SLPS]	0	-98.456	-13.315	0	326.726	0	0	0	0	
1	[SLPS]	0	-98.637	-13.042	0	326.723	0	0	0	0	
1	[SLPS]	0	-98.817	-12.763	0	326.730	0	0	0	0	
1	[SLPS]	0	-98.817	-12.763	0	326.730	0	0	0	0	
1	[SLPS]	0	-99.177	-12.210	0	326.752	0	0	0	0	
1	[SLPS]	0	-99.177	-12.210	0	326.752	0	0	0	0	
1	[SLPS]	0	-99.359	-11.932	0	326.762	0	0	0	0	
1	[SLPS]	0	-99.538	-11.659	0	326.766	0	0	0	0	
1	[SLPS]	0	-99.538	-11.659	0	326.766	0	0	0	0	
1	[SLPS]	0	-99.894	-11.105	0	326.768	0	0	0	0	
1	[SLPS]	0	-99.894	-11.105	0	326.768	0	0	0	0	
1	[SLPS]	0	-100.076	-10.824	0	326.762	0	0	0	0	
1	[SLPS]	0	-100.258	-10.541	0	326.766	0	0	0	0	
1	[SLPS]	0	-100.258	-10.541	0	326.766	0	0	0	0	
1	[SLPS]	0	-100.621	-9.978	0	326.774	0	0	0	0	
1	[SLPS]	0	-100.621	-9.978	0	326.774	0	0	0	0	
1	[SLPS]	0	-100.797	-9.712	0	326.770	0	0	0	0	
1	[SLPS]	0	-100.966	-9.444	0	326.783	0	0	0	0	
1	[SLPS]	0	-100.966	-9.444	0	326.783	0	0	0	0	
1	[SLPS]	0	-101.322	-8.878	0	326.808	0	0	0	0	
1	[SLPS]	0	-101.322	-8.878	0	326.808	0	0	0	0	
1	[SLPS]	0	-101.501	-8.598	0	326.830	0	0	0	0	
1	[SLPS]	0	-101.686	-8.339	0	326.809	0	0	0	0	
1	[SLPS]	0	-101.882	-8.045	0	326.806	0	0	0	0	
1	[SLPS]	0	-102.056	-7.777	0	326.806	0	0	0	0	
1	[SLPS]	0	-102.056	-7.777	0	326.806	0	0	0	0	
1	[SLPS]	0	-102.443	-7.226	0	326.779	0	0	0	0	
1	[SLPS]	0	-102.443	-7.226	0	326.779	0	0	0	0	
1	[SLPS]	0	-102.620	-6.945	0	326.802	0	0	0	0	
1	[SLPS]	0	-102.803	-6.668	0	326.830	0	0	0	0	
1	[SLPS]	0	-102.803	-6.668	0	326.830	0	0	0	0	
1	[SLPS]	0	-103.188	-6.126	0	326.812	0	0	0	0	
1	[SLPS]	0	-103.188	-6.126	0	326.812	0	0	0	0	
1	[SLPS]	0	-103.373	-5.851	0	326.857	0	0	0	0	
1	[SLPS]	0	-103.559	-5.576	0	326.852	0	0	0	0	
1	[SLPS]	0	-103.559	-5.576	0	326.852	0	0	0	0	
1	[SLPS]	0	-103.927	-5.029	0	326.845	0	0	0	0	
