1	[SLPS]	0	479.531	48.467	0	59.532	0	0	0	0	
1	[SLPS]	0	479.912	48.688	0	59.530	0	0	0	0	
1	[SLPS]	0	479.912	48.688	0	59.530	0	0	0	0	
1	[SLPS]	0	480.099	48.801	0	59.514	0	0	0	0	
1	[SLPS]	0	480.285	48.928	0	59.454	0	0	0	0	
1	[SLPS]	0	480.477	49.032	0	59.467	0	0	0	0	
1	[SLPS]	0	480.655	49.152	0	59.424	0	0	0	0	
1	[SLPS]	0	480.655	49.152	0	59.424	0	0	0	0	
1	[SLPS]	0	480.855	49.270	0	59.420	0	0	0	0	
1	[SLPS]	0	481.049	49.378	0	59.433	0	0	0	0	
1	[SLPS]	0	481.242	49.491	0	59.478	0	0	0	0	
1	[SLPS]	0	481.435	49.605	0	59.431	0	0	0	0	
1	[SLPS]	0	481.435	49.605	0	59.431	0	0	0	0	
1	[SLPS]	0	481.823	49.834	0	59.353	0	0	0	0	
1	[SLPS]	0	481.823	49.834	0	59.353	0	0	0	0	
1	[SLPS]	0	482.021	49.941	0	59.438	0	0	0	0	
1	[SLPS]	0	482.214	50.061	0	59.417	0	0	0	0	
1	[SLPS]	0	482.214	50.061	0	59.417	0	0	0	0	
1	[SLPS]	0	482.610	50.278	0	59.413	0	0	0	0	
1	[SLPS]	0	482.610	50.278	0	59.413	0	0	0	0	
1	[SLPS]	0	482.811	50.378	0	59.413	0	0	0	0	
1	[SLPS]	0	482.999	50.497	0	59.384	0	0	0	0	
1	[SLPS]	0	482.999	50.497	0	59.384	0	0	0	0	
1	[SLPS]	0	483.400	50.737	0	59.352	0	0	0	0	
1	[SLPS]	0	483.400	50.737	0	59.352	0	0	0	0	
1	[SLPS]	0	483.598	50.853	0	59.320	0	0	0	0	
1	[SLPS]	0	483.782	50.993	0	59.271	0	0	0	0	
1	[SLPS]	0	483.782	50.993	0	59.271	0	0	0	0	
1	[SLPS]	0	484.180	51.235	0	59.347	0	0	0	0	
1	[SLPS]	0	484.180	51.235	0	59.347	0	0	0	0	
1	[SLPS]	0	484.381	51.356	0	59.332	0	0	0	0	
1	[SLPS]	0	484.583	51.479	0	59.229	0	0	0	0	
1	[SLPS]	0	484.583	51.479	0	59.229	0	0	0	0	
1	[SLPS]	0	484.953	51.728	0	59.211	0	0	0	0	
1	[SLPS]	0	484.953	51.728	0	59.211	0	0	0	0	
1	[SLPS]	0	485.151	51.852	0	59.161	0	0	0	0	
1	[SLPS]	0	485.351	51.977	0	59.148	0	0	0	0	
1	[SLPS]	0	485.351	51.977	0	59.148	0	0	0	0	
1	[SLPS]	0	485.732	52.225	0	59.100	0	0	0	0	
1	[SLPS]	0	485.732	52.225	0	59.100	0	0	0	0	
1	[SLPS]	0	485.948	52.373	0	59.050	0	0	0	0	
1	[SLPS]	0	486.150	52.501	0	59.055	0	0	0	0	
1	[SLPS]	0	486.150	52.501	0	59.055	0	0	0	0	
1	[SLPS]	0	486.593	52.743	0	59.028	0	0	0	0	
1	[SLPS]	0	486.593	52.743	0	59.028	0	0	0	0	
1	[SLPS]	0	486.812	52.872	0	59.007	0	0	0	0	
1	[SLPS]	0	487.034	52.991	0	58.999	0	0	0	0	
1	[SLPS]	0	487.249	53.114	0	58.978	0	0	0	0	
1	[SLPS]	0	487.459	53.232	0	58.963	0	0	0	0	
1	[SLPS]	0	487.459	53.232	0	58.963	0	0	0	0	
1	[SLPS]	0	487.681	53.339	0	58.972	0	0	0	0	
1	[SLPS]	0	487.889	53.486	0	58.901	0	0	0	0	
1	[SLPS]	0	488.097	53.596	0	58.905	0	0	0	0	
1	[SLPS]	0	488.307	53.718	0	58.934	0	0	0	0	
1	[SLPS]	0	488.307	53.718	0	58.934	0	0	0	0	
1	[SLPS]	0	488.733	53.972	0	58.896	0	0	0	0	
1	[SLPS]	0	488.733	53.972	0	58.896	0	0	0	0	
1	[SLPS]	0	488.937	54.103	0	58.855	0	0	0	0	
1	[SLPS]	0	489.146	54.216	0	58.860	0	0	0	0	
1	[SLPS]	0	489.146	54.216	0	58.860	0	0	0	0	
1	[SLPS]	0	489.565	54.468	0	58.811	0	0	0	0	
1	[SLPS]	0	489.565	54.468	0	58.811	0	0	0	0	
1	[SLPS]	0	489.774	54.597	0	58.786	0	0	0	0	
1	[SLPS]	0	489.985	54.725	0	58.763	0	0	0	0	
1	[SLPS]	0	489.985	54.725	0	58.763	0	0	0	0	
1	[SLPS]	0	490.401	54.977	0	58.736	0	0	0	0	
1	[SLPS]	0	490.401	54.977	0	58.736	0	0	0	0	
1	[SLPS]	0	490.611	55.109	0	58.713	0	0	0	0	
1	[SLPS]	0	490.829	55.231	0	58.715	0	0	0	0	
1	[SLPS]	0	490.829	55.231	0	58.715	0	0	0	0	
1	[SLPS]	0	491.269	55.489	0	58.704	0	0	0	0	
1	[SLPS]	0	491.269	55.489	0	58.704	0	0	0	0	
1	[SLPS]	0	491.485	55.623	0	58.675	0	0	0	0	
1	[SLPS]	0	491.700	55.753	0	58.641	0	0	0	0	
1	[SLPS]	0	491.908	55.882	0	58.593	0	0	0	0	
1	[SLPS]	0	492.125	56.012	0	58.556	0	0	0	0	
1	[SLPS]	0	492.125	56.012	0	58.556	0	0	0	0	
1	[SLPS]	0	492.569	56.274	0	58.493	0	0	0	0	
1	[SLPS]	0	492.569	56.274	0	58.493	0	0	0	0	
1	[SLPS]	0	492.786	56.405	0	58.452	0	0	0	0	
1	[SLPS]	0	493.002	56.552	0	58.380	0	0	0	0	
1	[SLPS]	0	493.002	56.552	0	58.380	0	0	0	0	
1	[SLPS]	0	493.440	56.821	0	58.302	0	0	0	0	
1	[SLPS]	0	493.440	56.821	0	58.302	0	0	0	0	
1	[SLPS]	0	493.657	56.964	0	58.248	0	0	0	0	
1	[SLPS]	0	493.883	57.100	0	58.216	0	0	0	0	
1	[SLPS]	0	493.883	57.100	0	58.216	0	0	0	0	
1	[SLPS]	0	494.097	57.233	0	58.171	0	0	0	0	
1	[SLPS]	0	494.316	57.369	0	58.128	0	0	0	0	
1	[SLPS]	0	494.534	57.519	0	58.062	0	0	0	0	
1	[SLPS]	0	494.755	57.652	0	58.030	0	0	0	0	
1	[SLPS]	0	494.755	57.652	0	58.030	0	0	0	0	
1	[SLPS]	0	495.192	57.925	0	57.934	0	0	0	0	
1	[SLPS]	0	495.192	57.925	0	57.934	0	0	0	0	
1	[SLPS]	0	495.409	58.073	0	57.873	0	0	0	0	
1	[SLPS]	0	495.627	58.208	0	57.809	0	0	0	0	
1	[SLPS]	0	495.627	58.208	0	57.809	0	0	0	0	
1	[SLPS]	0	496.061	58.492	0	57.685	0	0	0	0	
1	[SLPS]	0	496.061	58.492	0	57.685	0	0	0	0	
1	[SLPS]	0	496.285	58.629	0	57.625	0	0	0	0	
1	[SLPS]	0	496.512	58.770	0	57.566	0	0	0	0	
1	[SLPS]	0	496.512	58.770	0	57.566	0	0	0	0	
1	[SLPS]	0	496.953	59.044	0	57.442	0	0	0	0	
1	[SLPS]	0	496.953	59.044	0	57.442	0	0	0	0	
1	[SLPS]	0	497.176	59.190	0	57.378	0	0	0	0	
1	[SLPS]	0	497.397	59.330	0	57.309	0	0	0	0	
1	[SLPS]	0	497.397	59.330	0	57.309	0	0	0	0	
1	[SLPS]	0	497.837	59.616	0	57.184	0	0	0	0	
1	[SLPS]	0	497.837	59.616	0	57.184	0	0	0	0	
1	[SLPS]	0	498.063	59.761	0	57.123	0	0	0	0	
1	[SLPS]	0	498.284	59.898	0	57.063	0	0	0	0	
1	[SLPS]	0	498.284	59.898	0	57.063	0	0	0	0	
1	[SLPS]	0	498.726	60.194	0	56.958	0	0	0	0	
1	[SLPS]	0	498.726	60.194	0	56.958	0	0	0	0	
1	[SLPS]	0	498.953	60.335	0	56.933	0	0	0	0	
1	[SLPS]	0	499.174	60.479	0	56.893	0	0	0	0	
1	[SLPS]	0	499.174	60.479	0	56.893	0	0	0	0	
1	[SLPS]	0	499.626	60.776	0	56.827	0	0	0	0	
1	[SLPS]	0	499.626	60.776	0	56.827	0	0	0	0	
1	[SLPS]	0	500.077	61.072	0	56.762	0	0	0	0	
1	[SLPS]	0	500.077	61.072	0	56.762	0	0	0	0	
1	[SLPS]	0	500.304	61.222	0	56.731	0	0	0	0	
1	[SLPS]	0	500.529	61.370	0	56.702	0	0	0	0	
1	[SLPS]	0	500.529	61.370	0	56.702	0	0	0	0	
1	[SLPS]	0	500.974	61.676	0	56.617	0	0	0	0	
1	[SLPS]	0	500.974	61.676	0	56.617	0	0	0	0	
1	[SLPS]	0	501.205	61.832	0	56.581	0	0	0	0	
1	[SLPS]	0	501.432	61.984	0	56.545	0	0	0	0	
1	[SLPS]	0	501.432	61.984	0	56.545	0	0	0	0	
1	[SLPS]	0	501.876	62.285	0	56.465	0	0	0	0	
1	[SLPS]	0	501.876	62.285	0	56.465	0	0	0	0	
1	[SLPS]	0	502.105	62.435	0	56.436	0	0	0	0	
1	[SLPS]	0	502.333	62.585	0	56.405	0	0	0	0	
1	[SLPS]	0	502.333	62.585	0	56.405	0	0	0	0	
1	[SLPS]	0	502.793	62.892	0	56.326	0	0	0	0	
1	[SLPS]	0	502.793	62.892	0	56.326	0	0	0	0	
1	[SLPS]	0	503.023	63.040	0	56.295	0	0	0	0	
1	[SLPS]	0	503.252	63.194	0	56.261	0	0	0	0	
1	[SLPS]	0	503.252	63.194	0	56.261	0	0	0	0	
1	[SLPS]	0	503.704	63.493	0	56.213	0	0	0	0	
1	[SLPS]	0	503.704	63.493	0	56.213	0	0	0	0	
1	[SLPS]	0	503.933	63.645	0	56.201	0	0	0	0	
1	[SLPS]	0	504.163	63.799	0	56.195	0	0	0	0	
1	[SLPS]	0	504.163	63.799	0	56.195	0	0	0	0	
1	[SLPS]	0	504.624	64.107	0	56.197	0	0	0	0	
1	[SLPS]	0	504.624	64.107	0	56.197	0	0	0	0	
1	[SLPS]	0	504.856	64.265	0	56.196	0	0	0	0	
1	[SLPS]	0	505.090	64.419	0	56.207	0	0	0	0	
1	[SLPS]	0	505.090	64.419	0	56.207	0	0	0	0	
1	[SLPS]	0	505.555	64.732	0	56.213	0	0	0	0	
1	[SLPS]	0	505.555	64.732	0	56.213	0	0	0	0	
1	[SLPS]	0	505.786	64.898	0	56.200	0	0	0	0	
1	[SLPS]	0	506.025	65.046	0	56.230	0	0	0	0	
1	[SLPS]	0	506.025	65.046	0	56.230	0	0	0	0	
1	[SLPS]	0	506.494	65.370	0	56.227	0	0	0	0	
1	[SLPS]	0	506.494	65.370	0	56.227	0	0	0	0	
1	[SLPS]	0	506.730	65.522	0	56.252	0	0	0	0	
1	[SLPS]	0	506.967	65.675	0	56.284	0	0	0	0	
1	[SLPS]	0	507.204	65.840	0	56.305	0	0	0	0	
1	[SLPS]	0	507.440	65.997	0	56.342	0	0	0	0	
1	[SLPS]	0	507.440	65.997	0	56.342	0	0	0	0	
1	[SLPS]	0	507.912	66.311	0	56.414	0	0	0	0	
1	[SLPS]	0	507.912	66.311	0	56.414	0	0	0	0	
1	[SLPS]	0	508.142	66.465	0	56.445	0	0	0	0	
1	[SLPS]	0	508.379	66.622	0	56.473	0	0	0	0	
1	[SLPS]	0	508.379	66.622	0	56.473	0	0	0	0	
1	[SLPS]	0	508.852	66.931	0	56.541	0	0	0	0	
1	[SLPS]	0	508.852	66.931	0	56.541	0	0	0	0	
1	[SLPS]	0	509.087	67.091	0	56.565	0	0	0	0	
1	[SLPS]	0	509.325	67.244	0	56.598	0	0	0	0	
1	[SLPS]	0	509.325	67.244	0	56.598	0	0	0	0	
1	[SLPS]	0	509.804	67.557	0	56.668	0	0	0	0	
1	[SLPS]	0	509.804	67.557	0	56.668	0	0	0	0	
1	[SLPS]	0	510.036	67.716	0	56.704	0	0	0	0	
1	[SLPS]	0	510.282	67.876	0	56.756	0	0	0	0	
1	[SLPS]	0	510.282	67.876	0	56.756	0	0	0	0	
1	[SLPS]	0	510.757	68.189	0	56.848	0	0	0	0	
1	[SLPS]	0	510.757	68.189	0	56.848	0	0	0	0	
1	[SLPS]	0	510.995	68.346	0	56.883	0	0	0	0	
1	[SLPS]	0	511.235	68.504	0	56.925	0	0	0	0	
1	[SLPS]	0	511.235	68.504	0	56.925	0	0	0	0	
1	[SLPS]	0	511.717	68.816	0	57.021	0	0	0	0	
1	[SLPS]	0	511.717	68.816	0	57.021	0	0	0	0	
1	[SLPS]	0	511.954	68.970	0	57.060	0	0	0	0	
1	[SLPS]	0	512.210	69.122	0	57.128	0	0	0	0	
1	[SLPS]	0	512.210	69.122	0	57.128	0	0	0	0	
1	[SLPS]	0	512.695	69.427	0	57.224	0	0	0	0	
1	[SLPS]	0	512.695	69.427	0	57.224	0	0	0	0	
1	[SLPS]	0	512.932	69.585	0	57.255	0	0	0	0	
1	[SLPS]	0	513.174	69.738	0	57.297	0	0	0	0	
1	[SLPS]	0	513.174	69.738	0	57.297	0	0	0	0	
1	[SLPS]	0	513.657	70.039	0	57.392	0	0	0	0	
1	[SLPS]	0	513.657	70.039	0	57.392	0	0	0	0	
1	[SLPS]	0	513.895	70.201	0	57.417	0	0	0	0	
1	[SLPS]	0	514.131	70.352	0	57.452	0	0	0	0	
1	[SLPS]	0	514.383	70.503	0	57.482	0	0	0	0	
1	[SLPS]	0	514.622	70.656	0	57.481	0	0	0	0	
1	[SLPS]	0	514.622	70.656	0	57.481	0	0	0	0	
1	[SLPS]	0	515.103	70.962	0	57.464	0	0	0	0	
1	[SLPS]	0	515.103	70.962	0	57.464	0	0	0	0	
1	[SLPS]	0	515.349	71.116	0	57.467	0	0	0	0	
1	[SLPS]	0	515.591	71.270	0	57.474	0	0	0	0	
1	[SLPS]	0	515.591	71.270	0	57.474	0	0	0	0	
1	[SLPS]	0	516.069	71.577	0	57.484	0	0	0	0	
1	[SLPS]	0	516.069	71.577	0	57.484	0	0	0	0	
1	[SLPS]	0	516.069	71.577	0	57.484	0	0	0	0	
1	[SLPS]	0	516.546	71.895	0	57.464	0	0	0	0	
1	[SLPS]	0	516.546	71.895	0	57.464	0	0	0	0	
1	[SLPS]	0	517.038	72.204	0	57.469	0	0	0	0	
1	[SLPS]	0	517.038	72.204	0	57.469	0	0	0	0	
1	[SLPS]	0	517.283	72.362	0	57.479	0	0	0	0	
1	[SLPS]	0	517.525	72.518	0	57.498	0	0	0	0	
1	[SLPS]	0	517.525	72.518	0	57.498	0	0	0	0	
1	[SLPS]	0	518.015	72.822	0	57.565	0	0	0	0	
1	[SLPS]	0	518.015	72.822	0	57.565	0	0	0	0	
1	[SLPS]	0	518.245	72.990	0	57.563	0	0	0	0	
1	[SLPS]	0	518.487	73.147	0	57.594	0	0	0	0	
1	[SLPS]	0	518.487	73.147	0	57.594	0	0	0	0	
1	[SLPS]	0	518.987	73.441	0	57.687	0	0	0	0	
1	[SLPS]	0	518.987	73.441	0	57.687	0	0	0	0	
1	[SLPS]	0	519.228	73.606	0	57.699	0	0	0	0	
1	[SLPS]	0	519.471	73.761	0	57.729	0	0	0	0	
1	[SLPS]	0	519.471	73.761	0	57.729	0	0	0	0	
1	[SLPS]	0	519.977	74.064	0	57.809	0	0	0	0	
1	[SLPS]	0	519.977	74.064	0	57.809	0	0	0	0	
1	[SLPS]	0	520.221	74.218	0	57.835	0	0	0	0	
1	[SLPS]	0	520.465	74.378	0	57.850	0	0	0	0	
1	[SLPS]	0	520.465	74.378	0	57.850	0	0	0	0	
1	[SLPS]	0	520.974	74.680	0	57.928	0	0	0	0	
1	[SLPS]	0	520.974	74.680	0	57.928	0	0	0	0	
1	[SLPS]	0	521.220	74.837	0	57.948	0	0	0	0	
1	[SLPS]	0	521.468	74.990	0	57.973	0	0	0	0	
1	[SLPS]	0	521.468	74.990	0	57.973	0	0	0	0	
1	[SLPS]	0	521.964	75.295	0	58.020	0	0	0	0	
1	[SLPS]	0	521.964	75.295	0	58.020	0	0	0	0	
1	[SLPS]	0	522.212	75.446	0	58.038	0	0	0	0	
1	[SLPS]	0	522.461	75.599	0	58.044	0	0	0	0	
1	[SLPS]	0	522.461	75.599	0	58.044	0	0	0	0	
1	[SLPS]	0	522.949	75.918	0	58.057	0	0	0	0	
1	[SLPS]	0	522.949	75.918	0	58.057	0	0	0	0	
1	[SLPS]	0	523.194	76.075	0	58.073	0	0	0	0	
1	[SLPS]	0	523.441	76.230	0	58.081	0	0	0	0	
1	[SLPS]	0	523.687	76.388	0	58.084	0	0	0	0	
1	[SLPS]	0	523.931	76.541	0	58.087	0	0	0	0	
1	[SLPS]	0	523.931	76.541	0	58.087	0	0	0	0	
1	[SLPS]	0	524.427	76.852	0	58.088	0	0	0	0	
1	[SLPS]	0	524.427	76.852	0	58.088	0	0	0	0	
1	[SLPS]	0	524.678	77.008	0	58.090	0	0	0	0	
1	[SLPS]	0	524.929	77.160	0	58.102	0	0	0	0	
1	[SLPS]	0	524.929	77.160	0	58.102	0	0	0	0	
1	[SLPS]	0	525.423	77.468	0	58.102	0	0	0	0	
1	[SLPS]	0	525.423	77.468	0	58.102	0	0	0	0	
1	[SLPS]	0	525.665	77.627	0	58.092	0	0	0	0	
1	[SLPS]	0	525.920	77.785	0	58.094	0	0	0	0	
1	[SLPS]	0	525.920	77.785	0	58.094	0	0	0	0	
1	[SLPS]	0	526.404	78.111	0	58.081	0	0	0	0	
1	[SLPS]	0	526.404	78.111	0	58.081	0	0	0	0	
1	[SLPS]	0	526.664	78.250	0	58.125	0	0	0	0	
1	[SLPS]	0	526.904	78.409	0	58.131	0	0	0	0	
1	[SLPS]	0	526.904	78.409	0	58.131	0	0	0	0	
1	[SLPS]	0	527.400	78.718	0	58.188	0	0	0	0	
1	[SLPS]	0	527.400	78.718	0	58.188	0	0	0	0	
1	[SLPS]	0	527.645	78.861	0	58.230	0	0	0	0	
1	[SLPS]	0	527.890	79.014	0	58.268	0	0	0	0	
1	[SLPS]	0	527.890	79.014	0	58.268	0	0	0	0	
1	[SLPS]	0	528.385	79.320	0	58.359	0	0	0	0	
1	[SLPS]	0	528.385	79.320	0	58.359	0	0	0	0	
1	[SLPS]	0	528.644	79.471	0	58.412	0	0	0	0	
1	[SLPS]	0	528.887	79.620	0	58.457	0	0	0	0	
1	[SLPS]	0	528.887	79.620	0	58.457	0	0	0	0	
1	[SLPS]	0	529.388	79.924	0	58.548	0	0	0	0	
1	[SLPS]	0	529.388	79.924	0	58.548	0	0	0	0	
1	[SLPS]	0	529.637	80.074	0	58.599	0	0	0	0	
1	[SLPS]	0	529.883	80.237	0	58.630	0	0	0	0	
1	[SLPS]	0	530.134	80.386	0	58.683	0	0	0	0	
1	[SLPS]	0	530.382	80.537	0	58.724	0	0	0	0	
1	[SLPS]	0	530.382	80.537	0	58.724	0	0	0	0	
1	[SLPS]	0	530.630	80.679	0	58.778	0	0	0	0	
1	[SLPS]	0	530.875	80.832	0	58.813	0	0	0	0	
1	[SLPS]	0	531.123	80.991	0	58.842	0	0	0	0	
1	[SLPS]	0	531.378	81.132	0	58.900	0	0	0	0	
1	[SLPS]	0	531.378	81.132	0	58.900	0	0	0	0	
1	[SLPS]	0	531.867	81.449	0	58.987	0	0	0	0	
1	[SLPS]	0	531.867	81.449	0	58.987	0	0	0	0	
1	[SLPS]	0	532.124	81.585	0	59.058	0	0	0	0	
1	[SLPS]	0	532.373	81.734	0	59.100	0	0	0	0	
1	[SLPS]	0	532.373	81.734	0	59.100	0	0	0	0	
1	[SLPS]	0	532.878	82.032	0	59.187	0	0	0	0	
1	[SLPS]	0	532.878	82.032	0	59.187	0	0	0	0	
1	[SLPS]	0	533.133	82.179	0	59.238	0	0	0	0	
1	[SLPS]	0	533.384	82.327	0	59.286	0	0	0	0	
1	[SLPS]	0	533.384	82.327	0	59.286	0	0	0	0	
1	[SLPS]	0	533.885	82.623	0	59.378	0	0	0	0	
1	[SLPS]	0	533.885	82.623	0	59.378	0	0	0	0	
1	[SLPS]	0	534.132	82.773	0	59.421	0	0	0	0	
1	[SLPS]	0	534.380	82.922	0	59.464	0	0	0	0	
1	[SLPS]	0	534.380	82.922	0	59.464	0	0	0	0	
1	[SLPS]	0	534.881	83.216	0	59.552	0	0	0	0	
1	[SLPS]	0	534.881	83.216	0	59.552	0	0	0	0	
1	[SLPS]	0	535.130	83.374	0	59.586	0	0	0	0	
1	[SLPS]	0	535.378	83.524	0	59.625	0	0	0	0	
1	[SLPS]	0	535.378	83.524	0	59.625	0	0	0	0	
1	[SLPS]	0	535.873	83.823	0	59.705	0	0	0	0	
1	[SLPS]	0	535.873	83.823	0	59.705	0	0	0	0	
1	[SLPS]	0	536.125	83.977	0	59.741	0	0	0	0	
1	[SLPS]	0	536.373	84.125	0	59.772	0	0	0	0	
1	[SLPS]	0	536.625	84.270	0	59.798	0	0	0	0	
1	[SLPS]	0	536.882	84.415	0	59.818	0	0	0	0	
1	[SLPS]	0	536.882	84.415	0	59.818	0	0	0	0	
1	[SLPS]	0	537.384	84.706	0	59.821	0	0	0	0	
1	[SLPS]	0	537.384	84.706	0	59.821	0	0	0	0	
1	[SLPS]	0	537.644	84.850	0	59.827	0	0	0	0	
1	[SLPS]	0	537.891	84.992	0	59.830	0	0	0	0	
1	[SLPS]	0	537.891	84.992	0	59.830	0	0	0	0	
1	[SLPS]	0	538.149	85.136	0	59.848	0	0	0	0	
1	[SLPS]	0	538.401	85.282	0	59.845	0	0	0	0	
1	[SLPS]	0	538.638	85.432	0	59.826	0	0	0	0	
1	[SLPS]	0	538.892	85.579	0	59.829	0	0	0	0	
1	[SLPS]	0	538.892	85.579	0	59.829	0	0	0	0	
1	[SLPS]	0	539.144	85.723	0	59.835	0	0	0	0	
1	[SLPS]	0	539.395	85.869	0	59.841	0	0	0	0	
1	[SLPS]	0	539.395	85.869	0	59.841	0	0	0	0	
1	[SLPS]	0	539.898	86.163	0	59.857	0	0	0	0	
1	[SLPS]	0	539.898	86.163	0	59.857	0	0	0	0	
1	[SLPS]	0	540.144	86.310	0	59.858	0	0	0	0	
1	[SLPS]	0	540.395	86.455	0	59.869	0	0	0	0	
1	[SLPS]	0	540.642	86.602	0	59.858	0	0	0	0	
1	[SLPS]	0	540.892	86.750	0	59.850	0	0	0	0	
1	[SLPS]	0	540.892	86.750	0	59.850	0	0	0	0	
1	[SLPS]	0	541.137	86.897	0	59.849	0	0	0	0	
1	[SLPS]	0	541.383	87.038	0	59.853	0	0	0	0	
1	[SLPS]	0	541.383	87.038	0	59.853	0	0	0	0	
1	[SLPS]	0	541.887	87.331	0	59.865	0	0	0	0	
1	[SLPS]	0	541.887	87.331	0	59.865	0	0	0	0	
1	[SLPS]	0	542.138	87.477	0	59.869	0	0	0	0	
1	[SLPS]	0	542.386	87.624	0	59.873	0	0	0	0	
1	[SLPS]	0	542.645	87.770	0	59.878	0	0	0	0	
1	[SLPS]	0	542.895	87.914	0	59.879	0	0	0	0	
1	[SLPS]	0	542.895	87.914	0	59.879	0	0	0	0	
1	[SLPS]	0	543.398	88.211	0	59.884	0	0	0	0	
1	[SLPS]	0	543.398	88.211	0	59.884	0	0	0	0	
1	[SLPS]	0	543.398	88.211	0	59.884	0	0	0	0	
1	[SLPS]	0	543.896	88.495	0	59.888	0	0	0	0	
1	[SLPS]	0	543.896	88.495	0	59.888	0	0	0	0	
1	[SLPS]	0	544.150	88.642	0	59.887	0	0	0	0	
1	[SLPS]	0	544.396	88.790	0	59.888	0	0	0	0	
1	[SLPS]	0	544.396	88.790	0	59.888	0	0	0	0	
1	[SLPS]	0	544.895	89.084	0	59.904	0	0	0	0	
1	[SLPS]	0	544.895	89.084	0	59.904	0	0	0	0	
1	[SLPS]	0	545.144	89.233	0	59.910	0	0	0	0	
1	[SLPS]	0	545.392	89.377	0	59.915	0	0	0	0	
1	[SLPS]	0	545.392	89.377	0	59.915	0	0	0	0	
1	[SLPS]	0	545.891	89.670	0	59.917	0	0	0	0	
1	[SLPS]	0	545.891	89.670	0	59.917	0	0	0	0	
1	[SLPS]	0	546.148	89.816	0	59.925	0	0	0	0	
1	[SLPS]	0	546.398	89.965	0	59.921	0	0	0	0	
1	[SLPS]	0	546.398	89.965	0	59.921	0	0	0	0	
1	[SLPS]	0	546.896	90.255	0	59.940	0	0	0	0	
1	[SLPS]	0	546.896	90.255	0	59.940	0	0	0	0	
1	[SLPS]	0	547.148	90.399	0	59.944	0	0	0	0	
1	[SLPS]	0	547.400	90.544	0	59.944	0	0	0	0	
1	[SLPS]	0	547.400	90.544	0	59.944	0	0	0	0	
1	[SLPS]	0	547.916	90.824	0	59.956	0	0	0	0	
1	[SLPS]	0	547.916	90.824	0	59.956	0	0	0	0	
1	[SLPS]	0	548.163	90.965	0	59.961	0	0	0	0	
1	[SLPS]	0	548.413	91.108	0	59.963	0	0	0	0	
1	[SLPS]	0	548.663	91.248	0	59.962	0	0	0	0	
1	[SLPS]	0	548.902	91.398	0	59.957	0	0	0	0	
1	[SLPS]	0	548.902	91.398	0	59.957	0	0	0	0	
1	[SLPS]	0	549.158	91.540	0	59.973	0	0	0	0	
1	[SLPS]	0	549.401	91.688	0	59.967	0	0	0	0	
1	[SLPS]	0	549.636	91.840	0	59.952	0	0	0	0	
1	[SLPS]	0	549.889	91.980	0	59.965	0	0	0	0	
1	[SLPS]	0	549.889	91.980	0	59.965	0	0	0	0	
1	[SLPS]	0	550.360	92.276	0	59.947	0	0	0	0	
1	[SLPS]	0	550.360	92.276	0	59.947	0	0	0	0	
1	[SLPS]	0	550.594	92.428	0	59.927	0	0	0	0	
1	[SLPS]	0	550.846	92.568	0	59.928	0	0	0	0	
1	[SLPS]	0	550.846	92.568	0	59.928	0	0	0	0	
1	[SLPS]	0	551.323	92.868	0	59.914	0	0	0	0	
1	[SLPS]	0	551.323	92.868	0	59.914	0	0	0	0	
1	[SLPS]	0	551.573	93.012	0	59.920	0	0	0	0	
1	[SLPS]	0	551.822	93.156	0	59.920	0	0	0	0	
1	[SLPS]	0	551.822	93.156	0	59.920	0	0	0	0	
1	[SLPS]	0	552.312	93.448	0	59.917	0	0	0	0	
1	[SLPS]	0	552.312	93.448	0	59.917	0	0	0	0	
1	[SLPS]	0	552.558	93.596	0	59.911	0	0	0	0	
1	[SLPS]	0	552.806	93.740	0	59.910	0	0	0	0	
1	[SLPS]	0	552.806	93.740	0	59.910	0	0	0	0	
1	[SLPS]	0	553.303	94.024	0	59.905	0	0	0	0	
1	[SLPS]	0	553.303	94.024	0	59.905	0	0	0	0	
1	[SLPS]	0	553.552	94.156	0	59.906	0	0	0	0	
1	[SLPS]	0	553.798	94.297	0	59.917	0	0	0	0	
1	[SLPS]	0	553.798	94.297	0	59.917	0	0	0	0	
1	[SLPS]	0	554.289	94.567	0	59.930	0	0	0	0	
1	[SLPS]	0	554.289	94.567	0	59.930	0	0	0	0	
1	[SLPS]	0	554.527	94.719	0	59.924	0	0	0	0	
1	[SLPS]	0	554.769	94.860	0	59.928	0	0	0	0	
1	[SLPS]	0	554.769	94.860	0	59.928	0	0	0	0	
1	[SLPS]	0	555.248	95.143	0	59.921	0	0	0	0	
1	[SLPS]	0	555.248	95.143	0	59.921	0	0	0	0	
1	[SLPS]	0	555.503	95.274	0	59.937	0	0	0	0	
1	[SLPS]	0	555.736	95.418	0	59.923	0	0	0	0	
1	[SLPS]	0	555.736	95.418	0	59.923	0	0	0	0	
1	[SLPS]	0	556.221	95.687	0	59.943	0	0	0	0	
1	[SLPS]	0	556.221	95.687	0	59.943	0	0	0	0	
1	[SLPS]	0	556.463	95.837	0	59.935	0	0	0	0	
1	[SLPS]	0	556.696	95.986	0	59.929	0	0	0	0	
1	[SLPS]	0	556.696	95.986	0	59.929	0	0	0	0	
1	[SLPS]	0	557.173	96.276	0	59.918	0	0	0	0	
1	[SLPS]	0	557.173	96.276	0	59.918	0	0	0	0	
1	[SLPS]	0	557.404	96.417	0	59.907	0	0	0	0	
1	[SLPS]	0	557.646	96.560	0	59.910	0	0	0	0	
1	[SLPS]	0	557.646	96.560	0	59.910	0	0	0	0	
1	[SLPS]	0	558.127	96.833	0	59.927	0	0	0	0	
1	[SLPS]	0	558.127	96.833	0	59.927	0	0	0	0	
1	[SLPS]	0	558.362	96.977	0	59.921	0	0	0	0	
1	[SLPS]	0	558.613	97.108	0	59.943	0	0	0	0	
1	[SLPS]	0	558.613	97.108	0	59.943	0	0	0	0	
1	[SLPS]	0	559.091	97.388	0	59.947	0	0	0	0	
1	[SLPS]	0	559.091	97.388	0	59.947	0	0	0	0	
1	[SLPS]	0	559.327	97.523	0	59.947	0	0	0	0	
1	[SLPS]	0	559.564	97.662	0	59.940	0	0	0	0	
1	[SLPS]	0	559.799	97.804	0	59.929	0	0	0	0	
1	[SLPS]	0	560.034	97.941	0	59.946	0	0	0	0	
1	[SLPS]	0	560.034	97.941	0	59.946	0	0	0	0	
1	[SLPS]	0	560.506	98.217	0	59.940	0	0	0	0	
1	[SLPS]	0	560.506	98.217	0	59.940	0	0	0	0	
1	[SLPS]	0	560.757	98.352	0	59.940	0	0	0	0	
1	[SLPS]	0	560.993	98.488	0	59.922	0	0	0	0	
1	[SLPS]	0	560.993	98.488	0	59.922	0	0	0	0	
1	[SLPS]	0	561.483	98.760	0	59.915	0	0	0	0	
1	[SLPS]	0	561.483	98.760	0	59.915	0	0	0	0	
1	[SLPS]	0	561.725	98.888	0	59.919	0	0	0	0	
1	[SLPS]	0	561.962	99.023	0	59.922	0	0	0	0	
1	[SLPS]	0	561.962	99.023	0	59.922	0	0	0	0	
1	[SLPS]	0	562.425	99.290	0	59.919	0	0	0	0	
1	[SLPS]	0	562.425	99.290	0	59.919	0	0	0	0	
1	[SLPS]	0	562.658	99.424	0	59.919	0	0	0	0	
1	[SLPS]	0	562.888	99.562	0	59.911	0	0	0	0	
1	[SLPS]	0	562.888	99.562	0	59.911	0	0	0	0	
1	[SLPS]	0	563.343	99.840	0	59.899	0	0	0	0	
1	[SLPS]	0	563.343	99.840	0	59.899	0	0	0	0	
1	[SLPS]	0	563.573	99.974	0	59.901	0	0	0	0	
1	[SLPS]	0	563.805	100.102	0	59.905	0	0	0	0	
1	[SLPS]	0	563.805	100.102	0	59.905	0	0	0	0	
1	[SLPS]	0	564.256	100.384	0	59.872	0	0	0	0	
1	[SLPS]	0	564.256	100.384	0	59.872	0	0	0	0	
1	[SLPS]	0	564.488	100.517	0	59.875	0	0	0	0	
1	[SLPS]	0	564.719	100.651	0	59.882	0	0	0	0	
1	[SLPS]	0	564.719	100.651	0	59.882	0	0	0	0	
1	[SLPS]	0	565.177	100.921	0	59.877	0	0	0	0	
1	[SLPS]	0	565.177	100.921	0	59.877	0	0	0	0	
1	[SLPS]	0	565.412	101.059	0	59.868	0	0	0	0	
1	[SLPS]	0	565.641	101.188	0	59.876	0	0	0	0	
1	[SLPS]	0	565.641	101.188	0	59.876	0	0	0	0	
1	[SLPS]	0	566.102	101.459	0	59.873	0	0	0	0	
1	[SLPS]	0	566.102	101.459	0	59.873	0	0	0	0	
1	[SLPS]	0	566.332	101.591	0	59.875	0	0	0	0	
1	[SLPS]	0	566.560	101.725	0	59.873	0	0	0	0	
1	[SLPS]	0	566.560	101.725	0	59.873	0	0	0	0	
1	[SLPS]	0	567.015	101.976	0	59.886	0	0	0	0	
1	[SLPS]	0	567.015	101.976	0	59.886	0	0	0	0	
1	[SLPS]	0	567.241	102.111	0	59.881	0	0	0	0	
1	[SLPS]	0	567.466	102.238	0	59.882	0	0	0	0	
1	[SLPS]	0	567.466	102.238	0	59.882	0	0	0	0	
1	[SLPS]	0	567.920	102.507	0	59.882	0	0	0	0	
1	[SLPS]	0	567.920	102.507	0	59.882	0	0	0	0	
1	[SLPS]	0	568.148	102.644	0	59.877	0	0	0	0	
1	[SLPS]	0	568.374	102.777	0	59.873	0	0	0	0	
1	[SLPS]	0	568.600	102.904	0	59.880	0	0	0	0	
1	[SLPS]	0	568.828	103.036	0	59.882	0	0	0	0	
1	[SLPS]	0	568.828	103.036	0	59.882	0	0	0	0	
1	[SLPS]	0	569.051	103.168	0	59.878	0	0	0	0	
1	[SLPS]	0	569.277	103.298	0	59.875	0	0	0	0	
1	[SLPS]	0	569.277	103.298	0	59.875	0	0	0	0	
1	[SLPS]	0	569.736	103.569	0	59.869	0	0	0	0	
1	[SLPS]	0	569.736	103.569	0	59.869	0	0	0	0	
1	[SLPS]	0	569.967	103.705	0	59.867	0	0	0	0	
1	[SLPS]	0	570.189	103.833	0	59.870	0	0	0	0	
1	[SLPS]	0	570.418	103.970	0	59.863	0	0	0	0	
1	[SLPS]	0	570.648	104.112	0	59.857	0	0	0	0	
1	[SLPS]	0	570.648	104.112	0	59.857	0	0	0	0	
1	[SLPS]	0	571.104	104.377	0	59.868	0	0	0	0	
1	[SLPS]	0	571.104	104.377	0	59.868	0	0	0	0	
1	[SLPS]	0	571.335	104.504	0	59.870	0	0	0	0	
1	[SLPS]	0	571.568	104.639	0	59.868	0	0	0	0	
1	[SLPS]	0	571.568	104.639	0	59.868	0	0	0	0	
1	[SLPS]	0	572.024	104.914	0	59.868	0	0	0	0	
1	[SLPS]	0	572.024	104.914	0	59.868	0	0	0	0	
1	[SLPS]	0	572.258	105.047	0	59.875	0	0	0	0	
1	[SLPS]	0	572.496	105.183	0	59.879	0	0	0	0	
1	[SLPS]	0	572.496	105.183	0	59.879	0	0	0	0	
1	[SLPS]	0	572.961	105.453	0	59.888	0	0	0	0	
1	[SLPS]	0	572.961	105.453	0	59.888	0	0	0	0	
1	[SLPS]	0	573.191	105.592	0	59.882	0	0	0	0	
1	[SLPS]	0	573.423	105.729	0	59.878	0	0	0	0	
1	[SLPS]	0	573.423	105.729	0	59.878	0	0	0	0	
1	[SLPS]	0	573.898	105.995	0	59.884	0	0	0	0	
1	[SLPS]	0	573.898	105.995	0	59.884	0	0	0	0	
1	[SLPS]	0	574.128	106.138	0	59.883	0	0	0	0	
1	[SLPS]	0	574.364	106.277	0	59.890	0	0	0	0	
1	[SLPS]	0	574.364	106.277	0	59.890	0	0	0	0	
1	[SLPS]	0	574.842	106.546	0	59.903	0	0	0	0	
1	[SLPS]	0	574.842	106.546	0	59.903	0	0	0	0	
1	[SLPS]	0	575.078	106.689	0	59.897	0	0	0	0	
1	[SLPS]	0	575.322	106.824	0	59.902	0	0	0	0	
1	[SLPS]	0	575.322	106.824	0	59.902	0	0	0	0	
1	[SLPS]	0	575.794	107.105	0	59.889	0	0	0	0	
1	[SLPS]	0	575.794	107.105	0	59.889	0	0	0	0	
1	[SLPS]	0	576.023	107.253	0	59.873	0	0	0	0	
1	[SLPS]	0	576.255	107.399	0	59.869	0	0	0	0	
1	[SLPS]	0	576.255	107.399	0	59.869	0	0	0	0	
1	[SLPS]	0	576.730	107.678	0	59.879	0	0	0	0	
1	[SLPS]	0	576.730	107.678	0	59.879	0	0	0	0	
1	[SLPS]	0	576.972	107.817	0	59.887	0	0	0	0	
1	[SLPS]	0	577.212	107.955	0	59.892	0	0	0	0	
1	[SLPS]	0	577.453	108.094	0	59.889	0	0	0	0	
1	[SLPS]	0	577.693	108.236	0	59.888	0	0	0	0	
1	[SLPS]	0	577.693	108.236	0	59.888	0	0	0	0	
1	[SLPS]	0	578.169	108.513	0	59.888	0	0	0	0	
1	[SLPS]	0	578.169	108.513	0	59.888	0	0	0	0	
1	[SLPS]	0	578.418	108.650	0	59.895	0	0	0	0	
1	[SLPS]	0	578.665	108.794	0	59.895	0	0	0	0	
1	[SLPS]	0	578.665	108.794	0	59.895	0	0	0	0	
1	[SLPS]	0	579.160	109.076	0	59.901	0	0	0	0	
1	[SLPS]	0	579.160	109.076	0	59.901	0	0	0	0	
1	[SLPS]	0	579.404	109.220	0	59.897	0	0	0	0	
1	[SLPS]	0	579.644	109.367	0	59.888	0	0	0	0	
1	[SLPS]	0	579.644	109.367	0	59.888	0	0	0	0	
1	[SLPS]	0	580.134	109.642	0	59.899	0	0	0	0	
1	[SLPS]	0	580.134	109.642	0	59.899	0	0	0	0	
1	[SLPS]	0	580.381	109.787	0	59.903	0	0	0	0	
1	[SLPS]	0	580.626	109.930	0	59.901	0	0	0	0	
1	[SLPS]	0	580.626	109.930	0	59.901	0	0	0	0	
1	[SLPS]	0	580.866	110.071	0	59.898	0	0	0	0	
1	[SLPS]	0	581.107	110.222	0	59.888	0	0	0	0	
1	[SLPS]	0	581.355	110.356	0	59.898	0	0	0	0	
1	[SLPS]	0	581.584	110.507	0	59.882	0	0	0	0	
1	[SLPS]	0	581.584	110.507	0	59.882	0	0	0	0	
1	[SLPS]	0	582.083	110.788	0	59.910	0	0	0	0	
1	[SLPS]	0	582.083	110.788	0	59.910	0	0	0	0	
1	[SLPS]	0	582.328	110.929	0	59.923	0	0	0	0	
1	[SLPS]	0	582.567	111.077	0	59.918	0	0	0	0	
1	[SLPS]	0	582.567	111.077	0	59.918	0	0	0	0	
1	[SLPS]	0	583.058	111.357	0	59.936	0	0	0	0	
1	[SLPS]	0	583.058	111.357	0	59.936	0	0	0	0	
1	[SLPS]	0	583.301	111.500	0	59.950	0	0	0	0	
1	[SLPS]	0	583.545	111.648	0	59.959	0	0	0	0	
1	[SLPS]	0	583.545	111.648	0	59.959	0	0	0	0	
1	[SLPS]	0	584.035	111.925	0	60.002	0	0	0	0	
1	[SLPS]	0	584.035	111.925	0	60.002	0	0	0	0	
1	[SLPS]	0	584.267	112.081	0	60.001	0	0	0	0	
1	[SLPS]	0	584.513	112.216	0	60.031	0	0	0	0	
1	[SLPS]	0	584.513	112.216	0	60.031	0	0	0	0	
1	[SLPS]	0	584.997	112.502	0	60.057	0	0	0	0	
1	[SLPS]	0	584.997	112.502	0	60.057	0	0	0	0	
1	[SLPS]	0	585.243	112.640	0	60.080	0	0	0	0	
1	[SLPS]	0	585.490	112.785	0	60.102	0	0	0	0	
1	[SLPS]	0	585.490	112.785	0	60.102	0	0	0	0	
1	[SLPS]	0	585.976	113.058	0	60.119	0	0	0	0	
1	[SLPS]	0	585.976	113.058	0	60.119	0	0	0	0	
1	[SLPS]	0	586.223	113.196	0	60.135	0	0	0	0	
1	[SLPS]	0	586.465	113.333	0	60.150	0	0	0	0	
1	[SLPS]	0	586.465	113.333	0	60.150	0	0	0	0	
1	[SLPS]	0	586.956	113.614	0	60.183	0	0	0	0	
1	[SLPS]	0	586.956	113.614	0	60.183	0	0	0	0	
1	[SLPS]	0	587.205	113.751	0	60.211	0	0	0	0	
1	[SLPS]	0	587.439	113.894	0	60.225	0	0	0	0	
1	[SLPS]	0	587.685	114.033	0	60.251	0	0	0	0	
1	[SLPS]	0	587.930	114.179	0	60.259	0	0	0	0	
1	[SLPS]	0	587.930	114.179	0	60.259	0	0	0	0	
1	[SLPS]	0	588.422	114.457	0	60.278	0	0	0	0	
1	[SLPS]	0	588.422	114.457	0	60.278	0	0	0	0	
1	[SLPS]	0	588.668	114.597	0	60.295	0	0	0	0	
1	[SLPS]	0	588.911	114.735	0	60.316	0	0	0	0	
1	[SLPS]	0	588.911	114.735	0	60.316	0	0	0	0	
1	[SLPS]	0	589.398	115.025	0	60.340	0	0	0	0	
1	[SLPS]	0	589.398	115.025	0	60.340	0	0	0	0	
1	[SLPS]	0	589.639	115.173	0	60.352	0	0	0	0	
1	[SLPS]	0	589.889	115.307	0	60.379	0	0	0	0	
1	[SLPS]	0	589.889	115.307	0	60.379	0	0	0	0	
1	[SLPS]	0	590.382	115.583	0	60.410	0	0	0	0	
1	[SLPS]	0	590.382	115.583	0	60.410	0	0	0	0	
1	[SLPS]	0	590.620	115.718	0	60.426	0	0	0	0	
1	[SLPS]	0	590.868	115.861	0	60.443	0	0	0	0	
1	[SLPS]	0	590.868	115.861	0	60.443	0	0	0	0	
1	[SLPS]	0	591.361	116.144	0	60.471	0	0	0	0	
1	[SLPS]	0	591.361	116.144	0	60.471	0	0	0	0	
1	[SLPS]	0	591.603	116.278	0	60.487	0	0	0	0	
1	[SLPS]	0	591.852	116.420	0	60.501	0	0	0	0	
1	[SLPS]	0	591.852	116.420	0	60.501	0	0	0	0	
1	[SLPS]	0	592.338	116.711	0	60.522	0	0	0	0	
1	[SLPS]	0	592.338	116.711	0	60.522	0	0	0	0	
1	[SLPS]	0	592.593	116.844	0	60.554	0	0	0	0	
1	[SLPS]	0	592.839	116.985	0	60.575	0	0	0	0	
1	[SLPS]	0	592.839	116.985	0	60.575	0	0	0	0	
1	[SLPS]	0	593.336	117.262	0	60.618	0	0	0	0	
1	[SLPS]	0	593.336	117.262	0	60.618	0	0	0	0	
1	[SLPS]	0	593.579	117.402	0	60.623	0	0	0	0	
1	[SLPS]	0	593.829	117.550	0	60.630	0	0	0	0	
1	[SLPS]	0	593.829	117.550	0	60.630	0	0	0	0	
1	[SLPS]	0	594.322	117.832	0	60.667	0	0	0	0	
1	[SLPS]	0	594.322	117.832	0	60.667	0	0	0	0	
1	[SLPS]	0	594.570	117.978	0	60.676	0	0	0	0	
1	[SLPS]	0	594.819	118.123	0	60.693	0	0	0	0	
1	[SLPS]	0	594.819	118.123	0	60.693	0	0	0	0	
1	[SLPS]	0	595.322	118.397	0	60.738	0	0	0	0	
1	[SLPS]	0	595.322	118.397	0	60.738	0	0	0	0	
1	[SLPS]	0	595.566	118.528	0	60.757	0	0	0	0	
1	[SLPS]	0	595.810	118.675	0	60.760	0	0	0	0	
1	[SLPS]	0	595.810	118.675	0	60.760	0	0	0	0	
1	[SLPS]	0	596.305	118.950	0	60.789	0	0	0	0	
1	[SLPS]	0	596.305	118.950	0	60.789	0	0	0	0	
1	[SLPS]	0	596.554	119.088	0	60.805	0	0	0	0	
1	[SLPS]	0	596.798	119.228	0	60.819	0	0	0	0	
1	[SLPS]	0	596.798	119.228	0	60.819	0	0	0	0	
1	[SLPS]	0	597.299	119.507	0	60.856	0	0	0	0	
1	[SLPS]	0	597.299	119.507	0	60.856	0	0	0	0	
1	[SLPS]	0	597.793	119.781	0	60.889	0	0	0	0	
1	[SLPS]	0	597.793	119.781	0	60.889	0	0	0	0	
1	[SLPS]	0	598.043	119.922	0	60.906	0	0	0	0	
1	[SLPS]	0	598.285	120.065	0	60.918	0	0	0	0	
1	[SLPS]	0	598.285	120.065	0	60.918	0	0	0	0	
1	[SLPS]	0	598.779	120.339	0	60.960	0	0	0	0	
1	[SLPS]	0	598.779	120.339	0	60.960	0	0	0	0	
1	[SLPS]	0	599.040	120.482	0	60.979	0	0	0	0	
1	[SLPS]	0	599.287	120.617	0	60.999	0	0	0	0	
1	[SLPS]	0	599.287	120.617	0	60.999	0	0	0	0	
1	[SLPS]	0	599.782	120.903	0	61.023	0	0	0	0	
1	[SLPS]	0	599.782	120.903	0	61.023	0	0	0	0	
1	[SLPS]	0	600.037	121.039	0	61.041	0	0	0	0	
1	[SLPS]	0	600.286	121.178	0	61.058	0	0	0	0	
1	[SLPS]	0	600.286	121.178	0	61.058	0	0	0	0	
1	[SLPS]	0	600.780	121.451	0	61.103	0	0	0	0	
1	[SLPS]	0	600.780	121.451	0	61.103	0	0	0	0	
1	[SLPS]	0	601.029	121.588	0	61.116	0	0	0	0	
1	[SLPS]	0	601.279	121.727	0	61.127	0	0	0	0	
1	[SLPS]	0	601.279	121.727	0	61.127	0	0	0	0	
1	[SLPS]	0	601.781	122.004	0	61.160	0	0	0	0	
1	[SLPS]	0	601.781	122.004	0	61.160	0	0	0	0	
1	[SLPS]	0	602.028	122.144	0	61.171	0	0	0	0	
1	[SLPS]	0	602.285	122.289	0	61.173	0	0	0	0	
1	[SLPS]	0	602.285	122.289	0	61.173	0	0	0	0	
1	[SLPS]	0	602.793	122.560	0	61.172	0	0	0	0	
1	[SLPS]	0	602.793	122.560	0	61.172	0	0	0	0	
1	[SLPS]	0	603.039	122.699	0	61.159	0	0	0	0	
1	[SLPS]	0	603.285	122.838	0	61.148	0	0	0	0	
1	[SLPS]	0	603.285	122.838	0	61.148	0	0	0	0	
1	[SLPS]	0	603.799	123.115	0	61.152	0	0	0	0	
1	[SLPS]	0	603.799	123.115	0	61.152	0	0	0	0	
1	[SLPS]	0	604.044	123.260	0	61.136	0	0	0	0	
1	[SLPS]	0	604.300	123.396	0	61.132	0	0	0	0	
1	[SLPS]	0	604.542	123.536	0	61.101	0	0	0	0	
1	[SLPS]	0	604.793	123.682	0	61.062	0	0	0	0	
1	[SLPS]	0	604.793	123.682	0	61.062	0	0	0	0	
1	[SLPS]	0	605.302	123.959	0	61.007	0	0	0	0	
1	[SLPS]	0	605.302	123.959	0	61.007	0	0	0	0	
1	[SLPS]	0	605.543	124.106	0	60.980	0	0	0	0	
1	[SLPS]	0	605.798	124.252	0	60.970	0	0	0	0	
1	[SLPS]	0	605.798	124.252	0	60.970	0	0	0	0	
1	[SLPS]	0	606.301	124.540	0	60.940	0	0	0	0	
1	[SLPS]	0	606.301	124.540	0	60.940	0	0	0	0	
1	[SLPS]	0	606.547	124.689	0	60.915	0	0	0	0	
1	[SLPS]	0	606.796	124.817	0	60.910	0	0	0	0	
1	[SLPS]	0	606.796	124.817	0	60.910	0	0	0	0	
1	[SLPS]	0	607.297	125.107	0	60.867	0	0	0	0	
1	[SLPS]	0	607.297	125.107	0	60.867	0	0	0	0	
1	[SLPS]	0	607.541	125.251	0	60.843	0	0	0	0	
1	[SLPS]	0	607.798	125.388	0	60.836	0	0	0	0	
1	[SLPS]	0	607.798	125.388	0	60.836	0	0	0	0	
1	[SLPS]	0	608.296	125.664	0	60.804	0	0	0	0	
1	[SLPS]	0	608.296	125.664	0	60.804	0	0	0	0	
1	[SLPS]	0	608.557	125.792	0	60.805	0	0	0	0	
1	[SLPS]	0	608.822	125.929	0	60.800	0	0	0	0	
1	[SLPS]	0	608.822	125.929	0	60.800	0	0	0	0	
1	[SLPS]	0	609.313	126.223	0	60.751	0	0	0	0	
1	[SLPS]	0	609.313	126.223	0	60.751	0	0	0	0	
1	[SLPS]	0	609.564	126.358	0	60.748	0	0	0	0	
1	[SLPS]	0	609.814	126.498	0	60.721	0	0	0	0	
1	[SLPS]	0	609.814	126.498	0	60.721	0	0	0	0	
1	[SLPS]	0	610.314	126.774	0	60.716	0	0	0	0	
1	[SLPS]	0	610.314	126.774	0	60.716	0	0	0	0	
1	[SLPS]	0	610.567	126.913	0	60.705	0	0	0	0	
1	[SLPS]	0	610.812	127.062	0	60.679	0	0	0	0	
1	[SLPS]	0	610.812	127.062	0	60.679	0	0	0	0	
1	[SLPS]	0	611.299	127.337	0	60.653	0	0	0	0	
1	[SLPS]	0	611.299	127.337	0	60.653	0	0	0	0	
1	[SLPS]	0	611.549	127.473	0	60.641	0	0	0	0	
1	[SLPS]	0	611.795	127.615	0	60.614	0	0	0	0	
1	[SLPS]	0	611.795	127.615	0	60.614	0	0	0	0	
1	[SLPS]	0	612.279	127.899	0	60.562	0	0	0	0	
1	[SLPS]	0	612.279	127.899	0	60.562	0	0	0	0	
1	[SLPS]	0	612.525	128.043	0	60.555	0	0	0	0	
1	[SLPS]	0	612.771	128.184	0	60.549	0	0	0	0	
1	[SLPS]	0	612.771	128.184	0	60.549	0	0	0	0	
1	[SLPS]	0	613.260	128.464	0	60.527	0	0	0	0	
1	[SLPS]	0	613.260	128.464	0	60.527	0	0	0	0	
1	[SLPS]	0	613.513	128.603	0	60.517	0	0	0	0	
1	[SLPS]	0	613.755	128.742	0	60.499	0	0	0	0	
1	[SLPS]	0	613.755	128.742	0	60.499	0	0	0	0	
1	[SLPS]	0	614.251	129.021	0	60.463	0	0	0	0	
1	[SLPS]	0	614.251	129.021	0	60.463	0	0	0	0	
1	[SLPS]	0	614.497	129.157	0	60.449	0	0	0	0	
1	[SLPS]	0	614.736	129.295	0	60.438	0	0	0	0	
1	[SLPS]	0	614.736	129.295	0	60.438	0	0	0	0	
1	[SLPS]	0	615.221	129.573	0	60.439	0	0	0	0	
1	[SLPS]	0	615.221	129.573	0	60.439	0	0	0	0	
1	[SLPS]	0	615.459	129.711	0	60.433	0	0	0	0	
1	[SLPS]	0	615.696	129.857	0	60.429	0	0	0	0	
1	[SLPS]	0	615.696	129.857	0	60.429	0	0	0	0	
1	[SLPS]	0	616.178	130.120	0	60.448	0	0	0	0	
1	[SLPS]	0	616.178	130.120	0	60.448	0	0	0	0	
1	[SLPS]	0	616.411	130.269	0	60.428	0	0	0	0	
1	[SLPS]	0	616.652	130.404	0	60.424	0	0	0	0	
1	[SLPS]	0	616.888	130.537	0	60.417	0	0	0	0	
1	[SLPS]	0	617.125	130.673	0	60.407	0	0	0	0	
1	[SLPS]	0	617.125	130.673	0	60.407	0	0	0	0	
1	[SLPS]	0	617.603	130.939	0	60.378	0	0	0	0	
1	[SLPS]	0	617.603	130.939	0	60.378	0	0	0	0	
1	[SLPS]	0	617.841	131.078	0	60.358	0	0	0	0	
1	[SLPS]	0	618.066	131.214	0	60.334	0	0	0	0	
