3	[SLPS]	0	235.604	-330.187	0	239.083	0	0	0	0	
3	[SLPS]	0	235.405	-330.309	0	239.067	0	0	0	0	
3	[SLPS]	0	235.195	-330.427	0	239.057	0	0	0	0	
3	[SLPS]	0	235.195	-330.427	0	239.057	0	0	0	0	
3	[SLPS]	0	234.788	-330.679	0	239.030	0	0	0	0	
3	[SLPS]	0	234.788	-330.679	0	239.030	0	0	0	0	
3	[SLPS]	0	234.581	-330.799	0	239.023	0	0	0	0	
3	[SLPS]	0	234.372	-330.930	0	239.007	0	0	0	0	
3	[SLPS]	0	234.372	-330.930	0	239.007	0	0	0	0	
3	[SLPS]	0	233.963	-331.176	0	238.968	0	0	0	0	
3	[SLPS]	0	233.963	-331.176	0	238.968	0	0	0	0	
3	[SLPS]	0	233.760	-331.298	0	238.950	0	0	0	0	
3	[SLPS]	0	233.556	-331.422	0	238.940	0	0	0	0	
3	[SLPS]	0	233.556	-331.422	0	238.940	0	0	0	0	
3	[SLPS]	0	233.147	-331.671	0	238.954	0	0	0	0	
3	[SLPS]	0	233.147	-331.671	0	238.954	0	0	0	0	
3	[SLPS]	0	232.945	-331.790	0	238.982	0	0	0	0	
3	[SLPS]	0	232.742	-331.911	0	239.013	0	0	0	0	
3	[SLPS]	0	232.742	-331.911	0	239.013	0	0	0	0	
3	[SLPS]	0	232.339	-332.178	0	239.053	0	0	0	0	
3	[SLPS]	0	232.339	-332.178	0	239.053	0	0	0	0	
3	[SLPS]	0	232.141	-332.305	0	239.066	0	0	0	0	
3	[SLPS]	0	231.936	-332.426	0	239.090	0	0	0	0	
3	[SLPS]	0	231.734	-332.545	0	239.121	0	0	0	0	
3	[SLPS]	0	231.532	-332.667	0	239.146	0	0	0	0	
3	[SLPS]	0	231.532	-332.667	0	239.146	0	0	0	0	
3	[SLPS]	0	231.129	-332.912	0	239.187	0	0	0	0	
3	[SLPS]	0	231.129	-332.912	0	239.187	0	0	0	0	
3	[SLPS]	0	230.928	-333.028	0	239.205	0	0	0	0	
3	[SLPS]	0	230.728	-333.149	0	239.223	0	0	0	0	
3	[SLPS]	0	230.728	-333.149	0	239.223	0	0	0	0	
3	[SLPS]	0	230.323	-333.388	0	239.254	0	0	0	0	
3	[SLPS]	0	230.323	-333.388	0	239.254	0	0	0	0	
3	[SLPS]	0	230.121	-333.505	0	239.266	0	0	0	0	
3	[SLPS]	0	229.925	-333.625	0	239.274	0	0	0	0	
3	[SLPS]	0	229.925	-333.625	0	239.274	0	0	0	0	
3	[SLPS]	0	229.522	-333.862	0	239.295	0	0	0	0	
3	[SLPS]	0	229.522	-333.862	0	239.295	0	0	0	0	
3	[SLPS]	0	229.319	-333.979	0	239.306	0	0	0	0	
3	[SLPS]	0	229.120	-334.091	0	239.320	0	0	0	0	
3	[SLPS]	0	229.120	-334.091	0	239.320	0	0	0	0	
3	[SLPS]	0	228.723	-334.333	0	239.322	0	0	0	0	
3	[SLPS]	0	228.723	-334.333	0	239.322	0	0	0	0	
3	[SLPS]	0	228.526	-334.454	0	239.323	0	0	0	0	
3	[SLPS]	0	228.330	-334.584	0	239.323	0	0	0	0	
3	[SLPS]	0	228.330	-334.584	0	239.323	0	0	0	0	
3	[SLPS]	0	227.935	-334.820	0	239.350	0	0	0	0	
3	[SLPS]	0	227.935	-334.820	0	239.350	0	0	0	0	
3	[SLPS]	0	227.742	-334.944	0	239.353	0	0	0	0	
3	[SLPS]	0	227.546	-335.063	0	239.358	0	0	0	0	
3	[SLPS]	0	227.546	-335.063	0	239.358	0	0	0	0	
3	[SLPS]	0	227.158	-335.293	0	239.374	0	0	0	0	
3	[SLPS]	0	227.158	-335.293	0	239.374	0	0	0	0	
3	[SLPS]	0	226.962	-335.408	0	239.385	0	0	0	0	
3	[SLPS]	0	226.767	-335.525	0	239.389	0	0	0	0	
3	[SLPS]	0	226.573	-335.632	0	239.395	0	0	0	0	
3	[SLPS]	0	226.378	-335.745	0	239.402	0	0	0	0	
3	[SLPS]	0	226.378	-335.745	0	239.402	0	0	0	0	
3	[SLPS]	0	225.988	-335.980	0	239.419	0	0	0	0	
3	[SLPS]	0	225.988	-335.980	0	239.419	0	0	0	0	
3	[SLPS]	0	225.793	-336.092	0	239.429	0	0	0	0	
3	[SLPS]	0	225.597	-336.204	0	239.437	0	0	0	0	
3	[SLPS]	0	225.597	-336.204	0	239.437	0	0	0	0	
3	[SLPS]	0	225.217	-336.435	0	239.446	0	0	0	0	
3	[SLPS]	0	225.217	-336.435	0	239.446	0	0	0	0	
3	[SLPS]	0	225.026	-336.548	0	239.454	0	0	0	0	
3	[SLPS]	0	224.829	-336.660	0	239.468	0	0	0	0	
3	[SLPS]	0	224.829	-336.660	0	239.468	0	0	0	0	
3	[SLPS]	0	224.635	-336.775	0	239.473	0	0	0	0	
3	[SLPS]	0	224.441	-336.888	0	239.481	0	0	0	0	
3	[SLPS]	0	224.441	-336.888	0	239.481	0	0	0	0	
3	[SLPS]	0	224.057	-337.118	0	239.495	0	0	0	0	
3	[SLPS]	0	224.057	-337.118	0	239.495	0	0	0	0	
3	[SLPS]	0	223.867	-337.228	0	239.505	0	0	0	0	
3	[SLPS]	0	223.676	-337.341	0	239.511	0	0	0	0	
3	[SLPS]	0	223.484	-337.454	0	239.521	0	0	0	0	
3	[SLPS]	0	223.294	-337.572	0	239.525	0	0	0	0	
3	[SLPS]	0	223.294	-337.572	0	239.525	0	0	0	0	
3	[SLPS]	0	222.913	-337.797	0	239.536	0	0	0	0	
3	[SLPS]	0	222.913	-337.797	0	239.536	0	0	0	0	
3	[SLPS]	0	222.726	-337.909	0	239.547	0	0	0	0	
3	[SLPS]	0	222.535	-338.024	0	239.558	0	0	0	0	
3	[SLPS]	0	222.535	-338.024	0	239.558	0	0	0	0	
3	[SLPS]	0	222.346	-338.137	0	239.559	0	0	0	0	
3	[SLPS]	0	222.160	-338.240	0	239.559	0	0	0	0	
3	[SLPS]	0	221.970	-338.352	0	239.552	0	0	0	0	
3	[SLPS]	0	221.783	-338.460	0	239.549	0	0	0	0	
3	[SLPS]	0	221.783	-338.460	0	239.549	0	0	0	0	
3	[SLPS]	0	221.411	-338.686	0	239.531	0	0	0	0	
3	[SLPS]	0	221.411	-338.686	0	239.531	0	0	0	0	
3	[SLPS]	0	221.226	-338.792	0	239.535	0	0	0	0	
3	[SLPS]	0	221.044	-338.902	0	239.531	0	0	0	0	
3	[SLPS]	0	221.044	-338.902	0	239.531	0	0	0	0	
3	[SLPS]	0	220.676	-339.119	0	239.529	0	0	0	0	
3	[SLPS]	0	220.676	-339.119	0	239.529	0	0	0	0	
3	[SLPS]	0	220.488	-339.226	0	239.533	0	0	0	0	
3	[SLPS]	0	220.304	-339.335	0	239.535	0	0	0	0	
3	[SLPS]	0	220.304	-339.335	0	239.535	0	0	0	0	
3	[SLPS]	0	219.929	-339.556	0	239.534	0	0	0	0	
3	[SLPS]	0	219.929	-339.556	0	239.534	0	0	0	0	
3	[SLPS]	0	219.744	-339.665	0	239.532	0	0	0	0	
3	[SLPS]	0	219.565	-339.779	0	239.521	0	0	0	0	
3	[SLPS]	0	219.565	-339.779	0	239.521	0	0	0	0	
3	[SLPS]	0	219.194	-339.996	0	239.517	0	0	0	0	
3	[SLPS]	0	219.194	-339.996	0	239.517	0	0	0	0	
3	[SLPS]	0	219.008	-340.108	0	239.517	0	0	0	0	
3	[SLPS]	0	218.831	-340.218	0	239.511	0	0	0	0	
3	[SLPS]	0	218.831	-340.218	0	239.511	0	0	0	0	
3	[SLPS]	0	218.472	-340.434	0	239.504	0	0	0	0	
3	[SLPS]	0	218.472	-340.434	0	239.504	0	0	0	0	
3	[SLPS]	0	218.293	-340.539	0	239.496	0	0	0	0	
3	[SLPS]	0	218.114	-340.643	0	239.489	0	0	0	0	
3	[SLPS]	0	218.114	-340.643	0	239.489	0	0	0	0	
3	[SLPS]	0	217.760	-340.855	0	239.481	0	0	0	0	
3	[SLPS]	0	217.760	-340.855	0	239.481	0	0	0	0	
3	[SLPS]	0	217.582	-340.959	0	239.481	0	0	0	0	
3	[SLPS]	0	217.407	-341.058	0	239.478	0	0	0	0	
3	[SLPS]	0	217.407	-341.058	0	239.478	0	0	0	0	
3	[SLPS]	0	217.050	-341.267	0	239.481	0	0	0	0	
3	[SLPS]	0	217.050	-341.267	0	239.481	0	0	0	0	
3	[SLPS]	0	216.879	-341.373	0	239.478	0	0	0	0	
3	[SLPS]	0	216.699	-341.481	0	239.479	0	0	0	0	
3	[SLPS]	0	216.523	-341.585	0	239.474	0	0	0	0	
3	[SLPS]	0	216.348	-341.690	0	239.466	0	0	0	0	
3	[SLPS]	0	216.348	-341.690	0	239.466	0	0	0	0	
3	[SLPS]	0	216.000	-341.899	0	239.457	0	0	0	0	
3	[SLPS]	0	216.000	-341.899	0	239.457	0	0	0	0	
3	[SLPS]	0	215.825	-342.006	0	239.452	0	0	0	0	
3	[SLPS]	0	215.654	-342.109	0	239.451	0	0	0	0	
3	[SLPS]	0	215.654	-342.109	0	239.451	0	0	0	0	
3	[SLPS]	0	215.304	-342.314	0	239.452	0	0	0	0	
3	[SLPS]	0	215.304	-342.314	0	239.452	0	0	0	0	
3	[SLPS]	0	215.130	-342.418	0	239.445	0	0	0	0	
3	[SLPS]	0	214.955	-342.520	0	239.443	0	0	0	0	
3	[SLPS]	0	214.955	-342.520	0	239.443	0	0	0	0	
3	[SLPS]	0	214.598	-342.730	0	239.442	0	0	0	0	
3	[SLPS]	0	214.598	-342.730	0	239.442	0	0	0	0	
3	[SLPS]	0	214.431	-342.833	0	239.434	0	0	0	0	
3	[SLPS]	0	214.262	-342.934	0	239.426	0	0	0	0	
3	[SLPS]	0	214.262	-342.934	0	239.426	0	0	0	0	
3	[SLPS]	0	213.915	-343.138	0	239.409	0	0	0	0	
3	[SLPS]	0	213.915	-343.138	0	239.409	0	0	0	0	
3	[SLPS]	0	213.746	-343.241	0	239.406	0	0	0	0	
3	[SLPS]	0	213.577	-343.337	0	239.413	0	0	0	0	
3	[SLPS]	0	213.577	-343.337	0	239.413	0	0	0	0	
3	[SLPS]	0	213.232	-343.539	0	239.412	0	0	0	0	
3	[SLPS]	0	213.232	-343.539	0	239.412	0	0	0	0	
3	[SLPS]	0	213.063	-343.640	0	239.404	0	0	0	0	
3	[SLPS]	0	212.895	-343.743	0	239.397	0	0	0	0	
3	[SLPS]	0	212.727	-343.847	0	239.394	0	0	0	0	
3	[SLPS]	0	212.555	-343.943	0	239.397	0	0	0	0	
3	[SLPS]	0	212.555	-343.943	0	239.397	0	0	0	0	
3	[SLPS]	0	212.225	-344.145	0	239.388	0	0	0	0	
3	[SLPS]	0	212.225	-344.145	0	239.388	0	0	0	0	
3	[SLPS]	0	212.056	-344.247	0	239.383	0	0	0	0	
3	[SLPS]	0	211.889	-344.345	0	239.380	0	0	0	0	
3	[SLPS]	0	211.889	-344.345	0	239.380	0	0	0	0	
3	[SLPS]	0	211.559	-344.545	0	239.362	0	0	0	0	
3	[SLPS]	0	211.559	-344.545	0	239.362	0	0	0	0	
3	[SLPS]	0	211.399	-344.639	0	239.355	0	0	0	0	
3	[SLPS]	0	211.235	-344.738	0	239.351	0	0	0	0	
3	[SLPS]	0	211.235	-344.738	0	239.351	0	0	0	0	
3	[SLPS]	0	210.900	-344.928	0	239.344	0	0	0	0	
3	[SLPS]	0	210.900	-344.928	0	239.344	0	0	0	0	
3	[SLPS]	0	210.737	-345.029	0	239.347	0	0	0	0	
3	[SLPS]	0	210.579	-345.125	0	239.347	0	0	0	0	
3	[SLPS]	0	210.579	-345.125	0	239.347	0	0	0	0	
3	[SLPS]	0	210.258	-345.314	0	239.325	0	0	0	0	
3	[SLPS]	0	210.258	-345.314	0	239.325	0	0	0	0	
3	[SLPS]	0	210.090	-345.413	0	239.315	0	0	0	0	
3	[SLPS]	0	209.924	-345.509	0	239.313	0	0	0	0	
3	[SLPS]	0	209.924	-345.509	0	239.313	0	0	0	0	
3	[SLPS]	0	209.594	-345.703	0	239.308	0	0	0	0	
3	[SLPS]	0	209.594	-345.703	0	239.308	0	0	0	0	
3	[SLPS]	0	209.448	-345.791	0	239.302	0	0	0	0	
3	[SLPS]	0	209.277	-345.889	0	239.294	0	0	0	0	
3	[SLPS]	0	209.277	-345.889	0	239.294	0	0	0	0	
3	[SLPS]	0	208.953	-346.083	0	239.270	0	0	0	0	
3	[SLPS]	0	208.953	-346.083	0	239.270	0	0	0	0	
3	[SLPS]	0	208.806	-346.181	0	239.246	0	0	0	0	
3	[SLPS]	0	208.643	-346.282	0	239.228	0	0	0	0	
3	[SLPS]	0	208.484	-346.380	0	239.221	0	0	0	0	
3	[SLPS]	0	208.315	-346.477	0	239.220	0	0	0	0	
3	[SLPS]	0	208.315	-346.477	0	239.220	0	0	0	0	
3	[SLPS]	0	208.002	-346.670	0	239.190	0	0	0	0	
3	[SLPS]	0	208.002	-346.670	0	239.190	0	0	0	0	
3	[SLPS]	0	207.838	-346.770	0	239.171	0	0	0	0	
3	[SLPS]	0	207.681	-346.869	0	239.157	0	0	0	0	
3	[SLPS]	0	207.681	-346.869	0	239.157	0	0	0	0	
3	[SLPS]	0	207.365	-347.061	0	239.146	0	0	0	0	
3	[SLPS]	0	207.365	-347.061	0	239.146	0	0	0	0	
3	[SLPS]	0	207.190	-347.152	0	239.148	0	0	0	0	
3	[SLPS]	0	207.031	-347.243	0	239.141	0	0	0	0	
3	[SLPS]	0	207.031	-347.243	0	239.141	0	0	0	0	
3	[SLPS]	0	206.707	-347.441	0	239.117	0	0	0	0	
3	[SLPS]	0	206.707	-347.441	0	239.117	0	0	0	0	
3	[SLPS]	0	206.541	-347.540	0	239.103	0	0	0	0	
3	[SLPS]	0	206.381	-347.628	0	239.093	0	0	0	0	
3	[SLPS]	0	206.381	-347.628	0	239.093	0	0	0	0	
3	[SLPS]	0	206.062	-347.828	0	239.079	0	0	0	0	
3	[SLPS]	0	206.062	-347.828	0	239.079	0	0	0	0	
3	[SLPS]	0	205.912	-347.915	0	239.075	0	0	0	0	
3	[SLPS]	0	205.753	-348.009	0	239.071	0	0	0	0	
3	[SLPS]	0	205.753	-348.009	0	239.071	0	0	0	0	
3	[SLPS]	0	205.424	-348.204	0	239.054	0	0	0	0	
3	[SLPS]	0	205.424	-348.204	0	239.054	0	0	0	0	
3	[SLPS]	0	205.270	-348.300	0	239.048	0	0	0	0	
3	[SLPS]	0	205.110	-348.395	0	239.024	0	0	0	0	
3	[SLPS]	0	205.110	-348.395	0	239.024	0	0	0	0	
3	[SLPS]	0	204.793	-348.593	0	239.003	0	0	0	0	
3	[SLPS]	0	204.793	-348.593	0	239.003	0	0	0	0	
3	[SLPS]	0	204.636	-348.689	0	239.014	0	0	0	0	
3	[SLPS]	0	204.477	-348.784	0	239.035	0	0	0	0	
3	[SLPS]	0	204.477	-348.784	0	239.035	0	0	0	0	
3	[SLPS]	0	204.155	-348.978	0	239.077	0	0	0	0	
3	[SLPS]	0	204.155	-348.978	0	239.077	0	0	0	0	
3	[SLPS]	0	204.005	-349.076	0	239.098	0	0	0	0	
3	[SLPS]	0	203.841	-349.173	0	239.129	0	0	0	0	
3	[SLPS]	0	203.841	-349.173	0	239.129	0	0	0	0	
3	[SLPS]	0	203.526	-349.365	0	239.202	0	0	0	0	
3	[SLPS]	0	203.526	-349.365	0	239.202	0	0	0	0	
3	[SLPS]	0	203.374	-349.460	0	239.257	0	0	0	0	
3	[SLPS]	0	203.218	-349.555	0	239.324	0	0	0	0	
3	[SLPS]	0	203.056	-349.645	0	239.396	0	0	0	0	
3	[SLPS]	0	202.898	-349.735	0	239.472	0	0	0	0	
3	[SLPS]	0	202.898	-349.735	0	239.472	0	0	0	0	
3	[SLPS]	0	202.584	-349.915	0	239.670	0	0	0	0	
3	[SLPS]	0	202.584	-349.915	0	239.670	0	0	0	0	
3	[SLPS]	0	202.426	-350.007	0	239.790	0	0	0	0	
3	[SLPS]	0	202.273	-350.094	0	239.925	0	0	0	0	
3	[SLPS]	0	202.273	-350.094	0	239.925	0	0	0	0	
3	[SLPS]	0	202.117	-350.184	0	240.078	0	0	0	0	
3	[SLPS]	0	201.967	-350.272	0	240.252	0	0	0	0	
3	[SLPS]	0	201.810	-350.356	0	240.435	0	0	0	0	
3	[SLPS]	0	201.656	-350.446	0	240.623	0	0	0	0	
3	[SLPS]	0	201.656	-350.446	0	240.623	0	0	0	0	
3	[SLPS]	0	201.343	-350.615	0	241.027	0	0	0	0	
3	[SLPS]	0	201.343	-350.615	0	241.027	0	0	0	0	
3	[SLPS]	0	201.186	-350.697	0	241.241	0	0	0	0	
3	[SLPS]	0	201.034	-350.778	0	241.475	0	0	0	0	
3	[SLPS]	0	201.034	-350.778	0	241.475	0	0	0	0	
3	[SLPS]	0	200.720	-350.942	0	241.970	0	0	0	0	
3	[SLPS]	0	200.720	-350.942	0	241.970	0	0	0	0	
3	[SLPS]	0	200.560	-351.026	0	242.226	0	0	0	0	
3	[SLPS]	0	200.410	-351.103	0	242.484	0	0	0	0	
3	[SLPS]	0	200.410	-351.103	0	242.484	0	0	0	0	
3	[SLPS]	0	200.097	-351.258	0	243.037	0	0	0	0	
3	[SLPS]	0	200.097	-351.258	0	243.037	0	0	0	0	
3	[SLPS]	0	199.937	-351.332	0	243.330	0	0	0	0	
3	[SLPS]	0	199.777	-351.406	0	243.635	0	0	0	0	
3	[SLPS]	0	199.624	-351.480	0	243.947	0	0	0	0	
3	[SLPS]	0	199.464	-351.553	0	244.269	0	0	0	0	
3	[SLPS]	0	199.464	-351.553	0	244.269	0	0	0	0	
3	[SLPS]	0	199.144	-351.698	0	244.943	0	0	0	0	
3	[SLPS]	0	199.144	-351.698	0	244.943	0	0	0	0	
3	[SLPS]	0	198.987	-351.766	0	245.303	0	0	0	0	
3	[SLPS]	0	198.834	-351.828	0	245.674	0	0	0	0	
3	[SLPS]	0	198.834	-351.828	0	245.674	0	0	0	0	
3	[SLPS]	0	198.514	-351.963	0	246.434	0	0	0	0	
3	[SLPS]	0	198.514	-351.963	0	246.434	0	0	0	0	
3	[SLPS]	0	198.356	-352.026	0	246.823	0	0	0	0	
3	[SLPS]	0	198.198	-352.084	0	247.221	0	0	0	0	
3	[SLPS]	0	198.198	-352.084	0	247.221	0	0	0	0	
3	[SLPS]	0	197.890	-352.225	0	248.034	0	0	0	0	
3	[SLPS]	0	197.890	-352.225	0	248.034	0	0	0	0	
3	[SLPS]	0	197.728	-352.273	0	248.448	0	0	0	0	
3	[SLPS]	0	197.572	-352.328	0	248.865	0	0	0	0	
3	[SLPS]	0	197.572	-352.328	0	248.865	0	0	0	0	
3	[SLPS]	0	197.263	-352.442	0	249.707	0	0	0	0	
3	[SLPS]	0	197.263	-352.442	0	249.707	0	0	0	0	
3	[SLPS]	0	197.109	-352.493	0	250.128	0	0	0	0	
3	[SLPS]	0	196.952	-352.536	0	250.547	0	0	0	0	
3	[SLPS]	0	196.952	-352.536	0	250.547	0	0	0	0	
3	[SLPS]	0	196.641	-352.638	0	251.399	0	0	0	0	
3	[SLPS]	0	196.641	-352.638	0	251.399	0	0	0	0	
3	[SLPS]	0	196.485	-352.680	0	251.829	0	0	0	0	
3	[SLPS]	0	196.331	-352.725	0	252.258	0	0	0	0	
3	[SLPS]	0	196.331	-352.725	0	252.258	0	0	0	0	
3	[SLPS]	0	196.024	-352.806	0	253.117	0	0	0	0	
3	[SLPS]	0	196.024	-352.806	0	253.117	0	0	0	0	
3	[SLPS]	0	195.871	-352.840	0	253.555	0	0	0	0	
3	[SLPS]	0	195.717	-352.890	0	253.997	0	0	0	0	
3	[SLPS]	0	195.717	-352.890	0	253.997	0	0	0	0	
3	[SLPS]	0	195.410	-352.969	0	254.873	0	0	0	0	
3	[SLPS]	0	195.410	-352.969	0	254.873	0	0	0	0	
3	[SLPS]	0	195.258	-353.002	0	255.313	0	0	0	0	
3	[SLPS]	0	195.105	-353.036	0	255.760	0	0	0	0	
3	[SLPS]	0	195.105	-353.036	0	255.760	0	0	0	0	
3	[SLPS]	0	194.803	-353.106	0	256.681	0	0	0	0	
3	[SLPS]	0	194.803	-353.106	0	256.681	0	0	0	0	
3	[SLPS]	0	194.646	-353.141	0	257.154	0	0	0	0	
3	[SLPS]	0	194.502	-353.185	0	257.639	0	0	0	0	
3	[SLPS]	0	194.502	-353.185	0	257.639	0	0	0	0	
3	[SLPS]	0	194.202	-353.248	0	258.609	0	0	0	0	
3	[SLPS]	0	194.202	-353.248	0	258.609	0	0	0	0	
3	[SLPS]	0	194.052	-353.262	0	259.111	0	0	0	0	
3	[SLPS]	0	193.904	-353.295	0	259.621	0	0	0	0	
3	[SLPS]	0	193.904	-353.295	0	259.621	0	0	0	0	
3	[SLPS]	0	193.599	-353.340	0	260.657	0	0	0	0	
3	[SLPS]	0	193.599	-353.340	0	260.657	0	0	0	0	
3	[SLPS]	0	193.451	-353.357	0	261.175	0	0	0	0	
3	[SLPS]	0	193.303	-353.381	0	261.689	0	0	0	0	
3	[SLPS]	0	193.303	-353.381	0	261.689	0	0	0	0	
3	[SLPS]	0	193.002	-353.405	0	262.718	0	0	0	0	
3	[SLPS]	0	193.002	-353.405	0	262.718	0	0	0	0	
3	[SLPS]	0	192.701	-353.425	0	263.769	0	0	0	0	
3	[SLPS]	0	192.701	-353.425	0	263.769	0	0	0	0	
3	[SLPS]	0	192.553	-353.432	0	264.292	0	0	0	0	
3	[SLPS]	0	192.403	-353.440	0	264.817	0	0	0	0	
3	[SLPS]	0	192.403	-353.440	0	264.817	0	0	0	0	
3	[SLPS]	0	192.112	-353.454	0	265.893	0	0	0	0	
3	[SLPS]	0	192.112	-353.454	0	265.893	0	0	0	0	
3	[SLPS]	0	191.963	-353.460	0	266.436	0	0	0	0	
3	[SLPS]	0	191.817	-353.454	0	266.969	0	0	0	0	
3	[SLPS]	0	191.817	-353.454	0	266.969	0	0	0	0	
3	[SLPS]	0	191.530	-353.448	0	268.029	0	0	0	0	
3	[SLPS]	0	191.530	-353.448	0	268.029	0	0	0	0	
3	[SLPS]	0	191.382	-353.442	0	268.563	0	0	0	0	
3	[SLPS]	0	191.231	-353.439	0	269.095	0	0	0	0	
3	[SLPS]	0	191.231	-353.439	0	269.095	0	0	0	0	
3	[SLPS]	0	191.088	-353.431	0	269.633	0	0	0	0	
3	[SLPS]	0	190.945	-353.424	0	270.163	0	0	0	0	
3	[SLPS]	0	190.945	-353.424	0	270.163	0	0	0	0	
3	[SLPS]	0	190.660	-353.426	0	271.191	0	0	0	0	
3	[SLPS]	0	190.660	-353.426	0	271.191	0	0	0	0	
3	[SLPS]	0	190.517	-353.418	0	271.710	0	0	0	0	
3	[SLPS]	0	190.377	-353.405	0	272.257	0	0	0	0	
3	[SLPS]	0	190.377	-353.405	0	272.257	0	0	0	0	
3	[SLPS]	0	190.101	-353.388	0	273.394	0	0	0	0	
3	[SLPS]	0	190.101	-353.388	0	273.394	0	0	0	0	
3	[SLPS]	0	189.958	-353.369	0	273.967	0	0	0	0	
3	[SLPS]	0	189.819	-353.360	0	274.517	0	0	0	0	
3	[SLPS]	0	189.682	-353.343	0	275.074	0	0	0	0	
3	[SLPS]	0	189.543	-353.323	0	275.650	0	0	0	0	
3	[SLPS]	0	189.543	-353.323	0	275.650	0	0	0	0	
3	[SLPS]	0	189.405	-353.305	0	276.243	0	0	0	0	
3	[SLPS]	0	189.268	-353.293	0	276.845	0	0	0	0	
3	[SLPS]	0	189.132	-353.272	0	277.446	0	0	0	0	
3	[SLPS]	0	188.993	-353.249	0	278.051	0	0	0	0	
3	[SLPS]	0	188.993	-353.249	0	278.051	0	0	0	0	
3	[SLPS]	0	188.722	-353.195	0	279.279	0	0	0	0	
3	[SLPS]	0	188.722	-353.195	0	279.279	0	0	0	0	
3	[SLPS]	0	188.587	-353.164	0	279.911	0	0	0	0	
3	[SLPS]	0	188.458	-353.124	0	280.559	0	0	0	0	
3	[SLPS]	0	188.458	-353.124	0	280.559	0	0	0	0	
3	[SLPS]	0	188.324	-353.096	0	281.215	0	0	0	0	
3	[SLPS]	0	188.191	-353.062	0	281.874	0	0	0	0	
3	[SLPS]	0	188.191	-353.062	0	281.874	0	0	0	0	
3	[SLPS]	0	187.926	-352.983	0	283.189	0	0	0	0	
3	[SLPS]	0	187.926	-352.983	0	283.189	0	0	0	0	
3	[SLPS]	0	187.792	-352.944	0	283.843	0	0	0	0	
3	[SLPS]	0	187.660	-352.903	0	284.503	0	0	0	0	
3	[SLPS]	0	187.660	-352.903	0	284.503	0	0	0	0	
3	[SLPS]	0	187.391	-352.814	0	285.831	0	0	0	0	
3	[SLPS]	0	187.391	-352.814	0	285.831	0	0	0	0	
3	[SLPS]	0	187.124	-352.719	0	287.187	0	0	0	0	
3	[SLPS]	0	187.124	-352.719	0	287.187	0	0	0	0	
3	[SLPS]	0	186.989	-352.669	0	287.860	0	0	0	0	
3	[SLPS]	0	186.856	-352.619	0	288.526	0	0	0	0	
3	[SLPS]	0	186.856	-352.619	0	288.526	0	0	0	0	
3	[SLPS]	0	186.588	-352.513	0	289.848	0	0	0	0	
3	[SLPS]	0	186.588	-352.513	0	289.848	0	0	0	0	
3	[SLPS]	0	186.455	-352.456	0	290.509	0	0	0	0	
3	[SLPS]	0	186.321	-352.397	0	291.175	0	0	0	0	
3	[SLPS]	0	186.321	-352.397	0	291.175	0	0	0	0	
3	[SLPS]	0	186.059	-352.270	0	292.537	0	0	0	0	
3	[SLPS]	0	186.059	-352.270	0	292.537	0	0	0	0	
3	[SLPS]	0	185.930	-352.204	0	293.225	0	0	0	0	
3	[SLPS]	0	185.798	-352.140	0	293.910	0	0	0	0	
3	[SLPS]	0	185.798	-352.140	0	293.910	0	0	0	0	
3	[SLPS]	0	185.666	-352.073	0	294.604	0	0	0	0	
3	[SLPS]	0	185.538	-352.005	0	295.282	0	0	0	0	
3	[SLPS]	0	185.409	-351.938	0	295.957	0	0	0	0	
3	[SLPS]	0	185.283	-351.868	0	296.636	0	0	0	0	
3	[SLPS]	0	185.283	-351.868	0	296.636	0	0	0	0	
3	[SLPS]	0	185.030	-351.724	0	297.992	0	0	0	0	
3	[SLPS]	0	185.030	-351.724	0	297.992	0	0	0	0	
3	[SLPS]	0	184.910	-351.651	0	298.661	0	0	0	0	
3	[SLPS]	0	184.788	-351.577	0	299.326	0	0	0	0	
3	[SLPS]	0	184.788	-351.577	0	299.326	0	0	0	0	
3	[SLPS]	0	184.542	-351.416	0	300.647	0	0	0	0	
3	[SLPS]	0	184.542	-351.416	0	300.647	0	0	0	0	
3	[SLPS]	0	184.423	-351.336	0	301.300	0	0	0	0	
3	[SLPS]	0	184.298	-351.247	0	301.943	0	0	0	0	
3	[SLPS]	0	184.298	-351.247	0	301.943	0	0	0	0	
3	[SLPS]	0	184.058	-351.075	0	303.213	0	0	0	0	
3	[SLPS]	0	184.058	-351.075	0	303.213	0	0	0	0	
3	[SLPS]	0	183.937	-350.989	0	303.842	0	0	0	0	
3	[SLPS]	0	183.812	-350.898	0	304.467	0	0	0	0	
3	[SLPS]	0	183.812	-350.898	0	304.467	0	0	0	0	
3	[SLPS]	0	183.569	-350.701	0	305.716	0	0	0	0	
3	[SLPS]	0	183.569	-350.701	0	305.716	0	0	0	0	
3	[SLPS]	0	183.459	-350.604	0	306.336	0	0	0	0	
3	[SLPS]	0	183.338	-350.502	0	306.946	0	0	0	0	
3	[SLPS]	0	183.338	-350.502	0	306.946	0	0	0	0	
3	[SLPS]	0	183.107	-350.305	0	308.130	0	0	0	0	
3	[SLPS]	0	183.107	-350.305	0	308.130	0	0	0	0	
3	[SLPS]	0	182.992	-350.210	0	308.708	0	0	0	0	
3	[SLPS]	0	182.875	-350.109	0	309.279	0	0	0	0	
3	[SLPS]	0	182.875	-350.109	0	309.279	0	0	0	0	
3	[SLPS]	0	182.644	-349.900	0	310.387	0	0	0	0	
3	[SLPS]	0	182.644	-349.900	0	310.387	0	0	0	0	
3	[SLPS]	0	182.527	-349.795	0	310.908	0	0	0	0	
3	[SLPS]	0	182.413	-349.687	0	311.406	0	0	0	0	
3	[SLPS]	0	182.299	-349.571	0	311.880	0	0	0	0	
3	[SLPS]	0	182.187	-349.459	0	312.337	0	0	0	0	
3	[SLPS]	0	182.187	-349.459	0	312.337	0	0	0	0	
3	[SLPS]	0	182.076	-349.348	0	312.769	0	0	0	0	
3	[SLPS]	0	181.957	-349.229	0	313.183	0	0	0	0	
3	[SLPS]	0	181.957	-349.229	0	313.183	0	0	0	0	
3	[SLPS]	0	181.729	-348.998	0	313.935	0	0	0	0	
3	[SLPS]	0	181.729	-348.998	0	313.935	0	0	0	0	
3	[SLPS]	0	181.497	-348.767	0	314.639	0	0	0	0	
3	[SLPS]	0	181.497	-348.767	0	314.639	0	0	0	0	
3	[SLPS]	0	181.387	-348.647	0	314.981	0	0	0	0	
3	[SLPS]	0	181.272	-348.534	0	315.306	0	0	0	0	
3	[SLPS]	0	181.272	-348.534	0	315.306	0	0	0	0	
3	[SLPS]	0	181.047	-348.291	0	315.875	0	0	0	0	
3	[SLPS]	0	181.047	-348.291	0	315.875	0	0	0	0	
3	[SLPS]	0	180.937	-348.168	0	316.116	0	0	0	0	
3	[SLPS]	0	180.824	-348.046	0	316.341	0	0	0	0	
3	[SLPS]	0	180.824	-348.046	0	316.341	0	0	0	0	
3	[SLPS]	0	180.601	-347.796	0	316.788	0	0	0	0	
3	[SLPS]	0	180.601	-347.796	0	316.788	0	0	0	0	
3	[SLPS]	0	180.491	-347.670	0	317.000	0	0	0	0	
3	[SLPS]	0	180.378	-347.551	0	317.193	0	0	0	0	
3	[SLPS]	0	180.378	-347.551	0	317.193	0	0	0	0	
3	[SLPS]	0	180.155	-347.296	0	317.511	0	0	0	0	
3	[SLPS]	0	180.155	-347.296	0	317.511	0	0	0	0	
3	[SLPS]	0	180.044	-347.167	0	317.656	0	0	0	0	
3	[SLPS]	0	179.929	-347.043	0	317.794	0	0	0	0	
3	[SLPS]	0	179.929	-347.043	0	317.794	0	0	0	0	
3	[SLPS]	0	179.701	-346.788	0	318.054	0	0	0	0	
3	[SLPS]	0	179.701	-346.788	0	318.054	0	0	0	0	
3	[SLPS]	0	179.591	-346.657	0	318.182	0	0	0	0	
3	[SLPS]	0	179.482	-346.526	0	318.303	0	0	0	0	
3	[SLPS]	0	179.482	-346.526	0	318.303	0	0	0	0	
3	[SLPS]	0	179.255	-346.264	0	318.505	0	0	0	0	
3	[SLPS]	0	179.255	-346.264	0	318.505	0	0	0	0	
3	[SLPS]	0	179.145	-346.133	0	318.581	0	0	0	0	
3	[SLPS]	0	179.032	-346.005	0	318.644	0	0	0	0	
3	[SLPS]	0	179.032	-346.005	0	318.644	0	0	0	0	
3	[SLPS]	0	178.803	-345.733	0	318.760	0	0	0	0	
3	[SLPS]	0	178.803	-345.733	0	318.760	0	0	0	0	
3	[SLPS]	0	178.573	-345.466	0	318.865	0	0	0	0	
3	[SLPS]	0	178.573	-345.466	0	318.865	0	0	0	0	
3	[SLPS]	0	178.451	-345.329	0	318.894	0	0	0	0	
3	[SLPS]	0	178.331	-345.192	0	318.907	0	0	0	0	
3	[SLPS]	0	178.331	-345.192	0	318.907	0	0	0	0	
3	[SLPS]	0	178.103	-344.908	0	318.931	0	0	0	0	
3	[SLPS]	0	178.103	-344.908	0	318.931	0	0	0	0	
3	[SLPS]	0	177.984	-344.769	0	318.948	0	0	0	0	
3	[SLPS]	0	177.866	-344.630	0	318.971	0	0	0	0	
3	[SLPS]	0	177.866	-344.630	0	318.971	0	0	0	0	
3	[SLPS]	0	177.622	-344.349	0	319.011	0	0	0	0	
3	[SLPS]	0	177.622	-344.349	0	319.011	0	0	0	0	
3	[SLPS]	0	177.507	-344.215	0	319.033	0	0	0	0	
3	[SLPS]	0	177.387	-344.071	0	319.052	0	0	0	0	
3	[SLPS]	0	177.387	-344.071	0	319.052	0	0	0	0	
3	[SLPS]	0	177.142	-343.795	0	319.079	0	0	0	0	
3	[SLPS]	0	177.142	-343.795	0	319.079	0	0	0	0	
3	[SLPS]	0	177.025	-343.648	0	319.110	0	0	0	0	
3	[SLPS]	0	176.905	-343.505	0	319.135	0	0	0	0	
3	[SLPS]	0	176.905	-343.505	0	319.135	0	0	0	0	
3	[SLPS]	0	176.666	-343.227	0	319.170	0	0	0	0	
3	[SLPS]	0	176.666	-343.227	0	319.170	0	0	0	0	
3	[SLPS]	0	176.549	-343.088	0	319.189	0	0	0	0	
3	[SLPS]	0	176.430	-342.945	0	319.215	0	0	0	0	
3	[SLPS]	0	176.430	-342.945	0	319.215	0	0	0	0	
3	[SLPS]	0	176.182	-342.663	0	319.242	0	0	0	0	
3	[SLPS]	0	176.182	-342.663	0	319.242	0	0	0	0	
3	[SLPS]	0	176.060	-342.522	0	319.269	0	0	0	0	
3	[SLPS]	0	175.933	-342.382	0	319.273	0	0	0	0	
3	[SLPS]	0	175.933	-342.382	0	319.273	0	0	0	0	
3	[SLPS]	0	175.804	-342.240	0	319.270	0	0	0	0	
3	[SLPS]	0	175.681	-342.096	0	319.282	0	0	0	0	
3	[SLPS]	0	175.560	-341.948	0	319.316	0	0	0	0	
3	[SLPS]	0	175.442	-341.800	0	319.362	0	0	0	0	
3	[SLPS]	0	175.442	-341.800	0	319.362	0	0	0	0	
3	[SLPS]	0	175.197	-341.499	0	319.438	0	0	0	0	
3	[SLPS]	0	175.197	-341.499	0	319.438	0	0	0	0	
3	[SLPS]	0	175.071	-341.351	0	319.452	0	0	0	0	
3	[SLPS]	0	174.939	-341.202	0	319.458	0	0	0	0	
3	[SLPS]	0	174.939	-341.202	0	319.458	0	0	0	0	
3	[SLPS]	0	174.693	-340.905	0	319.473	0	0	0	0	
3	[SLPS]	0	174.693	-340.905	0	319.473	0	0	0	0	
3	[SLPS]	0	174.560	-340.756	0	319.474	0	0	0	0	
3	[SLPS]	0	174.436	-340.606	0	319.488	0	0	0	0	
3	[SLPS]	0	174.436	-340.606	0	319.488	0	0	0	0	
3	[SLPS]	0	174.170	-340.303	0	319.469	0	0	0	0	
3	[SLPS]	0	174.170	-340.303	0	319.469	0	0	0	0	
3	[SLPS]	0	174.032	-340.145	0	319.444	0	0	0	0	
3	[SLPS]	0	173.899	-339.994	0	319.427	0	0	0	0	
3	[SLPS]	0	173.899	-339.994	0	319.427	0	0	0	0	
3	[SLPS]	0	173.643	-339.686	0	319.481	0	0	0	0	
3	[SLPS]	0	173.643	-339.686	0	319.481	0	0	0	0	
3	[SLPS]	0	173.512	-339.521	0	319.520	0	0	0	0	
3	[SLPS]	0	173.387	-339.366	0	319.544	0	0	0	0	
3	[SLPS]	0	173.387	-339.366	0	319.544	0	0	0	0	
3	[SLPS]	0	173.127	-339.059	0	319.583	0	0	0	0	
3	[SLPS]	0	173.127	-339.059	0	319.583	0	0	0	0	
3	[SLPS]	0	173.000	-338.900	0	319.618	0	0	0	0	
3	[SLPS]	0	172.865	-338.744	0	319.642	0	0	0	0	
3	[SLPS]	0	172.865	-338.744	0	319.642	0	0	0	0	
3	[SLPS]	0	172.602	-338.442	0	319.697	0	0	0	0	
3	[SLPS]	0	172.602	-338.442	0	319.697	0	0	0	0	
3	[SLPS]	0	172.476	-338.286	0	319.731	0	0	0	0	
3	[SLPS]	0	172.344	-338.135	0	319.729	0	0	0	0	
3	[SLPS]	0	172.344	-338.135	0	319.729	0	0	0	0	
3	[SLPS]	0	172.088	-337.815	0	319.781	0	0	0	0	
3	[SLPS]	0	172.088	-337.815	0	319.781	0	0	0	0	
3	[SLPS]	0	171.959	-337.661	0	319.810	0	0	0	0	
3	[SLPS]	0	171.830	-337.501	0	319.853	0	0	0	0	
3	[SLPS]	0	171.830	-337.501	0	319.853	0	0	0	0	
3	[SLPS]	0	171.561	-337.197	0	319.878	0	0	0	0	
3	[SLPS]	0	171.561	-337.197	0	319.878	0	0	0	0	
3	[SLPS]	0	171.432	-337.034	0	319.887	0	0	0	0	
3	[SLPS]	0	171.300	-336.874	0	319.872	0	0	0	0	
3	[SLPS]	0	171.300	-336.874	0	319.872	0	0	0	0	
3	[SLPS]	0	171.039	-336.556	0	319.844	0	0	0	0	
3	[SLPS]	0	171.039	-336.556	0	319.844	0	0	0	0	
3	[SLPS]	0	170.906	-336.396	0	319.839	0	0	0	0	
3	[SLPS]	0	170.771	-336.239	0	319.825	0	0	0	0	
3	[SLPS]	0	170.635	-336.077	0	319.812	0	0	0	0	
3	[SLPS]	0	170.499	-335.911	0	319.791	0	0	0	0	
3	[SLPS]	0	170.499	-335.911	0	319.791	0	0	0	0	
3	[SLPS]	0	170.233	-335.590	0	319.765	0	0	0	0	
3	[SLPS]	0	170.233	-335.590	0	319.765	0	0	0	0	
3	[SLPS]	0	170.101	-335.431	0	319.751	0	0	0	0	
3	[SLPS]	0	169.967	-335.275	0	319.736	0	0	0	0	
3	[SLPS]	0	169.967	-335.275	0	319.736	0	0	0	0	
3	[SLPS]	0	169.695	-334.951	0	319.716	0	0	0	0	
3	[SLPS]	0	169.695	-334.951	0	319.716	0	0	0	0	
3	[SLPS]	0	169.559	-334.791	0	319.700	0	0	0	0	
3	[SLPS]	0	169.426	-334.635	0	319.682	0	0	0	0	
3	[SLPS]	0	169.426	-334.635	0	319.682	0	0	0	0	
3	[SLPS]	0	169.150	-334.320	0	319.626	0	0	0	0	
3	[SLPS]	0	169.150	-334.320	0	319.626	0	0	0	0	
3	[SLPS]	0	169.023	-334.152	0	319.621	0	0	0	0	
3	[SLPS]	0	168.889	-334.000	0	319.588	0	0	0	0	
3	[SLPS]	0	168.889	-334.000	0	319.588	0	0	0	0	
3	[SLPS]	0	168.615	-333.680	0	319.531	0	0	0	0	
3	[SLPS]	0	168.615	-333.680	0	319.531	0	0	0	0	
3	[SLPS]	0	168.491	-333.518	0	319.531	0	0	0	0	
3	[SLPS]	0	168.357	-333.358	0	319.514	0	0	0	0	
3	[SLPS]	0	168.357	-333.358	0	319.514	0	0	0	0	
3	[SLPS]	0	168.079	-333.037	0	319.474	0	0	0	0	
3	[SLPS]	0	168.079	-333.037	0	319.474	0	0	0	0	
3	[SLPS]	0	167.944	-332.881	0	319.456	0	0	0	0	
3	[SLPS]	0	167.808	-332.721	0	319.439	0	0	0	0	
3	[SLPS]	0	167.808	-332.721	0	319.439	0	0	0	0	
3	[SLPS]	0	167.526	-332.401	0	319.401	0	0	0	0	
3	[SLPS]	0	167.526	-332.401	0	319.401	0	0	0	0	
3	[SLPS]	0	167.389	-332.234	0	319.393	0	0	0	0	
3	[SLPS]	0	167.252	-332.072	0	319.378	0	0	0	0	
3	[SLPS]	0	167.252	-332.072	0	319.378	0	0	0	0	
3	[SLPS]	0	166.977	-331.745	0	319.335	0	0	0	0	
3	[SLPS]	0	166.977	-331.745	0	319.335	0	0	0	0	
3	[SLPS]	0	166.840	-331.581	0	319.309	0	0	0	0	
3	[SLPS]	0	166.703	-331.428	0	319.270	0	0	0	0	
3	[SLPS]	0	166.562	-331.262	0	319.240	0	0	0	0	
3	[SLPS]	0	166.428	-331.104	0	319.211	0	0	0	0	
3	[SLPS]	0	166.428	-331.104	0	319.211	0	0	0	0	
3	[SLPS]	0	166.286	-330.948	0	319.164	0	0	0	0	
3	[SLPS]	0	166.144	-330.779	0	319.143	0	0	0	0	
3	[SLPS]	0	166.001	-330.620	0	319.103	0	0	0	0	
3	[SLPS]	0	165.868	-330.463	0	319.076	0	0	0	0	
3	[SLPS]	0	165.868	-330.463	0	319.076	0	0	0	0	
3	[SLPS]	0	165.585	-330.134	0	319.020	0	0	0	0	
3	[SLPS]	0	165.585	-330.134	0	319.020	0	0	0	0	
3	[SLPS]	0	165.443	-329.966	0	319.017	0	0	0	0	
3	[SLPS]	0	165.306	-329.806	0	319.018	0	0	0	0	
3	[SLPS]	0	165.306	-329.806	0	319.018	0	0	0	0	
3	[SLPS]	0	165.020	-329.487	0	318.994	0	0	0	0	
3	[SLPS]	0	165.020	-329.487	0	318.994	0	0	0	0	
3	[SLPS]	0	164.881	-329.323	0	318.990	0	0	0	0	
3	[SLPS]	0	164.740	-329.158	0	318.989	0	0	0	0	
3	[SLPS]	0	164.740	-329.158	0	318.989	0	0	0	0	
3	[SLPS]	0	164.460	-328.835	0	318.978	0	0	0	0	
3	[SLPS]	0	164.460	-328.835	0	318.978	0	0	0	0	
3	[SLPS]	0	164.323	-328.671	0	318.987	0	0	0	0	
3	[SLPS]	0	164.184	-328.507	0	318.987	0	0	0	0	
3	[SLPS]	0	164.184	-328.507	0	318.987	0	0	0	0	
3	[SLPS]	0	163.899	-328.181	0	318.970	0	0	0	0	
3	[SLPS]	0	163.899	-328.181	0	318.970	0	0	0	0	
3	[SLPS]	0	163.763	-328.025	0	318.959	0	0	0	0	
3	[SLPS]	0	163.622	-327.862	0	318.982	0	0	0	0	
3	[SLPS]	0	163.622	-327.862	0	318.982	0	0	0	0	
3	[SLPS]	0	163.342	-327.541	0	318.971	0	0	0	0	
3	[SLPS]	0	163.342	-327.541	0	318.971	0	0	0	0	
3	[SLPS]	0	163.202	-327.377	0	318.968	0	0	0	0	
3	[SLPS]	0	163.062	-327.213	0	318.968	0	0	0	0	
3	[SLPS]	0	163.062	-327.213	0	318.968	0	0	0	0	
3	[SLPS]	0	162.782	-326.882	0	318.975	0	0	0	0	
3	[SLPS]	0	162.782	-326.882	0	318.975	0	0	0	0	
3	[SLPS]	0	162.637	-326.715	0	318.972	0	0	0	0	
3	[SLPS]	0	162.495	-326.551	0	318.970	0	0	0	0	
3	[SLPS]	0	162.495	-326.551	0	318.970	0	0	0	0	
3	[SLPS]	0	162.216	-326.223	0	318.961	0	0	0	0	
3	[SLPS]	0	162.216	-326.223	0	318.961	0	0	0	0	
3	[SLPS]	0	162.076	-326.055	0	318.962	0	0	0	0	
3	[SLPS]	0	161.929	-325.891	0	318.951	0	0	0	0	
3	[SLPS]	0	161.929	-325.891	0	318.951	0	0	0	0	
3	[SLPS]	0	161.645	-325.559	0	318.941	0	0	0	0	
3	[SLPS]	0	161.645	-325.559	0	318.941	0	0	0	0	
3	[SLPS]	0	161.501	-325.398	0	318.925	0	0	0	0	
3	[SLPS]	0	161.359	-325.233	0	318.914	0	0	0	0	
3	[SLPS]	0	161.359	-325.233	0	318.914	0	0	0	0	
3	[SLPS]	0	161.080	-324.901	0	318.882	0	0	0	0	
3	[SLPS]	0	161.080	-324.901	0	318.882	0	0	0	0	
3	[SLPS]	0	160.934	-324.736	0	318.848	0	0	0	0	
3	[SLPS]	0	160.787	-324.571	0	318.808	0	0	0	0	
3	[SLPS]	0	160.787	-324.571	0	318.808	0	0	0	0	
3	[SLPS]	0	160.507	-324.239	0	318.762	0	0	0	0	
3	[SLPS]	0	160.507	-324.239	0	318.762	0	0	0	0	
3	[SLPS]	0	160.361	-324.071	0	318.743	0	0	0	0	
3	[SLPS]	0	160.219	-323.907	0	318.732	0	0	0	0	
3	[SLPS]	0	160.219	-323.907	0	318.732	0	0	0	0	
3	[SLPS]	0	159.925	-323.581	0	318.714	0	0	0	0	
3	[SLPS]	0	159.925	-323.581	0	318.714	0	0	0	0	
3	[SLPS]	0	159.778	-323.418	0	318.711	0	0	0	0	
3	[SLPS]	0	159.636	-323.247	0	318.728	0	0	0	0	
3	[SLPS]	0	159.636	-323.247	0	318.728	0	0	0	0	
3	[SLPS]	0	159.349	-322.916	0	318.726	0	0	0	0	
3	[SLPS]	0	159.349	-322.916	0	318.726	0	0	0	0	
3	[SLPS]	0	159.203	-322.751	0	318.722	0	0	0	0	
3	[SLPS]	0	159.057	-322.582	0	318.711	0	0	0	0	
3	[SLPS]	0	158.913	-322.416	0	318.703	0	0	0	0	
3	[SLPS]	0	158.771	-322.252	0	318.701	0	0	0	0	
3	[SLPS]	0	158.771	-322.252	0	318.701	0	0	0	0	
3	[SLPS]	0	158.480	-321.919	0	318.706	0	0	0	0	
3	[SLPS]	0	158.480	-321.919	0	318.706	0	0	0	0	
3	[SLPS]	0	158.336	-321.754	0	318.705	0	0	0	0	
3	[SLPS]	0	158.195	-321.589	0	318.701	0	0	0	0	
3	[SLPS]	0	158.195	-321.589	0	318.701	0	0	0	0	
3	[SLPS]	0	157.910	-321.255	0	318.702	0	0	0	0	
3	[SLPS]	0	157.910	-321.255	0	318.702	0	0	0	0	
3	[SLPS]	0	157.765	-321.087	0	318.712	0	0	0	0	
3	[SLPS]	0	157.618	-320.925	0	318.715	0	0	0	0	
3	[SLPS]	0	157.618	-320.925	0	318.715	0	0	0	0	
3	[SLPS]	0	157.325	-320.586	0	318.716	0	0	0	0	
3	[SLPS]	0	157.325	-320.586	0	318.716	0	0	0	0	
3	[SLPS]	0	157.178	-320.421	0	318.713	0	0	0	0	
3	[SLPS]	0	157.032	-320.255	0	318.714	0	0	0	0	
3	[SLPS]	0	157.032	-320.255	0	318.714	0	0	0	0	
3	[SLPS]	0	156.740	-319.920	0	318.715	0	0	0	0	
3	[SLPS]	0	156.740	-319.920	0	318.715	0	0	0	0	
3	[SLPS]	0	156.590	-319.751	0	318.706	0	0	0	0	
3	[SLPS]	0	156.444	-319.583	0	318.702	0	0	0	0	
3	[SLPS]	0	156.444	-319.583	0	318.702	0	0	0	0	
3	[SLPS]	0	156.154	-319.250	0	318.724	0	0	0	0	
3	[SLPS]	0	156.154	-319.250	0	318.724	0	0	0	0	
3	[SLPS]	0	156.006	-319.079	0	318.749	0	0	0	0	
3	[SLPS]	0	155.860	-318.911	0	318.779	0	0	0	0	
3	[SLPS]	0	155.860	-318.911	0	318.779	0	0	0	0	
3	[SLPS]	0	155.571	-318.576	0	318.843	0	0	0	0	
3	[SLPS]	0	155.571	-318.576	0	318.843	0	0	0	0	
3	[SLPS]	0	155.421	-318.407	0	318.864	0	0	0	0	
3	[SLPS]	0	155.281	-318.237	0	318.894	0	0	0	0	
3	[SLPS]	0	155.281	-318.237	0	318.894	0	0	0	0	
3	[SLPS]	0	154.985	-317.895	0	318.936	0	0	0	0	
3	[SLPS]	0	154.985	-317.895	0	318.936	0	0	0	0	
3	[SLPS]	0	154.837	-317.722	0	318.958	0	0	0	0	
3	[SLPS]	0	154.694	-317.553	0	318.977	0	0	0	0	
3	[SLPS]	0	154.694	-317.553	0	318.977	0	0	0	0	
3	[SLPS]	0	154.395	-317.212	0	319.016	0	0	0	0	
3	[SLPS]	0	154.395	-317.212	0	319.016	0	0	0	0	
3	[SLPS]	0	154.252	-317.040	0	319.047	0	0	0	0	
3	[SLPS]	0	154.106	-316.870	0	319.075	0	0	0	0	
3	[SLPS]	0	154.106	-316.870	0	319.075	0	0	0	0	
3	[SLPS]	0	153.819	-316.534	0	319.125	0	0	0	0	
3	[SLPS]	0	153.819	-316.534	0	319.125	0	0	0	0	
3	[SLPS]	0	153.673	-316.368	0	319.135	0	0	0	0	
3	[SLPS]	0	153.530	-316.197	0	319.160	0	0	0	0	
3	[SLPS]	0	153.383	-316.027	0	319.181	0	0	0	0	
3	[SLPS]	0	153.240	-315.856	0	319.210	0	0	0	0	
3	[SLPS]	0	153.240	-315.856	0	319.210	0	0	0	0	
3	[SLPS]	0	152.954	-315.522	0	319.253	0	0	0	0	
3	[SLPS]	0	152.954	-315.522	0	319.253	0	0	0	0	
3	[SLPS]	0	152.808	-315.351	0	319.277	0	0	0	0	
3	[SLPS]	0	152.660	-315.181	0	319.302	0	0	0	0	
3	[SLPS]	0	152.660	-315.181	0	319.302	0	0	0	0	
3	[SLPS]	0	152.367	-314.843	0	319.338	0	0	0	0	
3	[SLPS]	0	152.367	-314.843	0	319.338	0	0	0	0	
3	[SLPS]	0	152.367	-314.843	0	319.338	0	0	0	0	
3	[SLPS]	0	152.079	-314.506	0	319.376	0	0	0	0	
3	[SLPS]	0	152.079	-314.506	0	319.376	0	0	0	0	
3	[SLPS]	0	151.796	-314.163	0	319.429	0	0	0	0	
3	[SLPS]	0	151.796	-314.163	0	319.429	0	0	0	0	
3	[SLPS]	0	151.656	-313.992	0	319.458	0	0	0	0	
3	[SLPS]	0	151.511	-313.821	0	319.477	0	0	0	0	
3	[SLPS]	0	151.511	-313.821	0	319.477	0	0	0	0	
3	[SLPS]	0	151.367	-313.654	0	319.494	0	0	0	0	
3	[SLPS]	0	151.224	-313.485	0	319.507	0	0	0	0	
3	[SLPS]	0	151.224	-313.485	0	319.507	0	0	0	0	
3	[SLPS]	0	150.937	-313.152	0	319.533	0	0	0	0	
3	[SLPS]	0	150.937	-313.152	0	319.533	0	0	0	0	
3	[SLPS]	0	150.797	-312.982	0	319.564	0	0	0	0	
3	[SLPS]	0	150.655	-312.813	0	319.591	0	0	0	0	
3	[SLPS]	0	150.655	-312.813	0	319.591	0	0	0	0	
3	[SLPS]	0	150.375	-312.475	0	319.635	0	0	0	0	
3	[SLPS]	0	150.375	-312.475	0	319.635	0	0	0	0	
3	[SLPS]	0	150.232	-312.307	0	319.662	0	0	0	0	
3	[SLPS]	0	150.090	-312.139	0	319.684	0	0	0	0	
3	[SLPS]	0	150.090	-312.139	0	319.684	0	0	0	0	
3	[SLPS]	0	149.805	-311.808	0	319.706	0	0	0	0	
3	[SLPS]	0	149.805	-311.808	0	319.706	0	0	0	0	
3	[SLPS]	0	149.659	-311.635	0	319.704	0	0	0	0	
3	[SLPS]	0	149.526	-311.466	0	319.706	0	0	0	0	
3	[SLPS]	0	149.526	-311.466	0	319.706	0	0	0	0	
3	[SLPS]	0	149.238	-311.132	0	319.687	0	0	0	0	
3	[SLPS]	0	149.238	-311.132	0	319.687	0	0	0	0	
3	[SLPS]	0	149.095	-310.962	0	319.688	0	0	0	0	
3	[SLPS]	0	148.958	-310.795	0	319.696	0	0	0	0	
3	[SLPS]	0	148.958	-310.795	0	319.696	0	0	0	0	
3	[SLPS]	0	148.677	-310.463	0	319.681	0	0	0	0	
3	[SLPS]	0	148.677	-310.463	0	319.681	0	0	0	0	
3	[SLPS]	0	148.533	-310.293	0	319.681	0	0	0	0	
3	[SLPS]	0	148.391	-310.126	0	319.681	0	0	0	0	
3	[SLPS]	0	148.391	-310.126	0	319.681	0	0	0	0	
3	[SLPS]	0	148.113	-309.792	0	319.674	0	0	0	0	
3	[SLPS]	0	148.113	-309.792	0	319.674	0	0	0	0	
3	[SLPS]	0	147.973	-309.628	0	319.670	0	0	0	0	
3	[SLPS]	0	147.833	-309.462	0	319.671	0	0	0	0	
3	[SLPS]	0	147.693	-309.300	0	319.671	0	0	0	0	
3	[SLPS]	0	147.557	-309.131	0	319.683	0	0	0	0	
3	[SLPS]	0	147.557	-309.131	0	319.683	0	0	0	0	
3	[SLPS]	0	147.421	-308.964	0	319.691	0	0	0	0	
3	[SLPS]	0	147.284	-308.800	0	319.694	0	0	0	0	
3	[SLPS]	0	147.284	-308.800	0	319.694	0	0	0	0	
3	[SLPS]	0	147.006	-308.469	0	319.689	0	0	0	0	
3	[SLPS]	0	147.006	-308.469	0	319.689	0	0	0	0	
3	[SLPS]	0	146.862	-308.302	0	319.678	0	0	0	0	
3	[SLPS]	0	146.725	-308.137	0	319.672	0	0	0	0	
3	[SLPS]	0	146.584	-307.974	0	319.661	0	0	0	0	
3	[SLPS]	0	146.442	-307.818	0	319.647	0	0	0	0	
3	[SLPS]	0	146.442	-307.818	0	319.647	0	0	0	0	
3	[SLPS]	0	146.167	-307.488	0	319.661	0	0	0	0	
3	[SLPS]	0	146.167	-307.488	0	319.661	0	0	0	0	
3	[SLPS]	0	146.030	-307.326	0	319.665	0	0	0	0	
3	[SLPS]	0	145.889	-307.161	0	319.654	0	0	0	0	
3	[SLPS]	0	145.889	-307.161	0	319.654	0	0	0	0	
3	[SLPS]	0	145.746	-306.999	0	319.644	0	0	0	0	
3	[SLPS]	0	145.607	-306.837	0	319.648	0	0	0	0	
3	[SLPS]	0	145.470	-306.676	0	319.654	0	0	0	0	
3	[SLPS]	0	145.328	-306.509	0	319.658	0	0	0	0	
3	[SLPS]	0	145.328	-306.509	0	319.658	0	0	0	0	
3	[SLPS]	0	145.048	-306.191	0	319.646	0	0	0	0	
3	[SLPS]	0	145.048	-306.191	0	319.646	0	0	0	0	
3	[SLPS]	0	144.912	-306.025	0	319.641	0	0	0	0	
3	[SLPS]	0	144.773	-305.860	0	319.639	0	0	0	0	
3	[SLPS]	0	144.773	-305.860	0	319.639	0	0	0	0	
3	[SLPS]	0	144.501	-305.534	0	319.649	0	0	0	0	
3	[SLPS]	0	144.501	-305.534	0	319.649	0	0	0	0	
3	[SLPS]	0	144.363	-305.371	0	319.638	0	0	0	0	
3	[SLPS]	0	144.227	-305.209	0	319.622	0	0	0	0	
3	[SLPS]	0	144.227	-305.209	0	319.622	0	0	0	0	
3	[SLPS]	0	143.958	-304.882	0	319.587	0	0	0	0	
3	[SLPS]	0	143.958	-304.882	0	319.587	0	0	0	0	
3	[SLPS]	0	143.820	-304.719	0	319.570	0	0	0	0	
3	[SLPS]	0	143.680	-304.561	0	319.545	0	0	0	0	
3	[SLPS]	0	143.680	-304.561	0	319.545	0	0	0	0	
3	[SLPS]	0	143.410	-304.237	0	319.528	0	0	0	0	
3	[SLPS]	0	143.410	-304.237	0	319.528	0	0	0	0	
3	[SLPS]	0	143.272	-304.071	0	319.523	0	0	0	0	
3	[SLPS]	0	143.134	-303.910	0	319.500	0	0	0	0	
3	[SLPS]	0	143.001	-303.748	0	319.484	0	0	0	0	
3	[SLPS]	0	142.865	-303.587	0	319.465	0	0	0	0	
3	[SLPS]	0	142.865	-303.587	0	319.465	0	0	0	0	
3	[SLPS]	0	142.596	-303.270	0	319.433	0	0	0	0	
3	[SLPS]	0	142.596	-303.270	0	319.433	0	0	0	0	
3	[SLPS]	0	142.465	-303.110	0	319.432	0	0	0	0	
3	[SLPS]	0	142.330	-302.950	0	319.424	0	0	0	0	
3	[SLPS]	0	142.330	-302.950	0	319.424	0	0	0	0	
3	[SLPS]	0	142.057	-302.634	0	319.398	0	0	0	0	
3	[SLPS]	0	142.057	-302.634	0	319.398	0	0	0	0	
3	[SLPS]	0	141.923	-302.476	0	319.386	0	0	0	0	
3	[SLPS]	0	141.787	-302.318	0	319.374	0	0	0	0	
3	[SLPS]	0	141.787	-302.318	0	319.374	0	0	0	0	
3	[SLPS]	0	141.510	-302.008	0	319.331	0	0	0	0	
3	[SLPS]	0	141.510	-302.008	0	319.331	0	0	0	0	
3	[SLPS]	0	141.375	-301.848	0	319.316	0	0	0	0	
3	[SLPS]	0	141.239	-301.690	0	319.298	0	0	0	0	
3	[SLPS]	0	141.239	-301.690	0	319.298	0	0	0	0	
3	[SLPS]	0	140.963	-301.377	0	319.262	0	0	0	0	
3	[SLPS]	0	140.963	-301.377	0	319.262	0	0	0	0	
3	[SLPS]	0	140.828	-301.214	0	319.253	0	0	0	0	
3	[SLPS]	0	140.695	-301.053	0	319.250	0	0	0	0	
3	[SLPS]	0	140.695	-301.053	0	319.250	0	0	0	0	
3	[SLPS]	0	140.419	-300.740	0	319.227	0	0	0	0	
3	[SLPS]	0	140.419	-300.740	0	319.227	0	0	0	0	
3	[SLPS]	0	140.285	-300.582	0	319.212	0	0	0	0	
3	[SLPS]	0	140.149	-300.425	0	319.197	0	0	0	0	
3	[SLPS]	0	140.149	-300.425	0	319.197	0	0	0	0	
3	[SLPS]	0	139.878	-300.117	0	319.167	0	0	0	0	
3	[SLPS]	0	139.878	-300.117	0	319.167	0	0	0	0	
3	[SLPS]	0	139.743	-299.960	0	319.153	0	0	0	0	
3	[SLPS]	0	139.604	-299.801	0	319.136	0	0	0	0	
3	[SLPS]	0	139.604	-299.801	0	319.136	0	0	0	0	
3	[SLPS]	0	139.338	-299.487	0	319.112	0	0	0	0	
3	[SLPS]	0	139.338	-299.487	0	319.112	0	0	0	0	
3	[SLPS]	0	139.208	-299.333	0	319.102	0	0	0	0	
3	[SLPS]	0	139.073	-299.177	0	319.098	0	0	0	0	
3	[SLPS]	0	139.073	-299.177	0	319.098	0	0	0	0	
3	[SLPS]	0	138.798	-298.861	0	319.088	0	0	0	0	
3	[SLPS]	0	138.798	-298.861	0	319.088	0	0	0	0	
3	[SLPS]	0	138.663	-298.703	0	319.091	0	0	0	0	
3	[SLPS]	0	138.527	-298.545	0	319.108	0	0	0	0	
3	[SLPS]	0	138.527	-298.545	0	319.108	0	0	0	0	
3	[SLPS]	0	138.247	-298.221	0	319.130	0	0	0	0	
3	[SLPS]	0	138.247	-298.221	0	319.130	0	0	0	0	
3	[SLPS]	0	138.112	-298.061	0	319.143	0	0	0	0	
3	[SLPS]	0	137.977	-297.898	0	319.149	0	0	0	0	
3	[SLPS]	0	137.837	-297.734	0	319.153	0	0	0	0	
3	[SLPS]	0	137.698	-297.573	0	319.167	0	0	0	0	
3	[SLPS]	0	137.698	-297.573	0	319.167	0	0	0	0	
3	[SLPS]	0	137.418	-297.250	0	319.186	0	0	0	0	
3	[SLPS]	0	137.418	-297.250	0	319.186	0	0	0	0	
3	[SLPS]	0	137.283	-297.090	0	319.202	0	0	0	0	
3	[SLPS]	0	137.143	-296.929	0	319.209	0	0	0	0	
3	[SLPS]	0	137.143	-296.929	0	319.209	0	0	0	0	
3	[SLPS]	0	136.868	-296.606	0	319.229	0	0	0	0	
3	[SLPS]	0	136.868	-296.606	0	319.229	0	0	0	0	
3	[SLPS]	0	136.734	-296.444	0	319.244	0	0	0	0	
3	[SLPS]	0	136.597	-296.286	0	319.249	0	0	0	0	
3	[SLPS]	0	136.597	-296.286	0	319.249	0	0	0	0	
3	[SLPS]	0	136.319	-295.966	0	319.226	0	0	0	0	
3	[SLPS]	0	136.319	-295.966	0	319.226	0	0	0	0	
3	[SLPS]	0	136.181	-295.809	0	319.205	0	0	0	0	
3	[SLPS]	0	136.045	-295.649	0	319.192	0	0	0	0	
3	[SLPS]	0	136.045	-295.649	0	319.192	0	0	0	0	
3	[SLPS]	0	135.772	-295.329	0	319.178	0	0	0	0	
3	[SLPS]	0	135.772	-295.329	0	319.178	0	0	0	0	
3	[SLPS]	0	135.632	-295.171	0	319.161	0	0	0	0	
3	[SLPS]	0	135.494	-295.018	0	319.141	0	0	0	0	
3	[SLPS]	0	135.494	-295.018	0	319.141	0	0	0	0	
3	[SLPS]	0	135.229	-294.701	0	319.121	0	0	0	0	
3	[SLPS]	0	135.229	-294.701	0	319.121	0	0	0	0	
3	[SLPS]	0	135.091	-294.542	0	319.121	0	0	0	0	
3	[SLPS]	0	134.952	-294.386	0	319.111	0	0	0	0	
3	[SLPS]	0	134.952	-294.386	0	319.111	0	0	0	0	
3	[SLPS]	0	134.682	-294.070	0	319.103	0	0	0	0	
3	[SLPS]	0	134.682	-294.070	0	319.103	0	0	0	0	
3	[SLPS]	0	134.545	-293.914	0	319.103	0	0	0	0	
3	[SLPS]	0	134.408	-293.757	0	319.101	0	0	0	0	
3	[SLPS]	0	134.408	-293.757	0	319.101	0	0	0	0	
3	[SLPS]	0	134.132	-293.442	0	319.086	0	0	0	0	
3	[SLPS]	0	134.132	-293.442	0	319.086	0	0	0	0	
3	[SLPS]	0	134.000	-293.289	0	319.074	0	0	0	0	
3	[SLPS]	0	133.866	-293.129	0	319.070	0	0	0	0	
3	[SLPS]	0	133.866	-293.129	0	319.070	0	0	0	0	
3	[SLPS]	0	133.594	-292.810	0	319.081	0	0	0	0	
3	[SLPS]	0	133.594	-292.810	0	319.081	0	0	0	0	
3	[SLPS]	0	133.458	-292.653	0	319.088	0	0	0	0	
3	[SLPS]	0	133.322	-292.491	0	319.088	0	0	0	0	
3	[SLPS]	0	133.188	-292.339	0	319.075	0	0	0	0	
3	[SLPS]	0	133.049	-292.184	0	319.068	0	0	0	0	
3	[SLPS]	0	133.049	-292.184	0	319.068	0	0	0	0	
3	[SLPS]	0	132.778	-291.864	0	319.086	0	0	0	0	
3	[SLPS]	0	132.778	-291.864	0	319.086	0	0	0	0	
3	[SLPS]	0	132.648	-291.694	0	319.101	0	0	0	0	
3	[SLPS]	0	132.513	-291.538	0	319.099	0	0	0	0	
3	[SLPS]	0	132.513	-291.538	0	319.099	0	0	0	0	
3	[SLPS]	0	132.244	-291.210	0	319.113	0	0	0	0	
3	[SLPS]	0	132.244	-291.210	0	319.113	0	0	0	0	
3	[SLPS]	0	132.108	-291.053	0	319.114	0	0	0	0	
3	[SLPS]	0	131.974	-290.894	0	319.116	0	0	0	0	
3	[SLPS]	0	131.974	-290.894	0	319.116	0	0	0	0	
3	[SLPS]	0	131.709	-290.587	0	319.123	0	0	0	0	
3	[SLPS]	0	131.709	-290.587	0	319.123	0	0	0	0	
3	[SLPS]	0	131.570	-290.432	0	319.123	0	0	0	0	
3	[SLPS]	0	131.434	-290.275	0	319.127	0	0	0	0	
3	[SLPS]	0	131.434	-290.275	0	319.127	0	0	0	0	
3	[SLPS]	0	131.163	-289.967	0	319.129	0	0	0	0	
3	[SLPS]	0	131.163	-289.967	0	319.129	0	0	0	0	
3	[SLPS]	0	131.027	-289.810	0	319.131	0	0	0	0	
3	[SLPS]	0	130.890	-289.657	0	319.136	0	0	0	0	
3	[SLPS]	0	130.890	-289.657	0	319.136	0	0	0	0	
3	[SLPS]	0	130.619	-289.338	0	319.150	0	0	0	0	
3	[SLPS]	0	130.619	-289.338	0	319.150	0	0	0	0	
3	[SLPS]	0	130.482	-289.186	0	319.146	0	0	0	0	
3	[SLPS]	0	130.348	-289.032	0	319.144	0	0	0	0	
3	[SLPS]	0	130.217	-288.871	0	319.155	0	0	0	0	
3	[SLPS]	0	130.083	-288.717	0	319.159	0	0	0	0	
3	[SLPS]	0	130.083	-288.717	0	319.159	0	0	0	0	
3	[SLPS]	0	129.814	-288.407	0	319.159	0	0	0	0	
3	[SLPS]	0	129.814	-288.407	0	319.159	0	0	0	0	
3	[SLPS]	0	129.678	-288.251	0	319.161	0	0	0	0	
3	[SLPS]	0	129.545	-288.095	0	319.169	0	0	0	0	
3	[SLPS]	0	129.545	-288.095	0	319.169	0	0	0	0	
3	[SLPS]	0	129.284	-287.783	0	319.189	0	0	0	0	
3	[SLPS]	0	129.284	-287.783	0	319.189	0	0	0	0	
3	[SLPS]	0	129.150	-287.638	0	319.182	0	0	0	0	
3	[SLPS]	0	129.018	-287.481	0	319.183	0	0	0	0	
3	[SLPS]	0	129.018	-287.481	0	319.183	0	0	0	0	
3	[SLPS]	0	128.757	-287.179	0	319.175	0	0	0	0	
3	[SLPS]	0	128.757	-287.179	0	319.175	0	0	0	0	
3	[SLPS]	0	128.619	-287.031	0	319.159	0	0	0	0	
3	[SLPS]	0	128.495	-286.874	0	319.164	0	0	0	0	
3	[SLPS]	0	128.495	-286.874	0	319.164	0	0	0	0	
3	[SLPS]	0	128.226	-286.570	0	319.135	0	0	0	0	
3	[SLPS]	0	128.226	-286.570	0	319.135	0	0	0	0	
3	[SLPS]	0	128.099	-286.412	0	319.129	0	0	0	0	
3	[SLPS]	0	127.967	-286.261	0	319.112	0	0	0	0	
3	[SLPS]	0	127.967	-286.261	0	319.112	0	0	0	0	
3	[SLPS]	0	127.704	-285.959	0	319.094	0	0	0	0	
3	[SLPS]	0	127.704	-285.959	0	319.094	0	0	0	0	
3	[SLPS]	0	127.576	-285.800	0	319.096	0	0	0	0	
3	[SLPS]	0	127.441	-285.646	0	319.087	0	0	0	0	
3	[SLPS]	0	127.441	-285.646	0	319.087	0	0	0	0	
3	[SLPS]	0	127.177	-285.335	0	319.085	0	0	0	0	
3	[SLPS]	0	127.177	-285.335	0	319.085	0	0	0	0	
3	[SLPS]	0	127.050	-285.178	0	319.081	0	0	0	0	
3	[SLPS]	0	126.914	-285.023	0	319.073	0	0	0	0	
3	[SLPS]	0	126.780	-284.868	0	319.072	0	0	0	0	
3	[SLPS]	0	126.647	-284.714	0	319.072	0	0	0	0	
3	[SLPS]	0	126.647	-284.714	0	319.072	0	0	0	0	
3	[SLPS]	0	126.515	-284.564	0	319.069	0	0	0	0	
3	[SLPS]	0	126.381	-284.415	0	319.065	0	0	0	0	
3	[SLPS]	0	126.381	-284.415	0	319.065	0	0	0	0	
3	[SLPS]	0	126.111	-284.110	0	319.048	0	0	0	0	
3	[SLPS]	0	126.111	-284.110	0	319.048	0	0	0	0	
3	[SLPS]	0	125.978	-283.958	0	319.042	0	0	0	0	
3	[SLPS]	0	125.842	-283.801	0	319.035	0	0	0	0	
3	[SLPS]	0	125.707	-283.646	0	319.025	0	0	0	0	
3	[SLPS]	0	125.575	-283.491	0	319.018	0	0	0	0	
3	[SLPS]	0	125.575	-283.491	0	319.018	0	0	0	0	
3	[SLPS]	0	125.447	-283.336	0	319.012	0	0	0	0	
3	[SLPS]	0	125.314	-283.178	0	319.004	0	0	0	0	
3	[SLPS]	0	125.178	-283.024	0	318.993	0	0	0	0	
3	[SLPS]	0	125.046	-282.867	0	318.990	0	0	0	0	
3	[SLPS]	0	125.046	-282.867	0	318.990	0	0	0	0	
3	[SLPS]	0	124.774	-282.562	0	318.965	0	0	0	0	
3	[SLPS]	0	124.774	-282.562	0	318.965	0	0	0	0	
3	[SLPS]	0	124.643	-282.399	0	318.961	0	0	0	0	
3	[SLPS]	0	124.506	-282.248	0	318.941	0	0	0	0	
3	[SLPS]	0	124.506	-282.248	0	318.941	0	0	0	0	
3	[SLPS]	0	124.236	-281.942	0	318.913	0	0	0	0	
3	[SLPS]	0	124.236	-281.942	0	318.913	0	0	0	0	
3	[SLPS]	0	124.105	-281.784	0	318.912	0	0	0	0	
3	[SLPS]	0	123.971	-281.629	0	318.905	0	0	0	0	
3	[SLPS]	0	123.971	-281.629	0	318.905	0	0	0	0	
3	[SLPS]	0	123.705	-281.321	0	318.893	0	0	0	0	
3	[SLPS]	0	123.705	-281.321	0	318.893	0	0	0	0	
3	[SLPS]	0	123.567	-281.169	0	318.875	0	0	0	0	
3	[SLPS]	0	123.432	-281.015	0	318.864	0	0	0	0	
3	[SLPS]	0	123.432	-281.015	0	318.864	0	0	0	0	
3	[SLPS]	0	123.166	-280.707	0	318.855	0	0	0	0	
3	[SLPS]	0	123.166	-280.707	0	318.855	0	0	0	0	
3	[SLPS]	0	123.026	-280.555	0	318.844	0	0	0	0	
3	[SLPS]	0	122.890	-280.402	0	318.836	0	0	0	0	
3	[SLPS]	0	122.890	-280.402	0	318.836	0	0	0	0	
3	[SLPS]	0	122.626	-280.086	0	318.835	0	0	0	0	
3	[SLPS]	0	122.626	-280.086	0	318.835	0	0	0	0	
3	[SLPS]	0	122.491	-279.930	0	318.831	0	0	0	0	
3	[SLPS]	0	122.359	-279.778	0	318.825	0	0	0	0	
3	[SLPS]	0	122.224	-279.623	0	318.822	0	0	0	0	
3	[SLPS]	0	122.091	-279.475	0	318.811	0	0	0	0	
3	[SLPS]	0	122.091	-279.475	0	318.811	0	0	0	0	
3	[SLPS]	0	121.955	-279.321	0	318.800	0	0	0	0	
3	[SLPS]	0	121.817	-279.172	0	318.787	0	0	0	0	
3	[SLPS]	0	121.683	-279.016	0	318.789	0	0	0	0	
3	[SLPS]	0	121.547	-278.861	0	318.787	0	0	0	0	
3	[SLPS]	0	121.547	-278.861	0	318.787	0	0	0	0	
3	[SLPS]	0	121.272	-278.546	0	318.781	0	0	0	0	
3	[SLPS]	0	121.272	-278.546	0	318.781	0	0	0	0	
3	[SLPS]	0	121.139	-278.386	0	318.782	0	0	0	0	
3	[SLPS]	0	121.000	-278.228	0	318.775	0	0	0	0	
3	[SLPS]	0	121.000	-278.228	0	318.775	0	0	0	0	
3	[SLPS]	0	120.727	-277.913	0	318.783	0	0	0	0	
3	[SLPS]	0	120.727	-277.913	0	318.783	0	0	0	0	
3	[SLPS]	0	120.594	-277.756	0	318.784	0	0	0	0	
3	[SLPS]	0	120.456	-277.599	0	318.773	0	0	0	0	
3	[SLPS]	0	120.456	-277.599	0	318.773	0	0	0	0	
3	[SLPS]	0	120.173	-277.286	0	318.741	0	0	0	0	
3	[SLPS]	0	120.173	-277.286	0	318.741	0	0	0	0	
3	[SLPS]	0	120.034	-277.128	0	318.733	0	0	0	0	
3	[SLPS]	0	119.896	-276.970	0	318.728	0	0	0	0	
3	[SLPS]	0	119.896	-276.970	0	318.728	0	0	0	0	
3	[SLPS]	0	119.618	-276.649	0	318.727	0	0	0	0	
3	[SLPS]	0	119.618	-276.649	0	318.727	0	0	0	0	
3	[SLPS]	0	119.337	-276.331	0	318.708	0	0	0	0	
3	[SLPS]	0	119.337	-276.331	0	318.708	0	0	0	0	
3	[SLPS]	0	119.193	-276.169	0	318.700	0	0	0	0	
3	[SLPS]	0	119.061	-276.007	0	318.705	0	0	0	0	
3	[SLPS]	0	119.061	-276.007	0	318.705	0	0	0	0	
3	[SLPS]	0	118.775	-275.686	0	318.690	0	0	0	0	
3	[SLPS]	0	118.775	-275.686	0	318.690	0	0	0	0	
3	[SLPS]	0	118.632	-275.528	0	318.682	0	0	0	0	
3	[SLPS]	0	118.491	-275.368	0	318.677	0	0	0	0	
3	[SLPS]	0	118.491	-275.368	0	318.677	0	0	0	0	
3	[SLPS]	0	118.217	-275.044	0	318.672	0	0	0	0	
3	[SLPS]	0	118.217	-275.044	0	318.672	0	0	0	0	
3	[SLPS]	0	118.076	-274.881	0	318.669	0	0	0	0	
3	[SLPS]	0	117.936	-274.720	0	318.671	0	0	0	0	
3	[SLPS]	0	117.936	-274.720	0	318.671	0	0	0	0	
3	[SLPS]	0	117.649	-274.402	0	318.680	0	0	0	0	
3	[SLPS]	0	117.649	-274.402	0	318.680	0	0	0	0	
3	[SLPS]	0	117.511	-274.239	0	318.691	0	0	0	0	
3	[SLPS]	0	117.369	-274.078	0	318.695	0	0	0	0	
3	[SLPS]	0	117.369	-274.078	0	318.695	0	0	0	0	
3	[SLPS]	0	117.090	-273.759	0	318.696	0	0	0	0	
3	[SLPS]	0	117.090	-273.759	0	318.696	0	0	0	0	
3	[SLPS]	0	116.944	-273.598	0	318.699	0	0	0	0	
3	[SLPS]	0	116.806	-273.433	0	318.723	0	0	0	0	
3	[SLPS]	0	116.806	-273.433	0	318.723	0	0	0	0	
3	[SLPS]	0	116.525	-273.105	0	318.741	0	0	0	0	
3	[SLPS]	0	116.525	-273.105	0	318.741	0	0	0	0	
3	[SLPS]	0	116.378	-272.944	0	318.738	0	0	0	0	
3	[SLPS]	0	116.233	-272.784	0	318.735	0	0	0	0	
3	[SLPS]	0	116.089	-272.618	0	318.743	0	0	0	0	
3	[SLPS]	0	115.947	-272.457	0	318.752	0	0	0	0	
3	[SLPS]	0	115.947	-272.457	0	318.752	0	0	0	0	
3	[SLPS]	0	115.797	-272.293	0	318.749	0	0	0	0	
3	[SLPS]	0	115.662	-272.133	0	318.758	0	0	0	0	
3	[SLPS]	0	115.521	-271.972	0	318.764	0	0	0	0	
3	[SLPS]	0	115.378	-271.806	0	318.764	0	0	0	0	
3	[SLPS]	0	115.378	-271.806	0	318.764	0	0	0	0	
3	[SLPS]	0	115.097	-271.478	0	318.769	0	0	0	0	
3	[SLPS]	0	115.097	-271.478	0	318.769	0	0	0	0	
3	[SLPS]	0	114.953	-271.313	0	318.767	0	0	0	0	
3	[SLPS]	0	114.810	-271.149	0	318.768	0	0	0	0	
3	[SLPS]	0	114.810	-271.149	0	318.768	0	0	0	0	
3	[SLPS]	0	114.521	-270.819	0	318.761	0	0	0	0	
3	[SLPS]	0	114.521	-270.819	0	318.761	0	0	0	0	
3	[SLPS]	0	114.379	-270.655	0	318.757	0	0	0	0	
3	[SLPS]	0	114.236	-270.499	0	318.748	0	0	0	0	
3	[SLPS]	0	114.236	-270.499	0	318.748	0	0	0	0	
3	[SLPS]	0	113.942	-270.160	0	318.769	0	0	0	0	
3	[SLPS]	0	113.942	-270.160	0	318.769	0	0	0	0	
3	[SLPS]	0	113.799	-269.993	0	318.783	0	0	0	0	
3	[SLPS]	0	113.655	-269.829	0	318.787	0	0	0	0	
3	[SLPS]	0	113.655	-269.829	0	318.787	0	0	0	0	
3	[SLPS]	0	113.368	-269.496	0	318.796	0	0	0	0	
3	[SLPS]	0	113.368	-269.496	0	318.796	0	0	0	0	
3	[SLPS]	0	113.227	-269.329	0	318.808	0	0	0	0	
3	[SLPS]	0	113.084	-269.163	0	318.821	0	0	0	0	
3	[SLPS]	0	112.940	-268.994	0	318.838	0	0	0	0	
3	[SLPS]	0	112.797	-268.828	0	318.842	0	0	0	0	
3	[SLPS]	0	112.797	-268.828	0	318.842	0	0	0	0	
3	[SLPS]	0	112.524	-268.497	0	318.864	0	0	0	0	
3	[SLPS]	0	112.524	-268.497	0	318.864	0	0	0	0	
3	[SLPS]	0	112.375	-268.335	0	318.867	0	0	0	0	
3	[SLPS]	0	112.236	-268.174	0	318.882	0	0	0	0	
3	[SLPS]	0	112.236	-268.174	0	318.882	0	0	0	0	
3	[SLPS]	0	111.948	-267.845	0	318.896	0	0	0	0	
3	[SLPS]	0	111.948	-267.845	0	318.896	0	0	0	0	
3	[SLPS]	0	111.801	-267.679	0	318.901	0	0	0	0	
3	[SLPS]	0	111.662	-267.512	0	318.912	0	0	0	0	
3	[SLPS]	0	111.662	-267.512	0	318.912	0	0	0	0	
3	[SLPS]	0	111.385	-267.194	0	318.943	0	0	0	0	
3	[SLPS]	0	111.385	-267.194	0	318.943	0	0	0	0	
3	[SLPS]	0	111.242	-267.030	0	318.961	0	0	0	0	
3	[SLPS]	0	111.110	-266.866	0	318.983	0	0	0	0	
3	[SLPS]	0	111.110	-266.866	0	318.983	0	0	0	0	
3	[SLPS]	0	110.820	-266.540	0	318.986	0	0	0	0	
3	[SLPS]	0	110.820	-266.540	0	318.986	0	0	0	0	
3	[SLPS]	0	110.682	-266.377	0	318.995	0	0	0	0	
3	[SLPS]	0	110.544	-266.213	0	319.010	0	0	0	0	
3	[SLPS]	0	110.406	-266.048	0	319.029	0	0	0	0	
3	[SLPS]	0	110.258	-265.885	0	319.034	0	0	0	0	
3	[SLPS]	0	110.258	-265.885	0	319.034	0	0	0	0	
3	[SLPS]	0	109.973	-265.558	0	319.055	0	0	0	0	
3	[SLPS]	0	109.973	-265.558	0	319.055	0	0	0	0	
3	[SLPS]	0	109.833	-265.395	0	319.068	0	0	0	0	
3	[SLPS]	0	109.689	-265.233	0	319.076	0	0	0	0	
3	[SLPS]	0	109.689	-265.233	0	319.076	0	0	0	0	
3	[SLPS]	0	109.395	-264.904	0	319.073	0	0	0	0	
3	[SLPS]	0	109.395	-264.904	0	319.073	0	0	0	0	
3	[SLPS]	0	109.249	-264.744	0	319.060	0	0	0	0	
3	[SLPS]	0	109.118	-264.570	0	319.073	0	0	0	0	
3	[SLPS]	0	109.118	-264.570	0	319.073	0	0	0	0	
3	[SLPS]	0	108.831	-264.255	0	319.052	0	0	0	0	
3	[SLPS]	0	108.831	-264.255	0	319.052	0	0	0	0	
3	[SLPS]	0	108.693	-264.089	0	319.054	0	0	0	0	
3	[SLPS]	0	108.550	-263.922	0	319.058	0	0	0	0	
