1	[SLPS]	0	337.212	-269.106	0	239.574	0	0	0	0	
1	[SLPS]	0	337.212	-269.106	0	239.574	0	0	0	0	
1	[SLPS]	0	336.725	-269.399	0	239.565	0	0	0	0	
1	[SLPS]	0	336.725	-269.399	0	239.565	0	0	0	0	
1	[SLPS]	0	336.486	-269.540	0	239.556	0	0	0	0	
1	[SLPS]	0	336.247	-269.681	0	239.548	0	0	0	0	
1	[SLPS]	0	335.998	-269.827	0	239.542	0	0	0	0	
1	[SLPS]	0	335.758	-269.969	0	239.538	0	0	0	0	
1	[SLPS]	0	335.758	-269.969	0	239.538	0	0	0	0	
1	[SLPS]	0	335.265	-270.261	0	239.535	0	0	0	0	
1	[SLPS]	0	335.265	-270.261	0	239.535	0	0	0	0	
1	[SLPS]	0	335.020	-270.401	0	239.541	0	0	0	0	
1	[SLPS]	0	334.773	-270.548	0	239.534	0	0	0	0	
1	[SLPS]	0	334.773	-270.548	0	239.534	0	0	0	0	
1	[SLPS]	0	334.285	-270.838	0	239.512	0	0	0	0	
1	[SLPS]	0	334.285	-270.838	0	239.512	0	0	0	0	
1	[SLPS]	0	334.038	-270.980	0	239.516	0	0	0	0	
1	[SLPS]	0	333.790	-271.126	0	239.516	0	0	0	0	
1	[SLPS]	0	333.790	-271.126	0	239.516	0	0	0	0	
1	[SLPS]	0	333.302	-271.416	0	239.493	0	0	0	0	
1	[SLPS]	0	333.302	-271.416	0	239.493	0	0	0	0	
1	[SLPS]	0	333.054	-271.564	0	239.471	0	0	0	0	
1	[SLPS]	0	332.810	-271.712	0	239.445	0	0	0	0	
1	[SLPS]	0	332.810	-271.712	0	239.445	0	0	0	0	
1	[SLPS]	0	332.316	-272.003	0	239.402	0	0	0	0	
1	[SLPS]	0	332.316	-272.003	0	239.402	0	0	0	0	
1	[SLPS]	0	331.826	-272.295	0	239.358	0	0	0	0	
1	[SLPS]	0	331.826	-272.295	0	239.358	0	0	0	0	
1	[SLPS]	0	331.577	-272.441	0	239.342	0	0	0	0	
1	[SLPS]	0	331.335	-272.589	0	239.314	0	0	0	0	
1	[SLPS]	0	331.335	-272.589	0	239.314	0	0	0	0	
1	[SLPS]	0	330.838	-272.881	0	239.283	0	0	0	0	
1	[SLPS]	0	330.838	-272.881	0	239.283	0	0	0	0	
1	[SLPS]	0	330.600	-273.035	0	239.246	0	0	0	0	
1	[SLPS]	0	330.354	-273.181	0	239.230	0	0	0	0	
1	[SLPS]	0	330.354	-273.181	0	239.230	0	0	0	0	
1	[SLPS]	0	329.857	-273.477	0	239.205	0	0	0	0	
1	[SLPS]	0	329.857	-273.477	0	239.205	0	0	0	0	
1	[SLPS]	0	329.612	-273.626	0	239.194	0	0	0	0	
1	[SLPS]	0	329.365	-273.775	0	239.189	0	0	0	0	
1	[SLPS]	0	329.365	-273.775	0	239.189	0	0	0	0	
1	[SLPS]	0	328.887	-274.075	0	239.167	0	0	0	0	
1	[SLPS]	0	328.887	-274.075	0	239.167	0	0	0	0	
1	[SLPS]	0	328.636	-274.218	0	239.180	0	0	0	0	
1	[SLPS]	0	328.387	-274.360	0	239.193	0	0	0	0	
1	[SLPS]	0	328.387	-274.360	0	239.193	0	0	0	0	
1	[SLPS]	0	327.892	-274.660	0	239.183	0	0	0	0	
1	[SLPS]	0	327.892	-274.660	0	239.183	0	0	0	0	
1	[SLPS]	0	327.648	-274.812	0	239.178	0	0	0	0	
1	[SLPS]	0	327.394	-274.960	0	239.187	0	0	0	0	
1	[SLPS]	0	327.394	-274.960	0	239.187	0	0	0	0	
1	[SLPS]	0	326.898	-275.255	0	239.196	0	0	0	0	
1	[SLPS]	0	326.898	-275.255	0	239.196	0	0	0	0	
1	[SLPS]	0	326.645	-275.396	0	239.213	0	0	0	0	
1	[SLPS]	0	326.398	-275.551	0	239.203	0	0	0	0	
1	[SLPS]	0	326.398	-275.551	0	239.203	0	0	0	0	
1	[SLPS]	0	325.890	-275.843	0	239.216	0	0	0	0	
1	[SLPS]	0	325.890	-275.843	0	239.216	0	0	0	0	
1	[SLPS]	0	325.647	-275.999	0	239.192	0	0	0	0	
1	[SLPS]	0	325.390	-276.136	0	239.215	0	0	0	0	
1	[SLPS]	0	325.390	-276.136	0	239.215	0	0	0	0	
1	[SLPS]	0	324.870	-276.443	0	239.191	0	0	0	0	
1	[SLPS]	0	324.870	-276.443	0	239.191	0	0	0	0	
1	[SLPS]	0	324.621	-276.591	0	239.197	0	0	0	0	
1	[SLPS]	0	324.362	-276.735	0	239.215	0	0	0	0	
1	[SLPS]	0	324.109	-276.884	0	239.207	0	0	0	0	
1	[SLPS]	0	323.855	-277.033	0	239.214	0	0	0	0	
1	[SLPS]	0	323.855	-277.033	0	239.214	0	0	0	0	
1	[SLPS]	0	323.597	-277.202	0	239.200	0	0	0	0	
1	[SLPS]	0	323.366	-277.359	0	239.179	0	0	0	0	
1	[SLPS]	0	323.366	-277.359	0	239.179	0	0	0	0	
1	[SLPS]	0	322.875	-277.665	0	239.182	0	0	0	0	
1	[SLPS]	0	322.875	-277.665	0	239.182	0	0	0	0	
1	[SLPS]	0	322.626	-277.820	0	239.174	0	0	0	0	
1	[SLPS]	0	322.381	-277.971	0	239.188	0	0	0	0	
1	[SLPS]	0	322.139	-278.120	0	239.185	0	0	0	0	
1	[SLPS]	0	321.888	-278.278	0	239.183	0	0	0	0	
1	[SLPS]	0	321.888	-278.278	0	239.183	0	0	0	0	
1	[SLPS]	0	321.399	-278.568	0	239.191	0	0	0	0	
1	[SLPS]	0	321.399	-278.568	0	239.191	0	0	0	0	
1	[SLPS]	0	321.156	-278.721	0	239.185	0	0	0	0	
1	[SLPS]	0	320.907	-278.873	0	239.201	0	0	0	0	
1	[SLPS]	0	320.907	-278.873	0	239.201	0	0	0	0	
1	[SLPS]	0	320.412	-279.175	0	239.200	0	0	0	0	
1	[SLPS]	0	320.412	-279.175	0	239.200	0	0	0	0	
1	[SLPS]	0	320.160	-279.326	0	239.197	0	0	0	0	
1	[SLPS]	0	319.910	-279.476	0	239.200	0	0	0	0	
1	[SLPS]	0	319.910	-279.476	0	239.200	0	0	0	0	
1	[SLPS]	0	319.409	-279.765	0	239.214	0	0	0	0	
1	[SLPS]	0	319.409	-279.765	0	239.214	0	0	0	0	
1	[SLPS]	0	319.162	-279.926	0	239.198	0	0	0	0	
1	[SLPS]	0	318.902	-280.083	0	239.204	0	0	0	0	
1	[SLPS]	0	318.902	-280.083	0	239.204	0	0	0	0	
1	[SLPS]	0	318.388	-280.363	0	239.233	0	0	0	0	
1	[SLPS]	0	318.388	-280.363	0	239.233	0	0	0	0	
1	[SLPS]	0	318.134	-280.518	0	239.225	0	0	0	0	
1	[SLPS]	0	317.878	-280.655	0	239.237	0	0	0	0	
1	[SLPS]	0	317.878	-280.655	0	239.237	0	0	0	0	
1	[SLPS]	0	317.365	-280.955	0	239.243	0	0	0	0	
1	[SLPS]	0	317.365	-280.955	0	239.243	0	0	0	0	
1	[SLPS]	0	317.109	-281.109	0	239.241	0	0	0	0	
1	[SLPS]	0	316.857	-281.265	0	239.235	0	0	0	0	
1	[SLPS]	0	316.857	-281.265	0	239.235	0	0	0	0	
1	[SLPS]	0	316.351	-281.577	0	239.228	0	0	0	0	
1	[SLPS]	0	316.351	-281.577	0	239.228	0	0	0	0	
1	[SLPS]	0	316.096	-281.723	0	239.243	0	0	0	0	
1	[SLPS]	0	315.845	-281.877	0	239.241	0	0	0	0	
1	[SLPS]	0	315.845	-281.877	0	239.241	0	0	0	0	
1	[SLPS]	0	315.334	-282.186	0	239.244	0	0	0	0	
1	[SLPS]	0	315.334	-282.186	0	239.244	0	0	0	0	
1	[SLPS]	0	315.086	-282.337	0	239.240	0	0	0	0	
1	[SLPS]	0	314.833	-282.489	0	239.224	0	0	0	0	
1	[SLPS]	0	314.833	-282.489	0	239.224	0	0	0	0	
1	[SLPS]	0	314.325	-282.795	0	239.154	0	0	0	0	
1	[SLPS]	0	314.325	-282.795	0	239.154	0	0	0	0	
1	[SLPS]	0	314.067	-282.947	0	239.121	0	0	0	0	
1	[SLPS]	0	313.812	-283.097	0	239.097	0	0	0	0	
1	[SLPS]	0	313.812	-283.097	0	239.097	0	0	0	0	
1	[SLPS]	0	313.305	-283.405	0	239.044	0	0	0	0	
1	[SLPS]	0	313.305	-283.405	0	239.044	0	0	0	0	
1	[SLPS]	0	313.049	-283.562	0	239.009	0	0	0	0	
1	[SLPS]	0	312.792	-283.718	0	238.974	0	0	0	0	
1	[SLPS]	0	312.792	-283.718	0	238.974	0	0	0	0	
1	[SLPS]	0	312.285	-284.027	0	238.888	0	0	0	0	
1	[SLPS]	0	312.285	-284.027	0	238.888	0	0	0	0	
1	[SLPS]	0	311.752	-284.337	0	238.812	0	0	0	0	
1	[SLPS]	0	311.752	-284.337	0	238.812	0	0	0	0	
1	[SLPS]	0	311.752	-284.337	0	238.812	0	0	0	0	
1	[SLPS]	0	311.245	-284.650	0	238.701	0	0	0	0	
1	[SLPS]	0	311.245	-284.650	0	238.701	0	0	0	0	
1	[SLPS]	0	310.727	-284.973	0	238.601	0	0	0	0	
1	[SLPS]	0	310.727	-284.973	0	238.601	0	0	0	0	
1	[SLPS]	0	310.472	-285.131	0	238.552	0	0	0	0	
1	[SLPS]	0	310.215	-285.289	0	238.501	0	0	0	0	
1	[SLPS]	0	310.215	-285.289	0	238.501	0	0	0	0	
1	[SLPS]	0	309.701	-285.616	0	238.399	0	0	0	0	
1	[SLPS]	0	309.701	-285.616	0	238.399	0	0	0	0	
1	[SLPS]	0	309.444	-285.777	0	238.350	0	0	0	0	
1	[SLPS]	0	309.190	-285.934	0	238.307	0	0	0	0	
1	[SLPS]	0	309.190	-285.934	0	238.307	0	0	0	0	
1	[SLPS]	0	308.672	-286.263	0	238.217	0	0	0	0	
1	[SLPS]	0	308.672	-286.263	0	238.217	0	0	0	0	
1	[SLPS]	0	308.416	-286.424	0	238.179	0	0	0	0	
1	[SLPS]	0	308.161	-286.583	0	238.144	0	0	0	0	
1	[SLPS]	0	308.161	-286.583	0	238.144	0	0	0	0	
1	[SLPS]	0	307.645	-286.918	0	238.080	0	0	0	0	
1	[SLPS]	0	307.645	-286.918	0	238.080	0	0	0	0	
1	[SLPS]	0	307.384	-287.073	0	238.072	0	0	0	0	
1	[SLPS]	0	307.125	-287.233	0	238.063	0	0	0	0	
1	[SLPS]	0	307.125	-287.233	0	238.063	0	0	0	0	
1	[SLPS]	0	306.600	-287.566	0	238.019	0	0	0	0	
1	[SLPS]	0	306.600	-287.566	0	238.019	0	0	0	0	
1	[SLPS]	0	306.338	-287.728	0	237.997	0	0	0	0	
1	[SLPS]	0	306.081	-287.889	0	237.980	0	0	0	0	
1	[SLPS]	0	306.081	-287.889	0	237.980	0	0	0	0	
1	[SLPS]	0	305.564	-288.216	0	237.945	0	0	0	0	
1	[SLPS]	0	305.564	-288.216	0	237.945	0	0	0	0	
1	[SLPS]	0	305.302	-288.380	0	237.945	0	0	0	0	
1	[SLPS]	0	305.045	-288.543	0	237.924	0	0	0	0	
1	[SLPS]	0	305.045	-288.543	0	237.924	0	0	0	0	
1	[SLPS]	0	304.542	-288.871	0	237.924	0	0	0	0	
1	[SLPS]	0	304.542	-288.871	0	237.924	0	0	0	0	
1	[SLPS]	0	304.013	-289.200	0	237.947	0	0	0	0	
1	[SLPS]	0	304.013	-289.200	0	237.947	0	0	0	0	
1	[SLPS]	0	303.750	-289.370	0	237.951	0	0	0	0	
1	[SLPS]	0	303.481	-289.540	0	237.957	0	0	0	0	
1	[SLPS]	0	303.481	-289.540	0	237.957	0	0	0	0	
1	[SLPS]	0	302.948	-289.869	0	237.959	0	0	0	0	
1	[SLPS]	0	302.948	-289.869	0	237.959	0	0	0	0	
1	[SLPS]	0	302.690	-290.029	0	237.970	0	0	0	0	
1	[SLPS]	0	302.430	-290.196	0	237.978	0	0	0	0	
1	[SLPS]	0	302.430	-290.196	0	237.978	0	0	0	0	
1	[SLPS]	0	301.899	-290.516	0	238.026	0	0	0	0	
1	[SLPS]	0	301.899	-290.516	0	238.026	0	0	0	0	
1	[SLPS]	0	301.635	-290.681	0	238.039	0	0	0	0	
1	[SLPS]	0	301.375	-290.844	0	238.049	0	0	0	0	
1	[SLPS]	0	301.375	-290.844	0	238.049	0	0	0	0	
1	[SLPS]	0	300.838	-291.174	0	238.070	0	0	0	0	
1	[SLPS]	0	300.838	-291.174	0	238.070	0	0	0	0	
1	[SLPS]	0	300.570	-291.343	0	238.077	0	0	0	0	
1	[SLPS]	0	300.295	-291.505	0	238.098	0	0	0	0	
1	[SLPS]	0	300.295	-291.505	0	238.098	0	0	0	0	
1	[SLPS]	0	299.766	-291.844	0	238.102	0	0	0	0	
1	[SLPS]	0	299.766	-291.844	0	238.102	0	0	0	0	
1	[SLPS]	0	299.503	-292.018	0	238.098	0	0	0	0	
1	[SLPS]	0	299.233	-292.187	0	238.110	0	0	0	0	
1	[SLPS]	0	299.233	-292.187	0	238.110	0	0	0	0	
1	[SLPS]	0	298.697	-292.529	0	238.135	0	0	0	0	
1	[SLPS]	0	298.697	-292.529	0	238.135	0	0	0	0	
1	[SLPS]	0	298.436	-292.700	0	238.136	0	0	0	0	
1	[SLPS]	0	298.163	-292.862	0	238.163	0	0	0	0	
1	[SLPS]	0	298.163	-292.862	0	238.163	0	0	0	0	
1	[SLPS]	0	297.626	-293.207	0	238.167	0	0	0	0	
1	[SLPS]	0	297.626	-293.207	0	238.167	0	0	0	0	
1	[SLPS]	0	297.353	-293.378	0	238.173	0	0	0	0	
1	[SLPS]	0	297.081	-293.538	0	238.192	0	0	0	0	
1	[SLPS]	0	297.081	-293.538	0	238.192	0	0	0	0	
1	[SLPS]	0	296.547	-293.878	0	238.194	0	0	0	0	
1	[SLPS]	0	296.547	-293.878	0	238.194	0	0	0	0	
1	[SLPS]	0	296.273	-294.035	0	238.219	0	0	0	0	
1	[SLPS]	0	296.002	-294.197	0	238.229	0	0	0	0	
1	[SLPS]	0	296.002	-294.197	0	238.229	0	0	0	0	
1	[SLPS]	0	295.470	-294.537	0	238.234	0	0	0	0	
1	[SLPS]	0	295.470	-294.537	0	238.234	0	0	0	0	
1	[SLPS]	0	295.195	-294.712	0	238.240	0	0	0	0	
1	[SLPS]	0	294.925	-294.882	0	238.248	0	0	0	0	
1	[SLPS]	0	294.925	-294.882	0	238.248	0	0	0	0	
1	[SLPS]	0	294.378	-295.222	0	238.270	0	0	0	0	
1	[SLPS]	0	294.378	-295.222	0	238.270	0	0	0	0	
1	[SLPS]	0	294.110	-295.386	0	238.276	0	0	0	0	
1	[SLPS]	0	293.845	-295.553	0	238.285	0	0	0	0	
1	[SLPS]	0	293.845	-295.553	0	238.285	0	0	0	0	
1	[SLPS]	0	293.295	-295.894	0	238.312	0	0	0	0	
1	[SLPS]	0	293.295	-295.894	0	238.312	0	0	0	0	
1	[SLPS]	0	292.746	-296.230	0	238.330	0	0	0	0	
1	[SLPS]	0	292.746	-296.230	0	238.330	0	0	0	0	
1	[SLPS]	0	292.469	-296.400	0	238.339	0	0	0	0	
1	[SLPS]	0	292.203	-296.555	0	238.349	0	0	0	0	
1	[SLPS]	0	292.203	-296.555	0	238.349	0	0	0	0	
1	[SLPS]	0	291.653	-296.895	0	238.364	0	0	0	0	
1	[SLPS]	0	291.653	-296.895	0	238.364	0	0	0	0	
1	[SLPS]	0	291.376	-297.067	0	238.375	0	0	0	0	
1	[SLPS]	0	291.101	-297.236	0	238.380	0	0	0	0	
1	[SLPS]	0	291.101	-297.236	0	238.380	0	0	0	0	
1	[SLPS]	0	290.546	-297.579	0	238.402	0	0	0	0	
1	[SLPS]	0	290.546	-297.579	0	238.402	0	0	0	0	
1	[SLPS]	0	290.274	-297.758	0	238.400	0	0	0	0	
1	[SLPS]	0	290.001	-297.933	0	238.407	0	0	0	0	
1	[SLPS]	0	290.001	-297.933	0	238.407	0	0	0	0	
1	[SLPS]	0	289.443	-298.265	0	238.448	0	0	0	0	
1	[SLPS]	0	289.443	-298.265	0	238.448	0	0	0	0	
1	[SLPS]	0	289.165	-298.436	0	238.447	0	0	0	0	
1	[SLPS]	0	288.886	-298.606	0	238.456	0	0	0	0	
1	[SLPS]	0	288.886	-298.606	0	238.456	0	0	0	0	
1	[SLPS]	0	288.329	-298.938	0	238.474	0	0	0	0	
1	[SLPS]	0	288.329	-298.938	0	238.474	0	0	0	0	
1	[SLPS]	0	288.051	-299.107	0	238.485	0	0	0	0	
1	[SLPS]	0	287.778	-299.277	0	238.493	0	0	0	0	
1	[SLPS]	0	287.778	-299.277	0	238.493	0	0	0	0	
1	[SLPS]	0	287.497	-299.447	0	238.500	0	0	0	0	
1	[SLPS]	0	287.215	-299.616	0	238.514	0	0	0	0	
1	[SLPS]	0	286.941	-299.795	0	238.511	0	0	0	0	
1	[SLPS]	0	286.661	-299.969	0	238.521	0	0	0	0	
1	[SLPS]	0	286.661	-299.969	0	238.521	0	0	0	0	
1	[SLPS]	0	286.096	-300.317	0	238.539	0	0	0	0	
1	[SLPS]	0	286.096	-300.317	0	238.539	0	0	0	0	
1	[SLPS]	0	285.818	-300.497	0	238.543	0	0	0	0	
1	[SLPS]	0	285.539	-300.670	0	238.546	0	0	0	0	
1	[SLPS]	0	285.539	-300.670	0	238.546	0	0	0	0	
1	[SLPS]	0	284.980	-301.013	0	238.566	0	0	0	0	
1	[SLPS]	0	284.980	-301.013	0	238.566	0	0	0	0	
1	[SLPS]	0	284.697	-301.190	0	238.580	0	0	0	0	
1	[SLPS]	0	284.419	-301.359	0	238.601	0	0	0	0	
1	[SLPS]	0	284.419	-301.359	0	238.601	0	0	0	0	
1	[SLPS]	0	283.856	-301.702	0	238.664	0	0	0	0	
1	[SLPS]	0	283.856	-301.702	0	238.664	0	0	0	0	
1	[SLPS]	0	283.566	-301.876	0	238.702	0	0	0	0	
1	[SLPS]	0	283.283	-302.049	0	238.735	0	0	0	0	
1	[SLPS]	0	283.283	-302.049	0	238.735	0	0	0	0	
1	[SLPS]	0	282.729	-302.385	0	238.792	0	0	0	0	
1	[SLPS]	0	282.729	-302.385	0	238.792	0	0	0	0	
1	[SLPS]	0	282.442	-302.556	0	238.827	0	0	0	0	
1	[SLPS]	0	282.164	-302.727	0	238.856	0	0	0	0	
1	[SLPS]	0	282.164	-302.727	0	238.856	0	0	0	0	
1	[SLPS]	0	281.596	-303.066	0	238.928	0	0	0	0	
1	[SLPS]	0	281.596	-303.066	0	238.928	0	0	0	0	
1	[SLPS]	0	281.311	-303.238	0	238.959	0	0	0	0	
1	[SLPS]	0	281.035	-303.403	0	238.991	0	0	0	0	
1	[SLPS]	0	281.035	-303.403	0	238.991	0	0	0	0	
1	[SLPS]	0	280.466	-303.743	0	239.056	0	0	0	0	
1	[SLPS]	0	280.466	-303.743	0	239.056	0	0	0	0	
1	[SLPS]	0	280.180	-303.914	0	239.089	0	0	0	0	
1	[SLPS]	0	279.900	-304.081	0	239.124	0	0	0	0	
1	[SLPS]	0	279.900	-304.081	0	239.124	0	0	0	0	
1	[SLPS]	0	279.326	-304.429	0	239.187	0	0	0	0	
1	[SLPS]	0	279.326	-304.429	0	239.187	0	0	0	0	
1	[SLPS]	0	279.037	-304.602	0	239.219	0	0	0	0	
1	[SLPS]	0	278.754	-304.771	0	239.250	0	0	0	0	
1	[SLPS]	0	278.754	-304.771	0	239.250	0	0	0	0	
1	[SLPS]	0	278.178	-305.113	0	239.309	0	0	0	0	
1	[SLPS]	0	278.178	-305.113	0	239.309	0	0	0	0	
1	[SLPS]	0	277.890	-305.280	0	239.347	0	0	0	0	
1	[SLPS]	0	277.603	-305.456	0	239.376	0	0	0	0	
1	[SLPS]	0	277.603	-305.456	0	239.376	0	0	0	0	
1	[SLPS]	0	277.031	-305.798	0	239.448	0	0	0	0	
1	[SLPS]	0	277.031	-305.798	0	239.448	0	0	0	0	
1	[SLPS]	0	276.742	-305.963	0	239.491	0	0	0	0	
1	[SLPS]	0	276.461	-306.137	0	239.514	0	0	0	0	
1	[SLPS]	0	276.461	-306.137	0	239.514	0	0	0	0	
1	[SLPS]	0	275.890	-306.472	0	239.590	0	0	0	0	
1	[SLPS]	0	275.890	-306.472	0	239.590	0	0	0	0	
1	[SLPS]	0	275.606	-306.639	0	239.624	0	0	0	0	
1	[SLPS]	0	275.324	-306.803	0	239.665	0	0	0	0	
1	[SLPS]	0	275.029	-306.968	0	239.709	0	0	0	0	
1	[SLPS]	0	274.744	-307.136	0	239.741	0	0	0	0	
1	[SLPS]	0	274.744	-307.136	0	239.741	0	0	0	0	
1	[SLPS]	0	274.178	-307.456	0	239.819	0	0	0	0	
1	[SLPS]	0	274.178	-307.456	0	239.819	0	0	0	0	
1	[SLPS]	0	273.898	-307.624	0	239.842	0	0	0	0	
1	[SLPS]	0	273.613	-307.790	0	239.871	0	0	0	0	
1	[SLPS]	0	273.613	-307.790	0	239.871	0	0	0	0	
1	[SLPS]	0	273.050	-308.110	0	239.940	0	0	0	0	
1	[SLPS]	0	273.050	-308.110	0	239.940	0	0	0	0	
1	[SLPS]	0	272.764	-308.273	0	239.981	0	0	0	0	
1	[SLPS]	0	272.479	-308.436	0	240.025	0	0	0	0	
1	[SLPS]	0	272.479	-308.436	0	240.025	0	0	0	0	
1	[SLPS]	0	271.923	-308.759	0	240.087	0	0	0	0	
1	[SLPS]	0	271.923	-308.759	0	240.087	0	0	0	0	
1	[SLPS]	0	271.637	-308.924	0	240.106	0	0	0	0	
1	[SLPS]	0	271.358	-309.085	0	240.116	0	0	0	0	
1	[SLPS]	0	271.358	-309.085	0	240.116	0	0	0	0	
1	[SLPS]	0	270.798	-309.409	0	240.110	0	0	0	0	
1	[SLPS]	0	270.798	-309.409	0	240.110	0	0	0	0	
1	[SLPS]	0	270.520	-309.569	0	240.096	0	0	0	0	
1	[SLPS]	0	270.243	-309.731	0	240.069	0	0	0	0	
1	[SLPS]	0	270.243	-309.731	0	240.069	0	0	0	0	
1	[SLPS]	0	269.686	-310.063	0	240.014	0	0	0	0	
1	[SLPS]	0	269.686	-310.063	0	240.014	0	0	0	0	
1	[SLPS]	0	269.409	-310.232	0	239.988	0	0	0	0	
1	[SLPS]	0	269.129	-310.394	0	239.973	0	0	0	0	
1	[SLPS]	0	269.129	-310.394	0	239.973	0	0	0	0	
1	[SLPS]	0	268.577	-310.719	0	239.940	0	0	0	0	
1	[SLPS]	0	268.577	-310.719	0	239.940	0	0	0	0	
1	[SLPS]	0	268.301	-310.880	0	239.917	0	0	0	0	
1	[SLPS]	0	268.019	-311.039	0	239.901	0	0	0	0	
1	[SLPS]	0	268.019	-311.039	0	239.901	0	0	0	0	
1	[SLPS]	0	267.474	-311.363	0	239.843	0	0	0	0	
1	[SLPS]	0	267.474	-311.363	0	239.843	0	0	0	0	
1	[SLPS]	0	267.199	-311.525	0	239.815	0	0	0	0	
1	[SLPS]	0	266.920	-311.687	0	239.798	0	0	0	0	
1	[SLPS]	0	266.644	-311.846	0	239.779	0	0	0	0	
1	[SLPS]	0	266.371	-312.007	0	239.759	0	0	0	0	
1	[SLPS]	0	266.371	-312.007	0	239.759	0	0	0	0	
1	[SLPS]	0	266.090	-312.168	0	239.750	0	0	0	0	
1	[SLPS]	0	265.812	-312.333	0	239.734	0	0	0	0	
1	[SLPS]	0	265.534	-312.500	0	239.716	0	0	0	0	
1	[SLPS]	0	265.259	-312.661	0	239.700	0	0	0	0	
1	[SLPS]	0	265.259	-312.661	0	239.700	0	0	0	0	
1	[SLPS]	0	264.706	-312.990	0	239.663	0	0	0	0	
1	[SLPS]	0	264.706	-312.990	0	239.663	0	0	0	0	
1	[SLPS]	0	264.426	-313.160	0	239.646	0	0	0	0	
1	[SLPS]	0	264.149	-313.316	0	239.651	0	0	0	0	
1	[SLPS]	0	264.149	-313.316	0	239.651	0	0	0	0	
1	[SLPS]	0	263.593	-313.640	0	239.645	0	0	0	0	
1	[SLPS]	0	263.593	-313.640	0	239.645	0	0	0	0	
1	[SLPS]	0	263.315	-313.808	0	239.640	0	0	0	0	
1	[SLPS]	0	263.040	-313.967	0	239.641	0	0	0	0	
1	[SLPS]	0	263.040	-313.967	0	239.641	0	0	0	0	
1	[SLPS]	0	262.493	-314.291	0	239.630	0	0	0	0	
1	[SLPS]	0	262.493	-314.291	0	239.630	0	0	0	0	
1	[SLPS]	0	262.221	-314.458	0	239.624	0	0	0	0	
1	[SLPS]	0	261.948	-314.617	0	239.626	0	0	0	0	
1	[SLPS]	0	261.948	-314.617	0	239.626	0	0	0	0	
1	[SLPS]	0	261.396	-314.940	0	239.633	0	0	0	0	
1	[SLPS]	0	261.396	-314.940	0	239.633	0	0	0	0	
1	[SLPS]	0	261.125	-315.107	0	239.637	0	0	0	0	
1	[SLPS]	0	260.859	-315.261	0	239.644	0	0	0	0	
1	[SLPS]	0	260.859	-315.261	0	239.644	0	0	0	0	
1	[SLPS]	0	260.320	-315.578	0	239.667	0	0	0	0	
1	[SLPS]	0	260.320	-315.578	0	239.667	0	0	0	0	
1	[SLPS]	0	260.051	-315.744	0	239.675	0	0	0	0	
1	[SLPS]	0	259.787	-315.893	0	239.687	0	0	0	0	
1	[SLPS]	0	259.521	-316.050	0	239.699	0	0	0	0	
1	[SLPS]	0	259.257	-316.204	0	239.715	0	0	0	0	
1	[SLPS]	0	259.257	-316.204	0	239.715	0	0	0	0	
1	[SLPS]	0	259.001	-316.362	0	239.724	0	0	0	0	
1	[SLPS]	0	258.741	-316.515	0	239.746	0	0	0	0	
1	[SLPS]	0	258.482	-316.666	0	239.765	0	0	0	0	
1	[SLPS]	0	258.222	-316.820	0	239.769	0	0	0	0	
1	[SLPS]	0	258.222	-316.820	0	239.769	0	0	0	0	
1	[SLPS]	0	257.706	-317.111	0	239.798	0	0	0	0	
1	[SLPS]	0	257.706	-317.111	0	239.798	0	0	0	0	
1	[SLPS]	0	257.448	-317.263	0	239.797	0	0	0	0	
1	[SLPS]	0	257.197	-317.411	0	239.790	0	0	0	0	
1	[SLPS]	0	257.197	-317.411	0	239.790	0	0	0	0	
1	[SLPS]	0	256.680	-317.704	0	239.799	0	0	0	0	
1	[SLPS]	0	256.680	-317.704	0	239.799	0	0	0	0	
1	[SLPS]	0	256.430	-317.853	0	239.795	0	0	0	0	
1	[SLPS]	0	256.179	-317.999	0	239.792	0	0	0	0	
1	[SLPS]	0	256.179	-317.999	0	239.792	0	0	0	0	
1	[SLPS]	0	255.671	-318.292	0	239.797	0	0	0	0	
1	[SLPS]	0	255.671	-318.292	0	239.797	0	0	0	0	
1	[SLPS]	0	255.427	-318.440	0	239.794	0	0	0	0	
1	[SLPS]	0	255.181	-318.591	0	239.792	0	0	0	0	
1	[SLPS]	0	255.181	-318.591	0	239.792	0	0	0	0	
1	[SLPS]	0	254.691	-318.889	0	239.784	0	0	0	0	
1	[SLPS]	0	254.691	-318.889	0	239.784	0	0	0	0	
1	[SLPS]	0	254.452	-319.037	0	239.779	0	0	0	0	
1	[SLPS]	0	254.198	-319.168	0	239.791	0	0	0	0	
1	[SLPS]	0	254.198	-319.168	0	239.791	0	0	0	0	
1	[SLPS]	0	253.712	-319.452	0	239.777	0	0	0	0	
1	[SLPS]	0	253.712	-319.452	0	239.777	0	0	0	0	
1	[SLPS]	0	253.467	-319.588	0	239.784	0	0	0	0	
1	[SLPS]	0	253.237	-319.732	0	239.774	0	0	0	0	
1	[SLPS]	0	253.237	-319.732	0	239.774	0	0	0	0	
1	[SLPS]	0	252.750	-320.007	0	239.776	0	0	0	0	
1	[SLPS]	0	252.750	-320.007	0	239.776	0	0	0	0	
1	[SLPS]	0	252.512	-320.148	0	239.769	0	0	0	0	
1	[SLPS]	0	252.274	-320.285	0	239.769	0	0	0	0	
1	[SLPS]	0	252.274	-320.285	0	239.769	0	0	0	0	
1	[SLPS]	0	251.812	-320.559	0	239.755	0	0	0	0	
1	[SLPS]	0	251.812	-320.559	0	239.755	0	0	0	0	
1	[SLPS]	0	251.578	-320.694	0	239.758	0	0	0	0	
1	[SLPS]	0	251.346	-320.827	0	239.764	0	0	0	0	
1	[SLPS]	0	251.346	-320.827	0	239.764	0	0	0	0	
1	[SLPS]	0	250.880	-321.101	0	239.758	0	0	0	0	
1	[SLPS]	0	250.880	-321.101	0	239.758	0	0	0	0	
1	[SLPS]	0	250.663	-321.234	0	239.748	0	0	0	0	
1	[SLPS]	0	250.442	-321.368	0	239.744	0	0	0	0	
1	[SLPS]	0	250.212	-321.508	0	239.731	0	0	0	0	
1	[SLPS]	0	249.981	-321.640	0	239.724	0	0	0	0	
1	[SLPS]	0	249.981	-321.640	0	239.724	0	0	0	0	
1	[SLPS]	0	249.535	-321.902	0	239.708	0	0	0	0	
1	[SLPS]	0	249.535	-321.902	0	239.708	0	0	0	0	
1	[SLPS]	0	249.318	-322.034	0	239.698	0	0	0	0	
1	[SLPS]	0	249.095	-322.167	0	239.685	0	0	0	0	
1	[SLPS]	0	249.095	-322.167	0	239.685	0	0	0	0	
1	[SLPS]	0	248.646	-322.426	0	239.659	0	0	0	0	
1	[SLPS]	0	248.646	-322.426	0	239.659	0	0	0	0	
1	[SLPS]	0	248.430	-322.554	0	239.645	0	0	0	0	
1	[SLPS]	0	248.212	-322.683	0	239.635	0	0	0	0	
1	[SLPS]	0	248.212	-322.683	0	239.635	0	0	0	0	
1	[SLPS]	0	247.781	-322.935	0	239.617	0	0	0	0	
1	[SLPS]	0	247.781	-322.935	0	239.617	0	0	0	0	
1	[SLPS]	0	247.564	-323.060	0	239.605	0	0	0	0	
1	[SLPS]	0	247.361	-323.191	0	239.579	0	0	0	0	
1	[SLPS]	0	247.361	-323.191	0	239.579	0	0	0	0	
1	[SLPS]	0	246.942	-323.437	0	239.523	0	0	0	0	
1	[SLPS]	0	246.942	-323.437	0	239.523	0	0	0	0	
1	[SLPS]	0	246.737	-323.556	0	239.505	0	0	0	0	
1	[SLPS]	0	246.532	-323.680	0	239.487	0	0	0	0	
1	[SLPS]	0	246.532	-323.680	0	239.487	0	0	0	0	
1	[SLPS]	0	246.120	-323.931	0	239.474	0	0	0	0	
1	[SLPS]	0	246.120	-323.931	0	239.474	0	0	0	0	
1	[SLPS]	0	245.703	-324.174	0	239.468	0	0	0	0	
1	[SLPS]	0	245.703	-324.174	0	239.468	0	0	0	0	
1	[SLPS]	0	245.493	-324.302	0	239.459	0	0	0	0	
1	[SLPS]	0	245.283	-324.428	0	239.452	0	0	0	0	
1	[SLPS]	0	245.283	-324.428	0	239.452	0	0	0	0	
1	[SLPS]	0	244.866	-324.672	0	239.440	0	0	0	0	
1	[SLPS]	0	244.866	-324.672	0	239.440	0	0	0	0	
1	[SLPS]	0	244.655	-324.799	0	239.438	0	0	0	0	
1	[SLPS]	0	244.444	-324.924	0	239.439	0	0	0	0	
1	[SLPS]	0	244.444	-324.924	0	239.439	0	0	0	0	
1	[SLPS]	0	244.025	-325.171	0	239.436	0	0	0	0	
1	[SLPS]	0	244.025	-325.171	0	239.436	0	0	0	0	
1	[SLPS]	0	243.812	-325.296	0	239.432	0	0	0	0	
1	[SLPS]	0	243.604	-325.415	0	239.431	0	0	0	0	
1	[SLPS]	0	243.604	-325.415	0	239.431	0	0	0	0	
1	[SLPS]	0	243.183	-325.663	0	239.427	0	0	0	0	
1	[SLPS]	0	243.183	-325.663	0	239.427	0	0	0	0	
1	[SLPS]	0	242.974	-325.789	0	239.421	0	0	0	0	
1	[SLPS]	0	242.768	-325.915	0	239.415	0	0	0	0	
1	[SLPS]	0	242.768	-325.915	0	239.415	0	0	0	0	
1	[SLPS]	0	242.352	-326.169	0	239.407	0	0	0	0	
1	[SLPS]	0	242.352	-326.169	0	239.407	0	0	0	0	
1	[SLPS]	0	242.143	-326.293	0	239.405	0	0	0	0	
1	[SLPS]	0	241.930	-326.414	0	239.402	0	0	0	0	
1	[SLPS]	0	241.723	-326.535	0	239.401	0	0	0	0	
1	[SLPS]	0	241.515	-326.659	0	239.397	0	0	0	0	
1	[SLPS]	0	241.515	-326.659	0	239.397	0	0	0	0	
1	[SLPS]	0	241.308	-326.787	0	239.388	0	0	0	0	
1	[SLPS]	0	241.095	-326.911	0	239.386	0	0	0	0	
1	[SLPS]	0	240.885	-327.041	0	239.382	0	0	0	0	
1	[SLPS]	0	240.675	-327.168	0	239.384	0	0	0	0	
1	[SLPS]	0	240.675	-327.168	0	239.384	0	0	0	0	
1	[SLPS]	0	240.253	-327.421	0	239.390	0	0	0	0	
1	[SLPS]	0	240.253	-327.421	0	239.390	0	0	0	0	
1	[SLPS]	0	240.046	-327.555	0	239.377	0	0	0	0	
1	[SLPS]	0	239.835	-327.683	0	239.366	0	0	0	0	
1	[SLPS]	0	239.835	-327.683	0	239.366	0	0	0	0	
1	[SLPS]	0	239.410	-327.943	0	239.339	0	0	0	0	
1	[SLPS]	0	239.410	-327.943	0	239.339	0	0	0	0	
1	[SLPS]	0	239.202	-328.072	0	239.321	0	0	0	0	
1	[SLPS]	0	238.987	-328.194	0	239.310	0	0	0	0	
1	[SLPS]	0	238.987	-328.194	0	239.310	0	0	0	0	
1	[SLPS]	0	238.559	-328.446	0	239.281	0	0	0	0	
1	[SLPS]	0	238.559	-328.446	0	239.281	0	0	0	0	
1	[SLPS]	0	238.342	-328.576	0	239.261	0	0	0	0	
1	[SLPS]	0	238.132	-328.703	0	239.243	0	0	0	0	
1	[SLPS]	0	238.132	-328.703	0	239.243	0	0	0	0	
1	[SLPS]	0	237.703	-328.957	0	239.210	0	0	0	0	
1	[SLPS]	0	237.703	-328.957	0	239.210	0	0	0	0	
1	[SLPS]	0	237.490	-329.079	0	239.199	0	0	0	0	
1	[SLPS]	0	237.279	-329.206	0	239.186	0	0	0	0	
1	[SLPS]	0	237.279	-329.206	0	239.186	0	0	0	0	
1	[SLPS]	0	236.853	-329.461	0	239.152	0	0	0	0	
1	[SLPS]	0	236.853	-329.461	0	239.152	0	0	0	0	
1	[SLPS]	0	236.436	-329.701	0	239.120	0	0	0	0	
1	[SLPS]	0	236.436	-329.701	0	239.120	0	0	0	0	
1	[SLPS]	0	236.242	-329.831	0	239.094	0	0	0	0	
1	[SLPS]	0	236.030	-329.953	0	239.091	0	0	0	0	
1	[SLPS]	0	236.030	-329.953	0	239.091	0	0	0	0	
1	[SLPS]	0	235.604	-330.187	0	239.083	0	0	0	0	
