1	[SLPS]	0	160.975	49.522	0	144.736	0	0	0	0	
1	[SLPS]	0	161.232	49.140	0	144.783	0	0	0	0	
1	[SLPS]	0	161.232	49.140	0	144.783	0	0	0	0	
1	[SLPS]	0	161.367	48.952	0	144.814	0	0	0	0	
1	[SLPS]	0	161.491	48.753	0	144.897	0	0	0	0	
1	[SLPS]	0	161.491	48.753	0	144.897	0	0	0	0	
1	[SLPS]	0	161.759	48.359	0	145.016	0	0	0	0	
1	[SLPS]	0	161.759	48.359	0	145.016	0	0	0	0	
1	[SLPS]	0	161.886	48.166	0	145.081	0	0	0	0	
1	[SLPS]	0	162.022	47.964	0	145.147	0	0	0	0	
1	[SLPS]	0	162.163	47.771	0	145.206	0	0	0	0	
1	[SLPS]	0	162.291	47.569	0	145.258	0	0	0	0	
1	[SLPS]	0	162.291	47.569	0	145.258	0	0	0	0	
1	[SLPS]	0	162.420	47.374	0	145.319	0	0	0	0	
1	[SLPS]	0	162.548	47.173	0	145.369	0	0	0	0	
1	[SLPS]	0	162.684	46.975	0	145.421	0	0	0	0	
1	[SLPS]	0	162.817	46.780	0	145.472	0	0	0	0	
1	[SLPS]	0	162.817	46.780	0	145.472	0	0	0	0	
1	[SLPS]	0	163.075	46.399	0	145.547	0	0	0	0	
1	[SLPS]	0	163.075	46.399	0	145.547	0	0	0	0	
1	[SLPS]	0	163.200	46.198	0	145.605	0	0	0	0	
1	[SLPS]	0	163.329	45.999	0	145.635	0	0	0	0	
1	[SLPS]	0	163.329	45.999	0	145.635	0	0	0	0	
1	[SLPS]	0	163.579	45.617	0	145.666	0	0	0	0	
1	[SLPS]	0	163.579	45.617	0	145.666	0	0	0	0	
1	[SLPS]	0	163.707	45.419	0	145.687	0	0	0	0	
1	[SLPS]	0	163.839	45.223	0	145.688	0	0	0	0	
1	[SLPS]	0	163.839	45.223	0	145.688	0	0	0	0	
1	[SLPS]	0	164.099	44.845	0	145.668	0	0	0	0	
1	[SLPS]	0	164.099	44.845	0	145.668	0	0	0	0	
1	[SLPS]	0	164.237	44.651	0	145.648	0	0	0	0	
1	[SLPS]	0	164.350	44.442	0	145.726	0	0	0	0	
1	[SLPS]	0	164.350	44.442	0	145.726	0	0	0	0	
1	[SLPS]	0	164.620	44.065	0	145.677	0	0	0	0	
1	[SLPS]	0	164.620	44.065	0	145.677	0	0	0	0	
1	[SLPS]	0	164.745	43.860	0	145.701	0	0	0	0	
1	[SLPS]	0	164.873	43.668	0	145.688	0	0	0	0	
1	[SLPS]	0	164.873	43.668	0	145.688	0	0	0	0	
1	[SLPS]	0	165.136	43.273	0	145.675	0	0	0	0	
1	[SLPS]	0	165.136	43.273	0	145.675	0	0	0	0	
1	[SLPS]	0	165.263	43.074	0	145.680	0	0	0	0	
1	[SLPS]	0	165.395	42.884	0	145.660	0	0	0	0	
1	[SLPS]	0	165.395	42.884	0	145.660	0	0	0	0	
1	[SLPS]	0	165.646	42.491	0	145.644	0	0	0	0	
1	[SLPS]	0	165.646	42.491	0	145.644	0	0	0	0	
1	[SLPS]	0	165.783	42.301	0	145.594	0	0	0	0	
1	[SLPS]	0	165.910	42.103	0	145.572	0	0	0	0	
1	[SLPS]	0	166.037	41.908	0	145.549	0	0	0	0	
1	[SLPS]	0	166.165	41.715	0	145.519	0	0	0	0	
1	[SLPS]	0	166.165	41.715	0	145.519	0	0	0	0	
1	[SLPS]	0	166.304	41.538	0	145.460	0	0	0	0	
1	[SLPS]	0	166.434	41.349	0	145.443	0	0	0	0	
1	[SLPS]	0	166.434	41.349	0	145.443	0	0	0	0	
1	[SLPS]	0	166.686	40.969	0	145.450	0	0	0	0	
1	[SLPS]	0	166.686	40.969	0	145.450	0	0	0	0	
1	[SLPS]	0	166.823	40.788	0	145.413	0	0	0	0	
1	[SLPS]	0	166.959	40.595	0	145.402	0	0	0	0	
1	[SLPS]	0	167.089	40.407	0	145.394	0	0	0	0	
1	[SLPS]	0	167.203	40.220	0	145.415	0	0	0	0	
1	[SLPS]	0	167.203	40.220	0	145.415	0	0	0	0	
1	[SLPS]	0	167.462	39.839	0	145.389	0	0	0	0	
1	[SLPS]	0	167.462	39.839	0	145.389	0	0	0	0	
1	[SLPS]	0	167.584	39.649	0	145.392	0	0	0	0	
1	[SLPS]	0	167.707	39.455	0	145.399	0	0	0	0	
1	[SLPS]	0	167.707	39.455	0	145.399	0	0	0	0	
1	[SLPS]	0	167.981	39.085	0	145.341	0	0	0	0	
1	[SLPS]	0	167.981	39.085	0	145.341	0	0	0	0	
1	[SLPS]	0	168.109	38.890	0	145.351	0	0	0	0	
1	[SLPS]	0	168.235	38.709	0	145.344	0	0	0	0	
1	[SLPS]	0	168.235	38.709	0	145.344	0	0	0	0	
1	[SLPS]	0	168.486	38.320	0	145.363	0	0	0	0	
1	[SLPS]	0	168.486	38.320	0	145.363	0	0	0	0	
1	[SLPS]	0	168.619	38.136	0	145.337	0	0	0	0	
1	[SLPS]	0	168.747	37.949	0	145.330	0	0	0	0	
1	[SLPS]	0	168.747	37.949	0	145.330	0	0	0	0	
1	[SLPS]	0	168.997	37.570	0	145.331	0	0	0	0	
1	[SLPS]	0	168.997	37.570	0	145.331	0	0	0	0	
1	[SLPS]	0	169.120	37.378	0	145.342	0	0	0	0	
1	[SLPS]	0	169.240	37.193	0	145.345	0	0	0	0	
1	[SLPS]	0	169.240	37.193	0	145.345	0	0	0	0	
1	[SLPS]	0	169.496	36.819	0	145.324	0	0	0	0	
1	[SLPS]	0	169.496	36.819	0	145.324	0	0	0	0	
1	[SLPS]	0	169.629	36.634	0	145.303	0	0	0	0	
1	[SLPS]	0	169.755	36.450	0	145.296	0	0	0	0	
1	[SLPS]	0	169.755	36.450	0	145.296	0	0	0	0	
1	[SLPS]	0	170.014	36.070	0	145.297	0	0	0	0	
1	[SLPS]	0	170.014	36.070	0	145.297	0	0	0	0	
1	[SLPS]	0	170.144	35.896	0	145.273	0	0	0	0	
1	[SLPS]	0	170.270	35.706	0	145.279	0	0	0	0	
1	[SLPS]	0	170.393	35.526	0	145.275	0	0	0	0	
1	[SLPS]	0	170.511	35.339	0	145.289	0	0	0	0	
1	[SLPS]	0	170.511	35.339	0	145.289	0	0	0	0	
1	[SLPS]	0	170.639	35.164	0	145.265	0	0	0	0	
1	[SLPS]	0	170.766	34.978	0	145.258	0	0	0	0	
1	[SLPS]	0	170.890	34.797	0	145.253	0	0	0	0	
1	[SLPS]	0	171.016	34.613	0	145.248	0	0	0	0	
1	[SLPS]	0	171.016	34.613	0	145.248	0	0	0	0	
1	[SLPS]	0	171.143	34.446	0	145.225	0	0	0	0	
1	[SLPS]	0	171.268	34.266	0	145.222	0	0	0	0	
1	[SLPS]	0	171.393	34.075	0	145.236	0	0	0	0	
1	[SLPS]	0	171.524	33.894	0	145.227	0	0	0	0	
1	[SLPS]	0	171.524	33.894	0	145.227	0	0	0	0	
1	[SLPS]	0	171.768	33.527	0	145.234	0	0	0	0	
1	[SLPS]	0	171.768	33.527	0	145.234	0	0	0	0	
1	[SLPS]	0	171.897	33.342	0	145.224	0	0	0	0	
1	[SLPS]	0	172.019	33.160	0	145.222	0	0	0	0	
1	[SLPS]	0	172.019	33.160	0	145.222	0	0	0	0	
1	[SLPS]	0	172.267	32.800	0	145.208	0	0	0	0	
1	[SLPS]	0	172.267	32.800	0	145.208	0	0	0	0	
1	[SLPS]	0	172.394	32.603	0	145.218	0	0	0	0	
1	[SLPS]	0	172.519	32.424	0	145.208	0	0	0	0	
1	[SLPS]	0	172.519	32.424	0	145.208	0	0	0	0	
1	[SLPS]	0	172.771	32.067	0	145.202	0	0	0	0	
1	[SLPS]	0	172.771	32.067	0	145.202	0	0	0	0	
1	[SLPS]	0	172.896	31.886	0	145.213	0	0	0	0	
1	[SLPS]	0	173.026	31.700	0	145.229	0	0	0	0	
1	[SLPS]	0	173.026	31.700	0	145.229	0	0	0	0	
1	[SLPS]	0	173.271	31.339	0	145.291	0	0	0	0	
1	[SLPS]	0	173.271	31.339	0	145.291	0	0	0	0	
1	[SLPS]	0	173.404	31.155	0	145.299	0	0	0	0	
1	[SLPS]	0	173.522	30.973	0	145.326	0	0	0	0	
1	[SLPS]	0	173.644	30.796	0	145.338	0	0	0	0	
1	[SLPS]	0	173.766	30.617	0	145.356	0	0	0	0	
1	[SLPS]	0	173.766	30.617	0	145.356	0	0	0	0	
1	[SLPS]	0	174.009	30.255	0	145.394	0	0	0	0	
1	[SLPS]	0	174.009	30.255	0	145.394	0	0	0	0	
1	[SLPS]	0	174.136	30.076	0	145.390	0	0	0	0	
1	[SLPS]	0	174.259	29.897	0	145.383	0	0	0	0	
1	[SLPS]	0	174.259	29.897	0	145.383	0	0	0	0	
1	[SLPS]	0	174.497	29.543	0	145.352	0	0	0	0	
1	[SLPS]	0	174.497	29.543	0	145.352	0	0	0	0	
1	[SLPS]	0	174.621	29.363	0	145.324	0	0	0	0	
1	[SLPS]	0	174.741	29.194	0	145.289	0	0	0	0	
1	[SLPS]	0	174.741	29.194	0	145.289	0	0	0	0	
1	[SLPS]	0	174.979	28.842	0	145.251	0	0	0	0	
1	[SLPS]	0	174.979	28.842	0	145.251	0	0	0	0	
1	[SLPS]	0	175.103	28.662	0	145.239	0	0	0	0	
1	[SLPS]	0	175.216	28.494	0	145.223	0	0	0	0	
1	[SLPS]	0	175.216	28.494	0	145.223	0	0	0	0	
1	[SLPS]	0	175.471	28.140	0	145.168	0	0	0	0	
1	[SLPS]	0	175.471	28.140	0	145.168	0	0	0	0	
1	[SLPS]	0	175.597	27.961	0	145.145	0	0	0	0	
1	[SLPS]	0	175.728	27.788	0	145.117	0	0	0	0	
1	[SLPS]	0	175.728	27.788	0	145.117	0	0	0	0	
1	[SLPS]	0	175.971	27.435	0	145.111	0	0	0	0	
1	[SLPS]	0	175.971	27.435	0	145.111	0	0	0	0	
1	[SLPS]	0	176.094	27.251	0	145.101	0	0	0	0	
1	[SLPS]	0	176.216	27.075	0	145.079	0	0	0	0	
1	[SLPS]	0	176.356	26.916	0	145.026	0	0	0	0	
1	[SLPS]	0	176.483	26.740	0	145.009	0	0	0	0	
1	[SLPS]	0	176.483	26.740	0	145.009	0	0	0	0	
1	[SLPS]	0	176.747	26.385	0	144.971	0	0	0	0	
1	[SLPS]	0	176.747	26.385	0	144.971	0	0	0	0	
1	[SLPS]	0	176.865	26.209	0	144.963	0	0	0	0	
1	[SLPS]	0	176.989	26.026	0	144.949	0	0	0	0	
1	[SLPS]	0	176.989	26.026	0	144.949	0	0	0	0	
1	[SLPS]	0	177.218	25.667	0	144.936	0	0	0	0	
1	[SLPS]	0	177.218	25.667	0	144.936	0	0	0	0	
1	[SLPS]	0	177.341	25.488	0	144.878	0	0	0	0	
1	[SLPS]	0	177.463	25.309	0	144.896	0	0	0	0	
1	[SLPS]	0	177.463	25.309	0	144.896	0	0	0	0	
1	[SLPS]	0	177.709	24.951	0	144.852	0	0	0	0	
1	[SLPS]	0	177.709	24.951	0	144.852	0	0	0	0	
1	[SLPS]	0	177.812	24.777	0	144.857	0	0	0	0	
1	[SLPS]	0	177.931	24.596	0	144.898	0	0	0	0	
1	[SLPS]	0	177.931	24.596	0	144.898	0	0	0	0	
1	[SLPS]	0	178.188	24.242	0	144.852	0	0	0	0	
1	[SLPS]	0	178.188	24.242	0	144.852	0	0	0	0	
1	[SLPS]	0	178.312	24.062	0	144.807	0	0	0	0	
1	[SLPS]	0	178.434	23.875	0	144.801	0	0	0	0	
1	[SLPS]	0	178.434	23.875	0	144.801	0	0	0	0	
1	[SLPS]	0	178.690	23.511	0	144.776	0	0	0	0	
1	[SLPS]	0	178.690	23.511	0	144.776	0	0	0	0	
1	[SLPS]	0	178.823	23.328	0	144.755	0	0	0	0	
1	[SLPS]	0	178.960	23.143	0	144.727	0	0	0	0	
1	[SLPS]	0	178.960	23.143	0	144.727	0	0	0	0	
1	[SLPS]	0	179.221	22.771	0	144.707	0	0	0	0	
1	[SLPS]	0	179.221	22.771	0	144.707	0	0	0	0	
1	[SLPS]	0	179.360	22.584	0	144.680	0	0	0	0	
1	[SLPS]	0	179.494	22.397	0	144.664	0	0	0	0	
1	[SLPS]	0	179.494	22.397	0	144.664	0	0	0	0	
1	[SLPS]	0	179.757	22.021	0	144.644	0	0	0	0	
1	[SLPS]	0	179.757	22.021	0	144.644	0	0	0	0	
1	[SLPS]	0	179.885	21.834	0	144.638	0	0	0	0	
1	[SLPS]	0	180.008	21.650	0	144.631	0	0	0	0	
1	[SLPS]	0	180.008	21.650	0	144.631	0	0	0	0	
1	[SLPS]	0	180.256	21.284	0	144.580	0	0	0	0	
1	[SLPS]	0	180.256	21.284	0	144.580	0	0	0	0	
1	[SLPS]	0	180.384	21.096	0	144.563	0	0	0	0	
1	[SLPS]	0	180.508	20.911	0	144.551	0	0	0	0	
1	[SLPS]	0	180.508	20.911	0	144.551	0	0	0	0	
1	[SLPS]	0	180.764	20.539	0	144.493	0	0	0	0	
1	[SLPS]	0	180.764	20.539	0	144.493	0	0	0	0	
1	[SLPS]	0	180.894	20.355	0	144.440	0	0	0	0	
1	[SLPS]	0	181.032	20.165	0	144.377	0	0	0	0	
1	[SLPS]	0	181.162	19.977	0	144.310	0	0	0	0	
1	[SLPS]	0	181.293	19.791	0	144.239	0	0	0	0	
1	[SLPS]	0	181.293	19.791	0	144.239	0	0	0	0	
1	[SLPS]	0	181.569	19.414	0	144.108	0	0	0	0	
1	[SLPS]	0	181.569	19.414	0	144.108	0	0	0	0	
1	[SLPS]	0	181.705	19.229	0	144.039	0	0	0	0	
1	[SLPS]	0	181.842	19.038	0	143.969	0	0	0	0	
1	[SLPS]	0	181.842	19.038	0	143.969	0	0	0	0	
1	[SLPS]	0	182.121	18.665	0	143.854	0	0	0	0	
1	[SLPS]	0	182.121	18.665	0	143.854	0	0	0	0	
1	[SLPS]	0	182.257	18.480	0	143.804	0	0	0	0	
1	[SLPS]	0	182.397	18.292	0	143.766	0	0	0	0	
1	[SLPS]	0	182.397	18.292	0	143.766	0	0	0	0	
1	[SLPS]	0	182.671	17.925	0	143.708	0	0	0	0	
1	[SLPS]	0	182.671	17.925	0	143.708	0	0	0	0	
1	[SLPS]	0	182.809	17.740	0	143.681	0	0	0	0	
1	[SLPS]	0	182.941	17.557	0	143.660	0	0	0	0	
1	[SLPS]	0	182.941	17.557	0	143.660	0	0	0	0	
1	[SLPS]	0	183.077	17.370	0	143.651	0	0	0	0	
1	[SLPS]	0	183.218	17.189	0	143.626	0	0	0	0	
1	[SLPS]	0	183.343	17.005	0	143.627	0	0	0	0	
1	[SLPS]	0	183.480	16.813	0	143.615	0	0	0	0	
1	[SLPS]	0	183.480	16.813	0	143.615	0	0	0	0	
1	[SLPS]	0	183.620	16.625	0	143.597	0	0	0	0	
1	[SLPS]	0	183.755	16.443	0	143.585	0	0	0	0	
1	[SLPS]	0	183.887	16.257	0	143.578	0	0	0	0	
1	[SLPS]	0	184.017	16.068	0	143.580	0	0	0	0	
1	[SLPS]	0	184.017	16.068	0	143.580	0	0	0	0	
1	[SLPS]	0	184.293	15.701	0	143.546	0	0	0	0	
1	[SLPS]	0	184.293	15.701	0	143.546	0	0	0	0	
1	[SLPS]	0	184.427	15.518	0	143.522	0	0	0	0	
1	[SLPS]	0	184.561	15.331	0	143.512	0	0	0	0	
1	[SLPS]	0	184.561	15.331	0	143.512	0	0	0	0	
1	[SLPS]	0	184.834	14.957	0	143.490	0	0	0	0	
1	[SLPS]	0	184.834	14.957	0	143.490	0	0	0	0	
1	[SLPS]	0	184.972	14.770	0	143.477	0	0	0	0	
1	[SLPS]	0	185.108	14.584	0	143.467	0	0	0	0	
1	[SLPS]	0	185.108	14.584	0	143.467	0	0	0	0	
1	[SLPS]	0	185.377	14.214	0	143.454	0	0	0	0	
1	[SLPS]	0	185.377	14.214	0	143.454	0	0	0	0	
1	[SLPS]	0	185.507	14.023	0	143.468	0	0	0	0	
1	[SLPS]	0	185.649	13.840	0	143.466	0	0	0	0	
1	[SLPS]	0	185.649	13.840	0	143.466	0	0	0	0	
1	[SLPS]	0	185.930	13.473	0	143.471	0	0	0	0	
1	[SLPS]	0	185.930	13.473	0	143.471	0	0	0	0	
1	[SLPS]	0	186.074	13.292	0	143.465	0	0	0	0	
1	[SLPS]	0	186.214	13.105	0	143.473	0	0	0	0	
1	[SLPS]	0	186.214	13.105	0	143.473	0	0	0	0	
1	[SLPS]	0	186.481	12.723	0	143.519	0	0	0	0	
1	[SLPS]	0	186.481	12.723	0	143.519	0	0	0	0	
1	[SLPS]	0	186.625	12.539	0	143.510	0	0	0	0	
1	[SLPS]	0	186.763	12.353	0	143.518	0	0	0	0	
1	[SLPS]	0	186.763	12.353	0	143.518	0	0	0	0	
1	[SLPS]	0	187.031	11.982	0	143.523	0	0	0	0	
1	[SLPS]	0	187.031	11.982	0	143.523	0	0	0	0	
1	[SLPS]	0	187.163	11.802	0	143.527	0	0	0	0	
1	[SLPS]	0	187.301	11.614	0	143.538	0	0	0	0	
1	[SLPS]	0	187.301	11.614	0	143.538	0	0	0	0	
1	[SLPS]	0	187.573	11.234	0	143.564	0	0	0	0	
1	[SLPS]	0	187.573	11.234	0	143.564	0	0	0	0	
1	[SLPS]	0	187.703	11.046	0	143.581	0	0	0	0	
1	[SLPS]	0	187.839	10.859	0	143.589	0	0	0	0	
1	[SLPS]	0	187.839	10.859	0	143.589	0	0	0	0	
1	[SLPS]	0	188.117	10.480	0	143.603	0	0	0	0	
1	[SLPS]	0	188.117	10.480	0	143.603	0	0	0	0	
1	[SLPS]	0	188.254	10.290	0	143.607	0	0	0	0	
1	[SLPS]	0	188.386	10.108	0	143.619	0	0	0	0	
1	[SLPS]	0	188.523	9.922	0	143.633	0	0	0	0	
1	[SLPS]	0	188.664	9.729	0	143.655	0	0	0	0	
1	[SLPS]	0	188.664	9.729	0	143.655	0	0	0	0	
1	[SLPS]	0	188.804	9.538	0	143.681	0	0	0	0	
1	[SLPS]	0	188.935	9.353	0	143.713	0	0	0	0	
1	[SLPS]	0	189.075	9.160	0	143.731	0	0	0	0	
1	[SLPS]	0	189.198	8.978	0	143.767	0	0	0	0	
1	[SLPS]	0	189.198	8.978	0	143.767	0	0	0	0	
1	[SLPS]	0	189.335	8.795	0	143.782	0	0	0	0	
1	[SLPS]	0	189.469	8.609	0	143.802	0	0	0	0	
1	[SLPS]	0	189.469	8.609	0	143.802	0	0	0	0	
1	[SLPS]	0	189.745	8.239	0	143.836	0	0	0	0	
1	[SLPS]	0	189.745	8.239	0	143.836	0	0	0	0	
1	[SLPS]	0	190.023	7.867	0	143.891	0	0	0	0	
1	[SLPS]	0	190.023	7.867	0	143.891	0	0	0	0	
1	[SLPS]	0	190.157	7.672	0	143.941	0	0	0	0	
1	[SLPS]	0	190.301	7.488	0	143.973	0	0	0	0	
1	[SLPS]	0	190.301	7.488	0	143.973	0	0	0	0	
1	[SLPS]	0	190.570	7.108	0	144.099	0	0	0	0	
1	[SLPS]	0	190.570	7.108	0	144.099	0	0	0	0	
1	[SLPS]	0	190.705	6.924	0	144.171	0	0	0	0	
1	[SLPS]	0	190.832	6.728	0	144.239	0	0	0	0	
1	[SLPS]	0	190.832	6.728	0	144.239	0	0	0	0	
1	[SLPS]	0	191.110	6.359	0	144.378	0	0	0	0	
1	[SLPS]	0	191.110	6.359	0	144.378	0	0	0	0	
1	[SLPS]	0	191.245	6.162	0	144.448	0	0	0	0	
1	[SLPS]	0	191.371	5.962	0	144.521	0	0	0	0	
1	[SLPS]	0	191.371	5.962	0	144.521	0	0	0	0	
1	[SLPS]	0	191.642	5.574	0	144.653	0	0	0	0	
1	[SLPS]	0	191.642	5.574	0	144.653	0	0	0	0	
1	[SLPS]	0	191.779	5.379	0	144.719	0	0	0	0	
1	[SLPS]	0	191.909	5.182	0	144.782	0	0	0	0	
1	[SLPS]	0	191.909	5.182	0	144.782	0	0	0	0	
1	[SLPS]	0	192.182	4.802	0	144.910	0	0	0	0	
1	[SLPS]	0	192.182	4.802	0	144.910	0	0	0	0	
1	[SLPS]	0	192.316	4.607	0	144.980	0	0	0	0	
1	[SLPS]	0	192.449	4.419	0	145.054	0	0	0	0	
1	[SLPS]	0	192.449	4.419	0	145.054	0	0	0	0	
1	[SLPS]	0	192.713	4.032	0	145.185	0	0	0	0	
1	[SLPS]	0	192.713	4.032	0	145.185	0	0	0	0	
1	[SLPS]	0	192.847	3.842	0	145.251	0	0	0	0	
1	[SLPS]	0	192.979	3.649	0	145.314	0	0	0	0	
1	[SLPS]	0	192.979	3.649	0	145.314	0	0	0	0	
1	[SLPS]	0	193.228	3.267	0	145.451	0	0	0	0	
1	[SLPS]	0	193.228	3.267	0	145.451	0	0	0	0	
1	[SLPS]	0	193.365	3.074	0	145.517	0	0	0	0	
1	[SLPS]	0	193.491	2.881	0	145.584	0	0	0	0	
1	[SLPS]	0	193.491	2.881	0	145.584	0	0	0	0	
1	[SLPS]	0	193.747	2.496	0	145.716	0	0	0	0	
1	[SLPS]	0	193.747	2.496	0	145.716	0	0	0	0	
1	[SLPS]	0	193.870	2.301	0	145.775	0	0	0	0	
1	[SLPS]	0	194.000	2.105	0	145.831	0	0	0	0	
1	[SLPS]	0	194.000	2.105	0	145.831	0	0	0	0	
1	[SLPS]	0	194.257	1.721	0	145.936	0	0	0	0	
1	[SLPS]	0	194.257	1.721	0	145.936	0	0	0	0	
1	[SLPS]	0	194.387	1.527	0	145.985	0	0	0	0	
1	[SLPS]	0	194.520	1.331	0	146.027	0	0	0	0	
1	[SLPS]	0	194.520	1.331	0	146.027	0	0	0	0	
1	[SLPS]	0	194.772	0.939	0	146.102	0	0	0	0	
1	[SLPS]	0	194.772	0.939	0	146.102	0	0	0	0	
1	[SLPS]	0	194.902	0.745	0	146.117	0	0	0	0	
1	[SLPS]	0	195.026	0.550	0	146.129	0	0	0	0	
1	[SLPS]	0	195.026	0.550	0	146.129	0	0	0	0	
1	[SLPS]	0	195.279	0.160	0	146.135	0	0	0	0	
1	[SLPS]	0	195.279	0.160	0	146.135	0	0	0	0	
1	[SLPS]	0	195.414	-0.036	0	146.131	0	0	0	0	
1	[SLPS]	0	195.549	-0.229	0	146.115	0	0	0	0	
1	[SLPS]	0	195.549	-0.229	0	146.115	0	0	0	0	
1	[SLPS]	0	195.815	-0.610	0	146.069	0	0	0	0	
1	[SLPS]	0	195.815	-0.610	0	146.069	0	0	0	0	
1	[SLPS]	0	196.077	-1.004	0	146.043	0	0	0	0	
1	[SLPS]	0	196.077	-1.004	0	146.043	0	0	0	0	
1	[SLPS]	0	196.205	-1.201	0	146.040	0	0	0	0	
1	[SLPS]	0	196.343	-1.389	0	146.010	0	0	0	0	
1	[SLPS]	0	196.343	-1.389	0	146.010	0	0	0	0	
1	[SLPS]	0	196.604	-1.778	0	145.988	0	0	0	0	
1	[SLPS]	0	196.604	-1.778	0	145.988	0	0	0	0	
1	[SLPS]	0	196.738	-1.972	0	145.967	0	0	0	0	
1	[SLPS]	0	196.869	-2.163	0	145.948	0	0	0	0	
1	[SLPS]	0	196.869	-2.163	0	145.948	0	0	0	0	
1	[SLPS]	0	197.130	-2.552	0	145.929	0	0	0	0	
1	[SLPS]	0	197.130	-2.552	0	145.929	0	0	0	0	
1	[SLPS]	0	197.256	-2.745	0	145.926	0	0	0	0	
1	[SLPS]	0	197.386	-2.937	0	145.918	0	0	0	0	
1	[SLPS]	0	197.386	-2.937	0	145.918	0	0	0	0	
1	[SLPS]	0	197.641	-3.323	0	145.900	0	0	0	0	
1	[SLPS]	0	197.641	-3.323	0	145.900	0	0	0	0	
1	[SLPS]	0	197.764	-3.515	0	145.896	0	0	0	0	
1	[SLPS]	0	197.894	-3.705	0	145.874	0	0	0	0	
1	[SLPS]	0	197.894	-3.705	0	145.874	0	0	0	0	
1	[SLPS]	0	198.154	-4.090	0	145.866	0	0	0	0	
1	[SLPS]	0	198.154	-4.090	0	145.866	0	0	0	0	
1	[SLPS]	0	198.286	-4.280	0	145.877	0	0	0	0	
1	[SLPS]	0	198.411	-4.472	0	145.903	0	0	0	0	
1	[SLPS]	0	198.411	-4.472	0	145.903	0	0	0	0	
1	[SLPS]	0	198.666	-4.855	0	145.950	0	0	0	0	
1	[SLPS]	0	198.666	-4.855	0	145.950	0	0	0	0	
1	[SLPS]	0	198.798	-5.042	0	145.961	0	0	0	0	
1	[SLPS]	0	198.927	-5.233	0	145.985	0	0	0	0	
1	[SLPS]	0	198.927	-5.233	0	145.985	0	0	0	0	
1	[SLPS]	0	199.176	-5.621	0	146.045	0	0	0	0	
1	[SLPS]	0	199.176	-5.621	0	146.045	0	0	0	0	
1	[SLPS]	0	199.305	-5.810	0	146.057	0	0	0	0	
1	[SLPS]	0	199.430	-6.001	0	146.076	0	0	0	0	
1	[SLPS]	0	199.430	-6.001	0	146.076	0	0	0	0	
1	[SLPS]	0	199.685	-6.387	0	146.126	0	0	0	0	
1	[SLPS]	0	199.685	-6.387	0	146.126	0	0	0	0	
1	[SLPS]	0	199.814	-6.576	0	146.143	0	0	0	0	
1	[SLPS]	0	199.940	-6.766	0	146.158	0	0	0	0	
1	[SLPS]	0	199.940	-6.766	0	146.158	0	0	0	0	
1	[SLPS]	0	200.194	-7.147	0	146.163	0	0	0	0	
1	[SLPS]	0	200.194	-7.147	0	146.163	0	0	0	0	
1	[SLPS]	0	200.324	-7.333	0	146.155	0	0	0	0	
1	[SLPS]	0	200.445	-7.528	0	146.172	0	0	0	0	
1	[SLPS]	0	200.577	-7.720	0	146.172	0	0	0	0	
1	[SLPS]	0	200.704	-7.912	0	146.179	0	0	0	0	
1	[SLPS]	0	200.704	-7.912	0	146.179	0	0	0	0	
1	[SLPS]	0	200.961	-8.289	0	146.176	0	0	0	0	
1	[SLPS]	0	200.961	-8.289	0	146.176	0	0	0	0	
1	[SLPS]	0	201.090	-8.480	0	146.183	0	0	0	0	
1	[SLPS]	0	201.209	-8.682	0	146.207	0	0	0	0	
1	[SLPS]	0	201.209	-8.682	0	146.207	0	0	0	0	
1	[SLPS]	0	201.463	-9.053	0	146.183	0	0	0	0	
1	[SLPS]	0	201.463	-9.053	0	146.183	0	0	0	0	
1	[SLPS]	0	201.600	-9.244	0	146.158	0	0	0	0	
1	[SLPS]	0	201.723	-9.434	0	146.153	0	0	0	0	
1	[SLPS]	0	201.723	-9.434	0	146.153	0	0	0	0	
1	[SLPS]	0	201.986	-9.810	0	146.151	0	0	0	0	
1	[SLPS]	0	201.986	-9.810	0	146.151	0	0	0	0	
1	[SLPS]	0	202.110	-10.001	0	146.159	0	0	0	0	
1	[SLPS]	0	202.232	-10.194	0	146.163	0	0	0	0	
1	[SLPS]	0	202.232	-10.194	0	146.163	0	0	0	0	
1	[SLPS]	0	202.473	-10.574	0	146.158	0	0	0	0	
1	[SLPS]	0	202.473	-10.574	0	146.158	0	0	0	0	
1	[SLPS]	0	202.607	-10.761	0	146.132	0	0	0	0	
1	[SLPS]	0	202.731	-10.952	0	146.137	0	0	0	0	
1	[SLPS]	0	202.731	-10.952	0	146.137	0	0	0	0	
1	[SLPS]	0	202.986	-11.331	0	146.126	0	0	0	0	
1	[SLPS]	0	202.986	-11.331	0	146.126	0	0	0	0	
1	[SLPS]	0	203.114	-11.517	0	146.109	0	0	0	0	
1	[SLPS]	0	203.244	-11.702	0	146.089	0	0	0	0	
1	[SLPS]	0	203.244	-11.702	0	146.089	0	0	0	0	
1	[SLPS]	0	203.489	-12.078	0	146.064	0	0	0	0	
1	[SLPS]	0	203.489	-12.078	0	146.064	0	0	0	0	
1	[SLPS]	0	203.613	-12.267	0	146.049	0	0	0	0	
1	[SLPS]	0	203.742	-12.456	0	146.026	0	0	0	0	
1	[SLPS]	0	203.873	-12.645	0	146.002	0	0	0	0	
1	[SLPS]	0	203.994	-12.829	0	145.984	0	0	0	0	
1	[SLPS]	0	203.994	-12.829	0	145.984	0	0	0	0	
1	[SLPS]	0	204.115	-13.015	0	145.971	0	0	0	0	
1	[SLPS]	0	204.235	-13.199	0	145.962	0	0	0	0	
1	[SLPS]	0	204.235	-13.199	0	145.962	0	0	0	0	
1	[SLPS]	0	204.477	-13.579	0	145.942	0	0	0	0	
1	[SLPS]	0	204.477	-13.579	0	145.942	0	0	0	0	
1	[SLPS]	0	204.604	-13.760	0	145.913	0	0	0	0	
1	[SLPS]	0	204.720	-13.944	0	145.906	0	0	0	0	
1	[SLPS]	0	204.846	-14.128	0	145.881	0	0	0	0	
1	[SLPS]	0	204.969	-14.312	0	145.864	0	0	0	0	
1	[SLPS]	0	204.969	-14.312	0	145.864	0	0	0	0	
1	[SLPS]	0	205.220	-14.683	0	145.829	0	0	0	0	
1	[SLPS]	0	205.220	-14.683	0	145.829	0	0	0	0	
1	[SLPS]	0	205.351	-14.861	0	145.798	0	0	0	0	
1	[SLPS]	0	205.476	-15.043	0	145.780	0	0	0	0	
1	[SLPS]	0	205.476	-15.043	0	145.780	0	0	0	0	
1	[SLPS]	0	205.725	-15.417	0	145.765	0	0	0	0	
1	[SLPS]	0	205.725	-15.417	0	145.765	0	0	0	0	
1	[SLPS]	0	205.856	-15.599	0	145.742	0	0	0	0	
1	[SLPS]	0	205.982	-15.782	0	145.727	0	0	0	0	
1	[SLPS]	0	205.982	-15.782	0	145.727	0	0	0	0	
1	[SLPS]	0	206.226	-16.155	0	145.708	0	0	0	0	
1	[SLPS]	0	206.226	-16.155	0	145.708	0	0	0	0	
1	[SLPS]	0	206.357	-16.338	0	145.678	0	0	0	0	
1	[SLPS]	0	206.486	-16.513	0	145.650	0	0	0	0	
1	[SLPS]	0	206.486	-16.513	0	145.650	0	0	0	0	
1	[SLPS]	0	206.734	-16.871	0	145.661	0	0	0	0	
1	[SLPS]	0	206.734	-16.871	0	145.661	0	0	0	0	
1	[SLPS]	0	206.858	-17.043	0	145.643	0	0	0	0	
1	[SLPS]	0	206.995	-17.211	0	145.600	0	0	0	0	
1	[SLPS]	0	206.995	-17.211	0	145.600	0	0	0	0	
1	[SLPS]	0	207.242	-17.580	0	145.603	0	0	0	0	
1	[SLPS]	0	207.242	-17.580	0	145.603	0	0	0	0	
1	[SLPS]	0	207.369	-17.759	0	145.559	0	0	0	0	
1	[SLPS]	0	207.496	-17.936	0	145.539	0	0	0	0	
1	[SLPS]	0	207.496	-17.936	0	145.539	0	0	0	0	
1	[SLPS]	0	207.738	-18.309	0	145.491	0	0	0	0	
1	[SLPS]	0	207.738	-18.309	0	145.491	0	0	0	0	
1	[SLPS]	0	207.847	-18.497	0	145.486	0	0	0	0	
1	[SLPS]	0	207.970	-18.672	0	145.463	0	0	0	0	
1	[SLPS]	0	208.095	-18.861	0	145.450	0	0	0	0	
1	[SLPS]	0	208.222	-19.047	0	145.428	0	0	0	0	
1	[SLPS]	0	208.222	-19.047	0	145.428	0	0	0	0	
1	[SLPS]	0	208.462	-19.407	0	145.388	0	0	0	0	
1	[SLPS]	0	208.462	-19.407	0	145.388	0	0	0	0	
1	[SLPS]	0	208.586	-19.589	0	145.376	0	0	0	0	
1	[SLPS]	0	208.704	-19.775	0	145.375	0	0	0	0	
1	[SLPS]	0	208.704	-19.775	0	145.375	0	0	0	0	
1	[SLPS]	0	208.819	-19.958	0	145.373	0	0	0	0	
1	[SLPS]	0	208.947	-20.131	0	145.345	0	0	0	0	
1	[SLPS]	0	209.077	-20.315	0	145.327	0	0	0	0	
1	[SLPS]	0	209.201	-20.495	0	145.310	0	0	0	0	
1	[SLPS]	0	209.201	-20.495	0	145.310	0	0	0	0	
1	[SLPS]	0	209.461	-20.851	0	145.287	0	0	0	0	
1	[SLPS]	0	209.461	-20.851	0	145.287	0	0	0	0	
1	[SLPS]	0	209.581	-21.038	0	145.293	0	0	0	0	
1	[SLPS]	0	209.700	-21.220	0	145.308	0	0	0	0	
1	[SLPS]	0	209.700	-21.220	0	145.308	0	0	0	0	
1	[SLPS]	0	209.954	-21.577	0	145.340	0	0	0	0	
1	[SLPS]	0	209.954	-21.577	0	145.340	0	0	0	0	
1	[SLPS]	0	210.063	-21.759	0	145.381	0	0	0	0	
1	[SLPS]	0	210.186	-21.942	0	145.407	0	0	0	0	
1	[SLPS]	0	210.186	-21.942	0	145.407	0	0	0	0	
1	[SLPS]	0	210.426	-22.299	0	145.453	0	0	0	0	
1	[SLPS]	0	210.426	-22.299	0	145.453	0	0	0	0	
1	[SLPS]	0	210.543	-22.490	0	145.500	0	0	0	0	
1	[SLPS]	0	210.670	-22.668	0	145.537	0	0	0	0	
1	[SLPS]	0	210.670	-22.668	0	145.537	0	0	0	0	
1	[SLPS]	0	210.915	-23.022	0	145.648	0	0	0	0	
1	[SLPS]	0	210.915	-23.022	0	145.648	0	0	0	0	
1	[SLPS]	0	211.038	-23.201	0	145.697	0	0	0	0	
1	[SLPS]	0	211.164	-23.386	0	145.744	0	0	0	0	
1	[SLPS]	0	211.164	-23.386	0	145.744	0	0	0	0	
1	[SLPS]	0	211.428	-23.745	0	145.818	0	0	0	0	
1	[SLPS]	0	211.428	-23.745	0	145.818	0	0	0	0	
1	[SLPS]	0	211.557	-23.931	0	145.872	0	0	0	0	
1	[SLPS]	0	211.683	-24.115	0	145.939	0	0	0	0	
1	[SLPS]	0	211.814	-24.298	0	145.993	0	0	0	0	
1	[SLPS]	0	211.941	-24.481	0	146.029	0	0	0	0	
1	[SLPS]	0	211.941	-24.481	0	146.029	0	0	0	0	
1	[SLPS]	0	212.063	-24.677	0	146.082	0	0	0	0	
1	[SLPS]	0	212.190	-24.867	0	146.130	0	0	0	0	
1	[SLPS]	0	212.311	-25.054	0	146.186	0	0	0	0	
1	[SLPS]	0	212.437	-25.241	0	146.243	0	0	0	0	
1	[SLPS]	0	212.437	-25.241	0	146.243	0	0	0	0	
1	[SLPS]	0	212.669	-25.623	0	146.355	0	0	0	0	
1	[SLPS]	0	212.669	-25.623	0	146.355	0	0	0	0	
1	[SLPS]	0	212.800	-25.822	0	146.405	0	0	0	0	
1	[SLPS]	0	212.918	-26.009	0	146.454	0	0	0	0	
1	[SLPS]	0	212.918	-26.009	0	146.454	0	0	0	0	
1	[SLPS]	0	213.154	-26.390	0	146.566	0	0	0	0	
1	[SLPS]	0	213.154	-26.390	0	146.566	0	0	0	0	
1	[SLPS]	0	213.283	-26.577	0	146.622	0	0	0	0	
1	[SLPS]	0	213.399	-26.765	0	146.676	0	0	0	0	
1	[SLPS]	0	213.399	-26.765	0	146.676	0	0	0	0	
1	[SLPS]	0	213.642	-27.145	0	146.775	0	0	0	0	
1	[SLPS]	0	213.642	-27.145	0	146.775	0	0	0	0	
1	[SLPS]	0	213.764	-27.334	0	146.830	0	0	0	0	
1	[SLPS]	0	213.885	-27.512	0	146.881	0	0	0	0	
1	[SLPS]	0	213.885	-27.512	0	146.881	0	0	0	0	
1	[SLPS]	0	214.131	-27.892	0	146.985	0	0	0	0	
1	[SLPS]	0	214.131	-27.892	0	146.985	0	0	0	0	
1	[SLPS]	0	214.247	-28.071	0	147.029	0	0	0	0	
1	[SLPS]	0	214.363	-28.259	0	147.080	0	0	0	0	
1	[SLPS]	0	214.363	-28.259	0	147.080	0	0	0	0	
1	[SLPS]	0	214.601	-28.625	0	147.144	0	0	0	0	
1	[SLPS]	0	214.601	-28.625	0	147.144	0	0	0	0	
1	[SLPS]	0	214.725	-28.814	0	147.170	0	0	0	0	
1	[SLPS]	0	214.844	-28.999	0	147.197	0	0	0	0	
1	[SLPS]	0	214.844	-28.999	0	147.197	0	0	0	0	
1	[SLPS]	0	215.083	-29.360	0	147.248	0	0	0	0	
1	[SLPS]	0	215.083	-29.360	0	147.248	0	0	0	0	
1	[SLPS]	0	215.315	-29.729	0	147.284	0	0	0	0	
1	[SLPS]	0	215.315	-29.729	0	147.284	0	0	0	0	
1	[SLPS]	0	215.432	-29.917	0	147.284	0	0	0	0	
1	[SLPS]	0	215.551	-30.103	0	147.282	0	0	0	0	
1	[SLPS]	0	215.551	-30.103	0	147.282	0	0	0	0	
1	[SLPS]	0	215.674	-30.288	0	147.275	0	0	0	0	
1	[SLPS]	0	215.793	-30.475	0	147.277	0	0	0	0	
1	[SLPS]	0	215.919	-30.664	0	147.276	0	0	0	0	
1	[SLPS]	0	216.039	-30.846	0	147.272	0	0	0	0	
1	[SLPS]	0	216.039	-30.846	0	147.272	0	0	0	0	
1	[SLPS]	0	216.273	-31.217	0	147.274	0	0	0	0	
1	[SLPS]	0	216.273	-31.217	0	147.274	0	0	0	0	
1	[SLPS]	0	216.386	-31.401	0	147.278	0	0	0	0	
1	[SLPS]	0	216.502	-31.583	0	147.272	0	0	0	0	
1	[SLPS]	0	216.502	-31.583	0	147.272	0	0	0	0	
1	[SLPS]	0	216.617	-31.763	0	147.269	0	0	0	0	
1	[SLPS]	0	216.733	-31.945	0	147.271	0	0	0	0	
1	[SLPS]	0	216.854	-32.129	0	147.266	0	0	0	0	
1	[SLPS]	0	216.969	-32.317	0	147.269	0	0	0	0	
1	[SLPS]	0	216.969	-32.317	0	147.269	0	0	0	0	
1	[SLPS]	0	217.207	-32.680	0	147.249	0	0	0	0	
1	[SLPS]	0	217.207	-32.680	0	147.249	0	0	0	0	
1	[SLPS]	0	217.316	-32.862	0	147.254	0	0	0	0	
1	[SLPS]	0	217.430	-33.047	0	147.263	0	0	0	0	
1	[SLPS]	0	217.430	-33.047	0	147.263	0	0	0	0	
1	[SLPS]	0	217.663	-33.414	0	147.272	0	0	0	0	
1	[SLPS]	0	217.663	-33.414	0	147.272	0	0	0	0	
1	[SLPS]	0	217.788	-33.591	0	147.249	0	0	0	0	
1	[SLPS]	0	217.903	-33.777	0	147.250	0	0	0	0	
1	[SLPS]	0	217.903	-33.777	0	147.250	0	0	0	0	
1	[SLPS]	0	218.135	-34.145	0	147.251	0	0	0	0	
1	[SLPS]	0	218.135	-34.145	0	147.251	0	0	0	0	
1	[SLPS]	0	218.262	-34.320	0	147.239	0	0	0	0	
1	[SLPS]	0	218.372	-34.500	0	147.252	0	0	0	0	
1	[SLPS]	0	218.372	-34.500	0	147.252	0	0	0	0	
1	[SLPS]	0	218.608	-34.868	0	147.250	0	0	0	0	
1	[SLPS]	0	218.608	-34.868	0	147.250	0	0	0	0	
1	[SLPS]	0	218.728	-35.050	0	147.251	0	0	0	0	
1	[SLPS]	0	218.842	-35.231	0	147.259	0	0	0	0	
1	[SLPS]	0	218.842	-35.231	0	147.259	0	0	0	0	
1	[SLPS]	0	219.076	-35.596	0	147.280	0	0	0	0	
1	[SLPS]	0	219.076	-35.596	0	147.280	0	0	0	0	
1	[SLPS]	0	219.192	-35.777	0	147.333	0	0	0	0	
1	[SLPS]	0	219.308	-35.958	0	147.336	0	0	0	0	
1	[SLPS]	0	219.308	-35.958	0	147.336	0	0	0	0	
1	[SLPS]	0	219.542	-36.322	0	147.407	0	0	0	0	
1	[SLPS]	0	219.542	-36.322	0	147.407	0	0	0	0	
1	[SLPS]	0	219.657	-36.512	0	147.434	0	0	0	0	
1	[SLPS]	0	219.776	-36.703	0	147.463	0	0	0	0	
1	[SLPS]	0	219.776	-36.703	0	147.463	0	0	0	0	
1	[SLPS]	0	220.002	-37.064	0	147.532	0	0	0	0	
1	[SLPS]	0	220.002	-37.064	0	147.532	0	0	0	0	
1	[SLPS]	0	220.123	-37.248	0	147.558	0	0	0	0	
1	[SLPS]	0	220.242	-37.436	0	147.586	0	0	0	0	
1	[SLPS]	0	220.357	-37.617	0	147.611	0	0	0	0	
1	[SLPS]	0	220.475	-37.797	0	147.631	0	0	0	0	
1	[SLPS]	0	220.475	-37.797	0	147.631	0	0	0	0	
1	[SLPS]	0	220.592	-37.982	0	147.662	0	0	0	0	
1	[SLPS]	0	220.709	-38.170	0	147.700	0	0	0	0	
1	[SLPS]	0	220.821	-38.354	0	147.739	0	0	0	0	
1	[SLPS]	0	220.935	-38.542	0	147.774	0	0	0	0	
1	[SLPS]	0	220.935	-38.542	0	147.774	0	0	0	0	
1	[SLPS]	0	221.167	-38.915	0	147.820	0	0	0	0	
1	[SLPS]	0	221.167	-38.915	0	147.820	0	0	0	0	
1	[SLPS]	0	221.283	-39.102	0	147.844	0	0	0	0	
1	[SLPS]	0	221.396	-39.299	0	147.890	0	0	0	0	
1	[SLPS]	0	221.396	-39.299	0	147.890	0	0	0	0	
1	[SLPS]	0	221.630	-39.669	0	147.942	0	0	0	0	
1	[SLPS]	0	221.630	-39.669	0	147.942	0	0	0	0	
1	[SLPS]	0	221.746	-39.859	0	147.966	0	0	0	0	
1	[SLPS]	0	221.861	-40.043	0	147.982	0	0	0	0	
1	[SLPS]	0	221.861	-40.043	0	147.982	0	0	0	0	
1	[SLPS]	0	222.100	-40.409	0	147.995	0	0	0	0	
1	[SLPS]	0	222.100	-40.409	0	147.995	0	0	0	0	
1	[SLPS]	0	222.213	-40.592	0	148.009	0	0	0	0	
1	[SLPS]	0	222.324	-40.783	0	148.016	0	0	0	0	
1	[SLPS]	0	222.324	-40.783	0	148.016	0	0	0	0	
1	[SLPS]	0	222.566	-41.158	0	147.990	0	0	0	0	
1	[SLPS]	0	222.566	-41.158	0	147.990	0	0	0	0	
1	[SLPS]	0	222.676	-41.341	0	147.984	0	0	0	0	
1	[SLPS]	0	222.788	-41.533	0	147.979	0	0	0	0	
1	[SLPS]	0	222.788	-41.533	0	147.979	0	0	0	0	
1	[SLPS]	0	223.028	-41.915	0	147.962	0	0	0	0	
1	[SLPS]	0	223.028	-41.915	0	147.962	0	0	0	0	
1	[SLPS]	0	223.147	-42.098	0	147.932	0	0	0	0	
1	[SLPS]	0	223.270	-42.286	0	147.900	0	0	0	0	
1	[SLPS]	0	223.270	-42.286	0	147.900	0	0	0	0	
1	[SLPS]	0	223.500	-42.661	0	147.845	0	0	0	0	
1	[SLPS]	0	223.500	-42.661	0	147.845	0	0	0	0	
1	[SLPS]	0	223.611	-42.846	0	147.818	0	0	0	0	
1	[SLPS]	0	223.734	-43.028	0	147.771	0	0	0	0	
1	[SLPS]	0	223.853	-43.215	0	147.734	0	0	0	0	
1	[SLPS]	0	223.972	-43.400	0	147.692	0	0	0	0	
1	[SLPS]	0	223.972	-43.400	0	147.692	0	0	0	0	
1	[SLPS]	0	224.096	-43.581	0	147.630	0	0	0	0	
1	[SLPS]	0	224.215	-43.766	0	147.579	0	0	0	0	
1	[SLPS]	0	224.326	-43.963	0	147.539	0	0	0	0	
1	[SLPS]	0	224.449	-44.151	0	147.485	0	0	0	0	
1	[SLPS]	0	224.449	-44.151	0	147.485	0	0	0	0	
1	[SLPS]	0	224.685	-44.517	0	147.392	0	0	0	0	
1	[SLPS]	0	224.685	-44.517	0	147.392	0	0	0	0	
1	[SLPS]	0	224.806	-44.709	0	147.349	0	0	0	0	
1	[SLPS]	0	224.919	-44.891	0	147.312	0	0	0	0	
1	[SLPS]	0	224.919	-44.891	0	147.312	0	0	0	0	
1	[SLPS]	0	225.160	-45.268	0	147.220	0	0	0	0	
1	[SLPS]	0	225.160	-45.268	0	147.220	0	0	0	0	
1	[SLPS]	0	225.289	-45.459	0	147.168	0	0	0	0	
1	[SLPS]	0	225.414	-45.641	0	147.119	0	0	0	0	
1	[SLPS]	0	225.414	-45.641	0	147.119	0	0	0	0	
1	[SLPS]	0	225.643	-46.021	0	147.061	0	0	0	0	
1	[SLPS]	0	225.643	-46.021	0	147.061	0	0	0	0	
1	[SLPS]	0	225.769	-46.206	0	147.012	0	0	0	0	
1	[SLPS]	0	225.898	-46.393	0	146.965	0	0	0	0	
1	[SLPS]	0	225.898	-46.393	0	146.965	0	0	0	0	
1	[SLPS]	0	226.134	-46.769	0	146.891	0	0	0	0	
1	[SLPS]	0	226.134	-46.769	0	146.891	0	0	0	0	
1	[SLPS]	0	226.255	-46.954	0	146.849	0	0	0	0	
1	[SLPS]	0	226.386	-47.150	0	146.803	0	0	0	0	
1	[SLPS]	0	226.386	-47.150	0	146.803	0	0	0	0	
1	[SLPS]	0	226.623	-47.525	0	146.739	0	0	0	0	
1	[SLPS]	0	226.623	-47.525	0	146.739	0	0	0	0	
1	[SLPS]	0	226.749	-47.712	0	146.697	0	0	0	0	
1	[SLPS]	0	226.876	-47.895	0	146.652	0	0	0	0	
1	[SLPS]	0	226.876	-47.895	0	146.652	0	0	0	0	
1	[SLPS]	0	227.128	-48.267	0	146.570	0	0	0	0	
1	[SLPS]	0	227.128	-48.267	0	146.570	0	0	0	0	
1	[SLPS]	0	227.253	-48.455	0	146.551	0	0	0	0	
1	[SLPS]	0	227.374	-48.642	0	146.539	0	0	0	0	
1	[SLPS]	0	227.494	-48.828	0	146.535	0	0	0	0	
1	[SLPS]	0	227.619	-49.012	0	146.521	0	0	0	0	
1	[SLPS]	0	227.619	-49.012	0	146.521	0	0	0	0	
1	[SLPS]	0	227.749	-49.202	0	146.501	0	0	0	0	
1	[SLPS]	0	227.871	-49.384	0	146.487	0	0	0	0	
1	[SLPS]	0	227.994	-49.578	0	146.485	0	0	0	0	
1	[SLPS]	0	228.120	-49.769	0	146.474	0	0	0	0	
1	[SLPS]	0	228.120	-49.769	0	146.474	0	0	0	0	
1	[SLPS]	0	228.245	-49.956	0	146.461	0	0	0	0	
1	[SLPS]	0	228.364	-50.141	0	146.452	0	0	0	0	
1	[SLPS]	0	228.485	-50.325	0	146.434	0	0	0	0	
1	[SLPS]	0	228.610	-50.514	0	146.408	0	0	0	0	
1	[SLPS]	0	228.610	-50.514	0	146.408	0	0	0	0	
1	[SLPS]	0	228.854	-50.894	0	146.378	0	0	0	0	
1	[SLPS]	0	228.854	-50.894	0	146.378	0	0	0	0	
1	[SLPS]	0	228.976	-51.084	0	146.353	0	0	0	0	
1	[SLPS]	0	229.100	-51.273	0	146.317	0	0	0	0	
1	[SLPS]	0	229.100	-51.273	0	146.317	0	0	0	0	
1	[SLPS]	0	229.353	-51.646	0	146.234	0	0	0	0	
1	[SLPS]	0	229.353	-51.646	0	146.234	0	0	0	0	
1	[SLPS]	0	229.478	-51.833	0	146.201	0	0	0	0	
1	[SLPS]	0	229.606	-52.019	0	146.167	0	0	0	0	
1	[SLPS]	0	229.606	-52.019	0	146.167	0	0	0	0	
1	[SLPS]	0	229.865	-52.393	0	146.114	0	0	0	0	
1	[SLPS]	0	229.865	-52.393	0	146.114	0	0	0	0	
1	[SLPS]	0	229.990	-52.581	0	146.110	0	0	0	0	
1	[SLPS]	0	230.112	-52.769	0	146.109	0	0	0	0	
1	[SLPS]	0	230.112	-52.769	0	146.109	0	0	0	0	
1	[SLPS]	0	230.365	-53.146	0	146.086	0	0	0	0	
1	[SLPS]	0	230.365	-53.146	0	146.086	0	0	0	0	
1	[SLPS]	0	230.496	-53.332	0	146.055	0	0	0	0	
1	[SLPS]	0	230.620	-53.516	0	146.037	0	0	0	0	
1	[SLPS]	0	230.620	-53.516	0	146.037	0	0	0	0	
1	[SLPS]	0	230.877	-53.890	0	145.986	0	0	0	0	
1	[SLPS]	0	230.877	-53.890	0	145.986	0	0	0	0	
1	[SLPS]	0	231.124	-54.262	0	145.933	0	0	0	0	
1	[SLPS]	0	231.124	-54.262	0	145.933	0	0	0	0	
1	[SLPS]	0	231.251	-54.457	0	145.914	0	0	0	0	
1	[SLPS]	0	231.379	-54.645	0	145.894	0	0	0	0	
1	[SLPS]	0	231.379	-54.645	0	145.894	0	0	0	0	
1	[SLPS]	0	231.630	-55.019	0	145.844	0	0	0	0	
1	[SLPS]	0	231.630	-55.019	0	145.844	0	0	0	0	
1	[SLPS]	0	231.757	-55.210	0	145.816	0	0	0	0	
1	[SLPS]	0	231.893	-55.399	0	145.782	0	0	0	0	
1	[SLPS]	0	231.893	-55.399	0	145.782	0	0	0	0	
1	[SLPS]	0	232.013	-55.594	0	145.781	0	0	0	0	
1	[SLPS]	0	232.144	-55.778	0	145.762	0	0	0	0	
1	[SLPS]	0	232.274	-55.967	0	145.747	0	0	0	0	
1	[SLPS]	0	232.401	-56.156	0	145.735	0	0	0	0	
1	[SLPS]	0	232.401	-56.156	0	145.735	0	0	0	0	
1	[SLPS]	0	232.665	-56.523	0	145.681	0	0	0	0	
1	[SLPS]	0	232.665	-56.523	0	145.681	0	0	0	0	
1	[SLPS]	0	232.788	-56.714	0	145.673	0	0	0	0	
1	[SLPS]	0	232.915	-56.901	0	145.660	0	0	0	0	
1	[SLPS]	0	232.915	-56.901	0	145.660	0	0	0	0	
1	[SLPS]	0	233.172	-57.270	0	145.624	0	0	0	0	
1	[SLPS]	0	233.172	-57.270	0	145.624	0	0	0	0	
1	[SLPS]	0	233.305	-57.452	0	145.601	0	0	0	0	
1	[SLPS]	0	233.434	-57.637	0	145.582	0	0	0	0	
