1	[SLPS]	0	406.400	-234.360	0	59.736	0	0	0	0	
1	[SLPS]	0	406.582	-234.254	0	59.744	0	0	0	0	
1	[SLPS]	0	406.764	-234.145	0	59.748	0	0	0	0	
1	[SLPS]	0	406.764	-234.145	0	59.748	0	0	0	0	
1	[SLPS]	0	406.948	-234.034	0	59.760	0	0	0	0	
1	[SLPS]	0	407.127	-233.926	0	59.777	0	0	0	0	
1	[SLPS]	0	407.307	-233.820	0	59.791	0	0	0	0	
1	[SLPS]	0	407.496	-233.716	0	59.816	0	0	0	0	
1	[SLPS]	0	407.496	-233.716	0	59.816	0	0	0	0	
1	[SLPS]	0	407.859	-233.505	0	59.837	0	0	0	0	
1	[SLPS]	0	407.859	-233.505	0	59.837	0	0	0	0	
1	[SLPS]	0	408.047	-233.400	0	59.840	0	0	0	0	
1	[SLPS]	0	408.227	-233.291	0	59.834	0	0	0	0	
1	[SLPS]	0	408.227	-233.291	0	59.834	0	0	0	0	
1	[SLPS]	0	408.598	-233.075	0	59.839	0	0	0	0	
1	[SLPS]	0	408.598	-233.075	0	59.839	0	0	0	0	
1	[SLPS]	0	408.775	-232.970	0	59.827	0	0	0	0	
1	[SLPS]	0	408.946	-232.860	0	59.793	0	0	0	0	
1	[SLPS]	0	408.946	-232.860	0	59.793	0	0	0	0	
1	[SLPS]	0	409.313	-232.643	0	59.771	0	0	0	0	
1	[SLPS]	0	409.313	-232.643	0	59.771	0	0	0	0	
1	[SLPS]	0	409.501	-232.536	0	59.776	0	0	0	0	
1	[SLPS]	0	409.690	-232.434	0	59.788	0	0	0	0	
1	[SLPS]	0	409.690	-232.434	0	59.788	0	0	0	0	
1	[SLPS]	0	410.053	-232.221	0	59.774	0	0	0	0	
1	[SLPS]	0	410.053	-232.221	0	59.774	0	0	0	0	
1	[SLPS]	0	410.244	-232.116	0	59.771	0	0	0	0	
1	[SLPS]	0	410.428	-232.008	0	59.755	0	0	0	0	
1	[SLPS]	0	410.428	-232.008	0	59.755	0	0	0	0	
1	[SLPS]	0	410.794	-231.788	0	59.731	0	0	0	0	
1	[SLPS]	0	410.794	-231.788	0	59.731	0	0	0	0	
1	[SLPS]	0	410.972	-231.687	0	59.727	0	0	0	0	
1	[SLPS]	0	411.153	-231.581	0	59.710	0	0	0	0	
1	[SLPS]	0	411.153	-231.581	0	59.710	0	0	0	0	
1	[SLPS]	0	411.513	-231.363	0	59.644	0	0	0	0	
1	[SLPS]	0	411.513	-231.363	0	59.644	0	0	0	0	
1	[SLPS]	0	411.698	-231.256	0	59.613	0	0	0	0	
1	[SLPS]	0	411.883	-231.152	0	59.587	0	0	0	0	
1	[SLPS]	0	412.057	-231.040	0	59.536	0	0	0	0	
1	[SLPS]	0	412.241	-230.935	0	59.509	0	0	0	0	
1	[SLPS]	0	412.241	-230.935	0	59.509	0	0	0	0	
1	[SLPS]	0	412.603	-230.713	0	59.430	0	0	0	0	
1	[SLPS]	0	412.603	-230.713	0	59.430	0	0	0	0	
1	[SLPS]	0	412.782	-230.604	0	59.395	0	0	0	0	
1	[SLPS]	0	412.962	-230.500	0	59.374	0	0	0	0	
1	[SLPS]	0	412.962	-230.500	0	59.374	0	0	0	0	
1	[SLPS]	0	413.331	-230.293	0	59.346	0	0	0	0	
1	[SLPS]	0	413.331	-230.293	0	59.346	0	0	0	0	
1	[SLPS]	0	413.514	-230.192	0	59.334	0	0	0	0	
1	[SLPS]	0	413.691	-230.085	0	59.310	0	0	0	0	
1	[SLPS]	0	413.691	-230.085	0	59.310	0	0	0	0	
1	[SLPS]	0	414.063	-229.868	0	59.279	0	0	0	0	
1	[SLPS]	0	414.063	-229.868	0	59.279	0	0	0	0	
1	[SLPS]	0	414.241	-229.758	0	59.256	0	0	0	0	
1	[SLPS]	0	414.422	-229.651	0	59.232	0	0	0	0	
1	[SLPS]	0	414.422	-229.651	0	59.232	0	0	0	0	
1	[SLPS]	0	414.779	-229.433	0	59.182	0	0	0	0	
1	[SLPS]	0	414.779	-229.433	0	59.182	0	0	0	0	
1	[SLPS]	0	414.965	-229.334	0	59.189	0	0	0	0	
1	[SLPS]	0	415.141	-229.223	0	59.168	0	0	0	0	
1	[SLPS]	0	415.141	-229.223	0	59.168	0	0	0	0	
1	[SLPS]	0	415.502	-229.014	0	59.177	0	0	0	0	
1	[SLPS]	0	415.502	-229.014	0	59.177	0	0	0	0	
1	[SLPS]	0	415.688	-228.891	0	59.134	0	0	0	0	
1	[SLPS]	0	415.870	-228.783	0	59.111	0	0	0	0	
1	[SLPS]	0	415.870	-228.783	0	59.111	0	0	0	0	
1	[SLPS]	0	416.219	-228.559	0	59.045	0	0	0	0	
1	[SLPS]	0	416.219	-228.559	0	59.045	0	0	0	0	
1	[SLPS]	0	416.397	-228.452	0	59.030	0	0	0	0	
1	[SLPS]	0	416.571	-228.344	0	59.011	0	0	0	0	
1	[SLPS]	0	416.752	-228.229	0	58.990	0	0	0	0	
1	[SLPS]	0	416.921	-228.115	0	58.954	0	0	0	0	
1	[SLPS]	0	416.921	-228.115	0	58.954	0	0	0	0	
1	[SLPS]	0	417.283	-227.909	0	58.935	0	0	0	0	
1	[SLPS]	0	417.283	-227.909	0	58.935	0	0	0	0	
1	[SLPS]	0	417.447	-227.793	0	58.886	0	0	0	0	
1	[SLPS]	0	417.630	-227.694	0	58.874	0	0	0	0	
1	[SLPS]	0	417.630	-227.694	0	58.874	0	0	0	0	
1	[SLPS]	0	417.980	-227.476	0	58.796	0	0	0	0	
1	[SLPS]	0	417.980	-227.476	0	58.796	0	0	0	0	
1	[SLPS]	0	418.154	-227.366	0	58.753	0	0	0	0	
1	[SLPS]	0	418.332	-227.252	0	58.706	0	0	0	0	
1	[SLPS]	0	418.332	-227.252	0	58.706	0	0	0	0	
1	[SLPS]	0	418.678	-227.044	0	58.651	0	0	0	0	
1	[SLPS]	0	418.678	-227.044	0	58.651	0	0	0	0	
1	[SLPS]	0	418.861	-226.946	0	58.643	0	0	0	0	
1	[SLPS]	0	419.040	-226.834	0	58.603	0	0	0	0	
1	[SLPS]	0	419.040	-226.834	0	58.603	0	0	0	0	
1	[SLPS]	0	419.397	-226.624	0	58.536	0	0	0	0	
1	[SLPS]	0	419.397	-226.624	0	58.536	0	0	0	0	
1	[SLPS]	0	419.566	-226.514	0	58.491	0	0	0	0	
1	[SLPS]	0	419.741	-226.411	0	58.467	0	0	0	0	
1	[SLPS]	0	419.741	-226.411	0	58.467	0	0	0	0	
1	[SLPS]	0	420.086	-226.191	0	58.390	0	0	0	0	
1	[SLPS]	0	420.086	-226.191	0	58.390	0	0	0	0	
1	[SLPS]	0	420.254	-226.075	0	58.344	0	0	0	0	
1	[SLPS]	0	420.420	-225.952	0	58.290	0	0	0	0	
1	[SLPS]	0	420.420	-225.952	0	58.290	0	0	0	0	
1	[SLPS]	0	420.762	-225.727	0	58.224	0	0	0	0	
1	[SLPS]	0	420.762	-225.727	0	58.224	0	0	0	0	
1	[SLPS]	0	420.933	-225.613	0	58.164	0	0	0	0	
1	[SLPS]	0	421.105	-225.501	0	58.190	0	0	0	0	
1	[SLPS]	0	421.105	-225.501	0	58.190	0	0	0	0	
1	[SLPS]	0	421.442	-225.266	0	58.116	0	0	0	0	
1	[SLPS]	0	421.442	-225.266	0	58.116	0	0	0	0	
1	[SLPS]	0	421.620	-225.177	0	58.111	0	0	0	0	
1	[SLPS]	0	421.798	-225.073	0	58.089	0	0	0	0	
1	[SLPS]	0	421.798	-225.073	0	58.089	0	0	0	0	
1	[SLPS]	0	422.149	-224.867	0	58.044	0	0	0	0	
1	[SLPS]	0	422.149	-224.867	0	58.044	0	0	0	0	
1	[SLPS]	0	422.327	-224.761	0	58.015	0	0	0	0	
1	[SLPS]	0	422.502	-224.638	0	57.971	0	0	0	0	
1	[SLPS]	0	422.676	-224.529	0	57.947	0	0	0	0	
1	[SLPS]	0	422.850	-224.420	0	57.921	0	0	0	0	
1	[SLPS]	0	422.850	-224.420	0	57.921	0	0	0	0	
1	[SLPS]	0	423.199	-224.201	0	57.868	0	0	0	0	
1	[SLPS]	0	423.199	-224.201	0	57.868	0	0	0	0	
1	[SLPS]	0	423.371	-224.087	0	57.826	0	0	0	0	
1	[SLPS]	0	423.544	-223.971	0	57.786	0	0	0	0	
1	[SLPS]	0	423.544	-223.971	0	57.786	0	0	0	0	
1	[SLPS]	0	423.893	-223.749	0	57.738	0	0	0	0	
1	[SLPS]	0	423.893	-223.749	0	57.738	0	0	0	0	
1	[SLPS]	0	424.068	-223.639	0	57.744	0	0	0	0	
1	[SLPS]	0	424.238	-223.523	0	57.710	0	0	0	0	
1	[SLPS]	0	424.238	-223.523	0	57.710	0	0	0	0	
1	[SLPS]	0	424.590	-223.291	0	57.662	0	0	0	0	
1	[SLPS]	0	424.590	-223.291	0	57.662	0	0	0	0	
1	[SLPS]	0	424.760	-223.171	0	57.626	0	0	0	0	
1	[SLPS]	0	424.938	-223.068	0	57.620	0	0	0	0	
1	[SLPS]	0	424.938	-223.068	0	57.620	0	0	0	0	
1	[SLPS]	0	425.285	-222.845	0	57.560	0	0	0	0	
1	[SLPS]	0	425.285	-222.845	0	57.560	0	0	0	0	
1	[SLPS]	0	425.470	-222.734	0	57.546	0	0	0	0	
1	[SLPS]	0	425.647	-222.631	0	57.538	0	0	0	0	
1	[SLPS]	0	425.647	-222.631	0	57.538	0	0	0	0	
1	[SLPS]	0	426.001	-222.401	0	57.485	0	0	0	0	
1	[SLPS]	0	426.001	-222.401	0	57.485	0	0	0	0	
1	[SLPS]	0	426.177	-222.284	0	57.455	0	0	0	0	
1	[SLPS]	0	426.356	-222.185	0	57.448	0	0	0	0	
1	[SLPS]	0	426.356	-222.185	0	57.448	0	0	0	0	
1	[SLPS]	0	426.704	-221.962	0	57.399	0	0	0	0	
1	[SLPS]	0	426.704	-221.962	0	57.399	0	0	0	0	
1	[SLPS]	0	426.877	-221.848	0	57.370	0	0	0	0	
1	[SLPS]	0	427.050	-221.744	0	57.354	0	0	0	0	
1	[SLPS]	0	427.050	-221.744	0	57.354	0	0	0	0	
1	[SLPS]	0	427.406	-221.525	0	57.322	0	0	0	0	
1	[SLPS]	0	427.406	-221.525	0	57.322	0	0	0	0	
1	[SLPS]	0	427.572	-221.401	0	57.275	0	0	0	0	
1	[SLPS]	0	427.748	-221.300	0	57.274	0	0	0	0	
1	[SLPS]	0	427.748	-221.300	0	57.274	0	0	0	0	
1	[SLPS]	0	428.098	-221.073	0	57.224	0	0	0	0	
1	[SLPS]	0	428.098	-221.073	0	57.224	0	0	0	0	
1	[SLPS]	0	428.267	-220.951	0	57.184	0	0	0	0	
1	[SLPS]	0	428.441	-220.838	0	57.158	0	0	0	0	
1	[SLPS]	0	428.441	-220.838	0	57.158	0	0	0	0	
1	[SLPS]	0	428.787	-220.623	0	57.125	0	0	0	0	
1	[SLPS]	0	428.787	-220.623	0	57.125	0	0	0	0	
1	[SLPS]	0	428.967	-220.513	0	57.106	0	0	0	0	
1	[SLPS]	0	429.138	-220.402	0	57.074	0	0	0	0	
1	[SLPS]	0	429.312	-220.283	0	57.048	0	0	0	0	
1	[SLPS]	0	429.483	-220.179	0	57.040	0	0	0	0	
1	[SLPS]	0	429.483	-220.179	0	57.040	0	0	0	0	
1	[SLPS]	0	429.830	-219.959	0	57.006	0	0	0	0	
1	[SLPS]	0	429.830	-219.959	0	57.006	0	0	0	0	
1	[SLPS]	0	430.005	-219.841	0	56.983	0	0	0	0	
1	[SLPS]	0	430.178	-219.732	0	56.959	0	0	0	0	
1	[SLPS]	0	430.178	-219.732	0	56.959	0	0	0	0	
1	[SLPS]	0	430.351	-219.613	0	56.930	0	0	0	0	
1	[SLPS]	0	430.524	-219.506	0	56.925	0	0	0	0	
1	[SLPS]	0	430.694	-219.392	0	56.896	0	0	0	0	
1	[SLPS]	0	430.867	-219.276	0	56.875	0	0	0	0	
1	[SLPS]	0	430.867	-219.276	0	56.875	0	0	0	0	
1	[SLPS]	0	431.211	-219.039	0	56.832	0	0	0	0	
1	[SLPS]	0	431.211	-219.039	0	56.832	0	0	0	0	
1	[SLPS]	0	431.381	-218.927	0	56.828	0	0	0	0	
1	[SLPS]	0	431.549	-218.809	0	56.824	0	0	0	0	
1	[SLPS]	0	431.549	-218.809	0	56.824	0	0	0	0	
1	[SLPS]	0	431.890	-218.579	0	56.853	0	0	0	0	
1	[SLPS]	0	431.890	-218.579	0	56.853	0	0	0	0	
1	[SLPS]	0	432.065	-218.481	0	56.899	0	0	0	0	
1	[SLPS]	0	432.235	-218.372	0	56.928	0	0	0	0	
1	[SLPS]	0	432.235	-218.372	0	56.928	0	0	0	0	
1	[SLPS]	0	432.584	-218.161	0	56.985	0	0	0	0	
1	[SLPS]	0	432.584	-218.161	0	56.985	0	0	0	0	
1	[SLPS]	0	432.754	-218.048	0	56.999	0	0	0	0	
1	[SLPS]	0	432.925	-217.938	0	57.020	0	0	0	0	
1	[SLPS]	0	432.925	-217.938	0	57.020	0	0	0	0	
1	[SLPS]	0	433.269	-217.721	0	57.078	0	0	0	0	
1	[SLPS]	0	433.269	-217.721	0	57.078	0	0	0	0	
1	[SLPS]	0	433.439	-217.606	0	57.090	0	0	0	0	
1	[SLPS]	0	433.612	-217.497	0	57.109	0	0	0	0	
1	[SLPS]	0	433.612	-217.497	0	57.109	0	0	0	0	
1	[SLPS]	0	433.958	-217.284	0	57.155	0	0	0	0	
1	[SLPS]	0	433.958	-217.284	0	57.155	0	0	0	0	
1	[SLPS]	0	434.132	-217.174	0	57.177	0	0	0	0	
1	[SLPS]	0	434.308	-217.071	0	57.204	0	0	0	0	
1	[SLPS]	0	434.308	-217.071	0	57.204	0	0	0	0	
1	[SLPS]	0	434.644	-216.852	0	57.227	0	0	0	0	
1	[SLPS]	0	434.644	-216.852	0	57.227	0	0	0	0	
1	[SLPS]	0	434.818	-216.737	0	57.240	0	0	0	0	
1	[SLPS]	0	434.990	-216.628	0	57.263	0	0	0	0	
1	[SLPS]	0	434.990	-216.628	0	57.263	0	0	0	0	
1	[SLPS]	0	435.327	-216.410	0	57.307	0	0	0	0	
1	[SLPS]	0	435.327	-216.410	0	57.307	0	0	0	0	
1	[SLPS]	0	435.500	-216.300	0	57.326	0	0	0	0	
1	[SLPS]	0	435.671	-216.189	0	57.340	0	0	0	0	
1	[SLPS]	0	435.671	-216.189	0	57.340	0	0	0	0	
1	[SLPS]	0	436.006	-215.974	0	57.374	0	0	0	0	
1	[SLPS]	0	436.006	-215.974	0	57.374	0	0	0	0	
1	[SLPS]	0	436.173	-215.863	0	57.390	0	0	0	0	
1	[SLPS]	0	436.343	-215.762	0	57.424	0	0	0	0	
1	[SLPS]	0	436.515	-215.659	0	57.462	0	0	0	0	
1	[SLPS]	0	436.685	-215.554	0	57.495	0	0	0	0	
1	[SLPS]	0	436.685	-215.554	0	57.495	0	0	0	0	
1	[SLPS]	0	437.013	-215.329	0	57.553	0	0	0	0	
1	[SLPS]	0	437.013	-215.329	0	57.553	0	0	0	0	
1	[SLPS]	0	437.179	-215.223	0	57.589	0	0	0	0	
1	[SLPS]	0	437.348	-215.119	0	57.628	0	0	0	0	
1	[SLPS]	0	437.348	-215.119	0	57.628	0	0	0	0	
1	[SLPS]	0	437.684	-214.902	0	57.700	0	0	0	0	
1	[SLPS]	0	437.684	-214.902	0	57.700	0	0	0	0	
1	[SLPS]	0	437.853	-214.795	0	57.733	0	0	0	0	
1	[SLPS]	0	438.031	-214.692	0	57.774	0	0	0	0	
1	[SLPS]	0	438.031	-214.692	0	57.774	0	0	0	0	
1	[SLPS]	0	438.365	-214.475	0	57.840	0	0	0	0	
1	[SLPS]	0	438.365	-214.475	0	57.840	0	0	0	0	
1	[SLPS]	0	438.544	-214.366	0	57.878	0	0	0	0	
1	[SLPS]	0	438.716	-214.259	0	57.912	0	0	0	0	
1	[SLPS]	0	438.716	-214.259	0	57.912	0	0	0	0	
1	[SLPS]	0	439.047	-214.047	0	57.971	0	0	0	0	
1	[SLPS]	0	439.047	-214.047	0	57.971	0	0	0	0	
1	[SLPS]	0	439.220	-213.937	0	58.002	0	0	0	0	
1	[SLPS]	0	439.384	-213.829	0	58.030	0	0	0	0	
1	[SLPS]	0	439.384	-213.829	0	58.030	0	0	0	0	
1	[SLPS]	0	439.732	-213.608	0	58.096	0	0	0	0	
1	[SLPS]	0	439.732	-213.608	0	58.096	0	0	0	0	
1	[SLPS]	0	439.906	-213.504	0	58.131	0	0	0	0	
1	[SLPS]	0	440.076	-213.403	0	58.158	0	0	0	0	
1	[SLPS]	0	440.076	-213.403	0	58.158	0	0	0	0	
1	[SLPS]	0	440.432	-213.185	0	58.196	0	0	0	0	
1	[SLPS]	0	440.432	-213.185	0	58.196	0	0	0	0	
1	[SLPS]	0	440.607	-213.081	0	58.216	0	0	0	0	
1	[SLPS]	0	440.781	-212.970	0	58.228	0	0	0	0	
1	[SLPS]	0	440.781	-212.970	0	58.228	0	0	0	0	
1	[SLPS]	0	441.128	-212.749	0	58.253	0	0	0	0	
1	[SLPS]	0	441.128	-212.749	0	58.253	0	0	0	0	
1	[SLPS]	0	441.296	-212.632	0	58.257	0	0	0	0	
1	[SLPS]	0	441.471	-212.529	0	58.285	0	0	0	0	
1	[SLPS]	0	441.471	-212.529	0	58.285	0	0	0	0	
1	[SLPS]	0	441.831	-212.323	0	58.343	0	0	0	0	
1	[SLPS]	0	441.831	-212.323	0	58.343	0	0	0	0	
1	[SLPS]	0	442.005	-212.206	0	58.355	0	0	0	0	
1	[SLPS]	0	442.182	-212.098	0	58.376	0	0	0	0	
1	[SLPS]	0	442.182	-212.098	0	58.376	0	0	0	0	
1	[SLPS]	0	442.535	-211.891	0	58.420	0	0	0	0	
1	[SLPS]	0	442.535	-211.891	0	58.420	0	0	0	0	
1	[SLPS]	0	442.716	-211.786	0	58.446	0	0	0	0	
1	[SLPS]	0	442.893	-211.681	0	58.474	0	0	0	0	
1	[SLPS]	0	442.893	-211.681	0	58.474	0	0	0	0	
1	[SLPS]	0	443.246	-211.459	0	58.535	0	0	0	0	
1	[SLPS]	0	443.246	-211.459	0	58.535	0	0	0	0	
1	[SLPS]	0	443.425	-211.353	0	58.576	0	0	0	0	
1	[SLPS]	0	443.604	-211.245	0	58.608	0	0	0	0	
1	[SLPS]	0	443.604	-211.245	0	58.608	0	0	0	0	
1	[SLPS]	0	443.964	-211.022	0	58.666	0	0	0	0	
1	[SLPS]	0	443.964	-211.022	0	58.666	0	0	0	0	
1	[SLPS]	0	444.140	-210.914	0	58.695	0	0	0	0	
1	[SLPS]	0	444.320	-210.805	0	58.733	0	0	0	0	
1	[SLPS]	0	444.320	-210.805	0	58.733	0	0	0	0	
1	[SLPS]	0	444.688	-210.578	0	58.793	0	0	0	0	
1	[SLPS]	0	444.688	-210.578	0	58.793	0	0	0	0	
1	[SLPS]	0	444.882	-210.479	0	58.849	0	0	0	0	
1	[SLPS]	0	445.063	-210.368	0	58.870	0	0	0	0	
1	[SLPS]	0	445.063	-210.368	0	58.870	0	0	0	0	
1	[SLPS]	0	445.435	-210.151	0	58.937	0	0	0	0	
1	[SLPS]	0	445.435	-210.151	0	58.937	0	0	0	0	
1	[SLPS]	0	445.628	-210.043	0	58.980	0	0	0	0	
1	[SLPS]	0	445.816	-209.935	0	59.018	0	0	0	0	
1	[SLPS]	0	445.990	-209.820	0	59.046	0	0	0	0	
1	[SLPS]	0	446.184	-209.714	0	59.097	0	0	0	0	
1	[SLPS]	0	446.184	-209.714	0	59.097	0	0	0	0	
1	[SLPS]	0	446.552	-209.488	0	59.150	0	0	0	0	
1	[SLPS]	0	446.552	-209.488	0	59.150	0	0	0	0	
1	[SLPS]	0	446.734	-209.371	0	59.174	0	0	0	0	
1	[SLPS]	0	446.918	-209.264	0	59.213	0	0	0	0	
1	[SLPS]	0	446.918	-209.264	0	59.213	0	0	0	0	
1	[SLPS]	0	447.291	-209.039	0	59.272	0	0	0	0	
1	[SLPS]	0	447.291	-209.039	0	59.272	0	0	0	0	
1	[SLPS]	0	447.480	-208.931	0	59.297	0	0	0	0	
1	[SLPS]	0	447.674	-208.820	0	59.306	0	0	0	0	
1	[SLPS]	0	447.674	-208.820	0	59.306	0	0	0	0	
1	[SLPS]	0	448.046	-208.596	0	59.318	0	0	0	0	
1	[SLPS]	0	448.046	-208.596	0	59.318	0	0	0	0	
1	[SLPS]	0	448.236	-208.489	0	59.336	0	0	0	0	
1	[SLPS]	0	448.414	-208.367	0	59.325	0	0	0	0	
1	[SLPS]	0	448.414	-208.367	0	59.325	0	0	0	0	
1	[SLPS]	0	448.793	-208.148	0	59.351	0	0	0	0	
1	[SLPS]	0	448.793	-208.148	0	59.351	0	0	0	0	
1	[SLPS]	0	448.982	-208.028	0	59.347	0	0	0	0	
1	[SLPS]	0	449.172	-207.908	0	59.347	0	0	0	0	
1	[SLPS]	0	449.172	-207.908	0	59.347	0	0	0	0	
1	[SLPS]	0	449.556	-207.685	0	59.376	0	0	0	0	
1	[SLPS]	0	449.556	-207.685	0	59.376	0	0	0	0	
1	[SLPS]	0	449.746	-207.576	0	59.394	0	0	0	0	
1	[SLPS]	0	449.941	-207.464	0	59.404	0	0	0	0	
1	[SLPS]	0	449.941	-207.464	0	59.404	0	0	0	0	
1	[SLPS]	0	450.324	-207.235	0	59.401	0	0	0	0	
1	[SLPS]	0	450.324	-207.235	0	59.401	0	0	0	0	
1	[SLPS]	0	450.510	-207.122	0	59.400	0	0	0	0	
1	[SLPS]	0	450.706	-207.011	0	59.412	0	0	0	0	
1	[SLPS]	0	450.706	-207.011	0	59.412	0	0	0	0	
1	[SLPS]	0	451.089	-206.780	0	59.419	0	0	0	0	
1	[SLPS]	0	451.089	-206.780	0	59.419	0	0	0	0	
1	[SLPS]	0	451.280	-206.660	0	59.422	0	0	0	0	
1	[SLPS]	0	451.476	-206.545	0	59.429	0	0	0	0	
1	[SLPS]	0	451.670	-206.425	0	59.432	0	0	0	0	
1	[SLPS]	0	451.863	-206.312	0	59.448	0	0	0	0	
1	[SLPS]	0	451.863	-206.312	0	59.448	0	0	0	0	
1	[SLPS]	0	452.261	-206.077	0	59.462	0	0	0	0	
1	[SLPS]	0	452.261	-206.077	0	59.462	0	0	0	0	
1	[SLPS]	0	452.457	-205.955	0	59.460	0	0	0	0	
1	[SLPS]	0	452.649	-205.837	0	59.457	0	0	0	0	
1	[SLPS]	0	452.649	-205.837	0	59.457	0	0	0	0	
1	[SLPS]	0	453.055	-205.606	0	59.496	0	0	0	0	
1	[SLPS]	0	453.055	-205.606	0	59.496	0	0	0	0	
1	[SLPS]	0	453.257	-205.486	0	59.507	0	0	0	0	
1	[SLPS]	0	453.457	-205.369	0	59.514	0	0	0	0	
1	[SLPS]	0	453.457	-205.369	0	59.514	0	0	0	0	
1	[SLPS]	0	453.861	-205.142	0	59.528	0	0	0	0	
1	[SLPS]	0	453.861	-205.142	0	59.528	0	0	0	0	
1	[SLPS]	0	454.058	-205.024	0	59.526	0	0	0	0	
1	[SLPS]	0	454.254	-204.908	0	59.523	0	0	0	0	
1	[SLPS]	0	454.254	-204.908	0	59.523	0	0	0	0	
1	[SLPS]	0	454.657	-204.679	0	59.545	0	0	0	0	
1	[SLPS]	0	454.657	-204.679	0	59.545	0	0	0	0	
1	[SLPS]	0	454.854	-204.558	0	59.548	0	0	0	0	
1	[SLPS]	0	455.050	-204.440	0	59.555	0	0	0	0	
1	[SLPS]	0	455.050	-204.440	0	59.555	0	0	0	0	
1	[SLPS]	0	455.457	-204.216	0	59.591	0	0	0	0	
1	[SLPS]	0	455.457	-204.216	0	59.591	0	0	0	0	
1	[SLPS]	0	455.647	-204.089	0	59.580	0	0	0	0	
1	[SLPS]	0	455.848	-203.974	0	59.593	0	0	0	0	
1	[SLPS]	0	455.848	-203.974	0	59.593	0	0	0	0	
1	[SLPS]	0	456.238	-203.733	0	59.595	0	0	0	0	
1	[SLPS]	0	456.238	-203.733	0	59.595	0	0	0	0	
1	[SLPS]	0	456.440	-203.616	0	59.609	0	0	0	0	
1	[SLPS]	0	456.638	-203.499	0	59.623	0	0	0	0	
1	[SLPS]	0	456.843	-203.395	0	59.656	0	0	0	0	
1	[SLPS]	0	457.042	-203.280	0	59.662	0	0	0	0	
1	[SLPS]	0	457.042	-203.280	0	59.662	0	0	0	0	
1	[SLPS]	0	457.245	-203.159	0	59.664	0	0	0	0	
1	[SLPS]	0	457.445	-203.043	0	59.663	0	0	0	0	
1	[SLPS]	0	457.645	-202.931	0	59.672	0	0	0	0	
1	[SLPS]	0	457.839	-202.812	0	59.677	0	0	0	0	
1	[SLPS]	0	457.839	-202.812	0	59.677	0	0	0	0	
1	[SLPS]	0	458.237	-202.569	0	59.681	0	0	0	0	
1	[SLPS]	0	458.237	-202.569	0	59.681	0	0	0	0	
1	[SLPS]	0	458.441	-202.456	0	59.697	0	0	0	0	
1	[SLPS]	0	458.644	-202.346	0	59.715	0	0	0	0	
1	[SLPS]	0	458.644	-202.346	0	59.715	0	0	0	0	
1	[SLPS]	0	459.040	-202.113	0	59.725	0	0	0	0	
1	[SLPS]	0	459.040	-202.113	0	59.725	0	0	0	0	
1	[SLPS]	0	459.257	-202.005	0	59.748	0	0	0	0	
1	[SLPS]	0	459.442	-201.881	0	59.729	0	0	0	0	
1	[SLPS]	0	459.442	-201.881	0	59.729	0	0	0	0	
1	[SLPS]	0	459.839	-201.654	0	59.748	0	0	0	0	
1	[SLPS]	0	459.839	-201.654	0	59.748	0	0	0	0	
1	[SLPS]	0	460.037	-201.528	0	59.738	0	0	0	0	
1	[SLPS]	0	460.228	-201.413	0	59.746	0	0	0	0	
1	[SLPS]	0	460.228	-201.413	0	59.746	0	0	0	0	
1	[SLPS]	0	460.641	-201.190	0	59.789	0	0	0	0	
1	[SLPS]	0	460.641	-201.190	0	59.789	0	0	0	0	
1	[SLPS]	0	460.840	-201.073	0	59.797	0	0	0	0	
1	[SLPS]	0	461.046	-200.964	0	59.817	0	0	0	0	
1	[SLPS]	0	461.046	-200.964	0	59.817	0	0	0	0	
1	[SLPS]	0	461.450	-200.728	0	59.815	0	0	0	0	
1	[SLPS]	0	461.450	-200.728	0	59.815	0	0	0	0	
1	[SLPS]	0	461.638	-200.615	0	59.819	0	0	0	0	
1	[SLPS]	0	461.837	-200.498	0	59.824	0	0	0	0	
1	[SLPS]	0	461.837	-200.498	0	59.824	0	0	0	0	
1	[SLPS]	0	462.230	-200.258	0	59.821	0	0	0	0	
1	[SLPS]	0	462.230	-200.258	0	59.821	0	0	0	0	
1	[SLPS]	0	462.431	-200.146	0	59.839	0	0	0	0	
1	[SLPS]	0	462.632	-200.032	0	59.856	0	0	0	0	
1	[SLPS]	0	462.632	-200.032	0	59.856	0	0	0	0	
1	[SLPS]	0	463.026	-199.798	0	59.868	0	0	0	0	
1	[SLPS]	0	463.026	-199.798	0	59.868	0	0	0	0	
1	[SLPS]	0	463.225	-199.690	0	59.881	0	0	0	0	
1	[SLPS]	0	463.428	-199.575	0	59.892	0	0	0	0	
1	[SLPS]	0	463.428	-199.575	0	59.892	0	0	0	0	
1	[SLPS]	0	463.827	-199.342	0	59.909	0	0	0	0	
1	[SLPS]	0	463.827	-199.342	0	59.909	0	0	0	0	
1	[SLPS]	0	464.022	-199.220	0	59.910	0	0	0	0	
1	[SLPS]	0	464.226	-199.104	0	59.926	0	0	0	0	
1	[SLPS]	0	464.226	-199.104	0	59.926	0	0	0	0	
1	[SLPS]	0	464.621	-198.870	0	59.932	0	0	0	0	
1	[SLPS]	0	464.621	-198.870	0	59.932	0	0	0	0	
1	[SLPS]	0	464.824	-198.752	0	59.936	0	0	0	0	
1	[SLPS]	0	465.022	-198.639	0	59.939	0	0	0	0	
1	[SLPS]	0	465.022	-198.639	0	59.939	0	0	0	0	
1	[SLPS]	0	465.421	-198.407	0	59.947	0	0	0	0	
1	[SLPS]	0	465.421	-198.407	0	59.947	0	0	0	0	
1	[SLPS]	0	465.615	-198.300	0	59.944	0	0	0	0	
1	[SLPS]	0	465.816	-198.181	0	59.931	0	0	0	0	
1	[SLPS]	0	465.816	-198.181	0	59.931	0	0	0	0	
1	[SLPS]	0	466.214	-197.958	0	59.917	0	0	0	0	
1	[SLPS]	0	466.214	-197.958	0	59.917	0	0	0	0	
1	[SLPS]	0	466.414	-197.845	0	59.910	0	0	0	0	
1	[SLPS]	0	466.612	-197.729	0	59.899	0	0	0	0	
1	[SLPS]	0	466.810	-197.616	0	59.884	0	0	0	0	
1	[SLPS]	0	467.008	-197.503	0	59.866	0	0	0	0	
1	[SLPS]	0	467.008	-197.503	0	59.866	0	0	0	0	
1	[SLPS]	0	467.399	-197.263	0	59.828	0	0	0	0	
1	[SLPS]	0	467.399	-197.263	0	59.828	0	0	0	0	
1	[SLPS]	0	467.592	-197.145	0	59.810	0	0	0	0	
1	[SLPS]	0	467.789	-197.031	0	59.796	0	0	0	0	
1	[SLPS]	0	467.789	-197.031	0	59.796	0	0	0	0	
1	[SLPS]	0	468.194	-196.806	0	59.765	0	0	0	0	
1	[SLPS]	0	468.194	-196.806	0	59.765	0	0	0	0	
1	[SLPS]	0	468.393	-196.679	0	59.724	0	0	0	0	
1	[SLPS]	0	468.598	-196.571	0	59.712	0	0	0	0	
1	[SLPS]	0	468.598	-196.571	0	59.712	0	0	0	0	
1	[SLPS]	0	469.001	-196.337	0	59.654	0	0	0	0	
1	[SLPS]	0	469.001	-196.337	0	59.654	0	0	0	0	
1	[SLPS]	0	469.194	-196.220	0	59.623	0	0	0	0	
1	[SLPS]	0	469.393	-196.103	0	59.601	0	0	0	0	
1	[SLPS]	0	469.393	-196.103	0	59.601	0	0	0	0	
1	[SLPS]	0	469.587	-195.992	0	59.583	0	0	0	0	
1	[SLPS]	0	469.784	-195.872	0	59.557	0	0	0	0	
1	[SLPS]	0	469.982	-195.752	0	59.533	0	0	0	0	
1	[SLPS]	0	470.180	-195.635	0	59.511	0	0	0	0	
1	[SLPS]	0	470.180	-195.635	0	59.511	0	0	0	0	
1	[SLPS]	0	470.571	-195.408	0	59.489	0	0	0	0	
1	[SLPS]	0	470.571	-195.408	0	59.489	0	0	0	0	
1	[SLPS]	0	470.770	-195.289	0	59.467	0	0	0	0	
1	[SLPS]	0	470.964	-195.173	0	59.444	0	0	0	0	
1	[SLPS]	0	470.964	-195.173	0	59.444	0	0	0	0	
1	[SLPS]	0	471.365	-194.946	0	59.420	0	0	0	0	
1	[SLPS]	0	471.365	-194.946	0	59.420	0	0	0	0	
1	[SLPS]	0	471.562	-194.828	0	59.397	0	0	0	0	
1	[SLPS]	0	471.753	-194.706	0	59.362	0	0	0	0	
1	[SLPS]	0	471.753	-194.706	0	59.362	0	0	0	0	
1	[SLPS]	0	472.150	-194.472	0	59.301	0	0	0	0	
1	[SLPS]	0	472.150	-194.472	0	59.301	0	0	0	0	
1	[SLPS]	0	472.349	-194.350	0	59.264	0	0	0	0	
1	[SLPS]	0	472.544	-194.239	0	59.242	0	0	0	0	
1	[SLPS]	0	472.544	-194.239	0	59.242	0	0	0	0	
1	[SLPS]	0	472.949	-194.002	0	59.166	0	0	0	0	
1	[SLPS]	0	472.949	-194.002	0	59.166	0	0	0	0	
1	[SLPS]	0	473.141	-193.880	0	59.114	0	0	0	0	
1	[SLPS]	0	473.338	-193.762	0	59.068	0	0	0	0	
1	[SLPS]	0	473.338	-193.762	0	59.068	0	0	0	0	
1	[SLPS]	0	473.733	-193.523	0	58.992	0	0	0	0	
1	[SLPS]	0	473.733	-193.523	0	58.992	0	0	0	0	
1	[SLPS]	0	473.937	-193.406	0	58.959	0	0	0	0	
1	[SLPS]	0	474.134	-193.290	0	58.917	0	0	0	0	
1	[SLPS]	0	474.134	-193.290	0	58.917	0	0	0	0	
1	[SLPS]	0	474.528	-193.042	0	58.816	0	0	0	0	
1	[SLPS]	0	474.528	-193.042	0	58.816	0	0	0	0	
1	[SLPS]	0	474.724	-192.927	0	58.778	0	0	0	0	
1	[SLPS]	0	474.920	-192.806	0	58.735	0	0	0	0	
1	[SLPS]	0	474.920	-192.806	0	58.735	0	0	0	0	
1	[SLPS]	0	475.309	-192.564	0	58.641	0	0	0	0	
1	[SLPS]	0	475.309	-192.564	0	58.641	0	0	0	0	
1	[SLPS]	0	475.512	-192.446	0	58.609	0	0	0	0	
1	[SLPS]	0	475.708	-192.325	0	58.562	0	0	0	0	
1	[SLPS]	0	475.708	-192.325	0	58.562	0	0	0	0	
1	[SLPS]	0	476.094	-192.101	0	58.487	0	0	0	0	
1	[SLPS]	0	476.094	-192.101	0	58.487	0	0	0	0	
1	[SLPS]	0	476.293	-191.981	0	58.443	0	0	0	0	
1	[SLPS]	0	476.485	-191.855	0	58.384	0	0	0	0	
1	[SLPS]	0	476.681	-191.732	0	58.335	0	0	0	0	
1	[SLPS]	0	476.876	-191.607	0	58.285	0	0	0	0	
1	[SLPS]	0	476.876	-191.607	0	58.285	0	0	0	0	
1	[SLPS]	0	477.070	-191.481	0	58.235	0	0	0	0	
1	[SLPS]	0	477.264	-191.359	0	58.194	0	0	0	0	
1	[SLPS]	0	477.455	-191.236	0	58.150	0	0	0	0	
1	[SLPS]	0	477.642	-191.110	0	58.099	0	0	0	0	
1	[SLPS]	0	477.642	-191.110	0	58.099	0	0	0	0	
1	[SLPS]	0	477.850	-190.992	0	58.068	0	0	0	0	
1	[SLPS]	0	478.045	-190.870	0	58.018	0	0	0	0	
1	[SLPS]	0	478.237	-190.744	0	57.972	0	0	0	0	
1	[SLPS]	0	478.433	-190.610	0	57.914	0	0	0	0	
1	[SLPS]	0	478.433	-190.610	0	57.914	0	0	0	0	
1	[SLPS]	0	478.628	-190.485	0	57.856	0	0	0	0	
1	[SLPS]	0	478.823	-190.361	0	57.788	0	0	0	0	
1	[SLPS]	0	479.007	-190.222	0	57.719	0	0	0	0	
1	[SLPS]	0	479.204	-190.100	0	57.652	0	0	0	0	
1	[SLPS]	0	479.204	-190.100	0	57.652	0	0	0	0	
1	[SLPS]	0	479.595	-189.847	0	57.503	0	0	0	0	
1	[SLPS]	0	479.595	-189.847	0	57.503	0	0	0	0	
1	[SLPS]	0	479.794	-189.723	0	57.420	0	0	0	0	
1	[SLPS]	0	479.981	-189.598	0	57.332	0	0	0	0	
1	[SLPS]	0	479.981	-189.598	0	57.332	0	0	0	0	
1	[SLPS]	0	480.379	-189.353	0	57.147	0	0	0	0	
1	[SLPS]	0	480.379	-189.353	0	57.147	0	0	0	0	
1	[SLPS]	0	480.572	-189.226	0	57.049	0	0	0	0	
1	[SLPS]	0	480.775	-189.103	0	56.940	0	0	0	0	
1	[SLPS]	0	480.775	-189.103	0	56.940	0	0	0	0	
1	[SLPS]	0	481.160	-188.847	0	56.718	0	0	0	0	
1	[SLPS]	0	481.160	-188.847	0	56.718	0	0	0	0	
1	[SLPS]	0	481.359	-188.727	0	56.606	0	0	0	0	
1	[SLPS]	0	481.554	-188.598	0	56.496	0	0	0	0	
1	[SLPS]	0	481.554	-188.598	0	56.496	0	0	0	0	
1	[SLPS]	0	481.936	-188.340	0	56.258	0	0	0	0	
1	[SLPS]	0	481.936	-188.340	0	56.258	0	0	0	0	
1	[SLPS]	0	482.130	-188.209	0	56.140	0	0	0	0	
1	[SLPS]	0	482.321	-188.077	0	56.029	0	0	0	0	
1	[SLPS]	0	482.321	-188.077	0	56.029	0	0	0	0	
1	[SLPS]	0	482.701	-187.817	0	55.818	0	0	0	0	
1	[SLPS]	0	482.701	-187.817	0	55.818	0	0	0	0	
1	[SLPS]	0	482.894	-187.686	0	55.713	0	0	0	0	
1	[SLPS]	0	483.085	-187.552	0	55.606	0	0	0	0	
1	[SLPS]	0	483.274	-187.421	0	55.501	0	0	0	0	
1	[SLPS]	0	483.463	-187.290	0	55.397	0	0	0	0	
1	[SLPS]	0	483.463	-187.290	0	55.397	0	0	0	0	
1	[SLPS]	0	483.838	-187.023	0	55.201	0	0	0	0	
1	[SLPS]	0	483.838	-187.023	0	55.201	0	0	0	0	
1	[SLPS]	0	484.032	-186.890	0	55.113	0	0	0	0	
1	[SLPS]	0	484.211	-186.760	0	55.031	0	0	0	0	
1	[SLPS]	0	484.211	-186.760	0	55.031	0	0	0	0	
1	[SLPS]	0	484.403	-186.625	0	54.960	0	0	0	0	
1	[SLPS]	0	484.590	-186.489	0	54.883	0	0	0	0	
1	[SLPS]	0	484.784	-186.353	0	54.806	0	0	0	0	
1	[SLPS]	0	484.969	-186.221	0	54.731	0	0	0	0	
1	[SLPS]	0	484.969	-186.221	0	54.731	0	0	0	0	
1	[SLPS]	0	485.159	-186.088	0	54.668	0	0	0	0	
1	[SLPS]	0	485.347	-185.952	0	54.616	0	0	0	0	
1	[SLPS]	0	485.538	-185.817	0	54.573	0	0	0	0	
1	[SLPS]	0	485.726	-185.687	0	54.538	0	0	0	0	
1	[SLPS]	0	485.726	-185.687	0	54.538	0	0	0	0	
1	[SLPS]	0	486.104	-185.417	0	54.452	0	0	0	0	
1	[SLPS]	0	486.104	-185.417	0	54.452	0	0	0	0	
1	[SLPS]	0	486.294	-185.280	0	54.408	0	0	0	0	
1	[SLPS]	0	486.488	-185.148	0	54.374	0	0	0	0	
1	[SLPS]	0	486.488	-185.148	0	54.374	0	0	0	0	
1	[SLPS]	0	486.865	-184.874	0	54.289	0	0	0	0	
1	[SLPS]	0	486.865	-184.874	0	54.289	0	0	0	0	
1	[SLPS]	0	487.056	-184.736	0	54.239	0	0	0	0	
1	[SLPS]	0	487.242	-184.602	0	54.199	0	0	0	0	
1	[SLPS]	0	487.242	-184.602	0	54.199	0	0	0	0	
1	[SLPS]	0	487.614	-184.325	0	54.120	0	0	0	0	
1	[SLPS]	0	487.614	-184.325	0	54.120	0	0	0	0	
1	[SLPS]	0	487.798	-184.184	0	54.077	0	0	0	0	
1	[SLPS]	0	487.986	-184.051	0	54.046	0	0	0	0	
1	[SLPS]	0	488.181	-183.919	0	54.019	0	0	0	0	
1	[SLPS]	0	488.367	-183.778	0	53.974	0	0	0	0	
1	[SLPS]	0	488.367	-183.778	0	53.974	0	0	0	0	
1	[SLPS]	0	488.744	-183.502	0	53.895	0	0	0	0	
1	[SLPS]	0	488.744	-183.502	0	53.895	0	0	0	0	
1	[SLPS]	0	488.922	-183.364	0	53.840	0	0	0	0	
1	[SLPS]	0	489.114	-183.229	0	53.808	0	0	0	0	
1	[SLPS]	0	489.114	-183.229	0	53.808	0	0	0	0	
1	[SLPS]	0	489.485	-182.952	0	53.726	0	0	0	0	
1	[SLPS]	0	489.485	-182.952	0	53.726	0	0	0	0	
1	[SLPS]	0	489.669	-182.812	0	53.681	0	0	0	0	
1	[SLPS]	0	489.861	-182.676	0	53.654	0	0	0	0	
1	[SLPS]	0	489.861	-182.676	0	53.654	0	0	0	0	
1	[SLPS]	0	490.234	-182.398	0	53.601	0	0	0	0	
1	[SLPS]	0	490.234	-182.398	0	53.601	0	0	0	0	
1	[SLPS]	0	490.424	-182.269	0	53.606	0	0	0	0	
1	[SLPS]	0	490.612	-182.129	0	53.598	0	0	0	0	
1	[SLPS]	0	490.612	-182.129	0	53.598	0	0	0	0	
1	[SLPS]	0	490.794	-181.980	0	53.582	0	0	0	0	
1	[SLPS]	0	490.980	-181.843	0	53.586	0	0	0	0	
1	[SLPS]	0	491.172	-181.714	0	53.603	0	0	0	0	
1	[SLPS]	0	491.361	-181.577	0	53.601	0	0	0	0	
1	[SLPS]	0	491.361	-181.577	0	53.601	0	0	0	0	
1	[SLPS]	0	491.547	-181.437	0	53.592	0	0	0	0	
1	[SLPS]	0	491.739	-181.300	0	53.597	0	0	0	0	
1	[SLPS]	0	491.934	-181.167	0	53.610	0	0	0	0	
1	[SLPS]	0	492.124	-181.030	0	53.612	0	0	0	0	
1	[SLPS]	0	492.124	-181.030	0	53.612	0	0	0	0	
1	[SLPS]	0	492.494	-180.754	0	53.604	0	0	0	0	
1	[SLPS]	0	492.494	-180.754	0	53.604	0	0	0	0	
1	[SLPS]	0	492.689	-180.617	0	53.619	0	0	0	0	
1	[SLPS]	0	492.873	-180.480	0	53.619	0	0	0	0	
1	[SLPS]	0	492.873	-180.480	0	53.619	0	0	0	0	
1	[SLPS]	0	493.249	-180.203	0	53.611	0	0	0	0	
1	[SLPS]	0	493.249	-180.203	0	53.611	0	0	0	0	
1	[SLPS]	0	493.433	-180.062	0	53.598	0	0	0	0	
1	[SLPS]	0	493.625	-179.924	0	53.594	0	0	0	0	
1	[SLPS]	0	493.625	-179.924	0	53.594	0	0	0	0	
1	[SLPS]	0	493.996	-179.648	0	53.591	0	0	0	0	
1	[SLPS]	0	493.996	-179.648	0	53.591	0	0	0	0	
1	[SLPS]	0	494.179	-179.507	0	53.582	0	0	0	0	
1	[SLPS]	0	494.364	-179.367	0	53.575	0	0	0	0	
1	[SLPS]	0	494.552	-179.231	0	53.576	0	0	0	0	
1	[SLPS]	0	494.738	-179.093	0	53.573	0	0	0	0	
1	[SLPS]	0	494.738	-179.093	0	53.573	0	0	0	0	
1	[SLPS]	0	494.925	-178.956	0	53.576	0	0	0	0	
1	[SLPS]	0	495.115	-178.820	0	53.580	0	0	0	0	
1	[SLPS]	0	495.115	-178.820	0	53.580	0	0	0	0	
1	[SLPS]	0	495.489	-178.541	0	53.555	0	0	0	0	
1	[SLPS]	0	495.489	-178.541	0	53.555	0	0	0	0	
1	[SLPS]	0	495.659	-178.400	0	53.529	0	0	0	0	
1	[SLPS]	0	495.843	-178.256	0	53.516	0	0	0	0	
1	[SLPS]	0	496.031	-178.119	0	53.518	0	0	0	0	
1	[SLPS]	0	496.216	-177.980	0	53.514	0	0	0	0	
1	[SLPS]	0	496.216	-177.980	0	53.514	0	0	0	0	
1	[SLPS]	0	496.588	-177.706	0	53.517	0	0	0	0	
1	[SLPS]	0	496.588	-177.706	0	53.517	0	0	0	0	
1	[SLPS]	0	496.784	-177.564	0	53.517	0	0	0	0	
1	[SLPS]	0	496.969	-177.432	0	53.520	0	0	0	0	
1	[SLPS]	0	496.969	-177.432	0	53.520	0	0	0	0	
1	[SLPS]	0	497.161	-177.300	0	53.525	0	0	0	0	
1	[SLPS]	0	497.346	-177.156	0	53.514	0	0	0	0	
1	[SLPS]	0	497.533	-177.015	0	53.510	0	0	0	0	
1	[SLPS]	0	497.719	-176.877	0	53.515	0	0	0	0	
1	[SLPS]	0	497.719	-176.877	0	53.515	0	0	0	0	
1	[SLPS]	0	498.090	-176.605	0	53.544	0	0	0	0	
1	[SLPS]	0	498.090	-176.605	0	53.544	0	0	0	0	
1	[SLPS]	0	498.279	-176.464	0	53.559	0	0	0	0	
1	[SLPS]	0	498.470	-176.339	0	53.595	0	0	0	0	
1	[SLPS]	0	498.470	-176.339	0	53.595	0	0	0	0	
1	[SLPS]	0	498.853	-176.061	0	53.622	0	0	0	0	
1	[SLPS]	0	498.853	-176.061	0	53.622	0	0	0	0	
1	[SLPS]	0	499.042	-175.923	0	53.632	0	0	0	0	
1	[SLPS]	0	499.224	-175.793	0	53.649	0	0	0	0	
1	[SLPS]	0	499.224	-175.793	0	53.649	0	0	0	0	
1	[SLPS]	0	499.604	-175.518	0	53.690	0	0	0	0	
1	[SLPS]	0	499.604	-175.518	0	53.690	0	0	0	0	
1	[SLPS]	0	499.793	-175.370	0	53.697	0	0	0	0	
1	[SLPS]	0	499.981	-175.232	0	53.709	0	0	0	0	
1	[SLPS]	0	499.981	-175.232	0	53.709	0	0	0	0	
1	[SLPS]	0	500.351	-174.967	0	53.745	0	0	0	0	
1	[SLPS]	0	500.351	-174.967	0	53.745	0	0	0	0	
1	[SLPS]	0	500.544	-174.826	0	53.758	0	0	0	0	
1	[SLPS]	0	500.733	-174.686	0	53.768	0	0	0	0	
1	[SLPS]	0	500.733	-174.686	0	53.768	0	0	0	0	
1	[SLPS]	0	501.109	-174.411	0	53.811	0	0	0	0	
1	[SLPS]	0	501.109	-174.411	0	53.811	0	0	0	0	
1	[SLPS]	0	501.488	-174.135	0	53.882	0	0	0	0	
1	[SLPS]	0	501.488	-174.135	0	53.882	0	0	0	0	
1	[SLPS]	0	501.679	-173.993	0	53.917	0	0	0	0	
1	[SLPS]	0	501.867	-173.853	0	53.950	0	0	0	0	
1	[SLPS]	0	501.867	-173.853	0	53.950	0	0	0	0	
1	[SLPS]	0	502.244	-173.583	0	54.028	0	0	0	0	
1	[SLPS]	0	502.244	-173.583	0	54.028	0	0	0	0	
1	[SLPS]	0	502.438	-173.441	0	54.055	0	0	0	0	
1	[SLPS]	0	502.628	-173.304	0	54.081	0	0	0	0	
1	[SLPS]	0	502.628	-173.304	0	54.081	0	0	0	0	
1	[SLPS]	0	503.004	-173.029	0	54.154	0	0	0	0	
1	[SLPS]	0	503.004	-173.029	0	54.154	0	0	0	0	
1	[SLPS]	0	503.199	-172.891	0	54.198	0	0	0	0	
1	[SLPS]	0	503.389	-172.759	0	54.239	0	0	0	0	
1	[SLPS]	0	503.389	-172.759	0	54.239	0	0	0	0	
1	[SLPS]	0	503.769	-172.488	0	54.295	0	0	0	0	
1	[SLPS]	0	503.769	-172.488	0	54.295	0	0	0	0	
1	[SLPS]	0	503.959	-172.352	0	54.326	0	0	0	0	
1	[SLPS]	0	504.148	-172.214	0	54.355	0	0	0	0	
1	[SLPS]	0	504.148	-172.214	0	54.355	0	0	0	0	
1	[SLPS]	0	504.531	-171.945	0	54.448	0	0	0	0	
1	[SLPS]	0	504.531	-171.945	0	54.448	0	0	0	0	
1	[SLPS]	0	504.724	-171.812	0	54.503	0	0	0	0	
1	[SLPS]	0	504.916	-171.674	0	54.558	0	0	0	0	
1	[SLPS]	0	504.916	-171.674	0	54.558	0	0	0	0	
1	[SLPS]	0	505.296	-171.400	0	54.677	0	0	0	0	
1	[SLPS]	0	505.296	-171.400	0	54.677	0	0	0	0	
1	[SLPS]	0	505.486	-171.266	0	54.742	0	0	0	0	
1	[SLPS]	0	505.675	-171.132	0	54.812	0	0	0	0	
1	[SLPS]	0	505.675	-171.132	0	54.812	0	0	0	0	
1	[SLPS]	0	506.063	-170.864	0	54.952	0	0	0	0	
1	[SLPS]	0	506.063	-170.864	0	54.952	0	0	0	0	
1	[SLPS]	0	506.254	-170.724	0	55.019	0	0	0	0	
1	[SLPS]	0	506.445	-170.588	0	55.091	0	0	0	0	
1	[SLPS]	0	506.445	-170.588	0	55.091	0	0	0	0	
1	[SLPS]	0	506.830	-170.323	0	55.240	0	0	0	0	
1	[SLPS]	0	506.830	-170.323	0	55.240	0	0	0	0	
1	[SLPS]	0	507.029	-170.186	0	55.316	0	0	0	0	
1	[SLPS]	0	507.218	-170.057	0	55.393	0	0	0	0	
1	[SLPS]	0	507.218	-170.057	0	55.393	0	0	0	0	
1	[SLPS]	0	507.612	-169.792	0	55.539	0	0	0	0	
1	[SLPS]	0	507.612	-169.792	0	55.539	0	0	0	0	
1	[SLPS]	0	507.807	-169.661	0	55.617	0	0	0	0	
1	[SLPS]	0	507.998	-169.531	0	55.698	0	0	0	0	
1	[SLPS]	0	507.998	-169.531	0	55.698	0	0	0	0	
1	[SLPS]	0	508.390	-169.276	0	55.870	0	0	0	0	
1	[SLPS]	0	508.390	-169.276	0	55.870	0	0	0	0	
1	[SLPS]	0	508.587	-169.145	0	55.950	0	0	0	0	
1	[SLPS]	0	508.779	-169.016	0	56.028	0	0	0	0	
1	[SLPS]	0	508.973	-168.887	0	56.108	0	0	0	0	
1	[SLPS]	0	509.169	-168.757	0	56.182	0	0	0	0	
1	[SLPS]	0	509.169	-168.757	0	56.182	0	0	0	0	
1	[SLPS]	0	509.555	-168.500	0	56.328	0	0	0	0	
1	[SLPS]	0	509.555	-168.500	0	56.328	0	0	0	0	
1	[SLPS]	0	509.748	-168.371	0	56.405	0	0	0	0	
1	[SLPS]	0	509.938	-168.243	0	56.477	0	0	0	0	
1	[SLPS]	0	509.938	-168.243	0	56.477	0	0	0	0	
1	[SLPS]	0	510.326	-167.991	0	56.614	0	0	0	0	
1	[SLPS]	0	510.326	-167.991	0	56.614	0	0	0	0	
1	[SLPS]	0	510.526	-167.863	0	56.685	0	0	0	0	
1	[SLPS]	0	510.717	-167.737	0	56.762	0	0	0	0	
1	[SLPS]	0	510.717	-167.737	0	56.762	0	0	0	0	
1	[SLPS]	0	511.105	-167.488	0	56.920	0	0	0	0	
1	[SLPS]	0	511.105	-167.488	0	56.920	0	0	0	0	
1	[SLPS]	0	511.298	-167.359	0	56.982	0	0	0	0	
1	[SLPS]	0	511.491	-167.234	0	57.044	0	0	0	0	
1	[SLPS]	0	511.491	-167.234	0	57.044	0	0	0	0	
1	[SLPS]	0	511.874	-166.991	0	57.175	0	0	0	0	
1	[SLPS]	0	511.874	-166.991	0	57.175	0	0	0	0	
1	[SLPS]	0	512.067	-166.869	0	57.246	0	0	0	0	
1	[SLPS]	0	512.263	-166.744	0	57.317	0	0	0	0	
1	[SLPS]	0	512.263	-166.744	0	57.317	0	0	0	0	
1	[SLPS]	0	512.643	-166.502	0	57.438	0	0	0	0	
1	[SLPS]	0	512.643	-166.502	0	57.438	0	0	0	0	
1	[SLPS]	0	512.840	-166.381	0	57.497	0	0	0	0	
1	[SLPS]	0	513.033	-166.260	0	57.556	0	0	0	0	
1	[SLPS]	0	513.033	-166.260	0	57.556	0	0	0	0	
1	[SLPS]	0	513.415	-166.018	0	57.671	0	0	0	0	
1	[SLPS]	0	513.415	-166.018	0	57.671	0	0	0	0	
1	[SLPS]	0	513.610	-165.896	0	57.726	0	0	0	0	
1	[SLPS]	0	513.798	-165.775	0	57.771	0	0	0	0	
1	[SLPS]	0	513.798	-165.775	0	57.771	0	0	0	0	
1	[SLPS]	0	514.187	-165.539	0	57.885	0	0	0	0	
1	[SLPS]	0	514.187	-165.539	0	57.885	0	0	0	0	
1	[SLPS]	0	514.376	-165.418	0	57.930	0	0	0	0	
1	[SLPS]	0	514.568	-165.301	0	57.982	0	0	0	0	
1	[SLPS]	0	514.758	-165.177	0	58.018	0	0	0	0	
1	[SLPS]	0	514.952	-165.059	0	58.068	0	0	0	0	
1	[SLPS]	0	514.952	-165.059	0	58.068	0	0	0	0	
1	[SLPS]	0	515.336	-164.824	0	58.171	0	0	0	0	
1	[SLPS]	0	515.336	-164.824	0	58.171	0	0	0	0	
1	[SLPS]	0	515.515	-164.707	0	58.221	0	0	0	0	
1	[SLPS]	0	515.704	-164.588	0	58.263	0	0	0	0	
1	[SLPS]	0	515.704	-164.588	0	58.263	0	0	0	0	
1	[SLPS]	0	516.083	-164.357	0	58.359	0	0	0	0	
1	[SLPS]	0	516.083	-164.357	0	58.359	0	0	0	0	
1	[SLPS]	0	516.273	-164.241	0	58.406	0	0	0	0	
1	[SLPS]	0	516.469	-164.131	0	58.465	0	0	0	0	
1	[SLPS]	0	516.469	-164.131	0	58.465	0	0	0	0	
1	[SLPS]	0	516.845	-163.897	0	58.534	0	0	0	0	
1	[SLPS]	0	516.845	-163.897	0	58.534	0	0	0	0	
1	[SLPS]	0	517.033	-163.784	0	58.574	0	0	0	0	
1	[SLPS]	0	517.223	-163.669	0	58.613	0	0	0	0	
1	[SLPS]	0	517.223	-163.669	0	58.613	0	0	0	0	
1	[SLPS]	0	517.602	-163.440	0	58.694	0	0	0	0	
1	[SLPS]	0	517.602	-163.440	0	58.694	0	0	0	0	
1	[SLPS]	0	517.789	-163.329	0	58.728	0	0	0	0	
1	[SLPS]	0	517.980	-163.223	0	58.762	0	0	0	0	
1	[SLPS]	0	517.980	-163.223	0	58.762	0	0	0	0	
1	[SLPS]	0	518.357	-162.996	0	58.814	0	0	0	0	
1	[SLPS]	0	518.357	-162.996	0	58.814	0	0	0	0	
1	[SLPS]	0	518.547	-162.884	0	58.844	0	0	0	0	
1	[SLPS]	0	518.734	-162.773	0	58.875	0	0	0	0	
1	[SLPS]	0	518.922	-162.660	0	58.905	0	0	0	0	
1	[SLPS]	0	519.108	-162.549	0	58.934	0	0	0	0	
1	[SLPS]	0	519.108	-162.549	0	58.934	0	0	0	0	
1	[SLPS]	0	519.290	-162.443	0	58.970	0	0	0	0	
1	[SLPS]	0	519.476	-162.332	0	58.998	0	0	0	0	
1	[SLPS]	0	519.663	-162.220	0	59.027	0	0	0	0	
1	[SLPS]	0	519.847	-162.110	0	59.054	0	0	0	0	
1	[SLPS]	0	519.847	-162.110	0	59.054	0	0	0	0	
1	[SLPS]	0	520.028	-162.003	0	59.084	0	0	0	0	
1	[SLPS]	0	520.211	-161.895	0	59.114	0	0	0	0	
1	[SLPS]	0	520.211	-161.895	0	59.114	0	0	0	0	
1	[SLPS]	0	520.575	-161.674	0	59.159	0	0	0	0	
1	[SLPS]	0	520.575	-161.674	0	59.159	0	0	0	0	
1	[SLPS]	0	520.758	-161.567	0	59.194	0	0	0	0	
1	[SLPS]	0	520.938	-161.459	0	59.222	0	0	0	0	
1	[SLPS]	0	520.938	-161.459	0	59.222	0	0	0	0	
1	[SLPS]	0	521.305	-161.240	0	59.274	0	0	0	0	
1	[SLPS]	0	521.305	-161.240	0	59.274	0	0	0	0	
1	[SLPS]	0	521.481	-161.137	0	59.300	0	0	0	0	
1	[SLPS]	0	521.661	-161.029	0	59.319	0	0	0	0	
1	[SLPS]	0	521.848	-160.921	0	59.340	0	0	0	0	
1	[SLPS]	0	522.027	-160.813	0	59.354	0	0	0	0	
1	[SLPS]	0	522.027	-160.813	0	59.354	0	0	0	0	
1	[SLPS]	0	522.394	-160.598	0	59.372	0	0	0	0	
1	[SLPS]	0	522.394	-160.598	0	59.372	0	0	0	0	
1	[SLPS]	0	522.574	-160.494	0	59.374	0	0	0	0	
1	[SLPS]	0	522.753	-160.388	0	59.377	0	0	0	0	
1	[SLPS]	0	522.753	-160.388	0	59.377	0	0	0	0	
1	[SLPS]	0	523.104	-160.176	0	59.390	0	0	0	0	
1	[SLPS]	0	523.104	-160.176	0	59.390	0	0	0	0	
1	[SLPS]	0	523.281	-160.070	0	59.395	0	0	0	0	
1	[SLPS]	0	523.457	-159.965	0	59.398	0	0	0	0	
1	[SLPS]	0	523.457	-159.965	0	59.398	0	0	0	0	
1	[SLPS]	0	523.807	-159.755	0	59.399	0	0	0	0	
1	[SLPS]	0	523.807	-159.755	0	59.399	0	0	0	0	
1	[SLPS]	0	523.982	-159.648	0	59.399	0	0	0	0	
1	[SLPS]	0	524.160	-159.544	0	59.405	0	0	0	0	
1	[SLPS]	0	524.160	-159.544	0	59.405	0	0	0	0	
1	[SLPS]	0	524.510	-159.338	0	59.427	0	0	0	0	
1	[SLPS]	0	524.510	-159.338	0	59.427	0	0	0	0	
1	[SLPS]	0	524.686	-159.237	0	59.433	0	0	0	0	
1	[SLPS]	0	524.863	-159.137	0	59.439	0	0	0	0	
1	[SLPS]	0	524.863	-159.137	0	59.439	0	0	0	0	
1	[SLPS]	0	525.216	-158.934	0	59.451	0	0	0	0	
1	[SLPS]	0	525.216	-158.934	0	59.451	0	0	0	0	
1	[SLPS]	0	525.389	-158.835	0	59.455	0	0	0	0	
1	[SLPS]	0	525.559	-158.732	0	59.452	0	0	0	0	
1	[SLPS]	0	525.559	-158.732	0	59.452	0	0	0	0	
1	[SLPS]	0	525.903	-158.530	0	59.448	0	0	0	0	
1	[SLPS]	0	525.903	-158.530	0	59.448	0	0	0	0	
1	[SLPS]	0	526.075	-158.428	0	59.446	0	0	0	0	
1	[SLPS]	0	526.246	-158.328	0	59.440	0	0	0	0	
1	[SLPS]	0	526.246	-158.328	0	59.440	0	0	0	0	
1	[SLPS]	0	526.587	-158.129	0	59.417	0	0	0	0	
1	[SLPS]	0	526.587	-158.129	0	59.417	0	0	0	0	
1	[SLPS]	0	526.757	-158.028	0	59.405	0	0	0	0	
1	[SLPS]	0	526.927	-157.929	0	59.390	0	0	0	0	
1	[SLPS]	0	527.099	-157.829	0	59.373	0	0	0	0	
1	[SLPS]	0	527.266	-157.729	0	59.366	0	0	0	0	
1	[SLPS]	0	527.266	-157.729	0	59.366	0	0	0	0	
1	[SLPS]	0	527.600	-157.528	0	59.370	0	0	0	0	
1	[SLPS]	0	527.600	-157.528	0	59.370	0	0	0	0	
1	[SLPS]	0	527.763	-157.428	0	59.382	0	0	0	0	
1	[SLPS]	0	527.930	-157.332	0	59.411	0	0	0	0	
1	[SLPS]	0	527.930	-157.332	0	59.411	0	0	0	0	
1	[SLPS]	0	528.259	-157.136	0	59.460	0	0	0	0	
1	[SLPS]	0	528.259	-157.136	0	59.460	0	0	0	0	
1	[SLPS]	0	528.426	-157.041	0	59.479	0	0	0	0	
1	[SLPS]	0	528.592	-156.949	0	59.498	0	0	0	0	
