1	[SLPS]	0	663.763	140.392	0	128.054	0	0	0	0	
1	[SLPS]	0	663.763	140.392	0	128.054	0	0	0	0	
1	[SLPS]	0	664.106	140.115	0	128.167	0	0	0	0	
1	[SLPS]	0	664.106	140.115	0	128.167	0	0	0	0	
1	[SLPS]	0	664.281	139.981	0	128.212	0	0	0	0	
1	[SLPS]	0	664.455	139.853	0	128.251	0	0	0	0	
1	[SLPS]	0	664.455	139.853	0	128.251	0	0	0	0	
1	[SLPS]	0	664.807	139.577	0	128.352	0	0	0	0	
1	[SLPS]	0	664.807	139.577	0	128.352	0	0	0	0	
1	[SLPS]	0	664.986	139.450	0	128.381	0	0	0	0	
1	[SLPS]	0	665.152	139.305	0	128.441	0	0	0	0	
1	[SLPS]	0	665.316	139.157	0	128.501	0	0	0	0	
1	[SLPS]	0	665.500	139.020	0	128.528	0	0	0	0	
1	[SLPS]	0	665.500	139.020	0	128.528	0	0	0	0	
1	[SLPS]	0	665.850	138.728	0	128.621	0	0	0	0	
1	[SLPS]	0	665.850	138.728	0	128.621	0	0	0	0	
1	[SLPS]	0	666.020	138.581	0	128.669	0	0	0	0	
1	[SLPS]	0	666.190	138.439	0	128.710	0	0	0	0	
1	[SLPS]	0	666.190	138.439	0	128.710	0	0	0	0	
1	[SLPS]	0	666.540	138.150	0	128.769	0	0	0	0	
1	[SLPS]	0	666.540	138.150	0	128.769	0	0	0	0	
1	[SLPS]	0	666.717	138.007	0	128.807	0	0	0	0	
1	[SLPS]	0	666.893	137.870	0	128.831	0	0	0	0	
1	[SLPS]	0	666.893	137.870	0	128.831	0	0	0	0	
1	[SLPS]	0	667.253	137.574	0	128.912	0	0	0	0	
1	[SLPS]	0	667.253	137.574	0	128.912	0	0	0	0	
1	[SLPS]	0	667.428	137.430	0	128.953	0	0	0	0	
1	[SLPS]	0	667.606	137.289	0	128.987	0	0	0	0	
1	[SLPS]	0	667.606	137.289	0	128.987	0	0	0	0	
1	[SLPS]	0	667.960	136.990	0	129.075	0	0	0	0	
1	[SLPS]	0	667.960	136.990	0	129.075	0	0	0	0	
1	[SLPS]	0	668.133	136.851	0	129.107	0	0	0	0	
1	[SLPS]	0	668.312	136.706	0	129.144	0	0	0	0	
1	[SLPS]	0	668.312	136.706	0	129.144	0	0	0	0	
1	[SLPS]	0	668.669	136.410	0	129.213	0	0	0	0	
1	[SLPS]	0	668.669	136.410	0	129.213	0	0	0	0	
1	[SLPS]	0	669.027	136.129	0	129.265	0	0	0	0	
1	[SLPS]	0	669.027	136.129	0	129.265	0	0	0	0	
1	[SLPS]	0	669.199	135.979	0	129.321	0	0	0	0	
1	[SLPS]	0	669.368	135.828	0	129.382	0	0	0	0	
1	[SLPS]	0	669.368	135.828	0	129.382	0	0	0	0	
1	[SLPS]	0	669.731	135.545	0	129.432	0	0	0	0	
1	[SLPS]	0	669.731	135.545	0	129.432	0	0	0	0	
1	[SLPS]	0	669.900	135.388	0	129.485	0	0	0	0	
1	[SLPS]	0	670.075	135.240	0	129.516	0	0	0	0	
1	[SLPS]	0	670.075	135.240	0	129.516	0	0	0	0	
1	[SLPS]	0	670.429	134.948	0	129.597	0	0	0	0	
1	[SLPS]	0	670.429	134.948	0	129.597	0	0	0	0	
1	[SLPS]	0	670.619	134.808	0	129.607	0	0	0	0	
1	[SLPS]	0	670.781	134.650	0	129.689	0	0	0	0	
1	[SLPS]	0	670.781	134.650	0	129.689	0	0	0	0	
1	[SLPS]	0	671.134	134.349	0	129.764	0	0	0	0	
1	[SLPS]	0	671.134	134.349	0	129.764	0	0	0	0	
1	[SLPS]	0	671.326	134.211	0	129.761	0	0	0	0	
1	[SLPS]	0	671.503	134.062	0	129.832	0	0	0	0	
1	[SLPS]	0	671.503	134.062	0	129.832	0	0	0	0	
1	[SLPS]	0	671.843	133.763	0	129.924	0	0	0	0	
1	[SLPS]	0	671.843	133.763	0	129.924	0	0	0	0	
1	[SLPS]	0	672.020	133.614	0	129.912	0	0	0	0	
1	[SLPS]	0	672.199	133.463	0	129.948	0	0	0	0	
1	[SLPS]	0	672.199	133.463	0	129.948	0	0	0	0	
1	[SLPS]	0	672.561	133.159	0	130.017	0	0	0	0	
1	[SLPS]	0	672.561	133.159	0	130.017	0	0	0	0	
1	[SLPS]	0	672.741	133.007	0	130.012	0	0	0	0	
1	[SLPS]	0	672.918	132.856	0	130.030	0	0	0	0	
1	[SLPS]	0	672.918	132.856	0	130.030	0	0	0	0	
1	[SLPS]	0	673.294	132.556	0	130.086	0	0	0	0	
1	[SLPS]	0	673.294	132.556	0	130.086	0	0	0	0	
1	[SLPS]	0	673.657	132.247	0	130.111	0	0	0	0	
1	[SLPS]	0	673.657	132.247	0	130.111	0	0	0	0	
1	[SLPS]	0	673.836	132.087	0	130.138	0	0	0	0	
1	[SLPS]	0	674.024	131.943	0	130.137	0	0	0	0	
1	[SLPS]	0	674.024	131.943	0	130.137	0	0	0	0	
1	[SLPS]	0	674.395	131.634	0	130.169	0	0	0	0	
1	[SLPS]	0	674.395	131.634	0	130.169	0	0	0	0	
1	[SLPS]	0	674.567	131.478	0	130.188	0	0	0	0	
1	[SLPS]	0	674.752	131.320	0	130.199	0	0	0	0	
1	[SLPS]	0	674.752	131.320	0	130.199	0	0	0	0	
1	[SLPS]	0	675.104	131.018	0	130.221	0	0	0	0	
1	[SLPS]	0	675.104	131.018	0	130.221	0	0	0	0	
1	[SLPS]	0	675.291	130.863	0	130.221	0	0	0	0	
1	[SLPS]	0	675.458	130.705	0	130.240	0	0	0	0	
1	[SLPS]	0	675.458	130.705	0	130.240	0	0	0	0	
1	[SLPS]	0	675.823	130.394	0	130.237	0	0	0	0	
1	[SLPS]	0	675.823	130.394	0	130.237	0	0	0	0	
1	[SLPS]	0	676.008	130.241	0	130.229	0	0	0	0	
1	[SLPS]	0	676.191	130.086	0	130.178	0	0	0	0	
1	[SLPS]	0	676.191	130.086	0	130.178	0	0	0	0	
1	[SLPS]	0	676.548	129.780	0	130.163	0	0	0	0	
1	[SLPS]	0	676.548	129.780	0	130.163	0	0	0	0	
1	[SLPS]	0	676.740	129.622	0	130.157	0	0	0	0	
1	[SLPS]	0	676.923	129.465	0	130.169	0	0	0	0	
1	[SLPS]	0	676.923	129.465	0	130.169	0	0	0	0	
1	[SLPS]	0	677.280	129.160	0	130.179	0	0	0	0	
1	[SLPS]	0	677.280	129.160	0	130.179	0	0	0	0	
1	[SLPS]	0	677.459	129.001	0	130.182	0	0	0	0	
1	[SLPS]	0	677.650	128.854	0	130.157	0	0	0	0	
1	[SLPS]	0	677.650	128.854	0	130.157	0	0	0	0	
1	[SLPS]	0	678.020	128.551	0	130.148	0	0	0	0	
1	[SLPS]	0	678.020	128.551	0	130.148	0	0	0	0	
1	[SLPS]	0	678.205	128.394	0	130.145	0	0	0	0	
1	[SLPS]	0	678.401	128.242	0	130.117	0	0	0	0	
1	[SLPS]	0	678.401	128.242	0	130.117	0	0	0	0	
1	[SLPS]	0	678.765	127.925	0	130.108	0	0	0	0	
1	[SLPS]	0	678.765	127.925	0	130.108	0	0	0	0	
1	[SLPS]	0	678.950	127.771	0	130.102	0	0	0	0	
1	[SLPS]	0	679.146	127.613	0	130.089	0	0	0	0	
1	[SLPS]	0	679.322	127.452	0	130.091	0	0	0	0	
1	[SLPS]	0	679.504	127.299	0	130.080	0	0	0	0	
1	[SLPS]	0	679.504	127.299	0	130.080	0	0	0	0	
1	[SLPS]	0	679.876	126.985	0	130.066	0	0	0	0	
1	[SLPS]	0	679.876	126.985	0	130.066	0	0	0	0	
1	[SLPS]	0	680.065	126.827	0	130.056	0	0	0	0	
1	[SLPS]	0	680.247	126.670	0	130.060	0	0	0	0	
1	[SLPS]	0	680.247	126.670	0	130.060	0	0	0	0	
1	[SLPS]	0	680.618	126.354	0	130.055	0	0	0	0	
1	[SLPS]	0	680.618	126.354	0	130.055	0	0	0	0	
1	[SLPS]	0	680.796	126.196	0	130.060	0	0	0	0	
1	[SLPS]	0	680.992	126.041	0	130.041	0	0	0	0	
1	[SLPS]	0	680.992	126.041	0	130.041	0	0	0	0	
1	[SLPS]	0	681.366	125.723	0	130.046	0	0	0	0	
1	[SLPS]	0	681.366	125.723	0	130.046	0	0	0	0	
1	[SLPS]	0	681.553	125.573	0	130.038	0	0	0	0	
1	[SLPS]	0	681.740	125.412	0	130.044	0	0	0	0	
1	[SLPS]	0	681.740	125.412	0	130.044	0	0	0	0	
1	[SLPS]	0	682.117	125.099	0	130.033	0	0	0	0	
1	[SLPS]	0	682.117	125.099	0	130.033	0	0	0	0	
1	[SLPS]	0	682.302	124.937	0	130.042	0	0	0	0	
1	[SLPS]	0	682.484	124.778	0	130.046	0	0	0	0	
1	[SLPS]	0	682.679	124.624	0	130.029	0	0	0	0	
1	[SLPS]	0	682.865	124.459	0	130.039	0	0	0	0	
1	[SLPS]	0	682.865	124.459	0	130.039	0	0	0	0	
1	[SLPS]	0	683.239	124.144	0	130.035	0	0	0	0	
1	[SLPS]	0	683.239	124.144	0	130.035	0	0	0	0	
1	[SLPS]	0	683.430	123.983	0	130.023	0	0	0	0	
1	[SLPS]	0	683.622	123.819	0	130.037	0	0	0	0	
1	[SLPS]	0	683.622	123.819	0	130.037	0	0	0	0	
1	[SLPS]	0	684.000	123.495	0	129.997	0	0	0	0	
1	[SLPS]	0	684.000	123.495	0	129.997	0	0	0	0	
1	[SLPS]	0	684.196	123.340	0	129.958	0	0	0	0	
1	[SLPS]	0	684.389	123.186	0	129.925	0	0	0	0	
1	[SLPS]	0	684.389	123.186	0	129.925	0	0	0	0	
1	[SLPS]	0	684.772	122.856	0	129.890	0	0	0	0	
1	[SLPS]	0	684.772	122.856	0	129.890	0	0	0	0	
1	[SLPS]	0	684.971	122.701	0	129.854	0	0	0	0	
1	[SLPS]	0	685.161	122.538	0	129.840	0	0	0	0	
1	[SLPS]	0	685.161	122.538	0	129.840	0	0	0	0	
1	[SLPS]	0	685.534	122.218	0	129.811	0	0	0	0	
1	[SLPS]	0	685.534	122.218	0	129.811	0	0	0	0	
1	[SLPS]	0	685.727	122.053	0	129.807	0	0	0	0	
1	[SLPS]	0	685.920	121.890	0	129.806	0	0	0	0	
1	[SLPS]	0	685.920	121.890	0	129.806	0	0	0	0	
1	[SLPS]	0	686.305	121.564	0	129.797	0	0	0	0	
1	[SLPS]	0	686.305	121.564	0	129.797	0	0	0	0	
1	[SLPS]	0	686.498	121.400	0	129.801	0	0	0	0	
1	[SLPS]	0	686.706	121.235	0	129.789	0	0	0	0	
1	[SLPS]	0	686.706	121.235	0	129.789	0	0	0	0	
1	[SLPS]	0	687.091	120.908	0	129.802	0	0	0	0	
1	[SLPS]	0	687.091	120.908	0	129.802	0	0	0	0	
1	[SLPS]	0	687.282	120.743	0	129.813	0	0	0	0	
1	[SLPS]	0	687.482	120.584	0	129.809	0	0	0	0	
1	[SLPS]	0	687.482	120.584	0	129.809	0	0	0	0	
1	[SLPS]	0	687.866	120.252	0	129.821	0	0	0	0	
1	[SLPS]	0	687.866	120.252	0	129.821	0	0	0	0	
1	[SLPS]	0	688.063	120.085	0	129.820	0	0	0	0	
1	[SLPS]	0	688.266	119.919	0	129.803	0	0	0	0	
1	[SLPS]	0	688.266	119.919	0	129.803	0	0	0	0	
1	[SLPS]	0	688.664	119.583	0	129.809	0	0	0	0	
1	[SLPS]	0	688.664	119.583	0	129.809	0	0	0	0	
1	[SLPS]	0	688.870	119.418	0	129.804	0	0	0	0	
1	[SLPS]	0	689.075	119.247	0	129.811	0	0	0	0	
1	[SLPS]	0	689.075	119.247	0	129.811	0	0	0	0	
1	[SLPS]	0	689.473	118.909	0	129.796	0	0	0	0	
1	[SLPS]	0	689.473	118.909	0	129.796	0	0	0	0	
1	[SLPS]	0	689.676	118.738	0	129.774	0	0	0	0	
1	[SLPS]	0	689.875	118.568	0	129.750	0	0	0	0	
1	[SLPS]	0	689.875	118.568	0	129.750	0	0	0	0	
1	[SLPS]	0	690.288	118.220	0	129.712	0	0	0	0	
1	[SLPS]	0	690.288	118.220	0	129.712	0	0	0	0	
1	[SLPS]	0	690.489	118.051	0	129.694	0	0	0	0	
1	[SLPS]	0	690.689	117.878	0	129.680	0	0	0	0	
1	[SLPS]	0	690.689	117.878	0	129.680	0	0	0	0	
1	[SLPS]	0	691.107	117.534	0	129.627	0	0	0	0	
1	[SLPS]	0	691.107	117.534	0	129.627	0	0	0	0	
1	[SLPS]	0	691.318	117.363	0	129.596	0	0	0	0	
1	[SLPS]	0	691.527	117.189	0	129.616	0	0	0	0	
1	[SLPS]	0	691.740	117.013	0	129.595	0	0	0	0	
1	[SLPS]	0	691.947	116.834	0	129.581	0	0	0	0	
1	[SLPS]	0	691.947	116.834	0	129.581	0	0	0	0	
1	[SLPS]	0	692.368	116.486	0	129.534	0	0	0	0	
1	[SLPS]	0	692.368	116.486	0	129.534	0	0	0	0	
1	[SLPS]	0	692.571	116.309	0	129.521	0	0	0	0	
1	[SLPS]	0	692.783	116.137	0	129.497	0	0	0	0	
1	[SLPS]	0	692.783	116.137	0	129.497	0	0	0	0	
1	[SLPS]	0	692.998	115.955	0	129.487	0	0	0	0	
1	[SLPS]	0	693.209	115.790	0	129.462	0	0	0	0	
1	[SLPS]	0	693.417	115.612	0	129.455	0	0	0	0	
1	[SLPS]	0	693.630	115.438	0	129.445	0	0	0	0	
1	[SLPS]	0	693.630	115.438	0	129.445	0	0	0	0	
1	[SLPS]	0	694.050	115.091	0	129.433	0	0	0	0	
1	[SLPS]	0	694.050	115.091	0	129.433	0	0	0	0	
1	[SLPS]	0	694.268	114.916	0	129.423	0	0	0	0	
1	[SLPS]	0	694.475	114.743	0	129.434	0	0	0	0	
1	[SLPS]	0	694.475	114.743	0	129.434	0	0	0	0	
1	[SLPS]	0	694.907	114.392	0	129.438	0	0	0	0	
1	[SLPS]	0	694.907	114.392	0	129.438	0	0	0	0	
1	[SLPS]	0	695.116	114.211	0	129.455	0	0	0	0	
1	[SLPS]	0	695.328	114.037	0	129.456	0	0	0	0	
1	[SLPS]	0	695.328	114.037	0	129.456	0	0	0	0	
1	[SLPS]	0	695.757	113.681	0	129.473	0	0	0	0	
1	[SLPS]	0	695.757	113.681	0	129.473	0	0	0	0	
1	[SLPS]	0	695.967	113.503	0	129.481	0	0	0	0	
1	[SLPS]	0	696.178	113.323	0	129.492	0	0	0	0	
1	[SLPS]	0	696.178	113.323	0	129.492	0	0	0	0	
1	[SLPS]	0	696.598	112.967	0	129.511	0	0	0	0	
1	[SLPS]	0	696.598	112.967	0	129.511	0	0	0	0	
1	[SLPS]	0	696.816	112.788	0	129.509	0	0	0	0	
1	[SLPS]	0	697.029	112.611	0	129.513	0	0	0	0	
1	[SLPS]	0	697.029	112.611	0	129.513	0	0	0	0	
1	[SLPS]	0	697.457	112.252	0	129.530	0	0	0	0	
1	[SLPS]	0	697.457	112.252	0	129.530	0	0	0	0	
1	[SLPS]	0	697.670	112.075	0	129.535	0	0	0	0	
1	[SLPS]	0	697.886	111.894	0	129.544	0	0	0	0	
1	[SLPS]	0	697.886	111.894	0	129.544	0	0	0	0	
1	[SLPS]	0	698.320	111.534	0	129.569	0	0	0	0	
1	[SLPS]	0	698.320	111.534	0	129.569	0	0	0	0	
1	[SLPS]	0	698.540	111.358	0	129.575	0	0	0	0	
1	[SLPS]	0	698.756	111.178	0	129.601	0	0	0	0	
1	[SLPS]	0	698.975	110.999	0	129.624	0	0	0	0	
1	[SLPS]	0	699.185	110.817	0	129.653	0	0	0	0	
1	[SLPS]	0	699.185	110.817	0	129.653	0	0	0	0	
1	[SLPS]	0	699.625	110.455	0	129.691	0	0	0	0	
1	[SLPS]	0	699.625	110.455	0	129.691	0	0	0	0	
1	[SLPS]	0	699.852	110.285	0	129.690	0	0	0	0	
1	[SLPS]	0	700.074	110.103	0	129.715	0	0	0	0	
1	[SLPS]	0	700.074	110.103	0	129.715	0	0	0	0	
1	[SLPS]	0	700.295	109.919	0	129.746	0	0	0	0	
1	[SLPS]	0	700.515	109.733	0	129.773	0	0	0	0	
1	[SLPS]	0	700.740	109.552	0	129.791	0	0	0	0	
1	[SLPS]	0	700.954	109.370	0	129.818	0	0	0	0	
1	[SLPS]	0	700.954	109.370	0	129.818	0	0	0	0	
1	[SLPS]	0	701.172	109.184	0	129.844	0	0	0	0	
1	[SLPS]	0	701.390	109.005	0	129.859	0	0	0	0	
1	[SLPS]	0	701.608	108.817	0	129.891	0	0	0	0	
1	[SLPS]	0	701.830	108.630	0	129.912	0	0	0	0	
1	[SLPS]	0	701.830	108.630	0	129.912	0	0	0	0	
1	[SLPS]	0	702.268	108.255	0	129.955	0	0	0	0	
1	[SLPS]	0	702.268	108.255	0	129.955	0	0	0	0	
1	[SLPS]	0	702.486	108.063	0	129.965	0	0	0	0	
1	[SLPS]	0	702.707	107.873	0	129.965	0	0	0	0	
1	[SLPS]	0	702.707	107.873	0	129.965	0	0	0	0	
1	[SLPS]	0	703.149	107.504	0	129.951	0	0	0	0	
1	[SLPS]	0	703.149	107.504	0	129.951	0	0	0	0	
1	[SLPS]	0	703.367	107.316	0	129.960	0	0	0	0	
1	[SLPS]	0	703.591	107.125	0	129.967	0	0	0	0	
1	[SLPS]	0	703.591	107.125	0	129.967	0	0	0	0	
1	[SLPS]	0	704.026	106.749	0	129.988	0	0	0	0	
1	[SLPS]	0	704.026	106.749	0	129.988	0	0	0	0	
1	[SLPS]	0	704.251	106.557	0	129.987	0	0	0	0	
1	[SLPS]	0	704.475	106.366	0	129.987	0	0	0	0	
1	[SLPS]	0	704.475	106.366	0	129.987	0	0	0	0	
1	[SLPS]	0	704.921	105.983	0	129.996	0	0	0	0	
1	[SLPS]	0	704.921	105.983	0	129.996	0	0	0	0	
1	[SLPS]	0	705.152	105.794	0	130.002	0	0	0	0	
1	[SLPS]	0	705.374	105.605	0	130.017	0	0	0	0	
1	[SLPS]	0	705.374	105.605	0	130.017	0	0	0	0	
1	[SLPS]	0	705.827	105.220	0	130.049	0	0	0	0	
1	[SLPS]	0	705.827	105.220	0	130.049	0	0	0	0	
1	[SLPS]	0	706.057	105.034	0	130.061	0	0	0	0	
1	[SLPS]	0	706.287	104.848	0	130.075	0	0	0	0	
1	[SLPS]	0	706.287	104.848	0	130.075	0	0	0	0	
1	[SLPS]	0	706.734	104.463	0	130.134	0	0	0	0	
1	[SLPS]	0	706.734	104.463	0	130.134	0	0	0	0	
1	[SLPS]	0	706.968	104.269	0	130.156	0	0	0	0	
1	[SLPS]	0	707.195	104.074	0	130.182	0	0	0	0	
1	[SLPS]	0	707.195	104.074	0	130.182	0	0	0	0	
1	[SLPS]	0	707.652	103.684	0	130.222	0	0	0	0	
1	[SLPS]	0	707.652	103.684	0	130.222	0	0	0	0	
1	[SLPS]	0	707.875	103.495	0	130.236	0	0	0	0	
1	[SLPS]	0	708.112	103.301	0	130.249	0	0	0	0	
1	[SLPS]	0	708.342	103.100	0	130.275	0	0	0	0	
1	[SLPS]	0	708.565	102.904	0	130.303	0	0	0	0	
1	[SLPS]	0	708.565	102.904	0	130.303	0	0	0	0	
1	[SLPS]	0	708.798	102.711	0	130.319	0	0	0	0	
1	[SLPS]	0	709.032	102.511	0	130.335	0	0	0	0	
1	[SLPS]	0	709.257	102.310	0	130.360	0	0	0	0	
1	[SLPS]	0	709.484	102.112	0	130.385	0	0	0	0	
1	[SLPS]	0	709.484	102.112	0	130.385	0	0	0	0	
1	[SLPS]	0	709.712	101.915	0	130.406	0	0	0	0	
1	[SLPS]	0	709.944	101.718	0	130.420	0	0	0	0	
1	[SLPS]	0	710.176	101.516	0	130.435	0	0	0	0	
1	[SLPS]	0	710.407	101.316	0	130.450	0	0	0	0	
1	[SLPS]	0	710.407	101.316	0	130.450	0	0	0	0	
1	[SLPS]	0	710.875	100.910	0	130.475	0	0	0	0	
1	[SLPS]	0	710.875	100.910	0	130.475	0	0	0	0	
1	[SLPS]	0	711.115	100.704	0	130.483	0	0	0	0	
1	[SLPS]	0	711.341	100.508	0	130.498	0	0	0	0	
1	[SLPS]	0	711.341	100.508	0	130.498	0	0	0	0	
1	[SLPS]	0	711.819	100.105	0	130.516	0	0	0	0	
1	[SLPS]	0	711.819	100.105	0	130.516	0	0	0	0	
1	[SLPS]	0	712.059	99.907	0	130.523	0	0	0	0	
1	[SLPS]	0	712.294	99.703	0	130.543	0	0	0	0	
1	[SLPS]	0	712.294	99.703	0	130.543	0	0	0	0	
1	[SLPS]	0	712.762	99.301	0	130.574	0	0	0	0	
1	[SLPS]	0	712.762	99.301	0	130.574	0	0	0	0	
1	[SLPS]	0	713.004	99.103	0	130.571	0	0	0	0	
1	[SLPS]	0	713.241	98.902	0	130.584	0	0	0	0	
1	[SLPS]	0	713.241	98.902	0	130.584	0	0	0	0	
1	[SLPS]	0	713.699	98.490	0	130.619	0	0	0	0	
1	[SLPS]	0	713.699	98.490	0	130.619	0	0	0	0	
1	[SLPS]	0	713.931	98.289	0	130.629	0	0	0	0	
1	[SLPS]	0	714.162	98.083	0	130.639	0	0	0	0	
1	[SLPS]	0	714.162	98.083	0	130.639	0	0	0	0	
1	[SLPS]	0	714.644	97.672	0	130.651	0	0	0	0	
1	[SLPS]	0	714.644	97.672	0	130.651	0	0	0	0	
1	[SLPS]	0	714.879	97.466	0	130.663	0	0	0	0	
1	[SLPS]	0	715.117	97.265	0	130.667	0	0	0	0	
1	[SLPS]	0	715.360	97.057	0	130.676	0	0	0	0	
1	[SLPS]	0	715.596	96.847	0	130.693	0	0	0	0	
1	[SLPS]	0	715.596	96.847	0	130.693	0	0	0	0	
1	[SLPS]	0	716.078	96.444	0	130.692	0	0	0	0	
1	[SLPS]	0	716.078	96.444	0	130.692	0	0	0	0	
1	[SLPS]	0	716.320	96.230	0	130.704	0	0	0	0	
1	[SLPS]	0	716.557	96.025	0	130.718	0	0	0	0	
1	[SLPS]	0	716.557	96.025	0	130.718	0	0	0	0	
1	[SLPS]	0	716.797	95.817	0	130.729	0	0	0	0	
1	[SLPS]	0	717.037	95.610	0	130.738	0	0	0	0	
1	[SLPS]	0	717.272	95.398	0	130.750	0	0	0	0	
1	[SLPS]	0	717.509	95.193	0	130.750	0	0	0	0	
1	[SLPS]	0	717.509	95.193	0	130.750	0	0	0	0	
1	[SLPS]	0	717.989	94.778	0	130.740	0	0	0	0	
1	[SLPS]	0	717.989	94.778	0	130.740	0	0	0	0	
1	[SLPS]	0	718.231	94.571	0	130.731	0	0	0	0	
1	[SLPS]	0	718.468	94.363	0	130.735	0	0	0	0	
1	[SLPS]	0	718.468	94.363	0	130.735	0	0	0	0	
1	[SLPS]	0	718.951	93.941	0	130.742	0	0	0	0	
1	[SLPS]	0	718.951	93.941	0	130.742	0	0	0	0	
1	[SLPS]	0	719.188	93.738	0	130.747	0	0	0	0	
1	[SLPS]	0	719.438	93.529	0	130.740	0	0	0	0	
1	[SLPS]	0	719.438	93.529	0	130.740	0	0	0	0	
1	[SLPS]	0	719.921	93.108	0	130.745	0	0	0	0	
1	[SLPS]	0	719.921	93.108	0	130.745	0	0	0	0	
1	[SLPS]	0	720.161	92.896	0	130.755	0	0	0	0	
1	[SLPS]	0	720.405	92.685	0	130.757	0	0	0	0	
1	[SLPS]	0	720.405	92.685	0	130.757	0	0	0	0	
1	[SLPS]	0	720.881	92.272	0	130.771	0	0	0	0	
1	[SLPS]	0	720.881	92.272	0	130.771	0	0	0	0	
1	[SLPS]	0	721.122	92.064	0	130.771	0	0	0	0	
1	[SLPS]	0	721.362	91.855	0	130.775	0	0	0	0	
1	[SLPS]	0	721.362	91.855	0	130.775	0	0	0	0	
1	[SLPS]	0	721.841	91.437	0	130.780	0	0	0	0	
1	[SLPS]	0	721.841	91.437	0	130.780	0	0	0	0	
1	[SLPS]	0	722.081	91.227	0	130.787	0	0	0	0	
1	[SLPS]	0	722.325	91.020	0	130.789	0	0	0	0	
1	[SLPS]	0	722.325	91.020	0	130.789	0	0	0	0	
1	[SLPS]	0	722.805	90.600	0	130.797	0	0	0	0	
1	[SLPS]	0	722.805	90.600	0	130.797	0	0	0	0	
1	[SLPS]	0	723.040	90.391	0	130.807	0	0	0	0	
1	[SLPS]	0	723.283	90.182	0	130.812	0	0	0	0	
1	[SLPS]	0	723.524	89.970	0	130.818	0	0	0	0	
1	[SLPS]	0	723.762	89.763	0	130.811	0	0	0	0	
1	[SLPS]	0	723.762	89.763	0	130.811	0	0	0	0	
1	[SLPS]	0	724.246	89.345	0	130.809	0	0	0	0	
1	[SLPS]	0	724.246	89.345	0	130.809	0	0	0	0	
1	[SLPS]	0	724.485	89.138	0	130.816	0	0	0	0	
1	[SLPS]	0	724.725	88.929	0	130.820	0	0	0	0	
1	[SLPS]	0	724.725	88.929	0	130.820	0	0	0	0	
1	[SLPS]	0	725.203	88.503	0	130.847	0	0	0	0	
1	[SLPS]	0	725.203	88.503	0	130.847	0	0	0	0	
1	[SLPS]	0	725.448	88.300	0	130.839	0	0	0	0	
1	[SLPS]	0	725.689	88.090	0	130.841	0	0	0	0	
1	[SLPS]	0	725.689	88.090	0	130.841	0	0	0	0	
1	[SLPS]	0	726.179	87.669	0	130.842	0	0	0	0	
1	[SLPS]	0	726.179	87.669	0	130.842	0	0	0	0	
1	[SLPS]	0	726.423	87.456	0	130.850	0	0	0	0	
1	[SLPS]	0	726.662	87.247	0	130.858	0	0	0	0	
1	[SLPS]	0	726.662	87.247	0	130.858	0	0	0	0	
1	[SLPS]	0	727.144	86.830	0	130.860	0	0	0	0	
1	[SLPS]	0	727.144	86.830	0	130.860	0	0	0	0	
1	[SLPS]	0	727.387	86.627	0	130.852	0	0	0	0	
1	[SLPS]	0	727.625	86.415	0	130.856	0	0	0	0	
1	[SLPS]	0	727.625	86.415	0	130.856	0	0	0	0	
1	[SLPS]	0	728.120	85.991	0	130.855	0	0	0	0	
1	[SLPS]	0	728.120	85.991	0	130.855	0	0	0	0	
1	[SLPS]	0	728.362	85.780	0	130.857	0	0	0	0	
1	[SLPS]	0	728.601	85.565	0	130.864	0	0	0	0	
1	[SLPS]	0	728.601	85.565	0	130.864	0	0	0	0	
1	[SLPS]	0	729.080	85.147	0	130.861	0	0	0	0	
1	[SLPS]	0	729.080	85.147	0	130.861	0	0	0	0	
1	[SLPS]	0	729.325	84.938	0	130.862	0	0	0	0	
1	[SLPS]	0	729.567	84.730	0	130.863	0	0	0	0	
1	[SLPS]	0	729.567	84.730	0	130.863	0	0	0	0	
1	[SLPS]	0	730.046	84.311	0	130.863	0	0	0	0	
1	[SLPS]	0	730.046	84.311	0	130.863	0	0	0	0	
1	[SLPS]	0	730.289	84.102	0	130.865	0	0	0	0	
1	[SLPS]	0	730.526	83.895	0	130.868	0	0	0	0	
1	[SLPS]	0	730.526	83.895	0	130.868	0	0	0	0	
1	[SLPS]	0	731.013	83.478	0	130.876	0	0	0	0	
1	[SLPS]	0	731.013	83.478	0	130.876	0	0	0	0	
1	[SLPS]	0	731.492	83.062	0	130.878	0	0	0	0	
1	[SLPS]	0	731.492	83.062	0	130.878	0	0	0	0	
1	[SLPS]	0	731.734	82.852	0	130.873	0	0	0	0	
1	[SLPS]	0	731.968	82.643	0	130.879	0	0	0	0	
1	[SLPS]	0	731.968	82.643	0	130.879	0	0	0	0	
1	[SLPS]	0	732.447	82.230	0	130.878	0	0	0	0	
1	[SLPS]	0	732.447	82.230	0	130.878	0	0	0	0	
1	[SLPS]	0	732.689	82.015	0	130.885	0	0	0	0	
1	[SLPS]	0	732.937	81.800	0	130.888	0	0	0	0	
1	[SLPS]	0	732.937	81.800	0	130.888	0	0	0	0	
1	[SLPS]	0	733.414	81.385	0	130.886	0	0	0	0	
1	[SLPS]	0	733.414	81.385	0	130.886	0	0	0	0	
1	[SLPS]	0	733.654	81.170	0	130.886	0	0	0	0	
1	[SLPS]	0	733.892	80.964	0	130.885	0	0	0	0	
1	[SLPS]	0	733.892	80.964	0	130.885	0	0	0	0	
1	[SLPS]	0	734.379	80.544	0	130.886	0	0	0	0	
1	[SLPS]	0	734.379	80.544	0	130.886	0	0	0	0	
1	[SLPS]	0	734.619	80.332	0	130.893	0	0	0	0	
1	[SLPS]	0	734.865	80.126	0	130.887	0	0	0	0	
1	[SLPS]	0	734.865	80.126	0	130.887	0	0	0	0	
1	[SLPS]	0	735.343	79.706	0	130.896	0	0	0	0	
1	[SLPS]	0	735.343	79.706	0	130.896	0	0	0	0	
1	[SLPS]	0	735.584	79.496	0	130.893	0	0	0	0	
1	[SLPS]	0	735.828	79.290	0	130.893	0	0	0	0	
1	[SLPS]	0	735.828	79.290	0	130.893	0	0	0	0	
1	[SLPS]	0	736.314	78.875	0	130.886	0	0	0	0	
1	[SLPS]	0	736.314	78.875	0	130.886	0	0	0	0	
1	[SLPS]	0	736.549	78.664	0	130.896	0	0	0	0	
1	[SLPS]	0	736.787	78.450	0	130.908	0	0	0	0	
1	[SLPS]	0	736.787	78.450	0	130.908	0	0	0	0	
1	[SLPS]	0	737.271	78.038	0	130.910	0	0	0	0	
1	[SLPS]	0	737.271	78.038	0	130.910	0	0	0	0	
1	[SLPS]	0	737.510	77.828	0	130.917	0	0	0	0	
1	[SLPS]	0	737.752	77.615	0	130.927	0	0	0	0	
1	[SLPS]	0	737.752	77.615	0	130.927	0	0	0	0	
1	[SLPS]	0	738.231	77.190	0	130.944	0	0	0	0	
1	[SLPS]	0	738.231	77.190	0	130.944	0	0	0	0	
1	[SLPS]	0	738.471	76.978	0	130.946	0	0	0	0	
1	[SLPS]	0	738.716	76.767	0	130.945	0	0	0	0	
1	[SLPS]	0	738.716	76.767	0	130.945	0	0	0	0	
1	[SLPS]	0	739.197	76.343	0	130.966	0	0	0	0	
1	[SLPS]	0	739.197	76.343	0	130.966	0	0	0	0	
1	[SLPS]	0	739.437	76.138	0	130.969	0	0	0	0	
1	[SLPS]	0	739.676	75.927	0	130.974	0	0	0	0	
1	[SLPS]	0	739.926	75.714	0	130.975	0	0	0	0	
1	[SLPS]	0	740.164	75.502	0	130.984	0	0	0	0	
1	[SLPS]	0	740.164	75.502	0	130.984	0	0	0	0	
1	[SLPS]	0	740.645	75.082	0	130.993	0	0	0	0	
1	[SLPS]	0	740.645	75.082	0	130.993	0	0	0	0	
1	[SLPS]	0	740.880	74.871	0	131.008	0	0	0	0	
1	[SLPS]	0	741.132	74.669	0	130.998	0	0	0	0	
1	[SLPS]	0	741.132	74.669	0	130.998	0	0	0	0	
1	[SLPS]	0	741.607	74.246	0	131.015	0	0	0	0	
1	[SLPS]	0	741.607	74.246	0	131.015	0	0	0	0	
1	[SLPS]	0	741.850	74.043	0	131.007	0	0	0	0	
1	[SLPS]	0	742.091	73.835	0	131.013	0	0	0	0	
1	[SLPS]	0	742.091	73.835	0	131.013	0	0	0	0	
1	[SLPS]	0	742.561	73.420	0	131.032	0	0	0	0	
1	[SLPS]	0	742.561	73.420	0	131.032	0	0	0	0	
1	[SLPS]	0	742.802	73.214	0	131.031	0	0	0	0	
1	[SLPS]	0	743.039	73.007	0	131.035	0	0	0	0	
1	[SLPS]	0	743.039	73.007	0	131.035	0	0	0	0	
1	[SLPS]	0	743.514	72.582	0	131.040	0	0	0	0	
1	[SLPS]	0	743.514	72.582	0	131.040	0	0	0	0	
1	[SLPS]	0	743.756	72.374	0	131.038	0	0	0	0	
1	[SLPS]	0	743.992	72.165	0	131.048	0	0	0	0	
1	[SLPS]	0	743.992	72.165	0	131.048	0	0	0	0	
1	[SLPS]	0	744.481	71.743	0	131.048	0	0	0	0	
1	[SLPS]	0	744.481	71.743	0	131.048	0	0	0	0	
1	[SLPS]	0	744.714	71.527	0	131.061	0	0	0	0	
1	[SLPS]	0	744.953	71.317	0	131.063	0	0	0	0	
1	[SLPS]	0	744.953	71.317	0	131.063	0	0	0	0	
1	[SLPS]	0	745.438	70.903	0	131.067	0	0	0	0	
1	[SLPS]	0	745.438	70.903	0	131.067	0	0	0	0	
1	[SLPS]	0	745.682	70.691	0	131.069	0	0	0	0	
1	[SLPS]	0	745.919	70.479	0	131.070	0	0	0	0	
1	[SLPS]	0	745.919	70.479	0	131.070	0	0	0	0	
1	[SLPS]	0	746.402	70.060	0	131.057	0	0	0	0	
1	[SLPS]	0	746.402	70.060	0	131.057	0	0	0	0	
1	[SLPS]	0	746.640	69.848	0	131.053	0	0	0	0	
1	[SLPS]	0	746.880	69.639	0	131.054	0	0	0	0	
1	[SLPS]	0	746.880	69.639	0	131.054	0	0	0	0	
1	[SLPS]	0	747.364	69.216	0	131.066	0	0	0	0	
1	[SLPS]	0	747.364	69.216	0	131.066	0	0	0	0	
1	[SLPS]	0	747.605	69.003	0	131.066	0	0	0	0	
1	[SLPS]	0	747.840	68.797	0	131.061	0	0	0	0	
1	[SLPS]	0	747.840	68.797	0	131.061	0	0	0	0	
1	[SLPS]	0	748.328	68.367	0	131.049	0	0	0	0	
1	[SLPS]	0	748.328	68.367	0	131.049	0	0	0	0	
1	[SLPS]	0	748.564	68.157	0	131.049	0	0	0	0	
1	[SLPS]	0	748.804	67.946	0	131.047	0	0	0	0	
1	[SLPS]	0	749.046	67.737	0	131.043	0	0	0	0	
1	[SLPS]	0	749.289	67.531	0	131.029	0	0	0	0	
1	[SLPS]	0	749.289	67.531	0	131.029	0	0	0	0	
1	[SLPS]	0	749.769	67.114	0	131.011	0	0	0	0	
1	[SLPS]	0	749.769	67.114	0	131.011	0	0	0	0	
1	[SLPS]	0	750.006	66.897	0	131.012	0	0	0	0	
1	[SLPS]	0	750.254	66.692	0	130.995	0	0	0	0	
1	[SLPS]	0	750.254	66.692	0	130.995	0	0	0	0	
1	[SLPS]	0	750.725	66.275	0	130.988	0	0	0	0	
1	[SLPS]	0	750.725	66.275	0	130.988	0	0	0	0	
1	[SLPS]	0	750.965	66.059	0	130.985	0	0	0	0	
1	[SLPS]	0	751.206	65.852	0	130.972	0	0	0	0	
1	[SLPS]	0	751.206	65.852	0	130.972	0	0	0	0	
1	[SLPS]	0	751.684	65.435	0	130.952	0	0	0	0	
1	[SLPS]	0	751.684	65.435	0	130.952	0	0	0	0	
1	[SLPS]	0	751.928	65.224	0	130.950	0	0	0	0	
1	[SLPS]	0	752.174	65.021	0	130.940	0	0	0	0	
1	[SLPS]	0	752.174	65.021	0	130.940	0	0	0	0	
1	[SLPS]	0	752.656	64.596	0	130.938	0	0	0	0	
1	[SLPS]	0	752.656	64.596	0	130.938	0	0	0	0	
1	[SLPS]	0	752.904	64.393	0	130.926	0	0	0	0	
1	[SLPS]	0	753.145	64.183	0	130.919	0	0	0	0	
1	[SLPS]	0	753.145	64.183	0	130.919	0	0	0	0	
1	[SLPS]	0	753.630	63.764	0	130.900	0	0	0	0	
1	[SLPS]	0	753.630	63.764	0	130.900	0	0	0	0	
1	[SLPS]	0	753.876	63.562	0	130.885	0	0	0	0	
1	[SLPS]	0	754.116	63.356	0	130.877	0	0	0	0	
1	[SLPS]	0	754.116	63.356	0	130.877	0	0	0	0	
1	[SLPS]	0	754.596	62.938	0	130.866	0	0	0	0	
1	[SLPS]	0	754.596	62.938	0	130.866	0	0	0	0	
1	[SLPS]	0	754.831	62.732	0	130.866	0	0	0	0	
1	[SLPS]	0	755.073	62.524	0	130.858	0	0	0	0	
1	[SLPS]	0	755.073	62.524	0	130.858	0	0	0	0	
1	[SLPS]	0	755.549	62.100	0	130.862	0	0	0	0	
1	[SLPS]	0	755.549	62.100	0	130.862	0	0	0	0	
1	[SLPS]	0	756.020	61.685	0	130.854	0	0	0	0	
1	[SLPS]	0	756.020	61.685	0	130.854	0	0	0	0	
1	[SLPS]	0	756.259	61.472	0	130.853	0	0	0	0	
1	[SLPS]	0	756.502	61.270	0	130.842	0	0	0	0	
1	[SLPS]	0	756.502	61.270	0	130.842	0	0	0	0	
1	[SLPS]	0	756.979	60.843	0	130.834	0	0	0	0	
1	[SLPS]	0	756.979	60.843	0	130.834	0	0	0	0	
1	[SLPS]	0	757.220	60.630	0	130.833	0	0	0	0	
1	[SLPS]	0	757.461	60.427	0	130.824	0	0	0	0	
1	[SLPS]	0	757.461	60.427	0	130.824	0	0	0	0	
1	[SLPS]	0	757.939	60.004	0	130.825	0	0	0	0	
1	[SLPS]	0	757.939	60.004	0	130.825	0	0	0	0	
1	[SLPS]	0	758.185	59.796	0	130.811	0	0	0	0	
1	[SLPS]	0	758.425	59.587	0	130.802	0	0	0	0	
1	[SLPS]	0	758.425	59.587	0	130.802	0	0	0	0	
1	[SLPS]	0	758.906	59.172	0	130.794	0	0	0	0	
1	[SLPS]	0	758.906	59.172	0	130.794	0	0	0	0	
1	[SLPS]	0	759.152	58.969	0	130.779	0	0	0	0	
1	[SLPS]	0	759.398	58.758	0	130.768	0	0	0	0	
1	[SLPS]	0	759.398	58.758	0	130.768	0	0	0	0	
1	[SLPS]	0	759.870	58.345	0	130.758	0	0	0	0	
1	[SLPS]	0	759.870	58.345	0	130.758	0	0	0	0	
1	[SLPS]	0	760.115	58.140	0	130.749	0	0	0	0	
1	[SLPS]	0	760.347	57.932	0	130.755	0	0	0	0	
1	[SLPS]	0	760.347	57.932	0	130.755	0	0	0	0	
1	[SLPS]	0	760.824	57.518	0	130.751	0	0	0	0	
1	[SLPS]	0	760.824	57.518	0	130.751	0	0	0	0	
1	[SLPS]	0	761.061	57.312	0	130.749	0	0	0	0	
1	[SLPS]	0	761.295	57.107	0	130.750	0	0	0	0	
1	[SLPS]	0	761.295	57.107	0	130.750	0	0	0	0	
1	[SLPS]	0	761.789	56.698	0	130.747	0	0	0	0	
1	[SLPS]	0	761.789	56.698	0	130.747	0	0	0	0	
1	[SLPS]	0	762.031	56.489	0	130.754	0	0	0	0	
1	[SLPS]	0	762.268	56.281	0	130.761	0	0	0	0	
1	[SLPS]	0	762.509	56.073	0	130.767	0	0	0	0	
1	[SLPS]	0	762.744	55.863	0	130.772	0	0	0	0	
1	[SLPS]	0	762.744	55.863	0	130.772	0	0	0	0	
1	[SLPS]	0	762.985	55.659	0	130.765	0	0	0	0	
1	[SLPS]	0	763.224	55.453	0	130.770	0	0	0	0	
1	[SLPS]	0	763.450	55.249	0	130.788	0	0	0	0	
1	[SLPS]	0	763.686	55.049	0	130.789	0	0	0	0	
1	[SLPS]	0	763.686	55.049	0	130.789	0	0	0	0	
1	[SLPS]	0	764.158	54.632	0	130.801	0	0	0	0	
1	[SLPS]	0	764.158	54.632	0	130.801	0	0	0	0	
1	[SLPS]	0	764.396	54.430	0	130.798	0	0	0	0	
1	[SLPS]	0	764.635	54.224	0	130.800	0	0	0	0	
1	[SLPS]	0	764.635	54.224	0	130.800	0	0	0	0	
1	[SLPS]	0	765.102	53.805	0	130.820	0	0	0	0	
1	[SLPS]	0	765.102	53.805	0	130.820	0	0	0	0	
1	[SLPS]	0	765.346	53.606	0	130.810	0	0	0	0	
1	[SLPS]	0	765.583	53.396	0	130.820	0	0	0	0	
1	[SLPS]	0	765.583	53.396	0	130.820	0	0	0	0	
1	[SLPS]	0	766.059	52.982	0	130.826	0	0	0	0	
1	[SLPS]	0	766.059	52.982	0	130.826	0	0	0	0	
1	[SLPS]	0	766.293	52.773	0	130.839	0	0	0	0	
1	[SLPS]	0	766.530	52.562	0	130.846	0	0	0	0	
1	[SLPS]	0	766.530	52.562	0	130.846	0	0	0	0	
1	[SLPS]	0	767.006	52.153	0	130.853	0	0	0	0	
1	[SLPS]	0	767.006	52.153	0	130.853	0	0	0	0	
1	[SLPS]	0	767.245	51.948	0	130.855	0	0	0	0	
1	[SLPS]	0	767.478	51.746	0	130.863	0	0	0	0	
1	[SLPS]	0	767.478	51.746	0	130.863	0	0	0	0	
1	[SLPS]	0	767.950	51.340	0	130.864	0	0	0	0	
1	[SLPS]	0	767.950	51.340	0	130.864	0	0	0	0	
1	[SLPS]	0	768.178	51.133	0	130.878	0	0	0	0	
1	[SLPS]	0	768.417	50.929	0	130.881	0	0	0	0	
1	[SLPS]	0	768.417	50.929	0	130.881	0	0	0	0	
1	[SLPS]	0	768.887	50.526	0	130.886	0	0	0	0	
1	[SLPS]	0	768.887	50.526	0	130.886	0	0	0	0	
1	[SLPS]	0	769.124	50.321	0	130.888	0	0	0	0	
1	[SLPS]	0	769.357	50.120	0	130.891	0	0	0	0	
1	[SLPS]	0	769.357	50.120	0	130.891	0	0	0	0	
1	[SLPS]	0	769.820	49.714	0	130.905	0	0	0	0	
1	[SLPS]	0	769.820	49.714	0	130.905	0	0	0	0	
1	[SLPS]	0	770.052	49.504	0	130.906	0	0	0	0	
1	[SLPS]	0	770.289	49.302	0	130.895	0	0	0	0	
1	[SLPS]	0	770.524	49.100	0	130.891	0	0	0	0	
1	[SLPS]	0	770.749	48.896	0	130.889	0	0	0	0	
1	[SLPS]	0	770.749	48.896	0	130.889	0	0	0	0	
1	[SLPS]	0	770.986	48.677	0	130.897	0	0	0	0	
1	[SLPS]	0	771.217	48.472	0	130.896	0	0	0	0	
1	[SLPS]	0	771.217	48.472	0	130.896	0	0	0	0	
1	[SLPS]	0	771.682	48.063	0	130.891	0	0	0	0	
1	[SLPS]	0	771.682	48.063	0	130.891	0	0	0	0	
1	[SLPS]	0	771.916	47.862	0	130.882	0	0	0	0	
1	[SLPS]	0	772.150	47.655	0	130.883	0	0	0	0	
1	[SLPS]	0	772.150	47.655	0	130.883	0	0	0	0	
1	[SLPS]	0	772.617	47.250	0	130.878	0	0	0	0	
1	[SLPS]	0	772.617	47.250	0	130.878	0	0	0	0	
1	[SLPS]	0	772.851	47.043	0	130.882	0	0	0	0	
1	[SLPS]	0	773.085	46.838	0	130.887	0	0	0	0	
1	[SLPS]	0	773.318	46.645	0	130.883	0	0	0	0	
1	[SLPS]	0	773.548	46.442	0	130.883	0	0	0	0	
1	[SLPS]	0	773.548	46.442	0	130.883	0	0	0	0	
1	[SLPS]	0	773.777	46.243	0	130.876	0	0	0	0	
1	[SLPS]	0	774.011	46.042	0	130.869	0	0	0	0	
1	[SLPS]	0	774.011	46.042	0	130.869	0	0	0	0	
1	[SLPS]	0	774.475	45.643	0	130.849	0	0	0	0	
1	[SLPS]	0	774.475	45.643	0	130.849	0	0	0	0	
1	[SLPS]	0	774.695	45.443	0	130.849	0	0	0	0	
1	[SLPS]	0	774.927	45.255	0	130.839	0	0	0	0	
1	[SLPS]	0	775.157	45.051	0	130.841	0	0	0	0	
1	[SLPS]	0	775.377	44.858	0	130.838	0	0	0	0	
1	[SLPS]	0	775.377	44.858	0	130.838	0	0	0	0	
1	[SLPS]	0	775.831	44.477	0	130.824	0	0	0	0	
1	[SLPS]	0	775.831	44.477	0	130.824	0	0	0	0	
1	[SLPS]	0	776.058	44.278	0	130.821	0	0	0	0	
1	[SLPS]	0	776.279	44.095	0	130.811	0	0	0	0	
1	[SLPS]	0	776.279	44.095	0	130.811	0	0	0	0	
1	[SLPS]	0	776.724	43.704	0	130.794	0	0	0	0	
1	[SLPS]	0	776.724	43.704	0	130.794	0	0	0	0	
1	[SLPS]	0	776.946	43.515	0	130.782	0	0	0	0	
1	[SLPS]	0	777.168	43.324	0	130.772	0	0	0	0	
1	[SLPS]	0	777.168	43.324	0	130.772	0	0	0	0	
1	[SLPS]	0	777.606	42.949	0	130.757	0	0	0	0	
1	[SLPS]	0	777.606	42.949	0	130.757	0	0	0	0	
1	[SLPS]	0	777.830	42.762	0	130.750	0	0	0	0	
1	[SLPS]	0	778.048	42.574	0	130.744	0	0	0	0	
1	[SLPS]	0	778.048	42.574	0	130.744	0	0	0	0	
1	[SLPS]	0	778.475	42.195	0	130.738	0	0	0	0	
1	[SLPS]	0	778.475	42.195	0	130.738	0	0	0	0	
1	[SLPS]	0	778.698	42.004	0	130.733	0	0	0	0	
1	[SLPS]	0	778.911	41.823	0	130.728	0	0	0	0	
1	[SLPS]	0	778.911	41.823	0	130.728	0	0	0	0	
1	[SLPS]	0	779.337	41.453	0	130.732	0	0	0	0	
