1	[SLPS]	0	421.422	66.790	0	322.669	0	0	0	0	
1	[SLPS]	0	421.280	66.972	0	322.647	0	0	0	0	
1	[SLPS]	0	421.144	67.152	0	322.632	0	0	0	0	
1	[SLPS]	0	421.144	67.152	0	322.632	0	0	0	0	
1	[SLPS]	0	420.873	67.510	0	322.599	0	0	0	0	
1	[SLPS]	0	420.873	67.510	0	322.599	0	0	0	0	
1	[SLPS]	0	420.735	67.693	0	322.586	0	0	0	0	
1	[SLPS]	0	420.599	67.871	0	322.579	0	0	0	0	
1	[SLPS]	0	420.599	67.871	0	322.579	0	0	0	0	
1	[SLPS]	0	420.328	68.229	0	322.570	0	0	0	0	
1	[SLPS]	0	420.328	68.229	0	322.570	0	0	0	0	
1	[SLPS]	0	420.192	68.405	0	322.565	0	0	0	0	
1	[SLPS]	0	420.055	68.582	0	322.535	0	0	0	0	
1	[SLPS]	0	420.055	68.582	0	322.535	0	0	0	0	
1	[SLPS]	0	419.786	68.937	0	322.541	0	0	0	0	
1	[SLPS]	0	419.786	68.937	0	322.541	0	0	0	0	
1	[SLPS]	0	419.650	69.115	0	322.546	0	0	0	0	
1	[SLPS]	0	419.518	69.291	0	322.546	0	0	0	0	
1	[SLPS]	0	419.518	69.291	0	322.546	0	0	0	0	
1	[SLPS]	0	419.242	69.643	0	322.539	0	0	0	0	
1	[SLPS]	0	419.242	69.643	0	322.539	0	0	0	0	
1	[SLPS]	0	419.108	69.821	0	322.541	0	0	0	0	
1	[SLPS]	0	418.978	69.997	0	322.543	0	0	0	0	
1	[SLPS]	0	418.978	69.997	0	322.543	0	0	0	0	
1	[SLPS]	0	418.706	70.349	0	322.552	0	0	0	0	
1	[SLPS]	0	418.706	70.349	0	322.552	0	0	0	0	
1	[SLPS]	0	418.574	70.523	0	322.554	0	0	0	0	
1	[SLPS]	0	418.438	70.698	0	322.552	0	0	0	0	
1	[SLPS]	0	418.305	70.869	0	322.551	0	0	0	0	
1	[SLPS]	0	418.173	71.047	0	322.556	0	0	0	0	
1	[SLPS]	0	418.173	71.047	0	322.556	0	0	0	0	
1	[SLPS]	0	417.904	71.396	0	322.557	0	0	0	0	
1	[SLPS]	0	417.904	71.396	0	322.557	0	0	0	0	
1	[SLPS]	0	417.775	71.567	0	322.560	0	0	0	0	
1	[SLPS]	0	417.643	71.739	0	322.555	0	0	0	0	
1	[SLPS]	0	417.643	71.739	0	322.555	0	0	0	0	
1	[SLPS]	0	417.380	72.089	0	322.561	0	0	0	0	
1	[SLPS]	0	417.380	72.089	0	322.561	0	0	0	0	
1	[SLPS]	0	417.250	72.262	0	322.564	0	0	0	0	
1	[SLPS]	0	417.120	72.434	0	322.593	0	0	0	0	
1	[SLPS]	0	417.120	72.434	0	322.593	0	0	0	0	
1	[SLPS]	0	416.854	72.782	0	322.590	0	0	0	0	
1	[SLPS]	0	416.854	72.782	0	322.590	0	0	0	0	
1	[SLPS]	0	416.720	72.959	0	322.594	0	0	0	0	
1	[SLPS]	0	416.588	73.134	0	322.597	0	0	0	0	
1	[SLPS]	0	416.588	73.134	0	322.597	0	0	0	0	
1	[SLPS]	0	416.319	73.475	0	322.595	0	0	0	0	
1	[SLPS]	0	416.319	73.475	0	322.595	0	0	0	0	
1	[SLPS]	0	416.187	73.649	0	322.602	0	0	0	0	
1	[SLPS]	0	416.055	73.822	0	322.608	0	0	0	0	
1	[SLPS]	0	416.055	73.822	0	322.608	0	0	0	0	
1	[SLPS]	0	415.790	74.165	0	322.609	0	0	0	0	
1	[SLPS]	0	415.790	74.165	0	322.609	0	0	0	0	
1	[SLPS]	0	415.660	74.339	0	322.612	0	0	0	0	
1	[SLPS]	0	415.530	74.513	0	322.616	0	0	0	0	
1	[SLPS]	0	415.530	74.513	0	322.616	0	0	0	0	
1	[SLPS]	0	415.263	74.860	0	322.602	0	0	0	0	
1	[SLPS]	0	415.263	74.860	0	322.602	0	0	0	0	
1	[SLPS]	0	415.131	75.035	0	322.601	0	0	0	0	
1	[SLPS]	0	415.002	75.209	0	322.610	0	0	0	0	
1	[SLPS]	0	415.002	75.209	0	322.610	0	0	0	0	
1	[SLPS]	0	414.739	75.560	0	322.623	0	0	0	0	
1	[SLPS]	0	414.739	75.560	0	322.623	0	0	0	0	
1	[SLPS]	0	414.606	75.735	0	322.625	0	0	0	0	
1	[SLPS]	0	414.474	75.909	0	322.621	0	0	0	0	
1	[SLPS]	0	414.474	75.909	0	322.621	0	0	0	0	
1	[SLPS]	0	414.205	76.258	0	322.621	0	0	0	0	
1	[SLPS]	0	414.205	76.258	0	322.621	0	0	0	0	
1	[SLPS]	0	414.072	76.441	0	322.635	0	0	0	0	
1	[SLPS]	0	413.938	76.615	0	322.637	0	0	0	0	
1	[SLPS]	0	413.938	76.615	0	322.637	0	0	0	0	
1	[SLPS]	0	413.672	76.965	0	322.637	0	0	0	0	
1	[SLPS]	0	413.672	76.965	0	322.637	0	0	0	0	
1	[SLPS]	0	413.536	77.144	0	322.645	0	0	0	0	
1	[SLPS]	0	413.408	77.321	0	322.667	0	0	0	0	
1	[SLPS]	0	413.408	77.321	0	322.667	0	0	0	0	
1	[SLPS]	0	413.139	77.673	0	322.690	0	0	0	0	
1	[SLPS]	0	413.139	77.673	0	322.690	0	0	0	0	
1	[SLPS]	0	413.006	77.848	0	322.700	0	0	0	0	
1	[SLPS]	0	412.873	78.020	0	322.708	0	0	0	0	
1	[SLPS]	0	412.873	78.020	0	322.708	0	0	0	0	
1	[SLPS]	0	412.603	78.372	0	322.728	0	0	0	0	
1	[SLPS]	0	412.603	78.372	0	322.728	0	0	0	0	
1	[SLPS]	0	412.471	78.547	0	322.739	0	0	0	0	
1	[SLPS]	0	412.339	78.720	0	322.751	0	0	0	0	
1	[SLPS]	0	412.206	78.902	0	322.765	0	0	0	0	
1	[SLPS]	0	412.074	79.078	0	322.776	0	0	0	0	
1	[SLPS]	0	412.074	79.078	0	322.776	0	0	0	0	
1	[SLPS]	0	411.804	79.424	0	322.791	0	0	0	0	
1	[SLPS]	0	411.804	79.424	0	322.791	0	0	0	0	
1	[SLPS]	0	411.672	79.600	0	322.795	0	0	0	0	
1	[SLPS]	0	411.537	79.775	0	322.793	0	0	0	0	
1	[SLPS]	0	411.537	79.775	0	322.793	0	0	0	0	
1	[SLPS]	0	411.265	80.127	0	322.785	0	0	0	0	
1	[SLPS]	0	411.265	80.127	0	322.785	0	0	0	0	
1	[SLPS]	0	411.130	80.300	0	322.781	0	0	0	0	
1	[SLPS]	0	410.996	80.481	0	322.782	0	0	0	0	
1	[SLPS]	0	410.996	80.481	0	322.782	0	0	0	0	
1	[SLPS]	0	410.733	80.834	0	322.778	0	0	0	0	
1	[SLPS]	0	410.733	80.834	0	322.778	0	0	0	0	
1	[SLPS]	0	410.595	81.008	0	322.772	0	0	0	0	
1	[SLPS]	0	410.463	81.187	0	322.772	0	0	0	0	
1	[SLPS]	0	410.463	81.187	0	322.772	0	0	0	0	
1	[SLPS]	0	410.199	81.540	0	322.766	0	0	0	0	
1	[SLPS]	0	410.199	81.540	0	322.766	0	0	0	0	
1	[SLPS]	0	410.065	81.714	0	322.753	0	0	0	0	
1	[SLPS]	0	409.932	81.891	0	322.741	0	0	0	0	
1	[SLPS]	0	409.932	81.891	0	322.741	0	0	0	0	
1	[SLPS]	0	409.672	82.252	0	322.726	0	0	0	0	
1	[SLPS]	0	409.672	82.252	0	322.726	0	0	0	0	
1	[SLPS]	0	409.538	82.426	0	322.714	0	0	0	0	
1	[SLPS]	0	409.405	82.602	0	322.704	0	0	0	0	
1	[SLPS]	0	409.276	82.784	0	322.698	0	0	0	0	
1	[SLPS]	0	409.146	82.960	0	322.687	0	0	0	0	
1	[SLPS]	0	409.146	82.960	0	322.687	0	0	0	0	
1	[SLPS]	0	408.880	83.307	0	322.657	0	0	0	0	
1	[SLPS]	0	408.880	83.307	0	322.657	0	0	0	0	
1	[SLPS]	0	408.746	83.483	0	322.639	0	0	0	0	
1	[SLPS]	0	408.616	83.658	0	322.628	0	0	0	0	
1	[SLPS]	0	408.616	83.658	0	322.628	0	0	0	0	
1	[SLPS]	0	408.348	84.008	0	322.613	0	0	0	0	
1	[SLPS]	0	408.348	84.008	0	322.613	0	0	0	0	
1	[SLPS]	0	408.216	84.182	0	322.606	0	0	0	0	
1	[SLPS]	0	408.082	84.356	0	322.590	0	0	0	0	
1	[SLPS]	0	408.082	84.356	0	322.590	0	0	0	0	
1	[SLPS]	0	407.811	84.706	0	322.567	0	0	0	0	
1	[SLPS]	0	407.811	84.706	0	322.567	0	0	0	0	
1	[SLPS]	0	407.678	84.887	0	322.563	0	0	0	0	
1	[SLPS]	0	407.544	85.061	0	322.550	0	0	0	0	
1	[SLPS]	0	407.544	85.061	0	322.550	0	0	0	0	
1	[SLPS]	0	407.269	85.409	0	322.522	0	0	0	0	
1	[SLPS]	0	407.269	85.409	0	322.522	0	0	0	0	
1	[SLPS]	0	407.133	85.588	0	322.513	0	0	0	0	
1	[SLPS]	0	406.997	85.765	0	322.499	0	0	0	0	
1	[SLPS]	0	406.997	85.765	0	322.499	0	0	0	0	
1	[SLPS]	0	406.721	86.120	0	322.473	0	0	0	0	
1	[SLPS]	0	406.721	86.120	0	322.473	0	0	0	0	
1	[SLPS]	0	406.590	86.296	0	322.470	0	0	0	0	
1	[SLPS]	0	406.456	86.478	0	322.464	0	0	0	0	
1	[SLPS]	0	406.456	86.478	0	322.464	0	0	0	0	
1	[SLPS]	0	406.177	86.833	0	322.431	0	0	0	0	
1	[SLPS]	0	406.177	86.833	0	322.431	0	0	0	0	
1	[SLPS]	0	406.037	87.009	0	322.416	0	0	0	0	
1	[SLPS]	0	405.901	87.188	0	322.408	0	0	0	0	
1	[SLPS]	0	405.767	87.366	0	322.404	0	0	0	0	
1	[SLPS]	0	405.625	87.542	0	322.395	0	0	0	0	
1	[SLPS]	0	405.625	87.542	0	322.395	0	0	0	0	
1	[SLPS]	0	405.485	87.718	0	322.377	0	0	0	0	
1	[SLPS]	0	405.352	87.900	0	322.367	0	0	0	0	
1	[SLPS]	0	405.211	88.084	0	322.355	0	0	0	0	
1	[SLPS]	0	405.071	88.265	0	322.345	0	0	0	0	
1	[SLPS]	0	405.071	88.265	0	322.345	0	0	0	0	
1	[SLPS]	0	404.796	88.627	0	322.327	0	0	0	0	
1	[SLPS]	0	404.796	88.627	0	322.327	0	0	0	0	
1	[SLPS]	0	404.655	88.807	0	322.314	0	0	0	0	
1	[SLPS]	0	404.516	88.986	0	322.309	0	0	0	0	
1	[SLPS]	0	404.516	88.986	0	322.309	0	0	0	0	
1	[SLPS]	0	404.245	89.345	0	322.319	0	0	0	0	
1	[SLPS]	0	404.245	89.345	0	322.319	0	0	0	0	
1	[SLPS]	0	404.103	89.525	0	322.319	0	0	0	0	
1	[SLPS]	0	403.968	89.705	0	322.320	0	0	0	0	
1	[SLPS]	0	403.968	89.705	0	322.320	0	0	0	0	
1	[SLPS]	0	403.693	90.063	0	322.317	0	0	0	0	
1	[SLPS]	0	403.693	90.063	0	322.317	0	0	0	0	
1	[SLPS]	0	403.554	90.246	0	322.321	0	0	0	0	
1	[SLPS]	0	403.418	90.428	0	322.325	0	0	0	0	
1	[SLPS]	0	403.418	90.428	0	322.325	0	0	0	0	
1	[SLPS]	0	403.140	90.787	0	322.309	0	0	0	0	
1	[SLPS]	0	403.140	90.787	0	322.309	0	0	0	0	
1	[SLPS]	0	403.001	90.968	0	322.297	0	0	0	0	
1	[SLPS]	0	402.862	91.148	0	322.288	0	0	0	0	
1	[SLPS]	0	402.862	91.148	0	322.288	0	0	0	0	
1	[SLPS]	0	402.580	91.504	0	322.267	0	0	0	0	
1	[SLPS]	0	402.580	91.504	0	322.267	0	0	0	0	
1	[SLPS]	0	402.441	91.683	0	322.259	0	0	0	0	
1	[SLPS]	0	402.308	91.867	0	322.256	0	0	0	0	
1	[SLPS]	0	402.308	91.867	0	322.256	0	0	0	0	
1	[SLPS]	0	402.032	92.227	0	322.238	0	0	0	0	
1	[SLPS]	0	402.032	92.227	0	322.238	0	0	0	0	
1	[SLPS]	0	401.895	92.406	0	322.230	0	0	0	0	
1	[SLPS]	0	401.758	92.590	0	322.222	0	0	0	0	
1	[SLPS]	0	401.758	92.590	0	322.222	0	0	0	0	
1	[SLPS]	0	401.482	92.945	0	322.204	0	0	0	0	
1	[SLPS]	0	401.482	92.945	0	322.204	0	0	0	0	
1	[SLPS]	0	401.342	93.127	0	322.198	0	0	0	0	
1	[SLPS]	0	401.202	93.305	0	322.197	0	0	0	0	
1	[SLPS]	0	401.202	93.305	0	322.197	0	0	0	0	
1	[SLPS]	0	400.925	93.657	0	322.205	0	0	0	0	
1	[SLPS]	0	400.925	93.657	0	322.205	0	0	0	0	
1	[SLPS]	0	400.785	93.840	0	322.206	0	0	0	0	
1	[SLPS]	0	400.645	94.026	0	322.212	0	0	0	0	
1	[SLPS]	0	400.645	94.026	0	322.212	0	0	0	0	
1	[SLPS]	0	400.379	94.387	0	322.235	0	0	0	0	
1	[SLPS]	0	400.379	94.387	0	322.235	0	0	0	0	
1	[SLPS]	0	400.242	94.567	0	322.234	0	0	0	0	
1	[SLPS]	0	400.109	94.755	0	322.245	0	0	0	0	
1	[SLPS]	0	399.972	94.933	0	322.252	0	0	0	0	
1	[SLPS]	0	399.834	95.108	0	322.250	0	0	0	0	
1	[SLPS]	0	399.834	95.108	0	322.250	0	0	0	0	
1	[SLPS]	0	399.693	95.283	0	322.246	0	0	0	0	
1	[SLPS]	0	399.554	95.462	0	322.246	0	0	0	0	
1	[SLPS]	0	399.415	95.638	0	322.244	0	0	0	0	
1	[SLPS]	0	399.283	95.817	0	322.254	0	0	0	0	
1	[SLPS]	0	399.283	95.817	0	322.254	0	0	0	0	
1	[SLPS]	0	399.149	95.994	0	322.261	0	0	0	0	
1	[SLPS]	0	399.010	96.170	0	322.258	0	0	0	0	
1	[SLPS]	0	399.010	96.170	0	322.258	0	0	0	0	
1	[SLPS]	0	398.738	96.525	0	322.263	0	0	0	0	
1	[SLPS]	0	398.738	96.525	0	322.263	0	0	0	0	
1	[SLPS]	0	398.600	96.700	0	322.264	0	0	0	0	
1	[SLPS]	0	398.460	96.875	0	322.265	0	0	0	0	
1	[SLPS]	0	398.460	96.875	0	322.265	0	0	0	0	
1	[SLPS]	0	398.190	97.221	0	322.256	0	0	0	0	
1	[SLPS]	0	398.190	97.221	0	322.256	0	0	0	0	
1	[SLPS]	0	398.046	97.398	0	322.249	0	0	0	0	
1	[SLPS]	0	397.907	97.577	0	322.248	0	0	0	0	
1	[SLPS]	0	397.907	97.577	0	322.248	0	0	0	0	
1	[SLPS]	0	397.638	97.922	0	322.230	0	0	0	0	
1	[SLPS]	0	397.638	97.922	0	322.230	0	0	0	0	
1	[SLPS]	0	397.500	98.098	0	322.222	0	0	0	0	
1	[SLPS]	0	397.369	98.275	0	322.223	0	0	0	0	
1	[SLPS]	0	397.369	98.275	0	322.223	0	0	0	0	
1	[SLPS]	0	397.102	98.624	0	322.210	0	0	0	0	
1	[SLPS]	0	397.102	98.624	0	322.210	0	0	0	0	
1	[SLPS]	0	396.966	98.800	0	322.200	0	0	0	0	
1	[SLPS]	0	396.828	98.974	0	322.188	0	0	0	0	
1	[SLPS]	0	396.701	99.150	0	322.189	0	0	0	0	
1	[SLPS]	0	396.574	99.324	0	322.195	0	0	0	0	
1	[SLPS]	0	396.574	99.324	0	322.195	0	0	0	0	
1	[SLPS]	0	396.304	99.671	0	322.184	0	0	0	0	
1	[SLPS]	0	396.304	99.671	0	322.184	0	0	0	0	
1	[SLPS]	0	396.169	99.843	0	322.168	0	0	0	0	
1	[SLPS]	0	396.039	100.012	0	322.158	0	0	0	0	
1	[SLPS]	0	396.039	100.012	0	322.158	0	0	0	0	
1	[SLPS]	0	395.908	100.184	0	322.148	0	0	0	0	
1	[SLPS]	0	395.771	100.355	0	322.137	0	0	0	0	
1	[SLPS]	0	395.643	100.524	0	322.124	0	0	0	0	
1	[SLPS]	0	395.513	100.693	0	322.106	0	0	0	0	
1	[SLPS]	0	395.513	100.693	0	322.106	0	0	0	0	
1	[SLPS]	0	395.253	101.029	0	322.091	0	0	0	0	
1	[SLPS]	0	395.253	101.029	0	322.091	0	0	0	0	
1	[SLPS]	0	395.122	101.199	0	322.074	0	0	0	0	
1	[SLPS]	0	394.994	101.367	0	322.066	0	0	0	0	
1	[SLPS]	0	394.994	101.367	0	322.066	0	0	0	0	
1	[SLPS]	0	394.732	101.701	0	322.035	0	0	0	0	
1	[SLPS]	0	394.732	101.701	0	322.035	0	0	0	0	
1	[SLPS]	0	394.598	101.868	0	322.017	0	0	0	0	
1	[SLPS]	0	394.469	102.034	0	322.015	0	0	0	0	
1	[SLPS]	0	394.469	102.034	0	322.015	0	0	0	0	
1	[SLPS]	0	394.212	102.368	0	322.001	0	0	0	0	
1	[SLPS]	0	394.212	102.368	0	322.001	0	0	0	0	
1	[SLPS]	0	394.082	102.535	0	321.989	0	0	0	0	
1	[SLPS]	0	393.956	102.697	0	321.972	0	0	0	0	
1	[SLPS]	0	393.956	102.697	0	321.972	0	0	0	0	
1	[SLPS]	0	393.700	103.027	0	321.954	0	0	0	0	
1	[SLPS]	0	393.700	103.027	0	321.954	0	0	0	0	
1	[SLPS]	0	393.446	103.353	0	321.963	0	0	0	0	
1	[SLPS]	0	393.446	103.353	0	321.963	0	0	0	0	
1	[SLPS]	0	393.319	103.516	0	321.967	0	0	0	0	
1	[SLPS]	0	393.189	103.678	0	321.971	0	0	0	0	
1	[SLPS]	0	393.189	103.678	0	321.971	0	0	0	0	
1	[SLPS]	0	392.932	104.002	0	321.977	0	0	0	0	
1	[SLPS]	0	392.932	104.002	0	321.977	0	0	0	0	
1	[SLPS]	0	392.808	104.163	0	321.984	0	0	0	0	
1	[SLPS]	0	392.684	104.325	0	321.988	0	0	0	0	
1	[SLPS]	0	392.684	104.325	0	321.988	0	0	0	0	
1	[SLPS]	0	392.433	104.642	0	321.971	0	0	0	0	
1	[SLPS]	0	392.433	104.642	0	321.971	0	0	0	0	
1	[SLPS]	0	392.311	104.802	0	321.962	0	0	0	0	
1	[SLPS]	0	392.189	104.963	0	321.959	0	0	0	0	
1	[SLPS]	0	392.189	104.963	0	321.959	0	0	0	0	
1	[SLPS]	0	391.936	105.285	0	321.960	0	0	0	0	
1	[SLPS]	0	391.936	105.285	0	321.960	0	0	0	0	
1	[SLPS]	0	391.815	105.444	0	321.956	0	0	0	0	
1	[SLPS]	0	391.691	105.605	0	321.951	0	0	0	0	
1	[SLPS]	0	391.691	105.605	0	321.951	0	0	0	0	
1	[SLPS]	0	391.444	105.919	0	321.946	0	0	0	0	
1	[SLPS]	0	391.444	105.919	0	321.946	0	0	0	0	
1	[SLPS]	0	391.319	106.079	0	321.943	0	0	0	0	
1	[SLPS]	0	391.197	106.235	0	321.937	0	0	0	0	
1	[SLPS]	0	391.197	106.235	0	321.937	0	0	0	0	
1	[SLPS]	0	390.954	106.549	0	321.934	0	0	0	0	
1	[SLPS]	0	390.954	106.549	0	321.934	0	0	0	0	
1	[SLPS]	0	390.837	106.704	0	321.937	0	0	0	0	
1	[SLPS]	0	390.709	106.856	0	321.935	0	0	0	0	
1	[SLPS]	0	390.586	107.014	0	321.941	0	0	0	0	
1	[SLPS]	0	390.465	107.167	0	321.950	0	0	0	0	
1	[SLPS]	0	390.465	107.167	0	321.950	0	0	0	0	
1	[SLPS]	0	390.341	107.323	0	321.953	0	0	0	0	
1	[SLPS]	0	390.220	107.479	0	321.958	0	0	0	0	
1	[SLPS]	0	390.096	107.637	0	321.961	0	0	0	0	
1	[SLPS]	0	389.974	107.792	0	321.966	0	0	0	0	
1	[SLPS]	0	389.974	107.792	0	321.966	0	0	0	0	
1	[SLPS]	0	389.860	107.946	0	321.974	0	0	0	0	
1	[SLPS]	0	389.738	108.099	0	321.971	0	0	0	0	
1	[SLPS]	0	389.618	108.253	0	321.973	0	0	0	0	
1	[SLPS]	0	389.499	108.405	0	321.976	0	0	0	0	
1	[SLPS]	0	389.499	108.405	0	321.976	0	0	0	0	
1	[SLPS]	0	389.260	108.716	0	321.984	0	0	0	0	
1	[SLPS]	0	389.260	108.716	0	321.984	0	0	0	0	
1	[SLPS]	0	389.138	108.870	0	321.987	0	0	0	0	
1	[SLPS]	0	389.019	109.023	0	321.992	0	0	0	0	
1	[SLPS]	0	389.019	109.023	0	321.992	0	0	0	0	
1	[SLPS]	0	388.781	109.330	0	322.012	0	0	0	0	
1	[SLPS]	0	388.781	109.330	0	322.012	0	0	0	0	
1	[SLPS]	0	388.665	109.483	0	322.016	0	0	0	0	
1	[SLPS]	0	388.545	109.629	0	322.004	0	0	0	0	
1	[SLPS]	0	388.545	109.629	0	322.004	0	0	0	0	
1	[SLPS]	0	388.306	109.932	0	322.014	0	0	0	0	
1	[SLPS]	0	388.306	109.932	0	322.014	0	0	0	0	
1	[SLPS]	0	388.192	110.080	0	322.027	0	0	0	0	
1	[SLPS]	0	388.076	110.236	0	322.040	0	0	0	0	
1	[SLPS]	0	388.076	110.236	0	322.040	0	0	0	0	
1	[SLPS]	0	387.839	110.543	0	322.047	0	0	0	0	
1	[SLPS]	0	387.839	110.543	0	322.047	0	0	0	0	
1	[SLPS]	0	387.726	110.694	0	322.055	0	0	0	0	
1	[SLPS]	0	387.610	110.846	0	322.061	0	0	0	0	
1	[SLPS]	0	387.610	110.846	0	322.061	0	0	0	0	
1	[SLPS]	0	387.375	111.146	0	322.061	0	0	0	0	
1	[SLPS]	0	387.375	111.146	0	322.061	0	0	0	0	
1	[SLPS]	0	387.260	111.298	0	322.072	0	0	0	0	
1	[SLPS]	0	387.142	111.445	0	322.075	0	0	0	0	
1	[SLPS]	0	387.142	111.445	0	322.075	0	0	0	0	
1	[SLPS]	0	386.907	111.746	0	322.085	0	0	0	0	
1	[SLPS]	0	386.907	111.746	0	322.085	0	0	0	0	
1	[SLPS]	0	386.791	111.895	0	322.088	0	0	0	0	
1	[SLPS]	0	386.673	112.046	0	322.097	0	0	0	0	
1	[SLPS]	0	386.673	112.046	0	322.097	0	0	0	0	
1	[SLPS]	0	386.439	112.347	0	322.108	0	0	0	0	
1	[SLPS]	0	386.439	112.347	0	322.108	0	0	0	0	
1	[SLPS]	0	386.321	112.502	0	322.111	0	0	0	0	
1	[SLPS]	0	386.201	112.655	0	322.109	0	0	0	0	
1	[SLPS]	0	386.201	112.655	0	322.109	0	0	0	0	
1	[SLPS]	0	385.965	112.963	0	322.111	0	0	0	0	
1	[SLPS]	0	385.965	112.963	0	322.111	0	0	0	0	
1	[SLPS]	0	385.848	113.117	0	322.111	0	0	0	0	
1	[SLPS]	0	385.729	113.268	0	322.111	0	0	0	0	
1	[SLPS]	0	385.729	113.268	0	322.111	0	0	0	0	
1	[SLPS]	0	385.493	113.574	0	322.114	0	0	0	0	
1	[SLPS]	0	385.493	113.574	0	322.114	0	0	0	0	
1	[SLPS]	0	385.373	113.727	0	322.106	0	0	0	0	
1	[SLPS]	0	385.254	113.876	0	322.102	0	0	0	0	
1	[SLPS]	0	385.254	113.876	0	322.102	0	0	0	0	
1	[SLPS]	0	385.017	114.181	0	322.110	0	0	0	0	
1	[SLPS]	0	385.017	114.181	0	322.110	0	0	0	0	
1	[SLPS]	0	384.898	114.340	0	322.116	0	0	0	0	
1	[SLPS]	0	384.778	114.493	0	322.115	0	0	0	0	
1	[SLPS]	0	384.778	114.493	0	322.115	0	0	0	0	
1	[SLPS]	0	384.538	114.799	0	322.110	0	0	0	0	
1	[SLPS]	0	384.538	114.799	0	322.110	0	0	0	0	
1	[SLPS]	0	384.419	114.955	0	322.110	0	0	0	0	
1	[SLPS]	0	384.300	115.108	0	322.114	0	0	0	0	
1	[SLPS]	0	384.300	115.108	0	322.114	0	0	0	0	
1	[SLPS]	0	384.055	115.414	0	322.095	0	0	0	0	
1	[SLPS]	0	384.055	115.414	0	322.095	0	0	0	0	
1	[SLPS]	0	383.821	115.722	0	321.996	0	0	0	0	
1	[SLPS]	0	383.821	115.722	0	321.996	0	0	0	0	
1	[SLPS]	0	383.706	115.876	0	321.924	0	0	0	0	
1	[SLPS]	0	383.589	116.031	0	321.860	0	0	0	0	
1	[SLPS]	0	383.589	116.031	0	321.860	0	0	0	0	
1	[SLPS]	0	383.348	116.334	0	321.737	0	0	0	0	
1	[SLPS]	0	383.348	116.334	0	321.737	0	0	0	0	
1	[SLPS]	0	383.229	116.487	0	321.674	0	0	0	0	
1	[SLPS]	0	383.104	116.632	0	321.601	0	0	0	0	
1	[SLPS]	0	383.104	116.632	0	321.601	0	0	0	0	
1	[SLPS]	0	382.868	116.931	0	321.411	0	0	0	0	
1	[SLPS]	0	382.868	116.931	0	321.411	0	0	0	0	
1	[SLPS]	0	382.750	117.079	0	321.308	0	0	0	0	
1	[SLPS]	0	382.633	117.224	0	321.204	0	0	0	0	
1	[SLPS]	0	382.633	117.224	0	321.204	0	0	0	0	
1	[SLPS]	0	382.407	117.503	0	320.987	0	0	0	0	
1	[SLPS]	0	382.407	117.503	0	320.987	0	0	0	0	
1	[SLPS]	0	382.288	117.642	0	320.863	0	0	0	0	
1	[SLPS]	0	382.173	117.777	0	320.725	0	0	0	0	
1	[SLPS]	0	382.173	117.777	0	320.725	0	0	0	0	
1	[SLPS]	0	381.951	118.045	0	320.394	0	0	0	0	
1	[SLPS]	0	381.951	118.045	0	320.394	0	0	0	0	
1	[SLPS]	0	381.840	118.179	0	320.210	0	0	0	0	
1	[SLPS]	0	381.730	118.313	0	320.021	0	0	0	0	
1	[SLPS]	0	381.614	118.448	0	319.826	0	0	0	0	
1	[SLPS]	0	381.501	118.577	0	319.620	0	0	0	0	
1	[SLPS]	0	381.501	118.577	0	319.620	0	0	0	0	
1	[SLPS]	0	381.268	118.842	0	319.161	0	0	0	0	
1	[SLPS]	0	381.268	118.842	0	319.161	0	0	0	0	
1	[SLPS]	0	381.150	118.975	0	318.910	0	0	0	0	
1	[SLPS]	0	381.031	119.106	0	318.642	0	0	0	0	
1	[SLPS]	0	381.031	119.106	0	318.642	0	0	0	0	
1	[SLPS]	0	380.783	119.373	0	318.083	0	0	0	0	
1	[SLPS]	0	380.783	119.373	0	318.083	0	0	0	0	
1	[SLPS]	0	380.665	119.505	0	317.792	0	0	0	0	
1	[SLPS]	0	380.541	119.637	0	317.493	0	0	0	0	
1	[SLPS]	0	380.541	119.637	0	317.493	0	0	0	0	
1	[SLPS]	0	380.287	119.899	0	316.865	0	0	0	0	
1	[SLPS]	0	380.287	119.899	0	316.865	0	0	0	0	
1	[SLPS]	0	380.162	120.025	0	316.540	0	0	0	0	
1	[SLPS]	0	380.038	120.153	0	316.208	0	0	0	0	
1	[SLPS]	0	380.038	120.153	0	316.208	0	0	0	0	
1	[SLPS]	0	379.783	120.401	0	315.546	0	0	0	0	
1	[SLPS]	0	379.783	120.401	0	315.546	0	0	0	0	
1	[SLPS]	0	379.658	120.528	0	315.220	0	0	0	0	
1	[SLPS]	0	379.530	120.646	0	314.892	0	0	0	0	
1	[SLPS]	0	379.530	120.646	0	314.892	0	0	0	0	
1	[SLPS]	0	379.276	120.890	0	314.246	0	0	0	0	
1	[SLPS]	0	379.276	120.890	0	314.246	0	0	0	0	
1	[SLPS]	0	379.147	121.003	0	313.931	0	0	0	0	
1	[SLPS]	0	379.019	121.121	0	313.614	0	0	0	0	
1	[SLPS]	0	379.019	121.121	0	313.614	0	0	0	0	
1	[SLPS]	0	378.757	121.360	0	312.991	0	0	0	0	
1	[SLPS]	0	378.757	121.360	0	312.991	0	0	0	0	
1	[SLPS]	0	378.490	121.592	0	312.381	0	0	0	0	
1	[SLPS]	0	378.490	121.592	0	312.381	0	0	0	0	
1	[SLPS]	0	378.356	121.709	0	312.094	0	0	0	0	
1	[SLPS]	0	378.222	121.827	0	311.823	0	0	0	0	
1	[SLPS]	0	378.222	121.827	0	311.823	0	0	0	0	
1	[SLPS]	0	377.957	122.054	0	311.300	0	0	0	0	
1	[SLPS]	0	377.957	122.054	0	311.300	0	0	0	0	
1	[SLPS]	0	377.823	122.171	0	311.053	0	0	0	0	
1	[SLPS]	0	377.691	122.288	0	310.818	0	0	0	0	
1	[SLPS]	0	377.691	122.288	0	310.818	0	0	0	0	
1	[SLPS]	0	377.420	122.509	0	310.393	0	0	0	0	
1	[SLPS]	0	377.420	122.509	0	310.393	0	0	0	0	
1	[SLPS]	0	377.284	122.621	0	310.201	0	0	0	0	
1	[SLPS]	0	377.151	122.735	0	310.017	0	0	0	0	
1	[SLPS]	0	377.151	122.735	0	310.017	0	0	0	0	
1	[SLPS]	0	377.011	122.845	0	309.839	0	0	0	0	
1	[SLPS]	0	376.876	122.952	0	309.663	0	0	0	0	
1	[SLPS]	0	376.740	123.065	0	309.487	0	0	0	0	
1	[SLPS]	0	376.602	123.180	0	309.319	0	0	0	0	
1	[SLPS]	0	376.602	123.180	0	309.319	0	0	0	0	
1	[SLPS]	0	376.464	123.290	0	309.162	0	0	0	0	
1	[SLPS]	0	376.330	123.394	0	309.014	0	0	0	0	
1	[SLPS]	0	376.191	123.505	0	308.877	0	0	0	0	
1	[SLPS]	0	376.052	123.613	0	308.747	0	0	0	0	
1	[SLPS]	0	376.052	123.613	0	308.747	0	0	0	0	
1	[SLPS]	0	375.772	123.828	0	308.499	0	0	0	0	
1	[SLPS]	0	375.772	123.828	0	308.499	0	0	0	0	
1	[SLPS]	0	375.633	123.934	0	308.374	0	0	0	0	
1	[SLPS]	0	375.492	124.041	0	308.247	0	0	0	0	
1	[SLPS]	0	375.492	124.041	0	308.247	0	0	0	0	
1	[SLPS]	0	375.214	124.257	0	307.980	0	0	0	0	
1	[SLPS]	0	375.214	124.257	0	307.980	0	0	0	0	
1	[SLPS]	0	375.075	124.369	0	307.853	0	0	0	0	
1	[SLPS]	0	374.936	124.476	0	307.737	0	0	0	0	
1	[SLPS]	0	374.936	124.476	0	307.737	0	0	0	0	
1	[SLPS]	0	374.654	124.691	0	307.508	0	0	0	0	
1	[SLPS]	0	374.654	124.691	0	307.508	0	0	0	0	
1	[SLPS]	0	374.511	124.799	0	307.405	0	0	0	0	
1	[SLPS]	0	374.369	124.911	0	307.321	0	0	0	0	
1	[SLPS]	0	374.369	124.911	0	307.321	0	0	0	0	
1	[SLPS]	0	374.086	125.122	0	307.211	0	0	0	0	
1	[SLPS]	0	374.086	125.122	0	307.211	0	0	0	0	
1	[SLPS]	0	373.940	125.229	0	307.174	0	0	0	0	
1	[SLPS]	0	373.797	125.333	0	307.146	0	0	0	0	
1	[SLPS]	0	373.797	125.333	0	307.146	0	0	0	0	
1	[SLPS]	0	373.514	125.550	0	307.160	0	0	0	0	
1	[SLPS]	0	373.514	125.550	0	307.160	0	0	0	0	
1	[SLPS]	0	373.370	125.660	0	307.203	0	0	0	0	
1	[SLPS]	0	373.228	125.767	0	307.286	0	0	0	0	
1	[SLPS]	0	373.228	125.767	0	307.286	0	0	0	0	
1	[SLPS]	0	372.945	125.983	0	307.557	0	0	0	0	
1	[SLPS]	0	372.945	125.983	0	307.557	0	0	0	0	
1	[SLPS]	0	372.805	126.093	0	307.728	0	0	0	0	
1	[SLPS]	0	372.664	126.200	0	307.918	0	0	0	0	
1	[SLPS]	0	372.664	126.200	0	307.918	0	0	0	0	
1	[SLPS]	0	372.386	126.428	0	308.323	0	0	0	0	
1	[SLPS]	0	372.386	126.428	0	308.323	0	0	0	0	
1	[SLPS]	0	372.244	126.544	0	308.541	0	0	0	0	
1	[SLPS]	0	372.107	126.657	0	308.778	0	0	0	0	
1	[SLPS]	0	372.107	126.657	0	308.778	0	0	0	0	
1	[SLPS]	0	371.836	126.889	0	309.281	0	0	0	0	
1	[SLPS]	0	371.836	126.889	0	309.281	0	0	0	0	
1	[SLPS]	0	371.698	127.010	0	309.541	0	0	0	0	
1	[SLPS]	0	371.561	127.127	0	309.809	0	0	0	0	
1	[SLPS]	0	371.425	127.246	0	310.078	0	0	0	0	
1	[SLPS]	0	371.286	127.368	0	310.348	0	0	0	0	
1	[SLPS]	0	371.286	127.368	0	310.348	0	0	0	0	
1	[SLPS]	0	371.151	127.489	0	310.611	0	0	0	0	
1	[SLPS]	0	371.017	127.609	0	310.870	0	0	0	0	
1	[SLPS]	0	370.882	127.734	0	311.123	0	0	0	0	
1	[SLPS]	0	370.747	127.853	0	311.369	0	0	0	0	
1	[SLPS]	0	370.747	127.853	0	311.369	0	0	0	0	
1	[SLPS]	0	370.483	128.100	0	311.839	0	0	0	0	
1	[SLPS]	0	370.483	128.100	0	311.839	0	0	0	0	
1	[SLPS]	0	370.346	128.224	0	312.069	0	0	0	0	
1	[SLPS]	0	370.214	128.347	0	312.298	0	0	0	0	
1	[SLPS]	0	370.214	128.347	0	312.298	0	0	0	0	
1	[SLPS]	0	369.943	128.603	0	312.770	0	0	0	0	
1	[SLPS]	0	369.943	128.603	0	312.770	0	0	0	0	
1	[SLPS]	0	369.810	128.732	0	313.010	0	0	0	0	
1	[SLPS]	0	369.674	128.857	0	313.245	0	0	0	0	
1	[SLPS]	0	369.674	128.857	0	313.245	0	0	0	0	
1	[SLPS]	0	369.405	129.114	0	313.703	0	0	0	0	
1	[SLPS]	0	369.405	129.114	0	313.703	0	0	0	0	
1	[SLPS]	0	369.270	129.243	0	313.926	0	0	0	0	
1	[SLPS]	0	369.143	129.372	0	314.148	0	0	0	0	
1	[SLPS]	0	369.143	129.372	0	314.148	0	0	0	0	
1	[SLPS]	0	368.884	129.634	0	314.603	0	0	0	0	
1	[SLPS]	0	368.884	129.634	0	314.603	0	0	0	0	
1	[SLPS]	0	368.755	129.768	0	314.828	0	0	0	0	
1	[SLPS]	0	368.628	129.896	0	315.053	0	0	0	0	
1	[SLPS]	0	368.628	129.896	0	315.053	0	0	0	0	
1	[SLPS]	0	368.374	130.161	0	315.510	0	0	0	0	
1	[SLPS]	0	368.374	130.161	0	315.510	0	0	0	0	
1	[SLPS]	0	368.245	130.297	0	315.740	0	0	0	0	
1	[SLPS]	0	368.120	130.431	0	315.969	0	0	0	0	
1	[SLPS]	0	368.120	130.431	0	315.969	0	0	0	0	
1	[SLPS]	0	367.869	130.703	0	316.432	0	0	0	0	
1	[SLPS]	0	367.869	130.703	0	316.432	0	0	0	0	
1	[SLPS]	0	367.749	130.843	0	316.661	0	0	0	0	
1	[SLPS]	0	367.627	130.980	0	316.884	0	0	0	0	
1	[SLPS]	0	367.627	130.980	0	316.884	0	0	0	0	
1	[SLPS]	0	367.375	131.255	0	317.326	0	0	0	0	
1	[SLPS]	0	367.375	131.255	0	317.326	0	0	0	0	
1	[SLPS]	0	367.251	131.396	0	317.548	0	0	0	0	
1	[SLPS]	0	367.129	131.536	0	317.761	0	0	0	0	
1	[SLPS]	0	367.129	131.536	0	317.761	0	0	0	0	
1	[SLPS]	0	366.877	131.821	0	318.218	0	0	0	0	
1	[SLPS]	0	366.877	131.821	0	318.218	0	0	0	0	
1	[SLPS]	0	366.753	131.965	0	318.436	0	0	0	0	
1	[SLPS]	0	366.631	132.105	0	318.645	0	0	0	0	
1	[SLPS]	0	366.631	132.105	0	318.645	0	0	0	0	
1	[SLPS]	0	366.389	132.395	0	319.062	0	0	0	0	
1	[SLPS]	0	366.389	132.395	0	319.062	0	0	0	0	
1	[SLPS]	0	366.264	132.540	0	319.261	0	0	0	0	
1	[SLPS]	0	366.140	132.684	0	319.461	0	0	0	0	
1	[SLPS]	0	366.019	132.833	0	319.658	0	0	0	0	
1	[SLPS]	0	365.898	132.979	0	319.842	0	0	0	0	
1	[SLPS]	0	365.898	132.979	0	319.842	0	0	0	0	
1	[SLPS]	0	365.656	133.273	0	320.161	0	0	0	0	
1	[SLPS]	0	365.656	133.273	0	320.161	0	0	0	0	
1	[SLPS]	0	365.535	133.422	0	320.298	0	0	0	0	
1	[SLPS]	0	365.416	133.571	0	320.429	0	0	0	0	
1	[SLPS]	0	365.416	133.571	0	320.429	0	0	0	0	
1	[SLPS]	0	365.184	133.869	0	320.675	0	0	0	0	
1	[SLPS]	0	365.184	133.869	0	320.675	0	0	0	0	
1	[SLPS]	0	365.063	134.020	0	320.786	0	0	0	0	
1	[SLPS]	0	364.941	134.169	0	320.897	0	0	0	0	
1	[SLPS]	0	364.941	134.169	0	320.897	0	0	0	0	
1	[SLPS]	0	364.701	134.469	0	321.099	0	0	0	0	
1	[SLPS]	0	364.701	134.469	0	321.099	0	0	0	0	
1	[SLPS]	0	364.578	134.613	0	321.187	0	0	0	0	
1	[SLPS]	0	364.458	134.764	0	321.267	0	0	0	0	
1	[SLPS]	0	364.458	134.764	0	321.267	0	0	0	0	
1	[SLPS]	0	364.221	135.066	0	321.415	0	0	0	0	
1	[SLPS]	0	364.221	135.066	0	321.415	0	0	0	0	
1	[SLPS]	0	364.100	135.219	0	321.486	0	0	0	0	
1	[SLPS]	0	363.983	135.370	0	321.552	0	0	0	0	
1	[SLPS]	0	363.983	135.370	0	321.552	0	0	0	0	
1	[SLPS]	0	363.745	135.672	0	321.683	0	0	0	0	
1	[SLPS]	0	363.745	135.672	0	321.683	0	0	0	0	
1	[SLPS]	0	363.623	135.823	0	321.748	0	0	0	0	
1	[SLPS]	0	363.503	135.977	0	321.810	0	0	0	0	
1	[SLPS]	0	363.503	135.977	0	321.810	0	0	0	0	
1	[SLPS]	0	363.265	136.282	0	321.938	0	0	0	0	
1	[SLPS]	0	363.265	136.282	0	321.938	0	0	0	0	
1	[SLPS]	0	363.146	136.437	0	321.999	0	0	0	0	
1	[SLPS]	0	363.024	136.592	0	322.059	0	0	0	0	
1	[SLPS]	0	363.024	136.592	0	322.059	0	0	0	0	
1	[SLPS]	0	362.784	136.904	0	322.161	0	0	0	0	
1	[SLPS]	0	362.784	136.904	0	322.161	0	0	0	0	
1	[SLPS]	0	362.666	137.061	0	322.200	0	0	0	0	
1	[SLPS]	0	362.544	137.217	0	322.227	0	0	0	0	
1	[SLPS]	0	362.544	137.217	0	322.227	0	0	0	0	
1	[SLPS]	0	362.305	137.528	0	322.268	0	0	0	0	
1	[SLPS]	0	362.305	137.528	0	322.268	0	0	0	0	
1	[SLPS]	0	362.186	137.685	0	322.286	0	0	0	0	
1	[SLPS]	0	362.063	137.842	0	322.302	0	0	0	0	
1	[SLPS]	0	362.063	137.842	0	322.302	0	0	0	0	
1	[SLPS]	0	361.824	138.154	0	322.343	0	0	0	0	
1	[SLPS]	0	361.824	138.154	0	322.343	0	0	0	0	
1	[SLPS]	0	361.704	138.309	0	322.359	0	0	0	0	
1	[SLPS]	0	361.584	138.467	0	322.376	0	0	0	0	
1	[SLPS]	0	361.584	138.467	0	322.376	0	0	0	0	
1	[SLPS]	0	361.345	138.779	0	322.405	0	0	0	0	
1	[SLPS]	0	361.345	138.779	0	322.405	0	0	0	0	
1	[SLPS]	0	361.226	138.935	0	322.420	0	0	0	0	
1	[SLPS]	0	361.105	139.093	0	322.437	0	0	0	0	
1	[SLPS]	0	361.105	139.093	0	322.437	0	0	0	0	
1	[SLPS]	0	360.866	139.404	0	322.471	0	0	0	0	
1	[SLPS]	0	360.866	139.404	0	322.471	0	0	0	0	
1	[SLPS]	0	360.628	139.716	0	322.506	0	0	0	0	
1	[SLPS]	0	360.628	139.716	0	322.506	0	0	0	0	
1	[SLPS]	0	360.504	139.875	0	322.512	0	0	0	0	
1	[SLPS]	0	360.385	140.032	0	322.527	0	0	0	0	
1	[SLPS]	0	360.385	140.032	0	322.527	0	0	0	0	
1	[SLPS]	0	360.145	140.349	0	322.564	0	0	0	0	
1	[SLPS]	0	360.145	140.349	0	322.564	0	0	0	0	
1	[SLPS]	0	360.023	140.511	0	322.582	0	0	0	0	
1	[SLPS]	0	359.903	140.668	0	322.598	0	0	0	0	
1	[SLPS]	0	359.903	140.668	0	322.598	0	0	0	0	
1	[SLPS]	0	359.665	140.985	0	322.608	0	0	0	0	
1	[SLPS]	0	359.665	140.985	0	322.608	0	0	0	0	
1	[SLPS]	0	359.547	141.143	0	322.607	0	0	0	0	
1	[SLPS]	0	359.427	141.300	0	322.601	0	0	0	0	
1	[SLPS]	0	359.427	141.300	0	322.601	0	0	0	0	
1	[SLPS]	0	359.183	141.624	0	322.600	0	0	0	0	
1	[SLPS]	0	359.183	141.624	0	322.600	0	0	0	0	
1	[SLPS]	0	359.058	141.784	0	322.587	0	0	0	0	
1	[SLPS]	0	358.936	141.940	0	322.576	0	0	0	0	
1	[SLPS]	0	358.936	141.940	0	322.576	0	0	0	0	
1	[SLPS]	0	358.692	142.260	0	322.572	0	0	0	0	
1	[SLPS]	0	358.692	142.260	0	322.572	0	0	0	0	
1	[SLPS]	0	358.568	142.420	0	322.561	0	0	0	0	
1	[SLPS]	0	358.450	142.576	0	322.557	0	0	0	0	
1	[SLPS]	0	358.450	142.576	0	322.557	0	0	0	0	
1	[SLPS]	0	358.205	142.899	0	322.548	0	0	0	0	
1	[SLPS]	0	358.205	142.899	0	322.548	0	0	0	0	
1	[SLPS]	0	358.080	143.058	0	322.538	0	0	0	0	
1	[SLPS]	0	357.964	143.218	0	322.539	0	0	0	0	
1	[SLPS]	0	357.840	143.375	0	322.523	0	0	0	0	
1	[SLPS]	0	357.715	143.532	0	322.513	0	0	0	0	
1	[SLPS]	0	357.715	143.532	0	322.513	0	0	0	0	
1	[SLPS]	0	357.595	143.693	0	322.515	0	0	0	0	
1	[SLPS]	0	357.474	143.852	0	322.509	0	0	0	0	
1	[SLPS]	0	357.353	144.005	0	322.505	0	0	0	0	
1	[SLPS]	0	357.232	144.165	0	322.503	0	0	0	0	
1	[SLPS]	0	357.232	144.165	0	322.503	0	0	0	0	
1	[SLPS]	0	356.988	144.480	0	322.476	0	0	0	0	
1	[SLPS]	0	356.988	144.480	0	322.476	0	0	0	0	
1	[SLPS]	0	356.871	144.638	0	322.477	0	0	0	0	
1	[SLPS]	0	356.747	144.799	0	322.477	0	0	0	0	
1	[SLPS]	0	356.747	144.799	0	322.477	0	0	0	0	
1	[SLPS]	0	356.503	145.116	0	322.460	0	0	0	0	
1	[SLPS]	0	356.503	145.116	0	322.460	0	0	0	0	
1	[SLPS]	0	356.379	145.278	0	322.439	0	0	0	0	
1	[SLPS]	0	356.256	145.438	0	322.412	0	0	0	0	
1	[SLPS]	0	356.256	145.438	0	322.412	0	0	0	0	
1	[SLPS]	0	356.015	145.758	0	322.367	0	0	0	0	
1	[SLPS]	0	356.015	145.758	0	322.367	0	0	0	0	
1	[SLPS]	0	355.889	145.917	0	322.341	0	0	0	0	
1	[SLPS]	0	355.766	146.080	0	322.325	0	0	0	0	
1	[SLPS]	0	355.766	146.080	0	322.325	0	0	0	0	
1	[SLPS]	0	355.521	146.394	0	322.272	0	0	0	0	
1	[SLPS]	0	355.521	146.394	0	322.272	0	0	0	0	
1	[SLPS]	0	355.399	146.555	0	322.252	0	0	0	0	
1	[SLPS]	0	355.277	146.716	0	322.233	0	0	0	0	
1	[SLPS]	0	355.277	146.716	0	322.233	0	0	0	0	
1	[SLPS]	0	355.030	147.035	0	322.198	0	0	0	0	
1	[SLPS]	0	355.030	147.035	0	322.198	0	0	0	0	
1	[SLPS]	0	354.908	147.197	0	322.174	0	0	0	0	
1	[SLPS]	0	354.781	147.354	0	322.143	0	0	0	0	
1	[SLPS]	0	354.661	147.507	0	322.123	0	0	0	0	
1	[SLPS]	0	354.541	147.662	0	322.113	0	0	0	0	
1	[SLPS]	0	354.541	147.662	0	322.113	0	0	0	0	
1	[SLPS]	0	354.415	147.823	0	322.098	0	0	0	0	
1	[SLPS]	0	354.293	147.979	0	322.081	0	0	0	0	
1	[SLPS]	0	354.171	148.135	0	322.059	0	0	0	0	
1	[SLPS]	0	354.050	148.294	0	322.034	0	0	0	0	
1	[SLPS]	0	354.050	148.294	0	322.034	0	0	0	0	
1	[SLPS]	0	353.924	148.453	0	322.010	0	0	0	0	
1	[SLPS]	0	353.803	148.611	0	321.994	0	0	0	0	
1	[SLPS]	0	353.679	148.769	0	321.973	0	0	0	0	
1	[SLPS]	0	353.556	148.923	0	321.952	0	0	0	0	
1	[SLPS]	0	353.556	148.923	0	321.952	0	0	0	0	
1	[SLPS]	0	353.312	149.235	0	321.918	0	0	0	0	
