1	[SLPS]	0	612.204	-129.485	0	323.606	0	0	0	0	
1	[SLPS]	0	612.156	-129.409	0	323.619	0	0	0	0	
1	[SLPS]	0	612.108	-129.333	0	323.648	0	0	0	0	
1	[SLPS]	0	612.108	-129.333	0	323.648	0	0	0	0	
1	[SLPS]	0	612.008	-129.193	0	323.714	0	0	0	0	
1	[SLPS]	0	612.008	-129.193	0	323.714	0	0	0	0	
1	[SLPS]	0	611.956	-129.128	0	323.705	0	0	0	0	
1	[SLPS]	0	611.909	-129.061	0	323.681	0	0	0	0	
1	[SLPS]	0	611.909	-129.061	0	323.681	0	0	0	0	
1	[SLPS]	0	611.821	-128.933	0	323.681	0	0	0	0	
1	[SLPS]	0	611.821	-128.933	0	323.681	0	0	0	0	
1	[SLPS]	0	611.778	-128.876	0	323.714	0	0	0	0	
1	[SLPS]	0	611.737	-128.821	0	323.758	0	0	0	0	
1	[SLPS]	0	611.737	-128.821	0	323.758	0	0	0	0	
1	[SLPS]	0	611.659	-128.713	0	323.808	0	0	0	0	
1	[SLPS]	0	611.659	-128.713	0	323.808	0	0	0	0	
1	[SLPS]	0	611.624	-128.663	0	323.802	0	0	0	0	
1	[SLPS]	0	611.588	-128.616	0	323.781	0	0	0	0	
1	[SLPS]	0	611.588	-128.616	0	323.781	0	0	0	0	
1	[SLPS]	0	611.518	-128.521	0	323.772	0	0	0	0	
1	[SLPS]	0	611.518	-128.521	0	323.772	0	0	0	0	
1	[SLPS]	0	611.491	-128.478	0	323.768	0	0	0	0	
1	[SLPS]	0	611.460	-128.438	0	323.777	0	0	0	0	
1	[SLPS]	0	611.460	-128.438	0	323.777	0	0	0	0	
1	[SLPS]	0	611.396	-128.356	0	323.821	0	0	0	0	
1	[SLPS]	0	611.396	-128.356	0	323.821	0	0	0	0	
1	[SLPS]	0	611.365	-128.315	0	323.835	0	0	0	0	
1	[SLPS]	0	611.336	-128.272	0	323.854	0	0	0	0	
1	[SLPS]	0	611.336	-128.272	0	323.854	0	0	0	0	
1	[SLPS]	0	611.273	-128.187	0	323.909	0	0	0	0	
1	[SLPS]	0	611.273	-128.187	0	323.909	0	0	0	0	
1	[SLPS]	0	611.236	-128.129	0	323.927	0	0	0	0	
1	[SLPS]	0	611.196	-128.072	0	323.935	0	0	0	0	
1	[SLPS]	0	611.196	-128.072	0	323.935	0	0	0	0	
1	[SLPS]	0	611.107	-127.948	0	323.946	0	0	0	0	
1	[SLPS]	0	611.107	-127.948	0	323.946	0	0	0	0	
1	[SLPS]	0	611.060	-127.877	0	323.957	0	0	0	0	
1	[SLPS]	0	611.010	-127.807	0	323.963	0	0	0	0	
1	[SLPS]	0	611.010	-127.807	0	323.963	0	0	0	0	
1	[SLPS]	0	610.906	-127.665	0	323.986	0	0	0	0	
1	[SLPS]	0	610.906	-127.665	0	323.986	0	0	0	0	
1	[SLPS]	0	610.855	-127.593	0	324.021	0	0	0	0	
1	[SLPS]	0	610.805	-127.522	0	324.049	0	0	0	0	
1	[SLPS]	0	610.805	-127.522	0	324.049	0	0	0	0	
1	[SLPS]	0	610.704	-127.379	0	324.121	0	0	0	0	
1	[SLPS]	0	610.704	-127.379	0	324.121	0	0	0	0	
1	[SLPS]	0	610.659	-127.308	0	324.135	0	0	0	0	
1	[SLPS]	0	610.609	-127.241	0	324.129	0	0	0	0	
1	[SLPS]	0	610.609	-127.241	0	324.129	0	0	0	0	
1	[SLPS]	0	610.509	-127.111	0	324.142	0	0	0	0	
1	[SLPS]	0	610.509	-127.111	0	324.142	0	0	0	0	
1	[SLPS]	0	610.464	-127.047	0	324.162	0	0	0	0	
1	[SLPS]	0	610.417	-126.982	0	324.194	0	0	0	0	
1	[SLPS]	0	610.371	-126.922	0	324.221	0	0	0	0	
1	[SLPS]	0	610.323	-126.859	0	324.238	0	0	0	0	
1	[SLPS]	0	610.323	-126.859	0	324.238	0	0	0	0	
1	[SLPS]	0	610.237	-126.745	0	324.214	0	0	0	0	
1	[SLPS]	0	610.237	-126.745	0	324.214	0	0	0	0	
1	[SLPS]	0	610.198	-126.691	0	324.238	0	0	0	0	
1	[SLPS]	0	610.165	-126.641	0	324.290	0	0	0	0	
1	[SLPS]	0	610.165	-126.641	0	324.290	0	0	0	0	
1	[SLPS]	0	610.135	-126.597	0	324.338	0	0	0	0	
1	[SLPS]	0	610.100	-126.556	0	324.350	0	0	0	0	
1	[SLPS]	0	610.100	-126.556	0	324.350	0	0	0	0	
1	[SLPS]	0	610.046	-126.473	0	324.361	0	0	0	0	
1	[SLPS]	0	610.046	-126.473	0	324.361	0	0	0	0	
1	[SLPS]	0	610.016	-126.441	0	324.411	0	0	0	0	
1	[SLPS]	0	609.989	-126.405	0	324.451	0	0	0	0	
1	[SLPS]	0	609.989	-126.405	0	324.451	0	0	0	0	
1	[SLPS]	0	609.935	-126.332	0	324.484	0	0	0	0	
1	[SLPS]	0	609.935	-126.332	0	324.484	0	0	0	0	
1	[SLPS]	0	609.905	-126.295	0	324.494	0	0	0	0	
1	[SLPS]	0	609.873	-126.259	0	324.501	0	0	0	0	
1	[SLPS]	0	609.847	-126.213	0	324.512	0	0	0	0	
1	[SLPS]	0	609.820	-126.173	0	324.543	0	0	0	0	
1	[SLPS]	0	609.820	-126.173	0	324.543	0	0	0	0	
1	[SLPS]	0	609.750	-126.059	0	324.707	0	0	0	0	
1	[SLPS]	0	609.750	-126.059	0	324.707	0	0	0	0	
1	[SLPS]	0	609.715	-125.998	0	324.787	0	0	0	0	
1	[SLPS]	0	609.683	-125.949	0	324.817	0	0	0	0	
1	[SLPS]	0	609.683	-125.949	0	324.817	0	0	0	0	
1	[SLPS]	0	609.594	-125.825	0	324.779	0	0	0	0	
1	[SLPS]	0	609.594	-125.825	0	324.779	0	0	0	0	
1	[SLPS]	0	609.594	-125.825	0	324.779	0	0	0	0	
1	[SLPS]	0	609.512	-125.713	0	324.829	0	0	0	0	
1	[SLPS]	0	609.512	-125.713	0	324.829	0	0	0	0	
1	[SLPS]	0	609.472	-125.655	0	324.919	0	0	0	0	
1	[SLPS]	0	609.432	-125.601	0	324.991	0	0	0	0	
1	[SLPS]	0	609.390	-125.544	0	324.998	0	0	0	0	
1	[SLPS]	0	609.350	-125.489	0	324.983	0	0	0	0	
1	[SLPS]	0	609.350	-125.489	0	324.983	0	0	0	0	
1	[SLPS]	0	609.277	-125.374	0	325.035	0	0	0	0	
1	[SLPS]	0	609.277	-125.374	0	325.035	0	0	0	0	
1	[SLPS]	0	609.242	-125.311	0	325.128	0	0	0	0	
1	[SLPS]	0	609.202	-125.253	0	325.229	0	0	0	0	
1	[SLPS]	0	609.202	-125.253	0	325.229	0	0	0	0	
1	[SLPS]	0	609.127	-125.147	0	325.257	0	0	0	0	
1	[SLPS]	0	609.127	-125.147	0	325.257	0	0	0	0	
1	[SLPS]	0	609.085	-125.088	0	325.231	0	0	0	0	
1	[SLPS]	0	609.051	-125.030	0	325.237	0	0	0	0	
1	[SLPS]	0	609.051	-125.030	0	325.237	0	0	0	0	
1	[SLPS]	0	608.965	-124.910	0	325.402	0	0	0	0	
1	[SLPS]	0	608.965	-124.910	0	325.402	0	0	0	0	
1	[SLPS]	0	608.921	-124.849	0	325.505	0	0	0	0	
1	[SLPS]	0	608.873	-124.789	0	325.559	0	0	0	0	
1	[SLPS]	0	608.873	-124.789	0	325.559	0	0	0	0	
1	[SLPS]	0	608.787	-124.664	0	325.508	0	0	0	0	
1	[SLPS]	0	608.787	-124.664	0	325.508	0	0	0	0	
1	[SLPS]	0	608.747	-124.601	0	325.482	0	0	0	0	
1	[SLPS]	0	608.711	-124.541	0	325.525	0	0	0	0	
1	[SLPS]	0	608.711	-124.541	0	325.525	0	0	0	0	
1	[SLPS]	0	608.636	-124.429	0	325.701	0	0	0	0	
1	[SLPS]	0	608.636	-124.429	0	325.701	0	0	0	0	
1	[SLPS]	0	608.599	-124.380	0	325.763	0	0	0	0	
1	[SLPS]	0	608.567	-124.329	0	325.761	0	0	0	0	
1	[SLPS]	0	608.567	-124.329	0	325.761	0	0	0	0	
1	[SLPS]	0	608.504	-124.235	0	325.700	0	0	0	0	
1	[SLPS]	0	608.504	-124.235	0	325.700	0	0	0	0	
1	[SLPS]	0	608.476	-124.191	0	325.710	0	0	0	0	
1	[SLPS]	0	608.445	-124.148	0	325.744	0	0	0	0	
1	[SLPS]	0	608.445	-124.148	0	325.744	0	0	0	0	
1	[SLPS]	0	608.381	-124.061	0	325.801	0	0	0	0	
1	[SLPS]	0	608.381	-124.061	0	325.801	0	0	0	0	
1	[SLPS]	0	608.346	-124.020	0	325.788	0	0	0	0	
1	[SLPS]	0	608.314	-123.976	0	325.749	0	0	0	0	
1	[SLPS]	0	608.314	-123.976	0	325.749	0	0	0	0	
1	[SLPS]	0	608.256	-123.874	0	325.734	0	0	0	0	
1	[SLPS]	0	608.256	-123.874	0	325.734	0	0	0	0	
1	[SLPS]	0	608.225	-123.825	0	325.765	0	0	0	0	
1	[SLPS]	0	608.196	-123.778	0	325.797	0	0	0	0	
1	[SLPS]	0	608.196	-123.778	0	325.797	0	0	0	0	
1	[SLPS]	0	608.148	-123.710	0	325.800	0	0	0	0	
1	[SLPS]	0	608.148	-123.710	0	325.800	0	0	0	0	
1	[SLPS]	0	608.123	-123.671	0	325.759	0	0	0	0	
1	[SLPS]	0	608.101	-123.653	0	325.715	0	0	0	0	
1	[SLPS]	0	608.101	-123.653	0	325.715	0	0	0	0	
1	[SLPS]	0	608.079	-123.616	0	325.694	0	0	0	0	
1	[SLPS]	0	608.079	-123.616	0	325.694	0	0	0	0	
1	[SLPS]	0	608.069	-123.609	0	325.718	0	0	0	0	
1	[SLPS]	0	608.049	-123.596	0	325.750	0	0	0	0	
1	[SLPS]	0	608.038	-123.585	0	325.775	0	0	0	0	
1	[SLPS]	0	608.034	-123.578	0	325.780	0	0	0	0	
1	[SLPS]	0	608.034	-123.578	0	325.780	0	0	0	0	
1	[SLPS]	0	608.019	-123.564	0	325.741	0	0	0	0	
1	[SLPS]	0	608.019	-123.564	0	325.741	0	0	0	0	
1	[SLPS]	0	608.006	-123.547	0	325.720	0	0	0	0	
1	[SLPS]	0	608.000	-123.536	0	325.713	0	0	0	0	
1	[SLPS]	0	608.000	-123.536	0	325.713	0	0	0	0	
1	[SLPS]	0	607.985	-123.522	0	325.722	0	0	0	0	
1	[SLPS]	0	607.985	-123.522	0	325.722	0	0	0	0	
1	[SLPS]	0	607.981	-123.516	0	325.722	0	0	0	0	
1	[SLPS]	0	607.979	-123.509	0	325.719	0	0	0	0	
1	[SLPS]	0	607.979	-123.509	0	325.719	0	0	0	0	
1	[SLPS]	0	607.974	-123.495	0	325.704	0	0	0	0	
1	[SLPS]	0	607.974	-123.495	0	325.704	0	0	0	0	
1	[SLPS]	0	607.974	-123.488	0	325.703	0	0	0	0	
1	[SLPS]	0	607.973	-123.480	0	325.707	0	0	0	0	
1	[SLPS]	0	607.973	-123.480	0	325.707	0	0	0	0	
1	[SLPS]	0	607.961	-123.460	0	325.707	0	0	0	0	
1	[SLPS]	0	607.961	-123.460	0	325.707	0	0	0	0	
1	[SLPS]	0	607.960	-123.450	0	325.703	0	0	0	0	
1	[SLPS]	0	607.951	-123.438	0	325.694	0	0	0	0	
1	[SLPS]	0	607.951	-123.438	0	325.694	0	0	0	0	
1	[SLPS]	0	607.943	-123.427	0	325.689	0	0	0	0	
1	[SLPS]	0	607.947	-123.416	0	325.691	0	0	0	0	
1	[SLPS]	0	607.942	-123.401	0	325.695	0	0	0	0	
1	[SLPS]	0	607.935	-123.386	0	325.702	0	0	0	0	
1	[SLPS]	0	607.935	-123.386	0	325.702	0	0	0	0	
1	[SLPS]	0	607.916	-123.355	0	325.708	0	0	0	0	
1	[SLPS]	0	607.916	-123.355	0	325.708	0	0	0	0	
1	[SLPS]	0	607.899	-123.338	0	325.699	0	0	0	0	
1	[SLPS]	0	607.885	-123.320	0	325.693	0	0	0	0	
1	[SLPS]	0	607.885	-123.320	0	325.693	0	0	0	0	
1	[SLPS]	0	607.869	-123.301	0	325.692	0	0	0	0	
1	[SLPS]	0	607.854	-123.282	0	325.698	0	0	0	0	
1	[SLPS]	0	607.834	-123.256	0	325.706	0	0	0	0	
1	[SLPS]	0	607.816	-123.235	0	325.710	0	0	0	0	
1	[SLPS]	0	607.816	-123.235	0	325.710	0	0	0	0	
1	[SLPS]	0	607.773	-123.171	0	325.704	0	0	0	0	
1	[SLPS]	0	607.773	-123.171	0	325.704	0	0	0	0	
1	[SLPS]	0	607.751	-123.141	0	325.700	0	0	0	0	
1	[SLPS]	0	607.728	-123.100	0	325.701	0	0	0	0	
1	[SLPS]	0	607.728	-123.100	0	325.701	0	0	0	0	
1	[SLPS]	0	607.678	-123.030	0	325.703	0	0	0	0	
1	[SLPS]	0	607.678	-123.030	0	325.703	0	0	0	0	
1	[SLPS]	0	607.656	-122.996	0	325.698	0	0	0	0	
1	[SLPS]	0	607.631	-122.960	0	325.690	0	0	0	0	
1	[SLPS]	0	607.631	-122.960	0	325.690	0	0	0	0	
1	[SLPS]	0	607.591	-122.895	0	325.712	0	0	0	0	
1	[SLPS]	0	607.591	-122.895	0	325.712	0	0	0	0	
1	[SLPS]	0	607.576	-122.865	0	325.729	0	0	0	0	
1	[SLPS]	0	607.559	-122.841	0	325.736	0	0	0	0	
1	[SLPS]	0	607.559	-122.841	0	325.736	0	0	0	0	
1	[SLPS]	0	607.528	-122.795	0	325.727	0	0	0	0	
1	[SLPS]	0	607.528	-122.795	0	325.727	0	0	0	0	
1	[SLPS]	0	607.522	-122.788	0	325.721	0	0	0	0	
1	[SLPS]	0	607.514	-122.775	0	325.719	0	0	0	0	
1	[SLPS]	0	607.514	-122.775	0	325.719	0	0	0	0	
1	[SLPS]	0	607.504	-122.762	0	325.719	0	0	0	0	
1	[SLPS]	0	607.494	-122.747	0	325.716	0	0	0	0	
1	[SLPS]	0	607.496	-122.741	0	325.717	0	0	0	0	
1	[SLPS]	0	607.490	-122.736	0	325.716	0	0	0	0	
1	[SLPS]	0	607.490	-122.736	0	325.716	0	0	0	0	
1	[SLPS]	0	607.483	-122.720	0	325.714	0	0	0	0	
1	[SLPS]	0	607.483	-122.720	0	325.714	0	0	0	0	
1	[SLPS]	0	607.478	-122.712	0	325.711	0	0	0	0	
1	[SLPS]	0	607.469	-122.702	0	325.701	0	0	0	0	
1	[SLPS]	0	607.469	-122.702	0	325.701	0	0	0	0	
1	[SLPS]	0	607.459	-122.690	0	325.692	0	0	0	0	
1	[SLPS]	0	607.447	-122.673	0	325.690	0	0	0	0	
1	[SLPS]	0	607.433	-122.653	0	325.693	0	0	0	0	
1	[SLPS]	0	607.415	-122.637	0	325.698	0	0	0	0	
1	[SLPS]	0	607.415	-122.637	0	325.698	0	0	0	0	
1	[SLPS]	0	607.375	-122.590	0	325.694	0	0	0	0	
1	[SLPS]	0	607.375	-122.590	0	325.694	0	0	0	0	
1	[SLPS]	0	607.357	-122.565	0	325.691	0	0	0	0	
1	[SLPS]	0	607.335	-122.538	0	325.687	0	0	0	0	
1	[SLPS]	0	607.335	-122.538	0	325.687	0	0	0	0	
1	[SLPS]	0	607.299	-122.487	0	325.679	0	0	0	0	
1	[SLPS]	0	607.299	-122.487	0	325.679	0	0	0	0	
1	[SLPS]	0	607.298	-122.441	0	325.675	0	0	0	0	
1	[SLPS]	0	607.286	-122.418	0	325.664	0	0	0	0	
1	[SLPS]	0	607.286	-122.418	0	325.664	0	0	0	0	
1	[SLPS]	0	607.266	-122.371	0	325.639	0	0	0	0	
1	[SLPS]	0	607.266	-122.371	0	325.639	0	0	0	0	
1	[SLPS]	0	607.260	-122.352	0	325.629	0	0	0	0	
1	[SLPS]	0	607.256	-122.342	0	325.624	0	0	0	0	
1	[SLPS]	0	607.256	-122.342	0	325.624	0	0	0	0	
1	[SLPS]	0	607.228	-122.317	0	325.642	0	0	0	0	
1	[SLPS]	0	607.228	-122.317	0	325.642	0	0	0	0	
1	[SLPS]	0	607.224	-122.314	0	325.651	0	0	0	0	
1	[SLPS]	0	607.207	-122.295	0	325.648	0	0	0	0	
1	[SLPS]	0	607.207	-122.295	0	325.648	0	0	0	0	
1	[SLPS]	0	607.182	-122.261	0	325.615	0	0	0	0	
1	[SLPS]	0	607.182	-122.261	0	325.615	0	0	0	0	
1	[SLPS]	0	607.163	-122.237	0	325.599	0	0	0	0	
1	[SLPS]	0	607.156	-122.217	0	325.582	0	0	0	0	
1	[SLPS]	0	607.156	-122.217	0	325.582	0	0	0	0	
1	[SLPS]	0	607.120	-122.167	0	325.566	0	0	0	0	
1	[SLPS]	0	607.120	-122.167	0	325.566	0	0	0	0	
1	[SLPS]	0	607.104	-122.130	0	325.574	0	0	0	0	
1	[SLPS]	0	607.084	-122.094	0	325.588	0	0	0	0	
1	[SLPS]	0	607.084	-122.094	0	325.588	0	0	0	0	
1	[SLPS]	0	607.039	-122.012	0	325.645	0	0	0	0	
1	[SLPS]	0	607.039	-122.012	0	325.645	0	0	0	0	
1	[SLPS]	0	607.012	-121.955	0	325.717	0	0	0	0	
1	[SLPS]	0	606.982	-121.896	0	325.776	0	0	0	0	
1	[SLPS]	0	606.982	-121.896	0	325.776	0	0	0	0	
1	[SLPS]	0	606.894	-121.807	0	325.588	0	0	0	0	
1	[SLPS]	0	606.894	-121.807	0	325.588	0	0	0	0	
1	[SLPS]	0	606.859	-121.763	0	325.398	0	0	0	0	
1	[SLPS]	0	606.846	-121.713	0	325.274	0	0	0	0	
1	[SLPS]	0	606.807	-121.678	0	325.276	0	0	0	0	
1	[SLPS]	0	606.792	-121.646	0	325.368	0	0	0	0	
1	[SLPS]	0	606.792	-121.646	0	325.368	0	0	0	0	
1	[SLPS]	0	606.766	-121.621	0	325.479	0	0	0	0	
1	[SLPS]	0	606.758	-121.584	0	325.535	0	0	0	0	
1	[SLPS]	0	606.731	-121.545	0	325.517	0	0	0	0	
1	[SLPS]	0	606.706	-121.511	0	325.459	0	0	0	0	
1	[SLPS]	0	606.706	-121.511	0	325.459	0	0	0	0	
1	[SLPS]	0	606.655	-121.435	0	325.373	0	0	0	0	
1	[SLPS]	0	606.655	-121.435	0	325.373	0	0	0	0	
1	[SLPS]	0	606.629	-121.400	0	325.369	0	0	0	0	
1	[SLPS]	0	606.587	-121.378	0	325.362	0	0	0	0	
1	[SLPS]	0	606.587	-121.378	0	325.362	0	0	0	0	
1	[SLPS]	0	606.537	-121.321	0	325.319	0	0	0	0	
1	[SLPS]	0	606.537	-121.321	0	325.319	0	0	0	0	
1	[SLPS]	0	606.515	-121.295	0	325.288	0	0	0	0	
1	[SLPS]	0	606.495	-121.269	0	325.265	0	0	0	0	
1	[SLPS]	0	606.495	-121.269	0	325.265	0	0	0	0	
1	[SLPS]	0	606.501	-121.251	0	325.260	0	0	0	0	
1	[SLPS]	0	606.501	-121.251	0	325.260	0	0	0	0	
1	[SLPS]	0	606.497	-121.231	0	325.268	0	0	0	0	
1	[SLPS]	0	606.487	-121.214	0	325.274	0	0	0	0	
1	[SLPS]	0	606.487	-121.214	0	325.274	0	0	0	0	
1	[SLPS]	0	606.470	-121.190	0	325.250	0	0	0	0	
1	[SLPS]	0	606.470	-121.190	0	325.250	0	0	0	0	
1	[SLPS]	0	606.460	-121.173	0	325.227	0	0	0	0	
1	[SLPS]	0	606.450	-121.158	0	325.209	0	0	0	0	
1	[SLPS]	0	606.450	-121.158	0	325.209	0	0	0	0	
1	[SLPS]	0	606.418	-121.117	0	325.191	0	0	0	0	
1	[SLPS]	0	606.418	-121.117	0	325.191	0	0	0	0	
1	[SLPS]	0	606.405	-121.101	0	325.174	0	0	0	0	
1	[SLPS]	0	606.382	-121.084	0	325.152	0	0	0	0	
1	[SLPS]	0	606.375	-121.057	0	325.130	0	0	0	0	
1	[SLPS]	0	606.361	-121.031	0	325.115	0	0	0	0	
1	[SLPS]	0	606.361	-121.031	0	325.115	0	0	0	0	
1	[SLPS]	0	606.335	-120.982	0	325.087	0	0	0	0	
1	[SLPS]	0	606.335	-120.982	0	325.087	0	0	0	0	
1	[SLPS]	0	606.303	-120.958	0	325.067	0	0	0	0	
1	[SLPS]	0	606.280	-120.931	0	325.034	0	0	0	0	
1	[SLPS]	0	606.280	-120.931	0	325.034	0	0	0	0	
1	[SLPS]	0	606.243	-120.887	0	324.934	0	0	0	0	
1	[SLPS]	0	606.243	-120.887	0	324.934	0	0	0	0	
1	[SLPS]	0	606.224	-120.867	0	324.891	0	0	0	0	
1	[SLPS]	0	606.207	-120.846	0	324.861	0	0	0	0	
1	[SLPS]	0	606.207	-120.846	0	324.861	0	0	0	0	
1	[SLPS]	0	606.174	-120.803	0	324.816	0	0	0	0	
1	[SLPS]	0	606.174	-120.803	0	324.816	0	0	0	0	
1	[SLPS]	0	606.153	-120.782	0	324.794	0	0	0	0	
1	[SLPS]	0	606.132	-120.760	0	324.768	0	0	0	0	
1	[SLPS]	0	606.132	-120.760	0	324.768	0	0	0	0	
1	[SLPS]	0	606.100	-120.700	0	324.682	0	0	0	0	
1	[SLPS]	0	606.100	-120.700	0	324.682	0	0	0	0	
1	[SLPS]	0	606.075	-120.673	0	324.626	0	0	0	0	
1	[SLPS]	0	606.063	-120.646	0	324.570	0	0	0	0	
1	[SLPS]	0	606.063	-120.646	0	324.570	0	0	0	0	
1	[SLPS]	0	606.010	-120.588	0	324.474	0	0	0	0	
1	[SLPS]	0	606.010	-120.588	0	324.474	0	0	0	0	
1	[SLPS]	0	605.988	-120.564	0	324.427	0	0	0	0	
1	[SLPS]	0	605.966	-120.536	0	324.367	0	0	0	0	
1	[SLPS]	0	605.941	-120.511	0	324.294	0	0	0	0	
1	[SLPS]	0	605.919	-120.488	0	324.215	0	0	0	0	
1	[SLPS]	0	605.919	-120.488	0	324.215	0	0	0	0	
1	[SLPS]	0	605.867	-120.436	0	324.068	0	0	0	0	
1	[SLPS]	0	605.867	-120.436	0	324.068	0	0	0	0	
1	[SLPS]	0	605.848	-120.404	0	323.993	0	0	0	0	
1	[SLPS]	0	605.824	-120.375	0	323.905	0	0	0	0	
1	[SLPS]	0	605.824	-120.375	0	323.905	0	0	0	0	
1	[SLPS]	0	605.778	-120.319	0	323.675	0	0	0	0	
1	[SLPS]	0	605.778	-120.319	0	323.675	0	0	0	0	
1	[SLPS]	0	605.747	-120.284	0	323.550	0	0	0	0	
1	[SLPS]	0	605.719	-120.251	0	323.433	0	0	0	0	
1	[SLPS]	0	605.719	-120.251	0	323.433	0	0	0	0	
1	[SLPS]	0	605.677	-120.175	0	323.193	0	0	0	0	
1	[SLPS]	0	605.677	-120.175	0	323.193	0	0	0	0	
1	[SLPS]	0	605.658	-120.133	0	323.044	0	0	0	0	
1	[SLPS]	0	605.623	-120.098	0	322.878	0	0	0	0	
1	[SLPS]	0	605.623	-120.098	0	322.878	0	0	0	0	
1	[SLPS]	0	605.568	-120.020	0	322.515	0	0	0	0	
1	[SLPS]	0	605.568	-120.020	0	322.515	0	0	0	0	
1	[SLPS]	0	605.531	-119.984	0	322.299	0	0	0	0	
1	[SLPS]	0	605.505	-119.946	0	322.063	0	0	0	0	
1	[SLPS]	0	605.505	-119.946	0	322.063	0	0	0	0	
1	[SLPS]	0	605.426	-119.868	0	321.640	0	0	0	0	
1	[SLPS]	0	605.426	-119.868	0	321.640	0	0	0	0	
1	[SLPS]	0	605.389	-119.827	0	321.579	0	0	0	0	
1	[SLPS]	0	605.349	-119.778	0	321.585	0	0	0	0	
1	[SLPS]	0	605.349	-119.778	0	321.585	0	0	0	0	
1	[SLPS]	0	605.250	-119.711	0	321.421	0	0	0	0	
1	[SLPS]	0	605.250	-119.711	0	321.421	0	0	0	0	
1	[SLPS]	0	605.193	-119.670	0	321.016	0	0	0	0	
1	[SLPS]	0	605.151	-119.632	0	320.473	0	0	0	0	
1	[SLPS]	0	605.151	-119.632	0	320.473	0	0	0	0	
1	[SLPS]	0	605.108	-119.577	0	319.643	0	0	0	0	
1	[SLPS]	0	605.108	-119.577	0	319.643	0	0	0	0	
1	[SLPS]	0	605.088	-119.551	0	319.537	0	0	0	0	
1	[SLPS]	0	605.053	-119.518	0	319.524	0	0	0	0	
1	[SLPS]	0	605.015	-119.483	0	319.417	0	0	0	0	
1	[SLPS]	0	604.991	-119.441	0	319.151	0	0	0	0	
1	[SLPS]	0	604.991	-119.441	0	319.151	0	0	0	0	
1	[SLPS]	0	604.959	-119.350	0	318.371	0	0	0	0	
1	[SLPS]	0	604.959	-119.350	0	318.371	0	0	0	0	
1	[SLPS]	0	604.936	-119.308	0	318.054	0	0	0	0	
1	[SLPS]	0	604.904	-119.268	0	317.834	0	0	0	0	
1	[SLPS]	0	604.904	-119.268	0	317.834	0	0	0	0	
1	[SLPS]	0	604.827	-119.198	0	317.428	0	0	0	0	
1	[SLPS]	0	604.827	-119.198	0	317.428	0	0	0	0	
1	[SLPS]	0	604.792	-119.165	0	317.123	0	0	0	0	
1	[SLPS]	0	604.755	-119.132	0	316.759	0	0	0	0	
1	[SLPS]	0	604.755	-119.132	0	316.759	0	0	0	0	
1	[SLPS]	0	604.722	-119.105	0	316.400	0	0	0	0	
1	[SLPS]	0	604.685	-119.062	0	316.092	0	0	0	0	
1	[SLPS]	0	604.652	-119.019	0	315.838	0	0	0	0	
1	[SLPS]	0	604.612	-118.988	0	315.598	0	0	0	0	
1	[SLPS]	0	604.612	-118.988	0	315.598	0	0	0	0	
1	[SLPS]	0	604.529	-118.913	0	315.004	0	0	0	0	
1	[SLPS]	0	604.529	-118.913	0	315.004	0	0	0	0	
1	[SLPS]	0	604.490	-118.870	0	314.649	0	0	0	0	
1	[SLPS]	0	604.453	-118.830	0	314.291	0	0	0	0	
1	[SLPS]	0	604.453	-118.830	0	314.291	0	0	0	0	
1	[SLPS]	0	604.365	-118.758	0	313.633	0	0	0	0	
1	[SLPS]	0	604.365	-118.758	0	313.633	0	0	0	0	
1	[SLPS]	0	604.320	-118.726	0	313.309	0	0	0	0	
1	[SLPS]	0	604.278	-118.688	0	312.965	0	0	0	0	
1	[SLPS]	0	604.278	-118.688	0	312.965	0	0	0	0	
1	[SLPS]	0	604.196	-118.611	0	312.196	0	0	0	0	
1	[SLPS]	0	604.196	-118.611	0	312.196	0	0	0	0	
1	[SLPS]	0	604.154	-118.573	0	311.805	0	0	0	0	
1	[SLPS]	0	604.114	-118.530	0	311.423	0	0	0	0	
1	[SLPS]	0	604.114	-118.530	0	311.423	0	0	0	0	
1	[SLPS]	0	604.023	-118.455	0	310.659	0	0	0	0	
1	[SLPS]	0	604.023	-118.455	0	310.659	0	0	0	0	
1	[SLPS]	0	603.978	-118.416	0	310.249	0	0	0	0	
1	[SLPS]	0	603.929	-118.385	0	309.813	0	0	0	0	
1	[SLPS]	0	603.929	-118.385	0	309.813	0	0	0	0	
1	[SLPS]	0	603.833	-118.317	0	308.898	0	0	0	0	
1	[SLPS]	0	603.833	-118.317	0	308.898	0	0	0	0	
1	[SLPS]	0	603.785	-118.283	0	308.426	0	0	0	0	
1	[SLPS]	0	603.733	-118.245	0	307.956	0	0	0	0	
1	[SLPS]	0	603.733	-118.245	0	307.956	0	0	0	0	
1	[SLPS]	0	603.635	-118.172	0	306.978	0	0	0	0	
1	[SLPS]	0	603.635	-118.172	0	306.978	0	0	0	0	
1	[SLPS]	0	603.576	-118.137	0	306.466	0	0	0	0	
1	[SLPS]	0	603.527	-118.096	0	305.945	0	0	0	0	
1	[SLPS]	0	603.527	-118.096	0	305.945	0	0	0	0	
1	[SLPS]	0	603.417	-118.032	0	304.882	0	0	0	0	
1	[SLPS]	0	603.417	-118.032	0	304.882	0	0	0	0	
1	[SLPS]	0	603.365	-118.000	0	304.338	0	0	0	0	
1	[SLPS]	0	603.311	-117.967	0	303.782	0	0	0	0	
1	[SLPS]	0	603.311	-117.967	0	303.782	0	0	0	0	
1	[SLPS]	0	603.207	-117.901	0	302.630	0	0	0	0	
1	[SLPS]	0	603.207	-117.901	0	302.630	0	0	0	0	
1	[SLPS]	0	603.151	-117.875	0	302.038	0	0	0	0	
1	[SLPS]	0	603.095	-117.845	0	301.438	0	0	0	0	
1	[SLPS]	0	603.095	-117.845	0	301.438	0	0	0	0	
1	[SLPS]	0	602.989	-117.775	0	300.210	0	0	0	0	
1	[SLPS]	0	602.989	-117.775	0	300.210	0	0	0	0	
1	[SLPS]	0	602.923	-117.752	0	299.580	0	0	0	0	
1	[SLPS]	0	602.864	-117.723	0	298.942	0	0	0	0	
1	[SLPS]	0	602.864	-117.723	0	298.942	0	0	0	0	
1	[SLPS]	0	602.746	-117.659	0	297.643	0	0	0	0	
1	[SLPS]	0	602.746	-117.659	0	297.643	0	0	0	0	
1	[SLPS]	0	602.673	-117.644	0	296.977	0	0	0	0	
1	[SLPS]	0	602.614	-117.617	0	296.304	0	0	0	0	
1	[SLPS]	0	602.614	-117.617	0	296.304	0	0	0	0	
1	[SLPS]	0	602.484	-117.559	0	294.941	0	0	0	0	
1	[SLPS]	0	602.484	-117.559	0	294.941	0	0	0	0	
1	[SLPS]	0	602.418	-117.532	0	294.248	0	0	0	0	
1	[SLPS]	0	602.353	-117.507	0	293.551	0	0	0	0	
1	[SLPS]	0	602.353	-117.507	0	293.551	0	0	0	0	
1	[SLPS]	0	602.220	-117.456	0	292.139	0	0	0	0	
1	[SLPS]	0	602.220	-117.456	0	292.139	0	0	0	0	
1	[SLPS]	0	602.142	-117.434	0	291.397	0	0	0	0	
1	[SLPS]	0	602.068	-117.410	0	290.652	0	0	0	0	
1	[SLPS]	0	602.068	-117.410	0	290.652	0	0	0	0	
1	[SLPS]	0	601.922	-117.367	0	289.117	0	0	0	0	
1	[SLPS]	0	601.922	-117.367	0	289.117	0	0	0	0	
1	[SLPS]	0	601.851	-117.353	0	288.336	0	0	0	0	
1	[SLPS]	0	601.779	-117.339	0	287.546	0	0	0	0	
1	[SLPS]	0	601.699	-117.327	0	286.745	0	0	0	0	
1	[SLPS]	0	601.621	-117.309	0	285.932	0	0	0	0	
1	[SLPS]	0	601.621	-117.309	0	285.932	0	0	0	0	
1	[SLPS]	0	601.545	-117.295	0	285.107	0	0	0	0	
1	[SLPS]	0	601.466	-117.280	0	284.281	0	0	0	0	
1	[SLPS]	0	601.466	-117.280	0	284.281	0	0	0	0	
1	[SLPS]	0	601.305	-117.247	0	282.624	0	0	0	0	
1	[SLPS]	0	601.305	-117.247	0	282.624	0	0	0	0	
1	[SLPS]	0	601.223	-117.237	0	281.787	0	0	0	0	
1	[SLPS]	0	601.143	-117.223	0	280.945	0	0	0	0	
1	[SLPS]	0	601.143	-117.223	0	280.945	0	0	0	0	
1	[SLPS]	0	600.976	-117.207	0	279.242	0	0	0	0	
1	[SLPS]	0	600.976	-117.207	0	279.242	0	0	0	0	
1	[SLPS]	0	600.903	-117.200	0	278.387	0	0	0	0	
1	[SLPS]	0	600.822	-117.194	0	277.537	0	0	0	0	
1	[SLPS]	0	600.737	-117.193	0	276.692	0	0	0	0	
1	[SLPS]	0	600.658	-117.186	0	275.848	0	0	0	0	
1	[SLPS]	0	600.658	-117.186	0	275.848	0	0	0	0	
1	[SLPS]	0	600.486	-117.184	0	274.140	0	0	0	0	
1	[SLPS]	0	600.486	-117.184	0	274.140	0	0	0	0	
1	[SLPS]	0	600.399	-117.182	0	273.273	0	0	0	0	
1	[SLPS]	0	600.315	-117.183	0	272.397	0	0	0	0	
1	[SLPS]	0	600.315	-117.183	0	272.397	0	0	0	0	
1	[SLPS]	0	600.137	-117.190	0	270.650	0	0	0	0	
1	[SLPS]	0	600.137	-117.190	0	270.650	0	0	0	0	
1	[SLPS]	0	600.048	-117.189	0	269.782	0	0	0	0	
1	[SLPS]	0	599.962	-117.198	0	268.914	0	0	0	0	
1	[SLPS]	0	599.962	-117.198	0	268.914	0	0	0	0	
1	[SLPS]	0	599.782	-117.219	0	267.146	0	0	0	0	
1	[SLPS]	0	599.782	-117.219	0	267.146	0	0	0	0	
1	[SLPS]	0	599.698	-117.220	0	266.267	0	0	0	0	
1	[SLPS]	0	599.611	-117.228	0	265.386	0	0	0	0	
1	[SLPS]	0	599.611	-117.228	0	265.386	0	0	0	0	
1	[SLPS]	0	599.436	-117.254	0	263.622	0	0	0	0	
1	[SLPS]	0	599.436	-117.254	0	263.622	0	0	0	0	
1	[SLPS]	0	599.349	-117.272	0	262.742	0	0	0	0	
1	[SLPS]	0	599.260	-117.289	0	261.870	0	0	0	0	
1	[SLPS]	0	599.260	-117.289	0	261.870	0	0	0	0	
1	[SLPS]	0	599.071	-117.329	0	260.122	0	0	0	0	
1	[SLPS]	0	599.071	-117.329	0	260.122	0	0	0	0	
1	[SLPS]	0	598.982	-117.349	0	259.245	0	0	0	0	
1	[SLPS]	0	598.887	-117.370	0	258.367	0	0	0	0	
1	[SLPS]	0	598.887	-117.370	0	258.367	0	0	0	0	
1	[SLPS]	0	598.701	-117.426	0	256.624	0	0	0	0	
1	[SLPS]	0	598.701	-117.426	0	256.624	0	0	0	0	
1	[SLPS]	0	598.610	-117.451	0	255.761	0	0	0	0	
1	[SLPS]	0	598.520	-117.482	0	254.904	0	0	0	0	
1	[SLPS]	0	598.520	-117.482	0	254.904	0	0	0	0	
1	[SLPS]	0	598.336	-117.551	0	253.198	0	0	0	0	
1	[SLPS]	0	598.336	-117.551	0	253.198	0	0	0	0	
1	[SLPS]	0	598.239	-117.588	0	252.358	0	0	0	0	
1	[SLPS]	0	598.160	-117.621	0	251.529	0	0	0	0	
1	[SLPS]	0	598.067	-117.659	0	250.711	0	0	0	0	
1	[SLPS]	0	597.985	-117.711	0	249.910	0	0	0	0	
1	[SLPS]	0	597.985	-117.711	0	249.910	0	0	0	0	
1	[SLPS]	0	597.793	-117.798	0	248.362	0	0	0	0	
1	[SLPS]	0	597.793	-117.798	0	248.362	0	0	0	0	
1	[SLPS]	0	597.703	-117.847	0	247.619	0	0	0	0	
1	[SLPS]	0	597.614	-117.900	0	246.895	0	0	0	0	
1	[SLPS]	0	597.614	-117.900	0	246.895	0	0	0	0	
1	[SLPS]	0	597.431	-118.002	0	245.498	0	0	0	0	
1	[SLPS]	0	597.431	-118.002	0	245.498	0	0	0	0	
1	[SLPS]	0	597.330	-118.044	0	244.827	0	0	0	0	
1	[SLPS]	0	597.232	-118.095	0	244.158	0	0	0	0	
1	[SLPS]	0	597.232	-118.095	0	244.158	0	0	0	0	
1	[SLPS]	0	597.048	-118.197	0	242.904	0	0	0	0	
1	[SLPS]	0	597.048	-118.197	0	242.904	0	0	0	0	
1	[SLPS]	0	596.949	-118.255	0	242.309	0	0	0	0	
1	[SLPS]	0	596.854	-118.311	0	241.733	0	0	0	0	
1	[SLPS]	0	596.854	-118.311	0	241.733	0	0	0	0	
1	[SLPS]	0	596.671	-118.422	0	240.631	0	0	0	0	
1	[SLPS]	0	596.671	-118.422	0	240.631	0	0	0	0	
1	[SLPS]	0	596.576	-118.478	0	240.112	0	0	0	0	
1	[SLPS]	0	596.478	-118.532	0	239.622	0	0	0	0	
1	[SLPS]	0	596.478	-118.532	0	239.622	0	0	0	0	
1	[SLPS]	0	596.285	-118.666	0	238.729	0	0	0	0	
1	[SLPS]	0	596.285	-118.666	0	238.729	0	0	0	0	
1	[SLPS]	0	596.192	-118.735	0	238.326	0	0	0	0	
1	[SLPS]	0	596.097	-118.804	0	237.961	0	0	0	0	
1	[SLPS]	0	596.097	-118.804	0	237.961	0	0	0	0	
1	[SLPS]	0	595.899	-118.941	0	237.345	0	0	0	0	
1	[SLPS]	0	595.899	-118.941	0	237.345	0	0	0	0	
1	[SLPS]	0	595.805	-119.010	0	237.089	0	0	0	0	
1	[SLPS]	0	595.706	-119.078	0	236.852	0	0	0	0	
1	[SLPS]	0	595.706	-119.078	0	236.852	0	0	0	0	
1	[SLPS]	0	595.502	-119.214	0	236.421	0	0	0	0	
1	[SLPS]	0	595.502	-119.214	0	236.421	0	0	0	0	
1	[SLPS]	0	595.405	-119.271	0	236.242	0	0	0	0	
1	[SLPS]	0	595.305	-119.336	0	236.095	0	0	0	0	
1	[SLPS]	0	595.204	-119.408	0	235.978	0	0	0	0	
1	[SLPS]	0	595.110	-119.473	0	235.874	0	0	0	0	
1	[SLPS]	0	595.110	-119.473	0	235.874	0	0	0	0	
1	[SLPS]	0	595.008	-119.540	0	235.780	0	0	0	0	
1	[SLPS]	0	594.908	-119.611	0	235.696	0	0	0	0	
1	[SLPS]	0	594.810	-119.685	0	235.620	0	0	0	0	
1	[SLPS]	0	594.710	-119.756	0	235.552	0	0	0	0	
1	[SLPS]	0	594.710	-119.756	0	235.552	0	0	0	0	
1	[SLPS]	0	594.514	-119.894	0	235.457	0	0	0	0	
1	[SLPS]	0	594.514	-119.894	0	235.457	0	0	0	0	
1	[SLPS]	0	594.407	-119.962	0	235.454	0	0	0	0	
1	[SLPS]	0	594.311	-120.042	0	235.382	0	0	0	0	
1	[SLPS]	0	594.311	-120.042	0	235.382	0	0	0	0	
1	[SLPS]	0	594.109	-120.189	0	235.321	0	0	0	0	
1	[SLPS]	0	594.109	-120.189	0	235.321	0	0	0	0	
1	[SLPS]	0	594.007	-120.260	0	235.300	0	0	0	0	
1	[SLPS]	0	593.908	-120.337	0	235.270	0	0	0	0	
1	[SLPS]	0	593.908	-120.337	0	235.270	0	0	0	0	
1	[SLPS]	0	593.700	-120.487	0	235.225	0	0	0	0	
1	[SLPS]	0	593.700	-120.487	0	235.225	0	0	0	0	
1	[SLPS]	0	593.592	-120.563	0	235.225	0	0	0	0	
1	[SLPS]	0	593.488	-120.638	0	235.242	0	0	0	0	
1	[SLPS]	0	593.488	-120.638	0	235.242	0	0	0	0	
1	[SLPS]	0	593.269	-120.778	0	235.342	0	0	0	0	
1	[SLPS]	0	593.269	-120.778	0	235.342	0	0	0	0	
1	[SLPS]	0	593.166	-120.853	0	235.366	0	0	0	0	
1	[SLPS]	0	593.057	-120.927	0	235.409	0	0	0	0	
1	[SLPS]	0	593.057	-120.927	0	235.409	0	0	0	0	
1	[SLPS]	0	592.843	-121.076	0	235.469	0	0	0	0	
1	[SLPS]	0	592.843	-121.076	0	235.469	0	0	0	0	
1	[SLPS]	0	592.739	-121.149	0	235.501	0	0	0	0	
1	[SLPS]	0	592.631	-121.225	0	235.522	0	0	0	0	
1	[SLPS]	0	592.631	-121.225	0	235.522	0	0	0	0	
1	[SLPS]	0	592.416	-121.374	0	235.576	0	0	0	0	
1	[SLPS]	0	592.416	-121.374	0	235.576	0	0	0	0	
1	[SLPS]	0	592.308	-121.448	0	235.621	0	0	0	0	
1	[SLPS]	0	592.199	-121.524	0	235.661	0	0	0	0	
1	[SLPS]	0	592.090	-121.603	0	235.679	0	0	0	0	
1	[SLPS]	0	591.980	-121.683	0	235.680	0	0	0	0	
1	[SLPS]	0	591.980	-121.683	0	235.680	0	0	0	0	
1	[SLPS]	0	591.868	-121.765	0	235.687	0	0	0	0	
1	[SLPS]	0	591.756	-121.837	0	235.738	0	0	0	0	
1	[SLPS]	0	591.641	-121.922	0	235.755	0	0	0	0	
1	[SLPS]	0	591.532	-121.995	0	235.794	0	0	0	0	
1	[SLPS]	0	591.532	-121.995	0	235.794	0	0	0	0	
1	[SLPS]	0	591.303	-122.153	0	235.853	0	0	0	0	
1	[SLPS]	0	591.303	-122.153	0	235.853	0	0	0	0	
1	[SLPS]	0	591.193	-122.231	0	235.870	0	0	0	0	
1	[SLPS]	0	591.080	-122.307	0	235.903	0	0	0	0	
1	[SLPS]	0	591.080	-122.307	0	235.903	0	0	0	0	
1	[SLPS]	0	590.855	-122.450	0	235.980	0	0	0	0	
1	[SLPS]	0	590.855	-122.450	0	235.980	0	0	0	0	
1	[SLPS]	0	590.746	-122.532	0	235.972	0	0	0	0	
1	[SLPS]	0	590.635	-122.611	0	235.989	0	0	0	0	
1	[SLPS]	0	590.635	-122.611	0	235.989	0	0	0	0	
1	[SLPS]	0	590.410	-122.763	0	236.055	0	0	0	0	
1	[SLPS]	0	590.410	-122.763	0	236.055	0	0	0	0	
1	[SLPS]	0	590.302	-122.835	0	236.100	0	0	0	0	
1	[SLPS]	0	590.192	-122.916	0	236.110	0	0	0	0	
1	[SLPS]	0	590.192	-122.916	0	236.110	0	0	0	0	
1	[SLPS]	0	589.970	-123.067	0	236.171	0	0	0	0	
1	[SLPS]	0	589.970	-123.067	0	236.171	0	0	0	0	
1	[SLPS]	0	589.858	-123.144	0	236.200	0	0	0	0	
1	[SLPS]	0	589.748	-123.218	0	236.232	0	0	0	0	
1	[SLPS]	0	589.748	-123.218	0	236.232	0	0	0	0	
1	[SLPS]	0	589.531	-123.366	0	236.288	0	0	0	0	
1	[SLPS]	0	589.531	-123.366	0	236.288	0	0	0	0	
1	[SLPS]	0	589.420	-123.441	0	236.316	0	0	0	0	
1	[SLPS]	0	589.308	-123.510	0	236.354	0	0	0	0	
1	[SLPS]	0	589.308	-123.510	0	236.354	0	0	0	0	
1	[SLPS]	0	589.093	-123.654	0	236.405	0	0	0	0	
1	[SLPS]	0	589.093	-123.654	0	236.405	0	0	0	0	
1	[SLPS]	0	588.982	-123.723	0	236.440	0	0	0	0	
1	[SLPS]	0	588.871	-123.802	0	236.447	0	0	0	0	
1	[SLPS]	0	588.761	-123.871	0	236.483	0	0	0	0	
1	[SLPS]	0	588.652	-123.943	0	236.506	0	0	0	0	
1	[SLPS]	0	588.652	-123.943	0	236.506	0	0	0	0	
1	[SLPS]	0	588.439	-124.089	0	236.513	0	0	0	0	
1	[SLPS]	0	588.439	-124.089	0	236.513	0	0	0	0	
1	[SLPS]	0	588.327	-124.164	0	236.519	0	0	0	0	
1	[SLPS]	0	588.220	-124.234	0	236.540	0	0	0	0	
1	[SLPS]	0	588.220	-124.234	0	236.540	0	0	0	0	
1	[SLPS]	0	588.112	-124.307	0	236.571	0	0	0	0	
1	[SLPS]	0	588.005	-124.375	0	236.608	0	0	0	0	
1	[SLPS]	0	587.896	-124.446	0	236.622	0	0	0	0	
1	[SLPS]	0	587.788	-124.517	0	236.628	0	0	0	0	
1	[SLPS]	0	587.788	-124.517	0	236.628	0	0	0	0	
1	[SLPS]	0	587.582	-124.668	0	236.585	0	0	0	0	
1	[SLPS]	0	587.582	-124.668	0	236.585	0	0	0	0	
1	[SLPS]	0	587.477	-124.740	0	236.593	0	0	0	0	
1	[SLPS]	0	587.372	-124.807	0	236.611	0	0	0	0	
1	[SLPS]	0	587.372	-124.807	0	236.611	0	0	0	0	
1	[SLPS]	0	587.162	-124.952	0	236.627	0	0	0	0	
1	[SLPS]	0	587.162	-124.952	0	236.627	0	0	0	0	
1	[SLPS]	0	587.054	-125.023	0	236.645	0	0	0	0	
1	[SLPS]	0	586.949	-125.093	0	236.657	0	0	0	0	
1	[SLPS]	0	586.949	-125.093	0	236.657	0	0	0	0	
1	[SLPS]	0	586.753	-125.237	0	236.634	0	0	0	0	
1	[SLPS]	0	586.753	-125.237	0	236.634	0	0	0	0	
1	[SLPS]	0	586.641	-125.315	0	236.636	0	0	0	0	
1	[SLPS]	0	586.535	-125.388	0	236.650	0	0	0	0	
1	[SLPS]	0	586.535	-125.388	0	236.650	0	0	0	0	
1	[SLPS]	0	586.315	-125.535	0	236.689	0	0	0	0	
1	[SLPS]	0	586.315	-125.535	0	236.689	0	0	0	0	
1	[SLPS]	0	586.201	-125.612	0	236.717	0	0	0	0	
1	[SLPS]	0	586.091	-125.686	0	236.749	0	0	0	0	
1	[SLPS]	0	586.091	-125.686	0	236.749	0	0	0	0	
1	[SLPS]	0	585.871	-125.822	0	236.842	0	0	0	0	
1	[SLPS]	0	585.871	-125.822	0	236.842	0	0	0	0	
1	[SLPS]	0	585.759	-125.897	0	236.860	0	0	0	0	
1	[SLPS]	0	585.648	-125.966	0	236.890	0	0	0	0	
1	[SLPS]	0	585.542	-126.047	0	236.870	0	0	0	0	
1	[SLPS]	0	585.425	-126.113	0	236.927	0	0	0	0	
1	[SLPS]	0	585.425	-126.113	0	236.927	0	0	0	0	
1	[SLPS]	0	585.311	-126.182	0	236.964	0	0	0	0	
1	[SLPS]	0	585.194	-126.249	0	237.007	0	0	0	0	
1	[SLPS]	0	585.080	-126.326	0	237.021	0	0	0	0	
1	[SLPS]	0	584.966	-126.407	0	237.020	0	0	0	0	
1	[SLPS]	0	584.966	-126.407	0	237.020	0	0	0	0	
1	[SLPS]	0	584.852	-126.478	0	237.039	0	0	0	0	
1	[SLPS]	0	584.738	-126.551	0	237.049	0	0	0	0	
1	[SLPS]	0	584.738	-126.551	0	237.049	0	0	0	0	
1	[SLPS]	0	584.516	-126.695	0	237.094	0	0	0	0	
1	[SLPS]	0	584.516	-126.695	0	237.094	0	0	0	0	
1	[SLPS]	0	584.397	-126.757	0	237.154	0	0	0	0	
1	[SLPS]	0	584.289	-126.842	0	237.129	0	0	0	0	
1	[SLPS]	0	584.173	-126.914	0	237.149	0	0	0	0	
1	[SLPS]	0	584.063	-126.993	0	237.134	0	0	0	0	
1	[SLPS]	0	584.063	-126.993	0	237.134	0	0	0	0	
1	[SLPS]	0	583.949	-127.067	0	237.152	0	0	0	0	
1	[SLPS]	0	583.838	-127.141	0	237.169	0	0	0	0	
1	[SLPS]	0	583.722	-127.215	0	237.191	0	0	0	0	
1	[SLPS]	0	583.610	-127.293	0	237.186	0	0	0	0	
1	[SLPS]	0	583.610	-127.293	0	237.186	0	0	0	0	
1	[SLPS]	0	583.381	-127.444	0	237.157	0	0	0	0	
1	[SLPS]	0	583.381	-127.444	0	237.157	0	0	0	0	
1	[SLPS]	0	583.263	-127.522	0	237.131	0	0	0	0	
1	[SLPS]	0	583.144	-127.599	0	237.114	0	0	0	0	
1	[SLPS]	0	583.144	-127.599	0	237.114	0	0	0	0	
1	[SLPS]	0	582.912	-127.745	0	237.100	0	0	0	0	
1	[SLPS]	0	582.912	-127.745	0	237.100	0	0	0	0	
1	[SLPS]	0	582.797	-127.825	0	237.063	0	0	0	0	
1	[SLPS]	0	582.677	-127.897	0	237.041	0	0	0	0	
1	[SLPS]	0	582.677	-127.897	0	237.041	0	0	0	0	
1	[SLPS]	0	582.437	-128.053	0	236.944	0	0	0	0	
1	[SLPS]	0	582.437	-128.053	0	236.944	0	0	0	0	
1	[SLPS]	0	582.322	-128.134	0	236.884	0	0	0	0	
1	[SLPS]	0	582.202	-128.214	0	236.826	0	0	0	0	
1	[SLPS]	0	582.202	-128.214	0	236.826	0	0	0	0	
1	[SLPS]	0	581.968	-128.378	0	236.690	0	0	0	0	
1	[SLPS]	0	581.968	-128.378	0	236.690	0	0	0	0	
1	[SLPS]	0	581.846	-128.466	0	236.618	0	0	0	0	
1	[SLPS]	0	581.729	-128.546	0	236.549	0	0	0	0	
1	[SLPS]	0	581.729	-128.546	0	236.549	0	0	0	0	
1	[SLPS]	0	581.489	-128.708	0	236.409	0	0	0	0	
1	[SLPS]	0	581.489	-128.708	0	236.409	0	0	0	0	
1	[SLPS]	0	581.373	-128.786	0	236.331	0	0	0	0	
1	[SLPS]	0	581.247	-128.866	0	236.249	0	0	0	0	
1	[SLPS]	0	581.247	-128.866	0	236.249	0	0	0	0	
1	[SLPS]	0	581.016	-129.026	0	236.093	0	0	0	0	
1	[SLPS]	0	581.016	-129.026	0	236.093	0	0	0	0	
1	[SLPS]	0	580.899	-129.109	0	236.002	0	0	0	0	
1	[SLPS]	0	580.784	-129.190	0	235.904	0	0	0	0	
1	[SLPS]	0	580.784	-129.190	0	235.904	0	0	0	0	
1	[SLPS]	0	580.547	-129.352	0	235.703	0	0	0	0	
1	[SLPS]	0	580.547	-129.352	0	235.703	0	0	0	0	
1	[SLPS]	0	580.430	-129.435	0	235.590	0	0	0	0	
1	[SLPS]	0	580.309	-129.512	0	235.478	0	0	0	0	
1	[SLPS]	0	580.186	-129.593	0	235.360	0	0	0	0	
1	[SLPS]	0	580.068	-129.676	0	235.233	0	0	0	0	
1	[SLPS]	0	580.068	-129.676	0	235.233	0	0	0	0	
1	[SLPS]	0	579.950	-129.763	0	235.100	0	0	0	0	
1	[SLPS]	0	579.829	-129.848	0	234.956	0	0	0	0	
1	[SLPS]	0	579.714	-129.936	0	234.796	0	0	0	0	
1	[SLPS]	0	579.597	-130.022	0	234.628	0	0	0	0	
1	[SLPS]	0	579.597	-130.022	0	234.628	0	0	0	0	
1	[SLPS]	0	579.363	-130.196	0	234.279	0	0	0	0	
1	[SLPS]	0	579.363	-130.196	0	234.279	0	0	0	0	
1	[SLPS]	0	579.244	-130.283	0	234.106	0	0	0	0	
1	[SLPS]	0	579.128	-130.373	0	233.928	0	0	0	0	
1	[SLPS]	0	579.128	-130.373	0	233.928	0	0	0	0	
1	[SLPS]	0	578.901	-130.551	0	233.540	0	0	0	0	
1	[SLPS]	0	578.901	-130.551	0	233.540	0	0	0	0	
1	[SLPS]	0	578.781	-130.642	0	233.325	0	0	0	0	
1	[SLPS]	0	578.665	-130.729	0	233.104	0	0	0	0	
1	[SLPS]	0	578.665	-130.729	0	233.104	0	0	0	0	
1	[SLPS]	0	578.434	-130.913	0	232.627	0	0	0	0	
1	[SLPS]	0	578.434	-130.913	0	232.627	0	0	0	0	
1	[SLPS]	0	578.315	-131.004	0	232.388	0	0	0	0	
1	[SLPS]	0	578.199	-131.095	0	232.153	0	0	0	0	
1	[SLPS]	0	578.199	-131.095	0	232.153	0	0	0	0	
1	[SLPS]	0	577.971	-131.280	0	231.661	0	0	0	0	
1	[SLPS]	0	577.971	-131.280	0	231.661	0	0	0	0	
1	[SLPS]	0	577.859	-131.374	0	231.386	0	0	0	0	
1	[SLPS]	0	577.746	-131.467	0	231.100	0	0	0	0	
1	[SLPS]	0	577.746	-131.467	0	231.100	0	0	0	0	
1	[SLPS]	0	577.530	-131.653	0	230.559	0	0	0	0	
1	[SLPS]	0	577.530	-131.653	0	230.559	0	0	0	0	
1	[SLPS]	0	577.421	-131.753	0	230.295	0	0	0	0	
1	[SLPS]	0	577.314	-131.850	0	230.031	0	0	0	0	
1	[SLPS]	0	577.314	-131.850	0	230.031	0	0	0	0	
1	[SLPS]	0	577.097	-132.045	0	229.502	0	0	0	0	
1	[SLPS]	0	577.097	-132.045	0	229.502	0	0	0	0	
1	[SLPS]	0	576.881	-132.245	0	228.969	0	0	0	0	
1	[SLPS]	0	576.881	-132.245	0	228.969	0	0	0	0	
1	[SLPS]	0	576.775	-132.335	0	228.713	0	0	0	0	
1	[SLPS]	0	576.671	-132.431	0	228.459	0	0	0	0	
1	[SLPS]	0	576.671	-132.431	0	228.459	0	0	0	0	
1	[SLPS]	0	576.457	-132.635	0	227.918	0	0	0	0	
1	[SLPS]	0	576.457	-132.635	0	227.918	0	0	0	0	
1	[SLPS]	0	576.352	-132.735	0	227.643	0	0	0	0	
1	[SLPS]	0	576.248	-132.836	0	227.373	0	0	0	0	
1	[SLPS]	0	576.248	-132.836	0	227.373	0	0	0	0	
1	[SLPS]	0	576.040	-133.031	0	226.868	0	0	0	0	
1	[SLPS]	0	576.040	-133.031	0	226.868	0	0	0	0	
1	[SLPS]	0	575.933	-133.135	0	226.622	0	0	0	0	
1	[SLPS]	0	575.830	-133.239	0	226.367	0	0	0	0	
1	[SLPS]	0	575.830	-133.239	0	226.367	0	0	0	0	
1	[SLPS]	0	575.624	-133.445	0	225.800	0	0	0	0	
1	[SLPS]	0	575.624	-133.445	0	225.800	0	0	0	0	
1	[SLPS]	0	575.523	-133.549	0	225.515	0	0	0	0	
1	[SLPS]	0	575.420	-133.657	0	225.232	0	0	0	0	
1	[SLPS]	0	575.420	-133.657	0	225.232	0	0	0	0	
1	[SLPS]	0	575.223	-133.866	0	224.681	0	0	0	0	
1	[SLPS]	0	575.223	-133.866	0	224.681	0	0	0	0	
1	[SLPS]	0	575.123	-133.969	0	224.410	0	0	0	0	
1	[SLPS]	0	575.025	-134.075	0	224.140	0	0	0	0	
1	[SLPS]	0	575.025	-134.075	0	224.140	0	0	0	0	
1	[SLPS]	0	574.833	-134.288	0	223.589	0	0	0	0	
1	[SLPS]	0	574.833	-134.288	0	223.589	0	0	0	0	
1	[SLPS]	0	574.734	-134.395	0	223.304	0	0	0	0	
1	[SLPS]	0	574.637	-134.504	0	223.011	0	0	0	0	
1	[SLPS]	0	574.637	-134.504	0	223.011	0	0	0	0	
1	[SLPS]	0	574.448	-134.719	0	222.402	0	0	0	0	
1	[SLPS]	0	574.448	-134.719	0	222.402	0	0	0	0	
1	[SLPS]	0	574.352	-134.827	0	222.088	0	0	0	0	
1	[SLPS]	0	574.255	-134.934	0	221.769	0	0	0	0	
1	[SLPS]	0	574.255	-134.934	0	221.769	0	0	0	0	
1	[SLPS]	0	574.069	-135.147	0	221.113	0	0	0	0	
1	[SLPS]	0	574.069	-135.147	0	221.113	0	0	0	0	
1	[SLPS]	0	573.981	-135.256	0	220.775	0	0	0	0	
1	[SLPS]	0	573.891	-135.366	0	220.439	0	0	0	0	
1	[SLPS]	0	573.891	-135.366	0	220.439	0	0	0	0	
1	[SLPS]	0	573.714	-135.588	0	219.783	0	0	0	0	
1	[SLPS]	0	573.714	-135.588	0	219.783	0	0	0	0	
1	[SLPS]	0	573.626	-135.704	0	219.460	0	0	0	0	
1	[SLPS]	0	573.539	-135.818	0	219.136	0	0	0	0	
1	[SLPS]	0	573.539	-135.818	0	219.136	0	0	0	0	
1	[SLPS]	0	573.369	-136.047	0	218.479	0	0	0	0	
1	[SLPS]	0	573.369	-136.047	0	218.479	0	0	0	0	
1	[SLPS]	0	573.285	-136.162	0	218.150	0	0	0	0	
1	[SLPS]	0	573.199	-136.277	0	217.816	0	0	0	0	
1	[SLPS]	0	573.199	-136.277	0	217.816	0	0	0	0	
1	[SLPS]	0	573.036	-136.512	0	217.140	0	0	0	0	
1	[SLPS]	0	573.036	-136.512	0	217.140	0	0	0	0	
1	[SLPS]	0	572.952	-136.632	0	216.806	0	0	0	0	
1	[SLPS]	0	572.868	-136.751	0	216.478	0	0	0	0	
1	[SLPS]	0	572.868	-136.751	0	216.478	0	0	0	0	
1	[SLPS]	0	572.713	-136.991	0	215.822	0	0	0	0	
1	[SLPS]	0	572.713	-136.991	0	215.822	0	0	0	0	
1	[SLPS]	0	572.630	-137.112	0	215.483	0	0	0	0	
1	[SLPS]	0	572.552	-137.233	0	215.139	0	0	0	0	
1	[SLPS]	0	572.552	-137.233	0	215.139	0	0	0	0	
1	[SLPS]	0	572.396	-137.475	0	214.455	0	0	0	0	
1	[SLPS]	0	572.396	-137.475	0	214.455	0	0	0	0	
1	[SLPS]	0	572.318	-137.596	0	214.124	0	0	0	0	
1	[SLPS]	0	572.240	-137.717	0	213.789	0	0	0	0	
1	[SLPS]	0	572.240	-137.717	0	213.789	0	0	0	0	
1	[SLPS]	0	572.091	-137.962	0	213.114	0	0	0	0	
1	[SLPS]	0	572.091	-137.962	0	213.114	0	0	0	0	
1	[SLPS]	0	572.016	-138.083	0	212.772	0	0	0	0	
1	[SLPS]	0	571.943	-138.205	0	212.429	0	0	0	0	
1	[SLPS]	0	571.943	-138.205	0	212.429	0	0	0	0	
1	[SLPS]	0	571.795	-138.453	0	211.764	0	0	0	0	
1	[SLPS]	0	571.795	-138.453	0	211.764	0	0	0	0	
1	[SLPS]	0	571.722	-138.580	0	211.435	0	0	0	0	
1	[SLPS]	0	571.649	-138.708	0	211.099	0	0	0	0	
1	[SLPS]	0	571.649	-138.708	0	211.099	0	0	0	0	
1	[SLPS]	0	571.511	-138.960	0	210.394	0	0	0	0	
1	[SLPS]	0	571.511	-138.960	0	210.394	0	0	0	0	
1	[SLPS]	0	571.441	-139.085	0	210.042	0	0	0	0	
1	[SLPS]	0	571.370	-139.214	0	209.703	0	0	0	0	
1	[SLPS]	0	571.299	-139.345	0	209.373	0	0	0	0	
1	[SLPS]	0	571.231	-139.475	0	209.041	0	0	0	0	
1	[SLPS]	0	571.231	-139.475	0	209.041	0	0	0	0	
1	[SLPS]	0	571.102	-139.734	0	208.337	0	0	0	0	
1	[SLPS]	0	571.102	-139.734	0	208.337	0	0	0	0	
1	[SLPS]	0	571.036	-139.865	0	207.968	0	0	0	0	
1	[SLPS]	0	570.976	-139.994	0	207.606	0	0	0	0	
1	[SLPS]	0	570.976	-139.994	0	207.606	0	0	0	0	
1	[SLPS]	0	570.846	-140.256	0	206.911	0	0	0	0	
1	[SLPS]	0	570.846	-140.256	0	206.911	0	0	0	0	
1	[SLPS]	0	570.783	-140.391	0	206.567	0	0	0	0	
1	[SLPS]	0	570.722	-140.522	0	206.228	0	0	0	0	
1	[SLPS]	0	570.722	-140.522	0	206.228	0	0	0	0	
1	[SLPS]	0	570.598	-140.786	0	205.521	0	0	0	0	
1	[SLPS]	0	570.598	-140.786	0	205.521	0	0	0	0	
1	[SLPS]	0	570.539	-140.922	0	205.157	0	0	0	0	
1	[SLPS]	0	570.483	-141.053	0	204.796	0	0	0	0	
1	[SLPS]	0	570.483	-141.053	0	204.796	0	0	0	0	
1	[SLPS]	0	570.369	-141.322	0	204.098	0	0	0	0	
1	[SLPS]	0	570.369	-141.322	0	204.098	0	0	0	0	
1	[SLPS]	0	570.314	-141.459	0	203.755	0	0	0	0	
1	[SLPS]	0	570.259	-141.594	0	203.414	0	0	0	0	
1	[SLPS]	0	570.259	-141.594	0	203.414	0	0	0	0	
1	[SLPS]	0	570.156	-141.857	0	202.720	0	0	0	0	
1	[SLPS]	0	570.156	-141.857	0	202.720	0	0	0	0	
1	[SLPS]	0	570.107	-141.994	0	202.364	0	0	0	0	
1	[SLPS]	0	570.063	-142.128	0	202.003	0	0	0	0	
1	[SLPS]	0	570.063	-142.128	0	202.003	0	0	0	0	
1	[SLPS]	0	569.967	-142.402	0	201.255	0	0	0	0	
1	[SLPS]	0	569.967	-142.402	0	201.255	0	0	0	0	
1	[SLPS]	0	569.920	-142.540	0	200.875	0	0	0	0	
1	[SLPS]	0	569.875	-142.675	0	200.495	0	0	0	0	
1	[SLPS]	0	569.875	-142.675	0	200.495	0	0	0	0	
1	[SLPS]	0	569.786	-142.948	0	199.723	0	0	0	0	
1	[SLPS]	0	569.786	-142.948	0	199.723	0	0	0	0	
1	[SLPS]	0	569.742	-143.084	0	199.327	0	0	0	0	
1	[SLPS]	0	569.700	-143.221	0	198.923	0	0	0	0	
1	[SLPS]	0	569.700	-143.221	0	198.923	0	0	0	0	
1	[SLPS]	0	569.608	-143.494	0	198.113	0	0	0	0	
1	[SLPS]	0	569.608	-143.494	0	198.113	0	0	0	0	
1	[SLPS]	0	569.568	-143.633	0	197.705	0	0	0	0	
1	[SLPS]	0	569.528	-143.771	0	197.297	0	0	0	0	
1	[SLPS]	0	569.489	-143.911	0	196.890	0	0	0	0	
1	[SLPS]	0	569.452	-144.050	0	196.482	0	0	0	0	
1	[SLPS]	0	569.452	-144.050	0	196.482	0	0	0	0	
1	[SLPS]	0	569.416	-144.190	0	196.073	0	0	0	0	
1	[SLPS]	0	569.381	-144.332	0	195.653	0	0	0	0	
1	[SLPS]	0	569.348	-144.473	0	195.242	0	0	0	0	
1	[SLPS]	0	569.313	-144.615	0	194.828	0	0	0	0	
1	[SLPS]	0	569.313	-144.615	0	194.828	0	0	0	0	
1	[SLPS]	0	569.251	-144.898	0	193.997	0	0	0	0	
1	[SLPS]	0	569.251	-144.898	0	193.997	0	0	0	0	
1	[SLPS]	0	569.221	-145.040	0	193.579	0	0	0	0	
1	[SLPS]	0	569.192	-145.181	0	193.161	0	0	0	0	
1	[SLPS]	0	569.192	-145.181	0	193.161	0	0	0	0	
1	[SLPS]	0	569.142	-145.466	0	192.315	0	0	0	0	
1	[SLPS]	0	569.142	-145.466	0	192.315	0	0	0	0	
1	[SLPS]	0	569.117	-145.606	0	191.890	0	0	0	0	
1	[SLPS]	0	569.093	-145.748	0	191.464	0	0	0	0	
1	[SLPS]	0	569.093	-145.748	0	191.464	0	0	0	0	
1	[SLPS]	0	569.054	-146.034	0	190.597	0	0	0	0	
1	[SLPS]	0	569.054	-146.034	0	190.597	0	0	0	0	
1	[SLPS]	0	569.025	-146.166	0	190.159	0	0	0	0	
1	[SLPS]	0	569.005	-146.311	0	189.717	0	0	0	0	
1	[SLPS]	0	569.005	-146.311	0	189.717	0	0	0	0	
1	[SLPS]	0	568.963	-146.595	0	188.814	0	0	0	0	
1	[SLPS]	0	568.963	-146.595	0	188.814	0	0	0	0	
1	[SLPS]	0	568.945	-146.739	0	188.354	0	0	0	0	
1	[SLPS]	0	568.930	-146.884	0	187.887	0	0	0	0	
1	[SLPS]	0	568.930	-146.884	0	187.887	0	0	0	0	
1	[SLPS]	0	568.904	-147.175	0	186.951	0	0	0	0	
1	[SLPS]	0	568.904	-147.175	0	186.951	0	0	0	0	
1	[SLPS]	0	568.891	-147.321	0	186.480	0	0	0	0	
1	[SLPS]	0	568.883	-147.465	0	186.005	0	0	0	0	
1	[SLPS]	0	568.883	-147.465	0	186.005	0	0	0	0	
1	[SLPS]	0	568.868	-147.757	0	185.061	0	0	0	0	
1	[SLPS]	0	568.868	-147.757	0	185.061	0	0	0	0	
1	[SLPS]	0	568.862	-147.905	0	184.589	0	0	0	0	
1	[SLPS]	0	568.861	-148.051	0	184.112	0	0	0	0	
1	[SLPS]	0	568.861	-148.051	0	184.112	0	0	0	0	
1	[SLPS]	0	568.852	-148.347	0	183.142	0	0	0	0	
1	[SLPS]	0	568.852	-148.347	0	183.142	0	0	0	0	
1	[SLPS]	0	568.851	-148.495	0	182.655	0	0	0	0	
1	[SLPS]	0	568.849	-148.640	0	182.160	0	0	0	0	
1	[SLPS]	0	568.849	-148.640	0	182.160	0	0	0	0	
1	[SLPS]	0	568.852	-148.930	0	181.137	0	0	0	0	
1	[SLPS]	0	568.852	-148.930	0	181.137	0	0	0	0	
1	[SLPS]	0	568.850	-149.074	0	180.610	0	0	0	0	
1	[SLPS]	0	568.857	-149.219	0	180.080	0	0	0	0	
1	[SLPS]	0	568.857	-149.219	0	180.080	0	0	0	0	
1	[SLPS]	0	568.865	-149.512	0	179.050	0	0	0	0	
1	[SLPS]	0	568.865	-149.512	0	179.050	0	0	0	0	
1	[SLPS]	0	568.875	-149.659	0	178.545	0	0	0	0	
1	[SLPS]	0	568.886	-149.807	0	178.025	0	0	0	0	
1	[SLPS]	0	568.886	-149.807	0	178.025	0	0	0	0	
1	[SLPS]	0	568.910	-150.104	0	176.958	0	0	0	0	
1	[SLPS]	0	568.910	-150.104	0	176.958	0	0	0	0	
1	[SLPS]	0	568.926	-150.255	0	176.430	0	0	0	0	
1	[SLPS]	0	568.942	-150.408	0	175.910	0	0	0	0	
1	[SLPS]	0	568.942	-150.408	0	175.910	0	0	0	0	
1	[SLPS]	0	568.974	-150.714	0	174.880	0	0	0	0	
1	[SLPS]	0	568.974	-150.714	0	174.880	0	0	0	0	
1	[SLPS]	0	568.996	-150.870	0	174.357	0	0	0	0	
1	[SLPS]	0	569.020	-151.024	0	173.826	0	0	0	0	
1	[SLPS]	0	569.043	-151.176	0	173.288	0	0	0	0	
1	[SLPS]	0	569.067	-151.330	0	172.746	0	0	0	0	
1	[SLPS]	0	569.067	-151.330	0	172.746	0	0	0	0	
1	[SLPS]	0	569.126	-151.639	0	171.672	0	0	0	0	
1	[SLPS]	0	569.126	-151.639	0	171.672	0	0	0	0	
1	[SLPS]	0	569.155	-151.794	0	171.148	0	0	0	0	
1	[SLPS]	0	569.187	-151.950	0	170.625	0	0	0	0	
1	[SLPS]	0	569.187	-151.950	0	170.625	0	0	0	0	
1	[SLPS]	0	569.256	-152.262	0	169.564	0	0	0	0	
1	[SLPS]	0	569.256	-152.262	0	169.564	0	0	0	0	
1	[SLPS]	0	569.292	-152.419	0	169.024	0	0	0	0	
1	[SLPS]	0	569.332	-152.577	0	168.491	0	0	0	0	
1	[SLPS]	0	569.332	-152.577	0	168.491	0	0	0	0	
1	[SLPS]	0	569.414	-152.898	0	167.445	0	0	0	0	
1	[SLPS]	0	569.414	-152.898	0	167.445	0	0	0	0	
1	[SLPS]	0	569.456	-153.061	0	166.941	0	0	0	0	
1	[SLPS]	0	569.499	-153.222	0	166.437	0	0	0	0	
1	[SLPS]	0	569.499	-153.222	0	166.437	0	0	0	0	
1	[SLPS]	0	569.588	-153.541	0	165.449	0	0	0	0	
1	[SLPS]	0	569.588	-153.541	0	165.449	0	0	0	0	
1	[SLPS]	0	569.633	-153.702	0	164.962	0	0	0	0	
1	[SLPS]	0	569.685	-153.862	0	164.478	0	0	0	0	
1	[SLPS]	0	569.685	-153.862	0	164.478	0	0	0	0	
1	[SLPS]	0	569.800	-154.188	0	163.499	0	0	0	0	
1	[SLPS]	0	569.800	-154.188	0	163.499	0	0	0	0	
1	[SLPS]	0	569.859	-154.349	0	163.027	0	0	0	0	
1	[SLPS]	0	569.916	-154.511	0	162.563	0	0	0	0	
1	[SLPS]	0	569.916	-154.511	0	162.563	0	0	0	0	
1	[SLPS]	0	570.038	-154.837	0	161.655	0	0	0	0	
1	[SLPS]	0	570.038	-154.837	0	161.655	0	0	0	0	
1	[SLPS]	0	570.098	-155.001	0	161.202	0	0	0	0	
1	[SLPS]	0	570.161	-155.166	0	160.757	0	0	0	0	
1	[SLPS]	0	570.161	-155.166	0	160.757	0	0	0	0	
1	[SLPS]	0	570.282	-155.493	0	159.875	0	0	0	0	
1	[SLPS]	0	570.282	-155.493	0	159.875	0	0	0	0	
1	[SLPS]	0	570.346	-155.654	0	159.431	0	0	0	0	
1	[SLPS]	0	570.413	-155.814	0	158.995	0	0	0	0	
1	[SLPS]	0	570.481	-155.975	0	158.581	0	0	0	0	
1	[SLPS]	0	570.552	-156.133	0	158.191	0	0	0	0	
1	[SLPS]	0	570.552	-156.133	0	158.191	0	0	0	0	
1	[SLPS]	0	570.696	-156.449	0	157.414	0	0	0	0	
1	[SLPS]	0	570.696	-156.449	0	157.414	0	0	0	0	
1	[SLPS]	0	570.767	-156.602	0	157.027	0	0	0	0	
1	[SLPS]	0	570.840	-156.755	0	156.651	0	0	0	0	
1	[SLPS]	0	570.840	-156.755	0	156.651	0	0	0	0	
1	[SLPS]	0	570.983	-157.057	0	155.945	0	0	0	0	
1	[SLPS]	0	570.983	-157.057	0	155.945	0	0	0	0	
1	[SLPS]	0	571.061	-157.213	0	155.601	0	0	0	0	
1	[SLPS]	0	571.132	-157.363	0	155.275	0	0	0	0	
1	[SLPS]	0	571.132	-157.363	0	155.275	0	0	0	0	
1	[SLPS]	0	571.281	-157.662	0	154.654	0	0	0	0	
1	[SLPS]	0	571.281	-157.662	0	154.654	0	0	0	0	
1	[SLPS]	0	571.357	-157.815	0	154.357	0	0	0	0	
1	[SLPS]	0	571.434	-157.964	0	154.070	0	0	0	0	
1	[SLPS]	0	571.434	-157.964	0	154.070	0	0	0	0	
1	[SLPS]	0	571.589	-158.264	0	153.521	0	0	0	0	
1	[SLPS]	0	571.589	-158.264	0	153.521	0	0	0	0	
1	[SLPS]	0	571.668	-158.417	0	153.250	0	0	0	0	
1	[SLPS]	0	571.746	-158.566	0	152.982	0	0	0	0	
1	[SLPS]	0	571.746	-158.566	0	152.982	0	0	0	0	
1	[SLPS]	0	571.902	-158.867	0	152.510	0	0	0	0	
1	[SLPS]	0	571.902	-158.867	0	152.510	0	0	0	0	
1	[SLPS]	0	571.980	-159.015	0	152.294	0	0	0	0	
1	[SLPS]	0	572.064	-159.160	0	152.077	0	0	0	0	
1	[SLPS]	0	572.146	-159.308	0	151.860	0	0	0	0	
1	[SLPS]	0	572.223	-159.450	0	151.651	0	0	0	0	
1	[SLPS]	0	572.223	-159.450	0	151.651	0	0	0	0	
1	[SLPS]	0	572.305	-159.599	0	151.440	0	0	0	0	
1	[SLPS]	0	572.389	-159.747	0	151.247	0	0	0	0	
1	[SLPS]	0	572.475	-159.894	0	151.061	0	0	0	0	
1	[SLPS]	0	572.560	-160.039	0	150.878	0	0	0	0	
1	[SLPS]	0	572.560	-160.039	0	150.878	0	0	0	0	
1	[SLPS]	0	572.645	-160.186	0	150.704	0	0	0	0	
1	[SLPS]	0	572.728	-160.332	0	150.539	0	0	0	0	
1	[SLPS]	0	572.815	-160.477	0	150.382	0	0	0	0	
1	[SLPS]	0	572.900	-160.619	0	150.232	0	0	0	0	
1	[SLPS]	0	572.900	-160.619	0	150.232	0	0	0	0	
1	[SLPS]	0	573.070	-160.908	0	149.960	0	0	0	0	
1	[SLPS]	0	573.070	-160.908	0	149.960	0	0	0	0	
1	[SLPS]	0	573.154	-161.050	0	149.856	0	0	0	0	
1	[SLPS]	0	573.240	-161.195	0	149.770	0	0	0	0	
1	[SLPS]	0	573.240	-161.195	0	149.770	0	0	0	0	
1	[SLPS]	0	573.414	-161.493	0	149.604	0	0	0	0	
1	[SLPS]	0	573.414	-161.493	0	149.604	0	0	0	0	
1	[SLPS]	0	573.502	-161.643	0	149.522	0	0	0	0	
1	[SLPS]	0	573.589	-161.793	0	149.450	0	0	0	0	
1	[SLPS]	0	573.589	-161.793	0	149.450	0	0	0	0	
1	[SLPS]	0	573.769	-162.091	0	149.336	0	0	0	0	
1	[SLPS]	0	573.769	-162.091	0	149.336	0	0	0	0	
1	[SLPS]	0	573.862	-162.237	0	149.279	0	0	0	0	
1	[SLPS]	0	573.952	-162.386	0	149.222	0	0	0	0	
1	[SLPS]	0	573.952	-162.386	0	149.222	0	0	0	0	
1	[SLPS]	0	574.138	-162.680	0	149.103	0	0	0	0	
1	[SLPS]	0	574.138	-162.680	0	149.103	0	0	0	0	
1	[SLPS]	0	574.225	-162.830	0	149.043	0	0	0	0	
1	[SLPS]	0	574.314	-162.979	0	148.990	0	0	0	0	
1	[SLPS]	0	574.314	-162.979	0	148.990	0	0	0	0	
1	[SLPS]	0	574.501	-163.274	0	148.838	0	0	0	0	
1	[SLPS]	0	574.501	-163.274	0	148.838	0	0	0	0	
1	[SLPS]	0	574.598	-163.428	0	148.780	0	0	0	0	
1	[SLPS]	0	574.690	-163.580	0	148.722	0	0	0	0	
1	[SLPS]	0	574.690	-163.580	0	148.722	0	0	0	0	
1	[SLPS]	0	574.882	-163.885	0	148.608	0	0	0	0	
1	[SLPS]	0	574.882	-163.885	0	148.608	0	0	0	0	
1	[SLPS]	0	574.978	-164.040	0	148.559	0	0	0	0	
1	[SLPS]	0	575.073	-164.194	0	148.510	0	0	0	0	
1	[SLPS]	0	575.073	-164.194	0	148.510	0	0	0	0	
1	[SLPS]	0	575.263	-164.503	0	148.401	0	0	0	0	
1	[SLPS]	0	575.263	-164.503	0	148.401	0	0	0	0	
1	[SLPS]	0	575.360	-164.656	0	148.349	0	0	0	0	
1	[SLPS]	0	575.453	-164.808	0	148.294	0	0	0	0	
1	[SLPS]	0	575.453	-164.808	0	148.294	0	0	0	0	
1	[SLPS]	0	575.645	-165.112	0	148.167	0	0	0	0	
1	[SLPS]	0	575.645	-165.112	0	148.167	0	0	0	0	
1	[SLPS]	0	575.743	-165.265	0	148.107	0	0	0	0	
1	[SLPS]	0	575.839	-165.414	0	148.040	0	0	0	0	
1	[SLPS]	0	575.839	-165.414	0	148.040	0	0	0	0	
1	[SLPS]	0	576.026	-165.713	0	147.939	0	0	0	0	
1	[SLPS]	0	576.026	-165.713	0	147.939	0	0	0	0	
1	[SLPS]	0	576.221	-166.011	0	147.818	0	0	0	0	
1	[SLPS]	0	576.221	-166.011	0	147.818	0	0	0	0	
1	[SLPS]	0	576.317	-166.157	0	147.769	0	0	0	0	
1	[SLPS]	0	576.409	-166.305	0	147.735	0	0	0	0	
1	[SLPS]	0	576.409	-166.305	0	147.735	0	0	0	0	
1	[SLPS]	0	576.595	-166.593	0	147.631	0	0	0	0	
1	[SLPS]	0	576.595	-166.593	0	147.631	0	0	0	0	
1	[SLPS]	0	576.688	-166.735	0	147.565	0	0	0	0	
1	[SLPS]	0	576.780	-166.878	0	147.508	0	0	0	0	
1	[SLPS]	0	576.780	-166.878	0	147.508	0	0	0	0	
1	[SLPS]	0	576.963	-167.162	0	147.401	0	0	0	0	
1	[SLPS]	0	576.963	-167.162	0	147.401	0	0	0	0	
1	[SLPS]	0	577.050	-167.305	0	147.365	0	0	0	0	
1	[SLPS]	0	577.144	-167.445	0	147.298	0	0	0	0	
1	[SLPS]	0	577.144	-167.445	0	147.298	0	0	0	0	
1	[SLPS]	0	577.327	-167.724	0	147.212	0	0	0	0	
1	[SLPS]	0	577.327	-167.724	0	147.212	0	0	0	0	
1	[SLPS]	0	577.417	-167.865	0	147.179	0	0	0	0	
1	[SLPS]	0	577.510	-168.003	0	147.127	0	0	0	0	
1	[SLPS]	0	577.510	-168.003	0	147.127	0	0	0	0	
1	[SLPS]	0	577.690	-168.281	0	147.072	0	0	0	0	
1	[SLPS]	0	577.690	-168.281	0	147.072	0	0	0	0	
1	[SLPS]	0	577.778	-168.419	0	147.055	0	0	0	0	
1	[SLPS]	0	577.867	-168.558	0	147.037	0	0	0	0	
1	[SLPS]	0	577.867	-168.558	0	147.037	0	0	0	0	
1	[SLPS]	0	578.048	-168.828	0	146.949	0	0	0	0	
1	[SLPS]	0	578.048	-168.828	0	146.949	0	0	0	0	
1	[SLPS]	0	578.138	-168.969	0	146.932	0	0	0	0	
1	[SLPS]	0	578.230	-169.103	0	146.884	0	0	0	0	
1	[SLPS]	0	578.230	-169.103	0	146.884	0	0	0	0	
1	[SLPS]	0	578.407	-169.370	0	146.812	0	0	0	0	
1	[SLPS]	0	578.407	-169.370	0	146.812	0	0	0	0	
1	[SLPS]	0	578.492	-169.501	0	146.791	0	0	0	0	
1	[SLPS]	0	578.580	-169.631	0	146.760	0	0	0	0	
1	[SLPS]	0	578.580	-169.631	0	146.760	0	0	0	0	
1	[SLPS]	0	578.757	-169.898	0	146.702	0	0	0	0	
