#################
[PARKINGID]	1
[PARKING]	-118.470	-117.205	-121.573	-122.719
[PARKING]	110.842	108.635	106.405	108.646
[PARKINGID]	2
[PARKING]	-117.204	-116.030	-120.399	-121.584
[PARKING]	108.635	106.491	104.147	106.394
[PARKINGID]	3
[PARKING]	-116.036	-114.799	-119.150	-120.404
[PARKING]	106.479	104.170	101.804	104.119
[PARKINGID]	4
[PARKING]	-114.799	-113.613	-117.834	-119.184
[PARKING]	104.159	101.924	99.331	101.816
[PARKINGID]	5
[PARKING]	-113.602	-112.371	-116.586	-117.834
[PARKING]	101.912	99.620	96.999	99.331
[PARKINGID]	6
[PARKING]	-112.371	-111.185	-115.463	-116.603	
[PARKING]	99.620	97.385	94.792	96.988	
[PARKINGDISTANCE] 4
[PARKINGCOUNT] 10