[PARKINGID]	1
[PARKING]	423.527	425.003	420.762	419.326	
[PARKING]	-330.199	-332.114	-335.358	-333.238
[PARKINGID]	2
[PARKING]	424.973	426.644	422.287	420.762
[PARKING]	-332.114	-334.371	-337.615	-335.338
[PARKINGID]	3
[PARKING]	426.644	428.119	423.733	422.267
[PARKING]	-334.351	-336.423	-339.696	-337.605
[PARKINGID]	4
[PARKING]	428.119	429.575	425.208	423.723
[PARKING]	-336.442	-338.504	-341.855	-339.686
[PARKINGID]	5
[PARKING]	429.556	431.021	426.732	425.218
[PARKING]	-338.504	-340.526	-344.014	-341.836
[PARKINGDISTANCE]	4
[PARKINGCOUNT]	10