100	[SLAMPOS]	0	-1.41492	14.3299	358.862
100	[SLAMPOS]	0	-1.43462	14.3844	358.88
100	[SLAMPOS]	0	-1.43886	14.3407	358.895
100	[SLAMPOS]	0	-1.42931	14.331	358.851
100	[SLAMPOS]	0	-1.44862	14.3651	358.885
100	[SLAMPOS]	0	-1.3854	14.3174	358.821
100	[SLAMPOS]	0	-1.42297	14.3723	358.873
100	[SLAMPOS]	0	-1.42395	14.4248	358.82
100	[SLAMPOS]	0	-1.43983	14.5112	358.839
100	[SLAMPOS]	0	-1.41547	14.635	358.772
100	[SLAMPOS]	0	-1.44206	14.7292	358.745
100	[SLAMPOS]	0	-1.41687	14.8638	358.684
100	[SLAMPOS]	0	-1.42949	14.998	358.652
100	[SLAMPOS]	0	-1.44784	15.1283	358.659
100	[SLAMPOS]	0	-1.42554	15.3488	358.547
100	[SLAMPOS]	0	-1.42859	15.4244	358.563
100	[SLAMPOS]	0	-1.4454	15.4976	358.576
100	[SLAMPOS]	0	-1.4454	15.4976	358.576
100	[SLAMPOS]	0	-1.47285	15.7162	358.606
100	[SLAMPOS]	0	-1.44196	16.0515	358.535
100	[SLAMPOS]	0	-1.50113	16.3824	358.641
100	[SLAMPOS]	0	-1.49784	16.4678	358.656
100	[SLAMPOS]	0	-1.45328	16.7032	358.538
100	[SLAMPOS]	0	-1.4674	16.9191	358.479
100	[SLAMPOS]	0	-1.48063	17.1456	358.471
100	[SLAMPOS]	0	-1.47603	17.3577	358.438
100	[SLAMPOS]	0	-1.51935	17.5543	358.468
100	[SLAMPOS]	0	-1.56703	17.7909	358.529
100	[SLAMPOS]	0	-1.50543	17.9415	358.431
100	[SLAMPOS]	0	-1.5406	18.2028	358.432
100	[SLAMPOS]	0	-1.55189	18.6848	358.362
100	[SLAMPOS]	0	-1.55664	19.0214	358.372
100	[SLAMPOS]	0	-1.58372	19.2517	358.367
100	[SLAMPOS]	0	-1.56333	19.8006	358.32
100	[SLAMPOS]	0	-1.59327	20.1401	358.387
100	[SLAMPOS]	0	-1.63454	20.5349	358.402
100	[SLAMPOS]	0	-1.60579	20.9706	358.31
100	[SLAMPOS]	0	-1.63307	21.7652	358.148
100	[SLAMPOS]	0	-1.62727	21.9371	358.115
100	[SLAMPOS]	0	-1.63718	22.2297	358
100	[SLAMPOS]	0	-1.65179	22.5808	357.929
100	[SLAMPOS]	0	-1.67081	23.273	357.805
100	[SLAMPOS]	0	-1.68655	23.718	357.636
100	[SLAMPOS]	0	-1.67874	24.1364	357.497
100	[SLAMPOS]	0	-1.68745	24.2801	357.494
100	[SLAMPOS]	0	-1.71323	24.7178	357.431
100	[SLAMPOS]	0	-1.74874	25.5088	357.312
100	[SLAMPOS]	0	-1.79177	26.0849	357.282
100	[SLAMPOS]	0	-1.79384	26.5661	357.211
100	[SLAMPOS]	0	-1.82032	27.0013	357.16
100	[SLAMPOS]	0	-1.80134	27.3573	357.113
100	[SLAMPOS]	0	-1.85609	27.6211	357.147
100	[SLAMPOS]	0	-1.89037	28.4269	357.102
100	[SLAMPOS]	0	-1.8989	28.8143	357.073
100	[SLAMPOS]	0	-1.89808	28.9889	357.018
100	[SLAMPOS]	0	-1.91142	29.5144	357.014
100	[SLAMPOS]	0	-1.92864	29.7781	357.034
100	[SLAMPOS]	0	-1.96005	30.1415	357.076
100	[SLAMPOS]	0	-1.99079	31.0572	356.979
100	[SLAMPOS]	0	-2.0171	31.2913	357.032
100	[SLAMPOS]	0	-2.05255	31.4753	357.07
100	[SLAMPOS]	0	-2.10654	31.8829	357.128
100	[SLAMPOS]	0	-2.12396	32.2803	357.135
100	[SLAMPOS]	0	-2.13219	32.9352	357.218
100	[SLAMPOS]	0	-2.1565	33.785	357.138
100	[SLAMPOS]	0	-2.2208	34.138	357.32
100	[SLAMPOS]	0	-2.23318	34.3287	357.421
100	[SLAMPOS]	0	-2.22905	34.875	357.459
100	[SLAMPOS]	0	-2.30473	35.7534	357.611
100	[SLAMPOS]	0	-2.30473	35.7534	357.611
100	[SLAMPOS]	0	-2.29823	36.5239	357.647
100	[SLAMPOS]	0	-2.30313	37.0563	357.697
100	[SLAMPOS]	0	-2.30353	37.2787	357.679
100	[SLAMPOS]	0	-2.29942	37.6102	357.724
100	[SLAMPOS]	0	-2.33858	38.3274	357.731
100	[SLAMPOS]	0	-2.32132	38.5091	357.752
100	[SLAMPOS]	0	-2.32641	39.4415	357.656
100	[SLAMPOS]	0	-2.3709	40.0658	357.662
100	[SLAMPOS]	0	-2.33773	40.2645	357.546
100	[SLAMPOS]	0	-2.43036	41.215	357.699
100	[SLAMPOS]	0	-2.42321	41.7893	357.681
100	[SLAMPOS]	0	-2.48634	42.4684	357.752
100	[SLAMPOS]	0	-2.48309	42.6616	357.726
100	[SLAMPOS]	0	-2.50987	43.6594	357.753
100	[SLAMPOS]	0	-2.55378	44.1417	357.791
100	[SLAMPOS]	0	-2.60748	44.771	357.876
100	[SLAMPOS]	0	-2.60801	45.3784	357.905
100	[SLAMPOS]	0	-2.64391	46.1352	357.904
100	[SLAMPOS]	0	-2.66055	46.3235	357.941
100	[SLAMPOS]	0	-2.62036	46.527	357.827
100	[SLAMPOS]	0	-2.65176	47.2854	357.878
100	[SLAMPOS]	0	-2.65176	47.2854	357.878
100	[SLAMPOS]	0	-2.72767	47.926	357.961
100	[SLAMPOS]	0	-2.70869	49.2062	357.911
100	[SLAMPOS]	0	-2.71636	49.7164	357.887
100	[SLAMPOS]	0	-2.71636	49.7164	357.887
100	[SLAMPOS]	0	-2.77656	49.9227	357.929
100	[SLAMPOS]	0	-2.79577	50.3161	357.987
100	[SLAMPOS]	0	-2.75712	51.15	357.883
100	[SLAMPOS]	0	-2.8136	52.0098	357.977
100	[SLAMPOS]	0	-2.8136	52.0098	357.977
100	[SLAMPOS]	0	-2.84376	52.9622	357.884
100	[SLAMPOS]	0	-2.75385	53.3385	357.726
100	[SLAMPOS]	0	-2.81995	54.5317	357.87
100	[SLAMPOS]	0	-2.86548	55.1408	357.907
100	[SLAMPOS]	0	-2.92795	56.3085	357.947
100	[SLAMPOS]	0	-2.93674	56.8685	357.85
100	[SLAMPOS]	0	-3.06467	57.629	358.036
100	[SLAMPOS]	0	-3.06768	58.1513	358.056
100	[SLAMPOS]	0	-3.02043	58.5558	357.958
100	[SLAMPOS]	0	-3.03561	59.7517	357.919
100	[SLAMPOS]	0	-3.04875	60.8393	357.866
100	[SLAMPOS]	0	-3.11242	61.0446	357.969
100	[SLAMPOS]	0	-3.15276	61.7904	357.984
100	[SLAMPOS]	0	-3.15546	62.683	357.917
100	[SLAMPOS]	0	-3.16769	63.4238	357.908
100	[SLAMPOS]	0	-3.20634	64.0596	357.923
100	[SLAMPOS]	0	-3.21137	64.2517	357.947
100	[SLAMPOS]	0	-3.20167	64.6263	357.892
100	[SLAMPOS]	0	-3.20431	65.1544	357.759
100	[SLAMPOS]	0	-3.25339	66.4467	357.796
100	[SLAMPOS]	0	-3.24129	67.9026	357.62
100	[SLAMPOS]	0	-3.21388	68.0731	357.484
100	[SLAMPOS]	0	-3.24546	68.6001	357.496
100	[SLAMPOS]	0	-3.22708	68.7104	357.481
100	[SLAMPOS]	0	-3.23496	68.9622	357.437
100	[SLAMPOS]	0	-3.27225	69.305	357.512
100	[SLAMPOS]	0	-3.31488	70.0342	357.496
100	[SLAMPOS]	0	-3.31411	70.4985	357.584
100	[SLAMPOS]	0	-3.30364	71.3329	357.386
100	[SLAMPOS]	0	-3.35852	71.9351	357.513
100	[SLAMPOS]	0	-3.35952	72.3928	357.453
100	[SLAMPOS]	0	-3.38135	72.7728	357.482
100	[SLAMPOS]	0	-3.43602	73.0631	357.581
100	[SLAMPOS]	0	-3.46133	73.2504	357.625
100	[SLAMPOS]	0	-3.4552	73.4962	357.54
100	[SLAMPOS]	0	-3.61941	74.3873	357.777
100	[SLAMPOS]	0	-3.6283	74.958	357.822
100	[SLAMPOS]	0	-3.59089	75.2929	357.763
100	[SLAMPOS]	0	-3.68167	75.9365	357.838
100	[SLAMPOS]	0	-3.69348	76.3846	357.911
100	[SLAMPOS]	0	-3.69348	76.3846	357.911
100	[SLAMPOS]	0	-3.69395	77.4671	358.077
100	[SLAMPOS]	0	-3.68569	77.8143	358.125
100	[SLAMPOS]	0	-3.71579	78.6373	358.52
100	[SLAMPOS]	0	-3.74427	79.2088	358.783
100	[SLAMPOS]	0	-3.74367	79.427	358.911
100	[SLAMPOS]	0	-3.707	80.1323	359.297
100	[SLAMPOS]	0	-3.74804	80.6996	359.775
100	[SLAMPOS]	0	-3.77351	81.1679	0.337534
100	[SLAMPOS]	0	-3.7911	81.5686	0.778994
100	[SLAMPOS]	0	-3.74696	81.9554	1.41304
100	[SLAMPOS]	0	-3.74684	82.2295	1.71817
100	[SLAMPOS]	0	-3.67641	82.8313	3.17616
100	[SLAMPOS]	0	-3.70881	83.2664	4.48148
100	[SLAMPOS]	0	-3.57971	83.6649	5.56858
100	[SLAMPOS]	0	-3.58811	84.1005	6.74882
100	[SLAMPOS]	0	-3.55684	84.6362	9.55141
100	[SLAMPOS]	0	-3.47378	84.7732	9.88924
100	[SLAMPOS]	0	-3.43822	85.2697	12.2831
100	[SLAMPOS]	0	-3.23857	85.8632	14.9824
100	[SLAMPOS]	0	-3.12617	86.2654	17.1771
100	[SLAMPOS]	0	-3.04616	86.37	17.6429
100	[SLAMPOS]	0	-2.99766	86.7314	19.527
100	[SLAMPOS]	0	-2.85778	86.9209	19.9366
100	[SLAMPOS]	0	-2.76557	87.1631	21.58
100	[SLAMPOS]	0	-2.62294	87.6432	24.2784
100	[SLAMPOS]	0	-2.52263	87.7313	24.706
100	[SLAMPOS]	0	-2.21777	88.1391	26.7513
100	[SLAMPOS]	0	-2.21264	88.3082	27.4733
100	[SLAMPOS]	0	-1.9093	88.7002	29.5274
100	[SLAMPOS]	0	-1.79721	88.9264	30.8371
100	[SLAMPOS]	0	-1.70964	88.9962	31.3777
100	[SLAMPOS]	0	-1.51348	89.1508	32.094
100	[SLAMPOS]	0	-1.42287	89.2983	33.2921
100	[SLAMPOS]	0	-0.993811	90.1655	38.1909
100	[SLAMPOS]	0	-0.801581	90.3676	39.4651
100	[SLAMPOS]	0	-0.704407	90.4611	40.1601
100	[SLAMPOS]	0	-0.704407	90.4611	40.1601
100	[SLAMPOS]	0	-0.0656927	91.0471	44.2011
100	[SLAMPOS]	0	0.131387	91.3883	46.625
100	[SLAMPOS]	0	0.345226	91.535	47.4626
100	[SLAMPOS]	0	0.931457	91.8901	50.3139
100	[SLAMPOS]	0	1.23075	92.1296	52.3204
100	[SLAMPOS]	0	1.31438	92.2572	53.1685
100	[SLAMPOS]	0	1.46353	92.444	54.4344
100	[SLAMPOS]	0	1.72211	92.7827	56.3392
100	[SLAMPOS]	0	1.89158	92.9255	57.1775
100	[SLAMPOS]	0	2.4216	93.3289	59.4449
100	[SLAMPOS]	0	2.72279	93.4439	60.9435
100	[SLAMPOS]	0	3.24266	93.7724	63.5013
100	[SLAMPOS]	0	3.72156	94.0479	65.0316
100	[SLAMPOS]	0	3.95569	94.0447	65.5795
100	[SLAMPOS]	0	4.0754	94.1215	66.0656
100	[SLAMPOS]	0	4.0754	94.1215	66.0656
100	[SLAMPOS]	0	4.31197	94.1659	66.6959
100	[SLAMPOS]	0	5.15851	94.5072	69.5717
100	[SLAMPOS]	0	5.27953	94.6154	70.1769
100	[SLAMPOS]	0	5.27953	94.6154	70.1769
100	[SLAMPOS]	0	5.64029	94.7263	71.235
100	[SLAMPOS]	0	6.40016	94.9126	73.161
100	[SLAMPOS]	0	6.65727	94.9739	73.8676
100	[SLAMPOS]	0	7.27863	95.205	75.7779
100	[SLAMPOS]	0	7.72828	95.3635	76.9517
100	[SLAMPOS]	0	8.23314	95.4739	78.0804
100	[SLAMPOS]	0	8.66762	95.6049	78.8389
100	[SLAMPOS]	0	9.22547	95.7123	79.9925
100	[SLAMPOS]	0	9.86746	95.7696	81.1413
100	[SLAMPOS]	0	10.2104	95.8742	81.785
100	[SLAMPOS]	0	10.6484	95.8282	82.2833
100	[SLAMPOS]	0	10.8088	95.7071	82.2415
100	[SLAMPOS]	0	11.4042	95.8415	83.0836
100	[SLAMPOS]	0	12.2424	95.9437	84.0497
100	[SLAMPOS]	0	12.8275	96.0253	84.7149
100	[SLAMPOS]	0	13.0714	96.0091	84.887
100	[SLAMPOS]	0	13.0714	96.0091	84.887
100	[SLAMPOS]	0	13.896	96.0258	85.4149
100	[SLAMPOS]	0	14.2898	96.0744	85.638
100	[SLAMPOS]	0	14.9817	96.1925	85.9807
100	[SLAMPOS]	0	15.3787	96.1967	86.1243
100	[SLAMPOS]	0	15.5521	96.2929	86.2828
100	[SLAMPOS]	0	15.919	96.264	86.2355
100	[SLAMPOS]	0	16.4325	96.3624	86.4678
100	[SLAMPOS]	0	16.912	96.4274	86.5973
100	[SLAMPOS]	0	17.1623	96.4641	86.6198
100	[SLAMPOS]	0	17.4529	96.5261	86.6913
100	[SLAMPOS]	0	17.9452	96.4861	86.6753
100	[SLAMPOS]	0	18.2694	96.5744	86.8021
100	[SLAMPOS]	0	18.9653	96.6114	86.9146
100	[SLAMPOS]	0	19.2039	96.6318	86.9542
100	[SLAMPOS]	0	19.2039	96.6318	86.9542
100	[SLAMPOS]	0	19.9324	96.5727	86.9133
100	[SLAMPOS]	0	20.2528	96.6175	87.0624
100	[SLAMPOS]	0	20.9727	96.6301	87.2934
100	[SLAMPOS]	0	21.4587	96.6788	87.4894
100	[SLAMPOS]	0	22.1664	96.7261	87.7964
100	[SLAMPOS]	0	22.7395	96.7358	87.7361
100	[SLAMPOS]	0	22.9419	96.7924	87.8536
100	[SLAMPOS]	0	23.4911	96.7972	87.8635
100	[SLAMPOS]	0	23.9282	96.8195	87.9839
100	[SLAMPOS]	0	24.5438	96.8314	88.0433
100	[SLAMPOS]	0	25.1001	96.8701	88.1744
100	[SLAMPOS]	0	25.9512	96.8838	88.3052
100	[SLAMPOS]	0	26.5296	96.8796	88.4372
100	[SLAMPOS]	0	26.7341	96.9159	88.5345
100	[SLAMPOS]	0	27.1537	96.9151	88.5561
100	[SLAMPOS]	0	27.9718	96.936	88.7399
100	[SLAMPOS]	0	28.758	96.9976	88.9757
100	[SLAMPOS]	0	29.3498	97.0118	89.007
100	[SLAMPOS]	0	29.9423	96.9931	88.8992
100	[SLAMPOS]	0	30.5114	97.0227	88.9788
100	[SLAMPOS]	0	30.7665	97.0175	88.9252
100	[SLAMPOS]	0	31.3447	97.0585	89.0091
100	[SLAMPOS]	0	31.8856	97.0373	88.9911
100	[SLAMPOS]	0	32.5047	96.9923	88.8266
100	[SLAMPOS]	0	33.3568	97.0381	88.8299
100	[SLAMPOS]	0	34.1539	96.9934	88.6419
100	[SLAMPOS]	0	34.7797	97.0584	88.8136
100	[SLAMPOS]	0	35.1698	97.1004	88.9734
100	[SLAMPOS]	0	35.973	97.1795	89.1387
100	[SLAMPOS]	0	36.3457	97.1049	89.0472
100	[SLAMPOS]	0	36.6267	97.1576	89.1447
100	[SLAMPOS]	0	37.4683	97.1561	89.1724
100	[SLAMPOS]	0	37.9014	97.1211	89.1007
100	[SLAMPOS]	0	38.4683	97.1699	89.2408
100	[SLAMPOS]	0	38.9219	97.1507	89.3776
100	[SLAMPOS]	0	39.2112	97.1073	89.3028
100	[SLAMPOS]	0	39.8493	97.1735	89.5105
100	[SLAMPOS]	0	40.3581	97.1845	89.65
100	[SLAMPOS]	0	41.0786	97.1823	89.7468
100	[SLAMPOS]	0	42.1479	97.1427	89.8937
100	[SLAMPOS]	0	42.3509	97.1221	90.0018
100	[SLAMPOS]	0	42.8398	97.1209	90.1037
100	[SLAMPOS]	0	43.5059	97.1319	90.2603
100	[SLAMPOS]	0	44.5393	97.1395	90.5817
100	[SLAMPOS]	0	44.5393	97.1395	90.5817
100	[SLAMPOS]	0	45.1436	97.1568	90.6048
100	[SLAMPOS]	0	45.6008	97.2247	90.8399
100	[SLAMPOS]	0	45.786	97.2376	90.8854
100	[SLAMPOS]	0	46.3287	97.0464	90.4854
100	[SLAMPOS]	0	46.5586	97.0363	90.4457
100	[SLAMPOS]	0	47.455	96.9995	90.6341
100	[SLAMPOS]	0	47.7989	96.9904	90.6625
100	[SLAMPOS]	0	48.4332	96.9049	90.5491
100	[SLAMPOS]	0	49.0305	96.9276	90.518
100	[SLAMPOS]	0	49.3044	96.9153	90.6013
100	[SLAMPOS]	0	49.6425	96.9507	90.6115
100	[SLAMPOS]	0	50.3847	96.9118	90.4054
100	[SLAMPOS]	0	50.6793	97.0184	90.7119
100	[SLAMPOS]	0	51.4178	96.8827	90.4792
100	[SLAMPOS]	0	51.8456	96.8873	90.5
100	[SLAMPOS]	0	52.4499	96.8614	90.4102
100	[SLAMPOS]	0	53.1265	96.7826	90.0633
100	[SLAMPOS]	0	54.0334	96.7414	89.5375
100	[SLAMPOS]	0	54.3096	96.7449	89.4666
100	[SLAMPOS]	0	54.3096	96.7449	89.4666
100	[SLAMPOS]	0	54.3501	96.7917	89.5583
100	[SLAMPOS]	0	55.0467	96.8655	89.477
100	[SLAMPOS]	0	55.0467	96.8655	89.477
100	[SLAMPOS]	0	55.6084	96.9986	89.5681
100	[SLAMPOS]	0	56.5364	97.0382	89.4434
100	[SLAMPOS]	0	57.47	96.9634	89.3096
100	[SLAMPOS]	0	57.8645	96.8954	89.2068
100	[SLAMPOS]	0	58.5515	97.0261	89.3169
100	[SLAMPOS]	0	59.1706	97.0876	89.4333
100	[SLAMPOS]	0	59.7669	97.0849	89.4482
100	[SLAMPOS]	0	60.2744	97.078	89.4533
100	[SLAMPOS]	0	60.6656	97.1011	89.5238
100	[SLAMPOS]	0	61.1605	97.1286	89.6778
100	[SLAMPOS]	0	61.8963	97.1154	89.6976
100	[SLAMPOS]	0	62.3734	97.1269	89.7206
100	[SLAMPOS]	0	63.0016	97.13	89.7618
100	[SLAMPOS]	0	63.5396	97.0676	89.6719
100	[SLAMPOS]	0	63.8288	97.048	89.7086
100	[SLAMPOS]	0	64.0909	97.0099	89.5559
100	[SLAMPOS]	0	64.3331	97.0191	89.5798
100	[SLAMPOS]	0	64.9625	97.0663	89.7237
100	[SLAMPOS]	0	65.1083	97.0696	89.7554
100	[SLAMPOS]	0	65.4573	97.0627	89.8454
100	[SLAMPOS]	0	65.756	97.0858	89.8989
100	[SLAMPOS]	0	66.2174	97.1311	90.0514
100	[SLAMPOS]	0	66.2174	97.1311	90.0514
100	[SLAMPOS]	0	66.7326	97.0889	90.0063
100	[SLAMPOS]	0	66.979	97.0857	90.0339
100	[SLAMPOS]	0	67.4309	97.1063	90.1024
101	[SLAMPOS]	0	67.7493	97.1309	90.1458
101	[SLAMPOS]	0	67.9042	97.1298	90.1675
101	[SLAMPOS]	0	68.2241	97.1981	90.3912
101	[SLAMPOS]	0	68.6014	97.1704	90.3988
101	[SLAMPOS]	0	68.7554	97.2089	90.4942
101	[SLAMPOS]	0	69.3669	97.2549	90.5532
101	[SLAMPOS]	0	69.6222	97.18	90.3451
101	[SLAMPOS]	0	70.041	97.1311	90.3891
101	[SLAMPOS]	0	70.2222	97.1104	90.3972
101	[SLAMPOS]	0	70.4463	97.1815	90.6139
101	[SLAMPOS]	0	70.716	97.1302	90.5486
101	[SLAMPOS]	0	70.8699	97.1565	90.6077
101	[SLAMPOS]	0	71.4793	97.1282	90.7566
101	[SLAMPOS]	0	71.5854	97.0905	90.7172
101	[SLAMPOS]	0	72.405	97.1301	91.0004
101	[SLAMPOS]	0	72.6103	97.1331	91.0017
101	[SLAMPOS]	0	73.0174	97.1065	91.1828
101	[SLAMPOS]	0	73.1626	97.088	91.2267
101	[SLAMPOS]	0	73.8645	97.0557	91.5517
101	[SLAMPOS]	0	74.5032	97.0469	91.7893
101	[SLAMPOS]	0	74.8692	96.9472	91.7647
101	[SLAMPOS]	0	75.0655	96.9461	91.7855
101	[SLAMPOS]	0	75.6824	96.9435	92.1622
101	[SLAMPOS]	0	75.8324	96.9568	92.2436
101	[SLAMPOS]	0	76.2542	96.8906	92.3204
101	[SLAMPOS]	0	76.9686	96.946	92.8555
101	[SLAMPOS]	0	77.5415	96.8895	93.1295
101	[SLAMPOS]	0	77.9614	96.8946	93.5543
101	[SLAMPOS]	0	78.1933	96.8922	93.8584
101	[SLAMPOS]	0	78.6876	96.7924	94.5047
101	[SLAMPOS]	0	79.1701	96.7884	95.5248
101	[SLAMPOS]	0	79.5603	96.7513	96.397
101	[SLAMPOS]	0	79.7415	96.7313	97.0305
101	[SLAMPOS]	0	80.506	96.5953	99.4588
101	[SLAMPOS]	0	80.8638	96.6531	101.091
101	[SLAMPOS]	0	81.3906	96.4649	103.219
101	[SLAMPOS]	0	81.96	96.2067	105.441
101	[SLAMPOS]	0	82.0908	96.2163	106.005
101	[SLAMPOS]	0	82.4722	96.1195	107.532
101	[SLAMPOS]	0	82.6157	96.1039	108.177
101	[SLAMPOS]	0	82.6837	96.094	108.712
101	[SLAMPOS]	0	82.7345	96.0925	109.1
101	[SLAMPOS]	0	82.7345	96.0925	109.1
101	[SLAMPOS]	0	82.8596	96.0399	109.49
101	[SLAMPOS]	0	83.1141	95.7886	110.317
101	[SLAMPOS]	0	83.2183	95.7673	110.722
101	[SLAMPOS]	0	83.3994	95.756	111.346
101	[SLAMPOS]	0	83.3771	95.7088	111.412
101	[SLAMPOS]	0	83.4642	95.612	111.569
101	[SLAMPOS]	0	83.5076	95.6013	111.552
101	[SLAMPOS]	0	83.5567	95.6465	111.721
101	[SLAMPOS]	0	83.5413	95.7098	111.861
101	[SLAMPOS]	0	83.5246	95.585	111.648
101	[SLAMPOS]	0	83.5472	95.6793	111.771
101	[SLAMPOS]	0	83.5356	95.6075	111.809
101	[SLAMPOS]	0	83.5446	95.6007	111.733
101	[SLAMPOS]	0	83.5557	95.544	111.6
101	[SLAMPOS]	0	83.5718	95.5174	111.708
101	[SLAMPOS]	0	83.5718	95.5174	111.708
101	[SLAMPOS]	0	83.5906	95.575	111.779
101	[SLAMPOS]	0	83.6392	95.5273	112.004
101	[SLAMPOS]	0	83.628	95.564	112.336
101	[SLAMPOS]	0	83.6643	95.5764	112.578
101	[SLAMPOS]	0	83.7672	95.5981	113.037
101	[SLAMPOS]	0	83.8819	95.3798	113.135
101	[SLAMPOS]	0	83.8637	95.3561	113.255
101	[SLAMPOS]	0	83.9537	95.3244	114.066
101	[SLAMPOS]	0	84.1152	95.3199	114.716
101	[SLAMPOS]	0	84.1387	95.2804	114.859
101	[SLAMPOS]	0	84.1988	95.1803	114.911
101	[SLAMPOS]	0	84.3781	95.1343	116.479
101	[SLAMPOS]	0	84.4251	95.1178	116.843
101	[SLAMPOS]	0	84.6697	95.1287	118.304
101	[SLAMPOS]	0	84.6697	95.1287	118.304
101	[SLAMPOS]	0	84.7183	95.042	118.758
101	[SLAMPOS]	0	84.9178	95.001	120.096
101	[SLAMPOS]	0	85.0189	94.9875	121.258
101	[SLAMPOS]	0	85.3675	94.5478	124.088
101	[SLAMPOS]	0	85.464	94.5404	125.837
101	[SLAMPOS]	0	85.7005	94.4515	127.53
101	[SLAMPOS]	0	85.9156	94.3112	129.089
101	[SLAMPOS]	0	86.0109	94.2732	130.037
101	[SLAMPOS]	0	85.929	94.1244	130.251
101	[SLAMPOS]	0	86.1362	94.1477	131.952
101	[SLAMPOS]	0	86.274	93.9836	133.841
101	[SLAMPOS]	0	86.3494	93.7794	135.532
101	[SLAMPOS]	0	86.3746	93.8156	136.07
101	[SLAMPOS]	0	86.4788	93.6126	137.48
101	[SLAMPOS]	0	86.5398	93.6065	138.226
101	[SLAMPOS]	0	86.5973	93.4504	139.39
101	[SLAMPOS]	0	86.7169	93.331	140.741
101	[SLAMPOS]	0	86.8558	93.1637	142.213
101	[SLAMPOS]	0	87.2931	92.843	145.375
101	[SLAMPOS]	0	87.5989	92.4615	147.775
101	[SLAMPOS]	0	87.6618	92.3098	148.942
101	[SLAMPOS]	0	87.7068	92.0833	150.644
101	[SLAMPOS]	0	87.7389	91.9122	151.464
101	[SLAMPOS]	0	87.9364	91.6245	153.9
101	[SLAMPOS]	0	87.9467	91.4464	155.81
101	[SLAMPOS]	0	88.1038	91.215	157.066
101	[SLAMPOS]	0	88.0688	90.951	157.994
101	[SLAMPOS]	0	88.2863	90.6168	160.065
101	[SLAMPOS]	0	88.4169	90.1861	162.823
101	[SLAMPOS]	0	88.5878	89.7018	164.408
101	[SLAMPOS]	0	88.6616	89.3529	166.488
101	[SLAMPOS]	0	88.6896	89.1167	167.517
101	[SLAMPOS]	0	88.8221	88.8482	169.302
101	[SLAMPOS]	0	88.9051	88.4576	171.79
101	[SLAMPOS]	0	88.9285	88.2659	172.273
101	[SLAMPOS]	0	88.9692	87.852	174.128
101	[SLAMPOS]	0	89.0478	87.3781	176.218
101	[SLAMPOS]	0	89.0574	87.1915	176.949
101	[SLAMPOS]	0	89.0666	86.8767	177.858
101	[SLAMPOS]	0	89.0569	86.3638	178.902
101	[SLAMPOS]	0	89.1027	86.0567	180.546
101	[SLAMPOS]	0	89.0728	85.8977	180.743
101	[SLAMPOS]	0	89.0532	85.2767	181.282
101	[SLAMPOS]	0	89.0778	85.1371	181.542
101	[SLAMPOS]	0	89.0696	84.7207	181.802
101	[SLAMPOS]	0	88.9578	84.2745	181.833
101	[SLAMPOS]	0	88.979	83.6931	182.142
101	[SLAMPOS]	0	88.9941	83.6397	182.284
101	[SLAMPOS]	0	88.8283	83.3055	182.149
101	[SLAMPOS]	0	88.846	82.8276	182.354
101	[SLAMPOS]	0	88.9146	82.3868	182.617
101	[SLAMPOS]	0	88.8913	82.1393	182.668
101	[SLAMPOS]	0	88.8475	81.973	182.662
101	[SLAMPOS]	0	88.7964	81.2705	182.847
101	[SLAMPOS]	0	88.7258	80.9062	182.818
101	[SLAMPOS]	0	88.6881	80.5535	182.775
101	[SLAMPOS]	0	88.7699	80.1423	182.956
101	[SLAMPOS]	0	88.7441	79.933	182.928
101	[SLAMPOS]	0	88.7062	79.561	182.825
101	[SLAMPOS]	0	88.7855	78.8463	183.125
101	[SLAMPOS]	0	88.8445	78.3292	183.359
101	[SLAMPOS]	0	88.7459	77.8045	183.36
101	[SLAMPOS]	0	88.7772	77.6372	183.53
101	[SLAMPOS]	0	88.7623	77.4238	183.472
101	[SLAMPOS]	0	88.666	77.1526	183.488
101	[SLAMPOS]	0	88.6481	76.9602	183.512
101	[SLAMPOS]	0	88.6211	76.4085	183.6
101	[SLAMPOS]	0	88.6864	76.224	183.941
101	[SLAMPOS]	0	88.7659	75.588	184.301
101	[SLAMPOS]	0	88.7164	75.3649	184.266
101	[SLAMPOS]	0	88.6773	74.8612	184.279
101	[SLAMPOS]	0	88.676	74.5127	184.457
101	[SLAMPOS]	0	88.6668	74.2221	184.508
101	[SLAMPOS]	0	88.6759	74.0857	184.517
101	[SLAMPOS]	0	88.6495	73.8815	184.546
101	[SLAMPOS]	0	88.6203	73.7757	184.488
101	[SLAMPOS]	0	88.6045	73.7527	184.406
101	[SLAMPOS]	0	88.638	73.7202	184.454
101	[SLAMPOS]	0	88.638	73.7202	184.454
101	[SLAMPOS]	0	88.6078	73.678	184.418
101	[SLAMPOS]	0	88.6381	73.747	184.442
101	[SLAMPOS]	0	88.6321	73.732	184.456
101	[SLAMPOS]	0	88.6196	73.7305	184.42
101	[SLAMPOS]	0	88.6089	73.7116	184.382
101	[SLAMPOS]	0	88.5779	73.6721	184.306
101	[SLAMPOS]	0	88.5859	73.683	184.327
101	[SLAMPOS]	0	88.5695	73.6608	184.268
101	[SLAMPOS]	0	88.5777	73.6741	184.289
101	[SLAMPOS]	0	88.622	73.714	184.397
101	[SLAMPOS]	0	88.6201	73.6984	184.427
101	[SLAMPOS]	0	88.6231	73.7175	184.433
101	[SLAMPOS]	0	88.6075	73.6825	184.401
122	[SLAMPOS]	0	88.6441	73.7291	184.497
122	[SLAMPOS]	0	88.5946	73.6985	184.343
122	[SLAMPOS]	0	88.6156	73.6895	184.413
122	[SLAMPOS]	0	88.6207	73.6995	184.415
122	[SLAMPOS]	0	88.5979	73.6865	184.354
122	[SLAMPOS]	0	88.6451	73.7261	184.482
122	[SLAMPOS]	0	88.6171	73.71	184.398
122	[SLAMPOS]	0	88.5832	73.6907	184.303
122	[SLAMPOS]	0	88.5989	73.697	184.362
122	[SLAMPOS]	0	88.5915	73.6888	184.333
122	[SLAMPOS]	0	88.6127	73.6934	184.401
122	[SLAMPOS]	0	88.6279	73.7294	184.448
122	[SLAMPOS]	0	88.6298	73.72	184.457
122	[SLAMPOS]	0	88.6141	73.7062	184.387
122	[SLAMPOS]	0	88.6359	73.751	184.459
122	[SLAMPOS]	0	88.6479	73.7547	184.479
122	[SLAMPOS]	0	88.6343	73.7217	184.453
122	[SLAMPOS]	0	88.6325	73.7325	184.455
122	[SLAMPOS]	0	88.6343	73.7388	184.468
122	[SLAMPOS]	0	88.595	73.6893	184.357
122	[SLAMPOS]	0	88.5831	73.6761	184.308
122	[SLAMPOS]	0	88.5984	73.6821	184.338
122	[SLAMPOS]	0	88.6142	73.7081	184.405
122	[SLAMPOS]	0	88.6597	73.7568	184.538
122	[SLAMPOS]	0	88.6441	73.6832	184.53
122	[SLAMPOS]	0	88.6496	73.6804	184.6
122	[SLAMPOS]	0	88.6423	73.561	184.542
122	[SLAMPOS]	0	88.6186	73.464	184.493
122	[SLAMPOS]	0	88.631	73.4541	184.545
122	[SLAMPOS]	0	88.6291	73.1767	184.627
122	[SLAMPOS]	0	88.6029	72.9211	184.48
122	[SLAMPOS]	0	88.6273	72.8886	184.64
122	[SLAMPOS]	0	88.5994	72.8065	184.6
122	[SLAMPOS]	0	88.6022	72.7163	184.67
122	[SLAMPOS]	0	88.5151	72.4588	184.422
122	[SLAMPOS]	0	88.5344	72.1604	184.522
122	[SLAMPOS]	0	88.531	71.8592	184.648
122	[SLAMPOS]	0	88.517	71.6021	184.634
122	[SLAMPOS]	0	88.4718	71.3565	184.598
122	[SLAMPOS]	0	88.4718	71.3565	184.598
122	[SLAMPOS]	0	88.465	70.993	184.612
122	[SLAMPOS]	0	88.4171	70.5168	184.44
122	[SLAMPOS]	0	88.3968	69.9671	184.404
122	[SLAMPOS]	0	88.3158	69.4162	184.074
122	[SLAMPOS]	0	88.3317	69.3071	184.124
122	[SLAMPOS]	0	88.2805	68.5113	183.949
122	[SLAMPOS]	0	88.2225	67.7856	183.73
122	[SLAMPOS]	0	88.194	67.5353	183.671
122	[SLAMPOS]	0	88.1835	67.3063	183.574
122	[SLAMPOS]	0	88.1783	66.9623	183.574
122	[SLAMPOS]	0	88.1387	66.3476	183.372
122	[SLAMPOS]	0	88.1021	65.8869	183.216
122	[SLAMPOS]	0	88.0859	65.4121	183.25
122	[SLAMPOS]	0	88.0704	64.9498	183.241
122	[SLAMPOS]	0	88.0373	64.6713	183.1
122	[SLAMPOS]	0	88.0288	64.1023	183.286
122	[SLAMPOS]	0	88.0123	63.6171	183.324
122	[SLAMPOS]	0	87.9933	63.4383	183.248
122	[SLAMPOS]	0	87.9818	63.3533	183.198
122	[SLAMPOS]	0	87.9709	63.0202	183.191
122	[SLAMPOS]	0	87.9512	62.6633	183.265
122	[SLAMPOS]	0	87.9575	62.524	183.33
122	[SLAMPOS]	0	87.9326	62.3542	183.136
122	[SLAMPOS]	0	87.927	62.1741	183.142
122	[SLAMPOS]	0	87.9191	62.0331	183.071
122	[SLAMPOS]	0	87.8956	61.6565	183.053
122	[SLAMPOS]	0	87.8926	61.439	183.03
122	[SLAMPOS]	0	87.881	61.2495	183.036
122	[SLAMPOS]	0	87.8853	61.181	183.09
122	[SLAMPOS]	0	87.8839	61.0683	183.155
122	[SLAMPOS]	0	87.9214	60.641	183.252
122	[SLAMPOS]	0	87.9065	60.5861	183.263
122	[SLAMPOS]	0	87.915	60.374	183.283
122	[SLAMPOS]	0	87.9016	59.9867	183.266
122	[SLAMPOS]	0	87.8774	59.8448	183.259
122	[SLAMPOS]	0	87.8865	59.5296	183.291
122	[SLAMPOS]	0	87.8704	59.1384	183.4
122	[SLAMPOS]	0	87.8449	58.7494	183.499
122	[SLAMPOS]	0	87.8514	58.5067	183.691
122	[SLAMPOS]	0	87.8028	58.3734	183.56
122	[SLAMPOS]	0	87.8067	58.2177	183.64
122	[SLAMPOS]	0	87.7952	57.7835	183.752
122	[SLAMPOS]	0	87.7818	57.3981	183.857
122	[SLAMPOS]	0	87.7504	56.8817	183.971
122	[SLAMPOS]	0	87.7508	56.667	183.971
122	[SLAMPOS]	0	87.7104	56.2044	183.893
122	[SLAMPOS]	0	87.7104	56.2044	183.893
122	[SLAMPOS]	0	87.6768	55.5137	183.927
122	[SLAMPOS]	0	87.6587	54.7156	183.886
122	[SLAMPOS]	0	87.6461	54.2478	183.883
122	[SLAMPOS]	0	87.6259	54.1215	183.828
122	[SLAMPOS]	0	87.6323	53.797	183.939
122	[SLAMPOS]	0	87.5691	53.423	183.76
122	[SLAMPOS]	0	87.5823	53.2009	183.865
122	[SLAMPOS]	0	87.5428	52.6219	183.917
122	[SLAMPOS]	0	87.4772	52.039	183.796
122	[SLAMPOS]	0	87.4562	51.529	183.852
122	[SLAMPOS]	0	87.4355	51.0283	183.936
122	[SLAMPOS]	0	87.4052	50.6078	183.936
122	[SLAMPOS]	0	87.3583	50.0054	184.025
122	[SLAMPOS]	0	87.3222	49.6437	184.045
122	[SLAMPOS]	0	87.2998	49.2629	184.24
122	[SLAMPOS]	0	87.2846	48.8782	184.303
122	[SLAMPOS]	0	87.2452	48.4206	184.332
122	[SLAMPOS]	0	87.2287	48.1165	184.47
122	[SLAMPOS]	0	87.2072	47.7383	184.59
122	[SLAMPOS]	0	87.1625	47.1232	184.586
122	[SLAMPOS]	0	87.1489	47.0181	184.532
122	[SLAMPOS]	0	87.1036	46.3109	184.48
122	[SLAMPOS]	0	87.0819	46.1374	184.394
122	[SLAMPOS]	0	87.0603	45.8918	184.409
122	[SLAMPOS]	0	87.0671	45.7409	184.499
122	[SLAMPOS]	0	87.0403	45.5813	184.376
122	[SLAMPOS]	0	87.0218	45.3508	184.393
122	[SLAMPOS]	0	86.9897	44.8904	184.287
122	[SLAMPOS]	0	86.982	44.712	184.307
122	[SLAMPOS]	0	86.9286	44.3999	184.377
122	[SLAMPOS]	0	86.9296	44.0129	184.04
122	[SLAMPOS]	0	86.8976	43.6618	184.244
122	[SLAMPOS]	0	86.8802	43.4064	184.113
122	[SLAMPOS]	0	86.8709	43.3536	184.086
122	[SLAMPOS]	0	86.8554	43.1938	184.071
122	[SLAMPOS]	0	86.8588	43.1503	184.082
122	[SLAMPOS]	0	86.8519	43.1404	184.068
122	[SLAMPOS]	0	86.8629	43.1262	184.182
122	[SLAMPOS]	0	86.8577	43.1319	184.173
122	[SLAMPOS]	0	86.8643	43.129	184.183
122	[SLAMPOS]	0	86.8603	43.1299	184.15
101	[SLAMPOS]	0	86.8615	43.1287	184.167
101	[SLAMPOS]	0	86.8623	43.1234	184.175
101	[SLAMPOS]	0	86.8602	43.1276	184.155
101	[SLAMPOS]	0	86.8602	43.1276	184.155
101	[SLAMPOS]	0	86.8657	43.1255	184.185
101	[SLAMPOS]	0	86.8605	43.1254	184.156
101	[SLAMPOS]	0	86.8604	43.1229	184.165
101	[SLAMPOS]	0	86.8647	43.1231	184.197
101	[SLAMPOS]	0	86.8572	43.1166	184.153
101	[SLAMPOS]	0	86.8572	43.1166	184.153
101	[SLAMPOS]	0	86.8402	43.0045	184.012
101	[SLAMPOS]	0	86.8276	42.8618	183.933
101	[SLAMPOS]	0	86.8222	42.756	183.799
101	[SLAMPOS]	0	86.8167	42.6208	183.672
101	[SLAMPOS]	0	86.7966	42.3144	183.125
101	[SLAMPOS]	0	86.7871	41.908	182.546
101	[SLAMPOS]	0	86.7526	41.5441	181.911
101	[SLAMPOS]	0	86.7705	41.1971	181.323
101	[SLAMPOS]	0	86.7266	40.5722	179.309
101	[SLAMPOS]	0	86.7608	39.6848	178.274
101	[SLAMPOS]	0	86.7482	39.4597	177.903
101	[SLAMPOS]	0	86.7837	39.2255	177.698
101	[SLAMPOS]	0	86.7823	38.9909	177.434
101	[SLAMPOS]	0	86.7965	38.7535	177.253
101	[SLAMPOS]	0	86.8301	38.1317	176.59
101	[SLAMPOS]	0	86.8638	37.4057	176.191
101	[SLAMPOS]	0	86.901	37.2586	176.197
101	[SLAMPOS]	0	86.8883	36.882	175.953
101	[SLAMPOS]	0	86.8575	36.6922	175.846
101	[SLAMPOS]	0	86.9201	35.9039	175.85
101	[SLAMPOS]	0	86.9414	35.5591	176.019
101	[SLAMPOS]	0	86.9956	34.8552	176.41
101	[SLAMPOS]	0	86.9956	34.8552	176.41
101	[SLAMPOS]	0	87.0556	34.3186	176.823
101	[SLAMPOS]	0	87.0469	33.7867	176.828
101	[SLAMPOS]	0	87.015	33.3719	176.862
101	[SLAMPOS]	0	87.0632	32.8166	177.237
101	[SLAMPOS]	0	87.0632	32.8166	177.237
101	[SLAMPOS]	0	87.1178	32.1933	177.649
101	[SLAMPOS]	0	87.108	31.5833	177.774
101	[SLAMPOS]	0	87.1037	30.7053	178.159
101	[SLAMPOS]	0	87.0933	30.4776	178.266
101	[SLAMPOS]	0	87.1373	30.2905	178.419
101	[SLAMPOS]	0	87.0761	30.1045	178.352
101	[SLAMPOS]	0	87.0952	29.7364	178.732
101	[SLAMPOS]	0	87.0946	29.507	178.822
101	[SLAMPOS]	0	87.1018	29.1173	179.144
101	[SLAMPOS]	0	87.0993	28.8827	179.319
101	[SLAMPOS]	0	87.1098	28.5149	179.623
101	[SLAMPOS]	0	87.088	28.2914	180.392
101	[SLAMPOS]	0	87.145	27.4306	181.179
101	[SLAMPOS]	0	87.075	26.8476	181.266
101	[SLAMPOS]	0	87.0533	25.7966	181.888
101	[SLAMPOS]	0	87.0739	25.671	182.07
101	[SLAMPOS]	0	87.0524	25.055	182.27
101	[SLAMPOS]	0	87.024	24.8416	182.275
101	[SLAMPOS]	0	86.97	24.4656	182.253
101	[SLAMPOS]	0	86.9851	24.1338	182.447
101	[SLAMPOS]	0	86.9958	23.9877	182.588
101	[SLAMPOS]	0	86.9476	23.4703	182.603
101	[SLAMPOS]	0	86.9534	23.2801	182.693
101	[SLAMPOS]	0	86.9415	22.8341	182.877
101	[SLAMPOS]	0	86.9248	22.5062	182.992
101	[SLAMPOS]	0	86.9299	22.2718	183.229
101	[SLAMPOS]	0	86.8608	21.446	183.377
101	[SLAMPOS]	0	86.8795	21.137	183.591
101	[SLAMPOS]	0	86.8669	20.8535	183.809
101	[SLAMPOS]	0	86.8531	20.1192	184.227
101	[SLAMPOS]	0	86.7771	19.661	184.45
101	[SLAMPOS]	0	86.7975	19.4093	184.771
101	[SLAMPOS]	0	86.7416	19.231	184.812
101	[SLAMPOS]	0	86.7286	18.6931	185.422
101	[SLAMPOS]	0	86.7171	18.4537	185.733
101	[SLAMPOS]	0	86.6349	18.0983	185.932
101	[SLAMPOS]	0	86.6258	17.7534	186.582
101	[SLAMPOS]	0	86.6449	17.6466	186.911
101	[SLAMPOS]	0	86.5797	17.3391	187.4
101	[SLAMPOS]	0	86.4952	16.9249	188.158
101	[SLAMPOS]	0	86.4828	16.6525	189.004
101	[SLAMPOS]	0	86.4081	16.2997	190.083
101	[SLAMPOS]	0	86.3923	16.14	190.734
101	[SLAMPOS]	0	86.3435	15.8519	192.282
101	[SLAMPOS]	0	86.1702	15.2652	196.052
101	[SLAMPOS]	0	86.0224	14.8645	199.83
101	[SLAMPOS]	0	85.9142	14.6716	201.663
101	[SLAMPOS]	0	85.6592	14.2541	206.296
101	[SLAMPOS]	0	85.5168	13.9216	209.678
101	[SLAMPOS]	0	85.3886	13.824	211.424
101	[SLAMPOS]	0	85.2517	13.7073	213.288
101	[SLAMPOS]	0	85.1233	13.4776	216.51
101	[SLAMPOS]	0	85.0891	13.3909	217.428
101	[SLAMPOS]	0	85.0657	13.3105	218.366
101	[SLAMPOS]	0	85.0043	13.232	219.571
101	[SLAMPOS]	0	84.8665	13.0713	222.325
101	[SLAMPOS]	0	84.7019	12.9285	224.722
101	[SLAMPOS]	0	84.5905	12.7983	227.605
101	[SLAMPOS]	0	84.3937	12.6403	230.989
101	[SLAMPOS]	0	84.2076	12.4794	233.855
101	[SLAMPOS]	0	83.8746	12.2951	237.787
101	[SLAMPOS]	0	83.6307	12.1199	241.221
101	[SLAMPOS]	0	83.4119	12.0264	244.256
101	[SLAMPOS]	0	83.2945	11.9409	245.84
101	[SLAMPOS]	0	83.1018	11.8368	247.316
101	[SLAMPOS]	0	82.8396	11.759	249.384
101	[SLAMPOS]	0	82.4443	11.6584	252.45
101	[SLAMPOS]	0	82.222	11.6094	253.25
101	[SLAMPOS]	0	81.9471	11.4763	255.661
101	[SLAMPOS]	0	81.7012	11.4251	257.138
101	[SLAMPOS]	0	81.5293	11.3965	258.22
101	[SLAMPOS]	0	80.9837	11.2729	261.388
101	[SLAMPOS]	0	80.5083	11.2253	263.768
101	[SLAMPOS]	0	80.3506	11.2	264.637
101	[SLAMPOS]	0	80.0387	11.1588	265.972
101	[SLAMPOS]	0	79.6219	11.1555	267.314
101	[SLAMPOS]	0	79.4598	11.1706	267.79
101	[SLAMPOS]	0	78.9475	11.1446	268.945
101	[SLAMPOS]	0	78.2833	11.1855	269.717
101	[SLAMPOS]	0	78.1255	11.1537	270.025
101	[SLAMPOS]	0	77.5551	11.1651	270.757
101	[SLAMPOS]	0	77.4092	11.1618	270.949
101	[SLAMPOS]	0	77.105	11.1851	271.328
101	[SLAMPOS]	0	76.4109	11.2007	272.272
101	[SLAMPOS]	0	76.043	11.2073	272.839
101	[SLAMPOS]	0	75.4914	11.2642	273.298
101	[SLAMPOS]	0	74.9658	11.2472	274.005
101	[SLAMPOS]	0	74.8474	11.2417	274.215
101	[SLAMPOS]	0	74.108	11.3051	274.829
101	[SLAMPOS]	0	73.9958	11.3273	274.902
101	[SLAMPOS]	0	73.5131	11.3609	275.303
101	[SLAMPOS]	0	72.5512	11.4314	275.881
101	[SLAMPOS]	0	71.8889	11.5436	275.756
101	[SLAMPOS]	0	71.4188	11.5524	276.092
101	[SLAMPOS]	0	70.7683	11.6189	276.122
101	[SLAMPOS]	0	70.6244	11.6512	276.063
101	[SLAMPOS]	0	70.1808	11.7127	276.043
101	[SLAMPOS]	0	69.5386	11.7673	275.936
101	[SLAMPOS]	0	69.2809	11.7849	275.836
101	[SLAMPOS]	0	68.7806	11.8432	275.713
101	[SLAMPOS]	0	68.0807	11.9253	275.538
101	[SLAMPOS]	0	67.7996	11.9578	275.487
101	[SLAMPOS]	0	67.5564	11.9934	275.442
101	[SLAMPOS]	0	66.8867	12.0293	275.497
101	[SLAMPOS]	0	66.3712	12.0894	275.393
101	[SLAMPOS]	0	65.9746	12.1041	275.453
101	[SLAMPOS]	0	65.7147	12.1309	275.433
101	[SLAMPOS]	0	65.4301	12.1546	275.423
101	[SLAMPOS]	0	65.0523	12.2078	275.335
101	[SLAMPOS]	0	64.5171	12.2476	275.23
101	[SLAMPOS]	0	63.9818	12.2994	275.188
101	[SLAMPOS]	0	63.7043	12.3318	275.079
101	[SLAMPOS]	0	63.1544	12.3435	275.127
101	[SLAMPOS]	0	62.2142	12.3885	275.345
101	[SLAMPOS]	0	62.0671	12.4027	275.354
101	[SLAMPOS]	0	61.2077	12.516	275.407
101	[SLAMPOS]	0	60.9039	12.5054	275.541
101	[SLAMPOS]	0	60.4996	12.5654	275.538
101	[SLAMPOS]	0	60.1019	12.5999	275.532
101	[SLAMPOS]	0	59.9402	12.5913	275.605
101	[SLAMPOS]	0	59.4038	12.6691	275.499
101	[SLAMPOS]	0	59.1214	12.7169	275.441
101	[SLAMPOS]	0	59.1214	12.7169	275.441
101	[SLAMPOS]	0	58.1626	12.831	275.459
101	[SLAMPOS]	0	57.7242	12.8749	275.449
101	[SLAMPOS]	0	57.3021	12.9339	275.429
101	[SLAMPOS]	0	56.2662	12.9834	275.682
101	[SLAMPOS]	0	55.8207	13.0426	275.702
101	[SLAMPOS]	0	55.4364	13.0945	275.668
101	[SLAMPOS]	0	54.933	13.1366	275.721
101	[SLAMPOS]	0	54.6386	13.1562	275.815
101	[SLAMPOS]	0	54.1572	13.2094	275.878
101	[SLAMPOS]	0	53.766	13.2483	275.961
101	[SLAMPOS]	0	53.1726	13.3189	276.038
101	[SLAMPOS]	0	52.7281	13.3751	276.123
101	[SLAMPOS]	0	52.295	13.4191	276.274
101	[SLAMPOS]	0	52.0159	13.4537	276.337
101	[SLAMPOS]	0	51.5735	13.516	276.405
101	[SLAMPOS]	0	50.8757	13.5978	276.667
101	[SLAMPOS]	0	50.6063	13.6096	276.823
101	[SLAMPOS]	0	50.336	13.636	276.864
101	[SLAMPOS]	0	49.8224	13.6948	277.087
101	[SLAMPOS]	0	49.3505	13.7587	277.053
101	[SLAMPOS]	0	49.0693	13.8043	276.99
101	[SLAMPOS]	0	49.0693	13.8043	276.99
101	[SLAMPOS]	0	48.1343	13.9447	277.218
101	[SLAMPOS]	0	48.0258	13.9012	277.538
101	[SLAMPOS]	0	47.6936	13.9308	277.973
101	[SLAMPOS]	0	47.5913	13.934	278.172
101	[SLAMPOS]	0	47.2794	13.9917	278.524
101	[SLAMPOS]	0	46.6625	14.0775	279.75
101	[SLAMPOS]	0	46.5623	14.0865	280.029
101	[SLAMPOS]	0	46.1151	14.2016	281.302
101	[SLAMPOS]	0	45.8287	14.2796	282.409
101	[SLAMPOS]	0	45.5838	14.359	283.64
101	[SLAMPOS]	0	45.1002	14.4233	286.688
101	[SLAMPOS]	0	44.8652	14.4966	288.392
101	[SLAMPOS]	0	44.6893	14.5586	289.65
101	[SLAMPOS]	0	44.3973	14.6818	292.422
101	[SLAMPOS]	0	44.3341	14.7181	293.034
101	[SLAMPOS]	0	44.1002	14.7765	295.635
101	[SLAMPOS]	0	43.7387	14.9923	300.195
101	[SLAMPOS]	0	43.3241	15.4363	304.171
101	[SLAMPOS]	0	43.1445	15.5526	305.676
101	[SLAMPOS]	0	43.0805	15.5964	306.542
101	[SLAMPOS]	0	42.7816	15.8258	310.799
101	[SLAMPOS]	0	42.6655	16.034	313.881
101	[SLAMPOS]	0	42.502	16.244	316.684
101	[SLAMPOS]	0	42.3731	16.4452	319.362
101	[SLAMPOS]	0	42.1639	16.6886	323.085
101	[SLAMPOS]	0	42.0115	16.8034	325.637
101	[SLAMPOS]	0	41.9522	16.9518	327.683
101	[SLAMPOS]	0	41.7916	17.0876	329.787
101	[SLAMPOS]	0	41.7163	17.2511	331.772
101	[SLAMPOS]	0	41.4624	17.594	337.174
101	[SLAMPOS]	0	41.3127	17.8229	339.442
101	[SLAMPOS]	0	41.3282	18.1181	340.963
101	[SLAMPOS]	0	41.3331	18.1657	341.477
101	[SLAMPOS]	0	41.1946	18.4587	344.04
101	[SLAMPOS]	0	41.1713	18.5622	345.138
101	[SLAMPOS]	0	41.2623	18.9033	346.591
101	[SLAMPOS]	0	41.2041	18.9898	347.406
101	[SLAMPOS]	0	41.1672	19.2455	349.41
101	[SLAMPOS]	0	41.1257	19.5289	351.376
101	[SLAMPOS]	0	41.0663	19.7525	352.862
101	[SLAMPOS]	0	41.0922	19.9274	353.592
101	[SLAMPOS]	0	41.0933	20.3085	355.362
101	[SLAMPOS]	0	41.0578	20.7458	357.123
101	[SLAMPOS]	0	41.051	21.0097	357.97
101	[SLAMPOS]	0	41.023	21.0734	358.271
101	[SLAMPOS]	0	41.0429	21.2319	358.691
101	[SLAMPOS]	0	41.0608	21.5002	359.307
101	[SLAMPOS]	0	41.0604	22.0388	0.755946
101	[SLAMPOS]	0	41.0827	22.2132	1.2039
101	[SLAMPOS]	0	41.0905	22.3968	1.83483
101	[SLAMPOS]	0	41.1012	22.507	2.12425
101	[SLAMPOS]	0	41.0869	22.7845	3.20358
101	[SLAMPOS]	0	41.0945	23.0581	4.17617
101	[SLAMPOS]	0	41.1349	23.2478	4.76485
101	[SLAMPOS]	0	41.201	23.8141	6.95315
101	[SLAMPOS]	0	41.2327	24.0898	8.13449
101	[SLAMPOS]	0	41.2811	24.1707	8.35756
101	[SLAMPOS]	0	41.4263	24.7006	10.5641
101	[SLAMPOS]	0	41.4671	24.965	12.0349
101	[SLAMPOS]	0	41.5248	25.1953	13.5686
101	[SLAMPOS]	0	41.6434	25.5144	15.6661
101	[SLAMPOS]	0	41.7613	25.7966	18.0748
101	[SLAMPOS]	0	41.8458	25.9906	19.9951
101	[SLAMPOS]	0	41.8974	26.0724	20.8678
101	[SLAMPOS]	0	42.0928	26.4446	25.5966
101	[SLAMPOS]	0	42.1968	26.6299	27.7786
101	[SLAMPOS]	0	42.2714	26.7773	30.0209
101	[SLAMPOS]	0	42.3638	26.9067	31.5303
101	[SLAMPOS]	0	42.5578	27.1906	35.3029
101	[SLAMPOS]	0	42.5944	27.2185	36.0156
101	[SLAMPOS]	0	42.7429	27.3699	38.5335
101	[SLAMPOS]	0	42.9279	27.3722	39.5317
101	[SLAMPOS]	0	42.9781	27.5231	41.9568
101	[SLAMPOS]	0	43.1744	27.6574	43.5513
101	[SLAMPOS]	0	43.4417	27.8303	46.2539
101	[SLAMPOS]	0	43.646	28.0542	49.403
101	[SLAMPOS]	0	43.9691	28.2923	52.694
101	[SLAMPOS]	0	44.0755	28.3363	53.7403
101	[SLAMPOS]	0	44.3005	28.5054	56.336
101	[SLAMPOS]	0	44.6553	28.7218	59.3958
101	[SLAMPOS]	0	44.6748	28.7435	60.5414
101	[SLAMPOS]	0	44.8393	28.8335	62.3468
101	[SLAMPOS]	0	45.0898	28.9636	65.2808
101	[SLAMPOS]	0	45.219	29.0144	66.8382
101	[SLAMPOS]	0	45.3295	29.0571	67.7307
101	[SLAMPOS]	0	45.5006	29.1512	69.8945
101	[SLAMPOS]	0	45.6623	29.1764	71.3972
101	[SLAMPOS]	0	45.7845	29.2021	72.7085
101	[SLAMPOS]	0	46.0044	29.285	74.7007
101	[SLAMPOS]	0	46.233	29.3131	76.8889
101	[SLAMPOS]	0	46.5665	29.379	79.2876
101	[SLAMPOS]	0	46.815	29.4871	80.9724
101	[SLAMPOS]	0	47.3671	29.5396	83.8723
101	[SLAMPOS]	0	47.5377	29.5839	84.8091
101	[SLAMPOS]	0	47.6302	29.5554	85.116
101	[SLAMPOS]	0	47.9536	29.6187	86.5275
101	[SLAMPOS]	0	48.4603	29.6008	87.66
101	[SLAMPOS]	0	48.7502	29.5896	88.1481
101	[SLAMPOS]	0	48.8517	29.5981	88.279
101	[SLAMPOS]	0	49.3483	29.6236	89.1019
101	[SLAMPOS]	0	49.9808	29.5813	89.9355
101	[SLAMPOS]	0	50.5023	29.5867	90.9018
101	[SLAMPOS]	0	50.936	29.5489	91.5024
101	[SLAMPOS]	0	51.4926	29.5398	92.4561
101	[SLAMPOS]	0	52.1811	29.4974	93.2994
101	[SLAMPOS]	0	52.5613	29.5057	93.7336
101	[SLAMPOS]	0	52.7773	29.511	94.1086
101	[SLAMPOS]	0	52.9891	29.4886	94.2751
101	[SLAMPOS]	0	53.4664	29.4387	94.5132
101	[SLAMPOS]	0	54.1331	29.4259	94.7782
101	[SLAMPOS]	0	54.8436	29.3079	94.8866
101	[SLAMPOS]	0	55.5556	29.2747	95.3605
101	[SLAMPOS]	0	56.0453	29.2193	95.4068
101	[SLAMPOS]	0	56.6104	29.1574	95.4643
101	[SLAMPOS]	0	56.8493	29.1245	95.5693
101	[SLAMPOS]	0	57.2045	29.0565	95.4869
101	[SLAMPOS]	0	57.711	29.038	95.6968
101	[SLAMPOS]	0	58.1176	28.9849	95.6989
101	[SLAMPOS]	0	58.5639	28.9504	95.7503
101	[SLAMPOS]	0	59.0964	28.8517	95.5762
101	[SLAMPOS]	0	59.7282	28.8155	95.6089
101	[SLAMPOS]	0	59.8767	28.7831	95.5671
101	[SLAMPOS]	0	60.3455	28.7432	95.5292
101	[SLAMPOS]	0	60.7191	28.7223	95.5183
101	[SLAMPOS]	0	61.092	28.7057	95.627
101	[SLAMPOS]	0	61.6232	28.6619	95.5999
101	[SLAMPOS]	0	62.0169	28.6154	95.5383
101	[SLAMPOS]	0	62.1651	28.6144	95.581
101	[SLAMPOS]	0	62.8694	28.5119	95.4247
101	[SLAMPOS]	0	63.6385	28.4489	95.4839
101	[SLAMPOS]	0	64.2068	28.3765	95.477
101	[SLAMPOS]	0	64.8694	28.3272	95.4879
101	[SLAMPOS]	0	65.3338	28.2757	95.4731
101	[SLAMPOS]	0	65.9313	28.2222	95.4604
101	[SLAMPOS]	0	66.0853	28.1956	95.4199
101	[SLAMPOS]	0	66.6336	28.1305	95.347
101	[SLAMPOS]	0	67.3037	28.0888	95.3827
101	[SLAMPOS]	0	67.534	28.0864	95.3997
101	[SLAMPOS]	0	68.0477	28.0085	95.2662
101	[SLAMPOS]	0	68.5786	28.0183	95.3406
101	[SLAMPOS]	0	69.3287	27.9103	95.1123
101	[SLAMPOS]	0	70.0855	27.8296	94.9204
101	[SLAMPOS]	0	70.5812	27.8158	94.9373
101	[SLAMPOS]	0	71.313	27.7544	94.8223
101	[SLAMPOS]	0	71.7486	27.7161	94.7232
101	[SLAMPOS]	0	72.1249	27.6826	94.5987
101	[SLAMPOS]	0	73.0349	27.5975	94.4288
101	[SLAMPOS]	0	73.5823	27.5701	94.5161
101	[SLAMPOS]	0	73.9364	27.5417	94.4572
101	[SLAMPOS]	0	74.4218	27.4054	94.0361
101	[SLAMPOS]	0	74.519	27.4236	94.0938
101	[SLAMPOS]	0	75.2238	27.3933	94.3579
101	[SLAMPOS]	0	75.6577	27.3475	94.3038
101	[SLAMPOS]	0	76.1183	27.3282	94.4326
101	[SLAMPOS]	0	76.4552	27.3387	94.6352
101	[SLAMPOS]	0	76.9038	27.2699	94.5358
101	[SLAMPOS]	0	77.59	27.1949	94.6287
101	[SLAMPOS]	0	78.61	27.1539	94.9457
101	[SLAMPOS]	0	78.751	27.1126	94.8169
101	[SLAMPOS]	0	79.271	27.0609	94.9032
101	[SLAMPOS]	0	79.6731	27.0551	95.1991
101	[SLAMPOS]	0	80.0166	27.0253	95.3637
101	[SLAMPOS]	0	80.1414	27.0166	95.4338
101	[SLAMPOS]	0	80.2574	26.9472	95.2466
101	[SLAMPOS]	0	80.6998	26.9505	95.7304
101	[SLAMPOS]	0	81.3323	26.926	96.5377
101	[SLAMPOS]	0	81.5931	26.8478	96.6207
101	[SLAMPOS]	0	82.0884	26.8019	97.4325
101	[SLAMPOS]	0	82.3657	26.7615	98.0814
101	[SLAMPOS]	0	82.681	26.6994	98.8775
101	[SLAMPOS]	0	82.8207	26.6804	99.506
101	[SLAMPOS]	0	82.9801	26.601	100.168
101	[SLAMPOS]	0	83.2279	26.5338	101.731
101	[SLAMPOS]	0	83.4424	26.5464	103.662
101	[SLAMPOS]	0	83.6571	26.4097	105.916
101	[SLAMPOS]	0	83.8786	26.3882	108.636
101	[SLAMPOS]	0	84.0537	26.2849	111.025
101	[SLAMPOS]	0	84.1922	26.2285	113.199
101	[SLAMPOS]	0	84.3025	26.1695	116.152
101	[SLAMPOS]	0	84.6117	26.0228	119.672
101	[SLAMPOS]	0	84.7599	25.942	122.037
101	[SLAMPOS]	0	84.8808	25.8236	123.995
101	[SLAMPOS]	0	84.8178	25.8253	124.556
101	[SLAMPOS]	0	85.0353	25.7074	127.345
101	[SLAMPOS]	0	85.0801	25.6605	128.478
101	[SLAMPOS]	0	85.1705	25.536	131.063
101	[SLAMPOS]	0	85.3136	25.3874	133.285
101	[SLAMPOS]	0	85.3919	25.2235	135.738
101	[SLAMPOS]	0	85.6036	24.9313	140.512
101	[SLAMPOS]	0	85.7601	24.7396	142.849
101	[SLAMPOS]	0	85.8682	24.5561	145.828
101	[SLAMPOS]	0	85.9313	24.408	147.524
101	[SLAMPOS]	0	85.9315	24.3597	148.196
101	[SLAMPOS]	0	86.0266	24.2598	149.589
101	[SLAMPOS]	0	86.118	24.0815	152.235
101	[SLAMPOS]	0	86.1351	23.8763	153.451
101	[SLAMPOS]	0	86.1083	23.6438	154.761
101	[SLAMPOS]	0	86.179	23.356	157.196
101	[SLAMPOS]	0	86.3534	22.9857	159.774
101	[SLAMPOS]	0	86.435	22.8145	161.353
101	[SLAMPOS]	0	86.433	22.7449	161.856
101	[SLAMPOS]	0	86.4941	22.5928	162.82
101	[SLAMPOS]	0	86.5728	22.3039	164.803
101	[SLAMPOS]	0	86.6464	21.9844	166.841
101	[SLAMPOS]	0	86.6962	21.6237	169.127
101	[SLAMPOS]	0	86.7349	21.2696	170.816
101	[SLAMPOS]	0	86.7973	20.9236	172.325
101	[SLAMPOS]	0	86.8234	20.6752	173.186
101	[SLAMPOS]	0	86.9075	20.1399	175.189
101	[SLAMPOS]	0	86.9026	19.8704	175.968
101	[SLAMPOS]	0	86.9253	19.199	177.534
101	[SLAMPOS]	0	86.9647	18.7642	178.482
101	[SLAMPOS]	0	86.9657	18.6389	178.634
101	[SLAMPOS]	0	86.9956	18.123	179.549
101	[SLAMPOS]	0	86.9516	17.7042	180.743
101	[SLAMPOS]	0	86.9615	17.3679	181.207
101	[SLAMPOS]	0	86.8977	16.8813	181.514
101	[SLAMPOS]	0	86.9436	16.5061	182.122
101	[SLAMPOS]	0	86.9332	16.2752	182.416
101	[SLAMPOS]	0	86.8765	15.6634	182.716
101	[SLAMPOS]	0	86.8425	14.9367	183.282
101	[SLAMPOS]	0	86.7819	14.585	183.26
101	[SLAMPOS]	0	86.7777	14.212	183.644
101	[SLAMPOS]	0	86.7431	13.9621	183.596
101	[SLAMPOS]	0	86.7073	13.0956	183.961
101	[SLAMPOS]	0	86.6438	12.6445	183.951
101	[SLAMPOS]	0	86.5985	12.0431	184.008
101	[SLAMPOS]	0	86.6362	11.5414	184.397
101	[SLAMPOS]	0	86.6279	11.1029	184.445
101	[SLAMPOS]	0	86.5375	10.8512	184.037
101	[SLAMPOS]	0	86.5151	10.606	183.891
101	[SLAMPOS]	0	86.4775	10.2317	183.665
101	[SLAMPOS]	0	86.4384	9.86621	183.585
101	[SLAMPOS]	0	86.4601	9.66687	183.721
101	[SLAMPOS]	0	86.4989	9.23399	184.024
101	[SLAMPOS]	0	86.3946	8.79062	183.672
101	[SLAMPOS]	0	86.3751	8.27343	183.732
101	[SLAMPOS]	0	86.3746	7.79552	183.889
101	[SLAMPOS]	0	86.3815	7.67131	183.944
101	[SLAMPOS]	0	86.3166	7.10631	183.849
101	[SLAMPOS]	0	86.3048	6.73519	183.965
101	[SLAMPOS]	0	86.31	6.12284	184.251
101	[SLAMPOS]	0	86.2505	5.63415	184.195
101	[SLAMPOS]	0	86.1999	5.42164	183.969
101	[SLAMPOS]	0	86.1829	5.17735	183.981
101	[SLAMPOS]	0	86.1404	4.94756	183.896
101	[SLAMPOS]	0	86.1328	4.46734	183.989
101	[SLAMPOS]	0	86.1069	4.05345	183.982
101	[SLAMPOS]	0	86.1172	3.59806	184.182
101	[SLAMPOS]	0	86.0814	3.12344	184.16
101	[SLAMPOS]	0	86.0814	3.12344	184.16
101	[SLAMPOS]	0	86.0846	2.43457	184.609
101	[SLAMPOS]	0	86.0472	2.32545	184.479
101	[SLAMPOS]	0	85.9523	1.59378	184.635
101	[SLAMPOS]	0	85.883	1.22957	184.815
101	[SLAMPOS]	0	85.9311	1.01008	185.482
101	[SLAMPOS]	0	85.8998	0.865169	185.424
101	[SLAMPOS]	0	85.8587	0.502653	185.92
101	[SLAMPOS]	0	85.7727	0.0106496	186.521
101	[SLAMPOS]	0	85.7767	-0.208659	187.376
101	[SLAMPOS]	0	85.6435	-0.653692	188.48
101	[SLAMPOS]	0	85.6658	-0.889929	189.479
101	[SLAMPOS]	0	85.6924	-0.288148	191.037
101	[SLAMPOS]	0	85.4955	-0.712825	192.6
101	[SLAMPOS]	0	85.4255	-0.934432	193.753
101	[SLAMPOS]	0	85.4069	-1.00971	194.251
101	[SLAMPOS]	0	85.3151	-1.34348	196.737
101	[SLAMPOS]	0	85.2267	-1.61799	199.174
101	[SLAMPOS]	0	85.187	-1.72951	200.26
101	[SLAMPOS]	0	85.1362	-1.86282	201.641
101	[SLAMPOS]	0	85.0946	-1.96509	202.748
101	[SLAMPOS]	0	84.9459	-2.29125	206.503
101	[SLAMPOS]	0	84.8492	-2.47665	208.747
101	[SLAMPOS]	0	84.6143	-2.86599	213.693
101	[SLAMPOS]	0	84.5123	-3.01411	215.662
101	[SLAMPOS]	0	84.4287	-3.12776	217.203
101	[SLAMPOS]	0	84.3824	-3.18818	218.033
101	[SLAMPOS]	0	84.3186	-3.26855	219.145
101	[SLAMPOS]	0	84.2466	-3.35551	220.362
101	[SLAMPOS]	0	84.1668	-3.44768	221.678
101	[SLAMPOS]	0	83.8988	-3.72873	225.886
101	[SLAMPOS]	0	83.7404	-3.82386	225.974
101	[SLAMPOS]	0	83.5477	-4.01024	229.128
101	[SLAMPOS]	0	83.3246	-4.21718	231.894
101	[SLAMPOS]	0	83.1746	-4.28909	233.018
101	[SLAMPOS]	0	83.0214	-4.36948	234.847
101	[SLAMPOS]	0	82.8756	-4.47631	237.551
101	[SLAMPOS]	0	82.6708	-4.60966	240.081
101	[SLAMPOS]	0	82.4089	-4.74057	243.666
101	[SLAMPOS]	0	82.214	-4.82445	245.567
101	[SLAMPOS]	0	81.9161	-4.94259	248.814
101	[SLAMPOS]	0	81.6612	-5.06856	251.255
101	[SLAMPOS]	0	81.5217	-5.09614	252.273
101	[SLAMPOS]	0	81.4254	-5.13499	253.53
101	[SLAMPOS]	0	81.1283	-5.1519	255.025
101	[SLAMPOS]	0	80.9345	-5.27846	256.752
101	[SLAMPOS]	0	80.7533	-5.31142	257.598
101	[SLAMPOS]	0	80.7533	-5.31142	257.598
101	[SLAMPOS]	0	80.4321	-5.36379	259.637
101	[SLAMPOS]	0	80.0855	-5.43593	261.216
101	[SLAMPOS]	0	79.9758	-5.47304	262.025
101	[SLAMPOS]	0	79.6592	-5.48469	263.083
101	[SLAMPOS]	0	79.4513	-5.51356	264.203
101	[SLAMPOS]	0	79.0023	-5.61424	265.929
101	[SLAMPOS]	0	78.6165	-5.61077	266.949
101	[SLAMPOS]	0	78.395	-5.60406	267.367
101	[SLAMPOS]	0	78.1769	-5.58407	267.673
101	[SLAMPOS]	0	77.7356	-5.61152	268.226
101	[SLAMPOS]	0	77.6219	-5.61241	268.316
101	[SLAMPOS]	0	77.0525	-5.63558	268.993
101	[SLAMPOS]	0	76.6273	-5.62252	269.445
101	[SLAMPOS]	0	76.3198	-5.66224	269.975
101	[SLAMPOS]	0	76.0204	-5.65937	270.427
101	[SLAMPOS]	0	75.4716	-5.63075	270.99
101	[SLAMPOS]	0	75.06	-5.61643	271.535
101	[SLAMPOS]	0	74.9214	-5.61259	271.654
101	[SLAMPOS]	0	74.2755	-5.58864	272.291
101	[SLAMPOS]	0	74.1781	-5.57761	272.328
101	[SLAMPOS]	0	73.9649	-5.56504	272.414
101	[SLAMPOS]	0	73.5677	-5.58157	272.68
101	[SLAMPOS]	0	73.3745	-5.58922	272.874
101	[SLAMPOS]	0	73.006	-5.52932	272.774
101	[SLAMPOS]	0	72.4833	-5.53958	273.12
101	[SLAMPOS]	0	72.0313	-5.4796	273.127
101	[SLAMPOS]	0	71.6811	-5.48196	273.38
101	[SLAMPOS]	0	70.9968	-5.40869	273.339
101	[SLAMPOS]	0	70.732	-5.37871	273.318
101	[SLAMPOS]	0	69.9794	-5.31833	273.409
101	[SLAMPOS]	0	69.4937	-5.31256	273.6
101	[SLAMPOS]	0	69.1524	-5.23961	273.476
101	[SLAMPOS]	0	68.9133	-5.23771	273.628
101	[SLAMPOS]	0	68.5683	-5.21493	273.579
101	[SLAMPOS]	0	68.3054	-5.23923	273.825
101	[SLAMPOS]	0	67.8737	-5.20099	273.832
101	[SLAMPOS]	0	67.5751	-5.1983	273.897
101	[SLAMPOS]	0	67.4027	-5.19437	273.952
101	[SLAMPOS]	0	67.0655	-5.18392	274.041
101	[SLAMPOS]	0	66.8496	-5.14134	274.014
101	[SLAMPOS]	0	66.5163	-5.12136	274.021
101	[SLAMPOS]	0	66.0495	-5.07883	273.956
101	[SLAMPOS]	0	65.5991	-5.03892	273.904
101	[SLAMPOS]	0	65.3831	-5.03298	273.954
101	[SLAMPOS]	0	64.6667	-5.03745	274.132
101	[SLAMPOS]	0	64.4485	-4.97908	273.912
101	[SLAMPOS]	0	63.8627	-4.95105	273.927
101	[SLAMPOS]	0	63.5124	-4.91822	273.799
101	[SLAMPOS]	0	63.2699	-4.91874	273.948
101	[SLAMPOS]	0	63.0381	-4.88523	273.878
101	[SLAMPOS]	0	62.6992	-4.85064	273.837
101	[SLAMPOS]	0	62.4043	-4.86067	273.927
101	[SLAMPOS]	0	62.2996	-4.83143	273.85
101	[SLAMPOS]	0	62.2052	-4.79317	273.768
101	[SLAMPOS]	0	61.6819	-4.77586	273.883
101	[SLAMPOS]	0	61.0938	-4.70688	273.796
101	[SLAMPOS]	0	61.0178	-4.64767	273.582
101	[SLAMPOS]	0	60.477	-4.64878	273.778
101	[SLAMPOS]	0	60.477	-4.64878	273.778
101	[SLAMPOS]	0	60.0891	-4.67069	273.875
101	[SLAMPOS]	0	59.6355	-4.63215	273.794
101	[SLAMPOS]	0	59.4911	-4.66546	273.911
101	[SLAMPOS]	0	58.9875	-4.58418	273.735
101	[SLAMPOS]	0	58.5676	-4.60721	273.906
101	[SLAMPOS]	0	58.2696	-4.55781	273.734
101	[SLAMPOS]	0	57.6432	-4.58379	273.893
101	[SLAMPOS]	0	57.5224	-4.58516	273.84
101	[SLAMPOS]	0	57.1808	-4.57411	273.929
101	[SLAMPOS]	0	56.7772	-4.45316	273.596
101	[SLAMPOS]	0	56.3902	-4.50116	273.897
101	[SLAMPOS]	0	56.1379	-4.48804	273.867
101	[SLAMPOS]	0	55.7018	-4.45249	273.929
101	[SLAMPOS]	0	55.3408	-4.42904	273.922
101	[SLAMPOS]	0	54.8928	-4.37604	273.822
101	[SLAMPOS]	0	54.5466	-4.34672	273.849
101	[SLAMPOS]	0	54.3004	-4.36516	274.029
101	[SLAMPOS]	0	53.8443	-4.3437	274.069
101	[SLAMPOS]	0	53.3824	-4.30063	274.128
101	[SLAMPOS]	0	53.1547	-4.25472	274.065
101	[SLAMPOS]	0	52.9166	-4.26413	274.239
101	[SLAMPOS]	0	52.4806	-4.21455	274.181
101	[SLAMPOS]	0	52.2231	-4.1913	274.233
101	[SLAMPOS]	0	51.7218	-4.17269	274.378
101	[SLAMPOS]	0	51.2685	-4.13727	274.445
101	[SLAMPOS]	0	51.0076	-4.09993	274.374
101	[SLAMPOS]	0	50.5431	-4.06227	274.429
101	[SLAMPOS]	0	50.1758	-4.04223	274.512
101	[SLAMPOS]	0	49.8502	-4.00106	274.429
101	[SLAMPOS]	0	49.6174	-3.97223	274.45
101	[SLAMPOS]	0	49.1256	-3.92816	274.584
101	[SLAMPOS]	0	49.0111	-3.91824	274.58
101	[SLAMPOS]	0	48.2772	-3.85387	275.015
101	[SLAMPOS]	0	47.5537	-3.91598	276.294
101	[SLAMPOS]	0	47.1872	-3.87456	276.738
101	[SLAMPOS]	0	46.7462	-3.79237	277.401
101	[SLAMPOS]	0	46.2914	-3.73045	278.272
101	[SLAMPOS]	0	46.0396	-3.74034	279.054
101	[SLAMPOS]	0	45.7811	-3.75165	279.994
101	[SLAMPOS]	0	45.2768	-3.55972	281.373
101	[SLAMPOS]	0	44.8279	-3.45731	283.457
101	[SLAMPOS]	0	44.3474	-3.34663	286.489
101	[SLAMPOS]	0	43.9463	-3.20927	289.744
101	[SLAMPOS]	0	43.8299	-3.18453	290.614
101	[SLAMPOS]	0	43.5429	-3.05536	293.59
101	[SLAMPOS]	0	43.3713	-2.89886	295.479
101	[SLAMPOS]	0	43.0441	-2.77386	299.189
101	[SLAMPOS]	0	42.8922	-2.61807	301.327
101	[SLAMPOS]	0	42.6773	-2.48853	303.978
101	[SLAMPOS]	0	42.5066	-2.359	306.429
101	[SLAMPOS]	0	42.4138	-2.2443	307.9
101	[SLAMPOS]	0	42.0554	-1.96116	312.477
101	[SLAMPOS]	0	41.9107	-1.8013	314.989
101	[SLAMPOS]	0	41.8425	-1.73718	315.93
101	[SLAMPOS]	0	41.7292	-1.52216	319.005
101	[SLAMPOS]	0	41.5641	-1.2719	322.369
101	[SLAMPOS]	0	41.4547	-1.11274	323.753
101	[SLAMPOS]	0	41.3077	-0.743479	328.744
101	[SLAMPOS]	0	41.1991	-0.577423	330.392
101	[SLAMPOS]	0	41.0172	-0.285966	333.684
101	[SLAMPOS]	0	40.7587	0.0192492	336.296
101	[SLAMPOS]	0	40.5964	0.289196	338.555
101	[SLAMPOS]	0	40.5316	0.589891	341.286
101	[SLAMPOS]	0	40.4629	0.748804	342.617
101	[SLAMPOS]	0	40.2789	1.23693	345.794
101	[SLAMPOS]	0	40.1679	1.83548	349.065
101	[SLAMPOS]	0	40.1428	1.98577	350.031
101	[SLAMPOS]	0	40.0896	2.39902	352.252
101	[SLAMPOS]	0	40.0263	2.9432	354.54
101	[SLAMPOS]	0	40.0117	3.17309	355.401
101	[SLAMPOS]	0	39.9887	3.35236	356.226
101	[SLAMPOS]	0	39.8996	4.05392	358.647
101	[SLAMPOS]	0	39.9221	4.445	359.888
101	[SLAMPOS]	0	39.8978	4.80367	0.771752
101	[SLAMPOS]	0	39.9304	4.89691	0.922844
101	[SLAMPOS]	0	39.9395	5.26936	1.77475
101	[SLAMPOS]	0	39.9388	5.60825	2.74912
101	[SLAMPOS]	0	39.9677	6.02932	4.07559
101	[SLAMPOS]	0	39.9732	6.14161	4.48107
101	[SLAMPOS]	0	40.0135	6.3415	5.18142
101	[SLAMPOS]	0	40.0379	6.50829	5.92218
101	[SLAMPOS]	0	40.0613	6.74007	7.06896
101	[SLAMPOS]	0	40.1146	7.21114	9.96516
101	[SLAMPOS]	0	40.2152	7.54287	12.5496
101	[SLAMPOS]	0	40.263	7.75011	14.1359
101	[SLAMPOS]	0	40.256	7.97736	17.4362
101	[SLAMPOS]	0	40.4331	8.21066	18.7349
101	[SLAMPOS]	0	40.5047	8.5807	22.0815
101	[SLAMPOS]	0	40.5344	8.71592	23.0445
101	[SLAMPOS]	0	40.6543	8.99611	26.2057
101	[SLAMPOS]	0	40.681	9.03853	27.0025
101	[SLAMPOS]	0	40.6944	9.06147	27.8419
101	[SLAMPOS]	0	40.7684	9.15159	28.6489
101	[SLAMPOS]	0	41.1152	9.66718	35.4868
101	[SLAMPOS]	0	41.527	10.1354	40.3766
101	[SLAMPOS]	0	41.7746	10.393	43.7871
101	[SLAMPOS]	0	41.9886	10.5106	46.7933
101	[SLAMPOS]	0	42.0637	10.6122	48.7528
101	[SLAMPOS]	0	42.0885	10.6454	49.4164
101	[SLAMPOS]	0	42.2788	10.7515	51.4095
101	[SLAMPOS]	0	42.4793	10.8805	54.04
101	[SLAMPOS]	0	42.6653	10.9429	55.5792
101	[SLAMPOS]	0	42.8242	11.1078	58.6039
101	[SLAMPOS]	0	42.9198	11.1842	59.9431
101	[SLAMPOS]	0	43.1359	11.2742	61.824
101	[SLAMPOS]	0	43.1865	11.3343	63.105
101	[SLAMPOS]	0	43.2899	11.3881	64.325
101	[SLAMPOS]	0	43.5902	11.5619	67.558
101	[SLAMPOS]	0	43.9149	11.6874	70.52
101	[SLAMPOS]	0	44.2208	11.8026	72.7809
101	[SLAMPOS]	0	44.444	11.8367	74.1447
101	[SLAMPOS]	0	44.5318	11.8514	74.6676
101	[SLAMPOS]	0	44.7048	11.8666	75.6103
101	[SLAMPOS]	0	44.8411	11.8876	76.5841
101	[SLAMPOS]	0	45.2802	11.9841	79.1879
101	[SLAMPOS]	0	45.6216	12.1032	81.3419
101	[SLAMPOS]	0	45.7943	12.0888	82.0925
101	[SLAMPOS]	0	46.2563	12.1772	84.6035
101	[SLAMPOS]	0	46.4129	12.1912	85.1826
101	[SLAMPOS]	0	46.6835	12.1985	86.2009
101	[SLAMPOS]	0	47.3081	12.2466	88.203
101	[SLAMPOS]	0	47.6342	12.2531	89.0648
101	[SLAMPOS]	0	48.2511	12.2434	90.6208
101	[SLAMPOS]	0	48.4049	12.2657	91.0752
101	[SLAMPOS]	0	48.7024	12.2505	91.5794
101	[SLAMPOS]	0	49.0567	12.2264	92.1133
101	[SLAMPOS]	0	49.5133	12.2112	92.7183
101	[SLAMPOS]	0	49.7499	12.2047	92.905
101	[SLAMPOS]	0	50.4622	12.1494	93.3002
101	[SLAMPOS]	0	51.2993	12.0892	93.4862
101	[SLAMPOS]	0	51.6703	12.0603	93.3845
101	[SLAMPOS]	0	52.0219	12.0592	93.3662
101	[SLAMPOS]	0	52.2555	12.0666	93.3792
101	[SLAMPOS]	0	52.8564	12.0065	93.2003
101	[SLAMPOS]	0	53.3151	11.9557	93.0403
101	[SLAMPOS]	0	53.7152	11.9595	93.1428
101	[SLAMPOS]	0	54.0791	11.9313	93.0351
101	[SLAMPOS]	0	54.3385	11.9095	93.0173
101	[SLAMPOS]	0	54.7921	11.8926	93.0102
101	[SLAMPOS]	0	55.4121	11.8472	92.9474
101	[SLAMPOS]	0	55.5317	11.8383	92.9509
101	[SLAMPOS]	0	55.75	11.8418	92.988
101	[SLAMPOS]	0	56.4591	11.8225	93.0299
101	[SLAMPOS]	0	56.699	11.8111	93.0751
101	[SLAMPOS]	0	57.0445	11.8392	93.3365
101	[SLAMPOS]	0	57.4508	11.8001	93.2613
101	[SLAMPOS]	0	57.6096	11.7778	93.3047
101	[SLAMPOS]	0	57.9809	11.7306	93.2927
101	[SLAMPOS]	0	58.3242	11.7274	93.3875
101	[SLAMPOS]	0	58.8868	11.7232	93.632
101	[SLAMPOS]	0	58.9864	11.7076	93.6545
101	[SLAMPOS]	0	59.8615	11.7052	93.9271
101	[SLAMPOS]	0	60.3192	11.6118	93.6521
101	[SLAMPOS]	0	60.5436	11.6277	93.8117
101	[SLAMPOS]	0	60.7615	11.6127	93.7619
101	[SLAMPOS]	0	61.3188	11.5543	93.5159
101	[SLAMPOS]	0	61.7521	11.5104	93.3739
101	[SLAMPOS]	0	62.2934	11.4948	93.2947
101	[SLAMPOS]	0	62.4339	11.482	93.253
101	[SLAMPOS]	0	62.9679	11.4462	93.1538
101	[SLAMPOS]	0	63.0942	11.4335	93.0674
101	[SLAMPOS]	0	63.6189	11.4533	93.1553
101	[SLAMPOS]	0	64.1139	11.3726	92.9246
101	[SLAMPOS]	0	64.4707	11.3451	92.9414
101	[SLAMPOS]	0	64.5855	11.354	92.9805
101	[SLAMPOS]	0	65.0522	11.3613	93.1833
101	[SLAMPOS]	0	65.1163	11.4438	93.8074
101	[SLAMPOS]	0	65.4574	11.4145	93.739
101	[SLAMPOS]	0	65.6841	11.3922	93.7351
101	[SLAMPOS]	0	66.0432	11.3668	93.7021
101	[SLAMPOS]	0	66.3815	11.3559	93.706
101	[SLAMPOS]	0	66.6113	11.3315	93.6274
101	[SLAMPOS]	0	66.9488	11.2961	93.5882
101	[SLAMPOS]	0	67.1637	11.2639	93.5188
101	[SLAMPOS]	0	67.4237	11.2569	93.5046
101	[SLAMPOS]	0	67.7678	11.2469	93.5412
101	[SLAMPOS]	0	68.1297	11.2405	93.5243
101	[SLAMPOS]	0	68.3594	11.2135	93.4894
101	[SLAMPOS]	0	68.6943	11.1917	93.4462
101	[SLAMPOS]	0	68.9367	11.1787	93.4288
101	[SLAMPOS]	0	69.2798	11.1527	93.3727
101	[SLAMPOS]	0	69.6251	11.1485	93.392
101	[SLAMPOS]	0	69.8732	11.1475	93.3897
101	[SLAMPOS]	0	70.2142	11.0924	93.2366
101	[SLAMPOS]	0	70.5623	11.0435	93.1585
101	[SLAMPOS]	0	70.7913	11.0277	93.1165
101	[SLAMPOS]	0	71.1393	11.0092	93.1096
101	[SLAMPOS]	0	71.4832	10.9939	93.1022
101	[SLAMPOS]	0	71.6974	10.9856	93.1222
101	[SLAMPOS]	0	72.0657	10.9536	93.0362
101	[SLAMPOS]	0	72.4107	10.9299	92.9653
101	[SLAMPOS]	0	72.646	10.9187	92.938
101	[SLAMPOS]	0	72.9974	10.9032	92.9422
101	[SLAMPOS]	0	73.345	10.8756	92.8762
101	[SLAMPOS]	0	73.5828	10.8727	92.8966
101	[SLAMPOS]	0	73.9288	10.8506	92.8701
101	[SLAMPOS]	0	74.1572	10.8362	92.8058
101	[SLAMPOS]	0	74.5101	10.8281	92.8443
101	[SLAMPOS]	0	74.7391	10.8029	92.7488
101	[SLAMPOS]	0	75.0799	10.7877	92.7299
101	[SLAMPOS]	0	75.419	10.7655	92.6307
101	[SLAMPOS]	0	75.6518	10.7696	92.6544
101	[SLAMPOS]	0	75.9991	10.7562	92.5084
101	[SLAMPOS]	0	76.2257	10.7399	92.3831
101	[SLAMPOS]	0	76.5833	10.7136	92.1491
101	[SLAMPOS]	0	76.806	10.7073	92.0102
101	[SLAMPOS]	0	77.1606	10.6846	91.7172
101	[SLAMPOS]	0	77.4703	10.6574	91.4134
101	[SLAMPOS]	0	77.6895	10.6482	91.1536
101	[SLAMPOS]	0	78.0445	10.6536	90.8294
101	[SLAMPOS]	0	78.3297	10.6206	90.3507
101	[SLAMPOS]	0	78.5504	10.6102	90.0012
101	[SLAMPOS]	0	78.8352	10.6153	89.5662
101	[SLAMPOS]	0	79.0986	10.5988	88.9307
101	[SLAMPOS]	0	79.2916	10.6135	88.5538
101	[SLAMPOS]	0	79.5293	10.6172	87.8991
101	[SLAMPOS]	0	79.7545	10.6095	87.0555
101	[SLAMPOS]	0	79.8923	10.6058	86.4752
101	[SLAMPOS]	0	80.0483	10.6386	85.9727
101	[SLAMPOS]	0	80.2207	10.669	85.1015
101	[SLAMPOS]	0	80.4059	10.6732	83.8789
101	[SLAMPOS]	0	80.554	10.674	83.5084
101	[SLAMPOS]	0	80.7015	10.6635	82.7711
101	[SLAMPOS]	0	81.0056	10.7758	81.1225
101	[SLAMPOS]	0	81.1645	10.8125	80.2833
101	[SLAMPOS]	0	81.4084	10.8304	78.8579
101	[SLAMPOS]	0	81.5716	10.871	77.8866
101	[SLAMPOS]	0	81.7905	10.9374	76.4441
101	[SLAMPOS]	0	81.9285	10.9568	75.4404
101	[SLAMPOS]	0	82.0974	11.011	74.1471
101	[SLAMPOS]	0	82.2422	11.0248	72.5031
101	[SLAMPOS]	0	82.3442	11.0459	71.387
101	[SLAMPOS]	0	82.4492	11.0945	70.4061
101	[SLAMPOS]	0	82.59	11.1624	68.8288
101	[SLAMPOS]	0	82.7851	11.2845	66.8948
101	[SLAMPOS]	0	82.8773	11.3344	65.7352
101	[SLAMPOS]	0	83.0446	11.3873	63.6935
101	[SLAMPOS]	0	83.1434	11.4454	62.4489
101	[SLAMPOS]	0	83.3379	11.5439	60.3067
101	[SLAMPOS]	0	83.4588	11.6123	58.8807
101	[SLAMPOS]	0	83.6145	11.7061	56.7834
101	[SLAMPOS]	0	83.7774	11.8005	54.8825
101	[SLAMPOS]	0	83.9261	11.9301	52.8465
101	[SLAMPOS]	0	83.993	12.0057	51.3056
101	[SLAMPOS]	0	84.129	12.1768	49.116
101	[SLAMPOS]	0	84.2268	12.2566	47.5796
101	[SLAMPOS]	0	84.3963	12.3993	45.1658
101	[SLAMPOS]	0	84.4663	12.5084	43.7762
101	[SLAMPOS]	0	84.6654	12.6802	41.3597
101	[SLAMPOS]	0	84.7976	12.8488	39.2409
101	[SLAMPOS]	0	84.9072	13.0055	37.8653
101	[SLAMPOS]	0	84.9911	13.1756	36.0138
101	[SLAMPOS]	0	85.167	13.3961	33.9574
101	[SLAMPOS]	0	85.2556	13.5983	32.3767
101	[SLAMPOS]	0	85.3753	13.7336	31.0478
101	[SLAMPOS]	0	85.4939	13.9558	29.4466
101	[SLAMPOS]	0	85.5833	14.0927	28.3858
101	[SLAMPOS]	0	85.6761	14.2724	26.9999
101	[SLAMPOS]	0	85.7467	14.4606	26.1233
101	[SLAMPOS]	0	85.8768	14.7105	24.7148
101	[SLAMPOS]	0	85.9516	14.921	23.5695
101	[SLAMPOS]	0	86.05	15.1314	22.4909
101	[SLAMPOS]	0	86.1434	15.3567	21.5798
101	[SLAMPOS]	0	86.1869	15.504	21.1142
101	[SLAMPOS]	0	86.3022	15.7424	20.2333
101	[SLAMPOS]	0	86.3633	15.8978	19.7624
101	[SLAMPOS]	0	86.4438	16.1251	19.0759
101	[SLAMPOS]	0	86.5241	16.3502	18.4033
101	[SLAMPOS]	0	86.5981	16.5759	17.7858
101	[SLAMPOS]	0	86.6426	16.7333	17.3966
101	[SLAMPOS]	0	86.7142	16.9631	16.7186
101	[SLAMPOS]	0	86.7533	17.1222	16.3621
101	[SLAMPOS]	0	86.8537	17.3658	15.6646
101	[SLAMPOS]	0	86.9177	17.5986	15.089
101	[SLAMPOS]	0	86.974	17.8236	14.5684
101	[SLAMPOS]	0	87.0631	18.0645	13.9873
101	[SLAMPOS]	0	87.0747	18.2082	13.8006
101	[SLAMPOS]	0	87.1497	18.448	13.3693
101	[SLAMPOS]	0	87.1886	18.6427	13.1456
101	[SLAMPOS]	0	87.2593	18.8708	12.7
101	[SLAMPOS]	0	87.3177	19.1183	12.3561
101	[SLAMPOS]	0	87.3569	19.2802	12.1771
101	[SLAMPOS]	0	87.4318	19.5594	11.7683
101	[SLAMPOS]	0	87.4696	19.8114	11.6621
101	[SLAMPOS]	0	87.5112	20.0858	11.5184
101	[SLAMPOS]	0	87.5624	20.2688	11.335
101	[SLAMPOS]	0	87.6154	20.5409	11.1773
101	[SLAMPOS]	0	87.6753	20.8323	10.8638
101	[SLAMPOS]	0	87.7026	21.0243	10.7788
101	[SLAMPOS]	0	87.7377	21.2099	10.6461
101	[SLAMPOS]	0	87.8014	21.5939	10.4279
101	[SLAMPOS]	0	87.8273	21.7897	10.3793
101	[SLAMPOS]	0	87.8926	22.076	10.1226
101	[SLAMPOS]	0	87.9529	22.3833	9.94337
101	[SLAMPOS]	0	88.025	22.7004	9.73505
101	[SLAMPOS]	0	88.0558	22.893	9.56047
101	[SLAMPOS]	0	88.094	23.1817	9.35949
101	[SLAMPOS]	0	88.1565	23.4124	9.14819
101	[SLAMPOS]	0	88.1987	23.7199	8.96711
101	[SLAMPOS]	0	88.246	23.9398	8.72521
101	[SLAMPOS]	0	88.2908	24.2499	8.60318
122	[SLAMPOS]	0	88.3237	24.4601	8.52361
122	[SLAMPOS]	0	88.3898	24.7781	8.24554
122	[SLAMPOS]	0	88.403	24.9837	8.26196
122	[SLAMPOS]	0	88.261	25.0039	7.30614
122	[SLAMPOS]	0	88.2945	25.3504	7.16039
122	[SLAMPOS]	0	88.3086	25.5264	7.08139
122	[SLAMPOS]	0	88.3306	25.9849	6.95554
122	[SLAMPOS]	0	88.4075	26.5505	6.66069
122	[SLAMPOS]	0	88.4781	26.9977	6.30133
122	[SLAMPOS]	0	88.5899	27.7404	5.67643
122	[SLAMPOS]	0	88.6216	28.3153	5.51615
122	[SLAMPOS]	0	88.6693	28.8103	5.165
122	[SLAMPOS]	0	88.6639	29.4514	5.12594
122	[SLAMPOS]	0	88.7109	30.1323	4.82156
122	[SLAMPOS]	0	88.7612	30.4892	4.68856
122	[SLAMPOS]	0	88.788	30.7071	4.67697
122	[SLAMPOS]	0	88.8681	31.1261	4.51571
122	[SLAMPOS]	0	88.9078	31.4953	4.67928
122	[SLAMPOS]	0	88.9299	31.7844	4.72401
122	[SLAMPOS]	0	89.0511	32.0495	4.42196
122	[SLAMPOS]	0	89.1333	32.2389	4.15968
122	[SLAMPOS]	0	89.1457	32.4985	4.31083
122	[SLAMPOS]	0	89.1569	32.5235	4.25619
122	[SLAMPOS]	0	89.1585	32.5911	4.28539
122	[SLAMPOS]	0	89.164	32.6358	4.31052
122	[SLAMPOS]	0	89.163	32.6461	4.30639
122	[SLAMPOS]	0	89.1646	32.6383	4.29104
122	[SLAMPOS]	0	89.1611	32.6374	4.31608
122	[SLAMPOS]	0	89.1575	32.6369	4.33949
122	[SLAMPOS]	0	89.159	32.6401	4.32219
122	[SLAMPOS]	0	89.165	32.6432	4.28007
122	[SLAMPOS]	0	89.1571	32.6393	4.33187
122	[SLAMPOS]	0	89.1619	32.638	4.2967
122	[SLAMPOS]	0	89.1577	32.6375	4.32826
122	[SLAMPOS]	0	89.1558	32.6348	4.34388
122	[SLAMPOS]	0	89.1502	32.6351	4.37058
122	[SLAMPOS]	0	89.1556	32.6384	4.34947
122	[SLAMPOS]	0	89.156	32.6375	4.32868
122	[SLAMPOS]	0	89.158	32.6379	4.32536
122	[SLAMPOS]	0	89.1497	32.6397	4.37293
122	[SLAMPOS]	0	89.1589	32.6362	4.32829
122	[SLAMPOS]	0	89.1641	32.6378	4.29448
122	[SLAMPOS]	0	89.157	32.6381	4.34657
122	[SLAMPOS]	0	89.1639	32.6376	4.30031
122	[SLAMPOS]	0	89.1679	32.6378	4.27025
122	[SLAMPOS]	0	89.1511	32.6346	4.37869
122	[SLAMPOS]	0	89.1569	32.6352	4.33427
122	[SLAMPOS]	0	89.1566	32.6366	4.33579
122	[SLAMPOS]	0	89.1618	32.6386	4.30796
122	[SLAMPOS]	0	89.1596	32.6372	4.32104
122	[SLAMPOS]	0	89.1593	32.6371	4.33966
122	[SLAMPOS]	0	89.1627	32.6398	4.29514
122	[SLAMPOS]	0	89.1578	32.6379	4.33312
122	[SLAMPOS]	0	89.1563	32.6352	4.35628
122	[SLAMPOS]	0	89.1556	32.6364	4.34844
122	[SLAMPOS]	0	89.1589	32.6366	4.31684
122	[SLAMPOS]	0	89.1572	32.6374	4.32509
122	[SLAMPOS]	0	89.1561	32.6347	4.33611
122	[SLAMPOS]	0	89.156	32.634	4.3433
122	[SLAMPOS]	0	89.152	32.6379	4.37957
122	[SLAMPOS]	0	89.1541	32.6388	4.37369
122	[SLAMPOS]	0	89.1583	32.635	4.32507
122	[SLAMPOS]	0	89.1505	32.6471	4.40853
122	[SLAMPOS]	0	89.1521	32.6523	4.38612
122	[SLAMPOS]	0	89.1586	32.6737	4.35793
122	[SLAMPOS]	0	89.1662	32.7087	4.37847
122	[SLAMPOS]	0	89.1723	32.7512	4.32309
122	[SLAMPOS]	0	89.1801	32.8092	4.33294
122	[SLAMPOS]	0	89.1839	32.8149	4.33555
122	[SLAMPOS]	0	89.1843	32.8032	4.31901
122	[SLAMPOS]	0	89.1942	32.8072	4.24867
122	[SLAMPOS]	0	89.1976	32.8061	4.24104
122	[SLAMPOS]	0	89.1935	32.8003	4.26447
122	[SLAMPOS]	0	89.1873	32.8017	4.30204
122	[SLAMPOS]	0	89.184	32.8056	4.32896
122	[SLAMPOS]	0	89.1866	32.8013	4.30828
122	[SLAMPOS]	0	89.1866	32.8013	4.30828
122	[SLAMPOS]	0	89.185	32.8055	4.31831
122	[SLAMPOS]	0	89.1942	32.8058	4.25974
122	[SLAMPOS]	0	89.1846	32.804	4.33334
122	[SLAMPOS]	0	89.1901	32.8038	4.27101
122	[SLAMPOS]	0	89.173	32.805	4.37824
122	[SLAMPOS]	0	89.1663	32.8118	4.43633
122	[SLAMPOS]	0	89.1792	32.8698	4.42797
122	[SLAMPOS]	0	89.177	32.9109	4.48283
122	[SLAMPOS]	0	89.1804	32.9797	4.51155
122	[SLAMPOS]	0	89.1965	33.0848	4.53089
122	[SLAMPOS]	0	89.2087	33.1588	4.52667
122	[SLAMPOS]	0	89.1953	33.2701	4.71743
122	[SLAMPOS]	0	89.1881	33.4776	4.9548
122	[SLAMPOS]	0	89.206	33.7884	5.02084
122	[SLAMPOS]	0	89.2235	34.0879	5.12838
122	[SLAMPOS]	0	89.2994	34.6818	5.03414
122	[SLAMPOS]	0	89.3449	35.1737	5.02438
122	[SLAMPOS]	0	89.4123	35.8106	5.04963
122	[SLAMPOS]	0	89.4362	36.0537	5.12996
122	[SLAMPOS]	0	89.5092	36.468	5.11305
122	[SLAMPOS]	0	89.5367	36.6018	5.13379
122	[SLAMPOS]	0	89.5126	36.9297	5.51373
122	[SLAMPOS]	0	89.6013	37.4199	5.55806
122	[SLAMPOS]	0	89.6571	37.9033	5.69705
122	[SLAMPOS]	0	89.6767	38.1379	5.7406
122	[SLAMPOS]	0	89.7107	38.52	5.89633
122	[SLAMPOS]	0	89.725	39.0074	6.40982
122	[SLAMPOS]	0	89.8212	39.5965	6.44757
122	[SLAMPOS]	0	89.8742	40.0402	6.52641
122	[SLAMPOS]	0	89.906	40.3934	6.40482
122	[SLAMPOS]	0	89.9463	40.7013	6.29311
122	[SLAMPOS]	0	89.9757	40.9257	6.15508
122	[SLAMPOS]	0	90.0048	41.2162	5.99966
122	[SLAMPOS]	0	90.0632	41.6487	5.83602
122	[SLAMPOS]	0	89.9851	41.9183	6.20799
122	[SLAMPOS]	0	90.1173	42.2494	5.23142
122	[SLAMPOS]	0	90.1876	42.8751	4.79179
122	[SLAMPOS]	0	90.1918	43.1047	4.87172
122	[SLAMPOS]	0	90.2355	43.3085	4.81217
122	[SLAMPOS]	0	90.2159	43.3865	5.01554
122	[SLAMPOS]	0	90.2524	43.5611	4.88154
122	[SLAMPOS]	0	90.2405	43.6067	5.0298
122	[SLAMPOS]	0	90.2279	43.8663	5.34552
122	[SLAMPOS]	0	90.1624	44.02	5.85466
122	[SLAMPOS]	0	90.21	44.315	5.74746
122	[SLAMPOS]	0	90.32	44.7846	5.61166
122	[SLAMPOS]	0	90.3317	44.8378	5.54281
122	[SLAMPOS]	0	90.3641	45.0302	5.33103
122	[SLAMPOS]	0	90.4844	45.3539	4.79268
122	[SLAMPOS]	0	90.4823	45.4318	4.81323
122	[SLAMPOS]	0	90.4642	45.6536	4.91781
122	[SLAMPOS]	0	90.5154	45.913	4.73303
122	[SLAMPOS]	0	90.4246	46.0962	5.0745
122	[SLAMPOS]	0	90.4078	46.39	5.15083
122	[SLAMPOS]	0	90.4288	46.7322	5.11261
122	[SLAMPOS]	0	90.453	46.934	4.87102
122	[SLAMPOS]	0	90.4573	47.382	4.88408
122	[SLAMPOS]	0	90.2236	47.4297	5.21389
122	[SLAMPOS]	0	90.2413	47.6289	5.24449
122	[SLAMPOS]	0	90.248	47.7043	5.2608
122	[SLAMPOS]	0	90.2623	47.8636	5.29956
122	[SLAMPOS]	0	90.2846	48.1097	5.37935
122	[SLAMPOS]	0	90.2946	48.2183	5.413
122	[SLAMPOS]	0	90.3103	48.3886	5.46681
122	[SLAMPOS]	0	90.3252	48.5473	5.51605
122	[SLAMPOS]	0	90.341	48.7152	5.56669
122	[SLAMPOS]	0	90.3577	48.8911	5.61627
122	[SLAMPOS]	0	90.367	48.9881	5.64277
122	[SLAMPOS]	0	90.378	49.1023	5.67397
122	[SLAMPOS]	0	90.3933	49.2601	5.72464
122	[SLAMPOS]	0	90.411	49.4404	5.79808
122	[SLAMPOS]	0	90.4206	49.5368	5.83456
122	[SLAMPOS]	0	90.4338	49.6694	5.8847
122	[SLAMPOS]	0	90.452	49.8493	5.94988
122	[SLAMPOS]	0	90.4636	49.9633	5.99011
122	[SLAMPOS]	0	90.4692	50.018	6.00903
122	[SLAMPOS]	0	90.4717	50.0422	6.01731
122	[SLAMPOS]	0	90.4783	50.1065	6.03835
122	[SLAMPOS]	0	90.493	50.2489	6.07037
122	[SLAMPOS]	0	90.5048	50.3626	6.08962
122	[SLAMPOS]	0	90.5136	50.4474	6.1
122	[SLAMPOS]	0	90.5289	50.5939	6.12146
122	[SLAMPOS]	0	90.5393	50.6931	6.1442
122	[SLAMPOS]	0	90.5471	50.7673	6.15933
122	[SLAMPOS]	0	90.5542	50.8354	6.17292
122	[SLAMPOS]	0	90.5571	50.8631	6.17854
122	[SLAMPOS]	0	90.5725	51.0085	6.20756
122	[SLAMPOS]	0	90.5795	51.0747	6.22024
122	[SLAMPOS]	0	90.5914	51.1862	6.24073
122	[SLAMPOS]	0	90.5995	51.2619	6.25436
122	[SLAMPOS]	0	90.6129	51.3871	6.27509
122	[SLAMPOS]	0	90.6385	51.6262	6.28561
122	[SLAMPOS]	0	90.6487	51.7207	6.2884
122	[SLAMPOS]	0	90.6549	51.779	6.29232
122	[SLAMPOS]	0	90.8065	52.0463	2.88016
122	[SLAMPOS]	0	90.7823	52.2045	3.0476
122	[SLAMPOS]	0	90.7318	52.3703	3.4147
122	[SLAMPOS]	0	90.7318	52.3703	3.4147
122	[SLAMPOS]	0	90.7223	52.4163	3.44074
122	[SLAMPOS]	0	90.6867	52.6713	3.78459
122	[SLAMPOS]	0	90.6731	52.8177	4.03036
122	[SLAMPOS]	0	90.6633	52.9124	4.06244
122	[SLAMPOS]	0	90.691	53.0053	3.92833
122	[SLAMPOS]	0	90.7257	53.1401	3.89741
122	[SLAMPOS]	0	90.743	53.3355	3.6537
122	[SLAMPOS]	0	90.7542	53.4047	3.45809
122	[SLAMPOS]	0	90.7542	53.4047	3.45809
122	[SLAMPOS]	0	90.7791	53.4311	3.24014
122	[SLAMPOS]	0	90.7803	53.4184	3.26183
122	[SLAMPOS]	0	90.8355	53.4156	2.89062
122	[SLAMPOS]	0	90.8105	53.4025	2.92576
122	[SLAMPOS]	0	90.7901	53.4022	3.06616
122	[SLAMPOS]	0	90.7971	53.4002	2.99531
122	[SLAMPOS]	0	90.8221	53.408	2.86828
122	[SLAMPOS]	0	90.8221	53.408	2.86828
122	[SLAMPOS]	0	90.8395	53.407	2.76346
122	[SLAMPOS]	0	90.8511	53.3944	2.65207
122	[SLAMPOS]	0	90.8482	53.3975	2.68254
122	[SLAMPOS]	0	90.8408	53.3908	2.70998
122	[SLAMPOS]	0	90.9253	53.4076	2.22024
122	[SLAMPOS]	0	90.9447	53.4308	2.11633
122	[SLAMPOS]	0	90.9354	53.4113	2.16756
122	[SLAMPOS]	0	90.9362	53.4086	2.17177
122	[SLAMPOS]	0	90.9342	53.4147	2.20527
122	[SLAMPOS]	0	90.9373	53.4146	2.13318
122	[SLAMPOS]	0	90.9231	53.4207	2.21087
122	[SLAMPOS]	0	90.9257	53.4142	2.20013
122	[SLAMPOS]	0	90.9125	53.4065	2.27039
122	[SLAMPOS]	0	90.9391	53.4364	2.14008
122	[SLAMPOS]	0	90.9415	53.4386	2.12602
122	[SLAMPOS]	0	90.9369	53.4212	2.15664
122	[SLAMPOS]	0	90.9362	53.4195	2.14967
122	[SLAMPOS]	0	90.9436	53.4121	2.07141
122	[SLAMPOS]	0	90.9626	53.4324	1.9997
122	[SLAMPOS]	0	90.9626	53.4324	1.9997
122	[SLAMPOS]	0	90.955	53.425	2.04413
101	[SLAMPOS]	0	90.9342	53.4269	2.1673
101	[SLAMPOS]	0	90.9342	53.4269	2.1673
101	[SLAMPOS]	0	90.9335	53.4319	2.19309
101	[SLAMPOS]	0	90.9397	53.4223	2.12312
101	[SLAMPOS]	0	90.9313	53.4103	2.17373
101	[SLAMPOS]	0	90.9298	53.4283	2.20844
101	[SLAMPOS]	0	90.9573	53.4143	2.049
101	[SLAMPOS]	0	90.9703	53.4201	1.97775
101	[SLAMPOS]	0	90.9696	53.4025	1.96902
101	[SLAMPOS]	0	90.9664	53.3842	1.97963
101	[SLAMPOS]	0	90.9689	53.4213	1.9973
101	[SLAMPOS]	0	90.9733	53.4055	1.95
101	[SLAMPOS]	0	90.9538	53.3974	2.04864
101	[SLAMPOS]	0	90.9957	53.4304	1.80895
101	[SLAMPOS]	0	91.0125	53.4499	1.73187
101	[SLAMPOS]	0	90.9614	53.4438	1.98636
101	[SLAMPOS]	0	90.973	53.4332	1.914
101	[SLAMPOS]	0	90.9933	53.4421	1.83595
101	[SLAMPOS]	0	90.9947	53.4591	1.8292
101	[SLAMPOS]	0	90.981	53.487	1.95528
101	[SLAMPOS]	0	91.0353	53.7088	1.8216
101	[SLAMPOS]	0	91.0088	53.936	1.91153
101	[SLAMPOS]	0	91.0231	54.2437	1.62556
101	[SLAMPOS]	0	91.0345	54.3254	1.43099
101	[SLAMPOS]	0	91.0345	54.3254	1.43099
101	[SLAMPOS]	0	91.0266	54.8752	1.21167
101	[SLAMPOS]	0	91.0583	55.1055	0.938848
101	[SLAMPOS]	0	91.0673	55.2381	0.824777
101	[SLAMPOS]	0	91.089	55.5056	0.634511
101	[SLAMPOS]	0	91.0828	55.6075	0.625323
101	[SLAMPOS]	0	91.0715	55.7674	0.589035
101	[SLAMPOS]	0	91.0603	55.9235	0.540495
101	[SLAMPOS]	0	91.0571	56.2304	0.524112
101	[SLAMPOS]	0	91.0356	56.7557	0.510936
101	[SLAMPOS]	0	91.0564	57.0787	0.267542
101	[SLAMPOS]	0	91.0575	57.694	0.21891
101	[SLAMPOS]	0	91.059	57.8603	0.14655
101	[SLAMPOS]	0	91.0479	58.0046	0.14259
101	[SLAMPOS]	0	91.0512	58.3134	0.107019
101	[SLAMPOS]	0	91.0666	58.6287	359.99
101	[SLAMPOS]	0	91.0423	58.7932	0.0525706
101	[SLAMPOS]	0	91.0882	59.0875	359.987
101	[SLAMPOS]	0	91.0686	59.3535	359.949
101	[SLAMPOS]	0	91.085	59.7237	359.976
101	[SLAMPOS]	0	91.1063	59.8791	359.896
101	[SLAMPOS]	0	91.0585	60.3645	359.95
101	[SLAMPOS]	0	91.0404	60.6981	0.0189067
101	[SLAMPOS]	0	91.0385	60.765	0.0600044
101	[SLAMPOS]	0	91.0638	61.0675	359.932
101	[SLAMPOS]	0	91.0551	61.3768	0.11997
101	[SLAMPOS]	0	91.0429	61.5419	0.0856391
101	[SLAMPOS]	0	91.0471	61.6541	0.108716
101	[SLAMPOS]	0	91.0497	62.0828	0.241411
101	[SLAMPOS]	0	91.0779	62.6134	0.108479
101	[SLAMPOS]	0	91.0655	62.6381	0.10461
101	[SLAMPOS]	0	91.0454	63.0982	0.0840045
101	[SLAMPOS]	0	91.0803	63.3911	0.0188377
101	[SLAMPOS]	0	91.0254	63.7181	0.171806
101	[SLAMPOS]	0	91.0698	64.0441	0.108174
101	[SLAMPOS]	0	91.0497	64.1861	0.165463
101	[SLAMPOS]	0	91.0604	64.4873	0.139696
101	[SLAMPOS]	0	91.0826	64.9301	359.987
101	[SLAMPOS]	0	90.9887	65.231	0.261063
101	[SLAMPOS]	0	91.0597	65.4925	0.026535
101	[SLAMPOS]	0	91.0145	65.6628	0.0671255
101	[SLAMPOS]	0	90.9857	66.0171	0.0698119
101	[SLAMPOS]	0	90.9878	66.5201	0.062962
101	[SLAMPOS]	0	91.0407	66.8355	359.948
101	[SLAMPOS]	0	91.0516	66.8973	359.924
101	[SLAMPOS]	0	90.9835	67.1626	0.0513173
101	[SLAMPOS]	0	90.9835	67.1626	0.0513173
101	[SLAMPOS]	0	91.0834	67.4974	359.875
101	[SLAMPOS]	0	91.0805	67.9047	359.937
101	[SLAMPOS]	0	91.0569	68.0121	0.046219
101	[SLAMPOS]	0	91.0688	68.5282	0.0125727
101	[SLAMPOS]	0	91.0279	68.8939	0.123393
101	[SLAMPOS]	0	91.0438	69.0768	0.127474
101	[SLAMPOS]	0	91.0793	69.2918	0.0498559
101	[SLAMPOS]	0	91.0704	69.5865	0.0795498
101	[SLAMPOS]	0	91.0733	69.8341	359.995
101	[SLAMPOS]	0	91.047	70.0507	359.953
101	[SLAMPOS]	0	91.0746	70.2073	359.861
101	[SLAMPOS]	0	91.0763	70.5707	359.811
101	[SLAMPOS]	0	91.0147	70.8907	0.00420082
101	[SLAMPOS]	0	90.9897	71.0566	0.0656852
101	[SLAMPOS]	0	91.0637	71.4434	359.944
101	[SLAMPOS]	0	91.0138	71.8164	359.92
101	[SLAMPOS]	0	90.9755	71.9632	0.070735
101	[SLAMPOS]	0	90.9723	72.3216	0.0131447
101	[SLAMPOS]	0	90.9965	72.8042	359.997
101	[SLAMPOS]	0	90.958	73.1239	0.0808862
101	[SLAMPOS]	0	90.9931	73.576	0.108663
101	[SLAMPOS]	0	90.9773	73.676	0.130995
101	[SLAMPOS]	0	90.9878	73.8748	0.158259
101	[SLAMPOS]	0	90.9527	74.1427	0.178219
101	[SLAMPOS]	0	91.0252	74.4001	0.116079
101	[SLAMPOS]	0	91.0167	74.5698	0.095401
101	[SLAMPOS]	0	91.0688	74.9486	0.0717714
101	[SLAMPOS]	0	91.013	75.0418	0.217752
101	[SLAMPOS]	0	91.046	75.3739	0.173492
101	[SLAMPOS]	0	91.1253	75.9425	0.0660093
101	[SLAMPOS]	0	91.1423	76.5801	0.0746321
101	[SLAMPOS]	0	91.1508	76.6863	0.00500865
101	[SLAMPOS]	0	91.1978	77.3435	359.963
101	[SLAMPOS]	0	91.0569	77.754	0.0371726
101	[SLAMPOS]	0	91.021	78.1177	0.0345868
101	[SLAMPOS]	0	91.1181	78.2598	359.929
101	[SLAMPOS]	0	91.1648	78.531	359.786
101	[SLAMPOS]	0	91.1187	79.12	359.65
101	[SLAMPOS]	0	91.1387	79.8152	359.298
101	[SLAMPOS]	0	91.1347	80.3882	359.079
101	[SLAMPOS]	0	91.2097	80.6062	358.867
101	[SLAMPOS]	0	91.1068	81.2155	358.747
101	[SLAMPOS]	0	91.1296	81.9615	358.354
101	[SLAMPOS]	0	91.0687	82.3288	358.21
101	[SLAMPOS]	0	91.0314	82.5826	358.072
101	[SLAMPOS]	0	91.0314	82.5826	358.072
101	[SLAMPOS]	0	90.9646	83.6361	357.456
101	[SLAMPOS]	0	90.9384	83.8165	357.343
101	[SLAMPOS]	0	90.9603	84.3332	356.932
101	[SLAMPOS]	0	90.9114	84.8176	356.477
101	[SLAMPOS]	0	90.9415	85.0364	356.152
101	[SLAMPOS]	0	90.8814	85.591	355.481
101	[SLAMPOS]	0	90.8195	85.8045	355.23
101	[SLAMPOS]	0	90.8711	86.2342	354.496
101	[SLAMPOS]	0	90.856	86.5604	353.807
101	[SLAMPOS]	0	90.7988	86.7026	353.621
101	[SLAMPOS]	0	90.836	86.8094	353.311
101	[SLAMPOS]	0	90.5509	87.5028	352.159
101	[SLAMPOS]	0	90.5509	87.5028	352.159
101	[SLAMPOS]	0	90.6109	88.0518	351.145
101	[SLAMPOS]	0	90.5032	88.3494	350.565
101	[SLAMPOS]	0	90.4192	88.5971	350.048
101	[SLAMPOS]	0	90.2905	88.6995	349.969
101	[SLAMPOS]	0	90.2927	88.9792	349.371
101	[SLAMPOS]	0	90.1702	89.7681	347.872
101	[SLAMPOS]	0	90.0585	90.5254	345.931
101	[SLAMPOS]	0	90.0961	90.7088	345.537
101	[SLAMPOS]	0	89.9028	91.0538	344.408
101	[SLAMPOS]	0	89.9041	91.569	342.809
101	[SLAMPOS]	0	89.8473	91.7835	342.064
101	[SLAMPOS]	0	89.6996	92.2832	340.189
101	[SLAMPOS]	0	89.543	92.5035	339.6
101	[SLAMPOS]	0	89.4587	92.5814	339.326
101	[SLAMPOS]	0	89.3625	92.9148	338.159
101	[SLAMPOS]	0	89.319	93.2387	336.83
101	[SLAMPOS]	0	89.2389	93.5614	335.477
101	[SLAMPOS]	0	89.0984	93.8308	334.447
101	[SLAMPOS]	0	88.9422	94.0437	333.099
101	[SLAMPOS]	0	88.814	94.3999	331.642
101	[SLAMPOS]	0	88.5833	94.7537	330.473
101	[SLAMPOS]	0	88.292	94.9346	328.954
101	[SLAMPOS]	0	88.2419	95.349	326.987
101	[SLAMPOS]	0	88.2419	95.349	326.987
101	[SLAMPOS]	0	87.9731	95.8355	323.689
101	[SLAMPOS]	0	87.8139	95.8766	323.061
101	[SLAMPOS]	0	87.6582	96.062	322.114
101	[SLAMPOS]	0	87.5099	96.2499	321.195
101	[SLAMPOS]	0	87.3193	96.6031	319.632
101	[SLAMPOS]	0	87.1669	96.6697	318.55
101	[SLAMPOS]	0	87.1046	96.7982	317.717
101	[SLAMPOS]	0	86.927	97.0069	316.933
101	[SLAMPOS]	0	86.7156	97.2403	315.36
101	[SLAMPOS]	0	86.4373	97.3907	314.294
101	[SLAMPOS]	0	86.4112	97.4381	313.42
101	[SLAMPOS]	0	86.2999	97.6304	312.521
101	[SLAMPOS]	0	85.9714	97.8484	310.75
101	[SLAMPOS]	0	85.8038	97.9643	309.226
101	[SLAMPOS]	0	85.6424	98.1334	308.233
101	[SLAMPOS]	0	85.4337	98.3456	306.537
101	[SLAMPOS]	0	85.3068	98.3085	306.145
101	[SLAMPOS]	0	84.7388	98.843	301.131
101	[SLAMPOS]	0	84.511	99.0546	299.273
101	[SLAMPOS]	0	83.959	99.1749	296.492
101	[SLAMPOS]	0	83.8134	99.2469	295.193
101	[SLAMPOS]	0	83.6342	99.491	292.014
101	[SLAMPOS]	0	83.486	99.5397	290.933
101	[SLAMPOS]	0	83.0818	99.7018	288.535
101	[SLAMPOS]	0	83.0818	99.7018	288.535
101	[SLAMPOS]	0	82.9787	99.7669	287.429
101	[SLAMPOS]	0	82.7476	99.8468	285.953
101	[SLAMPOS]	0	82.4152	99.9501	284.063
101	[SLAMPOS]	0	82.0871	100.082	282.803
101	[SLAMPOS]	0	81.66	100.096	281.21
101	[SLAMPOS]	0	81.3605	100.174	280.548
101	[SLAMPOS]	0	81.1713	100.157	280.109
101	[SLAMPOS]	0	80.7293	100.233	278.992
101	[SLAMPOS]	0	80.6027	100.268	278.715
101	[SLAMPOS]	0	80.5201	100.306	278.313
101	[SLAMPOS]	0	79.7227	100.424	276.258
101	[SLAMPOS]	0	79.4127	100.403	275.372
101	[SLAMPOS]	0	78.9866	100.514	273.859
101	[SLAMPOS]	0	78.7992	100.49	273.426
101	[SLAMPOS]	0	78.3201	100.458	272.494
101	[SLAMPOS]	0	78.0367	100.443	271.959
101	[SLAMPOS]	0	77.783	100.456	271.445
101	[SLAMPOS]	0	77.665	100.423	271.316
101	[SLAMPOS]	0	77.2424	100.417	270.676
101	[SLAMPOS]	0	76.9751	100.411	270.403
101	[SLAMPOS]	0	76.8725	100.42	270.302
101	[SLAMPOS]	0	76.3807	100.425	270.034
101	[SLAMPOS]	0	76.2179	100.408	269.955
101	[SLAMPOS]	0	75.7576	100.37	269.767
101	[SLAMPOS]	0	75.3395	100.286	269.547
101	[SLAMPOS]	0	75.076	100.338	269.174
101	[SLAMPOS]	0	74.7228	100.299	268.88
101	[SLAMPOS]	0	74.676	100.336	268.728
101	[SLAMPOS]	0	74.1736	100.336	268.5
101	[SLAMPOS]	0	74.1736	100.336	268.5
101	[SLAMPOS]	0	74.0592	100.348	268.407
101	[SLAMPOS]	0	73.3379	100.325	268.333
101	[SLAMPOS]	0	72.9853	100.3	268.433
101	[SLAMPOS]	0	72.5771	100.243	268.587
101	[SLAMPOS]	0	72.1956	100.22	268.67
101	[SLAMPOS]	0	71.9868	100.225	268.619
101	[SLAMPOS]	0	71.5848	100.217	268.616
101	[SLAMPOS]	0	71.1774	100.159	268.648
101	[SLAMPOS]	0	71.0577	100.165	268.67
101	[SLAMPOS]	0	70.8617	100.176	268.591
101	[SLAMPOS]	0	70.7789	100.173	268.625
101	[SLAMPOS]	0	70.7789	100.173	268.625
101	[SLAMPOS]	0	70.4867	100.165	268.645
101	[SLAMPOS]	0	70.3681	100.183	268.633
101	[SLAMPOS]	0	70.2839	100.16	268.66
101	[SLAMPOS]	0	70.3133	100.121	268.726
101	[SLAMPOS]	0	70.2997	100.148	268.678
101	[SLAMPOS]	0	70.2473	100.184	268.597
101	[SLAMPOS]	0	70.2652	100.16	268.676
101	[SLAMPOS]	0	70.2382	100.181	268.635
101	[SLAMPOS]	0	70.2751	100.155	268.67
101	[SLAMPOS]	0	70.2777	100.156	268.639
101	[SLAMPOS]	0	70.2837	100.148	268.662
100	[SLAMPOS]	0	70.2805	100.141	268.664
100	[SLAMPOS]	0	70.3088	100.118	268.739
100	[SLAMPOS]	0	70.3094	100.127	268.711
100	[SLAMPOS]	0	70.3359	100.095	268.778
100	[SLAMPOS]	0	70.294	100.153	268.638
100	[SLAMPOS]	0	70.2727	100.157	268.622
100	[SLAMPOS]	0	70.2253	100.206	268.549
100	[SLAMPOS]	0	70.2378	100.195	268.587
100	[SLAMPOS]	0	70.2614	100.157	268.644
100	[SLAMPOS]	0	70.2401	100.15	268.66
100	[SLAMPOS]	0	70.2122	100.17	268.595
100	[SLAMPOS]	0	70.1075	100.22	268.51
100	[SLAMPOS]	0	70.1084	100.146	268.667
100	[SLAMPOS]	0	70.0605	100.14	268.68
100	[SLAMPOS]	0	69.9365	100.162	268.631
100	[SLAMPOS]	0	69.7482	100.169	268.628
100	[SLAMPOS]	0	69.5471	100.152	268.684
100	[SLAMPOS]	0	69.3485	100.149	268.765
100	[SLAMPOS]	0	69.2411	100.157	268.716
100	[SLAMPOS]	0	68.9331	100.126	268.849
100	[SLAMPOS]	0	68.8545	100.127	268.849
100	[SLAMPOS]	0	68.7092	100.159	268.852
100	[SLAMPOS]	0	68.2676	100.139	268.885
100	[SLAMPOS]	0	67.8964	100.158	268.882
100	[SLAMPOS]	0	67.615	100.144	268.985
100	[SLAMPOS]	0	67.3328	100.12	269.028
100	[SLAMPOS]	0	67.1303	100.132	269.062
100	[SLAMPOS]	0	66.7469	100.135	269.05
100	[SLAMPOS]	0	65.9723	100.096	269.232
100	[SLAMPOS]	0	65.9723	100.096	269.232
100	[SLAMPOS]	0	65.8399	100.066	269.254
100	[SLAMPOS]	0	65.1842	100.118	269.288
100	[SLAMPOS]	0	64.2171	100.089	269.364
100	[SLAMPOS]	0	63.506	100.016	269.591
100	[SLAMPOS]	0	63.3503	100.041	269.54
100	[SLAMPOS]	0	63.1419	100.057	269.501
100	[SLAMPOS]	0	62.8285	100.044	269.595
100	[SLAMPOS]	0	62.399	100.017	269.584
100	[SLAMPOS]	0	61.8378	100.001	269.617
100	[SLAMPOS]	0	61.4334	99.991	269.695
100	[SLAMPOS]	0	61.2064	100.054	269.602
100	[SLAMPOS]	0	60.8518	100.009	269.801
100	[SLAMPOS]	0	60.4314	100.048	269.801
100	[SLAMPOS]	0	59.9189	99.9812	269.944
100	[SLAMPOS]	0	59.4174	100.006	270.013
100	[SLAMPOS]	0	58.5581	99.9545	270.231
100	[SLAMPOS]	0	58.4335	99.9438	270.321
100	[SLAMPOS]	0	57.9877	99.9698	270.273
100	[SLAMPOS]	0	57.1197	99.9211	270.444
100	[SLAMPOS]	0	56.5659	100.011	270.382
100	[SLAMPOS]	0	56.2613	100.001	270.356
100	[SLAMPOS]	0	55.6688	99.9833	270.357
100	[SLAMPOS]	0	55.1236	100.043	270.38
100	[SLAMPOS]	0	54.9124	100.013	270.402
100	[SLAMPOS]	0	53.8817	100.008	270.232
100	[SLAMPOS]	0	53.027	99.9618	270.151
100	[SLAMPOS]	0	52.8403	99.88	270.362
100	[SLAMPOS]	0	51.9425	99.9296	270.137
100	[SLAMPOS]	0	51.2855	99.9995	269.77
100	[SLAMPOS]	0	50.6775	99.9234	269.832
100	[SLAMPOS]	0	50.2919	99.9554	269.723
100	[SLAMPOS]	0	49.7086	99.9681	269.576
100	[SLAMPOS]	0	49.079	99.8865	269.632
100	[SLAMPOS]	0	48.8579	99.7759	269.738
100	[SLAMPOS]	0	48.2764	99.7513	269.644
100	[SLAMPOS]	0	47.521	99.9209	269.224
100	[SLAMPOS]	0	46.8599	99.8486	269.276
100	[SLAMPOS]	0	46.1512	99.8707	269.077
100	[SLAMPOS]	0	45.4423	99.856	268.983
100	[SLAMPOS]	0	45.1261	99.8583	268.853
100	[SLAMPOS]	0	44.4023	99.8514	268.669
100	[SLAMPOS]	0	44.0765	99.8555	268.61
100	[SLAMPOS]	0	43.2051	99.7316	268.558
100	[SLAMPOS]	0	42.8789	99.824	268.3
100	[SLAMPOS]	0	42.0412	99.794	268.16
100	[SLAMPOS]	0	41.6594	99.7226	268.268
100	[SLAMPOS]	0	41.4146	99.6988	268.21
100	[SLAMPOS]	0	41.0754	99.7071	268.082
100	[SLAMPOS]	0	40.8629	99.756	267.897
100	[SLAMPOS]	0	40.5211	99.711	267.867
100	[SLAMPOS]	0	39.9367	99.642	267.87
100	[SLAMPOS]	0	39.3337	99.6495	267.842
100	[SLAMPOS]	0	38.8267	99.5444	267.884
100	[SLAMPOS]	0	37.9927	99.5093	267.926
100	[SLAMPOS]	0	37.5854	99.5531	267.814
100	[SLAMPOS]	0	37.4682	99.5709	267.789
100	[SLAMPOS]	0	37.3188	99.5235	267.838
100	[SLAMPOS]	0	36.5575	99.5006	267.896
100	[SLAMPOS]	0	35.9702	99.4964	267.88
100	[SLAMPOS]	0	35.6466	99.4401	267.764
100	[SLAMPOS]	0	35.3762	99.4882	267.671
100	[SLAMPOS]	0	34.9128	99.4465	267.85
100	[SLAMPOS]	0	34.3852	99.4652	267.787
100	[SLAMPOS]	0	34.0237	99.3551	268.02
100	[SLAMPOS]	0	33.1539	99.3326	268.042
100	[SLAMPOS]	0	32.7572	99.3615	268.09
100	[SLAMPOS]	0	32.2431	99.312	268.077
100	[SLAMPOS]	0	31.8936	99.2254	268.275
100	[SLAMPOS]	0	31.4776	99.2755	268.214
100	[SLAMPOS]	0	30.7523	99.2618	268.009
100	[SLAMPOS]	0	30.5781	99.2327	268.04
100	[SLAMPOS]	0	30.2926	99.2561	268.007
100	[SLAMPOS]	0	29.9363	99.2381	268.055
100	[SLAMPOS]	0	29.5956	99.265	267.874
100	[SLAMPOS]	0	28.9964	99.1948	267.954
100	[SLAMPOS]	0	28.6665	99.1983	267.916
100	[SLAMPOS]	0	28.0119	99.1365	267.864
100	[SLAMPOS]	0	27.4154	99.0758	267.907
100	[SLAMPOS]	0	27.4154	99.0758	267.907
100	[SLAMPOS]	0	27.1682	99.1314	267.638
100	[SLAMPOS]	0	26.5983	99.0243	267.609
100	[SLAMPOS]	0	26.1616	98.9841	267.445
100	[SLAMPOS]	0	25.8867	98.9286	267.454
100	[SLAMPOS]	0	25.0167	98.9383	267.032
100	[SLAMPOS]	0	24.6101	98.8596	266.88
100	[SLAMPOS]	0	24.0661	98.9464	266.409
100	[SLAMPOS]	0	23.8393	98.8653	266.277
100	[SLAMPOS]	0	23.6988	98.8409	266.272
100	[SLAMPOS]	0	23.4328	98.8081	266.213
100	[SLAMPOS]	0	22.1622	98.7317	265.715
100	[SLAMPOS]	0	21.6962	98.7033	265.38
100	[SLAMPOS]	0	20.9761	98.6084	265.028
100	[SLAMPOS]	0	20.166	98.6205	264.452
100	[SLAMPOS]	0	19.6481	98.4883	264.37
100	[SLAMPOS]	0	19.2845	98.5152	264.031
100	[SLAMPOS]	0	19.1664	98.4237	264.186
100	[SLAMPOS]	0	18.6302	98.4566	263.695
100	[SLAMPOS]	0	18.1056	98.4407	263.421
100	[SLAMPOS]	0	17.6106	98.352	263.175
100	[SLAMPOS]	0	17.4431	98.3183	263.063
100	[SLAMPOS]	0	16.9468	98.27	262.794
100	[SLAMPOS]	0	16.8147	98.1981	262.741
100	[SLAMPOS]	0	16.2994	98.1017	262.485
100	[SLAMPOS]	0	15.9265	98.0455	262.323
100	[SLAMPOS]	0	15.5302	97.95	262.111
100	[SLAMPOS]	0	15.0629	97.9009	261.631
100	[SLAMPOS]	0	14.6563	97.8539	261.404
100	[SLAMPOS]	0	14.2637	97.7925	261.147
100	[SLAMPOS]	0	13.9672	97.7997	260.885
100	[SLAMPOS]	0	13.3042	97.6169	260.801
100	[SLAMPOS]	0	13.2189	97.6087	260.724
100	[SLAMPOS]	0	13.0266	97.6097	260.568
100	[SLAMPOS]	0	12.7856	97.587	260.33
100	[SLAMPOS]	0	12.5525	97.5228	260.306
100	[SLAMPOS]	0	12.2637	97.4393	260.042
100	[SLAMPOS]	0	11.7984	97.364	259.71
100	[SLAMPOS]	0	11.4795	97.3132	259.451
100	[SLAMPOS]	0	10.9888	97.1573	259.048
100	[SLAMPOS]	0	10.3585	97.14	258.265
100	[SLAMPOS]	0	10.062	96.947	258.231
100	[SLAMPOS]	0	9.43132	96.8986	257.612
100	[SLAMPOS]	0	9.2071	96.8208	257.472
100	[SLAMPOS]	0	8.94669	96.725	257.343
100	[SLAMPOS]	0	8.58063	96.6468	256.896
100	[SLAMPOS]	0	8.24797	96.4868	256.611
100	[SLAMPOS]	0	7.89508	96.5163	255.871
100	[SLAMPOS]	0	7.40801	96.4044	255.167
100	[SLAMPOS]	0	7.3292	96.3369	255.001
100	[SLAMPOS]	0	7.0655	96.2768	254.469
100	[SLAMPOS]	0	7.0655	96.2768	254.469
100	[SLAMPOS]	0	6.74063	96.0859	253.955
100	[SLAMPOS]	0	6.31426	96.0043	253.12
100	[SLAMPOS]	0	5.99768	95.9138	252.471
100	[SLAMPOS]	0	5.75711	95.918	251.877
100	[SLAMPOS]	0	5.08665	95.7351	250.493
100	[SLAMPOS]	0	4.67207	95.5705	249.583
100	[SLAMPOS]	0	4.54886	95.5814	249.105
100	[SLAMPOS]	0	3.83826	95.2554	246.724
100	[SLAMPOS]	0	3.74462	95.006	245.85
100	[SLAMPOS]	0	3.60743	94.7946	245.053
100	[SLAMPOS]	0	3.1864	94.8584	243.581
100	[SLAMPOS]	0	2.89849	94.7429	242.708
100	[SLAMPOS]	0	2.77625	94.6583	241.854
100	[SLAMPOS]	0	2.38119	94.4545	240.362
100	[SLAMPOS]	0	2.06309	94.182	239.382
100	[SLAMPOS]	0	1.79465	94.0689	237.895
100	[SLAMPOS]	0	1.66314	94.1047	237.154
100	[SLAMPOS]	0	1.43196	93.7459	235.79
100	[SLAMPOS]	0	1.22541	93.7644	234.035
100	[SLAMPOS]	0	1.0539	93.7275	233.21
100	[SLAMPOS]	0	0.754679	93.446	231.425
100	[SLAMPOS]	0	0.754679	93.446	231.425
100	[SLAMPOS]	0	0.112482	92.9346	227.307
100	[SLAMPOS]	0	-0.0476075	92.8394	226.556
100	[SLAMPOS]	0	-0.128467	92.734	226.146
100	[SLAMPOS]	0	-0.585837	92.285	222.748
100	[SLAMPOS]	0	-0.851413	91.9243	221.095
100	[SLAMPOS]	0	-0.988131	91.7216	219.553
100	[SLAMPOS]	0	-1.14152	91.5205	218.402
100	[SLAMPOS]	0	-1.21922	91.4278	217.851
100	[SLAMPOS]	0	-1.38045	91.3028	216.668
100	[SLAMPOS]	0	-1.53237	91.0003	215.182
100	[SLAMPOS]	0	-1.65645	90.8282	214.051
100	[SLAMPOS]	0	-1.85471	90.5485	211.777
100	[SLAMPOS]	0	-2.07355	90.176	209.529
100	[SLAMPOS]	0	-2.20416	89.9232	208.437
100	[SLAMPOS]	0	-2.37185	89.5215	206.008
100	[SLAMPOS]	0	-2.72399	88.9849	202.308
100	[SLAMPOS]	0	-2.80178	88.7128	200.717
100	[SLAMPOS]	0	-2.89277	88.4595	200.034
100	[SLAMPOS]	0	-3.06459	87.8509	197.641
100	[SLAMPOS]	0	-3.19037	87.6053	196.56
100	[SLAMPOS]	0	-3.19037	87.6053	196.56
100	[SLAMPOS]	0	-3.44831	86.8233	192.604
100	[SLAMPOS]	0	-3.51265	86.1633	190.167
100	[SLAMPOS]	0	-3.60134	85.9148	188.904
100	[SLAMPOS]	0	-3.73452	85.3073	186.422
100	[SLAMPOS]	0	-3.73561	85.1716	186.042
100	[SLAMPOS]	0	-3.75941	84.8469	185.038
100	[SLAMPOS]	0	-3.80985	84.2004	183.371
100	[SLAMPOS]	0	-3.71989	84.1033	182.847
100	[SLAMPOS]	0	-3.69334	83.7857	182.317
100	[SLAMPOS]	0	-3.74589	83.6305	182.075
100	[SLAMPOS]	0	-3.66209	83.5213	182.071
100	[SLAMPOS]	0	-3.69074	82.5751	180.908
100	[SLAMPOS]	0	-3.72753	82.2746	180.392
100	[SLAMPOS]	0	-3.72894	81.7884	179.382
100	[SLAMPOS]	0	-3.74825	81.3832	178.924
100	[SLAMPOS]	0	-3.8129	81.0583	178.44
100	[SLAMPOS]	0	-3.76761	80.7083	178.266
100	[SLAMPOS]	0	-3.71959	80.2211	178.118
100	[SLAMPOS]	0	-3.70005	79.6508	177.936
100	[SLAMPOS]	0	-3.67955	79.4072	177.82
100	[SLAMPOS]	0	-3.61266	78.8487	178.02
100	[SLAMPOS]	0	-3.79693	78.0325	177.836
100	[SLAMPOS]	0	-3.8107	77.8988	177.858
100	[SLAMPOS]	0	-3.69507	77.5181	177.996
100	[SLAMPOS]	0	-3.67332	77.1817	178.036
100	[SLAMPOS]	0	-3.66518	76.7337	177.976
100	[SLAMPOS]	0	-3.59087	76.4941	178.018
100	[SLAMPOS]	0	-3.73471	76.0472	177.841
100	[SLAMPOS]	0	-3.61741	75.28	177.918
100	[SLAMPOS]	0	-3.66228	74.6875	177.689
100	[SLAMPOS]	0	-3.65879	74.594	177.789
100	[SLAMPOS]	0	-3.67235	74.4315	177.772
100	[SLAMPOS]	0	-3.6535	74.1746	177.654
100	[SLAMPOS]	0	-3.57536	73.2592	177.458
100	[SLAMPOS]	0	-3.54815	72.6885	177.51
100	[SLAMPOS]	0	-3.5266	72.3098	177.374
100	[SLAMPOS]	0	-3.4746	72.03	177.351
100	[SLAMPOS]	0	-3.44288	71.7459	177.352
100	[SLAMPOS]	0	-3.37404	71.1937	177.355
100	[SLAMPOS]	0	-3.31546	70.5058	177.308
100	[SLAMPOS]	0	-3.32808	70.0212	177.124
100	[SLAMPOS]	0	-3.30136	69.7944	177.087
100	[SLAMPOS]	0	-3.30136	69.7944	177.087
100	[SLAMPOS]	0	-3.44354	69.3925	176.792
100	[SLAMPOS]	0	-3.43593	68.9138	176.743
100	[SLAMPOS]	0	-3.29689	67.8644	176.759
100	[SLAMPOS]	0	-3.34281	67.5852	176.597
100	[SLAMPOS]	0	-3.26715	67.0341	176.714
100	[SLAMPOS]	0	-3.27514	66.7427	176.579
100	[SLAMPOS]	0	-3.26387	66.24	176.503
100	[SLAMPOS]	0	-3.24594	65.8195	176.532
100	[SLAMPOS]	0	-3.27241	65.044	176.296
100	[SLAMPOS]	0	-3.18113	64.6839	176.379
100	[SLAMPOS]	0	-3.18113	64.6839	176.379
100	[SLAMPOS]	0	-3.12048	63.5496	176.719
100	[SLAMPOS]	0	-3.07348	63.1632	176.704
100	[SLAMPOS]	0	-3.13972	62.9358	176.617
100	[SLAMPOS]	0	-3.07444	62.7299	176.81
100	[SLAMPOS]	0	-3.07563	62.2349	176.869
100	[SLAMPOS]	0	-3.05742	61.5237	177.179
100	[SLAMPOS]	0	-2.97255	61.4175	177.309
100	[SLAMPOS]	0	-2.99212	60.7635	177.284
100	[SLAMPOS]	0	-2.9399	60.6416	177.322
100	[SLAMPOS]	0	-3.05342	60.4331	177.272
100	[SLAMPOS]	0	-3.05153	59.6153	177.273
100	[SLAMPOS]	0	-3.12748	58.8973	176.996
100	[SLAMPOS]	0	-3.0381	58.6617	177.166
100	[SLAMPOS]	0	-2.97778	58.2246	177.187
100	[SLAMPOS]	0	-2.96358	57.6087	177.184
100	[SLAMPOS]	0	-2.90978	56.9947	177.228
100	[SLAMPOS]	0	-2.82278	56.5337	177.293
100	[SLAMPOS]	0	-2.72464	56.3209	177.446
100	[SLAMPOS]	0	-2.7006	56.0883	177.382
100	[SLAMPOS]	0	-2.70695	55.8326	177.35
100	[SLAMPOS]	0	-2.85723	55.107	176.952
100	[SLAMPOS]	0	-2.88363	54.4959	176.959
100	[SLAMPOS]	0	-2.83505	54.2666	177.09
100	[SLAMPOS]	0	-2.81656	53.0504	177.029
100	[SLAMPOS]	0	-2.73205	52.5296	177.164
100	[SLAMPOS]	0	-2.78153	52.0426	177.001
100	[SLAMPOS]	0	-2.67337	51.7915	177.131
100	[SLAMPOS]	0	-2.61641	51.1565	177.355
100	[SLAMPOS]	0	-2.61337	50.6043	177.354
100	[SLAMPOS]	0	-2.61103	49.8351	177.426
100	[SLAMPOS]	0	-2.61103	49.8351	177.426
100	[SLAMPOS]	0	-2.55947	48.6716	177.53
100	[SLAMPOS]	0	-2.56743	47.8933	177.578
100	[SLAMPOS]	0	-2.6236	46.9617	177.501
100	[SLAMPOS]	0	-2.52535	46.0216	177.712
100	[SLAMPOS]	0	-2.4739	45.6998	177.73
100	[SLAMPOS]	0	-2.48283	45.4117	177.712
100	[SLAMPOS]	0	-2.49119	45.1857	177.771
100	[SLAMPOS]	0	-2.38752	44.9193	177.886
100	[SLAMPOS]	0	-2.3397	44.3511	177.809
100	[SLAMPOS]	0	-2.28667	43.8279	177.99
100	[SLAMPOS]	0	-2.31435	43.5778	177.921
100	[SLAMPOS]	0	-2.24515	42.8903	178.001
100	[SLAMPOS]	0	-2.31425	42.2469	177.833
100	[SLAMPOS]	0	-2.22633	41.7536	177.955
100	[SLAMPOS]	0	-2.17266	41.4412	178.066
100	[SLAMPOS]	0	-2.28484	41.0811	177.855
100	[SLAMPOS]	0	-2.04489	39.9982	178.06
100	[SLAMPOS]	0	-2.08801	39.2694	177.916
100	[SLAMPOS]	0	-2.03433	38.3196	177.985
100	[SLAMPOS]	0	-2.03433	38.3196	177.985
100	[SLAMPOS]	0	-2.06703	37.9612	177.888
100	[SLAMPOS]	0	-2.03469	37.3116	177.845
100	[SLAMPOS]	0	-2.04834	36.4232	177.616
100	[SLAMPOS]	0	-2.0131	36.0436	177.571
100	[SLAMPOS]	0	-2.14656	35.2051	177.106
100	[SLAMPOS]	0	-2.10799	34.9236	177.046
100	[SLAMPOS]	0	-2.00526	34.1342	176.949
100	[SLAMPOS]	0	-1.99422	33.7011	176.957
100	[SLAMPOS]	0	-1.98211	33.2838	176.97
100	[SLAMPOS]	0	-1.91427	32.7948	176.875
100	[SLAMPOS]	0	-1.83396	32.1907	176.824
100	[SLAMPOS]	0	-1.78248	31.1603	176.726
100	[SLAMPOS]	0	-1.78248	31.1603	176.726
100	[SLAMPOS]	0	-1.69087	30.3034	176.945
100	[SLAMPOS]	0	-1.65396	30.2291	177.022
100	[SLAMPOS]	0	-1.68413	29.5065	177.108
100	[SLAMPOS]	0	-1.66969	29.249	177.248
100	[SLAMPOS]	0	-1.70706	28.8613	177.123
100	[SLAMPOS]	0	-1.63101	28.1331	177.197
100	[SLAMPOS]	0	-1.5257	26.9637	177.303
100	[SLAMPOS]	0	-1.47709	26.3049	177.465
100	[SLAMPOS]	0	-1.48865	25.5386	177.375
100	[SLAMPOS]	0	-1.53444	25.3708	177.239
100	[SLAMPOS]	0	-1.51187	24.4137	177.244
100	[SLAMPOS]	0	-1.56463	24.142	177.067
100	[SLAMPOS]	0	-1.50602	23.7918	176.915
100	[SLAMPOS]	0	-1.4651	23.117	176.929
100	[SLAMPOS]	0	-1.47438	22.7653	176.802
100	[SLAMPOS]	0	-1.48526	22.682	176.805
100	[SLAMPOS]	0	-1.51068	21.6264	176.486
100	[SLAMPOS]	0	-1.50058	21.4045	176.485
100	[SLAMPOS]	0	-1.48857	21.0551	176.531
100	[SLAMPOS]	0	-1.45156	20.4786	176.483
100	[SLAMPOS]	0	-1.43741	19.9043	176.548
100	[SLAMPOS]	0	-1.42408	19.4502	176.416
100	[SLAMPOS]	0	-1.35498	18.8217	176.446
100	[SLAMPOS]	0	-1.24594	17.9626	176.421
100	[SLAMPOS]	0	-1.26566	17.5366	176.216
100	[SLAMPOS]	0	-1.20207	17.0982	176.224
100	[SLAMPOS]	0	-1.22715	16.7371	176.029
100	[SLAMPOS]	0	-1.14168	15.826	176.233
100	[SLAMPOS]	0	-1.14305	15.1475	176.269
100	[SLAMPOS]	0	-1.24062	14.7688	175.833
100	[SLAMPOS]	0	-1.19166	14.1498	175.853
100	[SLAMPOS]	0	-1.14226	13.969	175.923
100	[SLAMPOS]	0	-1.08941	13.5111	176.056
100	[SLAMPOS]	0	-1.06419	13.3863	176.154
100	[SLAMPOS]	0	-1.00291	13.2667	176.301
100	[SLAMPOS]	0	-1.04956	13.2905	176.127
100	[SLAMPOS]	0	-1.04956	13.2905	176.127
100	[SLAMPOS]	0	-1.04825	13.2902	176.052
100	[SLAMPOS]	0	-1.07402	13.2906	176.038
100	[SLAMPOS]	0	-0.959363	13.267	176.316
100	[SLAMPOS]	0	-1.04885	13.2739	176.128
100	[SLAMPOS]	0	-0.96451	13.1512	176.311
100	[SLAMPOS]	0	-0.903632	13.14	176.392
100	[SLAMPOS]	0	-0.905608	13.0647	176.454
100	[SLAMPOS]	0	-0.895514	12.9997	176.4
100	[SLAMPOS]	0	-0.891491	13.0309	176.456
100	[SLAMPOS]	0	-0.903447	13.0717	176.403
100	[SLAMPOS]	0	-0.924739	13.0852	176.281
100	[SLAMPOS]	0	-0.885353	13.0793	176.448
100	[SLAMPOS]	0	-0.87919	13.0699	176.497
100	[SLAMPOS]	0	-0.874161	13.0849	176.514
100	[SLAMPOS]	0	-0.882068	13.0806	176.446
100	[SLAMPOS]	0	-0.939679	13.1699	176.278
100	[SLAMPOS]	0	-1.07807	13.3267	175.882
100	[SLAMPOS]	0	-1.10295	13.363	175.851
100	[SLAMPOS]	0	-1.0492	13.2867	175.989
100	[SLAMPOS]	0	-1.08045	13.3369	175.97
100	[SLAMPOS]	0	-0.967898	13.266	176.294
100	[SLAMPOS]	0	-0.990378	13.248	176.197
100	[SLAMPOS]	0	-0.953063	13.197	176.284
