0	[SLAMPOS]	0	0.000	0.000	0	249.595	0	0	
0	[SLAMPOS]	0	0.000	0.000	0	249.595	0	0	
0	[SLAMPOS]	0	0.000	0.000	0	249.595	0	0	
0	[SLAMPOS]	0	0.000	0.000	0	249.596	0	0	
0	[SLAMPOS]	0	0.000	0.000	0	249.598	0	0	
0	[SLAMPOS]	0	0.000	0.000	0	249.598	0	0	
0	[SLAMPOS]	0	0.000	0.000	0	249.604	0	0	
0	[SLAMPOS]	0	0.000	0.000	0	249.604	0	0	
0	[SLAMPOS]	0	0.000	0.000	0	249.604	0	0	
0	[SLAMPOS]	0	0.000	0.000	0	249.604	0	0	
0	[SLAMPOS]	0	0.000	0.000	0	249.604	0	0	
0	[SLAMPOS]	0	0.000	0.000	0	249.608	0	0	
0	[SLAMPOS]	0	0.000	0.000	0	249.608	0	0	
0	[SLAMPOS]	0	0.000	0.000	0	249.606	0	0	
0	[SLAMPOS]	0	0.000	0.000	0	249.606	0	0	
0	[SLAMPOS]	0	0.000	0.000	0	249.606	0	0	
0	[SLAMPOS]	0	0.000	0.000	0	249.606	0	0	
0	[SLAMPOS]	0	0.000	0.000	0	249.606	0	0	
0	[SLAMPOS]	0	0.000	0.000	0	249.604	0	0	
0	[SLAMPOS]	0	0.000	0.000	0	249.604	0	0	
0	[SLAMPOS]	0	0.000	0.000	0	249.605	0	0	
0	[SLAMPOS]	0	0.000	0.000	0	249.603	0	0	
0	[SLAMPOS]	0	0.000	0.000	0	249.603	0	0	
0	[SLAMPOS]	0	0.000	0.000	0	249.604	0	0	
0	[SLAMPOS]	0	0.000	0.000	0	249.604	0	0	
0	[SLAMPOS]	0	0.000	0.000	0	249.602	0	0	
0	[SLAMPOS]	0	0.000	0.000	0	249.602	0	0	
0	[SLAMPOS]	0	0.000	0.000	0	249.602	0	0	
0	[SLAMPOS]	0	0.000	0.000	0	249.596	0	0	
0	[SLAMPOS]	0	0.000	0.000	0	249.596	0	0	
0	[SLAMPOS]	0	0.000	0.000	0	249.598	0	0	
0	[SLAMPOS]	0	0.000	0.000	0	249.597	0	0	
0	[SLAMPOS]	0	0.000	0.000	0	249.597	0	0	
0	[SLAMPOS]	0	0.000	0.000	0	249.595	0	0	
0	[SLAMPOS]	0	0.000	0.000	0	249.595	0	0	
0	[SLAMPOS]	0	0.000	0.000	0	249.596	0	0	
0	[SLAMPOS]	0	0.000	0.000	0	249.595	0	0	
0	[SLAMPOS]	0	0.000	0.000	0	249.595	0	0	
0	[SLAMPOS]	0	0.000	0.000	0	249.600	0	0	
0	[SLAMPOS]	0	0.000	0.000	0	249.600	0	0	
0	[SLAMPOS]	0	0.000	0.000	0	249.600	0	0	
0	[SLAMPOS]	0	0.000	0.000	0	249.599	0	0	
0	[SLAMPOS]	0	0.000	0.000	0	249.599	0	0	
0	[SLAMPOS]	0	0.000	0.000	0	249.597	0	0	
0	[SLAMPOS]	0	0.000	0.000	0	249.597	0	0	
0	[SLAMPOS]	0	0.000	0.000	0	249.599	0	0	
0	[SLAMPOS]	0	0.000	0.000	0	249.603	0	0	
0	[SLAMPOS]	0	0.000	0.000	0	249.603	0	0	
0	[SLAMPOS]	0	0.000	0.000	0	249.605	0	0	
0	[SLAMPOS]	0	0.000	0.000	0	249.605	0	0	
0	[SLAMPOS]	0	0.000	0.000	0	249.598	0	0	
0	[SLAMPOS]	0	0.000	0.000	0	249.598	0	0	
0	[SLAMPOS]	0	0.000	0.000	0	249.595	0	0	
0	[SLAMPOS]	0	0.000	0.000	0	249.596	0	0	
0	[SLAMPOS]	0	0.000	0.000	0	249.596	0	0	
0	[SLAMPOS]	0	0.000	0.000	0	249.601	0	0	
0	[SLAMPOS]	0	0.000	0.000	0	249.601	0	0	
0	[SLAMPOS]	0	0.000	0.000	0	249.600	0	0	
0	[SLAMPOS]	0	0.000	0.000	0	249.603	0	0	
0	[SLAMPOS]	0	0.000	0.000	0	249.603	0	0	
0	[SLAMPOS]	0	0.000	0.000	0	249.612	0	0	
0	[SLAMPOS]	0	0.000	0.000	0	249.612	0	0	
0	[SLAMPOS]	0	0.000	0.000	0	249.618	0	0	
0	[SLAMPOS]	0	0.000	0.000	0	249.629	0	0	
0	[SLAMPOS]	0	0.000	0.000	0	249.629	0	0	
0	[SLAMPOS]	0	0.000	0.000	0	249.658	0	0	
0	[SLAMPOS]	0	0.000	0.000	0	249.658	0	0	
0	[SLAMPOS]	0	0.000	0.000	0	249.678	0	0	
0	[SLAMPOS]	0	0.000	0.000	0	249.701	0	0	
0	[SLAMPOS]	0	0.000	0.000	0	249.701	0	0	
0	[SLAMPOS]	0	0.000	0.000	0	249.766	0	0	
0	[SLAMPOS]	0	0.000	0.000	0	249.766	0	0	
0	[SLAMPOS]	0	0.000	0.000	0	249.806	0	0	
0	[SLAMPOS]	0	0.000	0.000	0	249.855	0	0	
0	[SLAMPOS]	0	0.000	0.000	0	249.855	0	0	
0	[SLAMPOS]	0	0.000	0.000	0	249.979	0	0	
0	[SLAMPOS]	0	0.000	0.000	0	249.979	0	0	
0	[SLAMPOS]	0	0.000	0.000	0	250.053	0	0	
0	[SLAMPOS]	0	0.000	0.000	0	250.135	0	0	
0	[SLAMPOS]	0	0.000	0.000	0	250.228	0	0	
0	[SLAMPOS]	0	0.000	0.000	0	250.326	0	0	
0	[SLAMPOS]	0	0.000	0.000	0	250.326	0	0	
0	[SLAMPOS]	0	0.000	0.000	0	250.433	0	0	
0	[SLAMPOS]	0	0.000	0.000	0	250.543	0	0	
0	[SLAMPOS]	0	0.000	0.000	0	250.655	0	0	
0	[SLAMPOS]	0	0.000	0.000	0	250.778	0	0	
0	[SLAMPOS]	0	0.000	0.000	0	250.778	0	0	
0	[SLAMPOS]	0	0.000	0.000	0	251.032	0	0	
0	[SLAMPOS]	0	0.000	0.000	0	251.032	0	0	
0	[SLAMPOS]	0	0.000	0.000	0	251.161	0	0	
0	[SLAMPOS]	0	0.000	0.000	0	251.290	0	0	
0	[SLAMPOS]	0	0.000	0.000	0	251.290	0	0	
0	[SLAMPOS]	0	0.000	0.000	0	251.577	0	0	
0	[SLAMPOS]	0	0.000	0.000	0	251.577	0	0	
0	[SLAMPOS]	0	0.000	0.000	0	251.726	0	0	
0	[SLAMPOS]	0	0.000	0.000	0	251.881	0	0	
0	[SLAMPOS]	0	0.000	0.000	0	251.881	0	0	
0	[SLAMPOS]	0	0.000	0.000	0	252.193	0	0	
0	[SLAMPOS]	0	0.000	0.000	0	252.193	0	0	
0	[SLAMPOS]	0	0.000	0.000	0	252.354	0	0	
0	[SLAMPOS]	0	0.000	0.000	0	252.526	0	0	
0	[SLAMPOS]	0	0.000	0.000	0	252.526	0	0	
0	[SLAMPOS]	0	0.000	0.000	0	252.878	0	0	
0	[SLAMPOS]	0	0.000	0.000	0	252.878	0	0	
0	[SLAMPOS]	0	0.000	0.000	0	253.054	0	0	
0	[SLAMPOS]	0	0.000	0.000	0	253.223	0	0	
0	[SLAMPOS]	0	0.000	0.000	0	253.223	0	0	
0	[SLAMPOS]	0	0.000	0.000	0	253.555	0	0	
0	[SLAMPOS]	0	0.000	0.000	0	253.555	0	0	
0	[SLAMPOS]	0	0.000	0.000	0	253.723	0	0	
0	[SLAMPOS]	0	0.000	0.000	0	253.897	0	0	
0	[SLAMPOS]	0	0.000	0.000	0	254.071	0	0	
0	[SLAMPOS]	0	0.000	0.000	0	254.247	0	0	
0	[SLAMPOS]	0	0.000	0.000	0	254.247	0	0	
0	[SLAMPOS]	0	0.000	0.000	0	254.586	0	0	
0	[SLAMPOS]	0	0.000	0.000	0	254.586	0	0	
0	[SLAMPOS]	0	0.000	0.000	0	254.750	0	0	
0	[SLAMPOS]	0	0.000	0.000	0	254.918	0	0	
0	[SLAMPOS]	0	0.000	0.000	0	254.918	0	0	
0	[SLAMPOS]	0	0.000	0.000	0	255.078	0	0	
0	[SLAMPOS]	0	0.000	0.000	0	255.237	0	0	
0	[SLAMPOS]	0	0.000	0.000	0	255.237	0	0	
0	[SLAMPOS]	0	0.000	0.000	0	255.537	0	0	
0	[SLAMPOS]	0	0.000	0.000	0	255.537	0	0	
0	[SLAMPOS]	0	0.000	0.000	0	255.677	0	0	
0	[SLAMPOS]	0	0.000	0.000	0	255.807	0	0	
0	[SLAMPOS]	0	0.000	0.000	0	255.932	0	0	
0	[SLAMPOS]	0	0.000	0.000	0	256.047	0	0	
0	[SLAMPOS]	0	0.000	0.000	0	256.047	0	0	
0	[SLAMPOS]	0	0.000	0.000	0	256.160	0	0	
0	[SLAMPOS]	0	0.000	0.000	0	256.272	0	0	
0	[SLAMPOS]	0	0.000	0.000	0	256.384	0	0	
0	[SLAMPOS]	0	0.000	0.000	0	256.492	0	0	
0	[SLAMPOS]	0	0.000	0.000	0	256.492	0	0	
0	[SLAMPOS]	0	0.000	0.000	0	256.677	0	0	
0	[SLAMPOS]	0	0.000	0.000	0	256.677	0	0	
0	[SLAMPOS]	0	0.000	0.000	0	256.744	0	0	
0	[SLAMPOS]	0	0.000	0.000	0	256.786	0	0	
0	[SLAMPOS]	0	0.000	0.000	0	256.786	0	0	
0	[SLAMPOS]	0	0.000	0.000	0	256.765	0	0	
0	[SLAMPOS]	0	0.000	0.000	0	256.765	0	0	
0	[SLAMPOS]	0	0.000	0.000	0	256.699	0	0	
0	[SLAMPOS]	0	0.000	0.000	0	256.615	0	0	
0	[SLAMPOS]	0	0.000	0.000	0	256.615	0	0	
0	[SLAMPOS]	0	0.000	0.000	0	256.373	0	0	
0	[SLAMPOS]	0	0.000	0.000	0	256.373	0	0	
0	[SLAMPOS]	0	0.000	0.000	0	256.216	0	0	
0	[SLAMPOS]	0	0.000	0.000	0	256.040	0	0	
0	[SLAMPOS]	0	0.000	0.000	0	256.040	0	0	
0	[SLAMPOS]	0	0.000	0.000	0	255.657	0	0	
0	[SLAMPOS]	0	0.000	0.000	0	255.657	0	0	
0	[SLAMPOS]	0	0.000	0.000	0	255.455	0	0	
0	[SLAMPOS]	0	0.000	0.000	0	255.248	0	0	
0	[SLAMPOS]	0	0.000	0.000	0	255.248	0	0	
0	[SLAMPOS]	0	0.000	0.000	0	254.815	0	0	
0	[SLAMPOS]	0	0.000	0.000	0	254.815	0	0	
0	[SLAMPOS]	0	0.000	0.000	0	254.581	0	0	
0	[SLAMPOS]	0	0.000	0.000	0	254.340	0	0	
0	[SLAMPOS]	0	0.000	0.000	0	254.093	0	0	
0	[SLAMPOS]	0	0.000	0.000	0	253.838	0	0	
0	[SLAMPOS]	0	0.000	0.000	0	253.838	0	0	
0	[SLAMPOS]	0	0.000	0.000	0	253.585	0	0	
0	[SLAMPOS]	0	0.000	0.000	0	253.324	0	0	
0	[SLAMPOS]	0	0.000	0.000	0	253.054	0	0	
0	[SLAMPOS]	0	0.000	0.000	0	252.782	0	0	
0	[SLAMPOS]	0	0.000	0.000	0	252.782	0	0	
0	[SLAMPOS]	0	0.000	0.000	0	252.263	0	0	
0	[SLAMPOS]	0	0.000	0.000	0	252.263	0	0	
0	[SLAMPOS]	0	0.000	0.000	0	252.029	0	0	
0	[SLAMPOS]	0	0.000	0.000	0	251.807	0	0	
0	[SLAMPOS]	0	0.000	0.000	0	251.807	0	0	
0	[SLAMPOS]	0	0.000	0.000	0	251.357	0	0	
0	[SLAMPOS]	0	0.000	0.000	0	251.357	0	0	
0	[SLAMPOS]	0	0.000	0.000	0	251.127	0	0	
0	[SLAMPOS]	0	0.000	0.000	0	250.897	0	0	
0	[SLAMPOS]	0	0.000	0.000	0	250.897	0	0	
0	[SLAMPOS]	0	0.000	0.000	0	250.432	0	0	
0	[SLAMPOS]	0	0.000	0.000	0	250.432	0	0	
0	[SLAMPOS]	0	0.000	0.000	0	250.206	0	0	
0	[SLAMPOS]	0	0.000	0.000	0	249.979	0	0	
0	[SLAMPOS]	0	0.000	0.000	0	249.979	0	0	
0	[SLAMPOS]	0	0.000	0.000	0	249.511	0	0	
0	[SLAMPOS]	0	0.000	0.000	0	249.511	0	0	
0	[SLAMPOS]	0	0.000	0.000	0	249.272	0	0	
0	[SLAMPOS]	0	0.000	0.000	0	249.043	0	0	
0	[SLAMPOS]	0	0.000	0.000	0	248.821	0	0	
0	[SLAMPOS]	0	0.000	0.000	0	248.609	0	0	
0	[SLAMPOS]	0	0.000	0.000	0	248.609	0	0	
0	[SLAMPOS]	0	0.000	0.000	0	248.201	0	0	
0	[SLAMPOS]	0	0.000	0.000	0	248.201	0	0	
0	[SLAMPOS]	0	0.000	0.000	0	248.201	0	0	
0	[SLAMPOS]	0	0.000	0.000	0	247.818	0	0	
0	[SLAMPOS]	0	0.000	0.000	0	247.818	0	0	
0	[SLAMPOS]	0	0.000	0.000	0	247.638	0	0	
0	[SLAMPOS]	0	0.000	0.000	0	247.464	0	0	
0	[SLAMPOS]	0	0.000	0.000	0	247.296	0	0	
0	[SLAMPOS]	0	0.000	0.000	0	247.135	0	0	
0	[SLAMPOS]	0	0.000	0.000	0	247.135	0	0	
0	[SLAMPOS]	0	0.000	0.000	0	246.830	0	0	
0	[SLAMPOS]	0	0.000	0.000	0	246.830	0	0	
0	[SLAMPOS]	0	0.000	0.000	0	246.687	0	0	
0	[SLAMPOS]	0	0.000	0.000	0	246.545	0	0	
0	[SLAMPOS]	0	0.000	0.000	0	246.545	0	0	
0	[SLAMPOS]	0	0.000	0.000	0	246.310	0	0	
0	[SLAMPOS]	0	0.000	0.000	0	246.310	0	0	
0	[SLAMPOS]	0	0.000	0.000	0	246.222	0	0	
0	[SLAMPOS]	0	0.000	0.000	0	246.142	0	0	
0	[SLAMPOS]	0	0.000	0.000	0	246.142	0	0	
0	[SLAMPOS]	0	0.000	0.000	0	245.984	0	0	
0	[SLAMPOS]	0	0.000	0.000	0	245.984	0	0	
0	[SLAMPOS]	0	0.000	0.000	0	245.850	0	0	
0	[SLAMPOS]	0	0.000	0.000	0	245.850	0	0	
0	[SLAMPOS]	0	0.000	0.000	0	245.794	0	0	
0	[SLAMPOS]	0	0.000	0.000	0	245.743	0	0	
0	[SLAMPOS]	0	0.000	0.000	0	245.743	0	0	
0	[SLAMPOS]	0	0.000	0.000	0	245.642	0	0	
0	[SLAMPOS]	0	0.000	0.000	0	245.642	0	0	
0	[SLAMPOS]	0	0.000	0.000	0	245.584	0	0	
0	[SLAMPOS]	0	0.000	0.000	0	245.524	0	0	
0	[SLAMPOS]	0	0.000	0.000	0	245.524	0	0	
0	[SLAMPOS]	0	0.000	0.000	0	245.403	0	0	
0	[SLAMPOS]	0	0.000	0.000	0	245.403	0	0	
0	[SLAMPOS]	0	0.000	0.000	0	245.347	0	0	
0	[SLAMPOS]	0	0.000	0.000	0	245.285	0	0	
0	[SLAMPOS]	0	0.000	0.000	0	245.285	0	0	
0	[SLAMPOS]	0	0.000	0.000	0	245.133	0	0	
0	[SLAMPOS]	0	0.000	0.000	0	245.133	0	0	
0	[SLAMPOS]	0	0.000	0.000	0	245.062	0	0	
0	[SLAMPOS]	0	0.000	0.000	0	245.000	0	0	
0	[SLAMPOS]	0	0.000	0.000	0	245.000	0	0	
0	[SLAMPOS]	0	0.000	0.000	0	244.874	0	0	
0	[SLAMPOS]	0	0.000	0.000	0	244.874	0	0	
0	[SLAMPOS]	0	0.000	0.000	0	244.807	0	0	
0	[SLAMPOS]	0	0.000	0.000	0	244.737	0	0	
0	[SLAMPOS]	0	0.000	0.000	0	244.737	0	0	
0	[SLAMPOS]	0	0.000	0.000	0	244.601	0	0	
0	[SLAMPOS]	0	0.000	0.000	0	244.601	0	0	
0	[SLAMPOS]	0	0.000	0.000	0	244.538	0	0	
0	[SLAMPOS]	0	0.000	0.000	0	244.481	0	0	
0	[SLAMPOS]	0	0.000	0.000	0	244.481	0	0	
0	[SLAMPOS]	0	0.000	0.000	0	244.373	0	0	
0	[SLAMPOS]	0	0.000	0.000	0	244.373	0	0	
0	[SLAMPOS]	0	0.000	0.000	0	244.280	0	0	
0	[SLAMPOS]	0	0.000	0.000	0	244.280	0	0	
0	[SLAMPOS]	0	0.000	0.000	0	244.229	0	0	
0	[SLAMPOS]	0	0.000	0.000	0	244.177	0	0	
0	[SLAMPOS]	0	0.000	0.000	0	244.177	0	0	
0	[SLAMPOS]	0	0.000	0.000	0	244.103	0	0	
0	[SLAMPOS]	0	0.000	0.000	0	244.103	0	0	
0	[SLAMPOS]	0	0.000	0.000	0	244.048	0	0	
0	[SLAMPOS]	0	0.000	0.000	0	244.015	0	0	
0	[SLAMPOS]	0	0.000	0.000	0	244.015	0	0	
0	[SLAMPOS]	0	0.000	0.000	0	243.899	0	0	
0	[SLAMPOS]	0	0.000	0.000	0	243.899	0	0	
0	[SLAMPOS]	0	0.000	0.000	0	243.870	0	0	
0	[SLAMPOS]	0	0.000	0.000	0	243.846	0	0	
0	[SLAMPOS]	0	0.000	0.000	0	243.846	0	0	
0	[SLAMPOS]	0	0.000	0.000	0	243.734	0	0	
0	[SLAMPOS]	0	0.000	0.000	0	243.734	0	0	
0	[SLAMPOS]	0	0.000	0.000	0	243.667	0	0	
0	[SLAMPOS]	0	0.000	0.000	0	243.667	0	0	
0	[SLAMPOS]	0	0.000	0.000	0	243.616	0	0	
0	[SLAMPOS]	0	0.000	0.000	0	243.587	0	0	
0	[SLAMPOS]	0	0.000	0.000	0	243.587	0	0	
0	[SLAMPOS]	0	0.000	0.000	0	243.497	0	0	
0	[SLAMPOS]	0	0.000	0.000	0	243.497	0	0	
0	[SLAMPOS]	0	0.000	0.000	0	243.483	0	0	
0	[SLAMPOS]	0	0.000	0.000	0	243.424	0	0	
0	[SLAMPOS]	0	0.000	0.000	0	243.424	0	0	
0	[SLAMPOS]	0	0.000	0.000	0	243.355	0	0	
0	[SLAMPOS]	0	0.000	0.000	0	243.355	0	0	
0	[SLAMPOS]	0	0.000	0.000	0	243.354	0	0	
0	[SLAMPOS]	0	0.000	0.000	0	243.342	0	0	
0	[SLAMPOS]	0	0.000	0.000	0	243.342	0	0	
0	[SLAMPOS]	0	0.000	0.000	0	243.257	0	0	
0	[SLAMPOS]	0	0.000	0.000	0	243.257	0	0	
0	[SLAMPOS]	0	0.000	0.000	0	243.231	0	0	
0	[SLAMPOS]	0	0.000	0.000	0	243.200	0	0	
0	[SLAMPOS]	0	0.000	0.000	0	243.200	0	0	
0	[SLAMPOS]	0	0.000	0.000	0	243.197	0	0	
0	[SLAMPOS]	0	0.000	0.000	0	243.197	0	0	
0	[SLAMPOS]	0	0.000	0.000	0	243.181	0	0	
0	[SLAMPOS]	0	0.000	0.000	0	243.203	0	0	
0	[SLAMPOS]	0	0.000	0.000	0	243.203	0	0	
0	[SLAMPOS]	0	0.000	0.000	0	243.249	0	0	
0	[SLAMPOS]	0	0.000	0.000	0	243.249	0	0	
0	[SLAMPOS]	0	0.000	0.000	0	243.291	0	0	
0	[SLAMPOS]	0	0.000	0.000	0	243.331	0	0	
0	[SLAMPOS]	0	0.000	0.000	0	243.331	0	0	
0	[SLAMPOS]	0	0.000	0.000	0	243.386	0	0	
0	[SLAMPOS]	0	0.000	0.000	0	243.386	0	0	
0	[SLAMPOS]	0	0.000	0.000	0	243.423	0	0	
0	[SLAMPOS]	0	0.000	0.000	0	243.465	0	0	
0	[SLAMPOS]	0	0.000	0.000	0	243.524	0	0	
0	[SLAMPOS]	0	0.000	0.000	0	243.552	0	0	
0	[SLAMPOS]	0	0.000	0.000	0	243.552	0	0	
0	[SLAMPOS]	0	0.000	0.000	0	243.591	0	0	
0	[SLAMPOS]	0	0.000	0.000	0	243.624	0	0	
0	[SLAMPOS]	0	0.000	0.000	0	243.624	0	0	
0	[SLAMPOS]	0	0.000	0.000	0	243.696	0	0	
0	[SLAMPOS]	0	0.000	0.000	0	243.696	0	0	
0	[SLAMPOS]	0	0.000	0.000	0	243.721	0	0	
0	[SLAMPOS]	0	0.000	0.000	0	243.773	0	0	
0	[SLAMPOS]	0	0.000	0.000	0	243.773	0	0	
0	[SLAMPOS]	0	0.000	0.000	0	243.851	0	0	
0	[SLAMPOS]	0	0.000	0.000	0	243.851	0	0	
0	[SLAMPOS]	0	0.000	0.000	0	243.898	0	0	
0	[SLAMPOS]	0	0.000	0.000	0	243.930	0	0	
0	[SLAMPOS]	0	0.000	0.000	0	243.930	0	0	
0	[SLAMPOS]	0	0.000	0.000	0	243.993	0	0	
0	[SLAMPOS]	0	0.000	0.000	0	243.993	0	0	
0	[SLAMPOS]	0	0.000	0.000	0	243.995	0	0	
0	[SLAMPOS]	0	0.000	0.000	0	244.024	0	0	
0	[SLAMPOS]	0	0.000	0.000	0	244.048	0	0	
0	[SLAMPOS]	0	0.000	0.000	0	244.067	0	0	
0	[SLAMPOS]	0	0.000	0.000	0	244.067	0	0	
0	[SLAMPOS]	0	0.000	0.000	0	244.136	0	0	
0	[SLAMPOS]	0	0.000	0.000	0	244.136	0	0	
0	[SLAMPOS]	0	0.000	0.000	0	244.166	0	0	
0	[SLAMPOS]	0	0.000	0.000	0	244.173	0	0	
0	[SLAMPOS]	0	0.000	0.000	0	244.173	0	0	
0	[SLAMPOS]	0	0.000	0.000	0	244.182	0	0	
0	[SLAMPOS]	0	0.000	0.000	0	244.182	0	0	
0	[SLAMPOS]	0	0.000	0.000	0	244.187	0	0	
0	[SLAMPOS]	0	0.000	0.000	0	244.230	0	0	
0	[SLAMPOS]	0	0.000	0.000	0	244.230	0	0	
0	[SLAMPOS]	0	0.000	0.000	0	244.244	0	0	
0	[SLAMPOS]	0	0.000	0.000	0	244.244	0	0	
0	[SLAMPOS]	0	0.000	0.000	0	244.244	0	0	
0	[SLAMPOS]	0	0.000	0.000	0	244.256	0	0	
0	[SLAMPOS]	0	0.000	0.000	0	244.256	0	0	
0	[SLAMPOS]	0	0.000	0.000	0	244.277	0	0	
0	[SLAMPOS]	0	0.000	0.000	0	244.277	0	0	
0	[SLAMPOS]	0	0.000	0.000	0	244.273	0	0	
0	[SLAMPOS]	0	0.000	0.000	0	244.273	0	0	
0	[SLAMPOS]	0	0.000	0.000	0	244.265	0	0	
0	[SLAMPOS]	0	0.000	0.000	0	244.287	0	0	
0	[SLAMPOS]	0	0.000	0.000	0	244.287	0	0	
0	[SLAMPOS]	0	0.000	0.000	0	244.295	0	0	
0	[SLAMPOS]	0	0.000	0.000	0	244.292	0	0	
0	[SLAMPOS]	0	0.000	0.000	0	244.292	0	0	
0	[SLAMPOS]	0	0.000	0.000	0	244.289	0	0	
0	[SLAMPOS]	0	0.000	0.000	0	244.289	0	0	
0	[SLAMPOS]	0	0.000	0.000	0	244.308	0	0	
0	[SLAMPOS]	0	0.000	0.000	0	244.301	0	0	
0	[SLAMPOS]	0	0.000	0.000	0	244.301	0	0	
0	[SLAMPOS]	0	0.000	0.000	0	244.274	0	0	
0	[SLAMPOS]	0	0.000	0.000	0	244.274	0	0	
0	[SLAMPOS]	0	0.000	0.000	0	244.271	0	0	
0	[SLAMPOS]	0	0.000	0.000	0	244.288	0	0	
0	[SLAMPOS]	0	0.000	0.000	0	244.288	0	0	
0	[SLAMPOS]	0	0.000	0.000	0	244.281	0	0	
0	[SLAMPOS]	0	0.000	0.000	0	244.281	0	0	
0	[SLAMPOS]	0	0.000	0.000	0	244.266	0	0	
0	[SLAMPOS]	0	0.000	0.000	0	244.244	0	0	
0	[SLAMPOS]	0	0.000	0.000	0	244.208	0	0	
0	[SLAMPOS]	0	0.000	0.000	0	244.200	0	0	
0	[SLAMPOS]	0	0.000	0.000	0	244.200	0	0	
0	[SLAMPOS]	0	0.000	0.000	0	244.200	0	0	
0	[SLAMPOS]	0	0.000	0.000	0	244.229	0	0	
0	[SLAMPOS]	0	0.000	0.000	0	244.161	0	0	
0	[SLAMPOS]	0	0.000	0.000	0	244.140	0	0	
0	[SLAMPOS]	0	0.000	0.000	0	244.140	0	0	
0	[SLAMPOS]	0	0.000	0.000	0	244.103	0	0	
0	[SLAMPOS]	0	0.000	0.000	0	244.103	0	0	
0	[SLAMPOS]	0	0.000	0.000	0	244.080	0	0	
0	[SLAMPOS]	0	0.000	0.000	0	244.043	0	0	
0	[SLAMPOS]	0	0.000	0.000	0	244.043	0	0	
0	[SLAMPOS]	0	0.000	0.000	0	244.014	0	0	
0	[SLAMPOS]	0	0.000	0.000	0	244.014	0	0	
0	[SLAMPOS]	0	0.000	0.000	0	244.023	0	0	
0	[SLAMPOS]	0	0.000	0.000	0	243.989	0	0	
0	[SLAMPOS]	0	0.000	0.000	0	243.989	0	0	
0	[SLAMPOS]	0	0.000	0.000	0	243.935	0	0	
0	[SLAMPOS]	0	0.000	0.000	0	243.935	0	0	
0	[SLAMPOS]	0	0.000	0.000	0	243.909	0	0	
0	[SLAMPOS]	0	0.000	0.000	0	243.873	0	0	
0	[SLAMPOS]	0	0.000	0.000	0	243.873	0	0	
0	[SLAMPOS]	0	0.000	0.000	0	243.889	0	0	
0	[SLAMPOS]	0	0.000	0.000	0	243.889	0	0	
0	[SLAMPOS]	0	0.000	0.000	0	243.887	0	0	
0	[SLAMPOS]	0	0.000	0.000	0	243.880	0	0	
0	[SLAMPOS]	0	0.000	0.000	0	243.880	0	0	
0	[SLAMPOS]	0	0.000	0.000	0	243.850	0	0	
0	[SLAMPOS]	0	0.000	0.000	0	243.850	0	0	
0	[SLAMPOS]	0	0.000	0.000	0	243.827	0	0	
0	[SLAMPOS]	0	0.000	0.000	0	243.814	0	0	
0	[SLAMPOS]	0	0.000	0.000	0	243.814	0	0	
0	[SLAMPOS]	0	0.000	0.000	0	243.759	0	0	
0	[SLAMPOS]	0	0.000	0.000	0	243.759	0	0	
0	[SLAMPOS]	0	0.000	0.000	0	243.727	0	0	
0	[SLAMPOS]	0	0.000	0.000	0	243.709	0	0	
0	[SLAMPOS]	0	0.000	0.000	0	243.709	0	0	
0	[SLAMPOS]	0	0.000	0.000	0	243.622	0	0	
0	[SLAMPOS]	0	0.000	0.000	0	243.622	0	0	
0	[SLAMPOS]	0	0.000	0.000	0	243.576	0	0	
0	[SLAMPOS]	0	0.000	0.000	0	243.553	0	0	
0	[SLAMPOS]	0	0.000	0.000	0	243.553	0	0	
0	[SLAMPOS]	0	0.000	0.000	0	243.465	0	0	
0	[SLAMPOS]	0	0.000	0.000	0	243.465	0	0	
0	[SLAMPOS]	0	0.000	0.000	0	243.424	0	0	
0	[SLAMPOS]	0	0.000	0.000	0	243.395	0	0	
0	[SLAMPOS]	0	0.000	0.000	0	243.395	0	0	
0	[SLAMPOS]	0	0.000	0.000	0	243.281	0	0	
0	[SLAMPOS]	0	0.000	0.000	0	243.281	0	0	
0	[SLAMPOS]	0	0.000	0.000	0	243.225	0	0	
0	[SLAMPOS]	0	0.000	0.000	0	243.167	0	0	
0	[SLAMPOS]	0	0.000	0.000	0	243.167	0	0	
0	[SLAMPOS]	0	0.000	0.000	0	243.061	0	0	
0	[SLAMPOS]	0	0.000	0.000	0	243.061	0	0	
0	[SLAMPOS]	0	0.000	0.000	0	242.995	0	0	
0	[SLAMPOS]	0	0.000	0.000	0	242.939	0	0	
0	[SLAMPOS]	0	0.000	0.000	0	242.939	0	0	
0	[SLAMPOS]	0	0.000	0.000	0	242.825	0	0	
0	[SLAMPOS]	0	0.000	0.000	0	242.825	0	0	
0	[SLAMPOS]	0	0.000	0.000	0	242.772	0	0	
0	[SLAMPOS]	0	0.000	0.000	0	242.719	0	0	
0	[SLAMPOS]	0	0.000	0.000	0	242.667	0	0	
0	[SLAMPOS]	0	0.000	0.000	0	242.614	0	0	
0	[SLAMPOS]	0	0.000	0.000	0	242.614	0	0	
0	[SLAMPOS]	0	0.000	0.000	0	242.558	0	0	
0	[SLAMPOS]	0	0.000	0.000	0	242.502	0	0	
0	[SLAMPOS]	0	0.000	0.000	0	242.450	0	0	
0	[SLAMPOS]	0	0.000	0.000	0	242.400	0	0	
0	[SLAMPOS]	0	0.000	0.000	0	242.400	0	0	
0	[SLAMPOS]	0	0.000	0.000	0	242.343	0	0	
0	[SLAMPOS]	0	0.000	0.000	0	242.343	0	0	
0	[SLAMPOS]	0	0.000	0.000	0	242.270	0	0	
0	[SLAMPOS]	0	0.000	0.000	0	242.214	0	0	
0	[SLAMPOS]	0	0.000	0.000	0	242.214	0	0	
0	[SLAMPOS]	0	0.000	0.000	0	242.117	0	0	
0	[SLAMPOS]	0	0.000	0.000	0	242.117	0	0	
0	[SLAMPOS]	0	0.000	0.000	0	242.109	0	0	
0	[SLAMPOS]	0	0.000	0.000	0	242.083	0	0	
0	[SLAMPOS]	0	0.000	0.000	0	242.083	0	0	
0	[SLAMPOS]	0	0.000	0.000	0	241.998	0	0	
0	[SLAMPOS]	0	0.000	0.000	0	241.998	0	0	
0	[SLAMPOS]	0	0.000	0.000	0	241.952	0	0	
0	[SLAMPOS]	0	0.000	0.000	0	241.940	0	0	
0	[SLAMPOS]	0	0.000	0.000	0	241.940	0	0	
0	[SLAMPOS]	0	0.000	0.000	0	241.850	0	0	
0	[SLAMPOS]	0	0.000	0.000	0	241.850	0	0	
0	[SLAMPOS]	0	0.000	0.000	0	241.840	0	0	
0	[SLAMPOS]	0	0.000	0.000	0	241.792	0	0	
0	[SLAMPOS]	0	0.000	0.000	0	241.792	0	0	
0	[SLAMPOS]	0	0.000	0.000	0	241.737	0	0	
0	[SLAMPOS]	0	0.000	0.000	0	241.737	0	0	
0	[SLAMPOS]	0	0.000	0.000	0	241.704	0	0	
0	[SLAMPOS]	0	0.000	0.000	0	241.673	0	0	
0	[SLAMPOS]	0	0.000	0.000	0	241.673	0	0	
0	[SLAMPOS]	0	0.000	0.000	0	241.648	0	0	
0	[SLAMPOS]	0	0.000	0.000	0	241.648	0	0	
0	[SLAMPOS]	0	0.000	0.000	0	241.624	0	0	
0	[SLAMPOS]	0	0.000	0.000	0	241.599	0	0	
0	[SLAMPOS]	0	0.000	0.000	0	241.599	0	0	
0	[SLAMPOS]	0	0.000	0.000	0	241.570	0	0	
0	[SLAMPOS]	0	0.000	0.000	0	241.570	0	0	
0	[SLAMPOS]	0	0.000	0.000	0	241.558	0	0	
0	[SLAMPOS]	0	0.000	0.000	0	241.561	0	0	
0	[SLAMPOS]	0	0.000	0.000	0	241.548	0	0	
0	[SLAMPOS]	0	0.000	0.000	0	241.539	0	0	
0	[SLAMPOS]	0	0.000	0.000	0	241.539	0	0	
0	[SLAMPOS]	0	0.000	0.000	0	241.557	0	0	
0	[SLAMPOS]	0	0.000	0.000	0	241.557	0	0	
0	[SLAMPOS]	0	0.000	0.000	0	241.537	0	0	
0	[SLAMPOS]	0	0.000	0.000	0	241.548	0	0	
0	[SLAMPOS]	0	0.000	0.000	0	241.548	0	0	
0	[SLAMPOS]	0	0.000	0.000	0	241.587	0	0	
0	[SLAMPOS]	0	0.000	0.000	0	241.587	0	0	
0	[SLAMPOS]	0	0.000	0.000	0	241.598	0	0	
0	[SLAMPOS]	0	0.000	0.000	0	241.625	0	0	
0	[SLAMPOS]	0	0.000	0.000	0	241.625	0	0	
0	[SLAMPOS]	0	0.000	0.000	0	241.695	0	0	
0	[SLAMPOS]	0	0.000	0.000	0	241.695	0	0	
0	[SLAMPOS]	0	0.000	0.000	0	241.729	0	0	
0	[SLAMPOS]	0	0.000	0.000	0	241.729	0	0	
0	[SLAMPOS]	0	0.000	0.000	0	241.770	0	0	
0	[SLAMPOS]	0	0.000	0.000	0	241.801	0	0	
0	[SLAMPOS]	0	0.000	0.000	0	241.801	0	0	
0	[SLAMPOS]	0	0.000	0.000	0	241.868	0	0	
0	[SLAMPOS]	0	0.000	0.000	0	241.868	0	0	
0	[SLAMPOS]	0	0.000	0.000	0	241.869	0	0	
0	[SLAMPOS]	0	0.000	0.000	0	241.898	0	0	
0	[SLAMPOS]	0	0.000	0.000	0	241.898	0	0	
0	[SLAMPOS]	0	0.000	0.000	0	241.963	0	0	
0	[SLAMPOS]	0	0.000	0.000	0	241.963	0	0	
0	[SLAMPOS]	0	0.000	0.000	0	242.001	0	0	
0	[SLAMPOS]	0	0.000	0.000	0	242.046	0	0	
0	[SLAMPOS]	0	0.000	0.000	0	242.046	0	0	
0	[SLAMPOS]	0	0.000	0.000	0	242.098	0	0	
0	[SLAMPOS]	0	0.000	0.000	0	242.098	0	0	
0	[SLAMPOS]	0	0.000	0.000	0	242.125	0	0	
0	[SLAMPOS]	0	0.000	0.000	0	242.134	0	0	
0	[SLAMPOS]	0	0.000	0.000	0	242.134	0	0	
0	[SLAMPOS]	0	0.000	0.000	0	242.177	0	0	
0	[SLAMPOS]	0	0.000	0.000	0	242.177	0	0	
0	[SLAMPOS]	0	0.000	0.000	0	242.214	0	0	
0	[SLAMPOS]	0	0.000	0.000	0	242.249	0	0	
0	[SLAMPOS]	0	0.000	0.000	0	242.249	0	0	
0	[SLAMPOS]	0	0.000	0.000	0	242.288	0	0	
0	[SLAMPOS]	0	0.000	0.000	0	242.288	0	0	
0	[SLAMPOS]	0	0.000	0.000	0	242.296	0	0	
0	[SLAMPOS]	0	0.000	0.000	0	242.323	0	0	
0	[SLAMPOS]	0	0.000	0.000	0	242.323	0	0	
0	[SLAMPOS]	0	0.000	0.000	0	242.346	0	0	
0	[SLAMPOS]	0	0.000	0.000	0	242.346	0	0	
0	[SLAMPOS]	0	0.000	0.000	0	242.355	0	0	
0	[SLAMPOS]	0	0.000	0.000	0	242.373	0	0	
0	[SLAMPOS]	0	0.000	0.000	0	242.373	0	0	
0	[SLAMPOS]	0	0.000	0.000	0	242.417	0	0	
0	[SLAMPOS]	0	0.000	0.000	0	242.417	0	0	
0	[SLAMPOS]	0	0.000	0.000	0	242.430	0	0	
0	[SLAMPOS]	0	0.000	0.000	0	242.458	0	0	
0	[SLAMPOS]	0	0.000	0.000	0	242.458	0	0	
0	[SLAMPOS]	0	0.000	0.000	0	242.451	0	0	
0	[SLAMPOS]	0	0.000	0.000	0	242.451	0	0	
0	[SLAMPOS]	0	0.000	0.000	0	242.485	0	0	
0	[SLAMPOS]	0	0.000	0.000	0	242.477	0	0	
0	[SLAMPOS]	0	0.000	0.000	0	242.477	0	0	
0	[SLAMPOS]	0	0.000	0.000	0	242.507	0	0	
0	[SLAMPOS]	0	0.000	0.000	0	242.507	0	0	
0	[SLAMPOS]	0	0.000	0.000	0	242.499	0	0	
0	[SLAMPOS]	0	0.000	0.000	0	242.511	0	0	
0	[SLAMPOS]	0	0.000	0.000	0	242.511	0	0	
0	[SLAMPOS]	0	0.000	0.000	0	242.502	0	0	
0	[SLAMPOS]	0	0.000	0.000	0	242.502	0	0	
0	[SLAMPOS]	0	0.000	0.000	0	242.485	0	0	
0	[SLAMPOS]	0	0.000	0.000	0	242.476	0	0	
0	[SLAMPOS]	0	0.000	0.000	0	242.476	0	0	
0	[SLAMPOS]	0	0.000	0.000	0	242.481	0	0	
0	[SLAMPOS]	0	0.000	0.000	0	242.481	0	0	
0	[SLAMPOS]	0	0.000	0.000	0	242.464	0	0	
0	[SLAMPOS]	0	0.000	0.000	0	242.456	0	0	
0	[SLAMPOS]	0	0.000	0.000	0	242.456	0	0	
0	[SLAMPOS]	0	0.000	0.000	0	242.478	0	0	
0	[SLAMPOS]	0	0.000	0.000	0	242.478	0	0	
0	[SLAMPOS]	0	0.000	0.000	0	242.477	0	0	
0	[SLAMPOS]	0	0.000	0.000	0	242.477	0	0	
0	[SLAMPOS]	0	0.000	0.000	0	242.424	0	0	
0	[SLAMPOS]	0	0.000	0.000	0	242.447	0	0	
0	[SLAMPOS]	0	0.000	0.000	0	242.447	0	0	
0	[SLAMPOS]	0	0.000	0.000	0	242.441	0	0	
0	[SLAMPOS]	0	0.000	0.000	0	242.466	0	0	
0	[SLAMPOS]	0	0.000	0.000	0	242.461	0	0	
0	[SLAMPOS]	0	0.000	0.000	0	242.474	0	0	
0	[SLAMPOS]	0	0.000	0.000	0	242.474	0	0	
0	[SLAMPOS]	0	0.000	0.000	0	242.469	0	0	
0	[SLAMPOS]	0	0.000	0.000	0	242.493	0	0	
0	[SLAMPOS]	0	0.000	0.000	0	242.493	0	0	
0	[SLAMPOS]	0	0.000	0.000	0	242.513	0	0	
0	[SLAMPOS]	0	0.000	0.000	0	242.513	0	0	
0	[SLAMPOS]	0	0.000	0.000	0	242.513	0	0	
0	[SLAMPOS]	0	0.000	0.000	0	242.552	0	0	
0	[SLAMPOS]	0	0.000	0.000	0	242.552	0	0	
0	[SLAMPOS]	0	0.000	0.000	0	242.570	0	0	
0	[SLAMPOS]	0	0.000	0.000	0	242.570	0	0	
0	[SLAMPOS]	0	0.000	0.000	0	242.549	0	0	
0	[SLAMPOS]	0	0.000	0.000	0	242.582	0	0	
0	[SLAMPOS]	0	0.000	0.000	0	242.582	0	0	
0	[SLAMPOS]	0	0.000	0.000	0	242.605	0	0	
0	[SLAMPOS]	0	0.000	0.000	0	242.605	0	0	
0	[SLAMPOS]	0	0.000	0.000	0	242.616	0	0	
0	[SLAMPOS]	0	0.000	0.000	0	242.634	0	0	
0	[SLAMPOS]	0	0.000	0.000	0	242.655	0	0	
0	[SLAMPOS]	0	0.000	0.000	0	242.660	0	0	
0	[SLAMPOS]	0	0.000	0.000	0	242.660	0	0	
0	[SLAMPOS]	0	0.000	0.000	0	242.683	0	0	
0	[SLAMPOS]	0	0.000	0.000	0	242.683	0	0	
0	[SLAMPOS]	0	0.000	0.000	0	242.684	0	0	
0	[SLAMPOS]	0	0.000	0.000	0	242.696	0	0	
0	[SLAMPOS]	0	0.000	0.000	0	242.696	0	0	
0	[SLAMPOS]	0	0.000	0.000	0	242.694	0	0	
0	[SLAMPOS]	0	0.000	0.000	0	242.694	0	0	
0	[SLAMPOS]	0	0.000	0.000	0	242.710	0	0	
0	[SLAMPOS]	0	0.000	0.000	0	242.719	0	0	
0	[SLAMPOS]	0	0.000	0.000	0	242.719	0	0	
0	[SLAMPOS]	0	0.000	0.000	0	242.712	0	0	
0	[SLAMPOS]	0	0.000	0.000	0	242.712	0	0	
0	[SLAMPOS]	0	0.000	0.000	0	242.699	0	0	
0	[SLAMPOS]	0	0.000	0.000	0	242.708	0	0	
0	[SLAMPOS]	0	0.000	0.000	0	242.708	0	0	
0	[SLAMPOS]	0	0.000	0.000	0	242.717	0	0	
0	[SLAMPOS]	0	0.000	0.000	0	242.717	0	0	
0	[SLAMPOS]	0	0.000	0.000	0	242.717	0	0	
0	[SLAMPOS]	0	0.000	0.000	0	242.718	0	0	
0	[SLAMPOS]	0	0.000	0.000	0	242.693	0	0	
0	[SLAMPOS]	0	0.000	0.000	0	242.693	0	0	
0	[SLAMPOS]	0	0.000	0.000	0	242.693	0	0	
0	[SLAMPOS]	0	0.000	0.000	0	242.731	0	0	
0	[SLAMPOS]	0	0.000	0.000	0	242.731	0	0	
0	[SLAMPOS]	0	0.000	0.000	0	242.714	0	0	
0	[SLAMPOS]	0	0.000	0.000	0	242.727	0	0	
0	[SLAMPOS]	0	0.000	0.000	0	242.727	0	0	
0	[SLAMPOS]	0	0.000	0.000	0	242.741	0	0	
0	[SLAMPOS]	0	0.000	0.000	0	242.741	0	0	
0	[SLAMPOS]	0	0.000	0.000	0	242.761	0	0	
0	[SLAMPOS]	0	0.000	0.000	0	242.742	0	0	
0	[SLAMPOS]	0	0.000	0.000	0	242.742	0	0	
0	[SLAMPOS]	0	0.000	0.000	0	242.758	0	0	
0	[SLAMPOS]	0	0.000	0.000	0	242.758	0	0	
0	[SLAMPOS]	0	0.000	0.000	0	242.751	0	0	
0	[SLAMPOS]	0	0.000	0.000	0	242.752	0	0	
0	[SLAMPOS]	0	0.000	0.000	0	242.752	0	0	
0	[SLAMPOS]	0	0.000	0.000	0	242.762	0	0	
0	[SLAMPOS]	0	0.000	0.000	0	242.762	0	0	
0	[SLAMPOS]	0	0.000	0.000	0	242.775	0	0	
0	[SLAMPOS]	0	0.000	0.000	0	242.792	0	0	
0	[SLAMPOS]	0	0.000	0.000	0	242.796	0	0	
0	[SLAMPOS]	0	0.000	0.000	0	242.800	0	0	
0	[SLAMPOS]	0	0.000	0.000	0	242.800	0	0	
0	[SLAMPOS]	0	0.000	0.000	0	242.800	0	0	
0	[SLAMPOS]	0	0.000	0.000	0	242.795	0	0	
0	[SLAMPOS]	0	0.000	0.000	0	242.791	0	0	
0	[SLAMPOS]	0	0.000	0.000	0	242.808	0	0	
0	[SLAMPOS]	0	0.000	0.000	0	242.808	0	0	
0	[SLAMPOS]	0	0.000	0.000	0	242.819	0	0	
0	[SLAMPOS]	0	0.000	0.000	0	242.819	0	0	
0	[SLAMPOS]	0	0.000	0.000	0	242.804	0	0	
0	[SLAMPOS]	0	0.000	0.000	0	242.807	0	0	
0	[SLAMPOS]	0	0.000	0.000	0	242.807	0	0	
0	[SLAMPOS]	0	0.000	0.000	0	242.838	0	0	
0	[SLAMPOS]	0	0.000	0.000	0	242.838	0	0	
0	[SLAMPOS]	0	0.000	0.000	0	242.849	0	0	
0	[SLAMPOS]	0	0.000	0.000	0	242.868	0	0	
0	[SLAMPOS]	0	0.000	0.000	0	242.868	0	0	
0	[SLAMPOS]	0	0.000	0.000	0	242.911	0	0	
0	[SLAMPOS]	0	0.000	0.000	0	242.911	0	0	
0	[SLAMPOS]	0	0.000	0.000	0	242.929	0	0	
0	[SLAMPOS]	0	0.000	0.000	0	242.956	0	0	
0	[SLAMPOS]	0	0.000	0.000	0	242.956	0	0	
0	[SLAMPOS]	0	0.000	0.000	0	242.979	0	0	
0	[SLAMPOS]	0	0.000	0.000	0	242.979	0	0	
0	[SLAMPOS]	0	0.000	0.000	0	243.029	0	0	
0	[SLAMPOS]	0	0.000	0.000	0	243.081	0	0	
0	[SLAMPOS]	0	0.000	0.000	0	243.081	0	0	
0	[SLAMPOS]	0	0.000	0.000	0	243.139	0	0	
0	[SLAMPOS]	0	0.000	0.000	0	243.139	0	0	
0	[SLAMPOS]	0	0.000	0.000	0	243.225	0	0	
0	[SLAMPOS]	0	0.000	0.000	0	243.225	0	0	
0	[SLAMPOS]	0	0.000	0.000	0	243.298	0	0	
0	[SLAMPOS]	0	0.000	0.000	0	243.366	0	0	
0	[SLAMPOS]	0	0.000	0.000	0	243.366	0	0	
0	[SLAMPOS]	0	0.000	0.000	0	243.519	0	0	
0	[SLAMPOS]	0	0.000	0.000	0	243.519	0	0	
0	[SLAMPOS]	0	0.000	0.000	0	243.604	0	0	
0	[SLAMPOS]	0	0.000	0.000	0	243.691	0	0	
0	[SLAMPOS]	0	0.000	0.000	0	243.691	0	0	
0	[SLAMPOS]	0	0.000	0.000	0	243.790	0	0	
0	[SLAMPOS]	0	0.000	0.000	0	243.902	0	0	
0	[SLAMPOS]	0	0.000	0.000	0	244.026	0	0	
0	[SLAMPOS]	0	0.000	0.000	0	244.153	0	0	
0	[SLAMPOS]	0	0.000	0.000	0	244.153	0	0	
0	[SLAMPOS]	0	0.000	0.000	0	244.292	0	0	
0	[SLAMPOS]	0	0.000	0.000	0	244.443	0	0	
0	[SLAMPOS]	0	0.000	0.000	0	244.620	0	0	
0	[SLAMPOS]	0	0.000	0.000	0	244.808	0	0	
0	[SLAMPOS]	0	0.000	0.000	0	244.808	0	0	
0	[SLAMPOS]	0	0.000	0.000	0	245.205	0	0	
0	[SLAMPOS]	0	0.000	0.000	0	245.205	0	0	
0	[SLAMPOS]	0	0.000	0.000	0	245.409	0	0	
0	[SLAMPOS]	0	0.000	0.000	0	245.627	0	0	
0	[SLAMPOS]	0	0.000	0.000	0	245.627	0	0	
0	[SLAMPOS]	0	0.000	0.000	0	246.109	0	0	
0	[SLAMPOS]	0	0.000	0.000	0	246.109	0	0	
0	[SLAMPOS]	0	0.000	0.000	0	246.381	0	0	
0	[SLAMPOS]	0	0.000	0.000	0	246.675	0	0	
0	[SLAMPOS]	0	0.000	0.000	0	246.675	0	0	
0	[SLAMPOS]	0	0.000	0.000	0	247.313	0	0	
0	[SLAMPOS]	0	0.000	0.000	0	247.313	0	0	
0	[SLAMPOS]	0	0.000	0.000	0	247.641	0	0	
0	[SLAMPOS]	0	0.000	0.000	0	247.970	0	0	
0	[SLAMPOS]	0	0.000	0.000	0	247.970	0	0	
0	[SLAMPOS]	0	0.000	0.000	0	248.311	0	0	
0	[SLAMPOS]	0	0.000	0.000	0	248.672	0	0	
0	[SLAMPOS]	0	0.000	0.000	0	248.672	0	0	
0	[SLAMPOS]	0	0.000	0.000	0	249.454	0	0	
0	[SLAMPOS]	0	0.000	0.000	0	249.454	0	0	
0	[SLAMPOS]	0	0.000	0.000	0	249.852	0	0	
0	[SLAMPOS]	0	0.000	0.000	0	250.244	0	0	
0	[SLAMPOS]	0	0.000	0.000	0	250.244	0	0	
0	[SLAMPOS]	0	0.000	0.000	0	251.054	0	0	
0	[SLAMPOS]	0	0.000	0.000	0	251.054	0	0	
0	[SLAMPOS]	0	0.000	0.000	0	251.488	0	0	
0	[SLAMPOS]	0	0.000	0.000	0	251.944	0	0	
0	[SLAMPOS]	0	0.000	0.000	0	251.944	0	0	
0	[SLAMPOS]	0	0.000	0.000	0	252.906	0	0	
0	[SLAMPOS]	0	0.000	0.000	0	252.906	0	0	
0	[SLAMPOS]	0	0.000	0.000	0	253.395	0	0	
0	[SLAMPOS]	0	0.000	0.000	0	253.906	0	0	
0	[SLAMPOS]	0	0.000	0.000	0	253.906	0	0	
0	[SLAMPOS]	0	0.000	0.000	0	254.442	0	0	
0	[SLAMPOS]	0	0.000	0.000	0	254.986	0	0	
0	[SLAMPOS]	0	0.000	0.000	0	255.538	0	0	
0	[SLAMPOS]	0	0.000	0.000	0	256.105	0	0	
0	[SLAMPOS]	0	0.000	0.000	0	256.105	0	0	
0	[SLAMPOS]	0	0.000	0.000	0	256.698	0	0	
0	[SLAMPOS]	0	0.000	0.000	0	257.298	0	0	
0	[SLAMPOS]	0	0.000	0.000	0	257.909	0	0	
0	[SLAMPOS]	0	0.000	0.000	0	258.550	0	0	
0	[SLAMPOS]	0	0.000	0.000	0	258.550	0	0	
0	[SLAMPOS]	0	0.000	0.000	0	259.867	0	0	
0	[SLAMPOS]	0	0.000	0.000	0	259.867	0	0	
0	[SLAMPOS]	0	0.000	0.000	0	260.547	0	0	
0	[SLAMPOS]	0	0.000	0.000	0	261.256	0	0	
0	[SLAMPOS]	0	0.000	0.000	0	261.256	0	0	
0	[SLAMPOS]	0	0.000	0.000	0	262.702	0	0	
0	[SLAMPOS]	0	0.000	0.000	0	262.702	0	0	
0	[SLAMPOS]	0	0.000	0.000	0	263.416	0	0	
0	[SLAMPOS]	0	0.000	0.000	0	264.121	0	0	
0	[SLAMPOS]	0	0.000	0.000	0	264.121	0	0	
0	[SLAMPOS]	0	0.000	0.000	0	265.516	0	0	
0	[SLAMPOS]	0	0.000	0.000	0	265.516	0	0	
0	[SLAMPOS]	0	0.000	0.000	0	266.228	0	0	
0	[SLAMPOS]	0	0.000	0.000	0	266.941	0	0	
0	[SLAMPOS]	0	0.000	0.000	0	266.941	0	0	
0	[SLAMPOS]	0	0.000	0.000	0	268.380	0	0	
0	[SLAMPOS]	0	0.000	0.000	0	268.380	0	0	
0	[SLAMPOS]	0	0.000	0.000	0	269.111	0	0	
0	[SLAMPOS]	0	0.000	0.000	0	269.854	0	0	
0	[SLAMPOS]	0	0.000	0.000	0	269.854	0	0	
0	[SLAMPOS]	0	0.000	0.000	0	271.388	0	0	
0	[SLAMPOS]	0	0.000	0.000	0	271.388	0	0	
0	[SLAMPOS]	0	0.000	0.000	0	272.161	0	0	
0	[SLAMPOS]	0	0.000	0.000	0	272.932	0	0	
0	[SLAMPOS]	0	0.000	0.000	0	273.703	0	0	
0	[SLAMPOS]	0	0.000	0.000	0	274.479	0	0	
0	[SLAMPOS]	0	0.000	0.000	0	274.479	0	0	
0	[SLAMPOS]	0	0.000	0.000	0	276.055	0	0	
0	[SLAMPOS]	0	0.000	0.000	0	276.055	0	0	
0	[SLAMPOS]	0	0.000	0.000	0	276.847	0	0	
0	[SLAMPOS]	0	0.000	0.000	0	277.635	0	0	
0	[SLAMPOS]	0	0.000	0.000	0	277.635	0	0	
0	[SLAMPOS]	0	0.000	0.000	0	279.158	0	0	
0	[SLAMPOS]	0	0.000	0.000	0	279.158	0	0	
0	[SLAMPOS]	0	0.000	0.000	0	279.912	0	0	
0	[SLAMPOS]	0	0.000	0.000	0	280.689	0	0	
0	[SLAMPOS]	0	0.000	0.000	0	280.689	0	0	
0	[SLAMPOS]	0	0.000	0.000	0	282.249	0	0	
0	[SLAMPOS]	0	0.000	0.000	0	282.249	0	0	
0	[SLAMPOS]	0	0.000	0.000	0	282.249	0	0	
0	[SLAMPOS]	0	0.000	0.000	0	283.739	0	0	
0	[SLAMPOS]	0	0.000	0.000	0	283.739	0	0	
0	[SLAMPOS]	0	0.000	0.000	0	284.465	0	0	
0	[SLAMPOS]	0	0.000	0.000	0	285.195	0	0	
0	[SLAMPOS]	0	0.000	0.000	0	285.936	0	0	
0	[SLAMPOS]	0	0.000	0.000	0	286.684	0	0	
0	[SLAMPOS]	0	0.000	0.000	0	286.684	0	0	
0	[SLAMPOS]	0	0.000	0.000	0	288.177	0	0	
0	[SLAMPOS]	0	0.000	0.000	0	288.177	0	0	
0	[SLAMPOS]	0	0.000	0.000	0	288.933	0	0	
0	[SLAMPOS]	0	0.000	0.000	0	289.661	0	0	
0	[SLAMPOS]	0	0.000	0.000	0	289.661	0	0	
0	[SLAMPOS]	0	0.000	0.000	0	291.069	0	0	
0	[SLAMPOS]	0	0.000	0.000	0	291.069	0	0	
0	[SLAMPOS]	0	0.000	0.000	0	291.787	0	0	
0	[SLAMPOS]	0	0.000	0.000	0	292.484	0	0	
0	[SLAMPOS]	0	0.000	0.000	0	292.484	0	0	
0	[SLAMPOS]	0	0.000	0.000	0	293.781	0	0	
0	[SLAMPOS]	0	0.000	0.000	0	293.781	0	0	
0	[SLAMPOS]	0	0.000	0.000	0	294.407	0	0	
0	[SLAMPOS]	0	0.000	0.000	0	295.047	0	0	
0	[SLAMPOS]	0	0.000	0.000	0	295.047	0	0	
0	[SLAMPOS]	0	0.000	0.000	0	296.374	0	0	
0	[SLAMPOS]	0	0.000	0.000	0	296.374	0	0	
0	[SLAMPOS]	0	0.000	0.000	0	297.039	0	0	
0	[SLAMPOS]	0	0.000	0.000	0	297.686	0	0	
0	[SLAMPOS]	0	0.000	0.000	0	297.686	0	0	
0	[SLAMPOS]	0	0.000	0.000	0	298.899	0	0	
0	[SLAMPOS]	0	0.000	0.000	0	298.899	0	0	
0	[SLAMPOS]	0	0.000	0.000	0	299.507	0	0	
0	[SLAMPOS]	0	0.000	0.000	0	300.125	0	0	
0	[SLAMPOS]	0	0.000	0.000	0	300.125	0	0	
0	[SLAMPOS]	0	0.000	0.000	0	301.340	0	0	
0	[SLAMPOS]	0	0.000	0.000	0	301.340	0	0	
0	[SLAMPOS]	0	0.000	0.000	0	301.919	0	0	
0	[SLAMPOS]	0	0.000	0.000	0	302.470	0	0	
0	[SLAMPOS]	0	0.000	0.000	0	302.470	0	0	
0	[SLAMPOS]	0	0.000	0.000	0	303.498	0	0	
0	[SLAMPOS]	0	0.000	0.000	0	303.498	0	0	
0	[SLAMPOS]	0	0.000	0.000	0	304.004	0	0	
0	[SLAMPOS]	0	0.000	0.000	0	304.510	0	0	
0	[SLAMPOS]	0	0.000	0.000	0	305.017	0	0	
0	[SLAMPOS]	0	0.000	0.000	0	305.498	0	0	
0	[SLAMPOS]	0	0.000	0.000	0	305.498	0	0	
0	[SLAMPOS]	0	0.000	0.000	0	305.965	0	0	
0	[SLAMPOS]	0	0.000	0.000	0	306.398	0	0	
0	[SLAMPOS]	0	0.000	0.000	0	306.398	0	0	
0	[SLAMPOS]	0	0.000	0.000	0	307.188	0	0	
0	[SLAMPOS]	0	0.000	0.000	0	307.188	0	0	
0	[SLAMPOS]	0	0.000	0.000	0	307.556	0	0	
0	[SLAMPOS]	0	0.000	0.000	0	307.923	0	0	
0	[SLAMPOS]	0	0.000	0.000	0	308.282	0	0	
0	[SLAMPOS]	0	0.000	0.000	0	308.646	0	0	
0	[SLAMPOS]	0	0.000	0.000	0	308.646	0	0	
0	[SLAMPOS]	0	0.000	0.000	0	309.339	0	0	
0	[SLAMPOS]	0	0.000	0.000	0	309.339	0	0	
0	[SLAMPOS]	0	0.000	0.000	0	309.675	0	0	
0	[SLAMPOS]	0	0.000	0.000	0	310.003	0	0	
0	[SLAMPOS]	0	0.000	0.000	0	310.003	0	0	
0	[SLAMPOS]	0	0.000	0.000	0	310.330	0	0	
0	[SLAMPOS]	0	0.000	0.000	0	310.649	0	0	
0	[SLAMPOS]	0	0.000	0.000	0	310.975	0	0	
0	[SLAMPOS]	0	0.000	0.000	0	311.302	0	0	
0	[SLAMPOS]	0	0.000	0.000	0	311.302	0	0	
0	[SLAMPOS]	0	0.000	0.000	0	311.630	0	0	
0	[SLAMPOS]	0	0.000	0.000	0	311.949	0	0	
0	[SLAMPOS]	0	0.000	0.000	0	312.266	0	0	
0	[SLAMPOS]	0	0.000	0.000	0	312.589	0	0	
0	[SLAMPOS]	0	0.000	0.000	0	312.589	0	0	
0	[SLAMPOS]	0	0.000	0.000	0	313.241	0	0	
0	[SLAMPOS]	0	0.000	0.000	0	313.241	0	0	
0	[SLAMPOS]	0	0.000	0.000	0	313.569	0	0	
0	[SLAMPOS]	0	0.000	0.000	0	313.896	0	0	
0	[SLAMPOS]	0	0.000	0.000	0	313.896	0	0	
0	[SLAMPOS]	0	0.000	0.000	0	314.519	0	0	
0	[SLAMPOS]	0	0.000	0.000	0	314.519	0	0	
0	[SLAMPOS]	0	0.000	0.000	0	314.824	0	0	
0	[SLAMPOS]	0	0.000	0.000	0	315.128	0	0	
0	[SLAMPOS]	0	0.000	0.000	0	315.128	0	0	
0	[SLAMPOS]	0	0.000	0.000	0	315.735	0	0	
0	[SLAMPOS]	0	0.000	0.000	0	315.735	0	0	
0	[SLAMPOS]	0	0.000	0.000	0	316.035	0	0	
0	[SLAMPOS]	0	0.000	0.000	0	316.342	0	0	
0	[SLAMPOS]	0	0.000	0.000	0	316.342	0	0	
0	[SLAMPOS]	0	0.000	0.000	0	316.915	0	0	
0	[SLAMPOS]	0	0.000	0.000	0	316.915	0	0	
0	[SLAMPOS]	0	0.000	0.000	0	317.177	0	0	
0	[SLAMPOS]	0	0.000	0.000	0	317.433	0	0	
0	[SLAMPOS]	0	0.000	0.000	0	317.433	0	0	
0	[SLAMPOS]	0	0.000	0.000	0	317.954	0	0	
0	[SLAMPOS]	0	0.000	0.000	0	317.954	0	0	
0	[SLAMPOS]	0	0.000	0.000	0	318.466	0	0	
0	[SLAMPOS]	0	0.000	0.000	0	318.466	0	0	
0	[SLAMPOS]	0	0.000	0.000	0	318.717	0	0	
0	[SLAMPOS]	0	0.000	0.000	0	318.963	0	0	
0	[SLAMPOS]	0	0.000	0.000	0	318.963	0	0	
0	[SLAMPOS]	0	0.000	0.000	0	319.430	0	0	
0	[SLAMPOS]	0	0.000	0.000	0	319.430	0	0	
0	[SLAMPOS]	0	0.000	0.000	0	319.661	0	0	
0	[SLAMPOS]	0	0.000	0.000	0	319.895	0	0	
0	[SLAMPOS]	0	0.000	0.000	0	319.895	0	0	
0	[SLAMPOS]	0	0.000	0.000	0	320.366	0	0	
0	[SLAMPOS]	0	0.000	0.000	0	320.366	0	0	
0	[SLAMPOS]	0	0.000	0.000	0	320.588	0	0	
0	[SLAMPOS]	0	0.000	0.000	0	320.793	0	0	
0	[SLAMPOS]	0	0.000	0.000	0	320.983	0	0	
0	[SLAMPOS]	0	0.000	0.000	0	321.164	0	0	
0	[SLAMPOS]	0	0.000	0.000	0	321.164	0	0	
0	[SLAMPOS]	0	0.000	0.000	0	321.512	0	0	
0	[SLAMPOS]	0	0.000	0.000	0	321.512	0	0	
0	[SLAMPOS]	0	0.000	0.000	0	321.512	0	0	
0	[SLAMPOS]	0	0.000	0.000	0	321.869	0	0	
0	[SLAMPOS]	0	0.000	0.000	0	321.869	0	0	
0	[SLAMPOS]	0	0.000	0.000	0	322.049	0	0	
0	[SLAMPOS]	0	0.000	0.000	0	322.231	0	0	
0	[SLAMPOS]	0	0.000	0.000	0	322.409	0	0	
0	[SLAMPOS]	0	0.000	0.000	0	322.585	0	0	
0	[SLAMPOS]	0	0.000	0.000	0	322.585	0	0	
0	[SLAMPOS]	0	0.000	0.000	0	322.933	0	0	
0	[SLAMPOS]	0	0.000	0.000	0	322.933	0	0	
0	[SLAMPOS]	0	0.000	0.000	0	323.107	0	0	
0	[SLAMPOS]	0	0.000	0.000	0	323.281	0	0	
0	[SLAMPOS]	0	0.000	0.000	0	323.281	0	0	
0	[SLAMPOS]	0	0.000	0.000	0	323.628	0	0	
0	[SLAMPOS]	0	0.000	0.000	0	323.628	0	0	
0	[SLAMPOS]	0	0.000	0.000	0	323.795	0	0	
0	[SLAMPOS]	0	0.000	0.000	0	323.962	0	0	
0	[SLAMPOS]	0	0.000	0.000	0	323.962	0	0	
0	[SLAMPOS]	0	0.000	0.000	0	324.279	0	0	
0	[SLAMPOS]	0	0.000	0.000	0	324.279	0	0	
0	[SLAMPOS]	0	0.000	0.000	0	324.441	0	0	
0	[SLAMPOS]	0	0.000	0.000	0	324.596	0	0	
0	[SLAMPOS]	0	0.000	0.000	0	324.596	0	0	
0	[SLAMPOS]	0	0.000	0.000	0	324.879	0	0	
0	[SLAMPOS]	0	0.000	0.000	0	324.879	0	0	
0	[SLAMPOS]	0	0.000	0.000	0	325.000	0	0	
0	[SLAMPOS]	0	0.000	0.000	0	325.109	0	0	
0	[SLAMPOS]	0	0.000	0.000	0	325.109	0	0	
0	[SLAMPOS]	0	0.000	0.000	0	325.285	0	0	
0	[SLAMPOS]	0	0.000	0.000	0	325.285	0	0	
0	[SLAMPOS]	0	0.000	0.000	0	325.360	0	0	
0	[SLAMPOS]	0	0.000	0.000	0	325.437	0	0	
0	[SLAMPOS]	0	0.000	0.000	0	325.437	0	0	
0	[SLAMPOS]	0	0.000	0.000	0	325.515	0	0	
0	[SLAMPOS]	0	0.000	0.000	0	325.587	0	0	
0	[SLAMPOS]	0	0.000	0.000	0	325.652	0	0	
0	[SLAMPOS]	0	0.000	0.000	0	325.706	0	0	
0	[SLAMPOS]	0	0.000	0.000	0	325.706	0	0	
0	[SLAMPOS]	0	0.000	0.000	0	325.748	0	0	
0	[SLAMPOS]	0	0.000	0.000	0	325.748	0	0	
0	[SLAMPOS]	0	0.000	0.000	0	325.766	0	0	
0	[SLAMPOS]	0	0.000	0.000	0	325.781	0	0	
0	[SLAMPOS]	0	0.000	0.000	0	325.781	0	0	
0	[SLAMPOS]	0	0.000	0.000	0	325.809	0	0	
0	[SLAMPOS]	0	0.000	0.000	0	325.809	0	0	
0	[SLAMPOS]	0	0.000	0.000	0	325.839	0	0	
0	[SLAMPOS]	0	0.000	0.000	0	325.814	0	0	
0	[SLAMPOS]	0	0.000	0.000	0	325.814	0	0	
0	[SLAMPOS]	0	0.000	0.000	0	325.845	0	0	
0	[SLAMPOS]	0	0.000	0.000	0	325.845	0	0	
0	[SLAMPOS]	0	0.000	0.000	0	325.841	0	0	
0	[SLAMPOS]	0	0.000	0.000	0	325.827	0	0	
0	[SLAMPOS]	0	0.000	0.000	0	325.827	0	0	
0	[SLAMPOS]	0	0.000	0.000	0	325.809	0	0	
0	[SLAMPOS]	0	0.000	0.000	0	325.809	0	0	
0	[SLAMPOS]	0	0.000	0.000	0	325.819	0	0	
0	[SLAMPOS]	0	0.000	0.000	0	325.821	0	0	
0	[SLAMPOS]	0	0.000	0.000	0	325.821	0	0	
0	[SLAMPOS]	0	0.000	0.000	0	325.826	0	0	
0	[SLAMPOS]	0	0.000	0.000	0	325.826	0	0	
0	[SLAMPOS]	0	0.000	0.000	0	325.830	0	0	
0	[SLAMPOS]	0	0.000	0.000	0	325.847	0	0	
0	[SLAMPOS]	0	0.000	0.000	0	325.847	0	0	
0	[SLAMPOS]	0	0.000	0.000	0	325.846	0	0	
0	[SLAMPOS]	0	0.000	0.000	0	325.851	0	0	
0	[SLAMPOS]	0	0.000	0.000	0	325.873	0	0	
0	[SLAMPOS]	0	0.000	0.000	0	325.883	0	0	
0	[SLAMPOS]	0	0.000	0.000	0	325.886	0	0	
0	[SLAMPOS]	0	0.000	0.000	0	325.886	0	0	
0	[SLAMPOS]	0	0.000	0.000	0	325.955	0	0	
0	[SLAMPOS]	0	0.000	0.000	0	325.955	0	0	
0	[SLAMPOS]	0	0.000	0.000	0	326.011	0	0	
0	[SLAMPOS]	0	0.000	0.000	0	326.044	0	0	
0	[SLAMPOS]	0	0.000	0.000	0	326.044	0	0	
0	[SLAMPOS]	0	0.000	0.000	0	326.078	0	0	
0	[SLAMPOS]	0	0.000	0.000	0	326.105	0	0	
0	[SLAMPOS]	0	0.000	0.000	0	326.105	0	0	
0	[SLAMPOS]	0	0.000	0.000	0	326.217	0	0	
0	[SLAMPOS]	0	0.000	0.000	0	326.217	0	0	
0	[SLAMPOS]	0	0.000	0.000	0	326.257	0	0	
0	[SLAMPOS]	0	0.000	0.000	0	326.300	0	0	
0	[SLAMPOS]	0	0.000	0.000	0	326.335	0	0	
0	[SLAMPOS]	0	0.000	0.000	0	326.388	0	0	
0	[SLAMPOS]	0	0.000	0.000	0	326.388	0	0	
0	[SLAMPOS]	0	0.000	0.000	0	326.441	0	0	
0	[SLAMPOS]	0	0.000	0.000	0	326.497	0	0	
0	[SLAMPOS]	0	0.000	0.000	0	326.556	0	0	
0	[SLAMPOS]	0	0.000	0.000	0	326.630	0	0	
0	[SLAMPOS]	0	0.000	0.000	0	326.630	0	0	
0	[SLAMPOS]	0	0.000	0.000	0	326.784	0	0	
0	[SLAMPOS]	0	0.000	0.000	0	326.846	0	0	
0	[SLAMPOS]	0	0.000	0.000	0	326.907	0	0	
0	[SLAMPOS]	0	0.000	0.000	0	326.907	0	0	
0	[SLAMPOS]	0	0.000	0.000	0	327.046	0	0	
0	[SLAMPOS]	0	0.000	0.000	0	327.046	0	0	
0	[SLAMPOS]	0	0.000	0.000	0	327.113	0	0	
0	[SLAMPOS]	0	0.000	0.000	0	327.170	0	0	
0	[SLAMPOS]	0	0.000	0.000	0	327.170	0	0	
0	[SLAMPOS]	0	0.000	0.000	0	327.298	0	0	
0	[SLAMPOS]	0	0.000	0.000	0	327.298	0	0	
0	[SLAMPOS]	0	0.000	0.000	0	327.364	0	0	
0	[SLAMPOS]	0	0.000	0.000	0	327.431	0	0	
0	[SLAMPOS]	0	0.000	0.000	0	327.489	0	0	
0	[SLAMPOS]	0	0.000	0.000	0	327.552	0	0	
0	[SLAMPOS]	0	0.000	0.000	0	327.552	0	0	
0	[SLAMPOS]	0	0.000	0.000	0	327.614	0	0	
0	[SLAMPOS]	0	0.000	0.000	0	327.677	0	0	
0	[SLAMPOS]	0	0.000	0.000	0	327.677	0	0	
0	[SLAMPOS]	0	0.000	0.000	0	327.787	0	0	
0	[SLAMPOS]	0	0.000	0.000	0	327.787	0	0	
0	[SLAMPOS]	0	0.000	0.000	0	327.833	0	0	
0	[SLAMPOS]	0	0.000	0.000	0	327.880	0	0	
0	[SLAMPOS]	0	0.000	0.000	0	327.914	0	0	
0	[SLAMPOS]	0	0.000	0.000	0	327.969	0	0	
0	[SLAMPOS]	0	0.000	0.000	0	327.969	0	0	
0	[SLAMPOS]	0	0.000	0.000	0	328.013	0	0	
0	[SLAMPOS]	0	0.000	0.000	0	328.040	0	0	
0	[SLAMPOS]	0	0.000	0.000	0	328.040	0	0	
0	[SLAMPOS]	0	0.000	0.000	0	328.094	0	0	
0	[SLAMPOS]	0	0.000	0.000	0	328.094	0	0	
0	[SLAMPOS]	0	0.000	0.000	0	328.174	0	0	
0	[SLAMPOS]	0	0.000	0.000	0	328.174	0	0	
0	[SLAMPOS]	0	0.000	0.000	0	328.186	0	0	
0	[SLAMPOS]	0	0.000	0.000	0	328.211	0	0	
0	[SLAMPOS]	0	0.000	0.000	0	328.211	0	0	
0	[SLAMPOS]	0	0.000	0.000	0	328.273	0	0	
0	[SLAMPOS]	0	0.000	0.000	0	328.273	0	0	
0	[SLAMPOS]	0	0.000	0.000	0	328.345	0	0	
0	[SLAMPOS]	0	0.000	0.000	0	328.345	0	0	
0	[SLAMPOS]	0	0.000	0.000	0	328.413	0	0	
0	[SLAMPOS]	0	0.000	0.000	0	328.413	0	0	
0	[SLAMPOS]	0	0.000	0.000	0	328.453	0	0	
0	[SLAMPOS]	0	0.000	0.000	0	328.485	0	0	
0	[SLAMPOS]	0	0.000	0.000	0	328.517	0	0	
0	[SLAMPOS]	0	0.000	0.000	0	328.547	0	0	
0	[SLAMPOS]	0	0.000	0.000	0	328.547	0	0	
0	[SLAMPOS]	0	0.000	0.000	0	328.610	0	0	
0	[SLAMPOS]	0	0.000	0.000	0	328.610	0	0	
0	[SLAMPOS]	0	0.000	0.000	0	328.645	0	0	
0	[SLAMPOS]	0	0.000	0.000	0	328.676	0	0	
0	[SLAMPOS]	0	0.000	0.000	0	328.741	0	0	
0	[SLAMPOS]	0	0.000	0.000	0	328.741	0	0	
0	[SLAMPOS]	0	0.000	0.000	0	328.772	0	0	
0	[SLAMPOS]	0	0.000	0.000	0	328.811	0	0	
0	[SLAMPOS]	0	0.000	0.000	0	328.811	0	0	
0	[SLAMPOS]	0	0.000	0.000	0	328.893	0	0	
0	[SLAMPOS]	0	0.000	0.000	0	328.909	0	0	
0	[SLAMPOS]	0	0.000	0.000	0	328.949	0	0	
0	[SLAMPOS]	0	0.000	0.000	0	328.949	0	0	
0	[SLAMPOS]	0	0.000	0.000	0	329.034	0	0	
0	[SLAMPOS]	0	0.000	0.000	0	329.073	0	0	
0	[SLAMPOS]	0	0.000	0.000	0	329.125	0	0	
0	[SLAMPOS]	0	0.000	0.000	0	329.125	0	0	
0	[SLAMPOS]	0	0.000	0.000	0	329.234	0	0	
0	[SLAMPOS]	0	0.000	0.000	0	329.234	0	0	
0	[SLAMPOS]	0	0.000	0.000	0	329.349	0	0	
0	[SLAMPOS]	0	0.000	0.000	0	329.349	0	0	
0	[SLAMPOS]	0	0.000	0.000	0	329.398	0	0	
0	[SLAMPOS]	0	0.000	0.000	0	329.447	0	0	
0	[SLAMPOS]	0	0.000	0.000	0	329.447	0	0	
0	[SLAMPOS]	0	0.000	0.000	0	329.565	0	0	
0	[SLAMPOS]	0	0.000	0.000	0	329.565	0	0	
0	[SLAMPOS]	0	0.000	0.000	0	329.620	0	0	
0	[SLAMPOS]	0	0.000	0.000	0	329.677	0	0	
0	[SLAMPOS]	0	0.000	0.000	0	329.677	0	0	
0	[SLAMPOS]	0	0.000	0.000	0	329.795	0	0	
0	[SLAMPOS]	0	0.000	0.000	0	329.795	0	0	
0	[SLAMPOS]	0	0.000	0.000	0	329.848	0	0	
0	[SLAMPOS]	0	0.000	0.000	0	329.903	0	0	
0	[SLAMPOS]	0	0.000	0.000	0	329.903	0	0	
0	[SLAMPOS]	0	0.000	0.000	0	330.021	0	0	
0	[SLAMPOS]	0	0.000	0.000	0	330.021	0	0	
0	[SLAMPOS]	0	0.000	0.000	0	330.074	0	0	
0	[SLAMPOS]	0	0.000	0.000	0	330.131	0	0	
0	[SLAMPOS]	0	0.000	0.000	0	330.131	0	0	
0	[SLAMPOS]	0	0.000	0.000	0	330.249	0	0	
0	[SLAMPOS]	0	0.000	0.000	0	330.249	0	0	
0	[SLAMPOS]	0	0.000	0.000	0	330.309	0	0	
0	[SLAMPOS]	0	0.000	0.000	0	330.367	0	0	
0	[SLAMPOS]	0	0.000	0.000	0	330.494	0	0	
0	[SLAMPOS]	0	0.000	0.000	0	330.494	0	0	
0	[SLAMPOS]	0	0.000	0.000	0	330.556	0	0	
0	[SLAMPOS]	0	0.000	0.000	0	330.617	0	0	
0	[SLAMPOS]	0	0.000	0.000	0	330.617	0	0	
0	[SLAMPOS]	0	0.000	0.000	0	330.736	0	0	
0	[SLAMPOS]	0	0.000	0.000	0	330.736	0	0	
0	[SLAMPOS]	0	0.000	0.000	0	330.792	0	0	
0	[SLAMPOS]	0	0.000	0.000	0	330.849	0	0	
0	[SLAMPOS]	0	0.000	0.000	0	330.849	0	0	
0	[SLAMPOS]	0	0.000	0.000	0	330.956	0	0	
0	[SLAMPOS]	0	0.000	0.000	0	330.956	0	0	
0	[SLAMPOS]	0	0.000	0.000	0	331.009	0	0	
0	[SLAMPOS]	0	0.000	0.000	0	331.069	0	0	
0	[SLAMPOS]	0	0.000	0.000	0	331.069	0	0	
0	[SLAMPOS]	0	0.000	0.000	0	331.176	0	0	
0	[SLAMPOS]	0	0.000	0.000	0	331.176	0	0	
0	[SLAMPOS]	0	0.000	0.000	0	331.240	0	0	
0	[SLAMPOS]	0	0.000	0.000	0	331.292	0	0	
0	[SLAMPOS]	0	0.000	0.000	0	331.292	0	0	
0	[SLAMPOS]	0	0.000	0.000	0	331.377	0	0	
0	[SLAMPOS]	0	0.000	0.000	0	331.377	0	0	
0	[SLAMPOS]	0	0.000	0.000	0	331.428	0	0	
0	[SLAMPOS]	0	0.000	0.000	0	331.465	0	0	
0	[SLAMPOS]	0	0.000	0.000	0	331.465	0	0	
0	[SLAMPOS]	0	0.000	0.000	0	331.482	0	0	
0	[SLAMPOS]	0	0.000	0.000	0	331.482	0	0	
0	[SLAMPOS]	0	0.000	0.000	0	331.474	0	0	
0	[SLAMPOS]	0	0.000	0.000	0	331.446	0	0	
0	[SLAMPOS]	0	0.000	0.000	0	331.446	0	0	
0	[SLAMPOS]	0	0.000	0.000	0	331.388	0	0	
0	[SLAMPOS]	0	0.000	0.000	0	331.388	0	0	
0	[SLAMPOS]	0	0.000	0.000	0	331.344	0	0	
0	[SLAMPOS]	0	0.000	0.000	0	331.298	0	0	
0	[SLAMPOS]	0	0.000	0.000	0	331.250	0	0	
0	[SLAMPOS]	0	0.000	0.000	0	331.205	0	0	
0	[SLAMPOS]	0	0.000	0.000	0	331.205	0	0	
0	[SLAMPOS]	0	0.000	0.000	0	331.109	0	0	
0	[SLAMPOS]	0	0.000	0.000	0	331.109	0	0	
0	[SLAMPOS]	0	0.000	0.000	0	331.045	0	0	
0	[SLAMPOS]	0	0.000	0.000	0	330.996	0	0	
0	[SLAMPOS]	0	0.000	0.000	0	330.996	0	0	
0	[SLAMPOS]	0	0.000	0.000	0	330.966	0	0	
0	[SLAMPOS]	0	0.000	0.000	0	330.924	0	0	
0	[SLAMPOS]	0	0.000	0.000	0	330.857	0	0	
0	[SLAMPOS]	0	0.000	0.000	0	330.805	0	0	
0	[SLAMPOS]	0	0.000	0.000	0	330.805	0	0	
0	[SLAMPOS]	0	0.000	0.000	0	330.768	0	0	
0	[SLAMPOS]	0	0.000	0.000	0	330.724	0	0	
0	[SLAMPOS]	0	0.000	0.000	0	330.682	0	0	
0	[SLAMPOS]	0	0.000	0.000	0	330.628	0	0	
0	[SLAMPOS]	0	0.000	0.000	0	330.628	0	0	
0	[SLAMPOS]	0	0.000	0.000	0	330.518	0	0	
0	[SLAMPOS]	0	0.000	0.000	0	330.518	0	0	
0	[SLAMPOS]	0	0.000	0.000	0	330.469	0	0	
0	[SLAMPOS]	0	0.000	0.000	0	330.428	0	0	
0	[SLAMPOS]	0	0.000	0.000	0	330.428	0	0	
0	[SLAMPOS]	0	0.000	0.000	0	330.342	0	0	
0	[SLAMPOS]	0	0.000	0.000	0	330.342	0	0	
0	[SLAMPOS]	0	0.000	0.000	0	330.292	0	0	
0	[SLAMPOS]	0	0.000	0.000	0	330.237	0	0	
0	[SLAMPOS]	0	0.000	0.000	0	330.237	0	0	
0	[SLAMPOS]	0	0.000	0.000	0	330.143	0	0	
0	[SLAMPOS]	0	0.000	0.000	0	330.143	0	0	
0	[SLAMPOS]	0	0.000	0.000	0	330.098	0	0	
0	[SLAMPOS]	0	0.000	0.000	0	330.048	0	0	
0	[SLAMPOS]	0	0.000	0.000	0	330.048	0	0	
0	[SLAMPOS]	0	0.000	0.000	0	329.979	0	0	
0	[SLAMPOS]	0	0.000	0.000	0	329.979	0	0	
0	[SLAMPOS]	0	0.000	0.000	0	329.943	0	0	
0	[SLAMPOS]	0	0.000	0.000	0	329.908	0	0	
0	[SLAMPOS]	0	0.000	0.000	0	329.908	0	0	
0	[SLAMPOS]	0	0.000	0.000	0	329.838	0	0	
0	[SLAMPOS]	0	0.000	0.000	0	329.838	0	0	
0	[SLAMPOS]	0	0.000	0.000	0	329.807	0	0	
0	[SLAMPOS]	0	0.000	0.000	0	329.774	0	0	
0	[SLAMPOS]	0	0.000	0.000	0	329.759	0	0	
0	[SLAMPOS]	0	0.000	0.000	0	329.730	0	0	
0	[SLAMPOS]	0	0.000	0.000	0	329.730	0	0	
0	[SLAMPOS]	0	0.000	0.000	0	329.701	0	0	
0	[SLAMPOS]	0	0.000	0.000	0	329.663	0	0	
0	[SLAMPOS]	0	0.000	0.000	0	329.631	0	0	
0	[SLAMPOS]	0	0.000	0.000	0	329.610	0	0	
0	[SLAMPOS]	0	0.000	0.000	0	329.610	0	0	
0	[SLAMPOS]	0	0.000	0.000	0	329.591	0	0	
0	[SLAMPOS]	0	0.000	0.000	0	329.579	0	0	
0	[SLAMPOS]	0	0.000	0.000	0	329.579	0	0	
0	[SLAMPOS]	0	0.000	0.000	0	329.604	0	0	
0	[SLAMPOS]	0	0.000	0.000	0	329.604	0	0	
0	[SLAMPOS]	0	0.000	0.000	0	329.608	0	0	
0	[SLAMPOS]	0	0.000	0.000	0	329.607	0	0	
0	[SLAMPOS]	0	0.000	0.000	0	329.607	0	0	
0	[SLAMPOS]	0	0.000	0.000	0	329.616	0	0	
0	[SLAMPOS]	0	0.000	0.000	0	329.616	0	0	
0	[SLAMPOS]	0	0.000	0.000	0	329.616	0	0	
0	[SLAMPOS]	0	0.000	0.000	0	329.624	0	0	
0	[SLAMPOS]	0	0.000	0.000	0	329.624	0	0	
0	[SLAMPOS]	0	0.000	0.000	0	329.646	0	0	
0	[SLAMPOS]	0	0.000	0.000	0	329.646	0	0	
0	[SLAMPOS]	0	0.000	0.000	0	329.661	0	0	
0	[SLAMPOS]	0	0.000	0.000	0	329.661	0	0	
0	[SLAMPOS]	0	0.000	0.000	0	329.661	0	0	
0	[SLAMPOS]	0	0.000	0.000	0	329.671	0	0	
0	[SLAMPOS]	0	0.000	0.000	0	329.671	0	0	
0	[SLAMPOS]	0	0.000	0.000	0	329.695	0	0	
0	[SLAMPOS]	0	0.000	0.000	0	329.695	0	0	
0	[SLAMPOS]	0	0.000	0.000	0	329.702	0	0	
0	[SLAMPOS]	0	0.000	0.000	0	329.702	0	0	
0	[SLAMPOS]	0	0.000	0.000	0	329.702	0	0	
0	[SLAMPOS]	0	0.000	0.000	0	329.711	0	0	
0	[SLAMPOS]	0	0.000	0.000	0	329.711	0	0	
0	[SLAMPOS]	0	0.000	0.000	0	329.738	0	0	
0	[SLAMPOS]	0	0.000	0.000	0	329.756	0	0	
0	[SLAMPOS]	0	0.000	0.000	0	329.756	0	0	
0	[SLAMPOS]	0	0.000	0.000	0	329.793	0	0	
0	[SLAMPOS]	0	0.000	0.000	0	329.793	0	0	
0	[SLAMPOS]	0	0.000	0.000	0	329.822	0	0	
0	[SLAMPOS]	0	0.000	0.000	0	329.861	0	0	
0	[SLAMPOS]	0	0.000	0.000	0	329.861	0	0	
0	[SLAMPOS]	0	0.000	0.000	0	329.893	0	0	
0	[SLAMPOS]	0	0.000	0.000	0	329.893	0	0	
0	[SLAMPOS]	0	0.000	0.000	0	329.912	0	0	
0	[SLAMPOS]	0	0.000	0.000	0	329.936	0	0	
0	[SLAMPOS]	0	0.000	0.000	0	329.936	0	0	
0	[SLAMPOS]	0	0.000	0.000	0	329.986	0	0	
0	[SLAMPOS]	0	0.000	0.000	0	329.986	0	0	
0	[SLAMPOS]	0	0.000	0.000	0	330.009	0	0	
0	[SLAMPOS]	0	0.000	0.000	0	330.033	0	0	
0	[SLAMPOS]	0	0.000	0.000	0	330.033	0	0	
0	[SLAMPOS]	0	0.000	0.000	0	330.087	0	0	
0	[SLAMPOS]	0	0.000	0.000	0	330.087	0	0	
0	[SLAMPOS]	0	0.000	0.000	0	330.106	0	0	
0	[SLAMPOS]	0	0.000	0.000	0	330.124	0	0	
0	[SLAMPOS]	0	0.000	0.000	0	330.124	0	0	
0	[SLAMPOS]	0	0.000	0.000	0	330.174	0	0	
0	[SLAMPOS]	0	0.000	0.000	0	330.174	0	0	
0	[SLAMPOS]	0	0.000	0.000	0	330.202	0	0	
0	[SLAMPOS]	0	0.000	0.000	0	330.230	0	0	
0	[SLAMPOS]	0	0.000	0.000	0	330.230	0	0	
0	[SLAMPOS]	0	0.000	0.000	0	330.272	0	0	
0	[SLAMPOS]	0	0.000	0.000	0	330.272	0	0	
0	[SLAMPOS]	0	0.000	0.000	0	330.288	0	0	
0	[SLAMPOS]	0	0.000	0.000	0	330.306	0	0	
0	[SLAMPOS]	0	0.000	0.000	0	330.306	0	0	
0	[SLAMPOS]	0	0.000	0.000	0	330.359	0	0	
0	[SLAMPOS]	0	0.000	0.000	0	330.359	0	0	
0	[SLAMPOS]	0	0.000	0.000	0	330.412	0	0	
0	[SLAMPOS]	0	0.000	0.000	0	330.412	0	0	
0	[SLAMPOS]	0	0.000	0.000	0	330.438	0	0	
0	[SLAMPOS]	0	0.000	0.000	0	330.457	0	0	
0	[SLAMPOS]	0	0.000	0.000	0	330.457	0	0	
0	[SLAMPOS]	0	0.000	0.000	0	330.518	0	0	
0	[SLAMPOS]	0	0.000	0.000	0	330.518	0	0	
0	[SLAMPOS]	0	0.000	0.000	0	330.541	0	0	
0	[SLAMPOS]	0	0.000	0.000	0	330.549	0	0	
0	[SLAMPOS]	0	0.000	0.000	0	330.549	0	0	
0	[SLAMPOS]	0	0.000	0.000	0	330.601	0	0	
0	[SLAMPOS]	0	0.000	0.000	0	330.601	0	0	
0	[SLAMPOS]	0	0.000	0.000	0	330.627	0	0	
0	[SLAMPOS]	0	0.000	0.000	0	330.642	0	0	
0	[SLAMPOS]	0	0.000	0.000	0	330.642	0	0	
0	[SLAMPOS]	0	0.000	0.000	0	330.677	0	0	
0	[SLAMPOS]	0	0.000	0.000	0	330.677	0	0	
0	[SLAMPOS]	0	0.000	0.000	0	330.708	0	0	
0	[SLAMPOS]	0	0.000	0.000	0	330.732	0	0	
0	[SLAMPOS]	0	0.000	0.000	0	330.732	0	0	
0	[SLAMPOS]	0	0.000	0.000	0	330.786	0	0	
0	[SLAMPOS]	0	0.000	0.000	0	330.786	0	0	
0	[SLAMPOS]	0	0.000	0.000	0	330.808	0	0	
0	[SLAMPOS]	0	0.000	0.000	0	330.837	0	0	
0	[SLAMPOS]	0	0.000	0.000	0	330.837	0	0	
0	[SLAMPOS]	0	0.000	0.000	0	330.877	0	0	
0	[SLAMPOS]	0	0.000	0.000	0	330.877	0	0	
0	[SLAMPOS]	0	0.000	0.000	0	330.903	0	0	
0	[SLAMPOS]	0	0.000	0.000	0	330.924	0	0	
0	[SLAMPOS]	0	0.000	0.000	0	330.953	0	0	
0	[SLAMPOS]	0	0.000	0.000	0	330.983	0	0	
0	[SLAMPOS]	0	0.000	0.000	0	330.983	0	0	
0	[SLAMPOS]	0	0.000	0.000	0	330.998	0	0	
0	[SLAMPOS]	0	0.000	0.000	0	331.013	0	0	
0	[SLAMPOS]	0	0.000	0.000	0	331.039	0	0	
0	[SLAMPOS]	0	0.000	0.000	0	331.070	0	0	
0	[SLAMPOS]	0	0.000	0.000	0	331.070	0	0	
0	[SLAMPOS]	0	0.000	0.000	0	331.109	0	0	
0	[SLAMPOS]	0	0.000	0.000	0	331.126	0	0	
0	[SLAMPOS]	0	0.000	0.000	0	331.134	0	0	
0	[SLAMPOS]	0	0.000	0.000	0	331.173	0	0	
0	[SLAMPOS]	0	0.000	0.000	0	331.173	0	0	
0	[SLAMPOS]	0	0.000	0.000	0	331.222	0	0	
0	[SLAMPOS]	0	0.000	0.000	0	331.268	0	0	
0	[SLAMPOS]	0	0.000	0.000	0	331.286	0	0	
0	[SLAMPOS]	0	0.000	0.000	0	331.282	0	0	
0	[SLAMPOS]	0	0.000	0.000	0	331.282	0	0	
0	[SLAMPOS]	0	0.000	0.000	0	331.305	0	0	
0	[SLAMPOS]	0	0.000	0.000	0	331.305	0	0	
0	[SLAMPOS]	0	0.000	0.000	0	331.334	0	0	
0	[SLAMPOS]	0	0.000	0.000	0	331.353	0	0	
0	[SLAMPOS]	0	0.000	0.000	0	331.353	0	0	
0	[SLAMPOS]	0	0.000	0.000	0	331.348	0	0	
0	[SLAMPOS]	0	0.000	0.000	0	331.348	0	0	
0	[SLAMPOS]	0	0.000	0.000	0	331.334	0	0	
0	[SLAMPOS]	0	0.000	0.000	0	331.287	0	0	
0	[SLAMPOS]	0	0.000	0.000	0	331.287	0	0	
0	[SLAMPOS]	0	0.000	0.000	0	331.208	0	0	
0	[SLAMPOS]	0	0.000	0.000	0	331.208	0	0	
0	[SLAMPOS]	0	0.000	0.000	0	331.187	0	0	
0	[SLAMPOS]	0	0.000	0.000	0	331.166	0	0	
0	[SLAMPOS]	0	0.000	0.000	0	331.124	0	0	
0	[SLAMPOS]	0	0.000	0.000	0	331.080	0	0	
0	[SLAMPOS]	0	0.000	0.000	0	331.080	0	0	
0	[SLAMPOS]	0	0.000	0.000	0	331.045	0	0	
0	[SLAMPOS]	0	0.000	0.000	0	331.045	0	0	
0	[SLAMPOS]	0	0.000	0.000	0	331.014	0	0	
0	[SLAMPOS]	0	0.000	0.000	0	330.979	0	0	
0	[SLAMPOS]	0	0.000	0.000	0	330.979	0	0	
0	[SLAMPOS]	0	0.000	0.000	0	330.943	0	0	
0	[SLAMPOS]	0	0.000	0.000	0	330.943	0	0	
0	[SLAMPOS]	0	0.000	0.000	0	330.943	0	0	
0	[SLAMPOS]	0	0.000	0.000	0	330.888	0	0	
0	[SLAMPOS]	0	0.000	0.000	0	330.888	0	0	
0	[SLAMPOS]	0	0.000	0.000	0	330.873	0	0	
0	[SLAMPOS]	0	0.000	0.000	0	330.866	0	0	
0	[SLAMPOS]	0	0.000	0.000	0	330.866	0	0	
0	[SLAMPOS]	0	0.000	0.000	0	330.863	0	0	
0	[SLAMPOS]	0	0.000	0.000	0	330.863	0	0	
0	[SLAMPOS]	0	0.000	0.000	0	330.850	0	0	
0	[SLAMPOS]	0	0.000	0.000	0	330.836	0	0	
0	[SLAMPOS]	0	0.000	0.000	0	330.836	0	0	
0	[SLAMPOS]	0	0.000	0.000	0	330.797	0	0	
0	[SLAMPOS]	0	0.000	0.000	0	330.797	0	0	
0	[SLAMPOS]	0	0.000	0.000	0	330.813	0	0	
0	[SLAMPOS]	0	0.000	0.000	0	330.780	0	0	
0	[SLAMPOS]	0	0.000	0.000	0	330.780	0	0	
0	[SLAMPOS]	0	0.000	0.000	0	330.748	0	0	
0	[SLAMPOS]	0	0.000	0.000	0	330.748	0	0	
0	[SLAMPOS]	0	0.000	0.000	0	330.746	0	0	
0	[SLAMPOS]	0	0.000	0.000	0	330.734	0	0	
0	[SLAMPOS]	0	0.000	0.000	0	330.734	0	0	
0	[SLAMPOS]	0	0.000	0.000	0	330.696	0	0	
0	[SLAMPOS]	0	0.000	0.000	0	330.696	0	0	
0	[SLAMPOS]	0	0.000	0.000	0	330.733	0	0	
0	[SLAMPOS]	0	0.000	0.000	0	330.733	0	0	
0	[SLAMPOS]	0	0.000	0.000	0	330.720	0	0	
0	[SLAMPOS]	0	0.000	0.000	0	330.692	0	0	
0	[SLAMPOS]	0	0.000	0.000	0	330.692	0	0	
0	[SLAMPOS]	0	0.000	0.000	0	330.669	0	0	
0	[SLAMPOS]	0	0.000	0.000	0	330.669	0	0	
0	[SLAMPOS]	0	0.000	0.000	0	330.676	0	0	
0	[SLAMPOS]	0	0.000	0.000	0	330.674	0	0	
0	[SLAMPOS]	0	0.000	0.000	0	330.674	0	0	
0	[SLAMPOS]	0	0.000	0.000	0	330.663	0	0	
0	[SLAMPOS]	0	0.000	0.000	0	330.663	0	0	
0	[SLAMPOS]	0	0.000	0.000	0	330.654	0	0	
0	[SLAMPOS]	0	0.000	0.000	0	330.650	0	0	
0	[SLAMPOS]	0	0.000	0.000	0	330.650	0	0	
0	[SLAMPOS]	0	0.000	0.000	0	330.640	0	0	
0	[SLAMPOS]	0	0.000	0.000	0	330.640	0	0	
0	[SLAMPOS]	0	0.000	0.000	0	330.637	0	0	
0	[SLAMPOS]	0	0.000	0.000	0	330.630	0	0	
0	[SLAMPOS]	0	0.000	0.000	0	330.630	0	0	
0	[SLAMPOS]	0	0.000	0.000	0	330.622	0	0	
0	[SLAMPOS]	0	0.000	0.000	0	330.619	0	0	
0	[SLAMPOS]	0	0.000	0.000	0	330.619	0	0	
0	[SLAMPOS]	0	0.000	0.000	0	330.616	0	0	
0	[SLAMPOS]	0	0.000	0.000	0	330.616	0	0	
0	[SLAMPOS]	0	0.000	0.000	0	330.615	0	0	
0	[SLAMPOS]	0	0.000	0.000	0	330.606	0	0	
0	[SLAMPOS]	0	0.000	0.000	0	330.606	0	0	
0	[SLAMPOS]	0	0.000	0.000	0	330.581	0	0	
0	[SLAMPOS]	0	0.000	0.000	0	330.581	0	0	
0	[SLAMPOS]	0	0.000	0.000	0	330.579	0	0	
0	[SLAMPOS]	0	0.000	0.000	0	330.569	0	0	
0	[SLAMPOS]	0	0.000	0.000	0	330.563	0	0	
0	[SLAMPOS]	0	0.000	0.000	0	330.554	0	0	
0	[SLAMPOS]	0	0.000	0.000	0	330.554	0	0	
0	[SLAMPOS]	0	0.000	0.000	0	330.542	0	0	
0	[SLAMPOS]	0	0.000	0.000	0	330.542	0	0	
0	[SLAMPOS]	0	0.000	0.000	0	330.542	0	0	
0	[SLAMPOS]	0	0.000	0.000	0	330.534	0	0	
0	[SLAMPOS]	0	0.000	0.000	0	330.534	0	0	
0	[SLAMPOS]	0	0.000	0.000	0	330.525	0	0	
0	[SLAMPOS]	0	0.000	0.000	0	330.517	0	0	
0	[SLAMPOS]	0	0.000	0.000	0	330.517	0	0	
0	[SLAMPOS]	0	0.000	0.000	0	330.498	0	0	
0	[SLAMPOS]	0	0.000	0.000	0	330.498	0	0	
0	[SLAMPOS]	0	0.000	0.000	0	330.488	0	0	
0	[SLAMPOS]	0	0.000	0.000	0	330.482	0	0	
0	[SLAMPOS]	0	0.000	0.000	0	330.481	0	0	
0	[SLAMPOS]	0	0.000	0.000	0	330.480	0	0	
0	[SLAMPOS]	0	0.000	0.000	0	330.480	0	0	
0	[SLAMPOS]	0	0.000	0.000	0	330.459	0	0	
0	[SLAMPOS]	0	0.000	0.000	0	330.459	0	0	
0	[SLAMPOS]	0	0.000	0.000	0	330.452	0	0	
0	[SLAMPOS]	0	0.000	0.000	0	330.448	0	0	
0	[SLAMPOS]	0	0.000	0.000	0	330.448	0	0	
0	[SLAMPOS]	0	0.000	0.000	0	330.434	0	0	
0	[SLAMPOS]	0	0.000	0.000	0	330.434	0	0	
0	[SLAMPOS]	0	0.000	0.000	0	330.422	0	0	
0	[SLAMPOS]	0	0.000	0.000	0	330.421	0	0	
0	[SLAMPOS]	0	0.000	0.000	0	330.421	0	0	
0	[SLAMPOS]	0	0.000	0.000	0	330.415	0	0	
0	[SLAMPOS]	0	0.000	0.000	0	330.415	0	0	
0	[SLAMPOS]	0	0.000	0.000	0	330.417	0	0	
0	[SLAMPOS]	0	0.000	0.000	0	330.421	0	0	
0	[SLAMPOS]	0	0.000	0.000	0	330.421	0	0	
0	[SLAMPOS]	0	0.000	0.000	0	330.434	0	0	
0	[SLAMPOS]	0	0.000	0.000	0	330.434	0	0	
0	[SLAMPOS]	0	0.000	0.000	0	330.440	0	0	
0	[SLAMPOS]	0	0.000	0.000	0	330.449	0	0	
0	[SLAMPOS]	0	0.000	0.000	0	330.449	0	0	
0	[SLAMPOS]	0	0.000	0.000	0	330.461	0	0	
0	[SLAMPOS]	0	0.000	0.000	0	330.461	0	0	
0	[SLAMPOS]	0	0.000	0.000	0	330.472	0	0	
0	[SLAMPOS]	0	0.000	0.000	0	330.484	0	0	
0	[SLAMPOS]	0	0.000	0.000	0	330.484	0	0	
0	[SLAMPOS]	0	0.000	0.000	0	330.510	0	0	
0	[SLAMPOS]	0	0.000	0.000	0	330.510	0	0	
0	[SLAMPOS]	0	0.000	0.000	0	330.531	0	0	
0	[SLAMPOS]	0	0.000	0.000	0	330.556	0	0	
0	[SLAMPOS]	0	0.000	0.000	0	330.556	0	0	
0	[SLAMPOS]	0	0.000	0.000	0	330.605	0	0	
0	[SLAMPOS]	0	0.000	0.000	0	330.605	0	0	
0	[SLAMPOS]	0	0.000	0.000	0	330.642	0	0	
0	[SLAMPOS]	0	0.000	0.000	0	330.678	0	0	
0	[SLAMPOS]	0	0.000	0.000	0	330.678	0	0	
0	[SLAMPOS]	0	0.000	0.000	0	330.737	0	0	
0	[SLAMPOS]	0	0.000	0.000	0	330.737	0	0	
0	[SLAMPOS]	0	0.000	0.000	0	330.767	0	0	
0	[SLAMPOS]	0	0.000	0.000	0	330.798	0	0	
0	[SLAMPOS]	0	0.000	0.000	0	330.798	0	0	
0	[SLAMPOS]	0	0.000	0.000	0	330.860	0	0	
0	[SLAMPOS]	0	0.000	0.000	0	330.860	0	0	
0	[SLAMPOS]	0	0.000	0.000	0	330.891	0	0	
0	[SLAMPOS]	0	0.000	0.000	0	330.916	0	0	
0	[SLAMPOS]	0	0.000	0.000	0	330.949	0	0	
0	[SLAMPOS]	0	0.000	0.000	0	330.979	0	0	
0	[SLAMPOS]	0	0.000	0.000	0	330.979	0	0	
0	[SLAMPOS]	0	0.000	0.000	0	331.051	0	0	
0	[SLAMPOS]	0	0.000	0.000	0	331.051	0	0	
0	[SLAMPOS]	0	0.000	0.000	0	331.074	0	0	
0	[SLAMPOS]	0	0.000	0.000	0	331.087	0	0	
0	[SLAMPOS]	0	0.000	0.000	0	331.087	0	0	
0	[SLAMPOS]	0	0.000	0.000	0	331.136	0	0	
0	[SLAMPOS]	0	0.000	0.000	0	331.136	0	0	
0	[SLAMPOS]	0	0.000	0.000	0	331.192	0	0	
0	[SLAMPOS]	0	0.000	0.000	0	331.260	0	0	
0	[SLAMPOS]	0	0.000	0.000	0	331.260	0	0	
0	[SLAMPOS]	0	0.000	0.000	0	331.404	0	0	
0	[SLAMPOS]	0	0.000	0.000	0	331.404	0	0	
0	[SLAMPOS]	0	0.000	0.000	0	331.483	0	0	
0	[SLAMPOS]	0	0.000	0.000	0	331.565	0	0	
0	[SLAMPOS]	0	0.000	0.000	0	331.651	0	0	
0	[SLAMPOS]	0	0.000	0.000	0	331.745	0	0	
0	[SLAMPOS]	0	0.000	0.000	0	331.745	0	0	
0	[SLAMPOS]	0	0.000	0.000	0	331.843	0	0	
0	[SLAMPOS]	0	0.000	0.000	0	331.944	0	0	
0	[SLAMPOS]	0	0.000	0.000	0	331.944	0	0	
0	[SLAMPOS]	0	0.000	0.000	0	332.132	0	0	
0	[SLAMPOS]	0	0.000	0.000	0	332.132	0	0	
0	[SLAMPOS]	0	0.000	0.000	0	332.237	0	0	
0	[SLAMPOS]	0	0.000	0.000	0	332.350	0	0	
0	[SLAMPOS]	0	0.000	0.000	0	332.350	0	0	
0	[SLAMPOS]	0	0.000	0.000	0	332.528	0	0	
0	[SLAMPOS]	0	0.000	0.000	0	332.528	0	0	
0	[SLAMPOS]	0	0.000	0.000	0	332.612	0	0	
0	[SLAMPOS]	0	0.000	0.000	0	332.698	0	0	
0	[SLAMPOS]	0	0.000	0.000	0	332.801	0	0	
0	[SLAMPOS]	0	0.000	0.000	0	332.883	0	0	
0	[SLAMPOS]	0	0.000	0.000	0	332.883	0	0	
0	[SLAMPOS]	0	0.000	0.000	0	333.088	0	0	
0	[SLAMPOS]	0	0.000	0.000	0	333.088	0	0	
0	[SLAMPOS]	0	0.000	0.000	0	333.088	0	0	
0	[SLAMPOS]	0	0.000	0.000	0	333.282	0	0	
0	[SLAMPOS]	0	0.000	0.000	0	333.282	0	0	
0	[SLAMPOS]	0	0.000	0.000	0	333.368	0	0	
0	[SLAMPOS]	0	0.000	0.000	0	333.456	0	0	
0	[SLAMPOS]	0	0.000	0.000	0	333.456	0	0	
0	[SLAMPOS]	0	0.000	0.000	0	333.634	0	0	
0	[SLAMPOS]	0	0.000	0.000	0	333.634	0	0	
0	[SLAMPOS]	0	0.000	0.000	0	333.732	0	0	
0	[SLAMPOS]	0	0.000	0.000	0	333.834	0	0	
0	[SLAMPOS]	0	0.000	0.000	0	333.934	0	0	
0	[SLAMPOS]	0	0.000	0.000	0	334.021	0	0	
0	[SLAMPOS]	0	0.000	0.000	0	334.021	0	0	
0	[SLAMPOS]	0	0.000	0.000	0	334.182	0	0	
0	[SLAMPOS]	0	0.000	0.000	0	334.182	0	0	
0	[SLAMPOS]	0	0.000	0.000	0	334.258	0	0	
0	[SLAMPOS]	0	0.000	0.000	0	334.326	0	0	
0	[SLAMPOS]	0	0.000	0.000	0	334.326	0	0	
0	[SLAMPOS]	0	0.000	0.000	0	334.493	0	0	
0	[SLAMPOS]	0	0.000	0.000	0	334.493	0	0	
0	[SLAMPOS]	0	0.000	0.000	0	334.571	0	0	
0	[SLAMPOS]	0	0.000	0.000	0	334.652	0	0	
0	[SLAMPOS]	0	0.000	0.000	0	334.652	0	0	
0	[SLAMPOS]	0	0.000	0.000	0	334.812	0	0	
0	[SLAMPOS]	0	0.000	0.000	0	334.812	0	0	
0	[SLAMPOS]	0	0.000	0.000	0	334.887	0	0	
0	[SLAMPOS]	0	0.000	0.000	0	334.951	0	0	
0	[SLAMPOS]	0	0.000	0.000	0	334.951	0	0	
0	[SLAMPOS]	0	0.000	0.000	0	335.065	0	0	
0	[SLAMPOS]	0	0.000	0.000	0	335.065	0	0	
0	[SLAMPOS]	0	0.000	0.000	0	335.114	0	0	
0	[SLAMPOS]	0	0.000	0.000	0	335.168	0	0	
0	[SLAMPOS]	0	0.000	0.000	0	335.168	0	0	
0	[SLAMPOS]	0	0.000	0.000	0	335.254	0	0	
0	[SLAMPOS]	0	0.000	0.000	0	335.254	0	0	
0	[SLAMPOS]	0	0.000	0.000	0	335.302	0	0	
0	[SLAMPOS]	0	0.000	0.000	0	335.346	0	0	
0	[SLAMPOS]	0	0.000	0.000	0	335.375	0	0	
0	[SLAMPOS]	0	0.000	0.000	0	335.404	0	0	
0	[SLAMPOS]	0	0.000	0.000	0	335.404	0	0	
0	[SLAMPOS]	0	0.000	0.000	0	335.426	0	0	
0	[SLAMPOS]	0	0.000	0.000	0	335.430	0	0	
0	[SLAMPOS]	0	0.000	0.000	0	335.440	0	0	
0	[SLAMPOS]	0	0.000	0.000	0	335.457	0	0	
0	[SLAMPOS]	0	0.000	0.000	0	335.457	0	0	
0	[SLAMPOS]	0	0.000	0.000	0	335.475	0	0	
0	[SLAMPOS]	0	0.000	0.000	0	335.496	0	0	
0	[SLAMPOS]	0	0.000	0.000	0	335.509	0	0	
0	[SLAMPOS]	0	0.000	0.000	0	335.514	0	0	
0	[SLAMPOS]	0	0.000	0.000	0	335.514	0	0	
0	[SLAMPOS]	0	0.000	0.000	0	335.523	0	0	
0	[SLAMPOS]	0	0.000	0.000	0	335.523	0	0	
0	[SLAMPOS]	0	0.000	0.000	0	335.517	0	0	
0	[SLAMPOS]	0	0.000	0.000	0	335.512	0	0	
0	[SLAMPOS]	0	0.000	0.000	0	335.512	0	0	
0	[SLAMPOS]	0	0.000	0.000	0	335.468	0	0	
0	[SLAMPOS]	0	0.000	0.000	0	335.468	0	0	
0	[SLAMPOS]	0	0.000	0.000	0	335.444	0	0	
0	[SLAMPOS]	0	0.000	0.000	0	335.417	0	0	
0	[SLAMPOS]	0	0.000	0.000	0	335.417	0	0	
0	[SLAMPOS]	0	0.000	0.000	0	335.349	0	0	
0	[SLAMPOS]	0	0.000	0.000	0	335.349	0	0	
0	[SLAMPOS]	0	0.000	0.000	0	335.310	0	0	
0	[SLAMPOS]	0	0.000	0.000	0	335.272	0	0	
0	[SLAMPOS]	0	0.000	0.000	0	335.272	0	0	
0	[SLAMPOS]	0	0.000	0.000	0	335.195	0	0	
0	[SLAMPOS]	0	0.000	0.000	0	335.195	0	0	
0	[SLAMPOS]	0	0.000	0.000	0	335.156	0	0	
0	[SLAMPOS]	0	0.000	0.000	0	335.110	0	0	
0	[SLAMPOS]	0	0.000	0.000	0	335.110	0	0	
0	[SLAMPOS]	0	0.000	0.000	0	335.031	0	0	
0	[SLAMPOS]	0	0.000	0.000	0	335.031	0	0	
0	[SLAMPOS]	0	0.000	0.000	0	334.988	0	0	
0	[SLAMPOS]	0	0.000	0.000	0	334.945	0	0	
0	[SLAMPOS]	0	0.000	0.000	0	334.945	0	0	
0	[SLAMPOS]	0	0.000	0.000	0	334.863	0	0	
0	[SLAMPOS]	0	0.000	0.000	0	334.863	0	0	
0	[SLAMPOS]	0	0.000	0.000	0	334.825	0	0	
0	[SLAMPOS]	0	0.000	0.000	0	334.781	0	0	
0	[SLAMPOS]	0	0.000	0.000	0	334.781	0	0	
0	[SLAMPOS]	0	0.000	0.000	0	334.695	0	0	
0	[SLAMPOS]	0	0.000	0.000	0	334.695	0	0	
0	[SLAMPOS]	0	0.000	0.000	0	334.659	0	0	
0	[SLAMPOS]	0	0.000	0.000	0	334.626	0	0	
0	[SLAMPOS]	0	0.000	0.000	0	334.626	0	0	
0	[SLAMPOS]	0	0.000	0.000	0	334.570	0	0	
0	[SLAMPOS]	0	0.000	0.000	0	334.570	0	0	
0	[SLAMPOS]	0	0.000	0.000	0	334.542	0	0	
0	[SLAMPOS]	0	0.000	0.000	0	334.515	0	0	
0	[SLAMPOS]	0	0.000	0.000	0	334.515	0	0	
0	[SLAMPOS]	0	0.000	0.000	0	334.432	0	0	
0	[SLAMPOS]	0	0.000	0.000	0	334.432	0	0	
0	[SLAMPOS]	0	0.000	0.000	0	334.412	0	0	
0	[SLAMPOS]	0	0.000	0.000	0	334.387	0	0	
0	[SLAMPOS]	0	0.000	0.000	0	334.387	0	0	
0	[SLAMPOS]	0	0.000	0.000	0	334.337	0	0	
0	[SLAMPOS]	0	0.000	0.000	0	334.337	0	0	
0	[SLAMPOS]	0	0.000	0.000	0	334.306	0	0	
0	[SLAMPOS]	0	0.000	0.000	0	334.268	0	0	
0	[SLAMPOS]	0	0.000	0.000	0	334.268	0	0	
0	[SLAMPOS]	0	0.000	0.000	0	334.184	0	0	
0	[SLAMPOS]	0	0.000	0.000	0	334.184	0	0	
0	[SLAMPOS]	0	0.000	0.000	0	334.124	0	0	
0	[SLAMPOS]	0	0.000	0.000	0	334.067	0	0	
0	[SLAMPOS]	0	0.000	0.000	0	334.067	0	0	
0	[SLAMPOS]	0	0.000	0.000	0	333.944	0	0	
0	[SLAMPOS]	0	0.000	0.000	0	333.944	0	0	
0	[SLAMPOS]	0	0.000	0.000	0	333.944	0	0	
0	[SLAMPOS]	0	0.000	0.000	0	333.823	0	0	
0	[SLAMPOS]	0	0.000	0.000	0	333.823	0	0	
0	[SLAMPOS]	0	0.000	0.000	0	333.756	0	0	
0	[SLAMPOS]	0	0.000	0.000	0	333.684	0	0	
0	[SLAMPOS]	0	0.000	0.000	0	333.617	0	0	
0	[SLAMPOS]	0	0.000	0.000	0	333.561	0	0	
0	[SLAMPOS]	0	0.000	0.000	0	333.561	0	0	
0	[SLAMPOS]	0	0.000	0.000	0	333.508	0	0	
0	[SLAMPOS]	0	0.000	0.000	0	333.454	0	0	
0	[SLAMPOS]	0	0.000	0.000	0	333.454	0	0	
0	[SLAMPOS]	0	0.000	0.000	0	333.336	0	0	
0	[SLAMPOS]	0	0.000	0.000	0	333.336	0	0	
0	[SLAMPOS]	0	0.000	0.000	0	333.215	0	0	
0	[SLAMPOS]	0	0.000	0.000	0	333.215	0	0	
0	[SLAMPOS]	0	0.000	0.000	0	333.215	0	0	
0	[SLAMPOS]	0	0.000	0.000	0	333.105	0	0	
0	[SLAMPOS]	0	0.000	0.000	0	333.105	0	0	
0	[SLAMPOS]	0	0.000	0.000	0	332.988	0	0	
0	[SLAMPOS]	0	0.000	0.000	0	332.988	0	0	
0	[SLAMPOS]	0	0.000	0.000	0	332.929	0	0	
0	[SLAMPOS]	0	0.000	0.000	0	332.872	0	0	
0	[SLAMPOS]	0	0.000	0.000	0	332.872	0	0	
0	[SLAMPOS]	0	0.000	0.000	0	332.758	0	0	
0	[SLAMPOS]	0	0.000	0.000	0	332.758	0	0	
0	[SLAMPOS]	0	0.000	0.000	0	332.703	0	0	
0	[SLAMPOS]	0	0.000	0.000	0	332.647	0	0	
0	[SLAMPOS]	0	0.000	0.000	0	332.647	0	0	
0	[SLAMPOS]	0	0.000	0.000	0	332.529	0	0	
0	[SLAMPOS]	0	0.000	0.000	0	332.529	0	0	
0	[SLAMPOS]	0	0.000	0.000	0	332.472	0	0	
0	[SLAMPOS]	0	0.000	0.000	0	332.420	0	0	
0	[SLAMPOS]	0	0.000	0.000	0	332.420	0	0	
0	[SLAMPOS]	0	0.000	0.000	0	332.310	0	0	
0	[SLAMPOS]	0	0.000	0.000	0	332.310	0	0	
0	[SLAMPOS]	0	0.000	0.000	0	332.250	0	0	
0	[SLAMPOS]	0	0.000	0.000	0	332.194	0	0	
0	[SLAMPOS]	0	0.000	0.000	0	332.194	0	0	
0	[SLAMPOS]	0	0.000	0.000	0	332.082	0	0	
0	[SLAMPOS]	0	0.000	0.000	0	332.082	0	0	
0	[SLAMPOS]	0	0.000	0.000	0	332.026	0	0	
0	[SLAMPOS]	0	0.000	0.000	0	331.971	0	0	
0	[SLAMPOS]	0	0.000	0.000	0	331.971	0	0	
0	[SLAMPOS]	0	0.000	0.000	0	331.866	0	0	
0	[SLAMPOS]	0	0.000	0.000	0	331.866	0	0	
0	[SLAMPOS]	0	0.000	0.000	0	331.810	0	0	
0	[SLAMPOS]	0	0.000	0.000	0	331.758	0	0	
0	[SLAMPOS]	0	0.000	0.000	0	331.758	0	0	
0	[SLAMPOS]	0	0.000	0.000	0	331.663	0	0	
0	[SLAMPOS]	0	0.000	0.000	0	331.663	0	0	
0	[SLAMPOS]	0	0.000	0.000	0	331.610	0	0	
0	[SLAMPOS]	0	0.000	0.000	0	331.558	0	0	
0	[SLAMPOS]	0	0.000	0.000	0	331.558	0	0	
0	[SLAMPOS]	0	0.000	0.000	0	331.450	0	0	
0	[SLAMPOS]	0	0.000	0.000	0	331.450	0	0	
0	[SLAMPOS]	0	0.000	0.000	0	331.400	0	0	
0	[SLAMPOS]	0	0.000	0.000	0	331.347	0	0	
0	[SLAMPOS]	0	0.000	0.000	0	331.298	0	0	
0	[SLAMPOS]	0	0.000	0.000	0	331.265	0	0	
0	[SLAMPOS]	0	0.000	0.000	0	331.265	0	0	
0	[SLAMPOS]	0	0.000	0.000	0	331.206	0	0	
0	[SLAMPOS]	0	0.000	0.000	0	331.206	0	0	
0	[SLAMPOS]	0	0.000	0.000	0	331.183	0	0	
0	[SLAMPOS]	0	0.000	0.000	0	331.168	0	0	
0	[SLAMPOS]	0	0.000	0.000	0	331.168	0	0	
0	[SLAMPOS]	0	0.000	0.000	0	331.114	0	0	
0	[SLAMPOS]	0	0.000	0.000	0	331.114	0	0	
0	[SLAMPOS]	0	0.000	0.000	0	331.100	0	0	
0	[SLAMPOS]	0	0.000	0.000	0	331.076	0	0	
0	[SLAMPOS]	0	0.000	0.000	0	331.076	0	0	
0	[SLAMPOS]	0	0.000	0.000	0	331.041	0	0	
0	[SLAMPOS]	0	0.000	0.000	0	331.041	0	0	
0	[SLAMPOS]	0	0.000	0.000	0	331.016	0	0	
0	[SLAMPOS]	0	0.000	0.000	0	331.008	0	0	
0	[SLAMPOS]	0	0.000	0.000	0	331.008	0	0	
0	[SLAMPOS]	0	0.000	0.000	0	330.952	0	0	
0	[SLAMPOS]	0	0.000	0.000	0	330.952	0	0	
0	[SLAMPOS]	0	0.000	0.000	0	330.938	0	0	
0	[SLAMPOS]	0	0.000	0.000	0	330.946	0	0	
0	[SLAMPOS]	0	0.000	0.000	0	330.946	0	0	
0	[SLAMPOS]	0	0.000	0.000	0	330.967	0	0	
0	[SLAMPOS]	0	0.000	0.000	0	330.967	0	0	
0	[SLAMPOS]	0	0.000	0.000	0	330.979	0	0	
0	[SLAMPOS]	0	0.000	0.000	0	331.000	0	0	
0	[SLAMPOS]	0	0.000	0.000	0	331.000	0	0	
0	[SLAMPOS]	0	0.000	0.000	0	331.015	0	0	
0	[SLAMPOS]	0	0.000	0.000	0	331.039	0	0	
0	[SLAMPOS]	0	0.000	0.000	0	331.066	0	0	
0	[SLAMPOS]	0	0.000	0.000	0	331.091	0	0	
0	[SLAMPOS]	0	0.000	0.000	0	331.091	0	0	
0	[SLAMPOS]	0	0.000	0.000	0	331.142	0	0	
0	[SLAMPOS]	0	0.000	0.000	0	331.142	0	0	
0	[SLAMPOS]	0	0.000	0.000	0	331.155	0	0	
0	[SLAMPOS]	0	0.000	0.000	0	331.169	0	0	
0	[SLAMPOS]	0	0.000	0.000	0	331.180	0	0	
0	[SLAMPOS]	0	0.000	0.000	0	331.203	0	0	
0	[SLAMPOS]	0	0.000	0.000	0	331.203	0	0	
0	[SLAMPOS]	0	0.000	0.000	0	331.275	0	0	
0	[SLAMPOS]	0	0.000	0.000	0	331.275	0	0	
0	[SLAMPOS]	0	0.000	0.000	0	331.311	0	0	
0	[SLAMPOS]	0	0.000	0.000	0	331.355	0	0	
0	[SLAMPOS]	0	0.000	0.000	0	331.355	0	0	
0	[SLAMPOS]	0	0.000	0.000	0	331.445	0	0	
0	[SLAMPOS]	0	0.000	0.000	0	331.445	0	0	
0	[SLAMPOS]	0	0.000	0.000	0	331.499	0	0	
0	[SLAMPOS]	0	0.000	0.000	0	331.555	0	0	
0	[SLAMPOS]	0	0.000	0.000	0	331.555	0	0	
0	[SLAMPOS]	0	0.000	0.000	0	331.686	0	0	
0	[SLAMPOS]	0	0.000	0.000	0	331.686	0	0	
0	[SLAMPOS]	0	0.000	0.000	0	331.760	0	0	
0	[SLAMPOS]	0	0.000	0.000	0	331.836	0	0	
0	[SLAMPOS]	0	0.000	0.000	0	331.836	0	0	
0	[SLAMPOS]	0	0.000	0.000	0	332.012	0	0	
0	[SLAMPOS]	0	0.000	0.000	0	332.012	0	0	
0	[SLAMPOS]	0	0.000	0.000	0	332.100	0	0	
0	[SLAMPOS]	0	0.000	0.000	0	332.191	0	0	
0	[SLAMPOS]	0	0.000	0.000	0	332.191	0	0	
0	[SLAMPOS]	0	0.000	0.000	0	332.373	0	0	
0	[SLAMPOS]	0	0.000	0.000	0	332.373	0	0	
0	[SLAMPOS]	0	0.000	0.000	0	332.610	0	0	
0	[SLAMPOS]	0	0.000	0.000	0	332.610	0	0	
0	[SLAMPOS]	0	0.000	0.000	0	332.750	0	0	
0	[SLAMPOS]	0	0.000	0.000	0	332.903	0	0	
0	[SLAMPOS]	0	0.000	0.000	0	332.903	0	0	
0	[SLAMPOS]	0	0.000	0.000	0	333.215	0	0	
0	[SLAMPOS]	0	0.000	0.000	0	333.215	0	0	
0	[SLAMPOS]	0	0.000	0.000	0	333.382	0	0	
0	[SLAMPOS]	0	0.000	0.000	0	333.556	0	0	
0	[SLAMPOS]	0	0.000	0.000	0	333.556	0	0	
0	[SLAMPOS]	0	0.000	0.000	0	333.905	0	0	
0	[SLAMPOS]	0	0.000	0.000	0	333.905	0	0	
0	[SLAMPOS]	0	0.000	0.000	0	334.085	0	0	
0	[SLAMPOS]	0	0.000	0.000	0	334.276	0	0	
0	[SLAMPOS]	0	0.000	0.000	0	334.276	0	0	
0	[SLAMPOS]	0	0.000	0.000	0	334.717	0	0	
0	[SLAMPOS]	0	0.000	0.000	0	334.717	0	0	
0	[SLAMPOS]	0	0.000	0.000	0	334.958	0	0	
0	[SLAMPOS]	0	0.000	0.000	0	335.205	0	0	
0	[SLAMPOS]	0	0.000	0.000	0	335.458	0	0	
0	[SLAMPOS]	0	0.000	0.000	0	335.727	0	0	
0	[SLAMPOS]	0	0.000	0.000	0	335.727	0	0	
0	[SLAMPOS]	0	0.000	0.000	0	336.284	0	0	
0	[SLAMPOS]	0	0.000	0.000	0	336.284	0	0	
0	[SLAMPOS]	0	0.000	0.000	0	336.562	0	0	
0	[SLAMPOS]	0	0.000	0.000	0	336.841	0	0	
0	[SLAMPOS]	0	0.000	0.000	0	336.841	0	0	
0	[SLAMPOS]	0	0.000	0.000	0	337.394	0	0	
0	[SLAMPOS]	0	0.000	0.000	0	337.394	0	0	
0	[SLAMPOS]	0	0.000	0.000	0	337.679	0	0	
0	[SLAMPOS]	0	0.000	0.000	0	337.980	0	0	
0	[SLAMPOS]	0	0.000	0.000	0	337.980	0	0	
0	[SLAMPOS]	0	0.000	0.000	0	338.636	0	0	
0	[SLAMPOS]	0	0.000	0.000	0	338.636	0	0	
0	[SLAMPOS]	0	0.000	0.000	0	338.981	0	0	
0	[SLAMPOS]	0	0.000	0.000	0	339.337	0	0	
0	[SLAMPOS]	0	0.000	0.000	0	339.337	0	0	
0	[SLAMPOS]	0	0.000	0.000	0	340.086	0	0	
0	[SLAMPOS]	0	0.000	0.000	0	340.086	0	0	
0	[SLAMPOS]	0	0.000	0.000	0	340.475	0	0	
0	[SLAMPOS]	0	0.000	0.000	0	340.878	0	0	
0	[SLAMPOS]	0	0.000	0.000	0	340.878	0	0	
0	[SLAMPOS]	0	0.000	0.000	0	341.723	0	0	
0	[SLAMPOS]	0	0.000	0.000	0	341.723	0	0	
0	[SLAMPOS]	0	0.000	0.000	0	342.156	0	0	
0	[SLAMPOS]	0	0.000	0.000	0	342.603	0	0	
0	[SLAMPOS]	0	0.000	0.000	0	342.603	0	0	
0	[SLAMPOS]	0	0.000	0.000	0	343.518	0	0	
0	[SLAMPOS]	0	0.000	0.000	0	343.518	0	0	
0	[SLAMPOS]	0	0.000	0.000	0	343.993	0	0	
0	[SLAMPOS]	0	0.000	0.000	0	344.475	0	0	
0	[SLAMPOS]	0	0.000	0.000	0	344.475	0	0	
0	[SLAMPOS]	0	0.000	0.000	0	345.479	0	0	
0	[SLAMPOS]	0	0.000	0.000	0	345.479	0	0	
0	[SLAMPOS]	0	0.000	0.000	0	346.007	0	0	
0	[SLAMPOS]	0	0.000	0.000	0	346.543	0	0	
0	[SLAMPOS]	0	0.000	0.000	0	347.087	0	0	
0	[SLAMPOS]	0	0.000	0.000	0	347.641	0	0	
0	[SLAMPOS]	0	0.000	0.000	0	347.641	0	0	
0	[SLAMPOS]	0	0.000	0.000	0	348.783	0	0	
0	[SLAMPOS]	0	0.000	0.000	0	348.783	0	0	
0	[SLAMPOS]	0	0.000	0.000	0	349.385	0	0	
0	[SLAMPOS]	0	0.000	0.000	0	349.996	0	0	
0	[SLAMPOS]	0	0.000	0.000	0	349.996	0	0	
0	[SLAMPOS]	0	0.000	0.000	0	350.621	0	0	
0	[SLAMPOS]	0	0.000	0.000	0	351.251	0	0	
0	[SLAMPOS]	0	0.000	0.000	0	351.251	0	0	
0	[SLAMPOS]	0	0.000	0.000	0	352.551	0	0	
0	[SLAMPOS]	0	0.000	0.000	0	352.551	0	0	
0	[SLAMPOS]	0	0.000	0.000	0	353.214	0	0	
0	[SLAMPOS]	0	0.000	0.000	0	353.884	0	0	
0	[SLAMPOS]	0	0.000	0.000	0	354.565	0	0	
0	[SLAMPOS]	0	0.000	0.000	0	355.253	0	0	
0	[SLAMPOS]	0	0.000	0.000	0	355.253	0	0	
0	[SLAMPOS]	0	0.000	0.000	0	355.946	0	0	
0	[SLAMPOS]	0	0.000	0.000	0	356.649	0	0	
0	[SLAMPOS]	0	0.000	0.000	0	357.375	0	0	
0	[SLAMPOS]	0	0.000	0.000	0	358.116	0	0	
0	[SLAMPOS]	0	0.000	0.000	0	358.116	0	0	
0	[SLAMPOS]	0	0.000	0.000	0	359.657	0	0	
0	[SLAMPOS]	0	0.000	0.000	0	359.657	0	0	
0	[SLAMPOS]	0	0.000	0.000	0	0.435	0	0	
0	[SLAMPOS]	0	0.000	0.000	0	1.210	0	0	
0	[SLAMPOS]	0	0.000	0.000	0	1.210	0	0	
0	[SLAMPOS]	0	0.000	0.000	0	2.767	0	0	
0	[SLAMPOS]	0	0.000	0.000	0	2.767	0	0	
0	[SLAMPOS]	0	0.000	0.000	0	3.562	0	0	
0	[SLAMPOS]	0	0.000	0.000	0	4.382	0	0	
0	[SLAMPOS]	0	0.000	0.000	0	4.382	0	0	
0	[SLAMPOS]	0	0.000	0.000	0	6.037	0	0	
0	[SLAMPOS]	0	0.000	0.000	0	6.037	0	0	
0	[SLAMPOS]	0	0.000	0.000	0	6.865	0	0	
0	[SLAMPOS]	0	0.000	0.000	0	7.693	0	0	
0	[SLAMPOS]	0	0.000	0.000	0	7.693	0	0	
0	[SLAMPOS]	0	0.000	0.000	0	9.412	0	0	
0	[SLAMPOS]	0	0.000	0.000	0	9.412	0	0	
0	[SLAMPOS]	0	0.000	0.000	0	10.315	0	0	
0	[SLAMPOS]	0	0.000	0.000	0	11.238	0	0	
0	[SLAMPOS]	0	0.000	0.000	0	11.238	0	0	
0	[SLAMPOS]	0	0.000	0.000	0	13.132	0	0	
0	[SLAMPOS]	0	0.000	0.000	0	13.132	0	0	
0	[SLAMPOS]	0	0.000	0.000	0	14.078	0	0	
0	[SLAMPOS]	0	0.000	0.000	0	15.046	0	0	
0	[SLAMPOS]	0	0.000	0.000	0	15.046	0	0	
0	[SLAMPOS]	0	0.000	0.000	0	17.058	0	0	
0	[SLAMPOS]	0	0.000	0.000	0	17.058	0	0	
0	[SLAMPOS]	0	0.000	0.000	0	18.048	0	0	
0	[SLAMPOS]	0	0.000	0.000	0	19.031	0	0	
0	[SLAMPOS]	0	0.000	0.000	0	19.031	0	0	
0	[SLAMPOS]	0	0.000	0.000	0	20.972	0	0	
0	[SLAMPOS]	0	0.000	0.000	0	20.972	0	0	
0	[SLAMPOS]	0	0.000	0.000	0	21.957	0	0	
0	[SLAMPOS]	0	0.000	0.000	0	22.958	0	0	
0	[SLAMPOS]	0	0.000	0.000	0	22.958	0	0	
0	[SLAMPOS]	0	0.000	0.000	0	23.970	0	0	
0	[SLAMPOS]	0	0.000	0.000	0	24.977	0	0	
0	[SLAMPOS]	0	0.000	0.000	0	24.977	0	0	
0	[SLAMPOS]	0	0.000	0.000	0	26.984	0	0	
0	[SLAMPOS]	0	0.000	0.000	0	26.984	0	0	
0	[SLAMPOS]	0	0.000	0.000	0	27.987	0	0	
0	[SLAMPOS]	0	0.000	0.000	0	28.984	0	0	
0	[SLAMPOS]	0	0.000	0.000	0	28.984	0	0	
0	[SLAMPOS]	0	0.000	0.000	0	30.959	0	0	
0	[SLAMPOS]	0	0.000	0.000	0	30.959	0	0	
0	[SLAMPOS]	0	0.000	0.000	0	31.945	0	0	
0	[SLAMPOS]	0	0.000	0.000	0	32.937	0	0	
0	[SLAMPOS]	0	0.000	0.000	0	32.937	0	0	
0	[SLAMPOS]	0	0.000	0.000	0	34.930	0	0	
0	[SLAMPOS]	0	0.000	0.000	0	34.930	0	0	
0	[SLAMPOS]	0	0.000	0.000	0	35.933	0	0	
0	[SLAMPOS]	0	0.000	0.000	0	36.932	0	0	
0	[SLAMPOS]	0	0.000	0.000	0	37.924	0	0	
0	[SLAMPOS]	0	0.000	0.000	0	38.906	0	0	
0	[SLAMPOS]	0	0.000	0.000	0	38.906	0	0	
0	[SLAMPOS]	0	0.000	0.000	0	40.872	0	0	
0	[SLAMPOS]	0	0.000	0.000	0	40.872	0	0	
0	[SLAMPOS]	0	0.000	0.000	0	41.863	0	0	
0	[SLAMPOS]	0	0.000	0.000	0	42.852	0	0	
0	[SLAMPOS]	0	0.000	0.000	0	42.852	0	0	
0	[SLAMPOS]	0	0.000	0.000	0	44.827	0	0	
0	[SLAMPOS]	0	0.000	0.000	0	44.827	0	0	
0	[SLAMPOS]	0	0.000	0.000	0	45.804	0	0	
0	[SLAMPOS]	0	0.000	0.000	0	46.773	0	0	
0	[SLAMPOS]	0	0.000	0.000	0	46.773	0	0	
0	[SLAMPOS]	0	0.000	0.000	0	48.706	0	0	
0	[SLAMPOS]	0	0.000	0.000	0	48.706	0	0	
0	[SLAMPOS]	0	0.000	0.000	0	49.651	0	0	
0	[SLAMPOS]	0	0.000	0.000	0	50.580	0	0	
0	[SLAMPOS]	0	0.000	0.000	0	51.504	0	0	
0	[SLAMPOS]	0	0.000	0.000	0	52.401	0	0	
0	[SLAMPOS]	0	0.000	0.000	0	52.401	0	0	
0	[SLAMPOS]	0	0.000	0.000	0	54.112	0	0	
0	[SLAMPOS]	0	0.000	0.000	0	54.112	0	0	
0	[SLAMPOS]	0	0.000	0.000	0	54.932	0	0	
0	[SLAMPOS]	0	0.000	0.000	0	55.739	0	0	
0	[SLAMPOS]	0	0.000	0.000	0	55.739	0	0	
0	[SLAMPOS]	0	0.000	0.000	0	57.298	0	0	
0	[SLAMPOS]	0	0.000	0.000	0	57.298	0	0	
0	[SLAMPOS]	0	0.000	0.000	0	58.035	0	0	
0	[SLAMPOS]	0	0.000	0.000	0	58.738	0	0	
0	[SLAMPOS]	0	0.000	0.000	0	58.738	0	0	
0	[SLAMPOS]	0	0.000	0.000	0	60.026	0	0	
0	[SLAMPOS]	0	0.000	0.000	0	60.026	0	0	
0	[SLAMPOS]	0	0.000	0.000	0	61.172	0	0	
0	[SLAMPOS]	0	0.000	0.000	0	61.172	0	0	
0	[SLAMPOS]	0	0.000	0.000	0	62.207	0	0	
0	[SLAMPOS]	0	0.000	0.000	0	62.207	0	0	
0	[SLAMPOS]	0	0.000	0.000	0	62.676	0	0	
0	[SLAMPOS]	0	0.000	0.000	0	63.106	0	0	
0	[SLAMPOS]	0	0.000	0.000	0	63.106	0	0	
0	[SLAMPOS]	0	0.000	0.000	0	63.916	0	0	
0	[SLAMPOS]	0	0.000	0.000	0	63.916	0	0	
0	[SLAMPOS]	0	0.000	0.000	0	64.674	0	0	
0	[SLAMPOS]	0	0.000	0.000	0	64.674	0	0	
0	[SLAMPOS]	0	0.000	0.000	0	65.022	0	0	
0	[SLAMPOS]	0	0.000	0.000	0	65.344	0	0	
0	[SLAMPOS]	0	0.000	0.000	0	65.344	0	0	
0	[SLAMPOS]	0	0.000	0.000	0	65.902	0	0	
0	[SLAMPOS]	0	0.000	0.000	0	65.902	0	0	
0	[SLAMPOS]	0	0.000	0.000	0	66.150	0	0	
0	[SLAMPOS]	0	0.000	0.000	0	66.399	0	0	
0	[SLAMPOS]	0	0.000	0.000	0	66.399	0	0	
0	[SLAMPOS]	0	0.000	0.000	0	66.884	0	0	
0	[SLAMPOS]	0	0.000	0.000	0	66.884	0	0	
0	[SLAMPOS]	0	0.000	0.000	0	67.092	0	0	
0	[SLAMPOS]	0	0.000	0.000	0	67.271	0	0	
0	[SLAMPOS]	0	0.000	0.000	0	67.271	0	0	
0	[SLAMPOS]	0	0.000	0.000	0	67.575	0	0	
0	[SLAMPOS]	0	0.000	0.000	0	67.575	0	0	
0	[SLAMPOS]	0	0.000	0.000	0	67.739	0	0	
0	[SLAMPOS]	0	0.000	0.000	0	67.907	0	0	
0	[SLAMPOS]	0	0.000	0.000	0	67.907	0	0	
0	[SLAMPOS]	0	0.000	0.000	0	68.209	0	0	
0	[SLAMPOS]	0	0.000	0.000	0	68.209	0	0	
0	[SLAMPOS]	0	0.000	0.000	0	68.330	0	0	
0	[SLAMPOS]	0	0.000	0.000	0	68.432	0	0	
0	[SLAMPOS]	0	0.000	0.000	0	68.519	0	0	
0	[SLAMPOS]	0	0.000	0.000	0	68.599	0	0	
0	[SLAMPOS]	0	0.000	0.000	0	68.599	0	0	
0	[SLAMPOS]	0	0.000	0.000	0	68.731	0	0	
0	[SLAMPOS]	0	0.000	0.000	0	68.731	0	0	
0	[SLAMPOS]	0	0.000	0.000	0	68.797	0	0	
0	[SLAMPOS]	0	0.000	0.000	0	68.857	0	0	
0	[SLAMPOS]	0	0.000	0.000	0	68.857	0	0	
0	[SLAMPOS]	0	0.000	0.000	0	68.911	0	0	
0	[SLAMPOS]	0	0.000	0.000	0	68.966	0	0	
0	[SLAMPOS]	0	0.000	0.000	0	69.016	0	0	
0	[SLAMPOS]	0	0.000	0.000	0	69.067	0	0	
0	[SLAMPOS]	0	0.000	0.000	0	69.067	0	0	
0	[SLAMPOS]	0	0.000	0.000	0	69.121	0	0	
0	[SLAMPOS]	0	0.000	0.000	0	69.170	0	0	
0	[SLAMPOS]	0	0.000	0.000	0	69.229	0	0	
0	[SLAMPOS]	0	0.000	0.000	0	69.279	0	0	
0	[SLAMPOS]	0	0.000	0.000	0	69.279	0	0	
0	[SLAMPOS]	0	0.000	0.000	0	69.359	0	0	
0	[SLAMPOS]	0	0.000	0.000	0	69.359	0	0	
0	[SLAMPOS]	0	0.000	0.000	0	69.408	0	0	
0	[SLAMPOS]	0	0.000	0.000	0	69.436	0	0	
0	[SLAMPOS]	0	0.000	0.000	0	69.436	0	0	
0	[SLAMPOS]	0	0.000	0.000	0	69.510	0	0	
0	[SLAMPOS]	0	0.000	0.000	0	69.510	0	0	
0	[SLAMPOS]	0	0.000	0.000	0	69.540	0	0	
0	[SLAMPOS]	0	0.000	0.000	0	69.570	0	0	
0	[SLAMPOS]	0	0.000	0.000	0	69.570	0	0	
0	[SLAMPOS]	0	0.000	0.000	0	69.635	0	0	
0	[SLAMPOS]	0	0.000	0.000	0	69.662	0	0	
0	[SLAMPOS]	0	0.000	0.000	0	69.689	0	0	
0	[SLAMPOS]	0	0.000	0.000	0	69.689	0	0	
0	[SLAMPOS]	0	0.000	0.000	0	69.707	0	0	
0	[SLAMPOS]	0	0.000	0.000	0	69.707	0	0	
0	[SLAMPOS]	0	0.000	0.000	0	69.723	0	0	
0	[SLAMPOS]	0	0.000	0.000	0	69.732	0	0	
0	[SLAMPOS]	0	0.000	0.000	0	69.732	0	0	
0	[SLAMPOS]	0	0.000	0.000	0	69.757	0	0	
0	[SLAMPOS]	0	0.000	0.000	0	69.757	0	0	
0	[SLAMPOS]	0	0.000	0.000	0	69.763	0	0	
0	[SLAMPOS]	0	0.000	0.000	0	69.792	0	0	
0	[SLAMPOS]	0	0.000	0.000	0	69.810	0	0	
0	[SLAMPOS]	0	0.000	0.000	0	69.825	0	0	
0	[SLAMPOS]	0	0.000	0.000	0	69.825	0	0	
0	[SLAMPOS]	0	0.000	0.000	0	69.852	0	0	
0	[SLAMPOS]	0	0.000	0.000	0	69.852	0	0	
0	[SLAMPOS]	0	0.000	0.000	0	69.861	0	0	
0	[SLAMPOS]	0	0.000	0.000	0	69.879	0	0	
0	[SLAMPOS]	0	0.000	0.000	0	69.879	0	0	
0	[SLAMPOS]	0	0.000	0.000	0	69.872	0	0	
0	[SLAMPOS]	0	0.000	0.000	0	69.869	0	0	
0	[SLAMPOS]	0	0.000	0.000	0	69.863	0	0	
0	[SLAMPOS]	0	0.000	0.000	0	69.865	0	0	
0	[SLAMPOS]	0	0.000	0.000	0	69.865	0	0	
0	[SLAMPOS]	0	0.000	0.000	0	69.896	0	0	
0	[SLAMPOS]	0	0.000	0.000	0	69.896	0	0	
0	[SLAMPOS]	0	0.000	0.000	0	69.888	0	0	
0	[SLAMPOS]	0	0.000	0.000	0	69.861	0	0	
0	[SLAMPOS]	0	0.000	0.000	0	69.861	0	0	
0	[SLAMPOS]	0	0.000	0.000	0	69.845	0	0	
0	[SLAMPOS]	0	0.000	0.000	0	69.845	0	0	
0	[SLAMPOS]	0	0.000	0.000	0	69.838	0	0	
0	[SLAMPOS]	0	0.000	0.000	0	69.834	0	0	
0	[SLAMPOS]	0	0.000	0.000	0	69.834	0	0	
0	[SLAMPOS]	0	0.000	0.000	0	69.848	0	0	
0	[SLAMPOS]	0	0.000	0.000	0	69.848	0	0	
0	[SLAMPOS]	0	0.000	0.000	0	69.828	0	0	
0	[SLAMPOS]	0	0.000	0.000	0	69.818	0	0	
0	[SLAMPOS]	0	0.000	0.000	0	69.818	0	0	
0	[SLAMPOS]	0	0.000	0.000	0	69.818	0	0	
0	[SLAMPOS]	0	0.000	0.000	0	69.818	0	0	
0	[SLAMPOS]	0	0.000	0.000	0	69.822	0	0	
0	[SLAMPOS]	0	0.000	0.000	0	69.799	0	0	
0	[SLAMPOS]	0	0.000	0.000	0	69.801	0	0	
0	[SLAMPOS]	0	0.000	0.000	0	69.800	0	0	
0	[SLAMPOS]	0	0.000	0.000	0	69.800	0	0	
0	[SLAMPOS]	0	0.000	0.000	0	69.792	0	0	
0	[SLAMPOS]	0	0.000	0.000	0	69.792	0	0	
0	[SLAMPOS]	0	0.000	0.000	0	69.792	0	0	
0	[SLAMPOS]	0	0.000	0.000	0	69.755	0	0	
0	[SLAMPOS]	0	0.000	0.000	0	69.755	0	0	
0	[SLAMPOS]	0	0.000	0.000	0	69.722	0	0	
0	[SLAMPOS]	0	0.000	0.000	0	69.714	0	0	
0	[SLAMPOS]	0	0.000	0.000	0	69.701	0	0	
0	[SLAMPOS]	0	0.000	0.000	0	69.681	0	0	
0	[SLAMPOS]	0	0.000	0.000	0	69.681	0	0	
0	[SLAMPOS]	0	0.000	0.000	0	69.677	0	0	
0	[SLAMPOS]	0	0.000	0.000	0	69.677	0	0	
0	[SLAMPOS]	0	0.000	0.000	0	69.648	0	0	
0	[SLAMPOS]	0	0.000	0.000	0	69.623	0	0	
0	[SLAMPOS]	0	0.000	0.000	0	69.623	0	0	
0	[SLAMPOS]	0	0.000	0.000	0	69.563	0	0	
0	[SLAMPOS]	0	0.000	0.000	0	69.563	0	0	
0	[SLAMPOS]	0	0.000	0.000	0	69.564	0	0	
0	[SLAMPOS]	0	0.000	0.000	0	69.559	0	0	
0	[SLAMPOS]	0	0.000	0.000	0	69.559	0	0	
0	[SLAMPOS]	0	0.000	0.000	0	69.465	0	0	
0	[SLAMPOS]	0	0.000	0.000	0	69.465	0	0	
0	[SLAMPOS]	0	0.000	0.000	0	69.453	0	0	
0	[SLAMPOS]	0	0.000	0.000	0	69.442	0	0	
0	[SLAMPOS]	0	0.000	0.000	0	69.442	0	0	
0	[SLAMPOS]	0	0.000	0.000	0	69.427	0	0	
0	[SLAMPOS]	0	0.000	0.000	0	69.427	0	0	
0	[SLAMPOS]	0	0.000	0.000	0	69.433	0	0	
0	[SLAMPOS]	0	0.000	0.000	0	69.442	0	0	
0	[SLAMPOS]	0	0.000	0.000	0	69.442	0	0	
0	[SLAMPOS]	0	0.000	0.000	0	69.474	0	0	
0	[SLAMPOS]	0	0.000	0.000	0	69.474	0	0	
0	[SLAMPOS]	0	0.000	0.000	0	69.478	0	0	
0	[SLAMPOS]	0	0.000	0.000	0	69.496	0	0	
0	[SLAMPOS]	0	0.000	0.000	0	69.496	0	0	
0	[SLAMPOS]	0	0.000	0.000	0	69.588	0	0	
0	[SLAMPOS]	0	0.000	0.000	0	69.588	0	0	
0	[SLAMPOS]	0	0.000	0.000	0	69.710	0	0	
0	[SLAMPOS]	0	0.000	0.000	0	69.710	0	0	
0	[SLAMPOS]	0	0.000	0.000	0	69.820	0	0	
0	[SLAMPOS]	0	0.000	0.000	0	69.820	0	0	
0	[SLAMPOS]	0	0.000	0.000	0	69.923	0	0	
0	[SLAMPOS]	0	0.000	0.000	0	69.923	0	0	
0	[SLAMPOS]	0	0.000	0.000	0	69.975	0	0	
0	[SLAMPOS]	0	0.000	0.000	0	70.031	0	0	
0	[SLAMPOS]	0	0.000	0.000	0	70.031	0	0	
0	[SLAMPOS]	0	0.000	0.000	0	70.094	0	0	
0	[SLAMPOS]	0	0.000	0.000	0	70.161	0	0	
0	[SLAMPOS]	0	0.000	0.000	0	70.161	0	0	
0	[SLAMPOS]	0	0.000	0.000	0	70.305	0	0	
0	[SLAMPOS]	0	0.000	0.000	0	70.305	0	0	
0	[SLAMPOS]	0	0.000	0.000	0	70.455	0	0	
0	[SLAMPOS]	0	0.000	0.000	0	70.455	0	0	
0	[SLAMPOS]	0	0.000	0.000	0	70.533	0	0	
0	[SLAMPOS]	0	0.000	0.000	0	70.613	0	0	
0	[SLAMPOS]	0	0.000	0.000	0	70.613	0	0	
0	[SLAMPOS]	0	0.000	0.000	0	70.769	0	0	
0	[SLAMPOS]	0	0.000	0.000	0	70.769	0	0	
0	[SLAMPOS]	0	0.000	0.000	0	70.848	0	0	
0	[SLAMPOS]	0	0.000	0.000	0	70.920	0	0	
0	[SLAMPOS]	0	0.000	0.000	0	70.920	0	0	
0	[SLAMPOS]	0	0.000	0.000	0	71.062	0	0	
0	[SLAMPOS]	0	0.000	0.000	0	71.062	0	0	
0	[SLAMPOS]	0	0.000	0.000	0	71.151	0	0	
0	[SLAMPOS]	0	0.000	0.000	0	71.237	0	0	
0	[SLAMPOS]	0	0.000	0.000	0	71.237	0	0	
0	[SLAMPOS]	0	0.000	0.000	0	71.414	0	0	
0	[SLAMPOS]	0	0.000	0.000	0	71.414	0	0	
0	[SLAMPOS]	0	0.000	0.000	0	71.498	0	0	
0	[SLAMPOS]	0	0.000	0.000	0	71.582	0	0	
0	[SLAMPOS]	0	0.000	0.000	0	71.582	0	0	
0	[SLAMPOS]	0	0.000	0.000	0	71.791	0	0	
0	[SLAMPOS]	0	0.000	0.000	0	71.791	0	0	
0	[SLAMPOS]	0	0.000	0.000	0	71.918	0	0	
0	[SLAMPOS]	0	0.000	0.000	0	72.055	0	0	
0	[SLAMPOS]	0	0.000	0.000	0	72.188	0	0	
0	[SLAMPOS]	0	0.000	0.000	0	72.319	0	0	
0	[SLAMPOS]	0	0.000	0.000	0	72.319	0	0	
0	[SLAMPOS]	0	0.000	0.000	0	72.567	0	0	
0	[SLAMPOS]	0	0.000	0.000	0	72.567	0	0	
0	[SLAMPOS]	0	0.000	0.000	0	72.692	0	0	
0	[SLAMPOS]	0	0.000	0.000	0	72.814	0	0	
0	[SLAMPOS]	0	0.000	0.000	0	72.814	0	0	
0	[SLAMPOS]	0	0.000	0.000	0	73.033	0	0	
0	[SLAMPOS]	0	0.000	0.000	0	73.033	0	0	
0	[SLAMPOS]	0	0.000	0.000	0	73.122	0	0	
0	[SLAMPOS]	0	0.000	0.000	0	73.210	0	0	
0	[SLAMPOS]	0	0.000	0.000	0	73.210	0	0	
0	[SLAMPOS]	0	0.000	0.000	0	73.378	0	0	
0	[SLAMPOS]	0	0.000	0.000	0	73.378	0	0	
0	[SLAMPOS]	0	0.000	0.000	0	73.460	0	0	
0	[SLAMPOS]	0	0.000	0.000	0	73.531	0	0	
0	[SLAMPOS]	0	0.000	0.000	0	73.599	0	0	
0	[SLAMPOS]	0	0.000	0.000	0	73.663	0	0	
0	[SLAMPOS]	0	0.000	0.000	0	73.663	0	0	
0	[SLAMPOS]	0	0.000	0.000	0	73.781	0	0	
0	[SLAMPOS]	0	0.000	0.000	0	73.781	0	0	
0	[SLAMPOS]	0	0.000	0.000	0	73.823	0	0	
0	[SLAMPOS]	0	0.000	0.000	0	73.946	0	0	
0	[SLAMPOS]	0	0.000	0.000	0	73.946	0	0	
0	[SLAMPOS]	0	0.000	0.000	0	73.949	0	0	
0	[SLAMPOS]	0	0.000	0.000	0	73.949	0	0	
0	[SLAMPOS]	0	0.000	0.000	0	74.057	0	0	
0	[SLAMPOS]	0	0.000	0.000	0	74.019	0	0	
0	[SLAMPOS]	0	0.000	0.000	0	74.019	0	0	
0	[SLAMPOS]	0	0.000	0.000	0	74.015	0	0	
0	[SLAMPOS]	0	0.000	0.000	0	74.015	0	0	
0	[SLAMPOS]	0	0.000	0.000	0	74.049	0	0	
0	[SLAMPOS]	0	0.000	0.000	0	74.106	0	0	
0	[SLAMPOS]	0	0.000	0.000	0	74.106	0	0	
0	[SLAMPOS]	0	0.000	0.000	0	74.084	0	0	
0	[SLAMPOS]	0	0.000	0.000	0	74.084	0	0	
0	[SLAMPOS]	0	0.000	0.000	0	74.114	0	0	
0	[SLAMPOS]	0	0.000	0.000	0	74.114	0	0	
0	[SLAMPOS]	0	0.000	0.000	0	74.161	0	0	
0	[SLAMPOS]	0	0.000	0.000	0	74.170	0	0	
0	[SLAMPOS]	0	0.000	0.000	0	74.170	0	0	
0	[SLAMPOS]	0	0.000	0.000	0	74.208	0	0	
0	[SLAMPOS]	0	0.000	0.000	0	74.239	0	0	
0	[SLAMPOS]	0	0.000	0.000	0	74.244	0	0	
0	[SLAMPOS]	0	0.000	0.000	0	74.273	0	0	
0	[SLAMPOS]	0	0.000	0.000	0	74.273	0	0	
0	[SLAMPOS]	0	0.000	0.000	0	74.283	0	0	
0	[SLAMPOS]	0	0.000	0.000	0	74.283	0	0	
0	[SLAMPOS]	0	0.000	0.000	0	74.366	0	0	
0	[SLAMPOS]	0	0.000	0.000	0	74.349	0	0	
0	[SLAMPOS]	0	0.000	0.000	0	74.349	0	0	
0	[SLAMPOS]	0	0.000	0.000	0	74.383	0	0	
0	[SLAMPOS]	0	0.000	0.000	0	74.383	0	0	
0	[SLAMPOS]	0	0.000	0.000	0	74.380	0	0	
0	[SLAMPOS]	0	0.000	0.000	0	74.406	0	0	
0	[SLAMPOS]	0	0.000	0.000	0	74.438	0	0	
0	[SLAMPOS]	0	0.000	0.000	0	74.457	0	0	
0	[SLAMPOS]	0	0.000	0.000	0	74.457	0	0	
0	[SLAMPOS]	0	0.000	0.000	0	74.452	0	0	
0	[SLAMPOS]	0	0.000	0.000	0	74.472	0	0	
0	[SLAMPOS]	0	0.000	0.000	0	74.492	0	0	
0	[SLAMPOS]	0	0.000	0.000	0	74.481	0	0	
0	[SLAMPOS]	0	0.000	0.000	0	74.481	0	0	
0	[SLAMPOS]	0	0.000	0.000	0	74.501	0	0	
0	[SLAMPOS]	0	0.000	0.000	0	74.501	0	0	
0	[SLAMPOS]	0	0.000	0.000	0	74.536	0	0	
0	[SLAMPOS]	0	0.000	0.000	0	74.566	0	0	
0	[SLAMPOS]	0	0.000	0.000	0	74.566	0	0	
0	[SLAMPOS]	0	0.000	0.000	0	74.636	0	0	
0	[SLAMPOS]	0	0.000	0.000	0	74.636	0	0	
0	[SLAMPOS]	0	0.000	0.000	0	74.632	0	0	
0	[SLAMPOS]	0	0.000	0.000	0	74.634	0	0	
0	[SLAMPOS]	0	0.000	0.000	0	74.634	0	0	
0	[SLAMPOS]	0	0.000	0.000	0	74.707	0	0	
0	[SLAMPOS]	0	0.000	0.000	0	74.707	0	0	
0	[SLAMPOS]	0	0.000	0.000	0	74.703	0	0	
0	[SLAMPOS]	0	0.000	0.000	0	74.757	0	0	
0	[SLAMPOS]	0	0.000	0.000	0	74.757	0	0	
0	[SLAMPOS]	0	0.000	0.000	0	74.790	0	0	
0	[SLAMPOS]	0	0.000	0.000	0	74.790	0	0	
0	[SLAMPOS]	0	0.000	0.000	0	74.804	0	0	
0	[SLAMPOS]	0	0.000	0.000	0	74.854	0	0	
0	[SLAMPOS]	0	0.000	0.000	0	74.854	0	0	
0	[SLAMPOS]	0	0.000	0.000	0	74.931	0	0	
0	[SLAMPOS]	0	0.000	0.000	0	74.931	0	0	
0	[SLAMPOS]	0	0.000	0.000	0	74.970	0	0	
0	[SLAMPOS]	0	0.000	0.000	0	74.970	0	0	
0	[SLAMPOS]	0	0.000	0.000	0	74.991	0	0	
0	[SLAMPOS]	0	0.000	0.000	0	75.037	0	0	
0	[SLAMPOS]	0	0.000	0.000	0	75.037	0	0	
0	[SLAMPOS]	0	0.000	0.000	0	75.080	0	0	
0	[SLAMPOS]	0	0.000	0.000	0	75.080	0	0	
0	[SLAMPOS]	0	0.000	0.000	0	75.114	0	0	
0	[SLAMPOS]	0	0.000	0.000	0	75.130	0	0	
0	[SLAMPOS]	0	0.000	0.000	0	75.130	0	0	
0	[SLAMPOS]	0	0.000	0.000	0	75.154	0	0	
0	[SLAMPOS]	0	0.000	0.000	0	75.129	0	0	
0	[SLAMPOS]	0	0.000	0.000	0	75.165	0	0	
0	[SLAMPOS]	0	0.000	0.000	0	75.206	0	0	
0	[SLAMPOS]	0	0.000	0.000	0	75.206	0	0	
0	[SLAMPOS]	0	0.000	0.000	0	75.253	0	0	
0	[SLAMPOS]	0	0.000	0.000	0	75.253	0	0	
0	[SLAMPOS]	0	0.000	0.000	0	75.289	0	0	
0	[SLAMPOS]	0	0.000	0.000	0	75.315	0	0	
0	[SLAMPOS]	0	0.000	0.000	0	75.315	0	0	
0	[SLAMPOS]	0	0.000	0.000	0	75.334	0	0	
0	[SLAMPOS]	0	0.000	0.000	0	75.334	0	0	
0	[SLAMPOS]	0	0.000	0.000	0	75.336	0	0	
0	[SLAMPOS]	0	0.000	0.000	0	75.351	0	0	
0	[SLAMPOS]	0	0.000	0.000	0	75.351	0	0	
0	[SLAMPOS]	0	0.000	0.000	0	75.365	0	0	
0	[SLAMPOS]	0	0.000	0.000	0	75.365	0	0	
0	[SLAMPOS]	0	0.000	0.000	0	75.362	0	0	
0	[SLAMPOS]	0	0.000	0.000	0	75.368	0	0	
0	[SLAMPOS]	0	0.000	0.000	0	75.368	0	0	
0	[SLAMPOS]	0	0.000	0.000	0	75.383	0	0	
0	[SLAMPOS]	0	0.000	0.000	0	75.383	0	0	
0	[SLAMPOS]	0	0.000	0.000	0	75.392	0	0	
0	[SLAMPOS]	0	0.000	0.000	0	75.398	0	0	
0	[SLAMPOS]	0	0.000	0.000	0	75.398	0	0	
0	[SLAMPOS]	0	0.000	0.000	0	75.415	0	0	
0	[SLAMPOS]	0	0.000	0.000	0	75.415	0	0	
0	[SLAMPOS]	0	0.000	0.000	0	75.412	0	0	
0	[SLAMPOS]	0	0.000	0.000	0	75.413	0	0	
0	[SLAMPOS]	0	0.000	0.000	0	75.415	0	0	
0	[SLAMPOS]	0	0.000	0.000	0	75.422	0	0	
0	[SLAMPOS]	0	0.000	0.000	0	75.422	0	0	
0	[SLAMPOS]	0	0.000	0.000	0	75.464	0	0	
0	[SLAMPOS]	0	0.000	0.000	0	75.464	0	0	
0	[SLAMPOS]	0	0.000	0.000	0	75.492	0	0	
0	[SLAMPOS]	0	0.000	0.000	0	75.523	0	0	
0	[SLAMPOS]	0	0.000	0.000	0	75.523	0	0	
0	[SLAMPOS]	0	0.000	0.000	0	75.565	0	0	
0	[SLAMPOS]	0	0.000	0.000	0	75.565	0	0	
0	[SLAMPOS]	0	0.000	0.000	0	75.587	0	0	
0	[SLAMPOS]	0	0.000	0.000	0	75.613	0	0	
0	[SLAMPOS]	0	0.000	0.000	0	75.613	0	0	
0	[SLAMPOS]	0	0.000	0.000	0	75.666	0	0	
0	[SLAMPOS]	0	0.000	0.000	0	75.666	0	0	
0	[SLAMPOS]	0	0.000	0.000	0	75.697	0	0	
0	[SLAMPOS]	0	0.000	0.000	0	75.724	0	0	
0	[SLAMPOS]	0	0.000	0.000	0	75.724	0	0	
0	[SLAMPOS]	0	0.000	0.000	0	75.779	0	0	
0	[SLAMPOS]	0	0.000	0.000	0	75.779	0	0	
0	[SLAMPOS]	0	0.000	0.000	0	75.805	0	0	
0	[SLAMPOS]	0	0.000	0.000	0	75.827	0	0	
0	[SLAMPOS]	0	0.000	0.000	0	75.827	0	0	
0	[SLAMPOS]	0	0.000	0.000	0	75.863	0	0	
0	[SLAMPOS]	0	0.000	0.000	0	75.863	0	0	
0	[SLAMPOS]	0	0.000	0.000	0	75.888	0	0	
0	[SLAMPOS]	0	0.000	0.000	0	75.921	0	0	
0	[SLAMPOS]	0	0.000	0.000	0	75.921	0	0	
0	[SLAMPOS]	0	0.000	0.000	0	75.976	0	0	
0	[SLAMPOS]	0	0.000	0.000	0	75.976	0	0	
0	[SLAMPOS]	0	0.000	0.000	0	76.003	0	0	
0	[SLAMPOS]	0	0.000	0.000	0	76.027	0	0	
0	[SLAMPOS]	0	0.000	0.000	0	76.027	0	0	
0	[SLAMPOS]	0	0.000	0.000	0	76.075	0	0	
0	[SLAMPOS]	0	0.000	0.000	0	76.075	0	0	
0	[SLAMPOS]	0	0.000	0.000	0	76.102	0	0	
0	[SLAMPOS]	0	0.000	0.000	0	76.120	0	0	
0	[SLAMPOS]	0	0.000	0.000	0	76.120	0	0	
0	[SLAMPOS]	0	0.000	0.000	0	76.156	0	0	
0	[SLAMPOS]	0	0.000	0.000	0	76.156	0	0	
0	[SLAMPOS]	0	0.000	0.000	0	76.208	0	0	
0	[SLAMPOS]	0	0.000	0.000	0	76.208	0	0	
0	[SLAMPOS]	0	0.000	0.000	0	76.242	0	0	
0	[SLAMPOS]	0	0.000	0.000	0	76.270	0	0	
0	[SLAMPOS]	0	0.000	0.000	0	76.270	0	0	
0	[SLAMPOS]	0	0.000	0.000	0	76.319	0	0	
0	[SLAMPOS]	0	0.000	0.000	0	76.319	0	0	
0	[SLAMPOS]	0	0.000	0.000	0	76.339	0	0	
0	[SLAMPOS]	0	0.000	0.000	0	76.371	0	0	
0	[SLAMPOS]	0	0.000	0.000	0	76.371	0	0	
0	[SLAMPOS]	0	0.000	0.000	0	76.441	0	0	
0	[SLAMPOS]	0	0.000	0.000	0	76.441	0	0	
0	[SLAMPOS]	0	0.000	0.000	0	76.472	0	0	
0	[SLAMPOS]	0	0.000	0.000	0	76.501	0	0	
0	[SLAMPOS]	0	0.000	0.000	0	76.501	0	0	
0	[SLAMPOS]	0	0.000	0.000	0	76.567	0	0	
0	[SLAMPOS]	0	0.000	0.000	0	76.567	0	0	
0	[SLAMPOS]	0	0.000	0.000	0	76.600	0	0	
0	[SLAMPOS]	0	0.000	0.000	0	76.635	0	0	
0	[SLAMPOS]	0	0.000	0.000	0	76.635	0	0	
0	[SLAMPOS]	0	0.000	0.000	0	76.699	0	0	
0	[SLAMPOS]	0	0.000	0.000	0	76.699	0	0	
0	[SLAMPOS]	0	0.000	0.000	0	76.729	0	0	
0	[SLAMPOS]	0	0.000	0.000	0	76.755	0	0	
0	[SLAMPOS]	0	0.000	0.000	0	76.755	0	0	
0	[SLAMPOS]	0	0.000	0.000	0	76.807	0	0	
0	[SLAMPOS]	0	0.000	0.000	0	76.807	0	0	
0	[SLAMPOS]	0	0.000	0.000	0	76.825	0	0	
0	[SLAMPOS]	0	0.000	0.000	0	76.871	0	0	
0	[SLAMPOS]	0	0.000	0.000	0	76.886	0	0	
0	[SLAMPOS]	0	0.000	0.000	0	76.904	0	0	
0	[SLAMPOS]	0	0.000	0.000	0	76.904	0	0	
0	[SLAMPOS]	0	0.000	0.000	0	76.955	0	0	
0	[SLAMPOS]	0	0.000	0.000	0	76.955	0	0	
0	[SLAMPOS]	0	0.000	0.000	0	76.973	0	0	
0	[SLAMPOS]	0	0.000	0.000	0	76.999	0	0	
0	[SLAMPOS]	0	0.000	0.000	0	76.999	0	0	
0	[SLAMPOS]	0	0.000	0.000	0	77.012	0	0	
0	[SLAMPOS]	0	0.000	0.000	0	77.012	0	0	
0	[SLAMPOS]	0	0.000	0.000	0	77.014	0	0	
0	[SLAMPOS]	0	0.000	0.000	0	77.028	0	0	
0	[SLAMPOS]	0	0.000	0.000	0	77.028	0	0	
0	[SLAMPOS]	0	0.000	0.000	0	77.050	0	0	
0	[SLAMPOS]	0	0.000	0.000	0	77.050	0	0	
0	[SLAMPOS]	0	0.000	0.000	0	77.050	0	0	
0	[SLAMPOS]	0	0.000	0.000	0	77.057	0	0	
0	[SLAMPOS]	0	0.000	0.000	0	77.057	0	0	
0	[SLAMPOS]	0	0.000	0.000	0	77.061	0	0	
0	[SLAMPOS]	0	0.000	0.000	0	77.061	0	0	
0	[SLAMPOS]	0	0.000	0.000	0	77.055	0	0	
0	[SLAMPOS]	0	0.000	0.000	0	77.055	0	0	
0	[SLAMPOS]	0	0.000	0.000	0	77.055	0	0	
0	[SLAMPOS]	0	0.000	0.000	0	77.057	0	0	
0	[SLAMPOS]	0	0.000	0.000	0	77.057	0	0	
0	[SLAMPOS]	0	0.000	0.000	0	77.049	0	0	
0	[SLAMPOS]	0	0.000	0.000	0	77.050	0	0	
0	[SLAMPOS]	0	0.000	0.000	0	77.050	0	0	
0	[SLAMPOS]	0	0.000	0.000	0	77.036	0	0	
0	[SLAMPOS]	0	0.000	0.000	0	77.036	0	0	
0	[SLAMPOS]	0	0.000	0.000	0	77.035	0	0	
0	[SLAMPOS]	0	0.000	0.000	0	77.025	0	0	
0	[SLAMPOS]	0	0.000	0.000	0	77.025	0	0	
0	[SLAMPOS]	0	0.000	0.000	0	77.014	0	0	
0	[SLAMPOS]	0	0.000	0.000	0	77.014	0	0	
0	[SLAMPOS]	0	0.000	0.000	0	77.002	0	0	
0	[SLAMPOS]	0	0.000	0.000	0	77.001	0	0	
0	[SLAMPOS]	0	0.000	0.000	0	77.001	0	0	
0	[SLAMPOS]	0	0.000	0.000	0	76.979	0	0	
0	[SLAMPOS]	0	0.000	0.000	0	76.979	0	0	
0	[SLAMPOS]	0	0.000	0.000	0	76.968	0	0	
0	[SLAMPOS]	0	0.000	0.000	0	76.956	0	0	
0	[SLAMPOS]	0	0.000	0.000	0	76.956	0	0	
0	[SLAMPOS]	0	0.000	0.000	0	76.917	0	0	
0	[SLAMPOS]	0	0.000	0.000	0	76.917	0	0	
0	[SLAMPOS]	0	0.000	0.000	0	76.895	0	0	
0	[SLAMPOS]	0	0.000	0.000	0	76.860	0	0	
0	[SLAMPOS]	0	0.000	0.000	0	76.833	0	0	
0	[SLAMPOS]	0	0.000	0.000	0	76.787	0	0	
0	[SLAMPOS]	0	0.000	0.000	0	76.787	0	0	
0	[SLAMPOS]	0	0.000	0.000	0	76.695	0	0	
0	[SLAMPOS]	0	0.000	0.000	0	76.695	0	0	
0	[SLAMPOS]	0	0.000	0.000	0	76.651	0	0	
0	[SLAMPOS]	0	0.000	0.000	0	76.608	0	0	
0	[SLAMPOS]	0	0.000	0.000	0	76.608	0	0	
0	[SLAMPOS]	0	0.000	0.000	0	76.568	0	0	
0	[SLAMPOS]	0	0.000	0.000	0	76.521	0	0	
0	[SLAMPOS]	0	0.000	0.000	0	76.467	0	0	
0	[SLAMPOS]	0	0.000	0.000	0	76.410	0	0	
0	[SLAMPOS]	0	0.000	0.000	0	76.410	0	0	
0	[SLAMPOS]	0	0.000	0.000	0	76.292	0	0	
0	[SLAMPOS]	0	0.000	0.000	0	76.292	0	0	
0	[SLAMPOS]	0	0.000	0.000	0	76.227	0	0	
0	[SLAMPOS]	0	0.000	0.000	0	76.157	0	0	
0	[SLAMPOS]	0	0.000	0.000	0	76.157	0	0	
0	[SLAMPOS]	0	0.000	0.000	0	76.003	0	0	
0	[SLAMPOS]	0	0.000	0.000	0	76.003	0	0	
0	[SLAMPOS]	0	0.000	0.000	0	75.930	0	0	
0	[SLAMPOS]	0	0.000	0.000	0	75.858	0	0	
0	[SLAMPOS]	0	0.000	0.000	0	75.858	0	0	
0	[SLAMPOS]	0	0.000	0.000	0	75.715	0	0	
0	[SLAMPOS]	0	0.000	0.000	0	75.715	0	0	
0	[SLAMPOS]	0	0.000	0.000	0	75.635	0	0	
0	[SLAMPOS]	0	0.000	0.000	0	75.553	0	0	
0	[SLAMPOS]	0	0.000	0.000	0	75.553	0	0	
0	[SLAMPOS]	0	0.000	0.000	0	75.388	0	0	
0	[SLAMPOS]	0	0.000	0.000	0	75.388	0	0	
0	[SLAMPOS]	0	0.000	0.000	0	75.299	0	0	
0	[SLAMPOS]	0	0.000	0.000	0	75.210	0	0	
0	[SLAMPOS]	0	0.000	0.000	0	75.210	0	0	
0	[SLAMPOS]	0	0.000	0.000	0	75.034	0	0	
0	[SLAMPOS]	0	0.000	0.000	0	75.034	0	0	
0	[SLAMPOS]	0	0.000	0.000	0	74.942	0	0	
0	[SLAMPOS]	0	0.000	0.000	0	74.848	0	0	
0	[SLAMPOS]	0	0.000	0.000	0	74.753	0	0	
0	[SLAMPOS]	0	0.000	0.000	0	74.657	0	0	
0	[SLAMPOS]	0	0.000	0.000	0	74.657	0	0	
0	[SLAMPOS]	0	0.000	0.000	0	74.558	0	0	
0	[SLAMPOS]	0	0.000	0.000	0	74.456	0	0	
0	[SLAMPOS]	0	0.000	0.000	0	74.352	0	0	
0	[SLAMPOS]	0	0.000	0.000	0	74.242	0	0	
0	[SLAMPOS]	0	0.000	0.000	0	74.242	0	0	
0	[SLAMPOS]	0	0.000	0.000	0	74.015	0	0	
0	[SLAMPOS]	0	0.000	0.000	0	74.015	0	0	
0	[SLAMPOS]	0	0.000	0.000	0	73.901	0	0	
0	[SLAMPOS]	0	0.000	0.000	0	73.787	0	0	
0	[SLAMPOS]	0	0.000	0.000	0	73.787	0	0	
0	[SLAMPOS]	0	0.000	0.000	0	73.571	0	0	
0	[SLAMPOS]	0	0.000	0.000	0	73.571	0	0	
0	[SLAMPOS]	0	0.000	0.000	0	73.467	0	0	
0	[SLAMPOS]	0	0.000	0.000	0	73.369	0	0	
0	[SLAMPOS]	0	0.000	0.000	0	73.369	0	0	
0	[SLAMPOS]	0	0.000	0.000	0	73.171	0	0	
0	[SLAMPOS]	0	0.000	0.000	0	73.171	0	0	
0	[SLAMPOS]	0	0.000	0.000	0	73.078	0	0	
0	[SLAMPOS]	0	0.000	0.000	0	72.984	0	0	
0	[SLAMPOS]	0	0.000	0.000	0	72.984	0	0	
0	[SLAMPOS]	0	0.000	0.000	0	72.835	0	0	
0	[SLAMPOS]	0	0.000	0.000	0	72.835	0	0	
0	[SLAMPOS]	0	0.000	0.000	0	72.785	0	0	
0	[SLAMPOS]	0	0.000	0.000	0	72.726	0	0	
0	[SLAMPOS]	0	0.000	0.000	0	72.726	0	0	
0	[SLAMPOS]	0	0.000	0.000	0	72.704	0	0	
0	[SLAMPOS]	0	0.000	0.000	0	72.704	0	0	
0	[SLAMPOS]	0	0.000	0.000	0	72.689	0	0	
0	[SLAMPOS]	0	0.000	0.000	0	72.666	0	0	
0	[SLAMPOS]	0	0.000	0.000	0	72.666	0	0	
0	[SLAMPOS]	0	0.000	0.000	0	72.637	0	0	
0	[SLAMPOS]	0	0.000	0.000	0	72.637	0	0	
0	[SLAMPOS]	0	0.000	0.000	0	72.622	0	0	
0	[SLAMPOS]	0	0.000	0.000	0	72.619	0	0	
0	[SLAMPOS]	0	0.000	0.000	0	72.620	0	0	
0	[SLAMPOS]	0	0.000	0.000	0	72.616	0	0	
0	[SLAMPOS]	0	0.000	0.000	0	72.616	0	0	
0	[SLAMPOS]	0	0.000	0.000	0	72.639	0	0	
0	[SLAMPOS]	0	0.000	0.000	0	72.639	0	0	
0	[SLAMPOS]	0	0.000	0.000	0	72.650	0	0	
