0	[GPS]	0	31.592097337045555	120.772107409863740	305.718748155393830	289149.000	3497215.000	0	0	
0	[GPS]	0	31.592099058468321	120.772104999905810	306.607710936249300	-535.760	196.991	0	0	
0	[GPS]	0	31.592099058468321	120.772104999905810	306.607710936249300	-535.760	196.991	0	0	
0	[GPS]	0	31.592102747514556	120.772100144723230	308.398695819653370	-536.212	197.410	0	0	
0	[GPS]	0	31.592102747514556	120.772100144723230	308.398695819653370	-536.212	197.410	0	0	
0	[GPS]	0	31.592104627797283	120.772097711086390	309.286456487214930	-536.439	197.623	0	0	
0	[GPS]	0	31.592106458911424	120.772095335406430	310.160392851896400	-536.660	197.831	0	0	
0	[GPS]	0	31.592106458911424	120.772095335406430	310.160392851896400	-536.660	197.831	0	0	
0	[GPS]	0	31.592110413682839	120.772090564921380	311.877693654534370	-537.104	198.278	0	0	
0	[GPS]	0	31.592110413682839	120.772090564921380	311.877693654534370	-537.104	198.278	0	0	
0	[GPS]	0	31.592112432311371	120.772088179053010	312.707780204744380	-537.326	198.507	0	0	
0	[GPS]	0	31.592114504608197	120.772085854194160	313.499836261655730	-537.542	198.741	0	0	
0	[GPS]	0	31.592114504608197	120.772085854194160	313.499836261655730	-537.542	198.741	0	0	
0	[GPS]	0	31.592118608408214	120.772081364254900	314.919941873128100	-537.959	199.205	0	0	
0	[GPS]	0	31.592118608408214	120.772081364254900	314.919941873128100	-537.959	199.205	0	0	
0	[GPS]	0	31.592120734723093	120.772079194641900	315.540833389438940	-538.160	199.445	0	0	
0	[GPS]	0	31.592122858121165	120.772077041655460	316.116290487390870	-538.359	199.684	0	0	
0	[GPS]	0	31.592122858121165	120.772077041655460	316.116290487390870	-538.359	199.684	0	0	
0	[GPS]	0	31.592126994294240	120.772072832226570	317.150845580594360	-538.750	200.151	0	0	
0	[GPS]	0	31.592126994294240	120.772072832226570	317.150845580594360	-538.750	200.151	0	0	
0	[GPS]	0	31.592129197990001	120.772070666191540	317.607921839851600	-538.950	200.399	0	0	
0	[GPS]	0	31.592131363982840	120.772068605323260	318.034535455410610	-539.141	200.644	0	0	
0	[GPS]	0	31.592131363982840	120.772068605323260	318.034535455410610	-539.141	200.644	0	0	
0	[GPS]	0	31.592135652958611	120.772064434596890	318.770228791291000	-539.527	201.127	0	0	
0	[GPS]	0	31.592135652958611	120.772064434596890	318.770228791291000	-539.527	201.127	0	0	
0	[GPS]	0	31.592137746549067	120.772062425973050	319.082122549550490	-539.713	201.363	0	0	
0	[GPS]	0	31.592139865971458	120.772060397998540	319.363034569734740	-539.901	201.602	0	0	
0	[GPS]	0	31.592139865971458	120.772060397998540	319.363034569734740	-539.901	201.602	0	0	
0	[GPS]	0	31.592144193458420	120.772056095672210	319.855354605109310	-540.299	202.090	0	0	
0	[GPS]	0	31.592144193458420	120.772056095672210	319.855354605109310	-540.299	202.090	0	0	
0	[GPS]	0	31.592146328035241	120.772054075458300	320.094192660006290	-540.486	202.331	0	0	
0	[GPS]	0	31.592148465418020	120.772052077997930	320.351690791715780	-540.671	202.572	0	0	
0	[GPS]	0	31.592148465418020	120.772052077997930	320.351690791715780	-540.671	202.572	0	0	
0	[GPS]	0	31.592152692272119	120.772048017589460	320.869555734586130	-541.047	203.048	0	0	
0	[GPS]	0	31.592152692272119	120.772048017589460	320.869555734586130	-541.047	203.048	0	0	
0	[GPS]	0	31.592154809042633	120.772045986156160	321.126753337972160	-541.234	203.287	0	0	
0	[GPS]	0	31.592156936726067	120.772043993194870	321.376328450244390	-541.419	203.527	0	0	
0	[GPS]	0	31.592159171384807	120.772041939868470	321.615658278761660	-541.609	203.778	0	0	
0	[GPS]	0	31.592161338646942	120.772039889266790	321.855698446952600	-541.798	204.023	0	0	
0	[GPS]	0	31.592161338646942	120.772039889266790	321.855698446952600	-541.798	204.023	0	0	
0	[GPS]	0	31.592165841091770	120.772036067473950	322.341871312074090	-542.151	204.529	0	0	
0	[GPS]	0	31.592165841091770	120.772036067473950	322.341871312074090	-542.151	204.529	0	0	
0	[GPS]	0	31.592167988782222	120.772034141500600	322.581173819834650	-542.329	204.771	0	0	
0	[GPS]	0	31.592170322617275	120.772032242669370	322.827880252655520	-542.504	205.033	0	0	
0	[GPS]	0	31.592170322617275	120.772032242669370	322.827880252655520	-542.504	205.033	0	0	
0	[GPS]	0	31.592172626790820	120.772030372300650	323.071526760728200	-542.676	205.292	0	0	
0	[GPS]	0	31.592174944482856	120.772028579816620	323.320828665433680	-542.841	205.553	0	0	
0	[GPS]	0	31.592177188123681	120.772026723377690	323.566906720850910	-543.012	205.805	0	0	
0	[GPS]	0	31.592179341665002	120.772024867831760	323.804788549264120	-543.183	206.048	0	0	
0	[GPS]	0	31.592179341665002	120.772024867831760	323.804788549264120	-543.183	206.048	0	0	
0	[GPS]	0	31.592181658670896	120.772023015754600	324.040348113359470	-543.354	206.308	0	0	
0	[GPS]	0	31.592183915555783	120.772021173674820	324.278421187069450	-543.523	206.562	0	0	
0	[GPS]	0	31.592186174827138	120.772019267682770	324.517477808019920	-543.699	206.816	0	0	
0	[GPS]	0	31.592188437058699	120.772017392471820	324.740169295719000	-543.872	207.071	0	0	
0	[GPS]	0	31.592188437058699	120.772017392471820	324.740169295719000	-543.872	207.071	0	0	
0	[GPS]	0	31.592193267682955	120.772013746910330	325.121867587295980	-544.207	207.613	0	0	
0	[GPS]	0	31.592193267682955	120.772013746910330	325.121867587295980	-544.207	207.613	0	0	
0	[GPS]	0	31.592195646648566	120.772011881057790	325.274645258650820	-544.379	207.881	0	0	
0	[GPS]	0	31.592198040292363	120.772009935008600	325.413216136532070	-544.558	208.150	0	0	
0	[GPS]	0	31.592198040292363	120.772009935008600	325.413216136532070	-544.558	208.150	0	0	
0	[GPS]	0	31.592203094760578	120.772006353881370	325.663255701667880	-544.887	208.717	0	0	
0	[GPS]	0	31.592203094760578	120.772006353881370	325.663255701667880	-544.887	208.717	0	0	
0	[GPS]	0	31.592205546923189	120.772004444332640	325.783849521653620	-545.062	208.993	0	0	
0	[GPS]	0	31.592207919506844	120.772002407127690	325.911519417619500	-545.250	209.260	0	0	
0	[GPS]	0	31.592210397091186	120.772000442053550	326.029244558153830	-545.431	209.538	0	0	
0	[GPS]	0	31.592213056334597	120.771998660980130	326.139265245304440	-545.594	209.836	0	0	
0	[GPS]	0	31.592213056334597	120.771998660980130	326.139265245304440	-545.594	209.836	0	0	
0	[GPS]	0	31.592217972639297	120.771994815195980	326.355864204263870	-545.948	210.389	0	0	
0	[GPS]	0	31.592217972639297	120.771994815195980	326.355864204263870	-545.948	210.389	0	0	
0	[GPS]	0	31.592220589677478	120.771992880493410	326.465174551740740	-546.126	210.683	0	0	
0	[GPS]	0	31.592222956431378	120.771990835789340	326.574348295434220	-546.314	210.949	0	0	
0	[GPS]	0	31.592222956431378	120.771990835789340	326.574348295434220	-546.314	210.949	0	0	
0	[GPS]	0	31.592227908785709	120.771987162884880	326.799116160641010	-546.652	211.505	0	0	
0	[GPS]	0	31.592227908785709	120.771987162884880	326.799116160641010	-546.652	211.505	0	0	
0	[GPS]	0	31.592230504637733	120.771985259812500	326.915639187881420	-546.827	211.797	0	0	
0	[GPS]	0	31.592233076304513	120.771983357051790	327.018720402835240	-547.001	212.086	0	0	
0	[GPS]	0	31.592235655380293	120.771981449991050	327.117812787313820	-547.177	212.375	0	0	
0	[GPS]	0	31.592238276463974	120.771979521861750	327.226494757387060	-547.354	212.670	0	0	
0	[GPS]	0	31.592238276463974	120.771979521861750	327.226494757387060	-547.354	212.670	0	0	
0	[GPS]	0	31.592240884348620	120.771977629829080	327.334739595353430	-547.527	212.963	0	0	
0	[GPS]	0	31.592243537558989	120.771975735378150	327.438230621657450	-547.701	213.260	0	0	
0	[GPS]	0	31.592246108508139	120.771973922359390	327.532405269933580	-547.867	213.549	0	0	
0	[GPS]	0	31.592248888320690	120.771972045846840	327.629530559931140	-548.039	213.861	0	0	
0	[GPS]	0	31.592248888320690	120.771972045846840	327.629530559931140	-548.039	213.861	0	0	
0	[GPS]	0	31.592254274278950	120.771968304937060	327.808481516185510	-548.382	214.465	0	0	
0	[GPS]	0	31.592254274278950	120.771968304937060	327.808481516185510	-548.382	214.465	0	0	
0	[GPS]	0	31.592256949279797	120.771966388831050	327.873095105733800	-548.558	214.765	0	0	
0	[GPS]	0	31.592259755132140	120.771964594883980	327.919868241169980	-548.722	215.080	0	0	
0	[GPS]	0	31.592259755132140	120.771964594883980	327.919868241169980	-548.722	215.080	0	0	
0	[GPS]	0	31.592265347119454	120.771960523482870	327.944566205208840	-549.095	215.708	0	0	
0	[GPS]	0	31.592265347119454	120.771960523482870	327.944566205208840	-549.095	215.708	0	0	
0	[GPS]	0	31.592268126857466	120.771958556195000	327.955112017287320	-549.276	216.020	0	0	
0	[GPS]	0	31.592270959119801	120.771956582710860	327.956778583444820	-549.457	216.338	0	0	
0	[GPS]	0	31.592270959119801	120.771956582710860	327.956778583444820	-549.457	216.338	0	0	
0	[GPS]	0	31.592276590828760	120.771952587289320	327.809656308722710	-549.823	216.970	0	0	
0	[GPS]	0	31.592276590828760	120.771952587289320	327.809656308722710	-549.823	216.970	0	0	
0	[GPS]	0	31.592279355812355	120.771950530295830	327.748976908136340	-550.012	217.280	0	0	
0	[GPS]	0	31.592282144516503	120.771948529167960	327.681385356109900	-550.196	217.593	0	0	
0	[GPS]	0	31.592282144516503	120.771948529167960	327.681385356109900	-550.196	217.593	0	0	
0	[GPS]	0	31.592287668317010	120.771944418985100	327.534563609711310	-550.573	218.214	0	0	
0	[GPS]	0	31.592287668317010	120.771944418985100	327.534563609711310	-550.573	218.214	0	0	
0	[GPS]	0	31.592293158224805	120.771940383617550	327.390856429574230	-550.944	218.830	0	0	
0	[GPS]	0	31.592293158224805	120.771940383617550	327.390856429574230	-550.944	218.830	0	0	
0	[GPS]	0	31.592295903974012	120.771938111759500	327.319658537666100	-551.153	219.139	0	0	
0	[GPS]	0	31.592298678503784	120.771936014329310	327.244936268146090	-551.346	219.451	0	0	
0	[GPS]	0	31.592298678503784	120.771936014329310	327.244936268146090	-551.346	219.451	0	0	
0	[GPS]	0	31.592304153774606	120.771931885486520	327.084372181137500	-551.726	220.066	0	0	
0	[GPS]	0	31.592304153774606	120.771931885486520	327.084372181137500	-551.726	220.066	0	0	
0	[GPS]	0	31.592306914686198	120.771929664785860	327.004431647091560	-551.930	220.376	0	0	
0	[GPS]	0	31.592309771749129	120.771927458812130	326.927496396280560	-552.133	220.697	0	0	
0	[GPS]	0	31.592309771749129	120.771927458812130	326.927496396280560	-552.133	220.697	0	0	
0	[GPS]	0	31.592315335361242	120.771923365395450	326.786084159704610	-552.509	221.322	0	0	
0	[GPS]	0	31.592315335361242	120.771923365395450	326.786084159704610	-552.509	221.322	0	0	
0	[GPS]	0	31.592320933842345	120.771919110811890	326.663441282967880	-552.900	221.951	0	0	
0	[GPS]	0	31.592320933842345	120.771919110811890	326.663441282967880	-552.900	221.951	0	0	
0	[GPS]	0	31.592323749459684	120.771916897040240	326.610001882901710	-553.104	222.268	0	0	
0	[GPS]	0	31.592326533588000	120.771914789741790	326.560605954824150	-553.297	222.580	0	0	
0	[GPS]	0	31.592326533588000	120.771914789741790	326.560605954824150	-553.297	222.580	0	0	
0	[GPS]	0	31.592332227203649	120.771910302410750	326.451896663994260	-553.710	223.220	0	0	
0	[GPS]	0	31.592332227203649	120.771910302410750	326.451896663994260	-553.710	223.220	0	0	
0	[GPS]	0	31.592335056540616	120.771908074159580	326.405014245531280	-553.915	223.538	0	0	
0	[GPS]	0	31.592337876679160	120.771905932711260	326.373048960215610	-554.112	223.855	0	0	
0	[GPS]	0	31.592337876679160	120.771905932711260	326.373048960215610	-554.112	223.855	0	0	
0	[GPS]	0	31.592343610654499	120.771901223062780	326.281852274417590	-554.546	224.500	0	0	
0	[GPS]	0	31.592343610654499	120.771901223062780	326.281852274417590	-554.546	224.500	0	0	
0	[GPS]	0	31.592346453824945	120.771898993465130	326.270814688718870	-554.752	224.820	0	0	
0	[GPS]	0	31.592349336006691	120.771896733286410	326.295621935784370	-554.959	225.143	0	0	
0	[GPS]	0	31.592349336006691	120.771896733286410	326.295621935784370	-554.959	225.143	0	0	
0	[GPS]	0	31.592355054565960	120.771892119375610	326.235461629574960	-555.384	225.786	0	0	
0	[GPS]	0	31.592355054565960	120.771892119375610	326.235461629574960	-555.384	225.786	0	0	
0	[GPS]	0	31.592357957442257	120.771889993554720	326.244996573656240	-555.580	226.112	0	0	
0	[GPS]	0	31.592360837771889	120.771887743965370	326.226992195004070	-555.787	226.436	0	0	
0	[GPS]	0	31.592360837771889	120.771887743965370	326.226992195004070	-555.787	226.436	0	0	
0	[GPS]	0	31.592366778603797	120.771883294568280	326.214151439364460	-556.195	227.103	0	0	
0	[GPS]	0	31.592366778603797	120.771883294568280	326.214151439364460	-556.195	227.103	0	0	
0	[GPS]	0	31.592369595148011	120.771881119588710	326.183060418262530	-556.396	227.420	0	0	
0	[GPS]	0	31.592372559649064	120.771878881445400	326.166340115174360	-556.601	227.753	0	0	
0	[GPS]	0	31.592372559649064	120.771878881445400	326.166340115174360	-556.601	227.753	0	0	
0	[GPS]	0	31.592378460381024	120.771874461124570	326.146122755231090	-557.007	228.416	0	0	
0	[GPS]	0	31.592378460381024	120.771874461124570	326.146122755231090	-557.007	228.416	0	0	
0	[GPS]	0	31.592381376931584	120.771872256874640	326.141778754918960	-557.210	228.743	0	0	
0	[GPS]	0	31.592384262538090	120.771869930718940	326.120413923195200	-557.424	229.068	0	0	
0	[GPS]	0	31.592384262538090	120.771869930718940	326.120413923195200	-557.424	229.068	0	0	
0	[GPS]	0	31.592390094723800	120.771865435374720	326.144975283450550	-557.838	229.723	0	0	
0	[GPS]	0	31.592390094723800	120.771865435374720	326.144975283450550	-557.838	229.723	0	0	
0	[GPS]	0	31.592392965164791	120.771863305331350	326.172241398617300	-558.033	230.046	0	0	
0	[GPS]	0	31.592395796235870	120.771861030223830	326.164482303720090	-558.243	230.364	0	0	
0	[GPS]	0	31.592395796235870	120.771861030223830	326.164482303720090	-558.243	230.364	0	0	
0	[GPS]	0	31.592401552671003	120.771856643602650	326.184836267446660	-558.646	231.011	0	0	
0	[GPS]	0	31.592401552671003	120.771856643602650	326.184836267446660	-558.646	231.011	0	0	
0	[GPS]	0	31.592404374332091	120.771854420285490	326.193852117151150	-558.851	231.328	0	0	
0	[GPS]	0	31.592407289781693	120.771852188958830	326.216582986708890	-559.056	231.655	0	0	
0	[GPS]	0	31.592407289781693	120.771852188958830	326.216582986708890	-559.056	231.655	0	0	
0	[GPS]	0	31.592413011678037	120.771847777271970	326.246663139813680	-559.462	232.298	0	0	
0	[GPS]	0	31.592413011678037	120.771847777271970	326.246663139813680	-559.462	232.298	0	0	
0	[GPS]	0	31.592415787568751	120.771845519435790	326.238166384486190	-559.670	232.610	0	0	
0	[GPS]	0	31.592418620321240	120.771843337155570	326.250078234398700	-559.870	232.929	0	0	
0	[GPS]	0	31.592418620321240	120.771843337155570	326.250078234398700	-559.870	232.929	0	0	
0	[GPS]	0	31.592424335304781	120.771838918060770	326.274366387087180	-560.277	233.571	0	0	
0	[GPS]	0	31.592424335304781	120.771838918060770	326.274366387087180	-560.277	233.571	0	0	
0	[GPS]	0	31.592427125186699	120.771836769305680	326.296605483024900	-560.474	233.884	0	0	
0	[GPS]	0	31.592429936660910	120.771834566844180	326.314801106973730	-560.677	234.200	0	0	
0	[GPS]	0	31.592429936660910	120.771834566844180	326.314801106973730	-560.677	234.200	0	0	
0	[GPS]	0	31.592435605421990	120.771830189105220	326.359470544145610	-561.080	234.837	0	0	
0	[GPS]	0	31.592435605421990	120.771830189105220	326.359470544145610	-561.080	234.837	0	0	
0	[GPS]	0	31.592438447087630	120.771828024553700	326.388020734876360	-561.279	235.157	0	0	
0	[GPS]	0	31.592441280915097	120.771825828732840	326.407035981525670	-561.481	235.475	0	0	
0	[GPS]	0	31.592441280915097	120.771825828732840	326.407035981525670	-561.481	235.475	0	0	
0	[GPS]	0	31.592446929631507	120.771821638257850	326.461376966562230	-561.866	236.109	0	0	
0	[GPS]	0	31.592446929631507	120.771821638257850	326.461376966562230	-561.866	236.109	0	0	
0	[GPS]	0	31.592449768083576	120.771819506037400	326.492386025394070	-562.062	236.428	0	0	
0	[GPS]	0	31.592452582704976	120.771817374071960	326.526127159893860	-562.258	236.744	0	0	
0	[GPS]	0	31.592452582704976	120.771817374071960	326.526127159893860	-562.258	236.744	0	0	
0	[GPS]	0	31.592455400478450	120.771815228166120	326.556972294185640	-562.455	237.061	0	0	
0	[GPS]	0	31.592458238424253	120.771813110626920	326.595767768671460	-562.649	237.380	0	0	
0	[GPS]	0	31.592461040977327	120.771811008675930	326.630492450411740	-562.843	237.695	0	0	
0	[GPS]	0	31.592463870447908	120.771808824904940	326.661009735623280	-563.043	238.012	0	0	
0	[GPS]	0	31.592463870447908	120.771808824904940	326.661009735623280	-563.043	238.012	0	0	
0	[GPS]	0	31.592469538172562	120.771804563025130	326.752643553528230	-563.435	238.649	0	0	
0	[GPS]	0	31.592469538172562	120.771804563025130	326.752643553528230	-563.435	238.649	0	0	
0	[GPS]	0	31.592472340186490	120.771802443993950	326.796220160432940	-563.630	238.964	0	0	
0	[GPS]	0	31.592475205002597	120.771800317658770	326.842119031655330	-563.825	239.286	0	0	
0	[GPS]	0	31.592475205002597	120.771800317658770	326.842119031655330	-563.825	239.286	0	0	
0	[GPS]	0	31.592480897364098	120.771796013908560	326.918261980522690	-564.221	239.925	0	0	
0	[GPS]	0	31.592480897364098	120.771796013908560	326.918261980522690	-564.221	239.925	0	0	
0	[GPS]	0	31.592483732229915	120.771793936914530	326.966373833036300	-564.411	240.243	0	0	
0	[GPS]	0	31.592486585836966	120.771791790074460	327.010141685237730	-564.609	240.564	0	0	
0	[GPS]	0	31.592486585836966	120.771791790074460	327.010141685237730	-564.609	240.564	0	0	
0	[GPS]	0	31.592492348192639	120.771787486606750	327.103442069300120	-565.004	241.211	0	0	
0	[GPS]	0	31.592492348192639	120.771787486606750	327.103442069300120	-565.004	241.211	0	0	
0	[GPS]	0	31.592495190726400	120.771785318946740	327.148685242362260	-565.203	241.531	0	0	
0	[GPS]	0	31.592498060795684	120.771783121526160	327.190103509489230	-565.406	241.853	0	0	
0	[GPS]	0	31.592498060795684	120.771783121526160	327.190103509489230	-565.406	241.853	0	0	
0	[GPS]	0	31.592503971778196	120.771778804543230	327.294905932113980	-565.802	242.517	0	0	
0	[GPS]	0	31.592503971778196	120.771778804543230	327.294905932113980	-565.802	242.517	0	0	
0	[GPS]	0	31.592506838463461	120.771776671234630	327.340640878796310	-565.998	242.839	0	0	
0	[GPS]	0	31.592509738273399	120.771774384679840	327.367142012775960	-566.208	243.165	0	0	
0	[GPS]	0	31.592509738273399	120.771774384679840	327.367142012775960	-566.208	243.165	0	0	
0	[GPS]	0	31.592515593805597	120.771770082410970	327.479922096351120	-566.603	243.822	0	0	
0	[GPS]	0	31.592515593805597	120.771770082410970	327.479922096351120	-566.603	243.822	0	0	
0	[GPS]	0	31.592518486096335	120.771767919314630	327.533580062470830	-566.802	244.147	0	0	
0	[GPS]	0	31.592521468348266	120.771765746264830	327.586445726646730	-567.002	244.482	0	0	
0	[GPS]	0	31.592524435476275	120.771763623183760	327.640240296549730	-567.196	244.815	0	0	
0	[GPS]	0	31.592527383555389	120.771761444363040	327.689253734033740	-567.396	245.146	0	0	
0	[GPS]	0	31.592527383555389	120.771761444363040	327.689253734033740	-567.396	245.146	0	0	
0	[GPS]	0	31.592533223337210	120.771757177680750	327.784521212577090	-567.788	245.802	0	0	
0	[GPS]	0	31.592533223337210	120.771757177680750	327.784521212577090	-567.788	245.802	0	0	
0	[GPS]	0	31.592536217876376	120.771755049849720	327.826267328784180	-567.983	246.138	0	0	
0	[GPS]	0	31.592539204559490	120.771752900567680	327.853615406220850	-568.181	246.473	0	0	
0	[GPS]	0	31.592539204559490	120.771752900567680	327.853615406220850	-568.181	246.473	0	0	
0	[GPS]	0	31.592545190844017	120.771748571828650	327.901180843600910	-568.578	247.145	0	0	
0	[GPS]	0	31.592545190844017	120.771748571828650	327.901180843600910	-568.578	247.145	0	0	
0	[GPS]	0	31.592548225663762	120.771746402278910	327.925305071749390	-568.777	247.486	0	0	
0	[GPS]	0	31.592551245146353	120.771744212165120	327.949921073518110	-568.978	247.825	0	0	
0	[GPS]	0	31.592551245146353	120.771744212165120	327.949921073518110	-568.978	247.825	0	0	
0	[GPS]	0	31.592557304956717	120.771739790615840	327.988962434813910	-569.384	248.505	0	0	
0	[GPS]	0	31.592557304956717	120.771739790615840	327.988962434813910	-569.384	248.505	0	0	
0	[GPS]	0	31.592560379192303	120.771737553450650	328.003824926447860	-569.589	248.851	0	0	
0	[GPS]	0	31.592563448907566	120.771735325717660	328.017376021761150	-569.794	249.195	0	0	
0	[GPS]	0	31.592563448907566	120.771735325717660	328.017376021761150	-569.794	249.195	0	0	
0	[GPS]	0	31.592569591699409	120.771730852723510	328.044478212387790	-570.204	249.885	0	0	
0	[GPS]	0	31.592569591699409	120.771730852723510	328.044478212387790	-570.204	249.885	0	0	
0	[GPS]	0	31.592572677115541	120.771728564435720	328.050024325993830	-570.414	250.232	0	0	
0	[GPS]	0	31.592575767652544	120.771726283634110	328.056144175490150	-570.624	250.579	0	0	
0	[GPS]	0	31.592575767652544	120.771726283634110	328.056144175490150	-570.624	250.579	0	0	
0	[GPS]	0	31.592581971029833	120.771721834396170	328.085240781354400	-571.032	251.275	0	0	
0	[GPS]	0	31.592581971029833	120.771721834396170	328.085240781354400	-571.032	251.275	0	0	
0	[GPS]	0	31.592585073794776	120.771719571597500	328.098545989857600	-571.240	251.623	0	0	
0	[GPS]	0	31.592588225291255	120.771717284397480	328.112780104087900	-571.450	251.977	0	0	
0	[GPS]	0	31.592591304673878	120.771715043373960	328.124309463406860	-571.656	252.323	0	0	
0	[GPS]	0	31.592594404297795	120.771712783521380	328.127396708911700	-571.863	252.671	0	0	
0	[GPS]	0	31.592594404297795	120.771712783521380	328.127396708911700	-571.863	252.671	0	0	
0	[GPS]	0	31.592600723952369	120.771708281336930	328.143707200649710	-572.276	253.380	0	0	
0	[GPS]	0	31.592600723952369	120.771708281336930	328.143707200649710	-572.276	253.380	0	0	
0	[GPS]	0	31.592603898296396	120.771706013863450	328.138980709744090	-572.484	253.737	0	0	
0	[GPS]	0	31.592607041057128	120.771703751207650	328.139281238067550	-572.692	254.090	0	0	
0	[GPS]	0	31.592607041057128	120.771703751207650	328.139281238067550	-572.692	254.090	0	0	
0	[GPS]	0	31.592613305979160	120.771699178173290	328.140975124981710	-573.112	254.793	0	0	
0	[GPS]	0	31.592613305979160	120.771699178173290	328.140975124981710	-573.112	254.793	0	0	
0	[GPS]	0	31.592616423428705	120.771696995272440	328.158460409256860	-573.312	255.143	0	0	
0	[GPS]	0	31.592619553962106	120.771694730691460	328.162421918975550	-573.519	255.494	0	0	
0	[GPS]	0	31.592619553962106	120.771694730691460	328.162421918975550	-573.519	255.494	0	0	
0	[GPS]	0	31.592625823343457	120.771690120230660	328.141712785412100	-573.943	256.198	0	0	
0	[GPS]	0	31.592625823343457	120.771690120230660	328.141712785412100	-573.943	256.198	0	0	
0	[GPS]	0	31.592628982563767	120.771687924522340	328.153897842891300	-574.144	256.553	0	0	
0	[GPS]	0	31.592632107874202	120.771685671590130	328.167203051394550	-574.351	256.904	0	0	
0	[GPS]	0	31.592632107874202	120.771685671590130	328.167203051394550	-574.351	256.904	0	0	
0	[GPS]	0	31.592638392474363	120.771681065823760	328.165345239940390	-574.774	257.610	0	0	
0	[GPS]	0	31.592638392474363	120.771681065823760	328.165345239940390	-574.774	257.610	0	0	
0	[GPS]	0	31.592641486236321	120.771678847017170	328.161629617031850	-574.977	257.957	0	0	
0	[GPS]	0	31.592644625423961	120.771676609915080	328.159717164064200	-575.183	258.309	0	0	
0	[GPS]	0	31.592647733301305	120.771674339562310	328.160755352818060	-575.391	258.658	0	0	
0	[GPS]	0	31.592650867926615	120.771672092317790	328.167968032581600	-575.597	259.010	0	0	
0	[GPS]	0	31.592650867926615	120.771672092317790	328.167968032581600	-575.597	259.010	0	0	
0	[GPS]	0	31.592657051403741	120.771667571547400	328.166957164584520	-576.012	259.704	0	0	
0	[GPS]	0	31.592657051403741	120.771667571547400	328.166957164584520	-576.012	259.704	0	0	
0	[GPS]	0	31.592660182457866	120.771665289563840	328.166110221127440	-576.222	260.056	0	0	
0	[GPS]	0	31.592663270493134	120.771663060238980	328.169306749658860	-576.426	260.403	0	0	
0	[GPS]	0	31.592663270493134	120.771663060238980	328.169306749658860	-576.426	260.403	0	0	
0	[GPS]	0	31.592666311485150	120.771660816788060	328.167995353338200	-576.632	260.744	0	0	
0	[GPS]	0	31.592669391249437	120.771658547634260	328.157722748826590	-576.841	261.090	0	0	
0	[GPS]	0	31.592669391249437	120.771658547634260	328.157722748826590	-576.841	261.090	0	0	
0	[GPS]	0	31.592675554085556	120.771654047992100	328.149007427445670	-577.254	261.782	0	0	
0	[GPS]	0	31.592675554085556	120.771654047992100	328.149007427445670	-577.254	261.782	0	0	
0	[GPS]	0	31.592678673295307	120.771651792883330	328.154198371214870	-577.461	262.132	0	0	
0	[GPS]	0	31.592681754510995	120.771649604854230	328.165181315400160	-577.661	262.478	0	0	
0	[GPS]	0	31.592681754510995	120.771649604854230	328.165181315400160	-577.661	262.478	0	0	
0	[GPS]	0	31.592687858396651	120.771645102116390	328.169060862848820	-578.075	263.164	0	0	
0	[GPS]	0	31.592687858396651	120.771645102116390	328.169060862848820	-578.075	263.164	0	0	
0	[GPS]	0	31.592690935365944	120.771642931501110	328.173978599051280	-578.274	263.509	0	0	
0	[GPS]	0	31.592693998699691	120.771640783015370	328.182912486485520	-578.471	263.853	0	0	
0	[GPS]	0	31.592693998699691	120.771640783015370	328.182912486485520	-578.471	263.853	0	0	
0	[GPS]	0	31.592700146053243	120.771636229239550	328.183404260105820	-578.889	264.543	0	0	
0	[GPS]	0	31.592700146053243	120.771636229239550	328.183404260105820	-578.889	264.543	0	0	
0	[GPS]	0	31.592703241638375	120.771634092770100	328.206654224040560	-579.085	264.891	0	0	
0	[GPS]	0	31.592706442547634	120.771631868418840	328.233373924073650	-579.289	265.250	0	0	
0	[GPS]	0	31.592706442547634	120.771631868418840	328.233373924073650	-579.289	265.250	0	0	
0	[GPS]	0	31.592712669844733	120.771627425360560	328.284573022091990	-579.697	265.949	0	0	
0	[GPS]	0	31.592712669844733	120.771627425360560	328.284573022091990	-579.697	265.949	0	0	
0	[GPS]	0	31.592715776982491	120.771625215385550	328.309216344617480	-579.899	266.298	0	0	
0	[GPS]	0	31.592718893200118	120.771622959725700	328.322002458743730	-580.106	266.647	0	0	
0	[GPS]	0	31.592718893200118	120.771622959725700	328.322002458743730	-580.106	266.647	0	0	
0	[GPS]	0	31.592725125239077	120.771618466414470	328.366535292132200	-580.519	267.347	0	0	
0	[GPS]	0	31.592725125239077	120.771618466414470	328.366535292132200	-580.519	267.347	0	0	
0	[GPS]	0	31.592728214421449	120.771616282971760	328.395577256483020	-580.719	267.694	0	0	
0	[GPS]	0	31.592731379007201	120.771614144524560	328.439372429441220	-580.915	268.049	0	0	
0	[GPS]	0	31.592731379007201	120.771614144524560	328.439372429441220	-580.915	268.049	0	0	
0	[GPS]	0	31.592737619315940	120.771609517305180	328.462185261269160	-581.340	268.750	0	0	
0	[GPS]	0	31.592737619315940	120.771609517305180	328.462185261269160	-581.340	268.750	0	0	
0	[GPS]	0	31.592740694305611	120.771607299601470	328.480134998407890	-581.543	269.095	0	0	
0	[GPS]	0	31.592743852616092	120.771605135076780	328.516772133115810	-581.741	269.449	0	0	
0	[GPS]	0	31.592743852616092	120.771605135076780	328.516772133115810	-581.741	269.449	0	0	
0	[GPS]	0	31.592750169886838	120.771600684210810	328.577178326135480	-582.150	270.158	0	0	
0	[GPS]	0	31.592750169886838	120.771600684210810	328.577178326135480	-582.150	270.158	0	0	
0	[GPS]	0	31.592753307411332	120.771598451424200	328.598024063482280	-582.354	270.511	0	0	
0	[GPS]	0	31.592756442465802	120.771596138487960	328.610728215338500	-582.567	270.863	0	0	
0	[GPS]	0	31.592756442465802	120.771596138487960	328.610728215338500	-582.567	270.863	0	0	
0	[GPS]	0	31.592762751222139	120.771591735084070	328.668812144040320	-582.970	271.571	0	0	
0	[GPS]	0	31.592762751222139	120.771591735084070	328.668812144040320	-582.970	271.571	0	0	
0	[GPS]	0	31.592765892780214	120.771589441253230	328.685614409398510	-583.181	271.923	0	0	
0	[GPS]	0	31.592769053980611	120.771587118999680	328.698728372604880	-583.394	272.278	0	0	
0	[GPS]	0	31.592769053980611	120.771587118999680	328.698728372604880	-583.394	272.278	0	0	
0	[GPS]	0	31.592775416823681	120.771582558065080	328.742824073886540	-583.813	272.993	0	0	
0	[GPS]	0	31.592775416823681	120.771582558065080	328.742824073886540	-583.813	272.993	0	0	
0	[GPS]	0	31.592778570011951	120.771580361508090	328.775007925255640	-584.014	273.346	0	0	
0	[GPS]	0	31.592781768816739	120.771578065499330	328.798312530703750	-584.225	273.706	0	0	
0	[GPS]	0	31.592781768816739	120.771578065499330	328.798312530703750	-584.225	273.706	0	0	
0	[GPS]	0	31.592788190735650	120.771573491528020	328.837982269403260	-584.644	274.426	0	0	
0	[GPS]	0	31.592788190735650	120.771573491528020	328.837982269403260	-584.644	274.426	0	0	
0	[GPS]	0	31.592791340759465	120.771571305456250	328.854128836601090	-584.845	274.780	0	0	
0	[GPS]	0	31.592794559178792	120.771569075830330	328.879537140313460	-585.049	275.141	0	0	
0	[GPS]	0	31.592794559178792	120.771569075830330	328.879537140313460	-585.049	275.141	0	0	
0	[GPS]	0	31.592801010168504	120.771564621199700	328.941965069327470	-585.457	275.865	0	0	
0	[GPS]	0	31.592801010168504	120.771564621199700	328.941965069327470	-585.457	275.865	0	0	
0	[GPS]	0	31.592804164460802	120.771562398728830	328.967591939093320	-585.661	276.219	0	0	
0	[GPS]	0	31.592807335421782	120.771560155650380	328.991169752108140	-585.867	276.575	0	0	
0	[GPS]	0	31.592807335421782	120.771560155650380	328.991169752108140	-585.867	276.575	0	0	
0	[GPS]	0	31.592813845317838	120.771555686119950	329.037915566787770	-586.276	277.305	0	0	
0	[GPS]	0	31.592813845317838	120.771555686119950	329.037915566787770	-586.276	277.305	0	0	
0	[GPS]	0	31.592817009756089	120.771553460334720	329.055564775603100	-586.480	277.660	0	0	
0	[GPS]	0	31.592820172895870	120.771551150909890	329.066875568868620	-586.692	278.016	0	0	
0	[GPS]	0	31.592820172895870	120.771551150909890	329.066875568868620	-586.692	278.016	0	0	
0	[GPS]	0	31.592826586880470	120.771546774512470	329.127254441131470	-587.093	278.735	0	0	
0	[GPS]	0	31.592826586880470	120.771546774512470	329.127254441131470	-587.093	278.735	0	0	
0	[GPS]	0	31.592829707749015	120.771544608089910	329.155722669592190	-587.292	279.086	0	0	
0	[GPS]	0	31.592832867871717	120.771542427592520	329.178972633526880	-587.491	279.440	0	0	
0	[GPS]	0	31.592832867871717	120.771542427592520	329.178972633526880	-587.491	279.440	0	0	
0	[GPS]	0	31.592839153082060	120.771538118451560	329.225718448206460	-587.886	280.145	0	0	
0	[GPS]	0	31.592839153082060	120.771538118451560	329.225718448206460	-587.886	280.145	0	0	
0	[GPS]	0	31.592842241586034	120.771535978678740	329.243012487184960	-588.082	280.492	0	0	
0	[GPS]	0	31.592845374768107	120.771533749352570	329.261426677187270	-588.287	280.844	0	0	
0	[GPS]	0	31.592848461351316	120.771531655929930	329.290523283051530	-588.478	281.190	0	0	
0	[GPS]	0	31.592851548701610	120.771529521003270	329.309347284404170	-588.674	281.536	0	0	
0	[GPS]	0	31.592851548701610	120.771529521003270	329.309347284404170	-588.674	281.536	0	0	
0	[GPS]	0	31.592854567408185	120.771527373412210	329.329209474510490	-588.871	281.875	0	0	
0	[GPS]	0	31.592857611631860	120.771525307488120	329.351448570448040	-589.060	282.217	0	0	
0	[GPS]	0	31.592860681250340	120.771523224467870	329.374671213626070	-589.251	282.561	0	0	
0	[GPS]	0	31.592863728934908	120.771521099122550	329.392593630008210	-589.446	282.903	0	0	
0	[GPS]	0	31.592863728934908	120.771521099122550	329.392593630008210	-589.446	282.903	0	0	
0	[GPS]	0	31.592869745325800	120.771516981252150	329.440787444791790	-589.823	283.578	0	0	
0	[GPS]	0	31.592869745325800	120.771516981252150	329.440787444791790	-589.823	283.578	0	0	
0	[GPS]	0	31.592872764345291	120.771514912238420	329.455513332642280	-590.012	283.917	0	0	
0	[GPS]	0	31.592875763294366	120.771512828148670	329.472916654647630	-590.203	284.253	0	0	
0	[GPS]	0	31.592875763294366	120.771512828148670	329.472916654647630	-590.203	284.253	0	0	
0	[GPS]	0	31.592881686792328	120.771508736726930	329.510728581892750	-590.578	284.918	0	0	
0	[GPS]	0	31.592881686792328	120.771508736726930	329.510728581892750	-590.578	284.918	0	0	
0	[GPS]	0	31.592884675565351	120.771506699498500	329.532994998587010	-590.765	285.253	0	0	
0	[GPS]	0	31.592887651608180	120.771504672779660	329.558840434406310	-590.951	285.587	0	0	
0	[GPS]	0	31.592890544694686	120.771502638212810	329.572937944853210	-591.137	285.912	0	0	
0	[GPS]	0	31.592893434862766	120.771500597605380	329.592690851932900	-591.324	286.236	0	0	
0	[GPS]	0	31.592893434862766	120.771500597605380	329.592690851932900	-591.324	286.236	0	0	
0	[GPS]	0	31.592899303321410	120.771496617644770	329.637196364564770	-591.689	286.895	0	0	
0	[GPS]	0	31.592899303321410	120.771496617644770	329.637196364564770	-591.689	286.895	0	0	
0	[GPS]	0	31.592902174984427	120.771494631496150	329.657058554671100	-591.871	287.217	0	0	
0	[GPS]	0	31.592905084058085	120.771492683587270	329.674297952136210	-592.049	287.543	0	0	
0	[GPS]	0	31.592905084058085	120.771492683587270	329.674297952136210	-592.049	287.543	0	0	
0	[GPS]	0	31.592910753464636	120.771488779087430	329.707929803609370	-592.407	288.179	0	0	
0	[GPS]	0	31.592910753464636	120.771488779087430	329.707929803609370	-592.407	288.179	0	0	
0	[GPS]	0	31.592913666636743	120.771486851939400	329.724212974590670	-592.583	288.506	0	0	
0	[GPS]	0	31.592916504640982	120.771484909065850	329.741151843732330	-592.761	288.825	0	0	
0	[GPS]	0	31.592916504640982	120.771484909065850	329.741151843732330	-592.761	288.825	0	0	
0	[GPS]	0	31.592922177747148	120.771481035114790	329.779182337030930	-593.116	289.461	0	0	
0	[GPS]	0	31.592922177747148	120.771481035114790	329.779182337030930	-593.116	289.461	0	0	
0	[GPS]	0	31.592925032585860	120.771479207199110	329.811065660076570	-593.283	289.781	0	0	
0	[GPS]	0	31.592927816074631	120.771477297299160	329.833332076770770	-593.458	290.093	0	0	
0	[GPS]	0	31.592930586966141	120.771475422189750	329.854150493360920	-593.630	290.404	0	0	
0	[GPS]	0	31.592933363570332	120.771473531241710	329.869204230291700	-593.803	290.716	0	0	
0	[GPS]	0	31.592933363570332	120.771473531241710	329.869204230291700	-593.803	290.716	0	0	
0	[GPS]	0	31.592938918445121	120.771469779453240	329.918190347019050	-594.146	291.339	0	0	
0	[GPS]	0	31.592938918445121	120.771469779453240	329.918190347019050	-594.146	291.339	0	0	
0	[GPS]	0	31.592941697062898	120.771467943952440	329.954035179783260	-594.314	291.651	0	0	
0	[GPS]	0	31.592944506187454	120.771466151518640	329.996218428097340	-594.478	291.965	0	0	
0	[GPS]	0	31.592944506187454	120.771466151518640	329.996218428097340	-594.478	291.965	0	0	
0	[GPS]	0	31.592950061087102	120.771462526865920	330.067908093625700	-594.809	292.588	0	0	
0	[GPS]	0	31.592950061087102	120.771462526865920	330.067908093625700	-594.809	292.588	0	0	
0	[GPS]	0	31.592952831036051	120.771460661660090	330.084136623093740	-594.980	292.899	0	0	
0	[GPS]	0	31.592955626276744	120.771458727035170	330.080803490778690	-595.157	293.213	0	0	
0	[GPS]	0	31.592955626276744	120.771458727035170	330.080803490778690	-595.157	293.213	0	0	
0	[GPS]	0	31.592961143064073	120.771455059887430	330.096840774949900	-595.493	293.832	0	0	
0	[GPS]	0	31.592961143064073	120.771455059887430	330.096840774949900	-595.493	293.832	0	0	
0	[GPS]	0	31.592964047684102	120.771453140595010	330.114763191331970	-595.668	294.157	0	0	
0	[GPS]	0	31.592966859122463	120.771451205948940	330.156837156619190	-595.846	294.473	0	0	
0	[GPS]	0	31.592966859122463	120.771451205948940	330.156837156619190	-595.846	294.473	0	0	
0	[GPS]	0	31.592972525669055	120.771447448432160	330.233581162133530	-596.189	295.108	0	0	
0	[GPS]	0	31.592972525669055	120.771447448432160	330.233581162133530	-596.189	295.108	0	0	
0	[GPS]	0	31.592975413525444	120.771445529237280	330.264781466262150	-596.365	295.432	0	0	
0	[GPS]	0	31.592978265285030	120.771443658576050	330.291009392674990	-596.536	295.752	0	0	
0	[GPS]	0	31.592981036329221	120.771441701224520	330.291665090835350	-596.716	296.063	0	0	
0	[GPS]	0	31.592983936735610	120.771439843335770	330.319341017352200	-596.885	296.388	0	0	
0	[GPS]	0	31.592983936735610	120.771439843335770	330.319341017352200	-596.885	296.388	0	0	
0	[GPS]	0	31.592986802609154	120.771437924232250	330.345131811658180	-597.061	296.710	0	0	
0	[GPS]	0	31.592989706546305	120.771436028701490	330.366906454732260	-597.234	297.035	0	0	
0	[GPS]	0	31.592992551026096	120.771434177530030	330.394008645358780	-597.404	297.354	0	0	
0	[GPS]	0	31.592995495108834	120.771432268599270	330.427804421372000	-597.578	297.684	0	0	
0	[GPS]	0	31.592995495108834	120.771432268599270	330.427804421372000	-597.578	297.684	0	0	
0	[GPS]	0	31.593001211377221	120.771428357079960	330.464141027756510	-597.936	298.326	0	0	
0	[GPS]	0	31.593001211377221	120.771428357079960	330.464141027756510	-597.936	298.326	0	0	
0	[GPS]	0	31.593004028596951	120.771426500252590	330.473730613351110	-598.106	298.642	0	0	
0	[GPS]	0	31.593006989172682	120.771424475756970	330.482063444138530	-598.292	298.974	0	0	
0	[GPS]	0	31.593006989172682	120.771424475756970	330.482063444138530	-598.292	298.974	0	0	
0	[GPS]	0	31.593012735445541	120.771420759199640	330.541294844620950	-598.631	299.618	0	0	
0	[GPS]	0	31.593012735445541	120.771420759199640	330.541294844620950	-598.631	299.618	0	0	
0	[GPS]	0	31.593015525588335	120.771418928282130	330.576675224521640	-598.799	299.931	0	0	
0	[GPS]	0	31.593018342042964	120.771417074333360	330.610006547671280	-598.969	300.247	0	0	
0	[GPS]	0	31.593018342042964	120.771417074333360	330.610006547671280	-598.969	300.247	0	0	
0	[GPS]	0	31.593024017275564	120.771413316619540	330.653473871549240	-599.312	300.883	0	0	
0	[GPS]	0	31.593024017275564	120.771413316619540	330.653473871549240	-599.312	300.883	0	0	
0	[GPS]	0	31.593026814833461	120.771411490354300	330.676040816566970	-599.479	301.197	0	0	
0	[GPS]	0	31.593029651010443	120.771409613939230	330.697323686020750	-599.651	301.515	0	0	
0	[GPS]	0	31.593029651010443	120.771409613939230	330.697323686020750	-599.651	301.515	0	0	
0	[GPS]	0	31.593035277765804	120.771405961954440	330.751172897437130	-599.985	302.146	0	0	
0	[GPS]	0	31.593035277765804	120.771405961954440	330.751172897437130	-599.985	302.146	0	0	
0	[GPS]	0	31.593038044166590	120.771404208873970	330.784067088479900	-600.145	302.456	0	0	
0	[GPS]	0	31.593040853103844	120.771402390307980	330.811223920619850	-600.311	302.771	0	0	
0	[GPS]	0	31.593040853103844	120.771402390307980	330.811223920619850	-600.311	302.771	0	0	
0	[GPS]	0	31.593046477131079	120.771398701742850	330.861084301560880	-600.648	303.402	0	0	
0	[GPS]	0	31.593046477131079	120.771398701742850	330.861084301560880	-600.648	303.402	0	0	
0	[GPS]	0	31.593049252085972	120.771396931299780	330.885918869383030	-600.810	303.713	0	0	
0	[GPS]	0	31.593052007042907	120.771395048029550	330.905507851922720	-600.983	304.022	0	0	
0	[GPS]	0	31.593052007042907	120.771395048029550	330.905507851922720	-600.983	304.022	0	0	
0	[GPS]	0	31.593057648721018	120.771391636861490	330.971350875521640	-601.294	304.654	0	0	
0	[GPS]	0	31.593057648721018	120.771391636861490	330.971350875521640	-601.294	304.654	0	0	
0	[GPS]	0	31.593060327689141	120.771389736405370	330.984901970834930	-601.468	304.955	0	0	
0	[GPS]	0	31.593063102239483	120.771387892557800	331.011567029354690	-601.637	305.266	0	0	
0	[GPS]	0	31.593065887279330	120.771386148318140	331.037166578363890	-601.796	305.578	0	0	
0	[GPS]	0	31.593068670306970	120.771384400372740	331.064405372773880	-601.956	305.890	0	0	
0	[GPS]	0	31.593068670306970	120.771384400372740	331.064405372773880	-601.956	305.890	0	0	
0	[GPS]	0	31.593071368509559	120.771382648451630	331.080688543755120	-602.116	306.193	0	0	
0	[GPS]	0	31.593074125023147	120.771380805701100	331.081180317375470	-602.284	306.502	0	0	
0	[GPS]	0	31.593076912078615	120.771379171055630	331.109211413729100	-602.433	306.814	0	0	
0	[GPS]	0	31.593079662238981	120.771377390346740	331.129401452915660	-602.596	307.123	0	0	
0	[GPS]	0	31.593079662238981	120.771377390346740	331.129401452915660	-602.596	307.123	0	0	
0	[GPS]	0	31.593082404452208	120.771375665456380	331.151859114906760	-602.753	307.430	0	0	
0	[GPS]	0	31.593085156261040	120.771373917827520	331.167486587727750	-602.913	307.738	0	0	
0	[GPS]	0	31.593085156261040	120.771373917827520	331.167486587727750	-602.913	307.738	0	0	
0	[GPS]	0	31.593090577510949	120.771370398262180	331.159454285263790	-603.235	308.346	0	0	
0	[GPS]	0	31.593090577510949	120.771370398262180	331.159454285263790	-603.235	308.346	0	0	
0	[GPS]	0	31.593093271907232	120.771368670289770	331.155438134031900	-603.393	308.648	0	0	
0	[GPS]	0	31.593095974217814	120.771366865965600	331.145793906923760	-603.558	308.951	0	0	
0	[GPS]	0	31.593098678540969	120.771365098530000	331.144318586063040	-603.720	309.255	0	0	
0	[GPS]	0	31.593101419900034	120.771363341683340	331.153416398037510	-603.880	309.562	0	0	
0	[GPS]	0	31.593101419900034	120.771363341683340	331.153416398037510	-603.880	309.562	0	0	
0	[GPS]	0	31.593106694141401	120.771359865466290	331.164453983736220	-604.198	310.154	0	0	
0	[GPS]	0	31.593106694141401	120.771359865466290	331.164453983736220	-604.198	310.154	0	0	
0	[GPS]	0	31.593109444093393	120.771358057898710	331.168142285888050	-604.363	310.462	0	0	
0	[GPS]	0	31.593112058331268	120.771356305979850	331.165464851733420	-604.524	310.755	0	0	
0	[GPS]	0	31.593112058331268	120.771356305979850	331.165464851733420	-604.524	310.755	0	0	
0	[GPS]	0	31.593117446309133	120.771352791400770	331.158825907860150	-604.845	311.359	0	0	
0	[GPS]	0	31.593117446309133	120.771352791400770	331.158825907860150	-604.845	311.359	0	0	
0	[GPS]	0	31.593120112355550	120.771351040067700	331.159645530560570	-605.005	311.658	0	0	
0	[GPS]	0	31.593122747636226	120.771349285217520	331.150438435559290	-605.166	311.954	0	0	
0	[GPS]	0	31.593122747636226	120.771349285217520	331.150438435559290	-605.166	311.954	0	0	
0	[GPS]	0	31.593128163134207	120.771345962855660	331.165738059300220	-605.469	312.561	0	0	
0	[GPS]	0	31.593128163134207	120.771345962855660	331.165738059300220	-605.469	312.561	0	0	
0	[GPS]	0	31.593130839199127	120.771344198327470	331.156530964299010	-605.630	312.861	0	0	
0	[GPS]	0	31.593133529833391	120.771342568065180	331.157705756836260	-605.779	313.162	0	0	
0	[GPS]	0	31.593133529833391	120.771342568065180	331.157705756836260	-605.779	313.162	0	0	
0	[GPS]	0	31.593138850407843	120.771339160153810	331.150356473289320	-606.090	313.759	0	0	
0	[GPS]	0	31.593138850407843	120.771339160153810	331.150356473289320	-606.090	313.759	0	0	
0	[GPS]	0	31.593141522861821	120.771337476689380	331.154399945277990	-606.244	314.059	0	0	
0	[GPS]	0	31.593144188847582	120.771335783273330	331.161448700501350	-606.399	314.357	0	0	
0	[GPS]	0	31.593144188847582	120.771335783273330	331.161448700501350	-606.399	314.357	0	0	
0	[GPS]	0	31.593149423383423	120.771332444008640	331.168251568914740	-606.704	314.944	0	0	
0	[GPS]	0	31.593149423383423	120.771332444008640	331.168251568914740	-606.704	314.944	0	0	
0	[GPS]	0	31.593152088762292	120.771330703799890	331.164891115843090	-606.863	315.243	0	0	
0	[GPS]	0	31.593154710254172	120.771329044130040	331.161230134447980	-607.015	315.537	0	0	
0	[GPS]	0	31.593157292818915	120.771327208287930	331.144892321953250	-607.183	315.827	0	0	
0	[GPS]	0	31.593159893344236	120.771325449310720	331.143990736982860	-607.344	316.119	0	0	
0	[GPS]	0	31.593159893344236	120.771325449310720	331.143990736982860	-607.344	316.119	0	0	
0	[GPS]	0	31.593162484832195	120.771323713917810	331.146640850380830	-607.503	316.409	0	0	
0	[GPS]	0	31.593165096087908	120.771322028874170	331.145302133303520	-607.657	316.702	0	0	
0	[GPS]	0	31.593165096087908	120.771322028874170	331.145302133303520	-607.657	316.702	0	0	
0	[GPS]	0	31.593170315734380	120.771318551981620	331.137816245973170	-607.975	317.288	0	0	
0	[GPS]	0	31.593170315734380	120.771318551981620	331.137816245973170	-607.975	317.288	0	0	
0	[GPS]	0	31.593172964228380	120.771316892252950	331.137160547812870	-608.127	317.584	0	0	
0	[GPS]	0	31.593175606380019	120.771315181942030	331.135138811818540	-608.283	317.881	0	0	
0	[GPS]	0	31.593178233724814	120.771313516946080	331.144810359683280	-608.435	318.175	0	0	
0	[GPS]	0	31.593180917771200	120.771311873425960	331.150438435559290	-608.585	318.476	0	0	
0	[GPS]	0	31.593180917771200	120.771311873425960	331.150438435559290	-608.585	318.476	0	0	
0	[GPS]	0	31.593186257343181	120.771308410247030	331.142214887798670	-608.901	319.075	0	0	
0	[GPS]	0	31.593186257343181	120.771308410247030	331.142214887798670	-608.901	319.075	0	0	
0	[GPS]	0	31.593188975381050	120.771306685401460	331.138745151700390	-609.059	319.379	0	0	
0	[GPS]	0	31.593191700593149	120.771304967847360	331.140302434831090	-609.216	319.685	0	0	
0	[GPS]	0	31.593191700593149	120.771304967847360	331.140302434831090	-609.216	319.685	0	0	
0	[GPS]	0	31.593197124984421	120.771301554743300	331.160328549477530	-609.527	320.293	0	0	
0	[GPS]	0	31.593197124984421	120.771301554743300	331.160328549477530	-609.527	320.293	0	0	
0	[GPS]	0	31.593199840874973	120.771299821635710	331.163443115739080	-609.686	320.597	0	0	
0	[GPS]	0	31.593202541153591	120.771297998595830	331.155711341598700	-609.853	320.900	0	0	
0	[GPS]	0	31.593202541153591	120.771297998595830	331.155711341598700	-609.853	320.900	0	0	
0	[GPS]	0	31.593208003736219	120.771294476686140	331.143171114282550	-610.175	321.513	0	0	
0	[GPS]	0	31.593208003736219	120.771294476686140	331.143171114282550	-610.175	321.513	0	0	
0	[GPS]	0	31.593210694713282	120.771292691262640	331.135685226952150	-610.338	321.815	0	0	
0	[GPS]	0	31.593213465941805	120.771290969358080	331.146996020217670	-610.495	322.125	0	0	
0	[GPS]	0	31.593213465941805	120.771290969358080	331.146996020217670	-610.495	322.125	0	0	
0	[GPS]	0	31.593218949724157	120.771287377117760	331.152514813067060	-610.824	322.740	0	0	
0	[GPS]	0	31.593218949724157	120.771287377117760	331.152514813067060	-610.824	322.740	0	0	
0	[GPS]	0	31.593221646842995	120.771285596318440	331.155301530248490	-610.987	323.043	0	0	
0	[GPS]	0	31.593224391998376	120.771283805825260	331.156722209595780	-611.150	323.350	0	0	
0	[GPS]	0	31.593227131395317	120.771282010593990	331.163552398765770	-611.314	323.658	0	0	
0	[GPS]	0	31.593229912280169	120.771280232867990	331.173223946630510	-611.477	323.969	0	0	
0	[GPS]	0	31.593229912280169	120.771280232867990	331.173223946630510	-611.477	323.969	0	0	
0	[GPS]	0	31.593235372806770	120.771276562825430	331.153880850901030	-611.813	324.582	0	0	
0	[GPS]	0	31.593235372806770	120.771276562825430	331.153880850901030	-611.813	324.582	0	0	
0	[GPS]	0	31.593238120327623	120.771274778848930	331.145329454060120	-611.976	324.890	0	0	
0	[GPS]	0	31.593240869022356	120.771272973061140	331.137379113866300	-612.141	325.198	0	0	
0	[GPS]	0	31.593240869022356	120.771272973061140	331.137379113866300	-612.141	325.198	0	0	
0	[GPS]	0	31.593246381959265	120.771269450755310	331.137843566729880	-612.463	325.816	0	0	
0	[GPS]	0	31.593246381959265	120.771269450755310	331.137843566729880	-612.463	325.816	0	0	
0	[GPS]	0	31.593249198600734	120.771267628079840	331.132871189014110	-612.629	326.132	0	0	
0	[GPS]	0	31.593252011218031	120.771265937190450	331.136887340246060	-612.784	326.447	0	0	
0	[GPS]	0	31.593252011218031	120.771265937190450	331.136887340246060	-612.784	326.447	0	0	
0	[GPS]	0	31.593257523015424	120.771262299422180	331.100960545211820	-613.116	327.065	0	0	
0	[GPS]	0	31.593257523015424	120.771262299422180	331.100960545211820	-613.116	327.065	0	0	
0	[GPS]	0	31.593260327439015	120.771260493280890	331.079486430461200	-613.281	327.380	0	0	
0	[GPS]	0	31.593263116950819	120.771258681062260	331.067000844658480	-613.447	327.693	0	0	
0	[GPS]	0	31.593263116950819	120.771258681062260	331.067000844658480	-613.447	327.693	0	0	
0	[GPS]	0	31.593268736962195	120.771255221810070	331.036073748096670	-613.763	328.322	0	0	
0	[GPS]	0	31.593268736962195	120.771255221810070	331.036073748096670	-613.763	328.322	0	0	
0	[GPS]	0	31.593271475862192	120.771253336452220	331.006512689368780	-613.935	328.630	0	0	
0	[GPS]	0	31.593274309945063	120.771251553683840	330.990748612764490	-614.098	328.947	0	0	
0	[GPS]	0	31.593274309945063	120.771251553683840	330.990748612764490	-614.098	328.947	0	0	
0	[GPS]	0	31.593279978635156	120.771247879239570	330.949603553204380	-614.434	329.583	0	0	
0	[GPS]	0	31.593279978635156	120.771247879239570	330.949603553204380	-614.434	329.583	0	0	
0	[GPS]	0	31.593282800186415	120.771246006716990	330.920944079446940	-614.605	329.900	0	0	
0	[GPS]	0	31.593285624073843	120.771244171983700	330.891383020719050	-614.773	330.216	0	0	
0	[GPS]	0	31.593285624073843	120.771244171983700	330.891383020719050	-614.773	330.216	0	0	
0	[GPS]	0	31.593291264285511	120.771240406586470	330.836003846928690	-615.118	330.849	0	0	
0	[GPS]	0	31.593291264285511	120.771240406586470	330.836003846928690	-615.118	330.849	0	0	
0	[GPS]	0	31.593294084233300	120.771238502042790	330.802126108645330	-615.292	331.165	0	0	
0	[GPS]	0	31.593296925848364	120.771236653908740	330.779613805140970	-615.461	331.484	0	0	
0	[GPS]	0	31.593296925848364	120.771236653908740	330.779613805140970	-615.461	331.484	0	0	
0	[GPS]	0	31.593302567095463	120.771232972143980	330.736064518993030	-615.798	332.116	0	0	
0	[GPS]	0	31.593302567095463	120.771232972143980	330.736064518993030	-615.798	332.116	0	0	
0	[GPS]	0	31.593305391585105	120.771231074526570	330.713115083381810	-615.971	332.433	0	0	
0	[GPS]	0	31.593308245007893	120.771229161512390	330.687160364535830	-616.147	332.753	0	0	
0	[GPS]	0	31.593311076330139	120.771227353395720	330.670440061447550	-616.312	333.071	0	0	
0	[GPS]	0	31.593313906809016	120.771225461405920	330.645578172868620	-616.485	333.388	0	0	
0	[GPS]	0	31.593313906809016	120.771225461405920	330.645578172868620	-616.485	333.388	0	0	
0	[GPS]	0	31.593319610975815	120.771221665743380	330.600990697966780	-616.832	334.028	0	0	
0	[GPS]	0	31.593319610975815	120.771221665743380	330.600990697966780	-616.832	334.028	0	0	
0	[GPS]	0	31.593322453888916	120.771219829265110	330.596892584464850	-617.000	334.347	0	0	
0	[GPS]	0	31.593325301397243	120.771218044149820	330.595144056037330	-617.163	334.666	0	0	
0	[GPS]	0	31.593325301397243	120.771218044149820	330.595144056037330	-617.163	334.666	0	0	
0	[GPS]	0	31.593331081576821	120.771214323788640	330.599979829969700	-617.503	335.314	0	0	
0	[GPS]	0	31.593331081576821	120.771214323788640	330.599979829969700	-617.503	335.314	0	0	
0	[GPS]	0	31.593333900123749	120.771212398432440	330.587876734760410	-617.679	335.630	0	0	
0	[GPS]	0	31.593336814893910	120.771210545890800	330.595444584360730	-617.849	335.957	0	0	
0	[GPS]	0	31.593336814893910	120.771210545890800	330.595444584360730	-617.849	335.957	0	0	
0	[GPS]	0	31.593342661354882	120.771206658154200	330.606400207789590	-618.204	336.613	0	0	
0	[GPS]	0	31.593342661354882	120.771206658154200	330.606400207789590	-618.204	336.613	0	0	
0	[GPS]	0	31.593345557530309	120.771204764685410	330.623994775091490	-618.378	336.938	0	0	
0	[GPS]	0	31.593348557665674	120.771202821965230	330.649567003343920	-618.555	337.274	0	0	
0	[GPS]	0	31.593348557665674	120.771202821965230	330.649567003343920	-618.555	337.274	0	0	
0	[GPS]	0	31.593354554163785	120.771198879719620	330.667598702752850	-618.916	337.946	0	0	
0	[GPS]	0	31.593354554163785	120.771198879719620	330.667598702752850	-618.916	337.946	0	0	
0	[GPS]	0	31.593357508356949	120.771196913195480	330.673663910735800	-619.096	338.278	0	0	
0	[GPS]	0	31.593360514625751	120.771194941242540	330.674483533436220	-619.276	338.615	0	0	
0	[GPS]	0	31.593360514625751	120.771194941242540	330.674483533436220	-619.276	338.615	0	0	
0	[GPS]	0	31.593366588449062	120.771190946688150	330.710656215280610	-619.641	339.296	0	0	
0	[GPS]	0	31.593366588449062	120.771190946688150	330.710656215280610	-619.641	339.296	0	0	
0	[GPS]	0	31.593369579847653	120.771188979838070	330.736884141693510	-619.821	339.632	0	0	
0	[GPS]	0	31.593372615315442	120.771186978766620	330.768357653388930	-620.004	339.972	0	0	
0	[GPS]	0	31.593372615315442	120.771186978766620	330.768357653388930	-620.004	339.972	0	0	
0	[GPS]	0	31.593378844461181	120.771182916471400	330.838298790489770	-620.376	340.670	0	0	
0	[GPS]	0	31.593378844461181	120.771182916471400	330.838298790489770	-620.376	340.670	0	0	
0	[GPS]	0	31.593381879625422	120.771180956002850	330.873788453417090	-620.555	341.011	0	0	
0	[GPS]	0	31.593384996432963	120.771178954035950	330.904005210305290	-620.738	341.360	0	0	
0	[GPS]	0	31.593384996432963	120.771178954035950	330.904005210305290	-620.738	341.360	0	0	
0	[GPS]	0	31.593391191102857	120.771174950482060	330.960832384199820	-621.104	342.055	0	0	
0	[GPS]	0	31.593391191102857	120.771174950482060	330.960832384199820	-621.104	342.055	0	0	
0	[GPS]	0	31.593394235075355	120.771172967204880	330.982825593327330	-621.285	342.396	0	0	
0	[GPS]	0	31.593397320738521	120.771170981326180	331.013588765348970	-621.467	342.742	0	0	
0	[GPS]	0	31.593400430061504	120.771168956929860	331.042439484403130	-621.652	343.091	0	0	
0	[GPS]	0	31.593403540888534	120.771166973063120	331.080142128621620	-621.833	343.439	0	0	
0	[GPS]	0	31.593403540888534	120.771166973063120	331.080142128621620	-621.833	343.439	0	0	
0	[GPS]	0	31.593406605572920	120.771165059410890	331.116697301059500	-622.008	343.783	0	0	
0	[GPS]	0	31.593409729100529	120.771163069903570	331.149236322265440	-622.189	344.133	0	0	
0	[GPS]	0	31.593412830333151	120.771161058435280	331.175764777001860	-622.373	344.481	0	0	
0	[GPS]	0	31.593415894375518	120.771159050467490	331.201992703414650	-622.557	344.824	0	0	
0	[GPS]	0	31.593415894375518	120.771159050467490	331.201992703414650	-622.557	344.824	0	0	
0	[GPS]	0	31.593422137606357	120.771155102387070	331.260705009520050	-622.917	345.524	0	0	
0	[GPS]	0	31.593422137606357	120.771155102387070	331.260705009520050	-622.917	345.524	0	0	
0	[GPS]	0	31.593425220874320	120.771153084025580	331.286058671719160	-623.102	345.870	0	0	
0	[GPS]	0	31.593428354119535	120.771151109277600	331.313215503859110	-623.282	346.221	0	0	
0	[GPS]	0	31.593428354119535	120.771151109277600	331.313215503859110	-623.282	346.221	0	0	
0	[GPS]	0	31.593434597696724	120.771147172692550	331.374987734712700	-623.642	346.921	0	0	
0	[GPS]	0	31.593434597696724	120.771147172692550	331.374987734712700	-623.642	346.921	0	0	
0	[GPS]	0	31.593437709058090	120.771145174645850	331.402800265013010	-623.824	347.270	0	0	
0	[GPS]	0	31.593440796622090	120.771143189454260	331.423509398576470	-624.006	347.616	0	0	
0	[GPS]	0	31.593440796622090	120.771143189454260	331.423509398576470	-624.006	347.616	0	0	
0	[GPS]	0	31.593447011509891	120.771139177612010	331.462796646682480	-624.372	348.313	0	0	
0	[GPS]	0	31.593447011509891	120.771139177612010	331.462796646682480	-624.372	348.313	0	0	
0	[GPS]	0	31.593450148591881	120.771137178770740	331.489297780661960	-624.555	348.665	0	0	
0	[GPS]	0	31.593453314463378	120.771135189355380	331.519323292253430	-624.737	349.020	0	0	
0	[GPS]	0	31.593453314463378	120.771135189355380	331.519323292253430	-624.737	349.020	0	0	
0	[GPS]	0	31.593459550204646	120.771131300265320	331.589756202974510	-625.092	349.719	0	0	
0	[GPS]	0	31.593459550204646	120.771131300265320	331.589756202974510	-625.092	349.719	0	0	
0	[GPS]	0	31.593462713672295	120.771129286342840	331.610957110158320	-625.276	350.073	0	0	
0	[GPS]	0	31.593465873355200	120.771127252248350	331.636010244033910	-625.462	350.427	0	0	
0	[GPS]	0	31.593465873355200	120.771127252248350	331.636010244033910	-625.462	350.427	0	0	
0	[GPS]	0	31.593472088804500	120.771123274236330	331.675543378949950	-625.825	351.124	0	0	
0	[GPS]	0	31.593475205307783	120.771121258629260	331.693984889708990	-626.009	351.474	0	0	
0	[GPS]	0	31.593478360079711	120.771119307305430	331.722617042709600	-626.187	351.827	0	0	
0	[GPS]	0	31.593478360079711	120.771119307305430	331.722617042709600	-626.187	351.827	0	0	
0	[GPS]	0	31.593484626340356	120.771115344575680	331.784908367940200	-626.549	352.530	0	0	
0	[GPS]	0	31.593487748110025	120.771113435000570	331.818731464710030	-626.723	352.879	0	0	
0	[GPS]	0	31.593490879327586	120.771111490915930	331.846789881820430	-626.901	353.230	0	0	
0	[GPS]	0	31.593493948232457	120.771109585530340	331.872826562936610	-627.075	353.574	0	0	
0	[GPS]	0	31.593497063952871	120.771107628588540	331.887579771543810	-627.253	353.924	0	0	
0	[GPS]	0	31.593497063952871	120.771107628588540	331.887579771543810	-627.253	353.924	0	0	
0	[GPS]	0	31.593500161883451	120.771105661244380	331.904928452035680	-627.433	354.271	0	0	
0	[GPS]	0	31.593503300995675	120.771103723198250	331.921512151340440	-627.610	354.623	0	0	
0	[GPS]	0	31.593506415808001	120.771101789318710	331.934735397573660	-627.786	354.972	0	0	
0	[GPS]	0	31.593509451087417	120.771099966257480	331.944953360571960	-627.953	355.312	0	0	
0	[GPS]	0	31.593509451087417	120.771099966257480	331.944953360571960	-627.953	355.312	0	0	
0	[GPS]	0	31.593515665652063	120.771096070811860	331.938259775185260	-628.308	356.008	0	0	
0	[GPS]	0	31.593515665652063	120.771096070811860	331.938259775185260	-628.308	356.008	0	0	
0	[GPS]	0	31.593518718631195	120.771094134749400	331.935473058003880	-628.485	356.351	0	0	
0	[GPS]	0	31.593521808792211	120.771092223840010	331.930063548181240	-628.659	356.697	0	0	
0	[GPS]	0	31.593521808792211	120.771092223840010	331.930063548181240	-628.659	356.697	0	0	
0	[GPS]	0	31.593528028858561	120.771088299411200	331.923615849604740	-629.018	357.394	0	0	
0	[GPS]	0	31.593528028858561	120.771088299411200	331.923615849604740	-629.018	357.394	0	0	
0	[GPS]	0	31.593531100839815	120.771086436925200	331.925009208195490	-629.188	357.738	0	0	
0	[GPS]	0	31.593534202021910	120.771084477667970	331.918670792645800	-629.367	358.086	0	0	
0	[GPS]	0	31.593534202021910	120.771084477667970	331.918670792645800	-629.367	358.086	0	0	
0	[GPS]	0	31.593540424891899	120.771080556406490	331.885421431766020	-629.725	358.784	0	0	
0	[GPS]	0	31.593540424891899	120.771080556406490	331.885421431766020	-629.725	358.784	0	0	
0	[GPS]	0	31.593543485840559	120.771078689602500	331.872908525206640	-629.895	359.127	0	0	
0	[GPS]	0	31.593546559022442	120.771076765597270	331.859494033676750	-630.070	359.471	0	0	
0	[GPS]	0	31.593546559022442	120.771076765597270	331.859494033676750	-630.070	359.471	0	0	
0	[GPS]	0	31.593552724764450	120.771072879334270	331.812338407646960	-630.425	360.162	0	0	
0	[GPS]	0	31.593552724764450	120.771072879334270	331.812338407646960	-630.425	360.162	0	0	
0	[GPS]	0	31.593555773728689	120.771070937822090	331.772313499110680	-630.603	360.504	0	0	
0	[GPS]	0	31.593558823232033	120.771068981623000	331.737670779640380	-630.781	360.846	0	0	
0	[GPS]	0	31.593558823232033	120.771068981623000	331.737670779640380	-630.781	360.846	0	0	
0	[GPS]	0	31.593564970799058	120.771065143007930	331.660325717479170	-631.132	361.535	0	0	
0	[GPS]	0	31.593564970799058	120.771065143007930	331.660325717479170	-631.132	361.535	0	0	
0	[GPS]	0	31.593567984273282	120.771063144935870	331.620519374996320	-631.315	361.873	0	0	
0	[GPS]	0	31.593570965136081	120.771061126907870	331.565358767259230	-631.499	362.207	0	0	
0	[GPS]	0	31.593570965136081	120.771061126907870	331.565358767259230	-631.499	362.207	0	0	
0	[GPS]	0	31.593577150937207	120.771057166458860	331.442278758415680	-631.861	362.901	0	0	
0	[GPS]	0	31.593577150937207	120.771057166458860	331.442278758415680	-631.861	362.901	0	0	
0	[GPS]	0	31.593580164852046	120.771055169831290	331.378375508540960	-632.044	363.239	0	0	
0	[GPS]	0	31.593583291952964	120.771053148106380	331.337339732007590	-632.229	363.590	0	0	
0	[GPS]	0	31.593583291952964	120.771053148106380	331.337339732007590	-632.229	363.590	0	0	
0	[GPS]	0	31.593589554080545	120.771049153064880	331.265322217398990	-632.594	364.292	0	0	
0	[GPS]	0	31.593589554080545	120.771049153064880	331.265322217398990	-632.594	364.292	0	0	
0	[GPS]	0	31.593592539497457	120.771047190216010	331.208385760477770	-632.773	364.626	0	0	
0	[GPS]	0	31.593595562690915	120.771045155330130	331.152296247013620	-632.960	364.965	0	0	
0	[GPS]	0	31.593595562690915	120.771045155330130	331.152296247013620	-632.960	364.965	0	0	
0	[GPS]	0	31.593601794574838	120.771041208200770	331.076918279333370	-633.320	365.664	0	0	
0	[GPS]	0	31.593601794574838	120.771041208200770	331.076918279333370	-633.320	365.664	0	0	
0	[GPS]	0	31.593604797650748	120.771039289345210	331.009763859413790	-633.495	366.001	0	0	
0	[GPS]	0	31.593607866000369	120.771037275702240	330.948182873857040	-633.680	366.345	0	0	
0	[GPS]	0	31.593610997463706	120.771035210683990	330.904770191492330	-633.868	366.696	0	0	
0	[GPS]	0	31.593614173314357	120.771033109013000	330.870428000345560	-634.061	367.052	0	0	
0	[GPS]	0	31.593614173314357	120.771033109013000	330.870428000345560	-634.061	367.052	0	0	
0	[GPS]	0	31.593620481721203	120.771029011196630	330.825458034850160	-634.435	367.760	0	0	
0	[GPS]	0	31.593620481721203	120.771029011196630	330.825458034850160	-634.435	367.760	0	0	
0	[GPS]	0	31.593623714266680	120.771026864129480	330.799913127354330	-634.632	368.122	0	0	
0	[GPS]	0	31.593627001096042	120.771024763370900	330.778056522010270	-634.824	368.491	0	0	
0	[GPS]	0	31.593627001096042	120.771024763370900	330.778056522010270	-634.824	368.491	0	0	
0	[GPS]	0	31.593633543984819	120.771020536735580	330.741528670329050	-635.210	369.224	0	0	
0	[GPS]	0	31.593633543984819	120.771020536735580	330.741528670329050	-635.210	369.224	0	0	
0	[GPS]	0	31.593636860002835	120.771018339754350	330.717732291260800	-635.411	369.596	0	0	
0	[GPS]	0	31.593640168879261	120.771016193025370	330.700602176822260	-635.607	369.967	0	0	
0	[GPS]	0	31.593640168879261	120.771016193025370	330.700602176822260	-635.607	369.967	0	0	
0	[GPS]	0	31.593646844607672	120.771011757902630	330.653555833819270	-636.013	370.716	0	0	
0	[GPS]	0	31.593646844607672	120.771011757902630	330.653555833819270	-636.013	370.716	0	0	
0	[GPS]	0	31.593650214887933	120.771009519703630	330.630906926531510	-636.218	371.094	0	0	
0	[GPS]	0	31.593653625505166	120.771007280499630	330.614268585713380	-636.423	371.476	0	0	
0	[GPS]	0	31.593653625505166	120.771007280499630	330.614268585713380	-636.423	371.476	0	0	
0	[GPS]	0	31.593660388043578	120.771002818236570	330.572986922369810	-636.831	372.235	0	0	
0	[GPS]	0	31.593660388043578	120.771002818236570	330.572986922369810	-636.831	372.235	0	0	
0	[GPS]	0	31.593663806764049	120.771000545212600	330.550966392485690	-637.039	372.618	0	0	
0	[GPS]	0	31.593667235445295	120.770998250053450	330.525558088773270	-637.249	373.003	0	0	
0	[GPS]	0	31.593667235445295	120.770998250053450	330.525558088773270	-637.249	373.003	0	0	
0	[GPS]	0	31.593674078117985	120.770993697473400	330.481680953545090	-637.666	373.770	0	0	
0	[GPS]	0	31.593674078117985	120.770993697473400	330.481680953545090	-637.666	373.770	0	0	
0	[GPS]	0	31.593681015310963	120.770989086834190	330.440235365661520	-638.087	374.548	0	0	
0	[GPS]	0	31.593681015310963	120.770989086834190	330.440235365661520	-638.087	374.548	0	0	
0	[GPS]	0	31.593684408577548	120.770986804096440	330.412914608981400	-638.296	374.929	0	0	
0	[GPS]	0	31.593687842171811	120.770984507772500	330.388708418562940	-638.507	375.314	0	0	
0	[GPS]	0	31.593687842171811	120.770984507772500	330.388708418562940	-638.507	375.314	0	0	
0	[GPS]	0	31.593691313602491	120.770982127694590	330.357426152164290	-638.725	375.704	0	0	
0	[GPS]	0	31.593694810334490	120.770979804757840	330.338848037621860	-638.937	376.096	0	0	
0	[GPS]	0	31.593698167310990	120.770977561348370	330.313166526342510	-639.142	376.473	0	0	
0	[GPS]	0	31.593701550565015	120.770975314169290	330.291883656888840	-639.348	376.852	0	0	
0	[GPS]	0	31.593701550565015	120.770975314169290	330.291883656888840	-639.348	376.852	0	0	
0	[GPS]	0	31.593708354375536	120.770970727635220	330.240848483410450	-639.768	377.615	0	0	
0	[GPS]	0	31.593708354375536	120.770970727635220	330.240848483410450	-639.768	377.615	0	0	
0	[GPS]	0	31.593711750526339	120.770968438344650	330.218172255365970	-639.978	377.996	0	0	
0	[GPS]	0	31.593715187658962	120.770966123208820	330.193583574354020	-640.189	378.382	0	0	
0	[GPS]	0	31.593715187658962	120.770966123208820	330.193583574354020	-640.189	378.382	0	0	
0	[GPS]	0	31.593722086564149	120.770961544908590	330.151974061930220	-640.608	379.156	0	0	
0	[GPS]	0	31.593725494870025	120.770959230121110	330.129980852802760	-640.820	379.538	0	0	
0	[GPS]	0	31.593728971940269	120.770956875100100	330.106457681301260	-641.036	379.928	0	0	
0	[GPS]	0	31.593728971940269	120.770956875100100	330.106457681301260	-641.036	379.928	0	0	
0	[GPS]	0	31.593735920502407	120.770952191088200	330.065476546281160	-641.465	380.707	0	0	
0	[GPS]	0	31.593735920502407	120.770952191088200	330.065476546281160	-641.465	380.707	0	0	
0	[GPS]	0	31.593739359516761	120.770949836094670	330.044384922124210	-641.680	381.093	0	0	
0	[GPS]	0	31.593742875222041	120.770947490832580	330.041953374779670	-641.895	381.488	0	0	
0	[GPS]	0	31.593742875222041	120.770947490832580	330.041953374779670	-641.895	381.488	0	0	
0	[GPS]	0	31.593749822570263	120.770942746036100	330.060558810078700	-642.330	382.267	0	0	
0	[GPS]	0	31.593749822570263	120.770942746036100	330.060558810078700	-642.330	382.267	0	0	
0	[GPS]	0	31.593753277619957	120.770940434881440	330.080639566238690	-642.541	382.655	0	0	
0	[GPS]	0	31.593756766644102	120.770938038549690	330.097523793866910	-642.761	383.046	0	0	
0	[GPS]	0	31.593756766644102	120.770938038549690	330.097523793866910	-642.761	383.046	0	0	
0	[GPS]	0	31.593763797164012	120.770933359055560	330.168803648045130	-643.189	383.835	0	0	
0	[GPS]	0	31.593763797164012	120.770933359055560	330.168803648045130	-643.189	383.835	0	0	
0	[GPS]	0	31.593770744071932	120.770928727280150	330.244099653455350	-643.613	384.614	0	0	
0	[GPS]	0	31.593770744071932	120.770928727280150	330.244099653455350	-643.613	384.614	0	0	
0	[GPS]	0	31.593774274628917	120.770926398204210	330.282457995834140	-643.826	385.010	0	0	
0	[GPS]	0	31.593777780302013	120.770924052301910	330.311609243211760	-644.041	385.403	0	0	
0	[GPS]	0	31.593777780302013	120.770924052301910	330.311609243211760	-644.041	385.403	0	0	
