0	[SLAMPOS]	0	0.000	0.000	0	305.719	0	0	
0	[SLAMPOS]	0	0.000	0.000	0	306.608	0	0	
0	[SLAMPOS]	0	0.000	0.000	0	306.608	0	0	
0	[SLAMPOS]	0	0.000	0.000	0	308.399	0	0	
0	[SLAMPOS]	0	0.000	0.000	0	308.399	0	0	
0	[SLAMPOS]	0	0.000	0.000	0	309.286	0	0	
0	[SLAMPOS]	0	0.000	0.000	0	310.160	0	0	
0	[SLAMPOS]	0	0.000	0.000	0	310.160	0	0	
0	[SLAMPOS]	0	0.000	0.000	0	311.878	0	0	
0	[SLAMPOS]	0	0.000	0.000	0	311.878	0	0	
0	[SLAMPOS]	0	0.000	0.000	0	312.708	0	0	
0	[SLAMPOS]	0	0.000	0.000	0	313.500	0	0	
0	[SLAMPOS]	0	0.000	0.000	0	313.500	0	0	
0	[SLAMPOS]	0	0.000	0.000	0	314.920	0	0	
0	[SLAMPOS]	0	0.000	0.000	0	314.920	0	0	
0	[SLAMPOS]	0	0.000	0.000	0	315.541	0	0	
0	[SLAMPOS]	0	0.000	0.000	0	316.116	0	0	
0	[SLAMPOS]	0	0.000	0.000	0	316.116	0	0	
0	[SLAMPOS]	0	0.000	0.000	0	317.151	0	0	
0	[SLAMPOS]	0	0.000	0.000	0	317.151	0	0	
0	[SLAMPOS]	0	0.000	0.000	0	317.608	0	0	
0	[SLAMPOS]	0	0.000	0.000	0	318.035	0	0	
0	[SLAMPOS]	0	0.000	0.000	0	318.035	0	0	
0	[SLAMPOS]	0	0.000	0.000	0	318.770	0	0	
0	[SLAMPOS]	0	0.000	0.000	0	318.770	0	0	
0	[SLAMPOS]	0	0.000	0.000	0	319.082	0	0	
0	[SLAMPOS]	0	0.000	0.000	0	319.363	0	0	
0	[SLAMPOS]	0	0.000	0.000	0	319.363	0	0	
0	[SLAMPOS]	0	0.000	0.000	0	319.855	0	0	
0	[SLAMPOS]	0	0.000	0.000	0	319.855	0	0	
0	[SLAMPOS]	0	0.000	0.000	0	320.094	0	0	
0	[SLAMPOS]	0	0.000	0.000	0	320.352	0	0	
0	[SLAMPOS]	0	0.000	0.000	0	320.352	0	0	
0	[SLAMPOS]	0	0.000	0.000	0	320.870	0	0	
0	[SLAMPOS]	0	0.000	0.000	0	320.870	0	0	
0	[SLAMPOS]	0	0.000	0.000	0	321.127	0	0	
0	[SLAMPOS]	0	0.000	0.000	0	321.376	0	0	
0	[SLAMPOS]	0	0.000	0.000	0	321.616	0	0	
0	[SLAMPOS]	0	0.000	0.000	0	321.856	0	0	
0	[SLAMPOS]	0	0.000	0.000	0	321.856	0	0	
0	[SLAMPOS]	0	0.000	0.000	0	322.342	0	0	
0	[SLAMPOS]	0	0.000	0.000	0	322.342	0	0	
0	[SLAMPOS]	0	0.000	0.000	0	322.581	0	0	
0	[SLAMPOS]	0	0.000	0.000	0	322.828	0	0	
0	[SLAMPOS]	0	0.000	0.000	0	322.828	0	0	
0	[SLAMPOS]	0	0.000	0.000	0	323.072	0	0	
0	[SLAMPOS]	0	0.000	0.000	0	323.321	0	0	
0	[SLAMPOS]	0	0.000	0.000	0	323.567	0	0	
0	[SLAMPOS]	0	0.000	0.000	0	323.805	0	0	
0	[SLAMPOS]	0	0.000	0.000	0	323.805	0	0	
0	[SLAMPOS]	0	0.000	0.000	0	324.040	0	0	
0	[SLAMPOS]	0	0.000	0.000	0	324.278	0	0	
0	[SLAMPOS]	0	0.000	0.000	0	324.517	0	0	
0	[SLAMPOS]	0	0.000	0.000	0	324.740	0	0	
0	[SLAMPOS]	0	0.000	0.000	0	324.740	0	0	
0	[SLAMPOS]	0	0.000	0.000	0	325.122	0	0	
0	[SLAMPOS]	0	0.000	0.000	0	325.122	0	0	
0	[SLAMPOS]	0	0.000	0.000	0	325.275	0	0	
0	[SLAMPOS]	0	0.000	0.000	0	325.413	0	0	
0	[SLAMPOS]	0	0.000	0.000	0	325.413	0	0	
0	[SLAMPOS]	0	0.000	0.000	0	325.663	0	0	
0	[SLAMPOS]	0	0.000	0.000	0	325.663	0	0	
0	[SLAMPOS]	0	0.000	0.000	0	325.784	0	0	
0	[SLAMPOS]	0	0.000	0.000	0	325.912	0	0	
0	[SLAMPOS]	0	0.000	0.000	0	326.029	0	0	
0	[SLAMPOS]	0	0.000	0.000	0	326.139	0	0	
0	[SLAMPOS]	0	0.000	0.000	0	326.139	0	0	
0	[SLAMPOS]	0	0.000	0.000	0	326.356	0	0	
0	[SLAMPOS]	0	0.000	0.000	0	326.356	0	0	
0	[SLAMPOS]	0	0.000	0.000	0	326.465	0	0	
0	[SLAMPOS]	0	0.000	0.000	0	326.574	0	0	
0	[SLAMPOS]	0	0.000	0.000	0	326.574	0	0	
0	[SLAMPOS]	0	0.000	0.000	0	326.799	0	0	
0	[SLAMPOS]	0	0.000	0.000	0	326.799	0	0	
0	[SLAMPOS]	0	0.000	0.000	0	326.916	0	0	
0	[SLAMPOS]	0	0.000	0.000	0	327.019	0	0	
0	[SLAMPOS]	0	0.000	0.000	0	327.118	0	0	
0	[SLAMPOS]	0	0.000	0.000	0	327.226	0	0	
0	[SLAMPOS]	0	0.000	0.000	0	327.226	0	0	
0	[SLAMPOS]	0	0.000	0.000	0	327.335	0	0	
0	[SLAMPOS]	0	0.000	0.000	0	327.438	0	0	
0	[SLAMPOS]	0	0.000	0.000	0	327.532	0	0	
0	[SLAMPOS]	0	0.000	0.000	0	327.630	0	0	
0	[SLAMPOS]	0	0.000	0.000	0	327.630	0	0	
0	[SLAMPOS]	0	0.000	0.000	0	327.808	0	0	
0	[SLAMPOS]	0	0.000	0.000	0	327.808	0	0	
0	[SLAMPOS]	0	0.000	0.000	0	327.873	0	0	
0	[SLAMPOS]	0	0.000	0.000	0	327.920	0	0	
0	[SLAMPOS]	0	0.000	0.000	0	327.920	0	0	
0	[SLAMPOS]	0	0.000	0.000	0	327.945	0	0	
0	[SLAMPOS]	0	0.000	0.000	0	327.945	0	0	
0	[SLAMPOS]	0	0.000	0.000	0	327.955	0	0	
0	[SLAMPOS]	0	0.000	0.000	0	327.957	0	0	
0	[SLAMPOS]	0	0.000	0.000	0	327.957	0	0	
0	[SLAMPOS]	0	0.000	0.000	0	327.810	0	0	
0	[SLAMPOS]	0	0.000	0.000	0	327.810	0	0	
0	[SLAMPOS]	0	0.000	0.000	0	327.749	0	0	
0	[SLAMPOS]	0	0.000	0.000	0	327.681	0	0	
0	[SLAMPOS]	0	0.000	0.000	0	327.681	0	0	
0	[SLAMPOS]	0	0.000	0.000	0	327.535	0	0	
0	[SLAMPOS]	0	0.000	0.000	0	327.535	0	0	
0	[SLAMPOS]	0	0.000	0.000	0	327.391	0	0	
0	[SLAMPOS]	0	0.000	0.000	0	327.391	0	0	
0	[SLAMPOS]	0	0.000	0.000	0	327.320	0	0	
0	[SLAMPOS]	0	0.000	0.000	0	327.245	0	0	
0	[SLAMPOS]	0	0.000	0.000	0	327.245	0	0	
0	[SLAMPOS]	0	0.000	0.000	0	327.084	0	0	
0	[SLAMPOS]	0	0.000	0.000	0	327.084	0	0	
0	[SLAMPOS]	0	0.000	0.000	0	327.004	0	0	
0	[SLAMPOS]	0	0.000	0.000	0	326.927	0	0	
0	[SLAMPOS]	0	0.000	0.000	0	326.927	0	0	
0	[SLAMPOS]	0	0.000	0.000	0	326.786	0	0	
0	[SLAMPOS]	0	0.000	0.000	0	326.786	0	0	
0	[SLAMPOS]	0	0.000	0.000	0	326.663	0	0	
0	[SLAMPOS]	0	0.000	0.000	0	326.663	0	0	
0	[SLAMPOS]	0	0.000	0.000	0	326.610	0	0	
0	[SLAMPOS]	0	0.000	0.000	0	326.561	0	0	
0	[SLAMPOS]	0	0.000	0.000	0	326.561	0	0	
0	[SLAMPOS]	0	0.000	0.000	0	326.452	0	0	
0	[SLAMPOS]	0	0.000	0.000	0	326.452	0	0	
0	[SLAMPOS]	0	0.000	0.000	0	326.405	0	0	
0	[SLAMPOS]	0	0.000	0.000	0	326.373	0	0	
0	[SLAMPOS]	0	0.000	0.000	0	326.373	0	0	
0	[SLAMPOS]	0	0.000	0.000	0	326.282	0	0	
0	[SLAMPOS]	0	0.000	0.000	0	326.282	0	0	
0	[SLAMPOS]	0	0.000	0.000	0	326.271	0	0	
0	[SLAMPOS]	0	0.000	0.000	0	326.296	0	0	
0	[SLAMPOS]	0	0.000	0.000	0	326.296	0	0	
0	[SLAMPOS]	0	0.000	0.000	0	326.235	0	0	
0	[SLAMPOS]	0	0.000	0.000	0	326.235	0	0	
0	[SLAMPOS]	0	0.000	0.000	0	326.245	0	0	
0	[SLAMPOS]	0	0.000	0.000	0	326.227	0	0	
0	[SLAMPOS]	0	0.000	0.000	0	326.227	0	0	
0	[SLAMPOS]	0	0.000	0.000	0	326.214	0	0	
0	[SLAMPOS]	0	0.000	0.000	0	326.214	0	0	
0	[SLAMPOS]	0	0.000	0.000	0	326.183	0	0	
0	[SLAMPOS]	0	0.000	0.000	0	326.166	0	0	
0	[SLAMPOS]	0	0.000	0.000	0	326.166	0	0	
0	[SLAMPOS]	0	0.000	0.000	0	326.146	0	0	
0	[SLAMPOS]	0	0.000	0.000	0	326.146	0	0	
0	[SLAMPOS]	0	0.000	0.000	0	326.142	0	0	
0	[SLAMPOS]	0	0.000	0.000	0	326.120	0	0	
0	[SLAMPOS]	0	0.000	0.000	0	326.120	0	0	
0	[SLAMPOS]	0	0.000	0.000	0	326.145	0	0	
0	[SLAMPOS]	0	0.000	0.000	0	326.145	0	0	
0	[SLAMPOS]	0	0.000	0.000	0	326.172	0	0	
0	[SLAMPOS]	0	0.000	0.000	0	326.164	0	0	
0	[SLAMPOS]	0	0.000	0.000	0	326.164	0	0	
0	[SLAMPOS]	0	0.000	0.000	0	326.185	0	0	
0	[SLAMPOS]	0	0.000	0.000	0	326.185	0	0	
0	[SLAMPOS]	0	0.000	0.000	0	326.194	0	0	
0	[SLAMPOS]	0	0.000	0.000	0	326.217	0	0	
0	[SLAMPOS]	0	0.000	0.000	0	326.217	0	0	
0	[SLAMPOS]	0	0.000	0.000	0	326.247	0	0	
0	[SLAMPOS]	0	0.000	0.000	0	326.247	0	0	
0	[SLAMPOS]	0	0.000	0.000	0	326.238	0	0	
0	[SLAMPOS]	0	0.000	0.000	0	326.250	0	0	
0	[SLAMPOS]	0	0.000	0.000	0	326.250	0	0	
0	[SLAMPOS]	0	0.000	0.000	0	326.274	0	0	
0	[SLAMPOS]	0	0.000	0.000	0	326.274	0	0	
0	[SLAMPOS]	0	0.000	0.000	0	326.297	0	0	
0	[SLAMPOS]	0	0.000	0.000	0	326.315	0	0	
0	[SLAMPOS]	0	0.000	0.000	0	326.315	0	0	
0	[SLAMPOS]	0	0.000	0.000	0	326.359	0	0	
0	[SLAMPOS]	0	0.000	0.000	0	326.359	0	0	
0	[SLAMPOS]	0	0.000	0.000	0	326.388	0	0	
0	[SLAMPOS]	0	0.000	0.000	0	326.407	0	0	
0	[SLAMPOS]	0	0.000	0.000	0	326.407	0	0	
0	[SLAMPOS]	0	0.000	0.000	0	326.461	0	0	
0	[SLAMPOS]	0	0.000	0.000	0	326.461	0	0	
0	[SLAMPOS]	0	0.000	0.000	0	326.492	0	0	
0	[SLAMPOS]	0	0.000	0.000	0	326.526	0	0	
0	[SLAMPOS]	0	0.000	0.000	0	326.526	0	0	
0	[SLAMPOS]	0	0.000	0.000	0	326.557	0	0	
0	[SLAMPOS]	0	0.000	0.000	0	326.596	0	0	
0	[SLAMPOS]	0	0.000	0.000	0	326.630	0	0	
0	[SLAMPOS]	0	0.000	0.000	0	326.661	0	0	
0	[SLAMPOS]	0	0.000	0.000	0	326.661	0	0	
0	[SLAMPOS]	0	0.000	0.000	0	326.753	0	0	
0	[SLAMPOS]	0	0.000	0.000	0	326.753	0	0	
0	[SLAMPOS]	0	0.000	0.000	0	326.796	0	0	
0	[SLAMPOS]	0	0.000	0.000	0	326.842	0	0	
0	[SLAMPOS]	0	0.000	0.000	0	326.842	0	0	
0	[SLAMPOS]	0	0.000	0.000	0	326.918	0	0	
0	[SLAMPOS]	0	0.000	0.000	0	326.918	0	0	
0	[SLAMPOS]	0	0.000	0.000	0	326.966	0	0	
0	[SLAMPOS]	0	0.000	0.000	0	327.010	0	0	
0	[SLAMPOS]	0	0.000	0.000	0	327.010	0	0	
0	[SLAMPOS]	0	0.000	0.000	0	327.103	0	0	
0	[SLAMPOS]	0	0.000	0.000	0	327.103	0	0	
0	[SLAMPOS]	0	0.000	0.000	0	327.149	0	0	
0	[SLAMPOS]	0	0.000	0.000	0	327.190	0	0	
0	[SLAMPOS]	0	0.000	0.000	0	327.190	0	0	
0	[SLAMPOS]	0	0.000	0.000	0	327.295	0	0	
0	[SLAMPOS]	0	0.000	0.000	0	327.295	0	0	
0	[SLAMPOS]	0	0.000	0.000	0	327.341	0	0	
0	[SLAMPOS]	0	0.000	0.000	0	327.367	0	0	
0	[SLAMPOS]	0	0.000	0.000	0	327.367	0	0	
0	[SLAMPOS]	0	0.000	0.000	0	327.480	0	0	
0	[SLAMPOS]	0	0.000	0.000	0	327.480	0	0	
0	[SLAMPOS]	0	0.000	0.000	0	327.534	0	0	
0	[SLAMPOS]	0	0.000	0.000	0	327.586	0	0	
0	[SLAMPOS]	0	0.000	0.000	0	327.640	0	0	
0	[SLAMPOS]	0	0.000	0.000	0	327.689	0	0	
0	[SLAMPOS]	0	0.000	0.000	0	327.689	0	0	
0	[SLAMPOS]	0	0.000	0.000	0	327.785	0	0	
0	[SLAMPOS]	0	0.000	0.000	0	327.785	0	0	
0	[SLAMPOS]	0	0.000	0.000	0	327.826	0	0	
0	[SLAMPOS]	0	0.000	0.000	0	327.854	0	0	
0	[SLAMPOS]	0	0.000	0.000	0	327.854	0	0	
0	[SLAMPOS]	0	0.000	0.000	0	327.901	0	0	
0	[SLAMPOS]	0	0.000	0.000	0	327.901	0	0	
0	[SLAMPOS]	0	0.000	0.000	0	327.925	0	0	
0	[SLAMPOS]	0	0.000	0.000	0	327.950	0	0	
0	[SLAMPOS]	0	0.000	0.000	0	327.950	0	0	
0	[SLAMPOS]	0	0.000	0.000	0	327.989	0	0	
0	[SLAMPOS]	0	0.000	0.000	0	327.989	0	0	
0	[SLAMPOS]	0	0.000	0.000	0	328.004	0	0	
0	[SLAMPOS]	0	0.000	0.000	0	328.017	0	0	
0	[SLAMPOS]	0	0.000	0.000	0	328.017	0	0	
0	[SLAMPOS]	0	0.000	0.000	0	328.044	0	0	
0	[SLAMPOS]	0	0.000	0.000	0	328.044	0	0	
0	[SLAMPOS]	0	0.000	0.000	0	328.050	0	0	
0	[SLAMPOS]	0	0.000	0.000	0	328.056	0	0	
0	[SLAMPOS]	0	0.000	0.000	0	328.056	0	0	
0	[SLAMPOS]	0	0.000	0.000	0	328.085	0	0	
0	[SLAMPOS]	0	0.000	0.000	0	328.085	0	0	
0	[SLAMPOS]	0	0.000	0.000	0	328.099	0	0	
0	[SLAMPOS]	0	0.000	0.000	0	328.113	0	0	
0	[SLAMPOS]	0	0.000	0.000	0	328.124	0	0	
0	[SLAMPOS]	0	0.000	0.000	0	328.127	0	0	
0	[SLAMPOS]	0	0.000	0.000	0	328.127	0	0	
0	[SLAMPOS]	0	0.000	0.000	0	328.144	0	0	
0	[SLAMPOS]	0	0.000	0.000	0	328.144	0	0	
0	[SLAMPOS]	0	0.000	0.000	0	328.139	0	0	
0	[SLAMPOS]	0	0.000	0.000	0	328.139	0	0	
0	[SLAMPOS]	0	0.000	0.000	0	328.139	0	0	
0	[SLAMPOS]	0	0.000	0.000	0	328.141	0	0	
0	[SLAMPOS]	0	0.000	0.000	0	328.141	0	0	
0	[SLAMPOS]	0	0.000	0.000	0	328.158	0	0	
0	[SLAMPOS]	0	0.000	0.000	0	328.162	0	0	
0	[SLAMPOS]	0	0.000	0.000	0	328.162	0	0	
0	[SLAMPOS]	0	0.000	0.000	0	328.142	0	0	
0	[SLAMPOS]	0	0.000	0.000	0	328.142	0	0	
0	[SLAMPOS]	0	0.000	0.000	0	328.154	0	0	
0	[SLAMPOS]	0	0.000	0.000	0	328.167	0	0	
0	[SLAMPOS]	0	0.000	0.000	0	328.167	0	0	
0	[SLAMPOS]	0	0.000	0.000	0	328.165	0	0	
0	[SLAMPOS]	0	0.000	0.000	0	328.165	0	0	
0	[SLAMPOS]	0	0.000	0.000	0	328.162	0	0	
0	[SLAMPOS]	0	0.000	0.000	0	328.160	0	0	
0	[SLAMPOS]	0	0.000	0.000	0	328.161	0	0	
0	[SLAMPOS]	0	0.000	0.000	0	328.168	0	0	
0	[SLAMPOS]	0	0.000	0.000	0	328.168	0	0	
0	[SLAMPOS]	0	0.000	0.000	0	328.167	0	0	
0	[SLAMPOS]	0	0.000	0.000	0	328.167	0	0	
0	[SLAMPOS]	0	0.000	0.000	0	328.166	0	0	
0	[SLAMPOS]	0	0.000	0.000	0	328.169	0	0	
0	[SLAMPOS]	0	0.000	0.000	0	328.169	0	0	
0	[SLAMPOS]	0	0.000	0.000	0	328.168	0	0	
0	[SLAMPOS]	0	0.000	0.000	0	328.158	0	0	
0	[SLAMPOS]	0	0.000	0.000	0	328.158	0	0	
0	[SLAMPOS]	0	0.000	0.000	0	328.149	0	0	
0	[SLAMPOS]	0	0.000	0.000	0	328.149	0	0	
0	[SLAMPOS]	0	0.000	0.000	0	328.154	0	0	
0	[SLAMPOS]	0	0.000	0.000	0	328.165	0	0	
0	[SLAMPOS]	0	0.000	0.000	0	328.165	0	0	
0	[SLAMPOS]	0	0.000	0.000	0	328.169	0	0	
0	[SLAMPOS]	0	0.000	0.000	0	328.169	0	0	
0	[SLAMPOS]	0	0.000	0.000	0	328.174	0	0	
0	[SLAMPOS]	0	0.000	0.000	0	328.183	0	0	
0	[SLAMPOS]	0	0.000	0.000	0	328.183	0	0	
0	[SLAMPOS]	0	0.000	0.000	0	328.183	0	0	
0	[SLAMPOS]	0	0.000	0.000	0	328.183	0	0	
0	[SLAMPOS]	0	0.000	0.000	0	328.207	0	0	
0	[SLAMPOS]	0	0.000	0.000	0	328.233	0	0	
0	[SLAMPOS]	0	0.000	0.000	0	328.233	0	0	
0	[SLAMPOS]	0	0.000	0.000	0	328.285	0	0	
0	[SLAMPOS]	0	0.000	0.000	0	328.285	0	0	
0	[SLAMPOS]	0	0.000	0.000	0	328.309	0	0	
0	[SLAMPOS]	0	0.000	0.000	0	328.322	0	0	
0	[SLAMPOS]	0	0.000	0.000	0	328.322	0	0	
0	[SLAMPOS]	0	0.000	0.000	0	328.367	0	0	
0	[SLAMPOS]	0	0.000	0.000	0	328.367	0	0	
0	[SLAMPOS]	0	0.000	0.000	0	328.396	0	0	
0	[SLAMPOS]	0	0.000	0.000	0	328.439	0	0	
0	[SLAMPOS]	0	0.000	0.000	0	328.439	0	0	
0	[SLAMPOS]	0	0.000	0.000	0	328.462	0	0	
0	[SLAMPOS]	0	0.000	0.000	0	328.462	0	0	
0	[SLAMPOS]	0	0.000	0.000	0	328.480	0	0	
0	[SLAMPOS]	0	0.000	0.000	0	328.517	0	0	
0	[SLAMPOS]	0	0.000	0.000	0	328.517	0	0	
0	[SLAMPOS]	0	0.000	0.000	0	328.577	0	0	
0	[SLAMPOS]	0	0.000	0.000	0	328.577	0	0	
0	[SLAMPOS]	0	0.000	0.000	0	328.598	0	0	
0	[SLAMPOS]	0	0.000	0.000	0	328.611	0	0	
0	[SLAMPOS]	0	0.000	0.000	0	328.611	0	0	
0	[SLAMPOS]	0	0.000	0.000	0	328.669	0	0	
0	[SLAMPOS]	0	0.000	0.000	0	328.669	0	0	
0	[SLAMPOS]	0	0.000	0.000	0	328.686	0	0	
0	[SLAMPOS]	0	0.000	0.000	0	328.699	0	0	
0	[SLAMPOS]	0	0.000	0.000	0	328.699	0	0	
0	[SLAMPOS]	0	0.000	0.000	0	328.743	0	0	
0	[SLAMPOS]	0	0.000	0.000	0	328.743	0	0	
0	[SLAMPOS]	0	0.000	0.000	0	328.775	0	0	
0	[SLAMPOS]	0	0.000	0.000	0	328.798	0	0	
0	[SLAMPOS]	0	0.000	0.000	0	328.798	0	0	
0	[SLAMPOS]	0	0.000	0.000	0	328.838	0	0	
0	[SLAMPOS]	0	0.000	0.000	0	328.838	0	0	
0	[SLAMPOS]	0	0.000	0.000	0	328.854	0	0	
0	[SLAMPOS]	0	0.000	0.000	0	328.880	0	0	
0	[SLAMPOS]	0	0.000	0.000	0	328.880	0	0	
0	[SLAMPOS]	0	0.000	0.000	0	328.942	0	0	
0	[SLAMPOS]	0	0.000	0.000	0	328.942	0	0	
0	[SLAMPOS]	0	0.000	0.000	0	328.968	0	0	
0	[SLAMPOS]	0	0.000	0.000	0	328.991	0	0	
0	[SLAMPOS]	0	0.000	0.000	0	328.991	0	0	
0	[SLAMPOS]	0	0.000	0.000	0	329.038	0	0	
0	[SLAMPOS]	0	0.000	0.000	0	329.038	0	0	
0	[SLAMPOS]	0	0.000	0.000	0	329.056	0	0	
0	[SLAMPOS]	0	0.000	0.000	0	329.067	0	0	
0	[SLAMPOS]	0	0.000	0.000	0	329.067	0	0	
0	[SLAMPOS]	0	0.000	0.000	0	329.127	0	0	
0	[SLAMPOS]	0	0.000	0.000	0	329.127	0	0	
0	[SLAMPOS]	0	0.000	0.000	0	329.156	0	0	
0	[SLAMPOS]	0	0.000	0.000	0	329.179	0	0	
0	[SLAMPOS]	0	0.000	0.000	0	329.179	0	0	
0	[SLAMPOS]	0	0.000	0.000	0	329.226	0	0	
0	[SLAMPOS]	0	0.000	0.000	0	329.226	0	0	
0	[SLAMPOS]	0	0.000	0.000	0	329.243	0	0	
0	[SLAMPOS]	0	0.000	0.000	0	329.261	0	0	
0	[SLAMPOS]	0	0.000	0.000	0	329.291	0	0	
0	[SLAMPOS]	0	0.000	0.000	0	329.309	0	0	
0	[SLAMPOS]	0	0.000	0.000	0	329.309	0	0	
0	[SLAMPOS]	0	0.000	0.000	0	329.329	0	0	
0	[SLAMPOS]	0	0.000	0.000	0	329.351	0	0	
0	[SLAMPOS]	0	0.000	0.000	0	329.375	0	0	
0	[SLAMPOS]	0	0.000	0.000	0	329.393	0	0	
0	[SLAMPOS]	0	0.000	0.000	0	329.393	0	0	
0	[SLAMPOS]	0	0.000	0.000	0	329.441	0	0	
0	[SLAMPOS]	0	0.000	0.000	0	329.441	0	0	
0	[SLAMPOS]	0	0.000	0.000	0	329.456	0	0	
0	[SLAMPOS]	0	0.000	0.000	0	329.473	0	0	
0	[SLAMPOS]	0	0.000	0.000	0	329.473	0	0	
0	[SLAMPOS]	0	0.000	0.000	0	329.511	0	0	
0	[SLAMPOS]	0	0.000	0.000	0	329.511	0	0	
0	[SLAMPOS]	0	0.000	0.000	0	329.533	0	0	
0	[SLAMPOS]	0	0.000	0.000	0	329.559	0	0	
0	[SLAMPOS]	0	0.000	0.000	0	329.573	0	0	
0	[SLAMPOS]	0	0.000	0.000	0	329.593	0	0	
0	[SLAMPOS]	0	0.000	0.000	0	329.593	0	0	
0	[SLAMPOS]	0	0.000	0.000	0	329.637	0	0	
0	[SLAMPOS]	0	0.000	0.000	0	329.637	0	0	
0	[SLAMPOS]	0	0.000	0.000	0	329.657	0	0	
0	[SLAMPOS]	0	0.000	0.000	0	329.674	0	0	
0	[SLAMPOS]	0	0.000	0.000	0	329.674	0	0	
0	[SLAMPOS]	0	0.000	0.000	0	329.708	0	0	
0	[SLAMPOS]	0	0.000	0.000	0	329.708	0	0	
0	[SLAMPOS]	0	0.000	0.000	0	329.724	0	0	
0	[SLAMPOS]	0	0.000	0.000	0	329.741	0	0	
0	[SLAMPOS]	0	0.000	0.000	0	329.741	0	0	
0	[SLAMPOS]	0	0.000	0.000	0	329.779	0	0	
0	[SLAMPOS]	0	0.000	0.000	0	329.779	0	0	
0	[SLAMPOS]	0	0.000	0.000	0	329.811	0	0	
0	[SLAMPOS]	0	0.000	0.000	0	329.833	0	0	
0	[SLAMPOS]	0	0.000	0.000	0	329.854	0	0	
0	[SLAMPOS]	0	0.000	0.000	0	329.869	0	0	
0	[SLAMPOS]	0	0.000	0.000	0	329.869	0	0	
0	[SLAMPOS]	0	0.000	0.000	0	329.918	0	0	
0	[SLAMPOS]	0	0.000	0.000	0	329.918	0	0	
0	[SLAMPOS]	0	0.000	0.000	0	329.954	0	0	
0	[SLAMPOS]	0	0.000	0.000	0	329.996	0	0	
0	[SLAMPOS]	0	0.000	0.000	0	329.996	0	0	
0	[SLAMPOS]	0	0.000	0.000	0	330.068	0	0	
0	[SLAMPOS]	0	0.000	0.000	0	330.068	0	0	
0	[SLAMPOS]	0	0.000	0.000	0	330.084	0	0	
0	[SLAMPOS]	0	0.000	0.000	0	330.081	0	0	
0	[SLAMPOS]	0	0.000	0.000	0	330.081	0	0	
0	[SLAMPOS]	0	0.000	0.000	0	330.097	0	0	
0	[SLAMPOS]	0	0.000	0.000	0	330.097	0	0	
0	[SLAMPOS]	0	0.000	0.000	0	330.115	0	0	
0	[SLAMPOS]	0	0.000	0.000	0	330.157	0	0	
0	[SLAMPOS]	0	0.000	0.000	0	330.157	0	0	
0	[SLAMPOS]	0	0.000	0.000	0	330.234	0	0	
0	[SLAMPOS]	0	0.000	0.000	0	330.234	0	0	
0	[SLAMPOS]	0	0.000	0.000	0	330.265	0	0	
0	[SLAMPOS]	0	0.000	0.000	0	330.291	0	0	
0	[SLAMPOS]	0	0.000	0.000	0	330.292	0	0	
0	[SLAMPOS]	0	0.000	0.000	0	330.319	0	0	
0	[SLAMPOS]	0	0.000	0.000	0	330.319	0	0	
0	[SLAMPOS]	0	0.000	0.000	0	330.345	0	0	
0	[SLAMPOS]	0	0.000	0.000	0	330.367	0	0	
0	[SLAMPOS]	0	0.000	0.000	0	330.394	0	0	
0	[SLAMPOS]	0	0.000	0.000	0	330.428	0	0	
0	[SLAMPOS]	0	0.000	0.000	0	330.428	0	0	
0	[SLAMPOS]	0	0.000	0.000	0	330.464	0	0	
0	[SLAMPOS]	0	0.000	0.000	0	330.464	0	0	
0	[SLAMPOS]	0	0.000	0.000	0	330.474	0	0	
0	[SLAMPOS]	0	0.000	0.000	0	330.482	0	0	
0	[SLAMPOS]	0	0.000	0.000	0	330.482	0	0	
0	[SLAMPOS]	0	0.000	0.000	0	330.541	0	0	
0	[SLAMPOS]	0	0.000	0.000	0	330.541	0	0	
0	[SLAMPOS]	0	0.000	0.000	0	330.577	0	0	
0	[SLAMPOS]	0	0.000	0.000	0	330.610	0	0	
0	[SLAMPOS]	0	0.000	0.000	0	330.610	0	0	
0	[SLAMPOS]	0	0.000	0.000	0	330.653	0	0	
0	[SLAMPOS]	0	0.000	0.000	0	330.653	0	0	
0	[SLAMPOS]	0	0.000	0.000	0	330.676	0	0	
0	[SLAMPOS]	0	0.000	0.000	0	330.697	0	0	
0	[SLAMPOS]	0	0.000	0.000	0	330.697	0	0	
0	[SLAMPOS]	0	0.000	0.000	0	330.751	0	0	
0	[SLAMPOS]	0	0.000	0.000	0	330.751	0	0	
0	[SLAMPOS]	0	0.000	0.000	0	330.784	0	0	
0	[SLAMPOS]	0	0.000	0.000	0	330.811	0	0	
0	[SLAMPOS]	0	0.000	0.000	0	330.811	0	0	
0	[SLAMPOS]	0	0.000	0.000	0	330.861	0	0	
0	[SLAMPOS]	0	0.000	0.000	0	330.861	0	0	
0	[SLAMPOS]	0	0.000	0.000	0	330.886	0	0	
0	[SLAMPOS]	0	0.000	0.000	0	330.906	0	0	
0	[SLAMPOS]	0	0.000	0.000	0	330.906	0	0	
0	[SLAMPOS]	0	0.000	0.000	0	330.971	0	0	
0	[SLAMPOS]	0	0.000	0.000	0	330.971	0	0	
0	[SLAMPOS]	0	0.000	0.000	0	330.985	0	0	
0	[SLAMPOS]	0	0.000	0.000	0	331.012	0	0	
0	[SLAMPOS]	0	0.000	0.000	0	331.037	0	0	
0	[SLAMPOS]	0	0.000	0.000	0	331.064	0	0	
0	[SLAMPOS]	0	0.000	0.000	0	331.064	0	0	
0	[SLAMPOS]	0	0.000	0.000	0	331.081	0	0	
0	[SLAMPOS]	0	0.000	0.000	0	331.081	0	0	
0	[SLAMPOS]	0	0.000	0.000	0	331.109	0	0	
0	[SLAMPOS]	0	0.000	0.000	0	331.129	0	0	
0	[SLAMPOS]	0	0.000	0.000	0	331.129	0	0	
0	[SLAMPOS]	0	0.000	0.000	0	331.152	0	0	
0	[SLAMPOS]	0	0.000	0.000	0	331.167	0	0	
0	[SLAMPOS]	0	0.000	0.000	0	331.167	0	0	
0	[SLAMPOS]	0	0.000	0.000	0	331.159	0	0	
0	[SLAMPOS]	0	0.000	0.000	0	331.159	0	0	
0	[SLAMPOS]	0	0.000	0.000	0	331.155	0	0	
0	[SLAMPOS]	0	0.000	0.000	0	331.146	0	0	
0	[SLAMPOS]	0	0.000	0.000	0	331.144	0	0	
0	[SLAMPOS]	0	0.000	0.000	0	331.153	0	0	
0	[SLAMPOS]	0	0.000	0.000	0	331.153	0	0	
0	[SLAMPOS]	0	0.000	0.000	0	331.164	0	0	
0	[SLAMPOS]	0	0.000	0.000	0	331.164	0	0	
0	[SLAMPOS]	0	0.000	0.000	0	331.168	0	0	
0	[SLAMPOS]	0	0.000	0.000	0	331.165	0	0	
0	[SLAMPOS]	0	0.000	0.000	0	331.165	0	0	
0	[SLAMPOS]	0	0.000	0.000	0	331.159	0	0	
0	[SLAMPOS]	0	0.000	0.000	0	331.159	0	0	
0	[SLAMPOS]	0	0.000	0.000	0	331.160	0	0	
0	[SLAMPOS]	0	0.000	0.000	0	331.150	0	0	
0	[SLAMPOS]	0	0.000	0.000	0	331.150	0	0	
0	[SLAMPOS]	0	0.000	0.000	0	331.166	0	0	
0	[SLAMPOS]	0	0.000	0.000	0	331.166	0	0	
0	[SLAMPOS]	0	0.000	0.000	0	331.157	0	0	
0	[SLAMPOS]	0	0.000	0.000	0	331.158	0	0	
0	[SLAMPOS]	0	0.000	0.000	0	331.158	0	0	
0	[SLAMPOS]	0	0.000	0.000	0	331.150	0	0	
0	[SLAMPOS]	0	0.000	0.000	0	331.150	0	0	
0	[SLAMPOS]	0	0.000	0.000	0	331.154	0	0	
0	[SLAMPOS]	0	0.000	0.000	0	331.161	0	0	
0	[SLAMPOS]	0	0.000	0.000	0	331.161	0	0	
0	[SLAMPOS]	0	0.000	0.000	0	331.168	0	0	
0	[SLAMPOS]	0	0.000	0.000	0	331.168	0	0	
0	[SLAMPOS]	0	0.000	0.000	0	331.165	0	0	
0	[SLAMPOS]	0	0.000	0.000	0	331.161	0	0	
0	[SLAMPOS]	0	0.000	0.000	0	331.145	0	0	
0	[SLAMPOS]	0	0.000	0.000	0	331.144	0	0	
0	[SLAMPOS]	0	0.000	0.000	0	331.144	0	0	
0	[SLAMPOS]	0	0.000	0.000	0	331.147	0	0	
0	[SLAMPOS]	0	0.000	0.000	0	331.145	0	0	
0	[SLAMPOS]	0	0.000	0.000	0	331.145	0	0	
0	[SLAMPOS]	0	0.000	0.000	0	331.138	0	0	
0	[SLAMPOS]	0	0.000	0.000	0	331.138	0	0	
0	[SLAMPOS]	0	0.000	0.000	0	331.137	0	0	
0	[SLAMPOS]	0	0.000	0.000	0	331.135	0	0	
0	[SLAMPOS]	0	0.000	0.000	0	331.145	0	0	
0	[SLAMPOS]	0	0.000	0.000	0	331.150	0	0	
0	[SLAMPOS]	0	0.000	0.000	0	331.150	0	0	
0	[SLAMPOS]	0	0.000	0.000	0	331.142	0	0	
0	[SLAMPOS]	0	0.000	0.000	0	331.142	0	0	
0	[SLAMPOS]	0	0.000	0.000	0	331.139	0	0	
0	[SLAMPOS]	0	0.000	0.000	0	331.140	0	0	
0	[SLAMPOS]	0	0.000	0.000	0	331.140	0	0	
0	[SLAMPOS]	0	0.000	0.000	0	331.160	0	0	
0	[SLAMPOS]	0	0.000	0.000	0	331.160	0	0	
0	[SLAMPOS]	0	0.000	0.000	0	331.163	0	0	
0	[SLAMPOS]	0	0.000	0.000	0	331.156	0	0	
0	[SLAMPOS]	0	0.000	0.000	0	331.156	0	0	
0	[SLAMPOS]	0	0.000	0.000	0	331.143	0	0	
0	[SLAMPOS]	0	0.000	0.000	0	331.143	0	0	
0	[SLAMPOS]	0	0.000	0.000	0	331.136	0	0	
0	[SLAMPOS]	0	0.000	0.000	0	331.147	0	0	
0	[SLAMPOS]	0	0.000	0.000	0	331.147	0	0	
0	[SLAMPOS]	0	0.000	0.000	0	331.153	0	0	
0	[SLAMPOS]	0	0.000	0.000	0	331.153	0	0	
0	[SLAMPOS]	0	0.000	0.000	0	331.155	0	0	
0	[SLAMPOS]	0	0.000	0.000	0	331.157	0	0	
0	[SLAMPOS]	0	0.000	0.000	0	331.164	0	0	
0	[SLAMPOS]	0	0.000	0.000	0	331.173	0	0	
0	[SLAMPOS]	0	0.000	0.000	0	331.173	0	0	
0	[SLAMPOS]	0	0.000	0.000	0	331.154	0	0	
0	[SLAMPOS]	0	0.000	0.000	0	331.154	0	0	
0	[SLAMPOS]	0	0.000	0.000	0	331.145	0	0	
0	[SLAMPOS]	0	0.000	0.000	0	331.137	0	0	
0	[SLAMPOS]	0	0.000	0.000	0	331.137	0	0	
0	[SLAMPOS]	0	0.000	0.000	0	331.138	0	0	
0	[SLAMPOS]	0	0.000	0.000	0	331.138	0	0	
0	[SLAMPOS]	0	0.000	0.000	0	331.133	0	0	
0	[SLAMPOS]	0	0.000	0.000	0	331.137	0	0	
0	[SLAMPOS]	0	0.000	0.000	0	331.137	0	0	
0	[SLAMPOS]	0	0.000	0.000	0	331.101	0	0	
0	[SLAMPOS]	0	0.000	0.000	0	331.101	0	0	
0	[SLAMPOS]	0	0.000	0.000	0	331.079	0	0	
0	[SLAMPOS]	0	0.000	0.000	0	331.067	0	0	
0	[SLAMPOS]	0	0.000	0.000	0	331.067	0	0	
0	[SLAMPOS]	0	0.000	0.000	0	331.036	0	0	
0	[SLAMPOS]	0	0.000	0.000	0	331.036	0	0	
0	[SLAMPOS]	0	0.000	0.000	0	331.007	0	0	
0	[SLAMPOS]	0	0.000	0.000	0	330.991	0	0	
0	[SLAMPOS]	0	0.000	0.000	0	330.991	0	0	
0	[SLAMPOS]	0	0.000	0.000	0	330.950	0	0	
0	[SLAMPOS]	0	0.000	0.000	0	330.950	0	0	
0	[SLAMPOS]	0	0.000	0.000	0	330.921	0	0	
0	[SLAMPOS]	0	0.000	0.000	0	330.891	0	0	
0	[SLAMPOS]	0	0.000	0.000	0	330.891	0	0	
0	[SLAMPOS]	0	0.000	0.000	0	330.836	0	0	
0	[SLAMPOS]	0	0.000	0.000	0	330.836	0	0	
0	[SLAMPOS]	0	0.000	0.000	0	330.802	0	0	
0	[SLAMPOS]	0	0.000	0.000	0	330.780	0	0	
0	[SLAMPOS]	0	0.000	0.000	0	330.780	0	0	
0	[SLAMPOS]	0	0.000	0.000	0	330.736	0	0	
0	[SLAMPOS]	0	0.000	0.000	0	330.736	0	0	
0	[SLAMPOS]	0	0.000	0.000	0	330.713	0	0	
0	[SLAMPOS]	0	0.000	0.000	0	330.687	0	0	
0	[SLAMPOS]	0	0.000	0.000	0	330.670	0	0	
0	[SLAMPOS]	0	0.000	0.000	0	330.646	0	0	
0	[SLAMPOS]	0	0.000	0.000	0	330.646	0	0	
0	[SLAMPOS]	0	0.000	0.000	0	330.601	0	0	
0	[SLAMPOS]	0	0.000	0.000	0	330.601	0	0	
0	[SLAMPOS]	0	0.000	0.000	0	330.597	0	0	
0	[SLAMPOS]	0	0.000	0.000	0	330.595	0	0	
0	[SLAMPOS]	0	0.000	0.000	0	330.595	0	0	
0	[SLAMPOS]	0	0.000	0.000	0	330.600	0	0	
0	[SLAMPOS]	0	0.000	0.000	0	330.600	0	0	
0	[SLAMPOS]	0	0.000	0.000	0	330.588	0	0	
0	[SLAMPOS]	0	0.000	0.000	0	330.595	0	0	
0	[SLAMPOS]	0	0.000	0.000	0	330.595	0	0	
0	[SLAMPOS]	0	0.000	0.000	0	330.606	0	0	
0	[SLAMPOS]	0	0.000	0.000	0	330.606	0	0	
0	[SLAMPOS]	0	0.000	0.000	0	330.624	0	0	
0	[SLAMPOS]	0	0.000	0.000	0	330.650	0	0	
0	[SLAMPOS]	0	0.000	0.000	0	330.650	0	0	
0	[SLAMPOS]	0	0.000	0.000	0	330.668	0	0	
0	[SLAMPOS]	0	0.000	0.000	0	330.668	0	0	
0	[SLAMPOS]	0	0.000	0.000	0	330.674	0	0	
0	[SLAMPOS]	0	0.000	0.000	0	330.674	0	0	
0	[SLAMPOS]	0	0.000	0.000	0	330.674	0	0	
0	[SLAMPOS]	0	0.000	0.000	0	330.711	0	0	
0	[SLAMPOS]	0	0.000	0.000	0	330.711	0	0	
0	[SLAMPOS]	0	0.000	0.000	0	330.737	0	0	
0	[SLAMPOS]	0	0.000	0.000	0	330.768	0	0	
0	[SLAMPOS]	0	0.000	0.000	0	330.768	0	0	
0	[SLAMPOS]	0	0.000	0.000	0	330.838	0	0	
0	[SLAMPOS]	0	0.000	0.000	0	330.838	0	0	
0	[SLAMPOS]	0	0.000	0.000	0	330.874	0	0	
0	[SLAMPOS]	0	0.000	0.000	0	330.904	0	0	
0	[SLAMPOS]	0	0.000	0.000	0	330.904	0	0	
0	[SLAMPOS]	0	0.000	0.000	0	330.961	0	0	
0	[SLAMPOS]	0	0.000	0.000	0	330.961	0	0	
0	[SLAMPOS]	0	0.000	0.000	0	330.983	0	0	
0	[SLAMPOS]	0	0.000	0.000	0	331.014	0	0	
0	[SLAMPOS]	0	0.000	0.000	0	331.042	0	0	
0	[SLAMPOS]	0	0.000	0.000	0	331.080	0	0	
0	[SLAMPOS]	0	0.000	0.000	0	331.080	0	0	
0	[SLAMPOS]	0	0.000	0.000	0	331.117	0	0	
0	[SLAMPOS]	0	0.000	0.000	0	331.149	0	0	
0	[SLAMPOS]	0	0.000	0.000	0	331.176	0	0	
0	[SLAMPOS]	0	0.000	0.000	0	331.202	0	0	
0	[SLAMPOS]	0	0.000	0.000	0	331.202	0	0	
0	[SLAMPOS]	0	0.000	0.000	0	331.261	0	0	
0	[SLAMPOS]	0	0.000	0.000	0	331.261	0	0	
0	[SLAMPOS]	0	0.000	0.000	0	331.286	0	0	
0	[SLAMPOS]	0	0.000	0.000	0	331.313	0	0	
0	[SLAMPOS]	0	0.000	0.000	0	331.313	0	0	
0	[SLAMPOS]	0	0.000	0.000	0	331.375	0	0	
0	[SLAMPOS]	0	0.000	0.000	0	331.375	0	0	
0	[SLAMPOS]	0	0.000	0.000	0	331.403	0	0	
0	[SLAMPOS]	0	0.000	0.000	0	331.424	0	0	
0	[SLAMPOS]	0	0.000	0.000	0	331.424	0	0	
0	[SLAMPOS]	0	0.000	0.000	0	331.463	0	0	
0	[SLAMPOS]	0	0.000	0.000	0	331.463	0	0	
0	[SLAMPOS]	0	0.000	0.000	0	331.489	0	0	
0	[SLAMPOS]	0	0.000	0.000	0	331.519	0	0	
0	[SLAMPOS]	0	0.000	0.000	0	331.519	0	0	
0	[SLAMPOS]	0	0.000	0.000	0	331.590	0	0	
0	[SLAMPOS]	0	0.000	0.000	0	331.590	0	0	
0	[SLAMPOS]	0	0.000	0.000	0	331.611	0	0	
0	[SLAMPOS]	0	0.000	0.000	0	331.636	0	0	
0	[SLAMPOS]	0	0.000	0.000	0	331.636	0	0	
0	[SLAMPOS]	0	0.000	0.000	0	331.676	0	0	
0	[SLAMPOS]	0	0.000	0.000	0	331.694	0	0	
0	[SLAMPOS]	0	0.000	0.000	0	331.723	0	0	
0	[SLAMPOS]	0	0.000	0.000	0	331.723	0	0	
0	[SLAMPOS]	0	0.000	0.000	0	331.785	0	0	
0	[SLAMPOS]	0	0.000	0.000	0	331.819	0	0	
0	[SLAMPOS]	0	0.000	0.000	0	331.847	0	0	
0	[SLAMPOS]	0	0.000	0.000	0	331.873	0	0	
0	[SLAMPOS]	0	0.000	0.000	0	331.888	0	0	
0	[SLAMPOS]	0	0.000	0.000	0	331.888	0	0	
0	[SLAMPOS]	0	0.000	0.000	0	331.905	0	0	
0	[SLAMPOS]	0	0.000	0.000	0	331.922	0	0	
0	[SLAMPOS]	0	0.000	0.000	0	331.935	0	0	
0	[SLAMPOS]	0	0.000	0.000	0	331.945	0	0	
0	[SLAMPOS]	0	0.000	0.000	0	331.945	0	0	
0	[SLAMPOS]	0	0.000	0.000	0	331.938	0	0	
0	[SLAMPOS]	0	0.000	0.000	0	331.938	0	0	
0	[SLAMPOS]	0	0.000	0.000	0	331.935	0	0	
0	[SLAMPOS]	0	0.000	0.000	0	331.930	0	0	
0	[SLAMPOS]	0	0.000	0.000	0	331.930	0	0	
0	[SLAMPOS]	0	0.000	0.000	0	331.924	0	0	
0	[SLAMPOS]	0	0.000	0.000	0	331.924	0	0	
0	[SLAMPOS]	0	0.000	0.000	0	331.925	0	0	
0	[SLAMPOS]	0	0.000	0.000	0	331.919	0	0	
0	[SLAMPOS]	0	0.000	0.000	0	331.919	0	0	
0	[SLAMPOS]	0	0.000	0.000	0	331.885	0	0	
0	[SLAMPOS]	0	0.000	0.000	0	331.885	0	0	
0	[SLAMPOS]	0	0.000	0.000	0	331.873	0	0	
0	[SLAMPOS]	0	0.000	0.000	0	331.859	0	0	
0	[SLAMPOS]	0	0.000	0.000	0	331.859	0	0	
0	[SLAMPOS]	0	0.000	0.000	0	331.812	0	0	
0	[SLAMPOS]	0	0.000	0.000	0	331.812	0	0	
0	[SLAMPOS]	0	0.000	0.000	0	331.772	0	0	
0	[SLAMPOS]	0	0.000	0.000	0	331.738	0	0	
0	[SLAMPOS]	0	0.000	0.000	0	331.738	0	0	
0	[SLAMPOS]	0	0.000	0.000	0	331.660	0	0	
0	[SLAMPOS]	0	0.000	0.000	0	331.660	0	0	
0	[SLAMPOS]	0	0.000	0.000	0	331.621	0	0	
0	[SLAMPOS]	0	0.000	0.000	0	331.565	0	0	
0	[SLAMPOS]	0	0.000	0.000	0	331.565	0	0	
0	[SLAMPOS]	0	0.000	0.000	0	331.442	0	0	
0	[SLAMPOS]	0	0.000	0.000	0	331.442	0	0	
0	[SLAMPOS]	0	0.000	0.000	0	331.378	0	0	
0	[SLAMPOS]	0	0.000	0.000	0	331.337	0	0	
0	[SLAMPOS]	0	0.000	0.000	0	331.337	0	0	
0	[SLAMPOS]	0	0.000	0.000	0	331.265	0	0	
0	[SLAMPOS]	0	0.000	0.000	0	331.265	0	0	
0	[SLAMPOS]	0	0.000	0.000	0	331.208	0	0	
0	[SLAMPOS]	0	0.000	0.000	0	331.152	0	0	
0	[SLAMPOS]	0	0.000	0.000	0	331.152	0	0	
0	[SLAMPOS]	0	0.000	0.000	0	331.077	0	0	
0	[SLAMPOS]	0	0.000	0.000	0	331.077	0	0	
0	[SLAMPOS]	0	0.000	0.000	0	331.010	0	0	
0	[SLAMPOS]	0	0.000	0.000	0	330.948	0	0	
0	[SLAMPOS]	0	0.000	0.000	0	330.905	0	0	
0	[SLAMPOS]	0	0.000	0.000	0	330.870	0	0	
0	[SLAMPOS]	0	0.000	0.000	0	330.870	0	0	
0	[SLAMPOS]	0	0.000	0.000	0	330.825	0	0	
0	[SLAMPOS]	0	0.000	0.000	0	330.825	0	0	
0	[SLAMPOS]	0	0.000	0.000	0	330.800	0	0	
0	[SLAMPOS]	0	0.000	0.000	0	330.778	0	0	
0	[SLAMPOS]	0	0.000	0.000	0	330.778	0	0	
0	[SLAMPOS]	0	0.000	0.000	0	330.742	0	0	
0	[SLAMPOS]	0	0.000	0.000	0	330.742	0	0	
0	[SLAMPOS]	0	0.000	0.000	0	330.718	0	0	
0	[SLAMPOS]	0	0.000	0.000	0	330.701	0	0	
0	[SLAMPOS]	0	0.000	0.000	0	330.701	0	0	
0	[SLAMPOS]	0	0.000	0.000	0	330.654	0	0	
0	[SLAMPOS]	0	0.000	0.000	0	330.654	0	0	
0	[SLAMPOS]	0	0.000	0.000	0	330.631	0	0	
0	[SLAMPOS]	0	0.000	0.000	0	330.614	0	0	
0	[SLAMPOS]	0	0.000	0.000	0	330.614	0	0	
0	[SLAMPOS]	0	0.000	0.000	0	330.573	0	0	
0	[SLAMPOS]	0	0.000	0.000	0	330.573	0	0	
0	[SLAMPOS]	0	0.000	0.000	0	330.551	0	0	
0	[SLAMPOS]	0	0.000	0.000	0	330.526	0	0	
0	[SLAMPOS]	0	0.000	0.000	0	330.526	0	0	
0	[SLAMPOS]	0	0.000	0.000	0	330.482	0	0	
0	[SLAMPOS]	0	0.000	0.000	0	330.482	0	0	
0	[SLAMPOS]	0	0.000	0.000	0	330.440	0	0	
0	[SLAMPOS]	0	0.000	0.000	0	330.440	0	0	
0	[SLAMPOS]	0	0.000	0.000	0	330.413	0	0	
0	[SLAMPOS]	0	0.000	0.000	0	330.389	0	0	
0	[SLAMPOS]	0	0.000	0.000	0	330.389	0	0	
0	[SLAMPOS]	0	0.000	0.000	0	330.357	0	0	
0	[SLAMPOS]	0	0.000	0.000	0	330.339	0	0	
0	[SLAMPOS]	0	0.000	0.000	0	330.313	0	0	
0	[SLAMPOS]	0	0.000	0.000	0	330.292	0	0	
0	[SLAMPOS]	0	0.000	0.000	0	330.292	0	0	
0	[SLAMPOS]	0	0.000	0.000	0	330.241	0	0	
0	[SLAMPOS]	0	0.000	0.000	0	330.241	0	0	
0	[SLAMPOS]	0	0.000	0.000	0	330.218	0	0	
0	[SLAMPOS]	0	0.000	0.000	0	330.194	0	0	
0	[SLAMPOS]	0	0.000	0.000	0	330.194	0	0	
0	[SLAMPOS]	0	0.000	0.000	0	330.152	0	0	
0	[SLAMPOS]	0	0.000	0.000	0	330.130	0	0	
0	[SLAMPOS]	0	0.000	0.000	0	330.106	0	0	
0	[SLAMPOS]	0	0.000	0.000	0	330.106	0	0	
0	[SLAMPOS]	0	0.000	0.000	0	330.065	0	0	
0	[SLAMPOS]	0	0.000	0.000	0	330.065	0	0	
0	[SLAMPOS]	0	0.000	0.000	0	330.044	0	0	
0	[SLAMPOS]	0	0.000	0.000	0	330.042	0	0	
0	[SLAMPOS]	0	0.000	0.000	0	330.042	0	0	
0	[SLAMPOS]	0	0.000	0.000	0	330.061	0	0	
0	[SLAMPOS]	0	0.000	0.000	0	330.061	0	0	
0	[SLAMPOS]	0	0.000	0.000	0	330.081	0	0	
0	[SLAMPOS]	0	0.000	0.000	0	330.098	0	0	
0	[SLAMPOS]	0	0.000	0.000	0	330.098	0	0	
0	[SLAMPOS]	0	0.000	0.000	0	330.169	0	0	
0	[SLAMPOS]	0	0.000	0.000	0	330.169	0	0	
0	[SLAMPOS]	0	0.000	0.000	0	330.244	0	0	
0	[SLAMPOS]	0	0.000	0.000	0	330.244	0	0	
0	[SLAMPOS]	0	0.000	0.000	0	330.282	0	0	
0	[SLAMPOS]	0	0.000	0.000	0	330.312	0	0	
0	[SLAMPOS]	0	0.000	0.000	0	330.312	0	0	
