0	[GPS]	0	31.592267733870575	120.771882990046680	324.392075534858460	289149.000	3497215.000	0	0	
0	[GPS]	0	31.592269282152948	120.771881715736260	324.466934408161820	-556.566	216.297	0	0	
0	[GPS]	0	31.592269282152948	120.771881715736260	324.466934408161820	-556.566	216.297	0	0	
0	[GPS]	0	31.592272370844348	120.771879152632390	324.610259097705350	-556.802	216.644	0	0	
0	[GPS]	0	31.592272370844348	120.771879152632390	324.610259097705350	-556.802	216.644	0	0	
0	[GPS]	0	31.592273912485489	120.771877860841850	324.680883253723270	-556.921	216.817	0	0	
0	[GPS]	0	31.592275502872980	120.771876621233600	324.756452466700300	-557.035	216.996	0	0	
0	[GPS]	0	31.592275502872980	120.771876621233600	324.756452466700300	-557.035	216.996	0	0	
0	[GPS]	0	31.592278514554991	120.771874134502430	324.903875269745870	-557.264	217.335	0	0	
0	[GPS]	0	31.592278514554991	120.771874134502430	324.903875269745870	-557.264	217.335	0	0	
0	[GPS]	0	31.592280059881723	120.771872898984740	324.979936256343140	-557.378	217.509	0	0	
0	[GPS]	0	31.592281601604359	120.771871617212880	325.052226978518550	-557.496	217.682	0	0	
0	[GPS]	0	31.592281601604359	120.771871617212880	325.052226978518550	-557.496	217.682	0	0	
0	[GPS]	0	31.592284618583339	120.771869128408540	325.192327818773830	-557.726	218.021	0	0	
0	[GPS]	0	31.592284618583339	120.771869128408540	325.192327818773830	-557.726	218.021	0	0	
0	[GPS]	0	31.592286122847060	120.771867926286670	325.258416729182900	-557.836	218.191	0	0	
0	[GPS]	0	31.592287651047474	120.771866664118520	325.327702168123490	-557.953	218.362	0	0	
0	[GPS]	0	31.592287651047474	120.771866664118520	325.327702168123490	-557.953	218.362	0	0	
0	[GPS]	0	31.592290743776836	120.771864230831750	325.462994555203120	-558.177	218.710	0	0	
0	[GPS]	0	31.592290743776836	120.771864230831750	325.462994555203120	-558.177	218.710	0	0	
0	[GPS]	0	31.592292243700427	120.771863037656190	325.530995918579780	-558.286	218.879	0	0	
0	[GPS]	0	31.592293793659639	120.771861880489070	325.600745810383960	-558.393	219.053	0	0	
0	[GPS]	0	31.592295348715595	120.771860711951690	325.666889362306340	-558.500	219.227	0	0	
0	[GPS]	0	31.592296911544214	120.771859490258290	325.731912763204830	-558.612	219.403	0	0	
0	[GPS]	0	31.592296911544214	120.771859490258290	325.731912763204830	-558.612	219.403	0	0	
0	[GPS]	0	31.592298438610889	120.771858296954950	325.796007258376280	-558.722	219.575	0	0	
0	[GPS]	0	31.592299989739281	120.771857079786270	325.865647867153710	-558.834	219.749	0	0	
0	[GPS]	0	31.592301536440370	120.771855932616110	325.934113683393890	-558.940	219.923	0	0	
0	[GPS]	0	31.592303056976213	120.771854661638230	326.000503122126360	-559.057	220.094	0	0	
0	[GPS]	0	31.592303056976213	120.771854661638230	326.000503122126360	-559.057	220.094	0	0	
0	[GPS]	0	31.592304626406069	120.771853468246190	326.058641692341610	-559.167	220.270	0	0	
0	[GPS]	0	31.592306212345989	120.771852243639050	326.111698601814170	-559.279	220.448	0	0	
0	[GPS]	0	31.592306212345989	120.771852243639050	326.111698601814170	-559.279	220.448	0	0	
0	[GPS]	0	31.592309390108017	120.771849741162190	326.210654382509400	-559.509	220.805	0	0	
0	[GPS]	0	31.592309390108017	120.771849741162190	326.210654382509400	-559.509	220.805	0	0	
0	[GPS]	0	31.592310915281661	120.771848520521200	326.247018309650460	-559.622	220.977	0	0	
0	[GPS]	0	31.592312541642791	120.771847297732580	326.291824350605790	-559.734	221.160	0	0	
0	[GPS]	0	31.592312541642791	120.771847297732580	326.291824350605790	-559.734	221.160	0	0	
0	[GPS]	0	31.592315775322849	120.771844746523060	326.327669183370060	-559.969	221.523	0	0	
0	[GPS]	0	31.592315775322849	120.771844746523060	326.327669183370060	-559.969	221.523	0	0	
0	[GPS]	0	31.592317368968864	120.771843463256790	326.337914467125070	-560.087	221.702	0	0	
0	[GPS]	0	31.592319065769310	120.771842176277740	326.354388883403150	-560.206	221.893	0	0	
0	[GPS]	0	31.592319065769310	120.771842176277740	326.354388883403150	-560.206	221.893	0	0	
0	[GPS]	0	31.592322450494425	120.771839647093100	326.404686396451100	-560.438	222.273	0	0	
0	[GPS]	0	31.592322450494425	120.771839647093100	326.404686396451100	-560.438	222.273	0	0	
0	[GPS]	0	31.592324162118487	120.771838299416870	326.421024208945770	-560.562	222.465	0	0	
0	[GPS]	0	31.592325898626420	120.771836941926420	326.436159908146460	-560.687	222.661	0	0	
0	[GPS]	0	31.592325898626420	120.771836941926420	326.436159908146460	-560.687	222.661	0	0	
0	[GPS]	0	31.592329480605116	120.771834226622910	326.469409269026130	-560.936	223.063	0	0	
0	[GPS]	0	31.592329480605116	120.771834226622910	326.469409269026130	-560.936	223.063	0	0	
0	[GPS]	0	31.592331249525692	120.771832866919950	326.484626930496920	-561.062	223.262	0	0	
0	[GPS]	0	31.592333094028973	120.771831420794270	326.495336667115510	-561.195	223.469	0	0	
0	[GPS]	0	31.592333094028973	120.771831420794270	326.495336667115510	-561.195	223.469	0	0	
0	[GPS]	0	31.592336867678586	120.771828549315690	326.534651235978120	-561.459	223.893	0	0	
0	[GPS]	0	31.592336867678586	120.771828549315690	326.534651235978120	-561.459	223.893	0	0	
0	[GPS]	0	31.592338779386377	120.771827067833710	326.541153576067980	-561.595	224.108	0	0	
0	[GPS]	0	31.592340719055638	120.771825548030750	326.550961727716130	-561.735	224.326	0	0	
0	[GPS]	0	31.592342760152253	120.771824023275440	326.572927616086870	-561.875	224.555	0	0	
0	[GPS]	0	31.592344809651529	120.771822473340190	326.592981051490030	-562.017	224.785	0	0	
0	[GPS]	0	31.592344809651529	120.771822473340190	326.592981051490030	-562.017	224.785	0	0	
0	[GPS]	0	31.592348896956075	120.771819267956640	326.611941656625960	-562.312	225.245	0	0	
0	[GPS]	0	31.592348896956075	120.771819267956640	326.611941656625960	-562.312	225.245	0	0	
0	[GPS]	0	31.592351037520267	120.771817611831470	326.626039167072800	-562.465	225.485	0	0	
0	[GPS]	0	31.592353197597614	120.771815944252320	326.638360828335580	-562.618	225.728	0	0	
0	[GPS]	0	31.592353197597614	120.771815944252320	326.638360828335580	-562.618	225.728	0	0	
0	[GPS]	0	31.592357648459338	120.771812592379590	326.670517358948080	-562.926	226.228	0	0	
0	[GPS]	0	31.592357648459338	120.771812592379590	326.670517358948080	-562.926	226.228	0	0	
0	[GPS]	0	31.592359920899664	120.771810838423730	326.681992076753600	-563.087	226.483	0	0	
0	[GPS]	0	31.592362223837213	120.771809096507200	326.704504380258020	-563.247	226.742	0	0	
0	[GPS]	0	31.592362223837213	120.771809096507200	326.704504380258020	-563.247	226.742	0	0	
0	[GPS]	0	31.592366864686664	120.771805554143920	326.733027250231940	-563.573	227.263	0	0	
0	[GPS]	0	31.592366864686664	120.771805554143920	326.733027250231940	-563.573	227.263	0	0	
0	[GPS]	0	31.592369241136570	120.771803714459010	326.745266949224630	-563.742	227.530	0	0	
0	[GPS]	0	31.592371673391991	120.771801878651020	326.758353591674390	-563.911	227.804	0	0	
0	[GPS]	0	31.592371673391991	120.771801878651020	326.758353591674390	-563.911	227.804	0	0	
0	[GPS]	0	31.592376544110479	120.771798132520640	326.777505442107100	-564.256	228.351	0	0	
0	[GPS]	0	31.592376544110479	120.771798132520640	326.777505442107100	-564.256	228.351	0	0	
0	[GPS]	0	31.592379073988901	120.771796211496880	326.794471632005410	-564.432	228.635	0	0	
0	[GPS]	0	31.592381620467560	120.771794259142580	326.805700463000900	-564.612	228.921	0	0	
0	[GPS]	0	31.592381620467560	120.771794259142580	326.805700463000900	-564.612	228.921	0	0	
0	[GPS]	0	31.592386774360410	120.771790346170920	326.835917219889040	-564.971	229.500	0	0	
0	[GPS]	0	31.592386774360410	120.771790346170920	326.835917219889040	-564.971	229.500	0	0	
0	[GPS]	0	31.592389398141805	120.771788351786710	326.841053522144880	-565.155	229.795	0	0	
0	[GPS]	0	31.592392039661590	120.771786354424790	326.855997976048800	-565.338	230.092	0	0	
0	[GPS]	0	31.592394641874399	120.771784359904430	326.857555259179660	-565.522	230.384	0	0	
0	[GPS]	0	31.592397352169765	120.771782251849640	326.863046731272330	-565.716	230.689	0	0	
0	[GPS]	0	31.592397352169765	120.771782251849640	326.863046731272330	-565.716	230.689	0	0	
0	[GPS]	0	31.592402709292116	120.771778192299810	326.888318431201360	-566.089	231.291	0	0	
0	[GPS]	0	31.592402709292116	120.771778192299810	326.888318431201360	-566.089	231.291	0	0	
0	[GPS]	0	31.592405370964524	120.771776167490440	326.893864544807400	-566.275	231.590	0	0	
0	[GPS]	0	31.592408035161590	120.771774119146800	326.899410658413500	-566.463	231.889	0	0	
0	[GPS]	0	31.592408035161590	120.771774119146800	326.899410658413500	-566.463	231.889	0	0	
0	[GPS]	0	31.592413504480305	120.771770012703730	326.931977000376090	-566.841	232.503	0	0	
0	[GPS]	0	31.592413504480305	120.771770012703730	326.931977000376090	-566.841	232.503	0	0	
0	[GPS]	0	31.592416184525682	120.771767943602140	326.932168245672870	-567.031	232.804	0	0	
0	[GPS]	0	31.592418939590491	120.771765855621990	326.947112699576850	-567.223	233.114	0	0	
0	[GPS]	0	31.592418939590491	120.771765855621990	326.947112699576850	-567.223	233.114	0	0	
0	[GPS]	0	31.592424476170248	120.771761590365530	326.957767794682070	-567.615	233.736	0	0	
0	[GPS]	0	31.592424476170248	120.771761590365530	326.957767794682070	-567.615	233.736	0	0	
0	[GPS]	0	31.592430094744916	120.771757384995010	326.996481306897690	-568.002	234.367	0	0	
0	[GPS]	0	31.592430094744916	120.771757384995010	326.996481306897690	-568.002	234.367	0	0	
0	[GPS]	0	31.592432951181486	120.771755209440040	327.003174892284390	-568.202	234.688	0	0	
0	[GPS]	0	31.592435824466079	120.771753035264820	327.016917232894460	-568.401	235.011	0	0	
0	[GPS]	0	31.592435824466079	120.771753035264820	327.016917232894460	-568.401	235.011	0	0	
0	[GPS]	0	31.592441605490276	120.771748759566920	327.054701839382800	-568.794	235.660	0	0	
0	[GPS]	0	31.592441605490276	120.771748759566920	327.054701839382800	-568.794	235.660	0	0	
0	[GPS]	0	31.592444518708426	120.771746530208110	327.051723876904760	-568.999	235.987	0	0	
0	[GPS]	0	31.592447464805183	120.771744330706380	327.071312859444330	-569.201	236.318	0	0	
0	[GPS]	0	31.592447464805183	120.771744330706380	327.071312859444330	-569.201	236.318	0	0	
0	[GPS]	0	31.592453369540412	120.771739896700890	327.090355426850350	-569.609	236.982	0	0	
0	[GPS]	0	31.592453369540412	120.771739896700890	327.090355426850350	-569.609	236.982	0	0	
0	[GPS]	0	31.592456364584688	120.771737615549030	327.092868936464980	-569.818	237.318	0	0	
0	[GPS]	0	31.592459393613989	120.771735344597690	327.100983201198910	-570.027	237.658	0	0	
0	[GPS]	0	31.592459393613989	120.771735344597690	327.100983201198910	-570.027	237.658	0	0	
0	[GPS]	0	31.592465396828736	120.771730813990430	327.131473165653740	-570.443	238.333	0	0	
0	[GPS]	0	31.592465396828736	120.771730813990430	327.131473165653740	-570.443	238.333	0	0	
0	[GPS]	0	31.592468450948260	120.771728519315080	327.148548638578860	-570.654	238.676	0	0	
0	[GPS]	0	31.592471531812318	120.771726207499310	327.162454903728990	-570.867	239.022	0	0	
0	[GPS]	0	31.592471531812318	120.771726207499310	327.162454903728990	-570.867	239.022	0	0	
0	[GPS]	0	31.592477741621149	120.771721582678470	327.185131131773460	-571.292	239.719	0	0	
0	[GPS]	0	31.592477741621149	120.771721582678470	327.185131131773460	-571.292	239.719	0	0	
0	[GPS]	0	31.592480849298703	120.771719208613670	327.191169018999740	-571.510	240.068	0	0	
0	[GPS]	0	31.592483990457989	120.771716871308600	327.205485095500080	-571.725	240.421	0	0	
0	[GPS]	0	31.592483990457989	120.771716871308600	327.205485095500080	-571.725	240.421	0	0	
0	[GPS]	0	31.592490192904506	120.771712157865650	327.221276492861140	-572.158	241.118	0	0	
0	[GPS]	0	31.592490192904506	120.771712157865650	327.221276492861140	-572.158	241.118	0	0	
0	[GPS]	0	31.592493401570980	120.771709737616220	327.231439814346120	-572.380	241.478	0	0	
0	[GPS]	0	31.592496576319572	120.771707415832640	327.257394533192150	-572.594	241.835	0	0	
0	[GPS]	0	31.592496576319572	120.771707415832640	327.257394533192150	-572.594	241.835	0	0	
0	[GPS]	0	31.592502944183074	120.771702659359860	327.282283742527620	-573.031	242.550	0	0	
0	[GPS]	0	31.592502944183074	120.771702659359860	327.282283742527620	-573.031	242.550	0	0	
0	[GPS]	0	31.592506168601716	120.771700211311720	327.287556648566980	-573.256	242.912	0	0	
0	[GPS]	0	31.592509335735198	120.771697812406910	327.289250535481130	-573.476	243.268	0	0	
0	[GPS]	0	31.592509335735198	120.771697812406910	327.289250535481130	-573.476	243.268	0	0	
0	[GPS]	0	31.592515777751707	120.771692962684800	327.320177632042940	-573.922	243.992	0	0	
0	[GPS]	0	31.592515777751707	120.771692962684800	327.320177632042940	-573.922	243.992	0	0	
0	[GPS]	0	31.592522253511849	120.771688146262490	327.366568276885740	-574.364	244.719	0	0	
0	[GPS]	0	31.592522253511849	120.771688146262490	327.366568276885740	-574.364	244.719	0	0	
0	[GPS]	0	31.592525473734440	120.771685776353910	327.399189260361650	-574.582	245.081	0	0	
0	[GPS]	0	31.592528757050022	120.771683316208070	327.426892507635220	-574.808	245.449	0	0	
0	[GPS]	0	31.592528757050022	120.771683316208070	327.426892507635220	-574.808	245.449	0	0	
0	[GPS]	0	31.592535265630953	120.771678496243210	327.488282247895370	-575.251	246.180	0	0	
0	[GPS]	0	31.592535265630953	120.771678496243210	327.488282247895370	-575.251	246.180	0	0	
0	[GPS]	0	31.592538454556053	120.771676038167950	327.504073645256370	-575.477	246.539	0	0	
0	[GPS]	0	31.592541725039236	120.771673604642970	327.531476364206470	-575.700	246.906	0	0	
0	[GPS]	0	31.592541725039236	120.771673604642970	327.531476364206470	-575.700	246.906	0	0	
0	[GPS]	0	31.592548281963893	120.771668782786720	327.601663388117520	-576.143	247.642	0	0	
0	[GPS]	0	31.592548281963893	120.771668782786720	327.601663388117520	-576.143	247.642	0	0	
0	[GPS]	0	31.592551505587288	120.771666395177550	327.634229730080110	-576.362	248.004	0	0	
0	[GPS]	0	31.592554772819888	120.771663959744320	327.660566939519700	-576.586	248.371	0	0	
0	[GPS]	0	31.592554772819888	120.771663959744320	327.660566939519700	-576.586	248.371	0	0	
0	[GPS]	0	31.592561384626237	120.771659158918690	327.726136755551810	-577.027	249.114	0	0	
0	[GPS]	0	31.592561384626237	120.771659158918690	327.726136755551810	-577.027	249.114	0	0	
0	[GPS]	0	31.592564617475979	120.771656768867360	327.757009210600300	-577.246	249.477	0	0	
0	[GPS]	0	31.592567914066770	120.771654332021810	327.787335250515130	-577.470	249.847	0	0	
0	[GPS]	0	31.592571232787691	120.771651935577980	327.826212687270870	-577.690	250.220	0	0	
0	[GPS]	0	31.592574552281491	120.771649560929970	327.862849821978780	-577.908	250.592	0	0	
0	[GPS]	0	31.592574552281491	120.771649560929970	327.862849821978780	-577.908	250.592	0	0	
0	[GPS]	0	31.592581131091812	120.771644778735310	327.928501600281040	-578.347	251.331	0	0	
0	[GPS]	0	31.592581131091812	120.771644778735310	327.928501600281040	-578.347	251.331	0	0	
0	[GPS]	0	31.592584452132680	120.771642301356830	327.949757148978050	-578.575	251.704	0	0	
0	[GPS]	0	31.592587787501142	120.771639848947330	327.981230660673480	-578.800	252.079	0	0	
0	[GPS]	0	31.592587787501142	120.771639848947330	327.981230660673480	-578.800	252.079	0	0	
0	[GPS]	0	31.592594426015328	120.771634992318950	328.058739647374750	-579.246	252.824	0	0	
0	[GPS]	0	31.592594426015328	120.771634992318950	328.058739647374750	-579.246	252.824	0	0	
0	[GPS]	0	31.592597786698335	120.771632558286270	328.096414970836460	-579.469	253.201	0	0	
0	[GPS]	0	31.592601147732573	120.771630132419800	328.132095879060610	-579.692	253.579	0	0	
0	[GPS]	0	31.592601147732573	120.771630132419800	328.132095879060610	-579.692	253.579	0	0	
0	[GPS]	0	31.592607931319964	120.771625346672070	328.217883055036050	-580.130	254.340	0	0	
0	[GPS]	0	31.592607931319964	120.771625346672070	328.217883055036050	-580.130	254.340	0	0	
0	[GPS]	0	31.592611345998268	120.771622946409150	328.262306605397840	-580.351	254.723	0	0	
0	[GPS]	0	31.592614673728139	120.771620450665940	328.284627663605420	-580.580	255.097	0	0	
0	[GPS]	0	31.592614673728139	120.771620450665940	328.284627663605420	-580.580	255.097	0	0	
0	[GPS]	0	31.592621444364891	120.771615689402210	328.370086990500620	-581.016	255.857	0	0	
0	[GPS]	0	31.592621444364891	120.771615689402210	328.370086990500620	-581.016	255.857	0	0	
0	[GPS]	0	31.592624807921879	120.771613249603630	328.404483823160830	-581.240	256.235	0	0	
0	[GPS]	0	31.592628206171728	120.771610739713100	328.442951448566300	-581.471	256.616	0	0	
0	[GPS]	0	31.592628206171728	120.771610739713100	328.442951448566300	-581.471	256.616	0	0	
0	[GPS]	0	31.592635058782434	120.771605911672590	328.539038549810070	-581.914	257.385	0	0	
0	[GPS]	0	31.592635058782434	120.771605911672590	328.539038549810070	-581.914	257.385	0	0	
0	[GPS]	0	31.592638489416768	120.771603452327720	328.587560213673900	-582.139	257.770	0	0	
0	[GPS]	0	31.592641924901386	120.771600953572930	328.626246405132800	-582.369	258.156	0	0	
0	[GPS]	0	31.592641924901386	120.771600953572930	328.626246405132800	-582.369	258.156	0	0	
0	[GPS]	0	31.592648766217582	120.771596037055360	328.724847015991090	-582.820	258.924	0	0	
0	[GPS]	0	31.592648766217582	120.771596037055360	328.724847015991090	-582.820	258.924	0	0	
0	[GPS]	0	31.592652268891499	120.771593637652240	328.771702113697360	-583.040	259.317	0	0	
0	[GPS]	0	31.592655755820580	120.771591167903400	328.819622720914200	-583.266	259.709	0	0	
0	[GPS]	0	31.592655755820580	120.771591167903400	328.819622720914200	-583.266	259.709	0	0	
0	[GPS]	0	31.592662785376742	120.771586269847020	328.923632841595120	-583.715	260.498	0	0	
0	[GPS]	0	31.592662785376742	120.771586269847020	328.923632841595120	-583.715	260.498	0	0	
0	[GPS]	0	31.592666336284445	120.771583828262420	328.975159788693700	-583.939	260.896	0	0	
0	[GPS]	0	31.592669881843609	120.771581315031070	329.024009301637650	-584.169	261.294	0	0	
0	[GPS]	0	31.592669881843609	120.771581315031070	329.024009301637650	-584.169	261.294	0	0	
0	[GPS]	0	31.592676973092733	120.771576339596150	329.121681006768820	-584.625	262.090	0	0	
0	[GPS]	0	31.592676973092733	120.771576339596150	329.121681006768820	-584.625	262.090	0	0	
0	[GPS]	0	31.592680531179326	120.771573859568330	329.174901840781560	-584.853	262.489	0	0	
0	[GPS]	0	31.592684134173428	120.771571388203060	329.227986071010890	-585.079	262.893	0	0	
0	[GPS]	0	31.592687682945087	120.771568894578290	329.278092338762120	-585.308	263.292	0	0	
0	[GPS]	0	31.592691280563216	120.771566348498780	329.322953021230830	-585.541	263.695	0	0	
0	[GPS]	0	31.592691280563216	120.771566348498780	329.322953021230830	-585.541	263.695	0	0	
0	[GPS]	0	31.592698452659064	120.771561476249900	329.428110613692300	-585.987	264.500	0	0	
0	[GPS]	0	31.592698452659064	120.771561476249900	329.428110613692300	-585.987	264.500	0	0	
0	[GPS]	0	31.592701980247913	120.771559073237580	329.486604353744270	-586.208	264.896	0	0	
0	[GPS]	0	31.592705567911896	120.771556672649210	329.540344282133840	-586.427	265.298	0	0	
0	[GPS]	0	31.592705567911896	120.771556672649210	329.540344282133840	-586.427	265.298	0	0	
0	[GPS]	0	31.592712799788995	120.771551683087650	329.642441949847300	-586.884	266.110	0	0	
0	[GPS]	0	31.592712799788995	120.771551683087650	329.642441949847300	-586.884	266.110	0	0	
0	[GPS]	0	31.592716392487048	120.771549261362320	329.679543537418790	-587.106	266.513	0	0	
0	[GPS]	0	31.592720096337420	120.771546695177320	329.703777048593910	-587.341	266.928	0	0	
0	[GPS]	0	31.592720096337420	120.771546695177320	329.703777048593910	-587.341	266.928	0	0	
0	[GPS]	0	31.592727397142518	120.771541849175050	329.757817505307120	-587.785	267.747	0	0	
0	[GPS]	0	31.592727397142518	120.771541849175050	329.757817505307120	-587.785	267.747	0	0	
0	[GPS]	0	31.592730997302422	120.771539530675810	329.784482563826880	-587.997	268.151	0	0	
0	[GPS]	0	31.592734639294857	120.771537156268790	329.802350338695530	-588.214	268.559	0	0	
0	[GPS]	0	31.592734639294857	120.771537156268790	329.802350338695530	-588.214	268.559	0	0	
0	[GPS]	0	31.592741753266132	120.771532143712360	329.780247846541440	-588.673	269.358	0	0	
0	[GPS]	0	31.592741753266132	120.771532143712360	329.780247846541440	-588.673	269.358	0	0	
0	[GPS]	0	31.592745271274772	120.771529705942610	329.782324224049200	-588.897	269.753	0	0	
0	[GPS]	0	31.592748838649030	120.771527179384110	329.781887091942340	-589.128	270.153	0	0	
0	[GPS]	0	31.592748838649030	120.771527179384110	329.781887091942340	-589.128	270.153	0	0	
0	[GPS]	0	31.592755998752061	120.771522340561800	329.808251622138580	-589.571	270.956	0	0	
0	[GPS]	0	31.592755998752061	120.771522340561800	329.808251622138580	-589.571	270.956	0	0	
0	[GPS]	0	31.592759492305781	120.771519843411540	329.803443168962810	-589.801	271.348	0	0	
0	[GPS]	0	31.592763088106480	120.771517501529350	329.824562113876480	-590.015	271.752	0	0	
0	[GPS]	0	31.592763088106480	120.771517501529350	329.824562113876480	-590.015	271.752	0	0	
0	[GPS]	0	31.592770184283093	120.771512415507190	329.797733130816710	-590.481	272.548	0	0	
0	[GPS]	0	31.592770184283093	120.771512415507190	329.797733130816710	-590.481	272.548	0	0	
0	[GPS]	0	31.592773732899143	120.771510107929330	329.824589434633250	-590.692	272.946	0	0	
0	[GPS]	0	31.592777350577713	120.771507762955250	329.851117889369500	-590.907	273.352	0	0	
0	[GPS]	0	31.592777350577713	120.771507762955250	329.851117889369500	-590.907	273.352	0	0	
0	[GPS]	0	31.592784558460419	120.771502912508590	329.891224760175820	-591.351	274.160	0	0	
0	[GPS]	0	31.592784558460419	120.771502912508590	329.891224760175820	-591.351	274.160	0	0	
0	[GPS]	0	31.592788111854198	120.771500509769130	329.910485893635330	-591.571	274.559	0	0	
0	[GPS]	0	31.592791868152442	120.771498186194090	329.959362727335870	-591.783	274.980	0	0	
0	[GPS]	0	31.592795477940378	120.771495735078100	329.986628842502570	-592.007	275.385	0	0	
0	[GPS]	0	31.592799145687156	120.771493301330660	330.016927561660740	-592.230	275.796	0	0	
0	[GPS]	0	31.592799145687156	120.771493301330660	330.016927561660740	-592.230	275.796	0	0	
0	[GPS]	0	31.592806266603674	120.771488529441870	330.088535264919070	-592.667	276.595	0	0	
0	[GPS]	0	31.592806266603674	120.771488529441870	330.088535264919070	-592.667	276.595	0	0	
0	[GPS]	0	31.592809852465052	120.771486180881240	330.128123041348540	-592.881	276.997	0	0	
0	[GPS]	0	31.592813426194770	120.771483786809530	330.158995496396980	-593.100	277.398	0	0	
0	[GPS]	0	31.592813426194770	120.771483786809530	330.158995496396980	-593.100	277.398	0	0	
0	[GPS]	0	31.592820481560711	120.771478877218950	330.213855575810560	-593.550	278.190	0	0	
0	[GPS]	0	31.592820481560711	120.771478877218950	330.213855575810560	-593.550	278.190	0	0	
0	[GPS]	0	31.592824064580121	120.771476408680370	330.240438672060240	-593.777	278.592	0	0	
0	[GPS]	0	31.592827667005729	120.771473974972540	330.272649844185990	-593.999	278.996	0	0	
0	[GPS]	0	31.592827667005729	120.771473974972540	330.272649844185990	-593.999	278.996	0	0	
0	[GPS]	0	31.592834756899716	120.771469122593090	330.335023131686570	-594.444	279.791	0	0	
0	[GPS]	0	31.592834756899716	120.771469122593090	330.335023131686570	-594.444	279.791	0	0	
0	[GPS]	0	31.592838414768021	120.771466639339200	330.364037775280790	-594.671	280.202	0	0	
0	[GPS]	0	31.592841983406899	120.771464276763300	330.400975438312230	-594.888	280.602	0	0	
0	[GPS]	0	31.592845534766173	120.771461899910990	330.432093780170820	-595.105	281.000	0	0	
0	[GPS]	0	31.592849155816833	120.771459573830190	330.475342537995230	-595.318	281.406	0	0	
0	[GPS]	0	31.592849155816833	120.771459573830190	330.475342537995230	-595.318	281.406	0	0	
0	[GPS]	0	31.592852748916808	120.771457213613500	330.512416804810130	-595.533	281.809	0	0	
0	[GPS]	0	31.592856365229821	120.771454908464450	330.553425260586890	-595.744	282.215	0	0	
0	[GPS]	0	31.592856365229821	120.771454908464450	330.553425260586890	-595.744	282.215	0	0	
0	[GPS]	0	31.592863394923988	120.771450270773120	330.603640811364810	-596.168	283.003	0	0	
0	[GPS]	0	31.592863394923988	120.771450270773120	330.603640811364810	-596.168	283.003	0	0	
0	[GPS]	0	31.592866977626802	120.771447904759100	330.624104058118120	-596.385	283.405	0	0	
0	[GPS]	0	31.592870596105691	120.771445567835510	330.650933041178010	-596.598	283.811	0	0	
0	[GPS]	0	31.592874166999902	120.771443172644750	330.672297872901820	-596.818	284.211	0	0	
0	[GPS]	0	31.592877808929327	120.771440805282690	330.705519913024720	-597.034	284.620	0	0	
0	[GPS]	0	31.592877808929327	120.771440805282690	330.705519913024720	-597.034	284.620	0	0	
0	[GPS]	0	31.592881493478490	120.771438436366000	330.743058632703140	-597.250	285.033	0	0	
0	[GPS]	0	31.592885168788229	120.771436033978050	330.767237502364990	-597.470	285.445	0	0	
0	[GPS]	0	31.592888808820547	120.771433631790330	330.785187239503840	-597.690	285.853	0	0	
0	[GPS]	0	31.592892528909026	120.771431238652100	330.796880523362740	-597.909	286.270	0	0	
0	[GPS]	0	31.592892528909026	120.771431238652100	330.796880523362740	-597.909	286.270	0	0	
0	[GPS]	0	31.592899883211032	120.771426488306290	330.795159315691990	-598.343	287.095	0	0	
0	[GPS]	0	31.592899883211032	120.771426488306290	330.795159315691990	-598.343	287.095	0	0	
0	[GPS]	0	31.592903502285502	120.771424084266730	330.780242182544670	-598.563	287.501	0	0	
0	[GPS]	0	31.592907212597645	120.771421669075950	330.768057125065300	-598.784	287.917	0	0	
0	[GPS]	0	31.592907212597645	120.771421669075950	330.768057125065300	-598.784	287.917	0	0	
0	[GPS]	0	31.592914620178092	120.771416853836500	330.747921727392170	-599.224	288.747	0	0	
0	[GPS]	0	31.592914620178092	120.771416853836500	330.747921727392170	-599.224	288.747	0	0	
0	[GPS]	0	31.592918266929924	120.771414422958570	330.734425273592310	-599.446	289.156	0	0	
0	[GPS]	0	31.592921897460528	120.771411976737950	330.719316895148150	-599.670	289.564	0	0	
0	[GPS]	0	31.592921897460528	120.771411976737950	330.719316895148150	-599.670	289.564	0	0	
0	[GPS]	0	31.592929304000620	120.771407171921280	330.702678554330020	-600.109	290.394	0	0	
0	[GPS]	0	31.592929304000620	120.771407171921280	330.702678554330020	-600.109	290.394	0	0	
0	[GPS]	0	31.592932956691008	120.771404744160180	330.685439156864900	-600.332	290.804	0	0	
0	[GPS]	0	31.592936685099488	120.771402313161320	330.665959457352020	-600.554	291.222	0	0	
0	[GPS]	0	31.592936685099488	120.771402313161320	330.665959457352020	-600.554	291.222	0	0	
0	[GPS]	0	31.592944127824467	120.771397339729450	330.639567606399110	-601.009	292.057	0	0	
0	[GPS]	0	31.592944127824467	120.771397339729450	330.639567606399110	-601.009	292.057	0	0	
0	[GPS]	0	31.592947805441060	120.771394897175370	330.625032963845290	-601.233	292.469	0	0	
0	[GPS]	0	31.592951550117615	120.771392413397510	330.613612887553130	-601.460	292.889	0	0	
0	[GPS]	0	31.592951550117615	120.771392413397510	330.613612887553130	-601.460	292.889	0	0	
0	[GPS]	0	31.592959095813043	120.771387471152390	330.592330018099290	-601.912	293.735	0	0	
0	[GPS]	0	31.592959095813043	120.771387471152390	330.592330018099290	-601.912	293.735	0	0	
0	[GPS]	0	31.592962909816983	120.771384969275770	330.584762168498910	-602.141	294.163	0	0	
0	[GPS]	0	31.592966687188419	120.771382443899550	330.579707828513110	-602.372	294.587	0	0	
0	[GPS]	0	31.592966687188419	120.771382443899550	330.579707828513110	-602.372	294.587	0	0	
0	[GPS]	0	31.592974194904336	120.771377479916340	330.576374696198060	-602.826	295.429	0	0	
0	[GPS]	0	31.592974194904336	120.771377479916340	330.576374696198060	-602.826	295.429	0	0	
0	[GPS]	0	31.592977903961309	120.771375048642130	330.572413186479540	-603.048	295.845	0	0	
0	[GPS]	0	31.592981649280556	120.771372512075030	330.569025412651230	-603.281	296.265	0	0	
0	[GPS]	0	31.592981649280556	120.771372512075030	330.569025412651230	-603.281	296.265	0	0	
0	[GPS]	0	31.592989196902479	120.771367545528460	330.581101187103800	-603.735	297.111	0	0	
0	[GPS]	0	31.592989196902479	120.771367545528460	330.581101187103800	-603.735	297.111	0	0	
0	[GPS]	0	31.592992938879572	120.771365146136330	330.589898470754750	-603.954	297.531	0	0	
0	[GPS]	0	31.592996734245204	120.771362616704470	330.584161111851870	-604.185	297.957	0	0	
0	[GPS]	0	31.592996734245204	120.771362616704470	330.584161111851870	-604.185	297.957	0	0	
0	[GPS]	0	31.593004299830039	120.771357568267250	330.572303903452730	-604.648	298.805	0	0	
0	[GPS]	0	31.593004299830039	120.771357568267250	330.572303903452730	-604.648	298.805	0	0	
0	[GPS]	0	31.593008084181001	120.771355106964150	330.577358243438600	-604.873	299.229	0	0	
0	[GPS]	0	31.593011863397649	120.771352596884070	330.582303300397710	-605.102	299.653	0	0	
0	[GPS]	0	31.593011863397649	120.771352596884070	330.582303300397710	-605.102	299.653	0	0	
0	[GPS]	0	31.593019464142110	120.771347579647550	330.596701339168080	-605.561	300.506	0	0	
0	[GPS]	0	31.593019464142110	120.771347579647550	330.596701339168080	-605.561	300.506	0	0	
0	[GPS]	0	31.593019464142110	120.771347579647550	330.596701339168080	-605.561	300.506	0	0	
0	[GPS]	0	31.593026983891182	120.771342639682170	330.626562926219380	-606.013	301.349	0	0	
0	[GPS]	0	31.593026983891182	120.771342639682170	330.626562926219380	-606.013	301.349	0	0	
0	[GPS]	0	31.593030783183053	120.771340137541930	330.651288211014840	-606.242	301.775	0	0	
0	[GPS]	0	31.593034571234956	120.771337627178400	330.677789344994490	-606.472	302.200	0	0	
0	[GPS]	0	31.593038299181401	120.771335172162480	330.706230252698450	-606.696	302.618	0	0	
0	[GPS]	0	31.593042101504974	120.771332726187720	330.732266933814510	-606.920	303.044	0	0	
0	[GPS]	0	31.593042101504974	120.771332726187720	330.732266933814510	-606.920	303.044	0	0	
0	[GPS]	0	31.593049722859408	120.771327752825130	330.785815616907430	-607.374	303.899	0	0	
0	[GPS]	0	31.593049722859408	120.771327752825130	330.785815616907430	-607.374	303.899	0	0	
0	[GPS]	0	31.593053477174319	120.771325325664420	330.813628147207680	-607.596	304.320	0	0	
0	[GPS]	0	31.593057296817125	120.771322848357870	330.840621054807510	-607.823	304.748	0	0	
0	[GPS]	0	31.593057296817125	120.771322848357870	330.840621054807510	-607.823	304.748	0	0	
0	[GPS]	0	31.593064918817177	120.771317857144180	330.890508756505370	-608.279	305.603	0	0	
0	[GPS]	0	31.593064918817177	120.771317857144180	330.890508756505370	-608.279	305.603	0	0	
0	[GPS]	0	31.593068717361056	120.771315432950800	330.919632683126220	-608.501	306.029	0	0	
0	[GPS]	0	31.593072542881988	120.771312930588830	330.945177590622170	-608.729	306.458	0	0	
0	[GPS]	0	31.593072542881988	120.771312930588830	330.945177590622170	-608.729	306.458	0	0	
0	[GPS]	0	31.593080163424684	120.771307992097140	330.997496839664450	-609.181	307.312	0	0	
0	[GPS]	0	31.593080163424684	120.771307992097140	330.997496839664450	-609.181	307.312	0	0	
0	[GPS]	0	31.593083958732620	120.771305537367400	331.022877822620220	-609.405	307.738	0	0	
0	[GPS]	0	31.593087892255909	120.771302970442060	331.047821673469120	-609.640	308.179	0	0	
0	[GPS]	0	31.593091678994970	120.771300474059370	331.071727335564160	-609.868	308.604	0	0	
0	[GPS]	0	31.593095510725234	120.771298075328250	331.103528696339710	-610.087	309.033	0	0	
0	[GPS]	0	31.593095510725234	120.771298075328250	331.103528696339710	-610.087	309.033	0	0	
0	[GPS]	0	31.593103146001628	120.771293115961130	331.156804171865820	-610.541	309.889	0	0	
0	[GPS]	0	31.593103146001628	120.771293115961130	331.156804171865820	-610.541	309.889	0	0	
0	[GPS]	0	31.593106955431118	120.771290672897020	331.182758890711850	-610.764	310.316	0	0	
0	[GPS]	0	31.593110773763531	120.771288200119340	331.205489760269760	-610.990	310.745	0	0	
0	[GPS]	0	31.593110773763531	120.771288200119340	331.205489760269760	-610.990	310.745	0	0	
0	[GPS]	0	31.593118414720120	120.771283253994480	331.254093386403500	-611.442	311.601	0	0	
0	[GPS]	0	31.593118414720120	120.771283253994480	331.254093386403500	-611.442	311.601	0	0	
0	[GPS]	0	31.593122263503801	120.771280830527260	331.286769011392830	-611.663	312.033	0	0	
0	[GPS]	0	31.593126137400731	120.771278381978590	331.315018673800010	-611.887	312.467	0	0	
0	[GPS]	0	31.593126137400731	120.771278381978590	331.315018673800010	-611.887	312.467	0	0	
0	[GPS]	0	31.593133812619580	120.771273445261040	331.351273317914430	-612.338	313.328	0	0	
0	[GPS]	0	31.593133812619580	120.771273445261040	331.351273317914430	-612.338	313.328	0	0	
0	[GPS]	0	31.593137666392739	120.771271001852340	331.366354375601820	-612.561	313.760	0	0	
0	[GPS]	0	31.593141547729221	120.771268527505880	331.372856715691680	-612.787	314.195	0	0	
0	[GPS]	0	31.593141547729221	120.771268527505880	331.372856715691680	-612.787	314.195	0	0	
0	[GPS]	0	31.593149233414639	120.771263655287400	331.367529168139070	-613.232	315.056	0	0	
0	[GPS]	0	31.593149233414639	120.771263655287400	331.367529168139070	-613.232	315.056	0	0	
0	[GPS]	0	31.593153102763619	120.771261216713780	331.354497167202680	-613.455	315.490	0	0	
0	[GPS]	0	31.593156977939199	120.771258724775290	331.340836788862650	-613.683	315.924	0	0	
0	[GPS]	0	31.593156977939199	120.771258724775290	331.340836788862650	-613.683	315.924	0	0	
0	[GPS]	0	31.593164664415220	120.771253862603290	331.314089768072900	-614.127	316.786	0	0	
0	[GPS]	0	31.593164664415220	120.771253862603290	331.314089768072900	-614.127	316.786	0	0	
0	[GPS]	0	31.593168539407625	120.771251400625160	331.305838899555510	-614.352	317.221	0	0	
0	[GPS]	0	31.593172416838687	120.771248933496280	331.298954068872210	-614.577	317.655	0	0	
0	[GPS]	0	31.593172416838687	120.771248933496280	331.298954068872210	-614.577	317.655	0	0	
0	[GPS]	0	31.593180118262730	120.771243961140670	331.277042822014720	-615.032	318.519	0	0	
0	[GPS]	0	31.593180118262730	120.771243961140670	331.277042822014720	-615.032	318.519	0	0	
0	[GPS]	0	31.593184011195106	120.771241465269530	331.266169160856070	-615.260	318.955	0	0	
0	[GPS]	0	31.593187882028516	120.771238939135700	331.248793159607540	-615.491	319.389	0	0	
0	[GPS]	0	31.593191694764840	120.771236435032090	331.230023799768280	-615.720	319.817	0	0	
0	[GPS]	0	31.593195561815573	120.771233927500650	331.219559949959890	-615.949	320.250	0	0	
0	[GPS]	0	31.593195561815573	120.771233927500650	331.219559949959890	-615.949	320.250	0	0	
0	[GPS]	0	31.593203312696811	120.771228886305040	331.200189533473750	-616.410	321.120	0	0	
0	[GPS]	0	31.593203312696811	120.771228886305040	331.200189533473750	-616.410	321.120	0	0	
0	[GPS]	0	31.593207129664297	120.771226454111240	331.196228023755050	-616.632	321.547	0	0	
0	[GPS]	0	31.593211014756911	120.771223977117870	331.185873456973470	-616.858	321.983	0	0	
0	[GPS]	0	31.593211014756911	120.771223977117870	331.185873456973470	-616.858	321.983	0	0	
0	[GPS]	0	31.593218832348949	120.771218831336480	331.148088850484900	-617.329	322.860	0	0	
0	[GPS]	0	31.593218832348949	120.771218831336480	331.148088850484900	-617.329	322.860	0	0	
0	[GPS]	0	31.593222685331781	120.771216378615010	331.139455491374010	-617.553	323.292	0	0	
0	[GPS]	0	31.593226555986526	120.771213905614190	331.133499566417810	-617.779	323.726	0	0	
0	[GPS]	0	31.593226555986526	120.771213905614190	331.133499566417810	-617.779	323.726	0	0	
0	[GPS]	0	31.593234289510814	120.771208880680430	331.119238131430730	-618.238	324.593	0	0	
0	[GPS]	0	31.593234289510814	120.771208880680430	331.119238131430730	-618.238	324.593	0	0	
0	[GPS]	0	31.593238130547117	120.771206449004440	331.113692017824690	-618.461	325.023	0	0	
0	[GPS]	0	31.593242006324857	120.771203948836970	331.103528696339710	-618.689	325.458	0	0	
0	[GPS]	0	31.593242006324857	120.771203948836970	331.103528696339710	-618.689	325.458	0	0	
0	[GPS]	0	31.593249789982320	120.771198864694380	331.095824242955930	-619.154	326.331	0	0	
0	[GPS]	0	31.593249789982320	120.771198864694380	331.095824242955930	-619.154	326.331	0	0	
0	[GPS]	0	31.593253673159609	120.771196395653700	331.095441752362430	-619.379	326.766	0	0	
0	[GPS]	0	31.593257554386199	120.771193908924150	331.093064846531260	-619.607	327.201	0	0	
0	[GPS]	0	31.593257554386199	120.771193908924150	331.093064846531260	-619.607	327.201	0	0	
0	[GPS]	0	31.593265354789001	120.771188812019320	331.084923261040610	-620.073	328.076	0	0	
0	[GPS]	0	31.593265354789001	120.771188812019320	331.084923261040610	-620.073	328.076	0	0	
0	[GPS]	0	31.593269213554166	120.771186369936940	331.091070431293700	-620.296	328.509	0	0	
0	[GPS]	0	31.593273140629307	120.771183819565420	331.093802506961650	-620.529	328.949	0	0	
0	[GPS]	0	31.593273140629307	120.771183819565420	331.093802506961650	-620.529	328.949	0	0	
0	[GPS]	0	31.593280988787583	120.771178673766240	331.098556318623930	-621.000	329.829	0	0	
0	[GPS]	0	31.593280988787583	120.771178673766240	331.098556318623930	-621.000	329.829	0	0	
0	[GPS]	0	31.593284845877935	120.771176162055680	331.100605375375040	-621.229	330.261	0	0	
0	[GPS]	0	31.593288788489549	120.771173677992190	331.111588319560330	-621.456	330.703	0	0	
0	[GPS]	0	31.593288788489549	120.771173677992190	331.111588319560330	-621.456	330.703	0	0	
0	[GPS]	0	31.593296699573678	120.771168539591870	331.131532471936790	-621.926	331.591	0	0	
0	[GPS]	0	31.593296699573678	120.771168539591870	331.131532471936790	-621.926	331.591	0	0	
0	[GPS]	0	31.593300585479309	120.771166065245950	331.163689002549180	-622.152	332.026	0	0	
0	[GPS]	0	31.593304533025670	120.771163538795310	331.202539118548150	-622.383	332.469	0	0	
0	[GPS]	0	31.593304533025670	120.771163538795310	331.202539118548150	-622.383	332.469	0	0	
0	[GPS]	0	31.593312412601271	120.771158387028280	331.289009313440660	-622.854	333.352	0	0	
0	[GPS]	0	31.593312412601271	120.771158387028280	331.289009313440660	-622.854	333.352	0	0	
0	[GPS]	0	31.593316347532379	120.771155840693580	331.329607957867150	-623.087	333.794	0	0	
0	[GPS]	0	31.593320354758177	120.771153339041260	331.373075281745120	-623.315	334.243	0	0	
0	[GPS]	0	31.593324366863193	120.771150783327530	331.411215058070470	-623.548	334.692	0	0	
0	[GPS]	0	31.593328348590433	120.771148261962140	331.450502306176360	-623.779	335.139	0	0	
0	[GPS]	0	31.593328348590433	120.771148261962140	331.450502306176360	-623.779	335.139	0	0	
0	[GPS]	0	31.593336320306630	120.771143279223250	331.527902009850890	-624.234	336.032	0	0	
0	[GPS]	0	31.593336320306630	120.771143279223250	331.527902009850890	-624.234	336.032	0	0	
0	[GPS]	0	31.593340341694198	120.771140714583540	331.563282389751630	-624.468	336.483	0	0	
0	[GPS]	0	31.593344359143945	120.771138230200690	331.606722392872830	-624.695	336.933	0	0	
0	[GPS]	0	31.593344359143945	120.771138230200690	331.606722392872830	-624.695	336.933	0	0	
0	[GPS]	0	31.593352359006918	120.771133173075400	331.687045417512250	-625.156	337.830	0	0	
0	[GPS]	0	31.593352359006918	120.771133173075400	331.687045417512250	-625.156	337.830	0	0	
0	[GPS]	0	31.593356397611949	120.771130665470910	331.728436363882450	-625.385	338.283	0	0	
0	[GPS]	0	31.593360399622895	120.771128155645260	331.763461573946360	-625.614	338.731	0	0	
0	[GPS]	0	31.593360399622895	120.771128155645260	331.763461573946360	-625.614	338.731	0	0	
0	[GPS]	0	31.593368386941918	120.771123154744960	331.841899466374800	-626.071	339.627	0	0	
0	[GPS]	0	31.593368386941918	120.771123154744960	331.841899466374800	-626.071	339.627	0	0	
0	[GPS]	0	31.593372441770004	120.771120621256020	331.882662035341410	-626.302	340.081	0	0	
0	[GPS]	0	31.593376485398409	120.771118063797000	331.920993056963600	-626.536	340.534	0	0	
0	[GPS]	0	31.593380514122352	120.771115543362780	331.962739173170630	-626.766	340.986	0	0	
