0	[SLPS]	0	636.417	-98.297	0	0.000	0	0	
0	[SLPS]	0	636.416	-98.296	0	59.295	0	0	
0	[SLPS]	0	636.418	-98.298	0	59.296	0	0	
0	[SLPS]	0	636.418	-98.298	0	59.296	0	0	
0	[SLPS]	0	636.419	-98.299	0	59.296	0	0	
0	[SLPS]	0	636.419	-98.299	0	59.296	0	0	
0	[SLPS]	0	636.419	-98.300	0	59.295	0	0	
0	[SLPS]	0	636.420	-98.300	0	59.296	0	0	
0	[SLPS]	0	636.420	-98.300	0	59.296	0	0	
0	[SLPS]	0	636.419	-98.301	0	59.295	0	0	
0	[SLPS]	0	636.419	-98.301	0	59.295	0	0	
0	[SLPS]	0	636.417	-98.299	0	59.294	0	0	
0	[SLPS]	0	636.417	-98.300	0	59.294	0	0	
0	[SLPS]	0	636.417	-98.300	0	59.294	0	0	
0	[SLPS]	0	636.421	-98.300	0	59.296	0	0	
0	[SLPS]	0	636.421	-98.300	0	59.296	0	0	
0	[SLPS]	0	636.420	-98.299	0	59.297	0	0	
0	[SLPS]	0	636.420	-98.300	0	59.297	0	0	
0	[SLPS]	0	636.419	-98.298	0	59.297	0	0	
0	[SLPS]	0	636.417	-98.298	0	59.295	0	0	
0	[SLPS]	0	636.417	-98.298	0	59.295	0	0	
0	[SLPS]	0	636.416	-98.300	0	59.296	0	0	
0	[SLPS]	0	636.416	-98.300	0	59.296	0	0	
0	[SLPS]	0	636.416	-98.297	0	59.297	0	0	
0	[SLPS]	0	636.415	-98.295	0	59.298	0	0	
0	[SLPS]	0	636.415	-98.295	0	59.298	0	0	
0	[SLPS]	0	636.416	-98.295	0	59.299	0	0	
0	[SLPS]	0	636.416	-98.295	0	59.299	0	0	
0	[SLPS]	0	636.415	-98.296	0	59.298	0	0	
0	[SLPS]	0	636.413	-98.295	0	59.294	0	0	
0	[SLPS]	0	636.413	-98.295	0	59.294	0	0	
0	[SLPS]	0	636.412	-98.295	0	59.294	0	0	
0	[SLPS]	0	636.412	-98.295	0	59.294	0	0	
0	[SLPS]	0	636.411	-98.296	0	59.293	0	0	
0	[SLPS]	0	636.413	-98.295	0	59.295	0	0	
0	[SLPS]	0	636.413	-98.295	0	59.295	0	0	
0	[SLPS]	0	636.412	-98.297	0	59.296	0	0	
0	[SLPS]	0	636.412	-98.297	0	59.296	0	0	
0	[SLPS]	0	636.413	-98.297	0	59.295	0	0	
0	[SLPS]	0	636.413	-98.295	0	59.295	0	0	
0	[SLPS]	0	636.413	-98.295	0	59.295	0	0	
0	[SLPS]	0	636.414	-98.297	0	59.291	0	0	
0	[SLPS]	0	636.414	-98.297	0	59.291	0	0	
0	[SLPS]	0	636.415	-98.298	0	59.292	0	0	
0	[SLPS]	0	636.415	-98.297	0	59.290	0	0	
0	[SLPS]	0	636.415	-98.297	0	59.290	0	0	
0	[SLPS]	0	636.417	-98.299	0	59.294	0	0	
0	[SLPS]	0	636.417	-98.299	0	59.294	0	0	
0	[SLPS]	0	636.416	-98.296	0	59.292	0	0	
0	[SLPS]	0	636.419	-98.297	0	59.295	0	0	
0	[SLPS]	0	636.419	-98.297	0	59.295	0	0	
0	[SLPS]	0	636.420	-98.295	0	59.294	0	0	
0	[SLPS]	0	636.420	-98.295	0	59.294	0	0	
0	[SLPS]	0	636.420	-98.298	0	59.293	0	0	
0	[SLPS]	0	636.421	-98.294	0	59.291	0	0	
0	[SLPS]	0	636.421	-98.294	0	59.291	0	0	
0	[SLPS]	0	636.424	-98.294	0	59.293	0	0	
0	[SLPS]	0	636.424	-98.294	0	59.293	0	0	
0	[SLPS]	0	636.425	-98.295	0	59.296	0	0	
0	[SLPS]	0	636.425	-98.295	0	59.296	0	0	
0	[SLPS]	0	636.425	-98.296	0	59.293	0	0	
0	[SLPS]	0	636.424	-98.296	0	59.295	0	0	
0	[SLPS]	0	636.424	-98.296	0	59.295	0	0	
0	[SLPS]	0	636.423	-98.294	0	59.294	0	0	
0	[SLPS]	0	636.423	-98.294	0	59.294	0	0	
0	[SLPS]	0	636.424	-98.294	0	59.293	0	0	
0	[SLPS]	0	636.421	-98.294	0	59.293	0	0	
0	[SLPS]	0	636.421	-98.294	0	59.293	0	0	
0	[SLPS]	0	636.421	-98.296	0	59.294	0	0	
0	[SLPS]	0	636.421	-98.296	0	59.294	0	0	
0	[SLPS]	0	636.420	-98.296	0	59.294	0	0	
0	[SLPS]	0	636.421	-98.295	0	59.295	0	0	
0	[SLPS]	0	636.421	-98.295	0	59.295	0	0	
0	[SLPS]	0	636.420	-98.300	0	59.293	0	0	
0	[SLPS]	0	636.420	-98.300	0	59.293	0	0	
0	[SLPS]	0	636.420	-98.299	0	59.295	0	0	
0	[SLPS]	0	636.418	-98.301	0	59.296	0	0	
0	[SLPS]	0	636.418	-98.301	0	59.296	0	0	
0	[SLPS]	0	636.420	-98.301	0	59.295	0	0	
0	[SLPS]	0	636.420	-98.301	0	59.295	0	0	
0	[SLPS]	0	636.419	-98.302	0	59.294	0	0	
0	[SLPS]	0	636.419	-98.302	0	59.293	0	0	
0	[SLPS]	0	636.419	-98.302	0	59.293	0	0	
0	[SLPS]	0	636.418	-98.302	0	59.292	0	0	
0	[SLPS]	0	636.418	-98.302	0	59.292	0	0	
0	[SLPS]	0	636.418	-98.302	0	59.293	0	0	
0	[SLPS]	0	636.418	-98.300	0	59.291	0	0	
0	[SLPS]	0	636.418	-98.300	0	59.291	0	0	
0	[SLPS]	0	636.422	-98.298	0	59.293	0	0	
0	[SLPS]	0	636.422	-98.298	0	59.293	0	0	
0	[SLPS]	0	636.425	-98.296	0	59.297	0	0	
0	[SLPS]	0	636.425	-98.296	0	59.297	0	0	
0	[SLPS]	0	636.428	-98.294	0	59.298	0	0	
0	[SLPS]	0	636.432	-98.292	0	59.299	0	0	
0	[SLPS]	0	636.432	-98.292	0	59.299	0	0	
0	[SLPS]	0	636.435	-98.291	0	59.298	0	0	
0	[SLPS]	0	636.435	-98.290	0	59.299	0	0	
0	[SLPS]	0	636.433	-98.290	0	59.300	0	0	
0	[SLPS]	0	636.433	-98.290	0	59.301	0	0	
0	[SLPS]	0	636.433	-98.290	0	59.301	0	0	
0	[SLPS]	0	636.431	-98.293	0	59.298	0	0	
0	[SLPS]	0	636.431	-98.293	0	59.298	0	0	
0	[SLPS]	0	636.435	-98.292	0	59.296	0	0	
0	[SLPS]	0	636.442	-98.288	0	59.296	0	0	
0	[SLPS]	0	636.442	-98.288	0	59.296	0	0	
0	[SLPS]	0	636.464	-98.276	0	59.291	0	0	
0	[SLPS]	0	636.464	-98.276	0	59.291	0	0	
0	[SLPS]	0	636.476	-98.268	0	59.287	0	0	
0	[SLPS]	0	636.491	-98.261	0	59.284	0	0	
0	[SLPS]	0	636.491	-98.261	0	59.284	0	0	
0	[SLPS]	0	636.520	-98.242	0	59.289	0	0	
0	[SLPS]	0	636.520	-98.242	0	59.289	0	0	
0	[SLPS]	0	636.538	-98.233	0	59.291	0	0	
0	[SLPS]	0	636.557	-98.222	0	59.294	0	0	
0	[SLPS]	0	636.557	-98.222	0	59.294	0	0	
0	[SLPS]	0	636.584	-98.205	0	59.294	0	0	
0	[SLPS]	0	636.584	-98.205	0	59.294	0	0	
0	[SLPS]	0	636.601	-98.190	0	59.300	0	0	
0	[SLPS]	0	636.605	-98.178	0	59.310	0	0	
0	[SLPS]	0	636.605	-98.178	0	59.310	0	0	
0	[SLPS]	0	636.645	-98.157	0	59.337	0	0	
0	[SLPS]	0	636.645	-98.157	0	59.337	0	0	
0	[SLPS]	0	636.659	-98.142	0	59.348	0	0	
0	[SLPS]	0	636.676	-98.131	0	59.358	0	0	
0	[SLPS]	0	636.676	-98.131	0	59.358	0	0	
0	[SLPS]	0	636.715	-98.112	0	59.382	0	0	
0	[SLPS]	0	636.715	-98.112	0	59.382	0	0	
0	[SLPS]	0	636.740	-98.103	0	59.395	0	0	
0	[SLPS]	0	636.768	-98.084	0	59.410	0	0	
0	[SLPS]	0	636.768	-98.084	0	59.410	0	0	
0	[SLPS]	0	636.814	-98.053	0	59.435	0	0	
0	[SLPS]	0	636.814	-98.053	0	59.435	0	0	
0	[SLPS]	0	636.874	-98.024	0	59.462	0	0	
0	[SLPS]	0	636.874	-98.024	0	59.462	0	0	
0	[SLPS]	0	636.904	-98.007	0	59.479	0	0	
0	[SLPS]	0	636.931	-97.990	0	59.497	0	0	
0	[SLPS]	0	636.931	-97.990	0	59.497	0	0	
0	[SLPS]	0	637.002	-97.953	0	59.532	0	0	
0	[SLPS]	0	637.002	-97.953	0	59.532	0	0	
0	[SLPS]	0	637.035	-97.936	0	59.550	0	0	
0	[SLPS]	0	637.072	-97.913	0	59.571	0	0	
0	[SLPS]	0	637.072	-97.913	0	59.571	0	0	
0	[SLPS]	0	637.160	-97.866	0	59.601	0	0	
0	[SLPS]	0	637.160	-97.866	0	59.601	0	0	
0	[SLPS]	0	637.193	-97.844	0	59.614	0	0	
0	[SLPS]	0	637.240	-97.819	0	59.624	0	0	
0	[SLPS]	0	637.240	-97.819	0	59.624	0	0	
0	[SLPS]	0	637.334	-97.768	0	59.627	0	0	
0	[SLPS]	0	637.334	-97.768	0	59.627	0	0	
0	[SLPS]	0	637.376	-97.736	0	59.631	0	0	
0	[SLPS]	0	637.424	-97.708	0	59.693	0	0	
0	[SLPS]	0	637.424	-97.708	0	59.693	0	0	
0	[SLPS]	0	637.508	-97.655	0	59.697	0	0	
0	[SLPS]	0	637.508	-97.655	0	59.697	0	0	
0	[SLPS]	0	637.556	-97.627	0	59.695	0	0	
0	[SLPS]	0	637.594	-97.597	0	59.694	0	0	
0	[SLPS]	0	637.594	-97.597	0	59.694	0	0	
0	[SLPS]	0	637.667	-97.528	0	59.693	0	0	
0	[SLPS]	0	637.667	-97.528	0	59.693	0	0	
0	[SLPS]	0	637.726	-97.514	0	59.793	0	0	
0	[SLPS]	0	637.790	-97.490	0	59.847	0	0	
0	[SLPS]	0	637.790	-97.490	0	59.847	0	0	
0	[SLPS]	0	637.894	-97.420	0	59.814	0	0	
0	[SLPS]	0	637.894	-97.420	0	59.814	0	0	
0	[SLPS]	0	637.951	-97.386	0	59.814	0	0	
0	[SLPS]	0	638.008	-97.359	0	59.834	0	0	
0	[SLPS]	0	638.008	-97.359	0	59.834	0	0	
0	[SLPS]	0	638.136	-97.302	0	59.916	0	0	
0	[SLPS]	0	638.136	-97.302	0	59.916	0	0	
0	[SLPS]	0	638.196	-97.270	0	59.792	0	0	
0	[SLPS]	0	638.258	-97.238	0	59.928	0	0	
0	[SLPS]	0	638.331	-97.205	0	59.954	0	0	
0	[SLPS]	0	638.389	-97.158	0	59.917	0	0	
0	[SLPS]	0	638.389	-97.158	0	59.917	0	0	
0	[SLPS]	0	638.460	-97.124	0	59.966	0	0	
0	[SLPS]	0	638.515	-97.088	0	59.973	0	0	
0	[SLPS]	0	638.575	-97.047	0	59.972	0	0	
0	[SLPS]	0	638.651	-97.013	0	60.038	0	0	
0	[SLPS]	0	638.651	-97.013	0	60.038	0	0	
0	[SLPS]	0	638.718	-96.976	0	60.052	0	0	
0	[SLPS]	0	638.772	-96.925	0	60.019	0	0	
0	[SLPS]	0	638.772	-96.925	0	60.019	0	0	
0	[SLPS]	0	638.902	-96.851	0	60.081	0	0	
0	[SLPS]	0	638.902	-96.851	0	60.081	0	0	
0	[SLPS]	0	638.972	-96.813	0	60.118	0	0	
0	[SLPS]	0	639.044	-96.769	0	60.121	0	0	
0	[SLPS]	0	639.114	-96.727	0	60.093	0	0	
0	[SLPS]	0	639.189	-96.696	0	60.154	0	0	
0	[SLPS]	0	639.189	-96.696	0	60.154	0	0	
0	[SLPS]	0	639.261	-96.656	0	60.075	0	0	
0	[SLPS]	0	639.352	-96.620	0	60.159	0	0	
0	[SLPS]	0	639.352	-96.620	0	60.159	0	0	
0	[SLPS]	0	639.502	-96.555	0	60.258	0	0	
0	[SLPS]	0	639.502	-96.555	0	60.258	0	0	
0	[SLPS]	0	639.580	-96.516	0	60.189	0	0	
0	[SLPS]	0	639.647	-96.475	0	60.179	0	0	
0	[SLPS]	0	639.647	-96.475	0	60.179	0	0	
0	[SLPS]	0	639.811	-96.384	0	60.228	0	0	
0	[SLPS]	0	639.811	-96.384	0	60.228	0	0	
0	[SLPS]	0	639.962	-96.305	0	60.344	0	0	
0	[SLPS]	0	639.962	-96.305	0	60.344	0	0	
0	[SLPS]	0	640.036	-96.251	0	60.335	0	0	
0	[SLPS]	0	640.116	-96.207	0	60.387	0	0	
0	[SLPS]	0	640.116	-96.207	0	60.387	0	0	
0	[SLPS]	0	640.278	-96.109	0	60.436	0	0	
0	[SLPS]	0	640.278	-96.109	0	60.436	0	0	
0	[SLPS]	0	640.353	-96.047	0	60.397	0	0	
0	[SLPS]	0	640.432	-95.996	0	60.424	0	0	
0	[SLPS]	0	640.432	-95.996	0	60.424	0	0	
0	[SLPS]	0	640.613	-95.895	0	60.527	0	0	
0	[SLPS]	0	640.613	-95.895	0	60.527	0	0	
0	[SLPS]	0	640.687	-95.841	0	60.509	0	0	
0	[SLPS]	0	640.752	-95.769	0	60.386	0	0	
0	[SLPS]	0	640.752	-95.769	0	60.386	0	0	
0	[SLPS]	0	640.931	-95.673	0	60.657	0	0	
0	[SLPS]	0	640.931	-95.673	0	60.657	0	0	
0	[SLPS]	0	641.009	-95.614	0	60.624	0	0	
0	[SLPS]	0	641.075	-95.550	0	60.546	0	0	
0	[SLPS]	0	641.075	-95.550	0	60.546	0	0	
0	[SLPS]	0	641.255	-95.457	0	60.492	0	0	
0	[SLPS]	0	641.255	-95.457	0	60.492	0	0	
0	[SLPS]	0	641.339	-95.404	0	60.473	0	0	
0	[SLPS]	0	641.404	-95.343	0	60.373	0	0	
0	[SLPS]	0	641.499	-95.299	0	60.391	0	0	
0	[SLPS]	0	641.598	-95.259	0	60.431	0	0	
0	[SLPS]	0	641.598	-95.259	0	60.431	0	0	
0	[SLPS]	0	641.770	-95.160	0	60.407	0	0	
0	[SLPS]	0	641.770	-95.160	0	60.407	0	0	
0	[SLPS]	0	641.868	-95.120	0	60.438	0	0	
0	[SLPS]	0	641.966	-95.075	0	60.448	0	0	
0	[SLPS]	0	641.966	-95.075	0	60.448	0	0	
0	[SLPS]	0	642.045	-95.029	0	60.416	0	0	
0	[SLPS]	0	642.137	-94.980	0	60.409	0	0	
0	[SLPS]	0	642.137	-94.980	0	60.409	0	0	
0	[SLPS]	0	642.312	-94.875	0	60.367	0	0	
0	[SLPS]	0	642.312	-94.875	0	60.367	0	0	
0	[SLPS]	0	642.392	-94.820	0	60.333	0	0	
0	[SLPS]	0	642.482	-94.765	0	60.321	0	0	
0	[SLPS]	0	642.583	-94.718	0	60.372	0	0	
0	[SLPS]	0	642.684	-94.666	0	60.398	0	0	
0	[SLPS]	0	642.684	-94.666	0	60.398	0	0	
0	[SLPS]	0	642.856	-94.554	0	60.326	0	0	
0	[SLPS]	0	642.856	-94.554	0	60.326	0	0	
0	[SLPS]	0	642.947	-94.501	0	60.355	0	0	
0	[SLPS]	0	643.024	-94.455	0	60.343	0	0	
0	[SLPS]	0	643.024	-94.455	0	60.343	0	0	
0	[SLPS]	0	643.207	-94.371	0	60.404	0	0	
0	[SLPS]	0	643.207	-94.371	0	60.404	0	0	
0	[SLPS]	0	643.286	-94.324	0	60.367	0	0	
0	[SLPS]	0	643.367	-94.273	0	60.330	0	0	
0	[SLPS]	0	643.367	-94.273	0	60.330	0	0	
0	[SLPS]	0	643.522	-94.177	0	60.233	0	0	
0	[SLPS]	0	643.522	-94.177	0	60.233	0	0	
0	[SLPS]	0	643.609	-94.137	0	60.264	0	0	
0	[SLPS]	0	643.704	-94.088	0	60.277	0	0	
0	[SLPS]	0	643.786	-94.043	0	60.270	0	0	
0	[SLPS]	0	643.874	-93.975	0	60.191	0	0	
0	[SLPS]	0	643.874	-93.975	0	60.191	0	0	
0	[SLPS]	0	644.067	-93.873	0	60.211	0	0	
0	[SLPS]	0	644.067	-93.873	0	60.211	0	0	
0	[SLPS]	0	644.159	-93.811	0	60.175	0	0	
0	[SLPS]	0	644.262	-93.751	0	60.174	0	0	
0	[SLPS]	0	644.262	-93.751	0	60.174	0	0	
0	[SLPS]	0	644.458	-93.622	0	60.089	0	0	
0	[SLPS]	0	644.458	-93.622	0	60.089	0	0	
0	[SLPS]	0	644.553	-93.565	0	60.085	0	0	
0	[SLPS]	0	644.659	-93.513	0	60.116	0	0	
0	[SLPS]	0	644.659	-93.513	0	60.116	0	0	
0	[SLPS]	0	644.863	-93.426	0	60.193	0	0	
0	[SLPS]	0	644.863	-93.426	0	60.193	0	0	
0	[SLPS]	0	644.960	-93.373	0	60.169	0	0	
0	[SLPS]	0	645.046	-93.312	0	60.095	0	0	
0	[SLPS]	0	645.046	-93.312	0	60.095	0	0	
0	[SLPS]	0	645.245	-93.193	0	60.025	0	0	
0	[SLPS]	0	645.245	-93.193	0	60.025	0	0	
0	[SLPS]	0	645.340	-93.123	0	59.963	0	0	
0	[SLPS]	0	645.425	-93.071	0	59.957	0	0	
0	[SLPS]	0	645.425	-93.071	0	59.957	0	0	
0	[SLPS]	0	645.614	-92.961	0	59.964	0	0	
0	[SLPS]	0	645.614	-92.961	0	59.964	0	0	
0	[SLPS]	0	645.706	-92.908	0	59.961	0	0	
0	[SLPS]	0	645.802	-92.851	0	59.849	0	0	
0	[SLPS]	0	645.802	-92.851	0	59.849	0	0	
0	[SLPS]	0	646.005	-92.763	0	59.890	0	0	
0	[SLPS]	0	646.005	-92.763	0	59.890	0	0	
0	[SLPS]	0	646.106	-92.721	0	59.917	0	0	
0	[SLPS]	0	646.214	-92.676	0	59.945	0	0	
0	[SLPS]	0	646.214	-92.676	0	59.945	0	0	
0	[SLPS]	0	646.413	-92.556	0	59.859	0	0	
0	[SLPS]	0	646.413	-92.556	0	59.859	0	0	
0	[SLPS]	0	646.516	-92.493	0	59.825	0	0	
0	[SLPS]	0	646.625	-92.438	0	59.833	0	0	
0	[SLPS]	0	646.625	-92.438	0	59.833	0	0	
0	[SLPS]	0	646.831	-92.325	0	59.739	0	0	
0	[SLPS]	0	646.831	-92.325	0	59.739	0	0	
0	[SLPS]	0	646.933	-92.267	0	59.659	0	0	
0	[SLPS]	0	647.038	-92.210	0	59.621	0	0	
0	[SLPS]	0	647.038	-92.210	0	59.621	0	0	
0	[SLPS]	0	647.253	-92.101	0	59.584	0	0	
0	[SLPS]	0	647.253	-92.101	0	59.584	0	0	
0	[SLPS]	0	647.354	-92.042	0	59.560	0	0	
0	[SLPS]	0	647.459	-91.985	0	59.631	0	0	
0	[SLPS]	0	647.565	-91.928	0	59.475	0	0	
0	[SLPS]	0	647.664	-91.861	0	59.444	0	0	
0	[SLPS]	0	647.664	-91.861	0	59.444	0	0	
0	[SLPS]	0	647.868	-91.726	0	59.399	0	0	
0	[SLPS]	0	647.868	-91.726	0	59.399	0	0	
0	[SLPS]	0	647.969	-91.683	0	59.433	0	0	
0	[SLPS]	0	648.066	-91.618	0	59.391	0	0	
0	[SLPS]	0	648.066	-91.618	0	59.391	0	0	
0	[SLPS]	0	648.271	-91.487	0	59.336	0	0	
0	[SLPS]	0	648.271	-91.487	0	59.336	0	0	
0	[SLPS]	0	648.380	-91.432	0	59.344	0	0	
0	[SLPS]	0	648.492	-91.354	0	59.294	0	0	
0	[SLPS]	0	648.492	-91.354	0	59.294	0	0	
0	[SLPS]	0	648.704	-91.227	0	59.249	0	0	
0	[SLPS]	0	648.704	-91.227	0	59.249	0	0	
0	[SLPS]	0	648.807	-91.169	0	59.245	0	0	
0	[SLPS]	0	648.913	-91.106	0	59.154	0	0	
0	[SLPS]	0	648.913	-91.106	0	59.154	0	0	
0	[SLPS]	0	649.126	-90.982	0	59.159	0	0	
0	[SLPS]	0	649.126	-90.982	0	59.159	0	0	
0	[SLPS]	0	649.224	-90.925	0	59.158	0	0	
0	[SLPS]	0	649.333	-90.857	0	59.139	0	0	
0	[SLPS]	0	649.439	-90.797	0	59.127	0	0	
0	[SLPS]	0	649.546	-90.734	0	59.109	0	0	
0	[SLPS]	0	649.546	-90.734	0	59.109	0	0	
0	[SLPS]	0	649.652	-90.673	0	59.104	0	0	
0	[SLPS]	0	649.765	-90.609	0	59.107	0	0	
0	[SLPS]	0	649.862	-90.539	0	59.069	0	0	
0	[SLPS]	0	649.971	-90.479	0	59.085	0	0	
0	[SLPS]	0	649.971	-90.479	0	59.085	0	0	
0	[SLPS]	0	650.183	-90.356	0	59.044	0	0	
0	[SLPS]	0	650.183	-90.356	0	59.044	0	0	
0	[SLPS]	0	650.278	-90.286	0	58.983	0	0	
0	[SLPS]	0	650.399	-90.229	0	59.021	0	0	
0	[SLPS]	0	650.399	-90.229	0	59.021	0	0	
0	[SLPS]	0	650.616	-90.107	0	58.935	0	0	
0	[SLPS]	0	650.616	-90.107	0	58.935	0	0	
0	[SLPS]	0	650.736	-90.053	0	58.964	0	0	
0	[SLPS]	0	650.848	-89.990	0	58.933	0	0	
0	[SLPS]	0	650.848	-89.990	0	58.933	0	0	
0	[SLPS]	0	651.066	-89.871	0	58.978	0	0	
0	[SLPS]	0	651.066	-89.871	0	58.978	0	0	
0	[SLPS]	0	651.180	-89.804	0	58.962	0	0	
0	[SLPS]	0	651.285	-89.731	0	58.938	0	0	
0	[SLPS]	0	651.285	-89.731	0	58.938	0	0	
0	[SLPS]	0	651.493	-89.599	0	58.935	0	0	
0	[SLPS]	0	651.493	-89.599	0	58.935	0	0	
0	[SLPS]	0	651.602	-89.534	0	58.971	0	0	
0	[SLPS]	0	651.711	-89.468	0	58.960	0	0	
0	[SLPS]	0	651.711	-89.468	0	58.960	0	0	
0	[SLPS]	0	651.917	-89.337	0	58.938	0	0	
0	[SLPS]	0	651.917	-89.337	0	58.938	0	0	
0	[SLPS]	0	652.009	-89.263	0	58.894	0	0	
0	[SLPS]	0	652.120	-89.187	0	58.877	0	0	
0	[SLPS]	0	652.120	-89.187	0	58.877	0	0	
0	[SLPS]	0	652.331	-89.033	0	58.821	0	0	
0	[SLPS]	0	652.331	-89.033	0	58.821	0	0	
0	[SLPS]	0	652.451	-88.969	0	58.851	0	0	
0	[SLPS]	0	652.561	-88.896	0	58.828	0	0	
0	[SLPS]	0	652.670	-88.826	0	58.864	0	0	
0	[SLPS]	0	652.790	-88.752	0	58.858	0	0	
0	[SLPS]	0	652.790	-88.752	0	58.858	0	0	
0	[SLPS]	0	652.995	-88.598	0	58.870	0	0	
0	[SLPS]	0	652.995	-88.598	0	58.870	0	0	
0	[SLPS]	0	653.122	-88.529	0	58.888	0	0	
0	[SLPS]	0	653.248	-88.453	0	58.879	0	0	
0	[SLPS]	0	653.248	-88.453	0	58.879	0	0	
0	[SLPS]	0	653.366	-88.379	0	58.933	0	0	
0	[SLPS]	0	653.476	-88.302	0	58.900	0	0	
0	[SLPS]	0	653.596	-88.238	0	58.909	0	0	
0	[SLPS]	0	653.710	-88.149	0	58.854	0	0	
0	[SLPS]	0	653.710	-88.149	0	58.854	0	0	
0	[SLPS]	0	653.935	-88.036	0	58.898	0	0	
0	[SLPS]	0	653.935	-88.036	0	58.898	0	0	
0	[SLPS]	0	654.049	-87.968	0	58.940	0	0	
0	[SLPS]	0	654.167	-87.898	0	58.931	0	0	
0	[SLPS]	0	654.167	-87.898	0	58.931	0	0	
0	[SLPS]	0	654.389	-87.773	0	58.934	0	0	
0	[SLPS]	0	654.389	-87.773	0	58.934	0	0	
0	[SLPS]	0	654.502	-87.704	0	58.936	0	0	
0	[SLPS]	0	654.605	-87.642	0	58.940	0	0	
0	[SLPS]	0	654.605	-87.642	0	58.940	0	0	
0	[SLPS]	0	654.836	-87.517	0	58.957	0	0	
0	[SLPS]	0	654.836	-87.517	0	58.957	0	0	
0	[SLPS]	0	654.947	-87.462	0	58.979	0	0	
0	[SLPS]	0	655.043	-87.395	0	58.955	0	0	
0	[SLPS]	0	655.159	-87.332	0	58.967	0	0	
0	[SLPS]	0	655.269	-87.262	0	58.947	0	0	
0	[SLPS]	0	655.269	-87.262	0	58.947	0	0	
0	[SLPS]	0	655.510	-87.140	0	58.914	0	0	
0	[SLPS]	0	655.510	-87.140	0	58.914	0	0	
0	[SLPS]	0	655.645	-87.075	0	58.941	0	0	
0	[SLPS]	0	655.764	-87.009	0	58.942	0	0	
0	[SLPS]	0	655.764	-87.009	0	58.942	0	0	
0	[SLPS]	0	655.988	-86.859	0	58.912	0	0	
0	[SLPS]	0	655.988	-86.859	0	58.912	0	0	
0	[SLPS]	0	656.111	-86.790	0	58.922	0	0	
0	[SLPS]	0	656.218	-86.727	0	58.920	0	0	
0	[SLPS]	0	656.218	-86.727	0	58.920	0	0	
0	[SLPS]	0	656.455	-86.585	0	58.968	0	0	
0	[SLPS]	0	656.455	-86.585	0	58.968	0	0	
0	[SLPS]	0	656.567	-86.515	0	58.959	0	0	
0	[SLPS]	0	656.688	-86.427	0	58.925	0	0	
0	[SLPS]	0	656.688	-86.427	0	58.925	0	0	
0	[SLPS]	0	656.924	-86.277	0	58.899	0	0	
0	[SLPS]	0	656.924	-86.277	0	58.899	0	0	
0	[SLPS]	0	657.040	-86.211	0	58.913	0	0	
0	[SLPS]	0	657.157	-86.159	0	58.954	0	0	
0	[SLPS]	0	657.157	-86.159	0	58.954	0	0	
0	[SLPS]	0	657.385	-86.017	0	58.930	0	0	
0	[SLPS]	0	657.385	-86.017	0	58.930	0	0	
0	[SLPS]	0	657.502	-85.949	0	58.929	0	0	
0	[SLPS]	0	657.636	-85.880	0	58.955	0	0	
0	[SLPS]	0	657.636	-85.880	0	58.955	0	0	
0	[SLPS]	0	657.866	-85.737	0	58.956	0	0	
0	[SLPS]	0	657.866	-85.737	0	58.956	0	0	
0	[SLPS]	0	657.984	-85.667	0	58.931	0	0	
0	[SLPS]	0	658.103	-85.596	0	58.904	0	0	
0	[SLPS]	0	658.208	-85.536	0	58.929	0	0	
0	[SLPS]	0	658.329	-85.482	0	58.968	0	0	
0	[SLPS]	0	658.329	-85.482	0	58.968	0	0	
0	[SLPS]	0	658.562	-85.326	0	58.958	0	0	
0	[SLPS]	0	658.562	-85.326	0	58.958	0	0	
0	[SLPS]	0	658.679	-85.256	0	58.966	0	0	
0	[SLPS]	0	658.796	-85.214	0	59.015	0	0	
0	[SLPS]	0	658.796	-85.214	0	59.015	0	0	
0	[SLPS]	0	659.047	-85.107	0	59.041	0	0	
0	[SLPS]	0	659.047	-85.107	0	59.041	0	0	
0	[SLPS]	0	659.167	-85.044	0	59.052	0	0	
0	[SLPS]	0	659.301	-84.957	0	59.040	0	0	
0	[SLPS]	0	659.301	-84.957	0	59.040	0	0	
0	[SLPS]	0	659.547	-84.822	0	59.071	0	0	
0	[SLPS]	0	659.547	-84.822	0	59.071	0	0	
0	[SLPS]	0	659.675	-84.746	0	59.085	0	0	
0	[SLPS]	0	659.802	-84.668	0	59.091	0	0	
0	[SLPS]	0	659.802	-84.668	0	59.091	0	0	
0	[SLPS]	0	659.926	-84.597	0	59.011	0	0	
0	[SLPS]	0	660.051	-84.526	0	59.087	0	0	
0	[SLPS]	0	660.175	-84.426	0	59.074	0	0	
0	[SLPS]	0	660.282	-84.354	0	59.081	0	0	
0	[SLPS]	0	660.282	-84.354	0	59.081	0	0	
0	[SLPS]	0	660.527	-84.203	0	59.193	0	0	
0	[SLPS]	0	660.527	-84.203	0	59.193	0	0	
0	[SLPS]	0	660.636	-84.155	0	59.235	0	0	
0	[SLPS]	0	660.769	-84.104	0	59.288	0	0	
0	[SLPS]	0	660.769	-84.104	0	59.288	0	0	
0	[SLPS]	0	660.999	-83.958	0	59.311	0	0	
0	[SLPS]	0	660.999	-83.958	0	59.311	0	0	
0	[SLPS]	0	661.119	-83.889	0	59.235	0	0	
0	[SLPS]	0	661.245	-83.814	0	59.241	0	0	
0	[SLPS]	0	661.245	-83.814	0	59.241	0	0	
0	[SLPS]	0	661.488	-83.663	0	59.265	0	0	
0	[SLPS]	0	661.488	-83.663	0	59.265	0	0	
0	[SLPS]	0	661.614	-83.592	0	59.293	0	0	
0	[SLPS]	0	661.744	-83.516	0	59.315	0	0	
0	[SLPS]	0	661.744	-83.516	0	59.315	0	0	
0	[SLPS]	0	661.995	-83.375	0	59.343	0	0	
0	[SLPS]	0	661.995	-83.375	0	59.343	0	0	
0	[SLPS]	0	662.122	-83.284	0	59.315	0	0	
0	[SLPS]	0	662.246	-83.201	0	59.309	0	0	
0	[SLPS]	0	662.246	-83.201	0	59.309	0	0	
0	[SLPS]	0	662.500	-83.048	0	59.333	0	0	
0	[SLPS]	0	662.500	-83.048	0	59.333	0	0	
0	[SLPS]	0	662.617	-82.972	0	59.339	0	0	
0	[SLPS]	0	662.742	-82.900	0	59.357	0	0	
0	[SLPS]	0	662.742	-82.900	0	59.357	0	0	
0	[SLPS]	0	662.989	-82.753	0	59.460	0	0	
0	[SLPS]	0	662.989	-82.753	0	59.460	0	0	
0	[SLPS]	0	663.111	-82.673	0	59.454	0	0	
0	[SLPS]	0	663.234	-82.590	0	59.447	0	0	
0	[SLPS]	0	663.357	-82.515	0	59.455	0	0	
0	[SLPS]	0	663.481	-82.444	0	59.477	0	0	
0	[SLPS]	0	663.481	-82.444	0	59.477	0	0	
0	[SLPS]	0	663.607	-82.378	0	59.503	0	0	
0	[SLPS]	0	663.737	-82.298	0	59.502	0	0	
0	[SLPS]	0	663.737	-82.298	0	59.502	0	0	
0	[SLPS]	0	663.993	-82.143	0	59.500	0	0	
0	[SLPS]	0	663.993	-82.143	0	59.500	0	0	
0	[SLPS]	0	664.120	-82.065	0	59.505	0	0	
0	[SLPS]	0	664.247	-81.994	0	59.526	0	0	
0	[SLPS]	0	664.247	-81.994	0	59.526	0	0	
0	[SLPS]	0	664.511	-81.847	0	59.564	0	0	
0	[SLPS]	0	664.511	-81.847	0	59.564	0	0	
0	[SLPS]	0	664.638	-81.762	0	59.549	0	0	
0	[SLPS]	0	664.758	-81.697	0	59.569	0	0	
0	[SLPS]	0	664.885	-81.636	0	59.603	0	0	
0	[SLPS]	0	665.012	-81.553	0	59.584	0	0	
0	[SLPS]	0	665.012	-81.553	0	59.584	0	0	
0	[SLPS]	0	665.233	-81.393	0	59.537	0	0	
0	[SLPS]	0	665.233	-81.393	0	59.537	0	0	
0	[SLPS]	0	665.356	-81.316	0	59.618	0	0	
0	[SLPS]	0	665.480	-81.238	0	59.554	0	0	
0	[SLPS]	0	665.480	-81.238	0	59.554	0	0	
0	[SLPS]	0	665.729	-81.085	0	59.571	0	0	
0	[SLPS]	0	665.729	-81.085	0	59.571	0	0	
0	[SLPS]	0	665.854	-81.003	0	59.555	0	0	
0	[SLPS]	0	665.999	-80.926	0	59.568	0	0	
0	[SLPS]	0	665.999	-80.926	0	59.568	0	0	
0	[SLPS]	0	666.254	-80.775	0	59.573	0	0	
0	[SLPS]	0	666.254	-80.775	0	59.573	0	0	
0	[SLPS]	0	666.383	-80.717	0	59.604	0	0	
0	[SLPS]	0	666.513	-80.641	0	59.536	0	0	
0	[SLPS]	0	666.513	-80.641	0	59.536	0	0	
0	[SLPS]	0	666.792	-80.489	0	59.532	0	0	
0	[SLPS]	0	666.792	-80.489	0	59.532	0	0	
0	[SLPS]	0	666.927	-80.412	0	59.556	0	0	
0	[SLPS]	0	667.065	-80.334	0	59.554	0	0	
0	[SLPS]	0	667.205	-80.257	0	59.560	0	0	
0	[SLPS]	0	667.344	-80.166	0	59.545	0	0	
0	[SLPS]	0	667.344	-80.166	0	59.545	0	0	
0	[SLPS]	0	667.641	-79.970	0	59.524	0	0	
0	[SLPS]	0	667.641	-79.970	0	59.524	0	0	
0	[SLPS]	0	667.777	-79.894	0	59.538	0	0	
0	[SLPS]	0	667.938	-79.798	0	59.549	0	0	
0	[SLPS]	0	667.938	-79.798	0	59.549	0	0	
0	[SLPS]	0	668.089	-79.688	0	59.511	0	0	
0	[SLPS]	0	668.241	-79.586	0	59.483	0	0	
0	[SLPS]	0	668.391	-79.493	0	59.518	0	0	
0	[SLPS]	0	668.554	-79.407	0	59.540	0	0	
0	[SLPS]	0	668.554	-79.407	0	59.540	0	0	
0	[SLPS]	0	668.866	-79.218	0	59.528	0	0	
0	[SLPS]	0	668.866	-79.218	0	59.528	0	0	
0	[SLPS]	0	669.029	-79.117	0	59.517	0	0	
0	[SLPS]	0	669.192	-79.032	0	59.523	0	0	
0	[SLPS]	0	669.192	-79.032	0	59.523	0	0	
0	[SLPS]	0	669.508	-78.860	0	59.530	0	0	
0	[SLPS]	0	669.508	-78.860	0	59.530	0	0	
0	[SLPS]	0	669.664	-78.748	0	59.487	0	0	
0	[SLPS]	0	669.826	-78.650	0	59.542	0	0	
0	[SLPS]	0	669.826	-78.650	0	59.542	0	0	
0	[SLPS]	0	670.129	-78.430	0	59.485	0	0	
0	[SLPS]	0	670.129	-78.430	0	59.485	0	0	
0	[SLPS]	0	670.284	-78.319	0	59.460	0	0	
0	[SLPS]	0	670.455	-78.234	0	59.498	0	0	
0	[SLPS]	0	670.455	-78.234	0	59.498	0	0	
0	[SLPS]	0	670.794	-78.029	0	59.540	0	0	
0	[SLPS]	0	670.794	-78.029	0	59.540	0	0	
0	[SLPS]	0	670.957	-77.903	0	59.488	0	0	
0	[SLPS]	0	671.127	-77.796	0	59.529	0	0	
0	[SLPS]	0	671.127	-77.796	0	59.529	0	0	
0	[SLPS]	0	671.472	-77.592	0	59.526	0	0	
0	[SLPS]	0	671.472	-77.592	0	59.526	0	0	
0	[SLPS]	0	671.634	-77.486	0	59.503	0	0	
0	[SLPS]	0	671.811	-77.381	0	59.495	0	0	
0	[SLPS]	0	671.987	-77.273	0	59.549	0	0	
0	[SLPS]	0	672.167	-77.169	0	59.537	0	0	
0	[SLPS]	0	672.167	-77.169	0	59.537	0	0	
0	[SLPS]	0	672.523	-76.934	0	59.481	0	0	
0	[SLPS]	0	672.523	-76.934	0	59.481	0	0	
0	[SLPS]	0	672.713	-76.826	0	59.485	0	0	
0	[SLPS]	0	672.891	-76.724	0	59.485	0	0	
0	[SLPS]	0	672.891	-76.724	0	59.485	0	0	
0	[SLPS]	0	673.252	-76.527	0	59.490	0	0	
0	[SLPS]	0	673.252	-76.527	0	59.490	0	0	
0	[SLPS]	0	673.435	-76.429	0	59.491	0	0	
0	[SLPS]	0	673.620	-76.324	0	59.487	0	0	
0	[SLPS]	0	673.620	-76.324	0	59.487	0	0	
0	[SLPS]	0	673.974	-76.118	0	59.463	0	0	
0	[SLPS]	0	673.974	-76.118	0	59.463	0	0	
0	[SLPS]	0	674.151	-76.019	0	59.463	0	0	
0	[SLPS]	0	674.343	-75.916	0	59.473	0	0	
0	[SLPS]	0	674.343	-75.916	0	59.473	0	0	
0	[SLPS]	0	674.695	-75.712	0	59.417	0	0	
0	[SLPS]	0	674.695	-75.712	0	59.417	0	0	
0	[SLPS]	0	674.876	-75.599	0	59.405	0	0	
0	[SLPS]	0	675.042	-75.482	0	59.374	0	0	
0	[SLPS]	0	675.042	-75.482	0	59.374	0	0	
0	[SLPS]	0	675.406	-75.270	0	59.464	0	0	
0	[SLPS]	0	675.406	-75.270	0	59.464	0	0	
0	[SLPS]	0	675.591	-75.156	0	59.455	0	0	
0	[SLPS]	0	675.783	-75.033	0	59.437	0	0	
0	[SLPS]	0	675.783	-75.033	0	59.437	0	0	
0	[SLPS]	0	676.146	-74.790	0	59.400	0	0	
0	[SLPS]	0	676.146	-74.790	0	59.400	0	0	
0	[SLPS]	0	676.338	-74.668	0	59.389	0	0	
0	[SLPS]	0	676.531	-74.547	0	59.385	0	0	
0	[SLPS]	0	676.531	-74.547	0	59.385	0	0	
0	[SLPS]	0	676.914	-74.321	0	59.397	0	0	
0	[SLPS]	0	676.914	-74.321	0	59.397	0	0	
0	[SLPS]	0	677.107	-74.212	0	59.408	0	0	
0	[SLPS]	0	677.305	-74.116	0	59.445	0	0	
0	[SLPS]	0	677.496	-74.004	0	59.392	0	0	
0	[SLPS]	0	677.686	-73.912	0	59.416	0	0	
0	[SLPS]	0	677.686	-73.912	0	59.416	0	0	
0	[SLPS]	0	678.071	-73.693	0	59.433	0	0	
0	[SLPS]	0	678.071	-73.693	0	59.433	0	0	
0	[SLPS]	0	678.258	-73.600	0	59.468	0	0	
0	[SLPS]	0	678.451	-73.500	0	59.492	0	0	
0	[SLPS]	0	678.451	-73.500	0	59.492	0	0	
0	[SLPS]	0	678.839	-73.284	0	59.512	0	0	
0	[SLPS]	0	678.839	-73.284	0	59.512	0	0	
0	[SLPS]	0	679.044	-73.176	0	59.539	0	0	
0	[SLPS]	0	679.240	-73.068	0	59.488	0	0	
0	[SLPS]	0	679.240	-73.068	0	59.488	0	0	
0	[SLPS]	0	679.642	-72.867	0	59.558	0	0	
0	[SLPS]	0	679.642	-72.867	0	59.558	0	0	
0	[SLPS]	0	679.832	-72.754	0	59.555	0	0	
0	[SLPS]	0	680.027	-72.641	0	59.556	0	0	
0	[SLPS]	0	680.027	-72.641	0	59.556	0	0	
0	[SLPS]	0	680.414	-72.419	0	59.594	0	0	
0	[SLPS]	0	680.414	-72.419	0	59.594	0	0	
0	[SLPS]	0	680.608	-72.310	0	59.576	0	0	
0	[SLPS]	0	680.802	-72.202	0	59.597	0	0	
0	[SLPS]	0	681.001	-72.095	0	59.615	0	0	
0	[SLPS]	0	681.189	-71.970	0	59.584	0	0	
0	[SLPS]	0	681.189	-71.970	0	59.584	0	0	
0	[SLPS]	0	681.391	-71.863	0	59.602	0	0	
0	[SLPS]	0	681.597	-71.740	0	59.598	0	0	
0	[SLPS]	0	681.795	-71.622	0	59.586	0	0	
0	[SLPS]	0	681.984	-71.488	0	59.540	0	0	
0	[SLPS]	0	681.984	-71.488	0	59.540	0	0	
0	[SLPS]	0	682.378	-71.233	0	59.522	0	0	
0	[SLPS]	0	682.378	-71.233	0	59.522	0	0	
0	[SLPS]	0	682.572	-71.104	0	59.505	0	0	
0	[SLPS]	0	682.770	-70.983	0	59.499	0	0	
0	[SLPS]	0	682.770	-70.983	0	59.499	0	0	
0	[SLPS]	0	683.160	-70.731	0	59.453	0	0	
0	[SLPS]	0	683.160	-70.731	0	59.453	0	0	
0	[SLPS]	0	683.358	-70.614	0	59.445	0	0	
0	[SLPS]	0	683.566	-70.500	0	59.457	0	0	
0	[SLPS]	0	683.566	-70.500	0	59.457	0	0	
0	[SLPS]	0	683.956	-70.264	0	59.436	0	0	
0	[SLPS]	0	683.956	-70.264	0	59.436	0	0	
0	[SLPS]	0	684.156	-70.143	0	59.421	0	0	
0	[SLPS]	0	684.367	-70.037	0	59.447	0	0	
0	[SLPS]	0	684.367	-70.037	0	59.447	0	0	
0	[SLPS]	0	684.766	-69.798	0	59.407	0	0	
0	[SLPS]	0	684.766	-69.798	0	59.407	0	0	
0	[SLPS]	0	684.989	-69.674	0	59.406	0	0	
0	[SLPS]	0	685.202	-69.552	0	59.399	0	0	
0	[SLPS]	0	685.202	-69.552	0	59.399	0	0	
0	[SLPS]	0	685.607	-69.316	0	59.388	0	0	
0	[SLPS]	0	685.607	-69.316	0	59.388	0	0	
0	[SLPS]	0	686.018	-69.068	0	59.364	0	0	
0	[SLPS]	0	686.018	-69.068	0	59.364	0	0	
0	[SLPS]	0	686.211	-68.958	0	59.366	0	0	
0	[SLPS]	0	686.416	-68.847	0	59.383	0	0	
0	[SLPS]	0	686.416	-68.847	0	59.383	0	0	
0	[SLPS]	0	686.826	-68.610	0	59.433	0	0	
0	[SLPS]	0	686.826	-68.610	0	59.433	0	0	
0	[SLPS]	0	687.025	-68.493	0	59.424	0	0	
0	[SLPS]	0	687.226	-68.378	0	59.420	0	0	
0	[SLPS]	0	687.226	-68.378	0	59.420	0	0	
0	[SLPS]	0	687.615	-68.122	0	59.381	0	0	
0	[SLPS]	0	687.615	-68.122	0	59.381	0	0	
0	[SLPS]	0	687.815	-68.001	0	59.378	0	0	
0	[SLPS]	0	688.040	-67.896	0	59.421	0	0	
0	[SLPS]	0	688.040	-67.896	0	59.421	0	0	
0	[SLPS]	0	688.445	-67.662	0	59.430	0	0	
0	[SLPS]	0	688.445	-67.662	0	59.430	0	0	
0	[SLPS]	0	688.644	-67.545	0	59.422	0	0	
0	[SLPS]	0	688.850	-67.418	0	59.407	0	0	
0	[SLPS]	0	689.055	-67.299	0	59.409	0	0	
0	[SLPS]	0	689.255	-67.180	0	59.406	0	0	
0	[SLPS]	0	689.255	-67.180	0	59.406	0	0	
0	[SLPS]	0	689.456	-67.059	0	59.405	0	0	
0	[SLPS]	0	689.667	-66.940	0	59.416	0	0	
0	[SLPS]	0	689.667	-66.940	0	59.416	0	0	
0	[SLPS]	0	690.061	-66.689	0	59.382	0	0	
0	[SLPS]	0	690.061	-66.689	0	59.382	0	0	
0	[SLPS]	0	690.254	-66.569	0	59.368	0	0	
0	[SLPS]	0	690.455	-66.442	0	59.358	0	0	
0	[SLPS]	0	690.455	-66.442	0	59.358	0	0	
0	[SLPS]	0	690.872	-66.203	0	59.381	0	0	
0	[SLPS]	0	690.872	-66.203	0	59.381	0	0	
0	[SLPS]	0	691.062	-66.077	0	59.357	0	0	
0	[SLPS]	0	691.264	-65.953	0	59.315	0	0	
0	[SLPS]	0	691.264	-65.953	0	59.315	0	0	
0	[SLPS]	0	691.670	-65.707	0	59.272	0	0	
0	[SLPS]	0	691.670	-65.707	0	59.272	0	0	
0	[SLPS]	0	691.873	-65.583	0	59.271	0	0	
0	[SLPS]	0	692.060	-65.483	0	59.273	0	0	
0	[SLPS]	0	692.060	-65.483	0	59.273	0	0	
0	[SLPS]	0	692.474	-65.250	0	59.272	0	0	
0	[SLPS]	0	692.474	-65.250	0	59.272	0	0	
0	[SLPS]	0	692.677	-65.130	0	59.267	0	0	
0	[SLPS]	0	692.888	-65.013	0	59.261	0	0	
0	[SLPS]	0	692.888	-65.013	0	59.261	0	0	
0	[SLPS]	0	693.285	-64.773	0	59.240	0	0	
0	[SLPS]	0	693.285	-64.773	0	59.240	0	0	
0	[SLPS]	0	693.488	-64.654	0	59.270	0	0	
0	[SLPS]	0	693.688	-64.536	0	59.268	0	0	
0	[SLPS]	0	693.688	-64.536	0	59.268	0	0	
0	[SLPS]	0	694.101	-64.295	0	59.267	0	0	
0	[SLPS]	0	694.101	-64.295	0	59.267	0	0	
0	[SLPS]	0	694.313	-64.156	0	59.245	0	0	
0	[SLPS]	0	694.524	-64.023	0	59.233	0	0	
0	[SLPS]	0	694.524	-64.023	0	59.233	0	0	
0	[SLPS]	0	694.973	-63.762	0	59.238	0	0	
0	[SLPS]	0	694.973	-63.762	0	59.238	0	0	
0	[SLPS]	0	695.181	-63.626	0	59.225	0	0	
0	[SLPS]	0	695.389	-63.510	0	59.234	0	0	
0	[SLPS]	0	695.389	-63.510	0	59.234	0	0	
0	[SLPS]	0	695.811	-63.250	0	59.212	0	0	
0	[SLPS]	0	695.811	-63.250	0	59.212	0	0	
0	[SLPS]	0	696.021	-63.123	0	59.203	0	0	
0	[SLPS]	0	696.232	-63.004	0	59.200	0	0	
0	[SLPS]	0	696.447	-62.876	0	59.192	0	0	
0	[SLPS]	0	696.651	-62.750	0	59.178	0	0	
0	[SLPS]	0	696.651	-62.750	0	59.178	0	0	
0	[SLPS]	0	696.874	-62.640	0	59.207	0	0	
0	[SLPS]	0	697.079	-62.527	0	59.210	0	0	
0	[SLPS]	0	697.079	-62.527	0	59.210	0	0	
0	[SLPS]	0	697.498	-62.276	0	59.186	0	0	
0	[SLPS]	0	697.498	-62.276	0	59.186	0	0	
0	[SLPS]	0	697.712	-62.141	0	59.174	0	0	
0	[SLPS]	0	697.925	-62.016	0	59.175	0	0	
0	[SLPS]	0	697.925	-62.016	0	59.175	0	0	
0	[SLPS]	0	698.361	-61.782	0	59.172	0	0	
0	[SLPS]	0	698.361	-61.782	0	59.172	0	0	
0	[SLPS]	0	698.793	-61.523	0	59.162	0	0	
0	[SLPS]	0	698.793	-61.523	0	59.162	0	0	
0	[SLPS]	0	699.005	-61.397	0	59.161	0	0	
0	[SLPS]	0	699.222	-61.266	0	59.153	0	0	
0	[SLPS]	0	699.222	-61.266	0	59.153	0	0	
0	[SLPS]	0	699.647	-61.001	0	59.141	0	0	
0	[SLPS]	0	699.647	-61.001	0	59.141	0	0	
0	[SLPS]	0	699.862	-60.871	0	59.136	0	0	
0	[SLPS]	0	700.080	-60.758	0	59.153	0	0	
0	[SLPS]	0	700.080	-60.758	0	59.153	0	0	
0	[SLPS]	0	700.491	-60.514	0	59.138	0	0	
0	[SLPS]	0	700.491	-60.514	0	59.138	0	0	
0	[SLPS]	0	700.703	-60.389	0	59.097	0	0	
0	[SLPS]	0	700.935	-60.273	0	59.120	0	0	
0	[SLPS]	0	700.935	-60.273	0	59.120	0	0	
0	[SLPS]	0	701.367	-60.029	0	59.121	0	0	
0	[SLPS]	0	701.367	-60.029	0	59.121	0	0	
0	[SLPS]	0	701.567	-59.907	0	59.110	0	0	
0	[SLPS]	0	701.797	-59.777	0	59.118	0	0	
0	[SLPS]	0	701.797	-59.777	0	59.118	0	0	
0	[SLPS]	0	702.228	-59.526	0	59.131	0	0	
0	[SLPS]	0	702.228	-59.526	0	59.131	0	0	
0	[SLPS]	0	702.426	-59.375	0	59.105	0	0	
0	[SLPS]	0	702.635	-59.221	0	59.080	0	0	
0	[SLPS]	0	702.635	-59.221	0	59.080	0	0	
0	[SLPS]	0	702.845	-59.078	0	59.074	0	0	
0	[SLPS]	0	703.057	-58.943	0	59.094	0	0	
0	[SLPS]	0	703.271	-58.806	0	59.064	0	0	
0	[SLPS]	0	703.484	-58.671	0	59.083	0	0	
0	[SLPS]	0	703.484	-58.671	0	59.083	0	0	
0	[SLPS]	0	703.895	-58.461	0	59.098	0	0	
0	[SLPS]	0	703.895	-58.461	0	59.098	0	0	
0	[SLPS]	0	704.121	-58.358	0	59.119	0	0	
0	[SLPS]	0	704.342	-58.216	0	59.101	0	0	
0	[SLPS]	0	704.342	-58.216	0	59.101	0	0	
0	[SLPS]	0	704.554	-58.085	0	59.083	0	0	
0	[SLPS]	0	704.775	-57.962	0	59.088	0	0	
0	[SLPS]	0	704.987	-57.818	0	59.064	0	0	
0	[SLPS]	0	705.200	-57.674	0	59.045	0	0	
0	[SLPS]	0	705.200	-57.674	0	59.045	0	0	
0	[SLPS]	0	705.614	-57.406	0	59.092	0	0	
0	[SLPS]	0	705.614	-57.406	0	59.092	0	0	
0	[SLPS]	0	705.827	-57.272	0	59.055	0	0	
0	[SLPS]	0	706.041	-57.139	0	59.081	0	0	
0	[SLPS]	0	706.041	-57.139	0	59.081	0	0	
0	[SLPS]	0	706.459	-56.867	0	59.023	0	0	
0	[SLPS]	0	706.459	-56.867	0	59.023	0	0	
0	[SLPS]	0	706.680	-56.731	0	59.021	0	0	
0	[SLPS]	0	706.896	-56.588	0	59.013	0	0	
0	[SLPS]	0	706.896	-56.588	0	59.013	0	0	
0	[SLPS]	0	707.339	-56.325	0	59.054	0	0	
0	[SLPS]	0	707.339	-56.325	0	59.054	0	0	
0	[SLPS]	0	707.558	-56.197	0	59.052	0	0	
0	[SLPS]	0	707.783	-56.046	0	59.035	0	0	
0	[SLPS]	0	707.783	-56.046	0	59.035	0	0	
0	[SLPS]	0	708.218	-55.769	0	59.052	0	0	
0	[SLPS]	0	708.218	-55.769	0	59.052	0	0	
0	[SLPS]	0	708.437	-55.633	0	59.080	0	0	
0	[SLPS]	0	708.658	-55.494	0	59.078	0	0	
0	[SLPS]	0	708.658	-55.494	0	59.078	0	0	
0	[SLPS]	0	709.102	-55.250	0	59.100	0	0	
0	[SLPS]	0	709.102	-55.250	0	59.100	0	0	
0	[SLPS]	0	709.310	-55.119	0	59.096	0	0	
0	[SLPS]	0	709.536	-54.984	0	59.092	0	0	
0	[SLPS]	0	709.536	-54.984	0	59.092	0	0	
0	[SLPS]	0	709.978	-54.710	0	59.099	0	0	
0	[SLPS]	0	709.978	-54.710	0	59.099	0	0	
0	[SLPS]	0	710.196	-54.585	0	59.108	0	0	
0	[SLPS]	0	710.414	-54.452	0	59.110	0	0	
0	[SLPS]	0	710.414	-54.452	0	59.110	0	0	
0	[SLPS]	0	710.826	-54.183	0	59.104	0	0	
0	[SLPS]	0	710.826	-54.183	0	59.104	0	0	
0	[SLPS]	0	711.037	-54.053	0	59.133	0	0	
0	[SLPS]	0	711.248	-53.922	0	59.093	0	0	
0	[SLPS]	0	711.248	-53.922	0	59.093	0	0	
0	[SLPS]	0	711.646	-53.664	0	59.134	0	0	
0	[SLPS]	0	711.646	-53.664	0	59.134	0	0	
0	[SLPS]	0	711.851	-53.535	0	59.086	0	0	
0	[SLPS]	0	712.054	-53.409	0	59.140	0	0	
0	[SLPS]	0	712.054	-53.409	0	59.140	0	0	
0	[SLPS]	0	712.448	-53.193	0	59.166	0	0	
0	[SLPS]	0	712.448	-53.193	0	59.166	0	0	
0	[SLPS]	0	712.647	-53.099	0	59.189	0	0	
0	[SLPS]	0	712.847	-52.982	0	59.170	0	0	
0	[SLPS]	0	712.847	-52.982	0	59.170	0	0	
0	[SLPS]	0	713.257	-52.764	0	59.212	0	0	
0	[SLPS]	0	713.257	-52.764	0	59.212	0	0	
0	[SLPS]	0	713.470	-52.648	0	59.231	0	0	
0	[SLPS]	0	713.671	-52.528	0	59.241	0	0	
0	[SLPS]	0	713.671	-52.528	0	59.241	0	0	
0	[SLPS]	0	714.083	-52.298	0	59.287	0	0	
0	[SLPS]	0	714.083	-52.298	0	59.287	0	0	
0	[SLPS]	0	714.283	-52.184	0	59.312	0	0	
0	[SLPS]	0	714.498	-52.043	0	59.312	0	0	
0	[SLPS]	0	714.498	-52.043	0	59.312	0	0	
0	[SLPS]	0	714.883	-51.838	0	59.353	0	0	
0	[SLPS]	0	714.883	-51.838	0	59.353	0	0	
0	[SLPS]	0	715.084	-51.716	0	59.371	0	0	
0	[SLPS]	0	715.283	-51.588	0	59.384	0	0	
0	[SLPS]	0	715.283	-51.588	0	59.384	0	0	
0	[SLPS]	0	715.673	-51.363	0	59.430	0	0	
0	[SLPS]	0	715.673	-51.363	0	59.430	0	0	
0	[SLPS]	0	715.868	-51.246	0	59.452	0	0	
0	[SLPS]	0	716.073	-51.128	0	59.475	0	0	
0	[SLPS]	0	716.073	-51.128	0	59.475	0	0	
0	[SLPS]	0	716.454	-50.894	0	59.507	0	0	
0	[SLPS]	0	716.454	-50.894	0	59.507	0	0	
0	[SLPS]	0	716.647	-50.774	0	59.519	0	0	
0	[SLPS]	0	716.853	-50.656	0	59.542	0	0	
0	[SLPS]	0	717.044	-50.560	0	59.576	0	0	
0	[SLPS]	0	717.235	-50.451	0	59.596	0	0	
0	[SLPS]	0	717.235	-50.451	0	59.596	0	0	
0	[SLPS]	0	717.635	-50.218	0	59.629	0	0	
0	[SLPS]	0	717.635	-50.218	0	59.629	0	0	
0	[SLPS]	0	717.830	-50.105	0	59.649	0	0	
0	[SLPS]	0	718.025	-50.001	0	59.678	0	0	
0	[SLPS]	0	718.025	-50.001	0	59.678	0	0	
0	[SLPS]	0	718.418	-49.772	0	59.708	0	0	
0	[SLPS]	0	718.418	-49.772	0	59.708	0	0	
0	[SLPS]	0	718.608	-49.670	0	59.734	0	0	
0	[SLPS]	0	718.812	-49.550	0	59.750	0	0	
0	[SLPS]	0	718.812	-49.550	0	59.750	0	0	
0	[SLPS]	0	719.011	-49.429	0	59.763	0	0	
0	[SLPS]	0	719.212	-49.325	0	59.790	0	0	
0	[SLPS]	0	719.394	-49.210	0	59.790	0	0	
0	[SLPS]	0	719.587	-49.092	0	59.800	0	0	
0	[SLPS]	0	719.587	-49.092	0	59.800	0	0	
0	[SLPS]	0	719.975	-48.867	0	59.826	0	0	
0	[SLPS]	0	719.975	-48.867	0	59.826	0	0	
0	[SLPS]	0	720.176	-48.748	0	59.838	0	0	
0	[SLPS]	0	720.371	-48.634	0	59.842	0	0	
0	[SLPS]	0	720.371	-48.634	0	59.842	0	0	
0	[SLPS]	0	720.783	-48.431	0	59.905	0	0	
0	[SLPS]	0	720.783	-48.431	0	59.905	0	0	
0	[SLPS]	0	720.981	-48.320	0	59.925	0	0	
0	[SLPS]	0	721.174	-48.205	0	59.937	0	0	
0	[SLPS]	0	721.174	-48.205	0	59.937	0	0	
0	[SLPS]	0	721.550	-47.982	0	59.955	0	0	
0	[SLPS]	0	721.550	-47.982	0	59.955	0	0	
0	[SLPS]	0	721.746	-47.869	0	59.969	0	0	
0	[SLPS]	0	721.951	-47.775	0	59.998	0	0	
0	[SLPS]	0	721.951	-47.775	0	59.998	0	0	
0	[SLPS]	0	722.347	-47.559	0	59.977	0	0	
0	[SLPS]	0	722.347	-47.559	0	59.977	0	0	
0	[SLPS]	0	722.544	-47.458	0	59.985	0	0	
0	[SLPS]	0	722.739	-47.355	0	59.985	0	0	
0	[SLPS]	0	722.739	-47.355	0	59.985	0	0	
0	[SLPS]	0	723.133	-47.136	0	59.958	0	0	
0	[SLPS]	0	723.133	-47.136	0	59.958	0	0	
0	[SLPS]	0	723.522	-46.922	0	59.926	0	0	
0	[SLPS]	0	723.522	-46.922	0	59.926	0	0	
0	[SLPS]	0	723.700	-46.831	0	59.929	0	0	
0	[SLPS]	0	723.893	-46.714	0	59.928	0	0	
0	[SLPS]	0	723.893	-46.714	0	59.928	0	0	
0	[SLPS]	0	724.264	-46.493	0	59.937	0	0	
0	[SLPS]	0	724.264	-46.493	0	59.937	0	0	
0	[SLPS]	0	724.438	-46.381	0	59.930	0	0	
0	[SLPS]	0	724.636	-46.272	0	59.933	0	0	
0	[SLPS]	0	724.636	-46.272	0	59.933	0	0	
0	[SLPS]	0	725.019	-46.031	0	59.921	0	0	
0	[SLPS]	0	725.019	-46.031	0	59.921	0	0	
0	[SLPS]	0	725.210	-45.913	0	59.924	0	0	
0	[SLPS]	0	725.403	-45.790	0	59.918	0	0	
0	[SLPS]	0	725.403	-45.790	0	59.918	0	0	
0	[SLPS]	0	725.761	-45.562	0	59.894	0	0	
0	[SLPS]	0	725.761	-45.562	0	59.894	0	0	
0	[SLPS]	0	725.947	-45.439	0	59.877	0	0	
0	[SLPS]	0	726.152	-45.332	0	59.891	0	0	
0	[SLPS]	0	726.152	-45.332	0	59.891	0	0	
0	[SLPS]	0	726.340	-45.219	0	59.892	0	0	
0	[SLPS]	0	726.522	-45.089	0	59.865	0	0	
0	[SLPS]	0	726.727	-44.981	0	59.869	0	0	
0	[SLPS]	0	726.920	-44.874	0	59.858	0	0	
0	[SLPS]	0	726.920	-44.874	0	59.858	0	0	
0	[SLPS]	0	727.305	-44.665	0	59.820	0	0	
0	[SLPS]	0	727.305	-44.665	0	59.820	0	0	
0	[SLPS]	0	727.492	-44.561	0	59.791	0	0	
0	[SLPS]	0	727.684	-44.452	0	59.767	0	0	
0	[SLPS]	0	727.684	-44.452	0	59.767	0	0	
0	[SLPS]	0	728.063	-44.231	0	59.699	0	0	
0	[SLPS]	0	728.063	-44.231	0	59.699	0	0	
0	[SLPS]	0	728.251	-44.129	0	59.663	0	0	
0	[SLPS]	0	728.455	-44.005	0	59.609	0	0	
0	[SLPS]	0	728.455	-44.005	0	59.609	0	0	
0	[SLPS]	0	728.846	-43.768	0	59.525	0	0	
0	[SLPS]	0	728.846	-43.768	0	59.525	0	0	
0	[SLPS]	0	729.043	-43.638	0	59.473	0	0	
0	[SLPS]	0	729.226	-43.525	0	59.433	0	0	
0	[SLPS]	0	729.226	-43.525	0	59.433	0	0	
0	[SLPS]	0	729.597	-43.290	0	59.341	0	0	
0	[SLPS]	0	729.597	-43.290	0	59.341	0	0	
0	[SLPS]	0	729.798	-43.174	0	59.290	0	0	
0	[SLPS]	0	729.984	-43.054	0	59.236	0	0	
0	[SLPS]	0	729.984	-43.054	0	59.236	0	0	
0	[SLPS]	0	730.376	-42.820	0	59.146	0	0	
0	[SLPS]	0	730.376	-42.820	0	59.146	0	0	
0	[SLPS]	0	730.585	-42.709	0	59.109	0	0	
0	[SLPS]	0	730.780	-42.603	0	59.072	0	0	
0	[SLPS]	0	730.993	-42.500	0	59.053	0	0	
0	[SLPS]	0	731.194	-42.386	0	58.986	0	0	
0	[SLPS]	0	731.194	-42.386	0	58.986	0	0	
0	[SLPS]	0	731.593	-42.144	0	58.909	0	0	
0	[SLPS]	0	731.593	-42.144	0	58.909	0	0	
0	[SLPS]	0	731.789	-42.037	0	58.881	0	0	
0	[SLPS]	0	731.986	-41.917	0	58.846	0	0	
0	[SLPS]	0	731.986	-41.917	0	58.846	0	0	
0	[SLPS]	0	732.367	-41.671	0	58.800	0	0	
0	[SLPS]	0	732.367	-41.671	0	58.800	0	0	
0	[SLPS]	0	732.562	-41.553	0	58.791	0	0	
0	[SLPS]	0	732.755	-41.436	0	58.795	0	0	
0	[SLPS]	0	732.755	-41.436	0	58.795	0	0	
0	[SLPS]	0	733.144	-41.185	0	58.775	0	0	
0	[SLPS]	0	733.144	-41.185	0	58.775	0	0	
0	[SLPS]	0	733.339	-41.066	0	58.782	0	0	
0	[SLPS]	0	733.529	-40.959	0	58.804	0	0	
0	[SLPS]	0	733.529	-40.959	0	58.804	0	0	
0	[SLPS]	0	733.923	-40.708	0	58.795	0	0	
0	[SLPS]	0	733.923	-40.708	0	58.795	0	0	
0	[SLPS]	0	734.119	-40.588	0	58.791	0	0	
0	[SLPS]	0	734.308	-40.465	0	58.785	0	0	
0	[SLPS]	0	734.308	-40.465	0	58.785	0	0	
0	[SLPS]	0	734.508	-40.334	0	58.778	0	0	
0	[SLPS]	0	734.705	-40.219	0	58.788	0	0	
0	[SLPS]	0	734.900	-40.102	0	58.795	0	0	
0	[SLPS]	0	735.099	-39.972	0	58.795	0	0	
0	[SLPS]	0	735.099	-39.972	0	58.795	0	0	
0	[SLPS]	0	735.280	-39.854	0	58.792	0	0	
0	[SLPS]	0	735.473	-39.733	0	58.797	0	0	
0	[SLPS]	0	735.688	-39.594	0	58.800	0	0	
0	[SLPS]	0	735.885	-39.469	0	58.813	0	0	
0	[SLPS]	0	735.885	-39.469	0	58.813	0	0	
0	[SLPS]	0	736.294	-39.259	0	58.862	0	0	
0	[SLPS]	0	736.294	-39.259	0	58.862	0	0	
0	[SLPS]	0	736.508	-39.118	0	58.857	0	0	
0	[SLPS]	0	736.708	-39.005	0	58.866	0	0	
0	[SLPS]	0	736.708	-39.005	0	58.866	0	0	
0	[SLPS]	0	737.109	-38.762	0	58.899	0	0	
0	[SLPS]	0	737.109	-38.762	0	58.899	0	0	
0	[SLPS]	0	737.305	-38.627	0	58.901	0	0	
0	[SLPS]	0	737.495	-38.519	0	58.919	0	0	
0	[SLPS]	0	737.495	-38.519	0	58.919	0	0	
0	[SLPS]	0	737.888	-38.272	0	58.932	0	0	
0	[SLPS]	0	737.888	-38.272	0	58.932	0	0	
0	[SLPS]	0	738.086	-38.150	0	58.940	0	0	
0	[SLPS]	0	738.269	-38.046	0	58.952	0	0	
0	[SLPS]	0	738.269	-38.046	0	58.952	0	0	
0	[SLPS]	0	738.666	-37.795	0	58.964	0	0	
0	[SLPS]	0	738.666	-37.795	0	58.964	0	0	
0	[SLPS]	0	738.855	-37.695	0	58.986	0	0	
0	[SLPS]	0	739.052	-37.571	0	58.990	0	0	
0	[SLPS]	0	739.052	-37.571	0	58.990	0	0	
0	[SLPS]	0	739.457	-37.350	0	59.028	0	0	
0	[SLPS]	0	739.457	-37.350	0	59.028	0	0	
0	[SLPS]	0	739.656	-37.226	0	59.029	0	0	
0	[SLPS]	0	739.855	-37.112	0	59.038	0	0	
0	[SLPS]	0	740.052	-36.997	0	59.049	0	0	
0	[SLPS]	0	740.250	-36.877	0	59.060	0	0	
0	[SLPS]	0	740.250	-36.877	0	59.060	0	0	
0	[SLPS]	0	740.637	-36.643	0	59.064	0	0	
0	[SLPS]	0	740.637	-36.643	0	59.064	0	0	
0	[SLPS]	0	740.833	-36.522	0	59.071	0	0	
0	[SLPS]	0	741.029	-36.393	0	59.075	0	0	
0	[SLPS]	0	741.029	-36.393	0	59.075	0	0	
0	[SLPS]	0	741.409	-36.170	0	59.099	0	0	
0	[SLPS]	0	741.409	-36.170	0	59.099	0	0	
0	[SLPS]	0	741.602	-36.057	0	59.113	0	0	
0	[SLPS]	0	741.799	-35.938	0	59.115	0	0	
0	[SLPS]	0	741.799	-35.938	0	59.115	0	0	
0	[SLPS]	0	742.198	-35.700	0	59.132	0	0	
0	[SLPS]	0	742.198	-35.700	0	59.132	0	0	
0	[SLPS]	0	742.388	-35.586	0	59.132	0	0	
0	[SLPS]	0	742.568	-35.475	0	59.129	0	0	
0	[SLPS]	0	742.568	-35.475	0	59.129	0	0	
0	[SLPS]	0	742.934	-35.261	0	59.155	0	0	
0	[SLPS]	0	742.934	-35.261	0	59.155	0	0	
0	[SLPS]	0	743.112	-35.155	0	59.180	0	0	
0	[SLPS]	0	743.267	-35.041	0	59.174	0	0	
0	[SLPS]	0	743.267	-35.041	0	59.174	0	0	
0	[SLPS]	0	743.607	-34.857	0	59.195	0	0	
0	[SLPS]	0	743.607	-34.857	0	59.195	0	0	
0	[SLPS]	0	743.758	-34.755	0	59.190	0	0	
0	[SLPS]	0	743.914	-34.666	0	59.194	0	0	
0	[SLPS]	0	743.914	-34.666	0	59.194	0	0	
0	[SLPS]	0	744.223	-34.486	0	59.222	0	0	
0	[SLPS]	0	744.223	-34.486	0	59.222	0	0	
0	[SLPS]	0	744.369	-34.402	0	59.231	0	0	
0	[SLPS]	0	744.524	-34.312	0	59.235	0	0	
0	[SLPS]	0	744.524	-34.312	0	59.235	0	0	
0	[SLPS]	0	744.805	-34.135	0	59.236	0	0	
0	[SLPS]	0	744.805	-34.135	0	59.236	0	0	
0	[SLPS]	0	744.955	-34.061	0	59.248	0	0	
0	[SLPS]	0	745.099	-33.967	0	59.239	0	0	
0	[SLPS]	0	745.099	-33.967	0	59.239	0	0	
0	[SLPS]	0	745.373	-33.813	0	59.248	0	0	
0	[SLPS]	0	745.373	-33.813	0	59.248	0	0	
0	[SLPS]	0	745.637	-33.648	0	59.254	0	0	
0	[SLPS]	0	745.637	-33.648	0	59.254	0	0	
0	[SLPS]	0	745.766	-33.572	0	59.257	0	0	
0	[SLPS]	0	745.887	-33.493	0	59.253	0	0	
0	[SLPS]	0	745.887	-33.493	0	59.253	0	0	
0	[SLPS]	0	746.009	-33.417	0	59.264	0	0	
0	[SLPS]	0	746.146	-33.341	0	59.286	0	0	
0	[SLPS]	0	746.262	-33.280	0	59.307	0	0	
0	[SLPS]	0	746.370	-33.203	0	59.311	0	0	
0	[SLPS]	0	746.370	-33.203	0	59.311	0	0	
0	[SLPS]	0	746.607	-33.061	0	59.337	0	0	
0	[SLPS]	0	746.607	-33.061	0	59.337	0	0	
0	[SLPS]	0	746.723	-32.991	0	59.341	0	0	
0	[SLPS]	0	746.849	-32.912	0	59.344	0	0	
0	[SLPS]	0	746.849	-32.912	0	59.344	0	0	
0	[SLPS]	0	747.078	-32.758	0	59.325	0	0	
0	[SLPS]	0	747.078	-32.758	0	59.325	0	0	
0	[SLPS]	0	747.191	-32.686	0	59.330	0	0	
0	[SLPS]	0	747.318	-32.627	0	59.347	0	0	
0	[SLPS]	0	747.318	-32.627	0	59.347	0	0	
0	[SLPS]	0	747.552	-32.487	0	59.360	0	0	
0	[SLPS]	0	747.552	-32.487	0	59.360	0	0	
0	[SLPS]	0	747.665	-32.426	0	59.359	0	0	
0	[SLPS]	0	747.784	-32.364	0	59.357	0	0	
0	[SLPS]	0	747.784	-32.364	0	59.357	0	0	
0	[SLPS]	0	747.997	-32.231	0	59.350	0	0	
0	[SLPS]	0	747.997	-32.231	0	59.350	0	0	
0	[SLPS]	0	748.108	-32.166	0	59.355	0	0	
0	[SLPS]	0	748.224	-32.102	0	59.370	0	0	
0	[SLPS]	0	748.224	-32.102	0	59.370	0	0	
0	[SLPS]	0	748.425	-31.975	0	59.365	0	0	
0	[SLPS]	0	748.425	-31.975	0	59.365	0	0	
0	[SLPS]	0	748.536	-31.908	0	59.361	0	0	
0	[SLPS]	0	748.630	-31.855	0	59.362	0	0	
0	[SLPS]	0	748.729	-31.800	0	59.369	0	0	
0	[SLPS]	0	748.836	-31.747	0	59.375	0	0	
0	[SLPS]	0	748.836	-31.747	0	59.375	0	0	
0	[SLPS]	0	749.021	-31.635	0	59.385	0	0	
0	[SLPS]	0	749.021	-31.635	0	59.385	0	0	
0	[SLPS]	0	749.132	-31.565	0	59.378	0	0	
0	[SLPS]	0	749.236	-31.501	0	59.375	0	0	
0	[SLPS]	0	749.236	-31.501	0	59.375	0	0	
0	[SLPS]	0	749.439	-31.386	0	59.387	0	0	
0	[SLPS]	0	749.439	-31.386	0	59.387	0	0	
0	[SLPS]	0	749.543	-31.317	0	59.390	0	0	
0	[SLPS]	0	749.645	-31.258	0	59.398	0	0	
0	[SLPS]	0	749.645	-31.258	0	59.398	0	0	
0	[SLPS]	0	749.852	-31.137	0	59.395	0	0	
0	[SLPS]	0	749.852	-31.137	0	59.395	0	0	
0	[SLPS]	0	749.967	-31.072	0	59.395	0	0	
0	[SLPS]	0	750.077	-31.009	0	59.396	0	0	
0	[SLPS]	0	750.077	-31.009	0	59.396	0	0	
0	[SLPS]	0	750.287	-30.894	0	59.409	0	0	
0	[SLPS]	0	750.287	-30.894	0	59.409	0	0	
0	[SLPS]	0	750.399	-30.839	0	59.417	0	0	
0	[SLPS]	0	750.506	-30.774	0	59.414	0	0	
0	[SLPS]	0	750.506	-30.774	0	59.414	0	0	
0	[SLPS]	0	750.722	-30.643	0	59.406	0	0	
0	[SLPS]	0	750.722	-30.643	0	59.406	0	0	
0	[SLPS]	0	750.832	-30.578	0	59.408	0	0	
0	[SLPS]	0	750.939	-30.516	0	59.405	0	0	
0	[SLPS]	0	751.044	-30.448	0	59.394	0	0	
0	[SLPS]	0	751.155	-30.384	0	59.387	0	0	
0	[SLPS]	0	751.155	-30.384	0	59.387	0	0	
0	[SLPS]	0	751.269	-30.318	0	59.376	0	0	
0	[SLPS]	0	751.377	-30.243	0	59.362	0	0	
0	[SLPS]	0	751.489	-30.175	0	59.357	0	0	
0	[SLPS]	0	751.612	-30.118	0	59.365	0	0	
0	[SLPS]	0	751.612	-30.118	0	59.365	0	0	
0	[SLPS]	0	751.840	-29.992	0	59.342	0	0	
0	[SLPS]	0	751.840	-29.992	0	59.342	0	0	
0	[SLPS]	0	751.956	-29.926	0	59.340	0	0	
0	[SLPS]	0	752.084	-29.840	0	59.325	0	0	
0	[SLPS]	0	752.084	-29.840	0	59.325	0	0	
0	[SLPS]	0	752.329	-29.702	0	59.324	0	0	
0	[SLPS]	0	752.329	-29.702	0	59.324	0	0	
0	[SLPS]	0	752.443	-29.628	0	59.324	0	0	
0	[SLPS]	0	752.577	-29.555	0	59.332	0	0	
0	[SLPS]	0	752.577	-29.555	0	59.332	0	0	
0	[SLPS]	0	752.834	-29.393	0	59.342	0	0	
0	[SLPS]	0	752.834	-29.393	0	59.342	0	0	
0	[SLPS]	0	752.957	-29.323	0	59.350	0	0	
0	[SLPS]	0	753.097	-29.250	0	59.361	0	0	
0	[SLPS]	0	753.097	-29.250	0	59.361	0	0	
0	[SLPS]	0	753.357	-29.092	0	59.349	0	0	
0	[SLPS]	0	753.357	-29.092	0	59.349	0	0	
0	[SLPS]	0	753.490	-29.014	0	59.347	0	0	
0	[SLPS]	0	753.621	-28.934	0	59.341	0	0	
0	[SLPS]	0	753.621	-28.934	0	59.341	0	0	
0	[SLPS]	0	753.890	-28.767	0	59.319	0	0	
0	[SLPS]	0	753.890	-28.767	0	59.319	0	0	
0	[SLPS]	0	754.028	-28.685	0	59.315	0	0	
0	[SLPS]	0	754.167	-28.596	0	59.308	0	0	
0	[SLPS]	0	754.305	-28.516	0	59.306	0	0	
0	[SLPS]	0	754.444	-28.430	0	59.296	0	0	
0	[SLPS]	0	754.444	-28.430	0	59.296	0	0	
0	[SLPS]	0	754.732	-28.263	0	59.286	0	0	
0	[SLPS]	0	754.732	-28.263	0	59.286	0	0	
0	[SLPS]	0	754.877	-28.180	0	59.282	0	0	
0	[SLPS]	0	755.024	-28.084	0	59.264	0	0	
0	[SLPS]	0	755.024	-28.084	0	59.264	0	0	
0	[SLPS]	0	755.308	-27.899	0	59.247	0	0	
0	[SLPS]	0	755.308	-27.899	0	59.247	0	0	
0	[SLPS]	0	755.455	-27.809	0	59.245	0	0	
0	[SLPS]	0	755.602	-27.718	0	59.238	0	0	
0	[SLPS]	0	755.602	-27.718	0	59.238	0	0	
0	[SLPS]	0	755.901	-27.536	0	59.236	0	0	
0	[SLPS]	0	755.901	-27.536	0	59.236	0	0	
0	[SLPS]	0	756.059	-27.438	0	59.244	0	0	
0	[SLPS]	0	756.220	-27.343	0	59.250	0	0	
0	[SLPS]	0	756.220	-27.343	0	59.250	0	0	
0	[SLPS]	0	756.524	-27.165	0	59.256	0	0	
0	[SLPS]	0	756.524	-27.165	0	59.256	0	0	
0	[SLPS]	0	756.681	-27.075	0	59.271	0	0	
0	[SLPS]	0	756.839	-26.986	0	59.284	0	0	
0	[SLPS]	0	756.839	-26.986	0	59.284	0	0	
0	[SLPS]	0	757.156	-26.803	0	59.318	0	0	
0	[SLPS]	0	757.156	-26.803	0	59.318	0	0	
0	[SLPS]	0	757.323	-26.714	0	59.337	0	0	
0	[SLPS]	0	757.485	-26.612	0	59.337	0	0	
0	[SLPS]	0	757.485	-26.612	0	59.337	0	0	
0	[SLPS]	0	757.814	-26.420	0	59.363	0	0	
0	[SLPS]	0	757.814	-26.420	0	59.363	0	0	
0	[SLPS]	0	757.977	-26.321	0	59.373	0	0	
0	[SLPS]	0	758.138	-26.218	0	59.372	0	0	
0	[SLPS]	0	758.138	-26.218	0	59.372	0	0	
0	[SLPS]	0	758.488	-26.031	0	59.403	0	0	
0	[SLPS]	0	758.488	-26.031	0	59.403	0	0	
0	[SLPS]	0	758.662	-25.930	0	59.405	0	0	
0	[SLPS]	0	758.829	-25.831	0	59.403	0	0	
0	[SLPS]	0	758.829	-25.831	0	59.403	0	0	
0	[SLPS]	0	759.163	-25.626	0	59.407	0	0	
0	[SLPS]	0	759.163	-25.626	0	59.407	0	0	
0	[SLPS]	0	759.334	-25.525	0	59.412	0	0	
0	[SLPS]	0	759.506	-25.425	0	59.425	0	0	
0	[SLPS]	0	759.506	-25.425	0	59.425	0	0	
0	[SLPS]	0	759.844	-25.223	0	59.424	0	0	
0	[SLPS]	0	759.844	-25.223	0	59.424	0	0	
0	[SLPS]	0	760.018	-25.120	0	59.421	0	0	
0	[SLPS]	0	760.183	-25.023	0	59.426	0	0	
0	[SLPS]	0	760.183	-25.023	0	59.426	0	0	
0	[SLPS]	0	760.517	-24.819	0	59.446	0	0	
0	[SLPS]	0	760.517	-24.819	0	59.446	0	0	
0	[SLPS]	0	760.680	-24.719	0	59.459	0	0	
0	[SLPS]	0	760.839	-24.626	0	59.474	0	0	
0	[SLPS]	0	760.839	-24.626	0	59.474	0	0	
0	[SLPS]	0	761.174	-24.427	0	59.491	0	0	
0	[SLPS]	0	761.174	-24.427	0	59.491	0	0	
0	[SLPS]	0	761.344	-24.324	0	59.502	0	0	
0	[SLPS]	0	761.515	-24.225	0	59.514	0	0	
0	[SLPS]	0	761.515	-24.225	0	59.514	0	0	
0	[SLPS]	0	761.858	-24.024	0	59.533	0	0	
0	[SLPS]	0	761.858	-24.024	0	59.533	0	0	
0	[SLPS]	0	762.199	-23.834	0	59.562	0	0	
0	[SLPS]	0	762.199	-23.834	0	59.562	0	0	
0	[SLPS]	0	762.370	-23.731	0	59.568	0	0	
0	[SLPS]	0	762.543	-23.630	0	59.576	0	0	
0	[SLPS]	0	762.543	-23.630	0	59.576	0	0	
0	[SLPS]	0	762.900	-23.432	0	59.587	0	0	
0	[SLPS]	0	762.900	-23.432	0	59.587	0	0	
0	[SLPS]	0	763.074	-23.333	0	59.587	0	0	
0	[SLPS]	0	763.237	-23.229	0	59.574	0	0	
0	[SLPS]	0	763.237	-23.229	0	59.574	0	0	
0	[SLPS]	0	763.585	-23.032	0	59.575	0	0	
0	[SLPS]	0	763.585	-23.032	0	59.575	0	0	
0	[SLPS]	0	763.758	-22.931	0	59.570	0	0	
0	[SLPS]	0	763.930	-22.824	0	59.560	0	0	
0	[SLPS]	0	763.930	-22.824	0	59.560	0	0	
0	[SLPS]	0	764.281	-22.618	0	59.551	0	0	
0	[SLPS]	0	764.281	-22.618	0	59.551	0	0	
0	[SLPS]	0	764.456	-22.516	0	59.549	0	0	
0	[SLPS]	0	764.625	-22.410	0	59.547	0	0	
0	[SLPS]	0	764.625	-22.410	0	59.547	0	0	
0	[SLPS]	0	764.985	-22.195	0	59.535	0	0	
0	[SLPS]	0	764.985	-22.195	0	59.535	0	0	
0	[SLPS]	0	765.157	-22.090	0	59.527	0	0	
0	[SLPS]	0	765.334	-21.985	0	59.521	0	0	
0	[SLPS]	0	765.334	-21.985	0	59.521	0	0	
0	[SLPS]	0	765.686	-21.774	0	59.507	0	0	
0	[SLPS]	0	765.686	-21.774	0	59.507	0	0	
0	[SLPS]	0	766.027	-21.556	0	59.494	0	0	
0	[SLPS]	0	766.027	-21.556	0	59.494	0	0	
0	[SLPS]	0	766.201	-21.462	0	59.498	0	0	
0	[SLPS]	0	766.364	-21.354	0	59.487	0	0	
0	[SLPS]	0	766.364	-21.354	0	59.487	0	0	
0	[SLPS]	0	766.703	-21.156	0	59.478	0	0	
0	[SLPS]	0	766.703	-21.156	0	59.478	0	0	
0	[SLPS]	0	766.884	-21.057	0	59.485	0	0	
0	[SLPS]	0	767.063	-20.947	0	59.477	0	0	
0	[SLPS]	0	767.063	-20.947	0	59.477	0	0	
0	[SLPS]	0	767.415	-20.752	0	59.472	0	0	
0	[SLPS]	0	767.415	-20.752	0	59.472	0	0	
0	[SLPS]	0	767.593	-20.643	0	59.455	0	0	
0	[SLPS]	0	767.780	-20.548	0	59.465	0	0	
0	[SLPS]	0	767.780	-20.548	0	59.465	0	0	
0	[SLPS]	0	768.132	-20.336	0	59.451	0	0	
0	[SLPS]	0	768.132	-20.336	0	59.451	0	0	
0	[SLPS]	0	768.307	-20.230	0	59.444	0	0	
0	[SLPS]	0	768.490	-20.113	0	59.429	0	0	
0	[SLPS]	0	768.490	-20.113	0	59.429	0	0	
0	[SLPS]	0	768.660	-20.004	0	59.416	0	0	
0	[SLPS]	0	768.840	-19.898	0	59.411	0	0	
0	[SLPS]	0	768.840	-19.898	0	59.411	0	0	
0	[SLPS]	0	769.198	-19.694	0	59.412	0	0	
0	[SLPS]	0	769.198	-19.694	0	59.412	0	0	
0	[SLPS]	0	769.376	-19.588	0	59.406	0	0	
0	[SLPS]	0	769.569	-19.472	0	59.391	0	0	
0	[SLPS]	0	769.569	-19.472	0	59.391	0	0	
0	[SLPS]	0	769.937	-19.253	0	59.357	0	0	
0	[SLPS]	0	769.937	-19.253	0	59.357	0	0	
0	[SLPS]	0	770.116	-19.143	0	59.339	0	0	
0	[SLPS]	0	770.296	-19.034	0	59.324	0	0	
0	[SLPS]	0	770.296	-19.034	0	59.324	0	0	
0	[SLPS]	0	770.657	-18.815	0	59.290	0	0	
0	[SLPS]	0	770.657	-18.815	0	59.290	0	0	
0	[SLPS]	0	770.838	-18.705	0	59.278	0	0	
0	[SLPS]	0	771.012	-18.615	0	59.280	0	0	
0	[SLPS]	0	771.191	-18.511	0	59.271	0	0	
0	[SLPS]	0	771.366	-18.405	0	59.258	0	0	
0	[SLPS]	0	771.366	-18.405	0	59.258	0	0	
0	[SLPS]	0	771.541	-18.301	0	59.246	0	0	
0	[SLPS]	0	771.718	-18.199	0	59.250	0	0	
0	[SLPS]	0	771.886	-18.095	0	59.254	0	0	
0	[SLPS]	0	772.056	-17.985	0	59.251	0	0	
0	[SLPS]	0	772.056	-17.985	0	59.251	0	0	
0	[SLPS]	0	772.414	-17.777	0	59.265	0	0	
0	[SLPS]	0	772.414	-17.777	0	59.265	0	0	
0	[SLPS]	0	772.590	-17.680	0	59.272	0	0	
0	[SLPS]	0	772.765	-17.577	0	59.270	0	0	
0	[SLPS]	0	772.765	-17.577	0	59.270	0	0	
0	[SLPS]	0	773.129	-17.359	0	59.283	0	0	
0	[SLPS]	0	773.129	-17.359	0	59.283	0	0	
0	[SLPS]	0	773.314	-17.262	0	59.306	0	0	
0	[SLPS]	0	773.495	-17.163	0	59.316	0	0	
0	[SLPS]	0	773.495	-17.163	0	59.316	0	0	
0	[SLPS]	0	773.835	-16.935	0	59.280	0	0	
0	[SLPS]	0	773.835	-16.935	0	59.280	0	0	
0	[SLPS]	0	774.008	-16.828	0	59.276	0	0	
0	[SLPS]	0	774.199	-16.729	0	59.299	0	0	
0	[SLPS]	0	774.199	-16.729	0	59.299	0	0	
0	[SLPS]	0	774.550	-16.518	0	59.302	0	0	
0	[SLPS]	0	774.550	-16.518	0	59.302	0	0	
0	[SLPS]	0	774.735	-16.410	0	59.307	0	0	
0	[SLPS]	0	774.923	-16.297	0	59.310	0	0	
0	[SLPS]	0	774.923	-16.297	0	59.310	0	0	
0	[SLPS]	0	775.284	-16.085	0	59.325	0	0	
0	[SLPS]	0	775.284	-16.085	0	59.325	0	0	
0	[SLPS]	0	775.457	-15.981	0	59.334	0	0	
0	[SLPS]	0	775.644	-15.881	0	59.356	0	0	
0	[SLPS]	0	775.644	-15.881	0	59.356	0	0	
0	[SLPS]	0	775.972	-15.645	0	59.315	0	0	
0	[SLPS]	0	775.972	-15.645	0	59.315	0	0	
0	[SLPS]	0	776.143	-15.532	0	59.310	0	0	
0	[SLPS]	0	776.301	-15.425	0	59.302	0	0	
0	[SLPS]	0	776.301	-15.425	0	59.302	0	0	
0	[SLPS]	0	776.624	-15.213	0	59.292	0	0	
0	[SLPS]	0	776.624	-15.213	0	59.292	0	0	
0	[SLPS]	0	776.787	-15.109	0	59.324	0	0	
0	[SLPS]	0	776.947	-15.020	0	59.337	0	0	
0	[SLPS]	0	777.091	-14.899	0	59.318	0	0	
0	[SLPS]	0	777.248	-14.797	0	59.327	0	0	
0	[SLPS]	0	777.248	-14.797	0	59.327	0	0	
0	[SLPS]	0	777.409	-14.711	0	59.348	0	0	
0	[SLPS]	0	777.557	-14.613	0	59.360	0	0	
0	[SLPS]	0	777.711	-14.514	0	59.373	0	0	
0	[SLPS]	0	777.874	-14.425	0	59.380	0	0	
0	[SLPS]	0	777.874	-14.425	0	59.380	0	0	
0	[SLPS]	0	778.192	-14.240	0	59.404	0	0	
0	[SLPS]	0	778.192	-14.240	0	59.404	0	0	
0	[SLPS]	0	778.351	-14.146	0	59.407	0	0	
0	[SLPS]	0	778.515	-14.062	0	59.421	0	0	
0	[SLPS]	0	778.515	-14.062	0	59.421	0	0	
0	[SLPS]	0	778.843	-13.881	0	59.442	0	0	
0	[SLPS]	0	778.843	-13.881	0	59.442	0	0	
0	[SLPS]	0	779.004	-13.804	0	59.478	0	0	
0	[SLPS]	0	779.172	-13.715	0	59.507	0	0	
0	[SLPS]	0	779.172	-13.715	0	59.507	0	0	
0	[SLPS]	0	779.493	-13.542	0	59.528	0	0	
0	[SLPS]	0	779.493	-13.542	0	59.528	0	0	
0	[SLPS]	0	779.649	-13.454	0	59.525	0	0	
0	[SLPS]	0	779.808	-13.366	0	59.532	0	0	
0	[SLPS]	0	779.808	-13.366	0	59.532	0	0	
0	[SLPS]	0	780.113	-13.187	0	59.544	0	0	
0	[SLPS]	0	780.113	-13.187	0	59.544	0	0	
0	[SLPS]	0	780.267	-13.100	0	59.549	0	0	
0	[SLPS]	0	780.433	-13.012	0	59.563	0	0	
0	[SLPS]	0	780.433	-13.012	0	59.563	0	0	
0	[SLPS]	0	780.726	-12.836	0	59.542	0	0	
0	[SLPS]	0	780.726	-12.836	0	59.542	0	0	
0	[SLPS]	0	780.873	-12.743	0	59.534	0	0	
0	[SLPS]	0	781.015	-12.653	0	59.539	0	0	
0	[SLPS]	0	781.015	-12.653	0	59.539	0	0	
0	[SLPS]	0	781.331	-12.478	0	59.577	0	0	
0	[SLPS]	0	781.331	-12.478	0	59.577	0	0	
0	[SLPS]	0	781.463	-12.400	0	59.569	0	0	
0	[SLPS]	0	781.616	-12.319	0	59.563	0	0	
0	[SLPS]	0	781.616	-12.319	0	59.563	0	0	
0	[SLPS]	0	781.904	-12.154	0	59.558	0	0	
0	[SLPS]	0	781.904	-12.154	0	59.558	0	0	
0	[SLPS]	0	782.033	-12.068	0	59.557	0	0	
0	[SLPS]	0	782.167	-11.978	0	59.563	0	0	
0	[SLPS]	0	782.167	-11.978	0	59.563	0	0	
0	[SLPS]	0	782.436	-11.817	0	59.564	0	0	
0	[SLPS]	0	782.436	-11.817	0	59.564	0	0	
0	[SLPS]	0	782.570	-11.744	0	59.563	0	0	
0	[SLPS]	0	782.710	-11.655	0	59.560	0	0	
0	[SLPS]	0	782.847	-11.578	0	59.571	0	0	
0	[SLPS]	0	782.988	-11.494	0	59.580	0	0	
0	[SLPS]	0	782.988	-11.494	0	59.580	0	0	
0	[SLPS]	0	783.270	-11.347	0	59.597	0	0	
0	[SLPS]	0	783.270	-11.347	0	59.597	0	0	
0	[SLPS]	0	783.409	-11.272	0	59.587	0	0	
0	[SLPS]	0	783.539	-11.194	0	59.560	0	0	
0	[SLPS]	0	783.539	-11.194	0	59.560	0	0	
0	[SLPS]	0	783.803	-11.030	0	59.528	0	0	
0	[SLPS]	0	783.803	-11.030	0	59.528	0	0	
0	[SLPS]	0	783.933	-10.945	0	59.516	0	0	
0	[SLPS]	0	784.053	-10.863	0	59.511	0	0	
0	[SLPS]	0	784.053	-10.863	0	59.511	0	0	
0	[SLPS]	0	784.331	-10.716	0	59.517	0	0	
0	[SLPS]	0	784.331	-10.716	0	59.517	0	0	
0	[SLPS]	0	784.462	-10.631	0	59.502	0	0	
0	[SLPS]	0	784.595	-10.554	0	59.496	0	0	
0	[SLPS]	0	784.595	-10.554	0	59.496	0	0	
0	[SLPS]	0	784.850	-10.402	0	59.476	0	0	
0	[SLPS]	0	784.850	-10.402	0	59.476	0	0	
0	[SLPS]	0	784.979	-10.325	0	59.473	0	0	
0	[SLPS]	0	785.118	-10.257	0	59.472	0	0	
0	[SLPS]	0	785.256	-10.186	0	59.471	0	0	
0	[SLPS]	0	785.385	-10.115	0	59.467	0	0	
0	[SLPS]	0	785.385	-10.115	0	59.467	0	0	
0	[SLPS]	0	785.658	-9.976	0	59.469	0	0	
0	[SLPS]	0	785.658	-9.976	0	59.469	0	0	
0	[SLPS]	0	785.774	-9.895	0	59.442	0	0	
0	[SLPS]	0	785.905	-9.822	0	59.434	0	0	
0	[SLPS]	0	785.905	-9.822	0	59.434	0	0	
0	[SLPS]	0	786.160	-9.680	0	59.418	0	0	
0	[SLPS]	0	786.160	-9.680	0	59.418	0	0	
0	[SLPS]	0	786.284	-9.596	0	59.409	0	0	
0	[SLPS]	0	786.410	-9.518	0	59.410	0	0	
0	[SLPS]	0	786.410	-9.518	0	59.410	0	0	
0	[SLPS]	0	786.665	-9.361	0	59.423	0	0	
0	[SLPS]	0	786.665	-9.361	0	59.423	0	0	
0	[SLPS]	0	786.779	-9.280	0	59.418	0	0	
0	[SLPS]	0	786.902	-9.204	0	59.423	0	0	
0	[SLPS]	0	787.017	-9.126	0	59.416	0	0	
0	[SLPS]	0	787.124	-9.068	0	59.417	0	0	
0	[SLPS]	0	787.124	-9.068	0	59.417	0	0	
0	[SLPS]	0	787.363	-8.925	0	59.412	0	0	
0	[SLPS]	0	787.363	-8.925	0	59.412	0	0	
0	[SLPS]	0	787.363	-8.925	0	59.412	0	0	
0	[SLPS]	0	787.592	-8.795	0	59.423	0	0	
0	[SLPS]	0	787.592	-8.795	0	59.423	0	0	
0	[SLPS]	0	787.707	-8.728	0	59.417	0	0	
0	[SLPS]	0	787.835	-8.651	0	59.412	0	0	
0	[SLPS]	0	787.948	-8.591	0	59.413	0	0	
0	[SLPS]	0	788.071	-8.524	0	59.414	0	0	
0	[SLPS]	0	788.071	-8.524	0	59.414	0	0	
0	[SLPS]	0	788.200	-8.452	0	59.415	0	0	
0	[SLPS]	0	788.318	-8.381	0	59.412	0	0	
0	[SLPS]	0	788.439	-8.325	0	59.417	0	0	
0	[SLPS]	0	788.559	-8.259	0	59.419	0	0	
0	[SLPS]	0	788.559	-8.259	0	59.419	0	0	
0	[SLPS]	0	788.675	-8.194	0	59.417	0	0	
0	[SLPS]	0	788.781	-8.121	0	59.410	0	0	
0	[SLPS]	0	788.895	-8.064	0	59.417	0	0	
0	[SLPS]	0	789.003	-7.990	0	59.410	0	0	
0	[SLPS]	0	789.003	-7.990	0	59.410	0	0	
0	[SLPS]	0	789.220	-7.861	0	59.416	0	0	
0	[SLPS]	0	789.220	-7.861	0	59.416	0	0	
0	[SLPS]	0	789.324	-7.805	0	59.419	0	0	
0	[SLPS]	0	789.429	-7.743	0	59.402	0	0	
0	[SLPS]	0	789.429	-7.743	0	59.402	0	0	
0	[SLPS]	0	789.651	-7.639	0	59.413	0	0	
0	[SLPS]	0	789.651	-7.639	0	59.413	0	0	
0	[SLPS]	0	789.651	-7.639	0	59.413	0	0	
0	[SLPS]	0	789.841	-7.544	0	59.420	0	0	
0	[SLPS]	0	789.841	-7.544	0	59.420	0	0	
0	[SLPS]	0	789.924	-7.489	0	59.413	0	0	
0	[SLPS]	0	790.026	-7.434	0	59.416	0	0	
0	[SLPS]	0	790.026	-7.434	0	59.416	0	0	
0	[SLPS]	0	790.188	-7.305	0	59.401	0	0	
0	[SLPS]	0	790.188	-7.305	0	59.401	0	0	
0	[SLPS]	0	790.357	-7.196	0	59.423	0	0	
0	[SLPS]	0	790.357	-7.196	0	59.423	0	0	
0	[SLPS]	0	790.357	-7.196	0	59.423	0	0	
0	[SLPS]	0	790.522	-7.078	0	59.416	0	0	
0	[SLPS]	0	790.522	-7.078	0	59.416	0	0	
0	[SLPS]	0	790.686	-6.981	0	59.421	0	0	
0	[SLPS]	0	790.686	-6.981	0	59.421	0	0	
0	[SLPS]	0	790.760	-6.937	0	59.418	0	0	
0	[SLPS]	0	790.843	-6.893	0	59.418	0	0	
0	[SLPS]	0	790.843	-6.893	0	59.418	0	0	
0	[SLPS]	0	790.992	-6.804	0	59.418	0	0	
0	[SLPS]	0	790.992	-6.804	0	59.418	0	0	
0	[SLPS]	0	791.062	-6.766	0	59.423	0	0	
0	[SLPS]	0	791.131	-6.724	0	59.421	0	0	
0	[SLPS]	0	791.131	-6.724	0	59.421	0	0	
0	[SLPS]	0	791.241	-6.646	0	59.409	0	0	
0	[SLPS]	0	791.241	-6.646	0	59.409	0	0	
0	[SLPS]	0	791.301	-6.608	0	59.419	0	0	
0	[SLPS]	0	791.379	-6.549	0	59.411	0	0	
0	[SLPS]	0	791.379	-6.549	0	59.411	0	0	
0	[SLPS]	0	791.501	-6.471	0	59.407	0	0	
0	[SLPS]	0	791.501	-6.471	0	59.407	0	0	
0	[SLPS]	0	791.559	-6.433	0	59.417	0	0	
0	[SLPS]	0	791.643	-6.391	0	59.418	0	0	
0	[SLPS]	0	791.643	-6.391	0	59.418	0	0	
0	[SLPS]	0	791.766	-6.330	0	59.427	0	0	
0	[SLPS]	0	791.766	-6.330	0	59.427	0	0	
0	[SLPS]	0	791.829	-6.296	0	59.431	0	0	
0	[SLPS]	0	791.894	-6.258	0	59.433	0	0	
0	[SLPS]	0	791.950	-6.224	0	59.428	0	0	
0	[SLPS]	0	791.994	-6.204	0	59.417	0	0	
0	[SLPS]	0	791.994	-6.204	0	59.417	0	0	
0	[SLPS]	0	792.092	-6.154	0	59.414	0	0	
0	[SLPS]	0	792.092	-6.154	0	59.414	0	0	
0	[SLPS]	0	792.132	-6.126	0	59.415	0	0	
0	[SLPS]	0	792.161	-6.092	0	59.423	0	0	
0	[SLPS]	0	792.161	-6.092	0	59.423	0	0	
0	[SLPS]	0	792.205	-6.081	0	59.434	0	0	
0	[SLPS]	0	792.236	-6.065	0	59.434	0	0	
0	[SLPS]	0	792.276	-6.040	0	59.431	0	0	
0	[SLPS]	0	792.310	-6.028	0	59.427	0	0	
0	[SLPS]	0	792.310	-6.028	0	59.427	0	0	
0	[SLPS]	0	792.361	-6.012	0	59.425	0	0	
0	[SLPS]	0	792.361	-6.012	0	59.425	0	0	
0	[SLPS]	0	792.383	-6.008	0	59.428	0	0	
0	[SLPS]	0	792.412	-5.999	0	59.427	0	0	
0	[SLPS]	0	792.412	-5.999	0	59.427	0	0	
0	[SLPS]	0	792.453	-5.993	0	59.426	0	0	
0	[SLPS]	0	792.453	-5.993	0	59.426	0	0	
0	[SLPS]	0	792.472	-5.988	0	59.425	0	0	
0	[SLPS]	0	792.482	-5.980	0	59.425	0	0	
0	[SLPS]	0	792.482	-5.980	0	59.425	0	0	
0	[SLPS]	0	792.512	-5.968	0	59.426	0	0	
0	[SLPS]	0	792.512	-5.968	0	59.426	0	0	
0	[SLPS]	0	792.523	-5.957	0	59.422	0	0	
0	[SLPS]	0	792.542	-5.949	0	59.415	0	0	
0	[SLPS]	0	792.542	-5.949	0	59.415	0	0	
0	[SLPS]	0	792.550	-5.932	0	59.417	0	0	
0	[SLPS]	0	792.550	-5.932	0	59.417	0	0	
0	[SLPS]	0	792.554	-5.930	0	59.420	0	0	
0	[SLPS]	0	792.552	-5.920	0	59.424	0	0	
0	[SLPS]	0	792.547	-5.926	0	59.423	0	0	
0	[SLPS]	0	792.544	-5.918	0	59.421	0	0	
0	[SLPS]	0	792.544	-5.918	0	59.421	0	0	
0	[SLPS]	0	792.518	-5.938	0	59.421	0	0	
0	[SLPS]	0	792.518	-5.938	0	59.421	0	0	
0	[SLPS]	0	792.506	-5.943	0	59.423	0	0	
0	[SLPS]	0	792.501	-5.940	0	59.427	0	0	
0	[SLPS]	0	792.501	-5.940	0	59.427	0	0	
0	[SLPS]	0	792.495	-5.944	0	59.426	0	0	
0	[SLPS]	0	792.494	-5.944	0	59.429	0	0	
0	[SLPS]	0	792.498	-5.939	0	59.427	0	0	
0	[SLPS]	0	792.500	-5.937	0	59.424	0	0	
0	[SLPS]	0	792.500	-5.937	0	59.424	0	0	
0	[SLPS]	0	792.512	-5.931	0	59.425	0	0	
0	[SLPS]	0	792.512	-5.931	0	59.425	0	0	
0	[SLPS]	0	792.516	-5.928	0	59.426	0	0	
0	[SLPS]	0	792.519	-5.928	0	59.428	0	0	
0	[SLPS]	0	792.519	-5.928	0	59.428	0	0	
0	[SLPS]	0	792.524	-5.926	0	59.418	0	0	
0	[SLPS]	0	792.524	-5.926	0	59.418	0	0	
0	[SLPS]	0	792.526	-5.926	0	59.416	0	0	
0	[SLPS]	0	792.529	-5.925	0	59.417	0	0	
0	[SLPS]	0	792.529	-5.925	0	59.417	0	0	
0	[SLPS]	0	792.529	-5.927	0	59.418	0	0	
0	[SLPS]	0	792.529	-5.927	0	59.418	0	0	
0	[SLPS]	0	792.526	-5.925	0	59.417	0	0	
0	[SLPS]	0	792.525	-5.926	0	59.414	0	0	
0	[SLPS]	0	792.525	-5.926	0	59.414	0	0	
0	[SLPS]	0	792.523	-5.927	0	59.411	0	0	
0	[SLPS]	0	792.523	-5.927	0	59.411	0	0	
0	[SLPS]	0	792.521	-5.930	0	59.413	0	0	
0	[SLPS]	0	792.519	-5.931	0	59.415	0	0	
0	[SLPS]	0	792.519	-5.931	0	59.415	0	0	
0	[SLPS]	0	792.518	-5.938	0	59.412	0	0	
0	[SLPS]	0	792.518	-5.938	0	59.412	0	0	
0	[SLPS]	0	792.517	-5.935	0	59.413	0	0	
0	[SLPS]	0	792.517	-5.935	0	59.413	0	0	
0	[SLPS]	0	792.517	-5.935	0	59.414	0	0	
0	[SLPS]	0	792.515	-5.936	0	59.413	0	0	
0	[SLPS]	0	792.515	-5.936	0	59.413	0	0	
0	[SLPS]	0	792.516	-5.936	0	59.409	0	0	
0	[SLPS]	0	792.516	-5.936	0	59.409	0	0	
0	[SLPS]	0	792.514	-5.937	0	59.411	0	0	
0	[SLPS]	0	792.512	-5.937	0	59.412	0	0	
0	[SLPS]	0	792.512	-5.937	0	59.412	0	0	
0	[SLPS]	0	792.514	-5.937	0	59.408	0	0	
0	[SLPS]	0	792.514	-5.937	0	59.408	0	0	
0	[SLPS]	0	792.514	-5.939	0	59.404	0	0	
0	[SLPS]	0	792.515	-5.937	0	59.404	0	0	
0	[SLPS]	0	792.515	-5.937	0	59.404	0	0	
0	[SLPS]	0	792.516	-5.937	0	59.405	0	0	
0	[SLPS]	0	792.516	-5.937	0	59.405	0	0	
0	[SLPS]	0	792.514	-5.937	0	59.406	0	0	
0	[SLPS]	0	792.513	-5.934	0	59.404	0	0	
0	[SLPS]	0	792.513	-5.934	0	59.404	0	0	
0	[SLPS]	0	792.512	-5.941	0	59.405	0	0	
0	[SLPS]	0	792.512	-5.941	0	59.405	0	0	
0	[SLPS]	0	792.515	-5.940	0	59.404	0	0	
0	[SLPS]	0	792.514	-5.942	0	59.403	0	0	
0	[SLPS]	0	792.514	-5.942	0	59.403	0	0	
0	[SLPS]	0	792.514	-5.943	0	59.399	0	0	
0	[SLPS]	0	792.514	-5.943	0	59.399	0	0	
0	[SLPS]	0	792.515	-5.943	0	59.400	0	0	
0	[SLPS]	0	792.512	-5.943	0	59.402	0	0	
0	[SLPS]	0	792.512	-5.943	0	59.402	0	0	
0	[SLPS]	0	792.513	-5.943	0	59.399	0	0	
0	[SLPS]	0	792.513	-5.943	0	59.399	0	0	
0	[SLPS]	0	792.514	-5.943	0	59.396	0	0	
0	[SLPS]	0	792.512	-5.942	0	59.394	0	0	
0	[SLPS]	0	792.512	-5.942	0	59.394	0	0	
0	[SLPS]	0	792.512	-5.942	0	59.395	0	0	
0	[SLPS]	0	792.512	-5.942	0	59.395	0	0	
0	[SLPS]	0	792.512	-5.943	0	59.394	0	0	
0	[SLPS]	0	792.512	-5.941	0	59.392	0	0	
0	[SLPS]	0	792.512	-5.941	0	59.392	0	0	
0	[SLPS]	0	792.510	-5.940	0	59.392	0	0	
0	[SLPS]	0	792.510	-5.940	0	59.392	0	0	
0	[SLPS]	0	792.510	-5.922	0	59.391	0	0	
0	[SLPS]	0	792.510	-5.917	0	59.389	0	0	
0	[SLPS]	0	792.510	-5.917	0	59.389	0	0	
0	[SLPS]	0	792.510	-5.912	0	59.389	0	0	
0	[SLPS]	0	792.510	-5.909	0	59.388	0	0	
0	[SLPS]	0	792.510	-5.909	0	59.388	0	0	
0	[SLPS]	0	792.511	-5.906	0	59.390	0	0	
0	[SLPS]	0	792.511	-5.906	0	59.390	0	0	
0	[SLPS]	0	792.509	-5.907	0	59.391	0	0	
0	[SLPS]	0	792.509	-5.907	0	59.392	0	0	
0	[SLPS]	0	792.511	-5.909	0	59.390	0	0	
0	[SLPS]	0	792.512	-5.912	0	59.388	0	0	
0	[SLPS]	0	792.512	-5.912	0	59.388	0	0	
0	[SLPS]	0	792.512	-5.914	0	59.391	0	0	
0	[SLPS]	0	792.512	-5.914	0	59.391	0	0	
0	[SLPS]	0	792.512	-5.917	0	59.389	0	0	
0	[SLPS]	0	792.511	-5.917	0	59.387	0	0	
0	[SLPS]	0	792.511	-5.917	0	59.387	0	0	
0	[SLPS]	0	792.513	-5.920	0	59.388	0	0	
0	[SLPS]	0	792.513	-5.920	0	59.388	0	0	
0	[SLPS]	0	792.513	-5.922	0	59.387	0	0	
0	[SLPS]	0	792.512	-5.922	0	59.388	0	0	
0	[SLPS]	0	792.512	-5.922	0	59.388	0	0	
0	[SLPS]	0	792.510	-5.922	0	59.380	0	0	
0	[SLPS]	0	792.510	-5.922	0	59.380	0	0	
0	[SLPS]	0	792.511	-5.923	0	59.380	0	0	
0	[SLPS]	0	792.510	-5.924	0	59.382	0	0	
0	[SLPS]	0	792.510	-5.924	0	59.382	0	0	
0	[SLPS]	0	792.510	-5.921	0	59.375	0	0	
0	[SLPS]	0	792.510	-5.921	0	59.375	0	0	
0	[SLPS]	0	792.518	-5.927	0	59.374	0	0	
0	[SLPS]	0	792.519	-5.929	0	59.376	0	0	
0	[SLPS]	0	792.519	-5.929	0	59.376	0	0	
0	[SLPS]	0	792.523	-5.930	0	59.376	0	0	
0	[SLPS]	0	792.523	-5.930	0	59.376	0	0	
0	[SLPS]	0	792.525	-5.931	0	59.375	0	0	
0	[SLPS]	0	792.523	-5.928	0	59.375	0	0	
0	[SLPS]	0	792.523	-5.928	0	59.375	0	0	
0	[SLPS]	0	792.520	-5.926	0	59.378	0	0	
0	[SLPS]	0	792.520	-5.926	0	59.378	0	0	
0	[SLPS]	0	792.520	-5.926	0	59.381	0	0	
0	[SLPS]	0	792.520	-5.924	0	59.381	0	0	
0	[SLPS]	0	792.520	-5.924	0	59.381	0	0	
0	[SLPS]	0	792.516	-5.922	0	59.374	0	0	
0	[SLPS]	0	792.516	-5.922	0	59.374	0	0	
0	[SLPS]	0	792.516	-5.923	0	59.374	0	0	
0	[SLPS]	0	792.517	-5.925	0	59.376	0	0	
0	[SLPS]	0	792.517	-5.925	0	59.376	0	0	
0	[SLPS]	0	792.516	-5.924	0	59.372	0	0	
0	[SLPS]	0	792.516	-5.924	0	59.372	0	0	
0	[SLPS]	0	792.517	-5.923	0	59.371	0	0	
0	[SLPS]	0	792.517	-5.924	0	59.370	0	0	
0	[SLPS]	0	792.517	-5.924	0	59.370	0	0	
0	[SLPS]	0	792.514	-5.905	0	59.370	0	0	
0	[SLPS]	0	792.514	-5.905	0	59.370	0	0	
0	[SLPS]	0	792.513	-5.902	0	59.370	0	0	
0	[SLPS]	0	792.513	-5.899	0	59.367	0	0	
0	[SLPS]	0	792.513	-5.899	0	59.367	0	0	
0	[SLPS]	0	792.512	-5.895	0	59.372	0	0	
0	[SLPS]	0	792.512	-5.895	0	59.372	0	0	
0	[SLPS]	0	792.512	-5.893	0	59.371	0	0	
0	[SLPS]	0	792.514	-5.896	0	59.369	0	0	
0	[SLPS]	0	792.514	-5.896	0	59.369	0	0	
0	[SLPS]	0	792.512	-5.900	0	59.366	0	0	
0	[SLPS]	0	792.512	-5.900	0	59.366	0	0	
0	[SLPS]	0	792.514	-5.899	0	59.367	0	0	
0	[SLPS]	0	792.515	-5.901	0	59.367	0	0	
0	[SLPS]	0	792.515	-5.901	0	59.367	0	0	
0	[SLPS]	0	792.513	-5.904	0	59.363	0	0	
0	[SLPS]	0	792.513	-5.904	0	59.363	0	0	
0	[SLPS]	0	792.514	-5.904	0	59.361	0	0	
0	[SLPS]	0	792.514	-5.905	0	59.361	0	0	
0	[SLPS]	0	792.514	-5.907	0	59.364	0	0	
0	[SLPS]	0	792.514	-5.908	0	59.364	0	0	
0	[SLPS]	0	792.514	-5.908	0	59.364	0	0	
0	[SLPS]	0	792.511	-5.912	0	59.363	0	0	
0	[SLPS]	0	792.511	-5.912	0	59.363	0	0	
0	[SLPS]	0	792.512	-5.913	0	59.362	0	0	
0	[SLPS]	0	792.513	-5.911	0	59.363	0	0	
0	[SLPS]	0	792.513	-5.911	0	59.363	0	0	
0	[SLPS]	0	792.510	-5.911	0	59.365	0	0	
0	[SLPS]	0	792.510	-5.911	0	59.365	0	0	
0	[SLPS]	0	792.510	-5.912	0	59.363	0	0	
0	[SLPS]	0	792.511	-5.911	0	59.363	0	0	
0	[SLPS]	0	792.511	-5.911	0	59.363	0	0	
0	[SLPS]	0	792.511	-5.910	0	59.366	0	0	
0	[SLPS]	0	792.511	-5.910	0	59.366	0	0	
0	[SLPS]	0	792.511	-5.911	0	59.369	0	0	
0	[SLPS]	0	792.512	-5.912	0	59.367	0	0	
0	[SLPS]	0	792.512	-5.912	0	59.367	0	0	
0	[SLPS]	0	792.512	-5.912	0	59.366	0	0	
0	[SLPS]	0	792.512	-5.912	0	59.366	0	0	
0	[SLPS]	0	792.512	-5.909	0	59.365	0	0	
0	[SLPS]	0	792.512	-5.909	0	59.365	0	0	
0	[SLPS]	0	792.512	-5.911	0	59.359	0	0	
0	[SLPS]	0	792.513	-5.911	0	59.358	0	0	
0	[SLPS]	0	792.513	-5.911	0	59.358	0	0	
0	[SLPS]	0	792.511	-5.909	0	59.359	0	0	
0	[SLPS]	0	792.511	-5.909	0	59.359	0	0	
0	[SLPS]	0	792.512	-5.908	0	59.360	0	0	
0	[SLPS]	0	792.512	-5.911	0	59.359	0	0	
0	[SLPS]	0	792.512	-5.911	0	59.359	0	0	
0	[SLPS]	0	792.512	-5.912	0	59.354	0	0	
0	[SLPS]	0	792.512	-5.912	0	59.354	0	0	
0	[SLPS]	0	792.512	-5.911	0	59.354	0	0	
0	[SLPS]	0	792.513	-5.913	0	59.353	0	0	
0	[SLPS]	0	792.513	-5.913	0	59.353	0	0	
0	[SLPS]	0	792.513	-5.911	0	59.349	0	0	
0	[SLPS]	0	792.513	-5.911	0	59.349	0	0	
0	[SLPS]	0	792.513	-5.911	0	59.346	0	0	
0	[SLPS]	0	792.513	-5.912	0	59.347	0	0	
0	[SLPS]	0	792.513	-5.912	0	59.347	0	0	
0	[SLPS]	0	792.515	-5.914	0	59.350	0	0	
0	[SLPS]	0	792.515	-5.914	0	59.350	0	0	
0	[SLPS]	0	792.514	-5.912	0	59.350	0	0	
0	[SLPS]	0	792.513	-5.911	0	59.350	0	0	
0	[SLPS]	0	792.513	-5.911	0	59.350	0	0	
0	[SLPS]	0	792.514	-5.912	0	59.354	0	0	
0	[SLPS]	0	792.514	-5.912	0	59.354	0	0	
0	[SLPS]	0	792.513	-5.912	0	59.351	0	0	
0	[SLPS]	0	792.512	-5.912	0	59.348	0	0	
0	[SLPS]	0	792.512	-5.912	0	59.348	0	0	
0	[SLPS]	0	792.513	-5.911	0	59.351	0	0	
0	[SLPS]	0	792.513	-5.911	0	59.351	0	0	
0	[SLPS]	0	792.515	-5.911	0	59.352	0	0	
0	[SLPS]	0	792.515	-5.912	0	59.352	0	0	
0	[SLPS]	0	792.513	-5.913	0	59.351	0	0	
0	[SLPS]	0	792.513	-5.911	0	59.349	0	0	
0	[SLPS]	0	792.513	-5.911	0	59.349	0	0	
0	[SLPS]	0	792.515	-5.910	0	59.348	0	0	
0	[SLPS]	0	792.514	-5.909	0	59.350	0	0	
0	[SLPS]	0	792.514	-5.909	0	59.350	0	0	
0	[SLPS]	0	792.515	-5.911	0	59.348	0	0	
0	[SLPS]	0	792.515	-5.911	0	59.348	0	0	
0	[SLPS]	0	792.515	-5.911	0	59.346	0	0	
0	[SLPS]	0	792.515	-5.912	0	59.345	0	0	
0	[SLPS]	0	792.515	-5.912	0	59.345	0	0	
0	[SLPS]	0	792.514	-5.911	0	59.347	0	0	
0	[SLPS]	0	792.514	-5.911	0	59.347	0	0	
0	[SLPS]	0	792.514	-5.911	0	59.344	0	0	
0	[SLPS]	0	792.515	-5.912	0	59.343	0	0	
0	[SLPS]	0	792.515	-5.912	0	59.345	0	0	
0	[SLPS]	0	792.513	-5.912	0	59.345	0	0	
0	[SLPS]	0	792.513	-5.912	0	59.345	0	0	
0	[SLPS]	0	792.515	-5.912	0	59.342	0	0	
0	[SLPS]	0	792.515	-5.912	0	59.342	0	0	
0	[SLPS]	0	792.514	-5.911	0	59.342	0	0	
0	[SLPS]	0	792.514	-5.910	0	59.344	0	0	
0	[SLPS]	0	792.514	-5.910	0	59.344	0	0	
0	[SLPS]	0	792.514	-5.912	0	59.347	0	0	
0	[SLPS]	0	792.514	-5.912	0	59.347	0	0	
0	[SLPS]	0	792.512	-5.915	0	59.346	0	0	
0	[SLPS]	0	792.511	-5.913	0	59.344	0	0	
0	[SLPS]	0	792.511	-5.913	0	59.344	0	0	
0	[SLPS]	0	792.512	-5.915	0	59.341	0	0	
0	[SLPS]	0	792.512	-5.915	0	59.341	0	0	
0	[SLPS]	0	792.511	-5.913	0	59.345	0	0	
0	[SLPS]	0	792.511	-5.913	0	59.346	0	0	
0	[SLPS]	0	792.511	-5.913	0	59.346	0	0	
0	[SLPS]	0	792.512	-5.912	0	59.342	0	0	
0	[SLPS]	0	792.512	-5.912	0	59.342	0	0	
0	[SLPS]	0	792.512	-5.913	0	59.344	0	0	
0	[SLPS]	0	792.512	-5.913	0	59.347	0	0	
0	[SLPS]	0	792.513	-5.912	0	59.346	0	0	
0	[SLPS]	0	792.514	-5.912	0	59.344	0	0	
0	[SLPS]	0	792.514	-5.912	0	59.344	0	0	
0	[SLPS]	0	792.513	-5.913	0	59.342	0	0	
0	[SLPS]	0	792.513	-5.912	0	59.344	0	0	
0	[SLPS]	0	792.513	-5.911	0	59.347	0	0	
0	[SLPS]	0	792.514	-5.912	0	59.343	0	0	
0	[SLPS]	0	792.514	-5.912	0	59.343	0	0	
0	[SLPS]	0	792.511	-5.912	0	59.341	0	0	
0	[SLPS]	0	792.511	-5.912	0	59.341	0	0	
0	[SLPS]	0	792.511	-5.912	0	59.341	0	0	
0	[SLPS]	0	792.512	-5.911	0	59.342	0	0	
0	[SLPS]	0	792.512	-5.911	0	59.342	0	0	
0	[SLPS]	0	792.512	-5.912	0	59.341	0	0	
0	[SLPS]	0	792.512	-5.912	0	59.341	0	0	
0	[SLPS]	0	792.514	-5.912	0	59.340	0	0	
0	[SLPS]	0	792.515	-5.914	0	59.338	0	0	
0	[SLPS]	0	792.515	-5.914	0	59.338	0	0	
0	[SLPS]	0	792.512	-5.911	0	59.340	0	0	
0	[SLPS]	0	792.512	-5.911	0	59.340	0	0	
0	[SLPS]	0	792.512	-5.911	0	59.340	0	0	
0	[SLPS]	0	792.513	-5.912	0	59.338	0	0	
0	[SLPS]	0	792.513	-5.912	0	59.338	0	0	
0	[SLPS]	0	792.512	-5.912	0	59.340	0	0	
0	[SLPS]	0	792.512	-5.912	0	59.340	0	0	
0	[SLPS]	0	792.512	-5.912	0	59.339	0	0	
0	[SLPS]	0	792.514	-5.912	0	59.340	0	0	
0	[SLPS]	0	792.514	-5.912	0	59.340	0	0	
0	[SLPS]	0	792.514	-5.910	0	59.340	0	0	
0	[SLPS]	0	792.514	-5.910	0	59.340	0	0	
0	[SLPS]	0	792.512	-5.909	0	59.339	0	0	
0	[SLPS]	0	792.513	-5.909	0	59.336	0	0	
0	[SLPS]	0	792.513	-5.909	0	59.336	0	0	
0	[SLPS]	0	792.513	-5.911	0	59.336	0	0	
0	[SLPS]	0	792.513	-5.911	0	59.336	0	0	
0	[SLPS]	0	792.512	-5.911	0	59.333	0	0	
0	[SLPS]	0	792.514	-5.910	0	59.333	0	0	
0	[SLPS]	0	792.514	-5.910	0	59.333	0	0	
0	[SLPS]	0	792.513	-5.906	0	59.337	0	0	
0	[SLPS]	0	792.513	-5.906	0	59.337	0	0	
0	[SLPS]	0	792.513	-5.908	0	59.336	0	0	
0	[SLPS]	0	792.513	-5.908	0	59.336	0	0	
0	[SLPS]	0	792.512	-5.905	0	59.335	0	0	
0	[SLPS]	0	792.513	-5.905	0	59.336	0	0	
0	[SLPS]	0	792.513	-5.905	0	59.336	0	0	
0	[SLPS]	0	792.511	-5.907	0	59.337	0	0	
0	[SLPS]	0	792.511	-5.907	0	59.337	0	0	
0	[SLPS]	0	792.512	-5.904	0	59.336	0	0	
0	[SLPS]	0	792.513	-5.905	0	59.338	0	0	
0	[SLPS]	0	792.513	-5.905	0	59.338	0	0	
0	[SLPS]	0	792.512	-5.906	0	59.343	0	0	
0	[SLPS]	0	792.512	-5.906	0	59.343	0	0	
0	[SLPS]	0	792.512	-5.906	0	59.345	0	0	
0	[SLPS]	0	792.512	-5.905	0	59.344	0	0	
0	[SLPS]	0	792.512	-5.905	0	59.344	0	0	
0	[SLPS]	0	792.512	-5.908	0	59.344	0	0	
0	[SLPS]	0	792.512	-5.909	0	59.346	0	0	
0	[SLPS]	0	792.512	-5.907	0	59.342	0	0	
0	[SLPS]	0	792.511	-5.906	0	59.340	0	0	
0	[SLPS]	0	792.511	-5.906	0	59.340	0	0	
0	[SLPS]	0	792.512	-5.908	0	59.340	0	0	
0	[SLPS]	0	792.512	-5.908	0	59.340	0	0	
0	[SLPS]	0	792.512	-5.908	0	59.339	0	0	
0	[SLPS]	0	792.513	-5.909	0	59.340	0	0	
0	[SLPS]	0	792.513	-5.909	0	59.340	0	0	
0	[SLPS]	0	792.513	-5.911	0	59.338	0	0	
0	[SLPS]	0	792.513	-5.911	0	59.338	0	0	
0	[SLPS]	0	792.513	-5.910	0	59.335	0	0	
0	[SLPS]	0	792.512	-5.912	0	59.336	0	0	
0	[SLPS]	0	792.512	-5.912	0	59.336	0	0	
0	[SLPS]	0	792.512	-5.911	0	59.336	0	0	
0	[SLPS]	0	792.512	-5.911	0	59.336	0	0	
0	[SLPS]	0	792.512	-5.910	0	59.332	0	0	
0	[SLPS]	0	792.512	-5.911	0	59.332	0	0	
0	[SLPS]	0	792.512	-5.911	0	59.332	0	0	
0	[SLPS]	0	792.512	-5.910	0	59.332	0	0	
0	[SLPS]	0	792.512	-5.910	0	59.332	0	0	
0	[SLPS]	0	792.511	-5.911	0	59.332	0	0	
0	[SLPS]	0	792.512	-5.911	0	59.333	0	0	
0	[SLPS]	0	792.512	-5.911	0	59.333	0	0	
0	[SLPS]	0	792.514	-5.910	0	59.333	0	0	
0	[SLPS]	0	792.514	-5.910	0	59.333	0	0	
0	[SLPS]	0	792.514	-5.909	0	59.330	0	0	
0	[SLPS]	0	792.513	-5.907	0	59.331	0	0	
0	[SLPS]	0	792.513	-5.907	0	59.331	0	0	
0	[SLPS]	0	792.515	-5.910	0	59.331	0	0	
0	[SLPS]	0	792.515	-5.910	0	59.331	0	0	
0	[SLPS]	0	792.515	-5.912	0	59.329	0	0	
0	[SLPS]	0	792.514	-5.913	0	59.330	0	0	
0	[SLPS]	0	792.514	-5.913	0	59.330	0	0	
0	[SLPS]	0	792.515	-5.913	0	59.328	0	0	
0	[SLPS]	0	792.515	-5.913	0	59.328	0	0	
0	[SLPS]	0	792.515	-5.913	0	59.325	0	0	
0	[SLPS]	0	792.515	-5.914	0	59.326	0	0	
0	[SLPS]	0	792.515	-5.914	0	59.331	0	0	
0	[SLPS]	0	792.514	-5.912	0	59.332	0	0	
0	[SLPS]	0	792.514	-5.912	0	59.332	0	0	
0	[SLPS]	0	792.513	-5.913	0	59.330	0	0	
0	[SLPS]	0	792.513	-5.912	0	59.331	0	0	
0	[SLPS]	0	792.513	-5.913	0	59.331	0	0	
0	[SLPS]	0	792.514	-5.914	0	59.334	0	0	
0	[SLPS]	0	792.514	-5.914	0	59.334	0	0	
0	[SLPS]	0	792.514	-5.912	0	59.332	0	0	
0	[SLPS]	0	792.514	-5.911	0	59.330	0	0	
0	[SLPS]	0	792.513	-5.911	0	59.329	0	0	
0	[SLPS]	0	792.512	-5.913	0	59.326	0	0	
0	[SLPS]	0	792.512	-5.913	0	59.326	0	0	
0	[SLPS]	0	792.513	-5.914	0	59.327	0	0	
0	[SLPS]	0	792.515	-5.914	0	59.322	0	0	
0	[SLPS]	0	792.516	-5.914	0	59.323	0	0	
0	[SLPS]	0	792.515	-5.914	0	59.323	0	0	
0	[SLPS]	0	792.515	-5.914	0	59.323	0	0	
0	[SLPS]	0	792.515	-5.913	0	59.319	0	0	
0	[SLPS]	0	792.515	-5.914	0	59.320	0	0	
0	[SLPS]	0	792.516	-5.916	0	59.321	0	0	
0	[SLPS]	0	792.516	-5.914	0	59.320	0	0	
0	[SLPS]	0	792.516	-5.914	0	59.320	0	0	
0	[SLPS]	0	792.517	-5.913	0	59.317	0	0	
0	[SLPS]	0	792.517	-5.913	0	59.317	0	0	
0	[SLPS]	0	792.517	-5.913	0	59.317	0	0	
0	[SLPS]	0	792.517	-5.916	0	59.316	0	0	
0	[SLPS]	0	792.517	-5.916	0	59.316	0	0	
0	[SLPS]	0	792.514	-5.912	0	59.316	0	0	
0	[SLPS]	0	792.514	-5.912	0	59.316	0	0	
0	[SLPS]	0	792.514	-5.912	0	59.315	0	0	
0	[SLPS]	0	792.513	-5.915	0	59.314	0	0	
0	[SLPS]	0	792.513	-5.915	0	59.314	0	0	
0	[SLPS]	0	792.516	-5.914	0	59.320	0	0	
0	[SLPS]	0	792.516	-5.914	0	59.320	0	0	
0	[SLPS]	0	792.516	-5.917	0	59.319	0	0	
0	[SLPS]	0	792.515	-5.917	0	59.316	0	0	
0	[SLPS]	0	792.515	-5.917	0	59.316	0	0	
0	[SLPS]	0	792.515	-5.914	0	59.309	0	0	
0	[SLPS]	0	792.515	-5.914	0	59.309	0	0	
0	[SLPS]	0	792.514	-5.914	0	59.310	0	0	
0	[SLPS]	0	792.514	-5.915	0	59.307	0	0	
0	[SLPS]	0	792.514	-5.915	0	59.307	0	0	
0	[SLPS]	0	792.516	-5.916	0	59.303	0	0	
0	[SLPS]	0	792.516	-5.916	0	59.303	0	0	
0	[SLPS]	0	792.515	-5.915	0	59.303	0	0	
0	[SLPS]	0	792.514	-5.914	0	59.304	0	0	
0	[SLPS]	0	792.514	-5.914	0	59.304	0	0	
0	[SLPS]	0	792.514	-5.913	0	59.301	0	0	
0	[SLPS]	0	792.514	-5.913	0	59.301	0	0	
0	[SLPS]	0	792.513	-5.913	0	59.301	0	0	
0	[SLPS]	0	792.512	-5.914	0	59.301	0	0	
0	[SLPS]	0	792.512	-5.914	0	59.301	0	0	
0	[SLPS]	0	792.512	-5.913	0	59.299	0	0	
0	[SLPS]	0	792.512	-5.913	0	59.299	0	0	
0	[SLPS]	0	792.512	-5.913	0	59.298	0	0	
0	[SLPS]	0	792.512	-5.912	0	59.296	0	0	
0	[SLPS]	0	792.512	-5.912	0	59.296	0	0	
0	[SLPS]	0	792.510	-5.913	0	59.297	0	0	
0	[SLPS]	0	792.510	-5.913	0	59.297	0	0	
0	[SLPS]	0	792.511	-5.912	0	59.299	0	0	
0	[SLPS]	0	792.512	-5.911	0	59.299	0	0	
0	[SLPS]	0	792.513	-5.912	0	59.297	0	0	
0	[SLPS]	0	792.514	-5.912	0	59.295	0	0	
0	[SLPS]	0	792.514	-5.912	0	59.295	0	0	
0	[SLPS]	0	792.514	-5.914	0	59.296	0	0	
0	[SLPS]	0	792.512	-5.914	0	59.296	0	0	
0	[SLPS]	0	792.513	-5.913	0	59.295	0	0	
0	[SLPS]	0	792.515	-5.913	0	59.292	0	0	
0	[SLPS]	0	792.515	-5.913	0	59.292	0	0	
0	[SLPS]	0	792.514	-5.916	0	59.295	0	0	
0	[SLPS]	0	792.514	-5.916	0	59.295	0	0	
