0	[SLPS]	0	633.733	169.211	0	0.000	0	0	
0	[SLPS]	0	633.622	169.316	0	310.816	0	0	
0	[SLPS]	0	633.622	169.316	0	310.816	0	0	
0	[SLPS]	0	633.566	169.365	0	310.900	0	0	
0	[SLPS]	0	633.511	169.415	0	310.973	0	0	
0	[SLPS]	0	633.442	169.469	0	311.036	0	0	
0	[SLPS]	0	633.389	169.530	0	311.090	0	0	
0	[SLPS]	0	633.389	169.530	0	311.090	0	0	
0	[SLPS]	0	633.271	169.636	0	311.196	0	0	
0	[SLPS]	0	633.271	169.636	0	311.196	0	0	
0	[SLPS]	0	633.212	169.682	0	311.203	0	0	
0	[SLPS]	0	633.152	169.736	0	311.228	0	0	
0	[SLPS]	0	633.152	169.736	0	311.228	0	0	
0	[SLPS]	0	633.018	169.851	0	311.237	0	0	
0	[SLPS]	0	633.018	169.851	0	311.237	0	0	
0	[SLPS]	0	632.953	169.903	0	311.221	0	0	
0	[SLPS]	0	632.892	169.962	0	311.252	0	0	
0	[SLPS]	0	632.892	169.962	0	311.252	0	0	
0	[SLPS]	0	632.764	170.074	0	311.248	0	0	
0	[SLPS]	0	632.764	170.074	0	311.248	0	0	
0	[SLPS]	0	632.629	170.199	0	311.224	0	0	
0	[SLPS]	0	632.629	170.199	0	311.224	0	0	
0	[SLPS]	0	632.561	170.257	0	311.193	0	0	
0	[SLPS]	0	632.494	170.325	0	311.218	0	0	
0	[SLPS]	0	632.494	170.325	0	311.218	0	0	
0	[SLPS]	0	632.344	170.444	0	311.087	0	0	
0	[SLPS]	0	632.344	170.444	0	311.087	0	0	
0	[SLPS]	0	632.271	170.515	0	311.109	0	0	
0	[SLPS]	0	632.199	170.567	0	311.022	0	0	
0	[SLPS]	0	632.199	170.567	0	311.022	0	0	
0	[SLPS]	0	632.049	170.697	0	311.000	0	0	
0	[SLPS]	0	632.049	170.697	0	311.000	0	0	
0	[SLPS]	0	631.973	170.752	0	310.917	0	0	
0	[SLPS]	0	631.895	170.818	0	310.884	0	0	
0	[SLPS]	0	631.895	170.818	0	310.884	0	0	
0	[SLPS]	0	631.742	170.953	0	310.838	0	0	
0	[SLPS]	0	631.742	170.953	0	310.838	0	0	
0	[SLPS]	0	631.670	171.010	0	310.778	0	0	
0	[SLPS]	0	631.592	171.081	0	310.763	0	0	
0	[SLPS]	0	631.514	171.156	0	310.763	0	0	
0	[SLPS]	0	631.432	171.214	0	310.653	0	0	
0	[SLPS]	0	631.432	171.214	0	310.653	0	0	
0	[SLPS]	0	631.345	171.282	0	310.577	0	0	
0	[SLPS]	0	631.268	171.351	0	310.554	0	0	
0	[SLPS]	0	631.185	171.420	0	310.505	0	0	
0	[SLPS]	0	631.102	171.488	0	310.458	0	0	
0	[SLPS]	0	631.102	171.488	0	310.458	0	0	
0	[SLPS]	0	631.028	171.565	0	310.503	0	0	
0	[SLPS]	0	630.946	171.638	0	310.457	0	0	
0	[SLPS]	0	630.872	171.724	0	310.528	0	0	
0	[SLPS]	0	630.788	171.800	0	310.469	0	0	
0	[SLPS]	0	630.788	171.800	0	310.469	0	0	
0	[SLPS]	0	630.621	171.942	0	310.353	0	0	
0	[SLPS]	0	630.621	171.942	0	310.353	0	0	
0	[SLPS]	0	630.536	172.003	0	310.308	0	0	
0	[SLPS]	0	630.450	172.074	0	310.283	0	0	
0	[SLPS]	0	630.450	172.074	0	310.283	0	0	
0	[SLPS]	0	630.271	172.212	0	310.150	0	0	
0	[SLPS]	0	630.271	172.212	0	310.150	0	0	
0	[SLPS]	0	630.184	172.284	0	310.066	0	0	
0	[SLPS]	0	630.094	172.364	0	309.982	0	0	
0	[SLPS]	0	630.094	172.364	0	309.982	0	0	
0	[SLPS]	0	629.917	172.508	0	309.838	0	0	
0	[SLPS]	0	629.917	172.508	0	309.838	0	0	
0	[SLPS]	0	629.825	172.581	0	309.774	0	0	
0	[SLPS]	0	629.730	172.661	0	309.707	0	0	
0	[SLPS]	0	629.730	172.661	0	309.707	0	0	
0	[SLPS]	0	629.555	172.820	0	309.533	0	0	
0	[SLPS]	0	629.555	172.820	0	309.533	0	0	
0	[SLPS]	0	629.461	172.889	0	309.437	0	0	
0	[SLPS]	0	629.365	172.966	0	309.342	0	0	
0	[SLPS]	0	629.365	172.966	0	309.342	0	0	
0	[SLPS]	0	629.181	173.124	0	309.147	0	0	
0	[SLPS]	0	629.181	173.124	0	309.147	0	0	
0	[SLPS]	0	629.073	173.184	0	309.042	0	0	
0	[SLPS]	0	628.975	173.251	0	308.937	0	0	
0	[SLPS]	0	628.975	173.251	0	308.937	0	0	
0	[SLPS]	0	628.780	173.397	0	308.724	0	0	
0	[SLPS]	0	628.780	173.397	0	308.724	0	0	
0	[SLPS]	0	628.694	173.477	0	308.607	0	0	
0	[SLPS]	0	628.602	173.563	0	308.483	0	0	
0	[SLPS]	0	628.602	173.563	0	308.483	0	0	
0	[SLPS]	0	628.394	173.702	0	308.234	0	0	
0	[SLPS]	0	628.394	173.702	0	308.234	0	0	
0	[SLPS]	0	628.292	173.779	0	308.113	0	0	
0	[SLPS]	0	628.197	173.850	0	307.989	0	0	
0	[SLPS]	0	628.197	173.850	0	307.989	0	0	
0	[SLPS]	0	628.005	174.010	0	307.724	0	0	
0	[SLPS]	0	628.005	174.010	0	307.724	0	0	
0	[SLPS]	0	627.904	174.093	0	307.588	0	0	
0	[SLPS]	0	627.811	174.174	0	307.446	0	0	
0	[SLPS]	0	627.710	174.240	0	307.314	0	0	
0	[SLPS]	0	627.615	174.313	0	307.183	0	0	
0	[SLPS]	0	627.615	174.313	0	307.183	0	0	
0	[SLPS]	0	627.412	174.460	0	306.910	0	0	
0	[SLPS]	0	627.412	174.460	0	306.910	0	0	
0	[SLPS]	0	627.298	174.534	0	306.768	0	0	
0	[SLPS]	0	627.196	174.610	0	306.629	0	0	
0	[SLPS]	0	627.196	174.610	0	306.629	0	0	
0	[SLPS]	0	626.988	174.770	0	306.360	0	0	
0	[SLPS]	0	626.988	174.770	0	306.360	0	0	
0	[SLPS]	0	626.879	174.835	0	306.229	0	0	
0	[SLPS]	0	626.774	174.907	0	306.091	0	0	
0	[SLPS]	0	626.774	174.907	0	306.091	0	0	
0	[SLPS]	0	626.562	175.069	0	305.795	0	0	
0	[SLPS]	0	626.562	175.069	0	305.795	0	0	
0	[SLPS]	0	626.455	175.142	0	305.655	0	0	
0	[SLPS]	0	626.360	175.216	0	305.528	0	0	
0	[SLPS]	0	626.360	175.216	0	305.528	0	0	
0	[SLPS]	0	626.146	175.360	0	305.317	0	0	
0	[SLPS]	0	626.146	175.360	0	305.317	0	0	
0	[SLPS]	0	626.042	175.432	0	305.223	0	0	
0	[SLPS]	0	625.929	175.509	0	305.136	0	0	
0	[SLPS]	0	625.929	175.509	0	305.136	0	0	
0	[SLPS]	0	625.715	175.665	0	305.019	0	0	
0	[SLPS]	0	625.715	175.665	0	305.019	0	0	
0	[SLPS]	0	625.621	175.746	0	305.074	0	0	
0	[SLPS]	0	625.505	175.821	0	304.990	0	0	
0	[SLPS]	0	625.397	175.891	0	304.938	0	0	
0	[SLPS]	0	625.286	175.960	0	304.887	0	0	
0	[SLPS]	0	625.286	175.960	0	304.887	0	0	
0	[SLPS]	0	625.068	176.109	0	304.962	0	0	
0	[SLPS]	0	625.068	176.109	0	304.962	0	0	
0	[SLPS]	0	624.959	176.185	0	305.033	0	0	
0	[SLPS]	0	624.847	176.255	0	305.091	0	0	
0	[SLPS]	0	624.847	176.255	0	305.091	0	0	
0	[SLPS]	0	624.616	176.403	0	305.199	0	0	
0	[SLPS]	0	624.616	176.403	0	305.199	0	0	
0	[SLPS]	0	624.507	176.476	0	305.235	0	0	
0	[SLPS]	0	624.412	176.558	0	305.396	0	0	
0	[SLPS]	0	624.412	176.558	0	305.396	0	0	
0	[SLPS]	0	624.193	176.713	0	305.439	0	0	
0	[SLPS]	0	624.193	176.713	0	305.439	0	0	
0	[SLPS]	0	624.081	176.771	0	305.338	0	0	
0	[SLPS]	0	623.979	176.859	0	305.497	0	0	
0	[SLPS]	0	623.979	176.859	0	305.497	0	0	
0	[SLPS]	0	623.764	177.011	0	305.770	0	0	
0	[SLPS]	0	623.764	177.011	0	305.770	0	0	
0	[SLPS]	0	623.653	177.085	0	305.770	0	0	
0	[SLPS]	0	623.542	177.168	0	305.797	0	0	
0	[SLPS]	0	623.542	177.168	0	305.797	0	0	
0	[SLPS]	0	623.326	177.322	0	305.935	0	0	
0	[SLPS]	0	623.326	177.322	0	305.935	0	0	
0	[SLPS]	0	623.213	177.400	0	305.894	0	0	
0	[SLPS]	0	623.101	177.484	0	305.871	0	0	
0	[SLPS]	0	623.101	177.484	0	305.871	0	0	
0	[SLPS]	0	622.885	177.636	0	305.758	0	0	
0	[SLPS]	0	622.885	177.636	0	305.758	0	0	
0	[SLPS]	0	622.785	177.715	0	305.698	0	0	
0	[SLPS]	0	622.658	177.793	0	305.627	0	0	
0	[SLPS]	0	622.658	177.793	0	305.627	0	0	
0	[SLPS]	0	622.441	177.950	0	305.467	0	0	
0	[SLPS]	0	622.441	177.950	0	305.467	0	0	
0	[SLPS]	0	622.349	178.029	0	305.376	0	0	
0	[SLPS]	0	622.235	178.096	0	305.280	0	0	
0	[SLPS]	0	622.122	178.166	0	305.182	0	0	
0	[SLPS]	0	622.004	178.235	0	305.088	0	0	
0	[SLPS]	0	622.004	178.235	0	305.088	0	0	
0	[SLPS]	0	621.798	178.393	0	304.902	0	0	
0	[SLPS]	0	621.798	178.393	0	304.902	0	0	
0	[SLPS]	0	621.697	178.475	0	304.806	0	0	
0	[SLPS]	0	621.590	178.550	0	304.715	0	0	
0	[SLPS]	0	621.590	178.550	0	304.715	0	0	
0	[SLPS]	0	621.361	178.698	0	304.531	0	0	
0	[SLPS]	0	621.361	178.698	0	304.531	0	0	
0	[SLPS]	0	621.251	178.777	0	304.441	0	0	
0	[SLPS]	0	621.128	178.837	0	304.359	0	0	
0	[SLPS]	0	621.128	178.837	0	304.359	0	0	
0	[SLPS]	0	620.898	178.985	0	304.218	0	0	
0	[SLPS]	0	620.898	178.985	0	304.218	0	0	
0	[SLPS]	0	620.771	179.052	0	304.157	0	0	
0	[SLPS]	0	620.661	179.124	0	304.105	0	0	
0	[SLPS]	0	620.661	179.124	0	304.105	0	0	
0	[SLPS]	0	620.422	179.268	0	303.949	0	0	
0	[SLPS]	0	620.422	179.268	0	303.949	0	0	
0	[SLPS]	0	620.326	179.348	0	303.995	0	0	
0	[SLPS]	0	620.214	179.433	0	303.979	0	0	
0	[SLPS]	0	620.214	179.433	0	303.979	0	0	
0	[SLPS]	0	619.985	179.578	0	303.864	0	0	
0	[SLPS]	0	619.985	179.578	0	303.864	0	0	
0	[SLPS]	0	619.873	179.654	0	303.811	0	0	
0	[SLPS]	0	619.769	179.736	0	303.816	0	0	
0	[SLPS]	0	619.769	179.736	0	303.816	0	0	
0	[SLPS]	0	619.539	179.881	0	303.654	0	0	
0	[SLPS]	0	619.539	179.881	0	303.654	0	0	
0	[SLPS]	0	619.426	179.959	0	303.603	0	0	
0	[SLPS]	0	619.312	180.035	0	303.556	0	0	
0	[SLPS]	0	619.312	180.035	0	303.556	0	0	
0	[SLPS]	0	619.100	180.195	0	303.537	0	0	
0	[SLPS]	0	619.100	180.195	0	303.537	0	0	
0	[SLPS]	0	618.989	180.273	0	303.497	0	0	
0	[SLPS]	0	618.884	180.354	0	303.494	0	0	
0	[SLPS]	0	618.764	180.427	0	303.395	0	0	
0	[SLPS]	0	618.637	180.504	0	303.313	0	0	
0	[SLPS]	0	618.637	180.504	0	303.313	0	0	
0	[SLPS]	0	618.519	180.583	0	303.296	0	0	
0	[SLPS]	0	618.400	180.659	0	303.271	0	0	
0	[SLPS]	0	618.280	180.729	0	303.241	0	0	
0	[SLPS]	0	618.161	180.807	0	303.265	0	0	
0	[SLPS]	0	618.161	180.807	0	303.265	0	0	
0	[SLPS]	0	618.053	180.886	0	303.333	0	0	
0	[SLPS]	0	617.931	180.967	0	303.357	0	0	
0	[SLPS]	0	617.813	181.035	0	303.329	0	0	
0	[SLPS]	0	617.691	181.116	0	303.351	0	0	
0	[SLPS]	0	617.691	181.116	0	303.351	0	0	
0	[SLPS]	0	617.445	181.290	0	303.429	0	0	
0	[SLPS]	0	617.445	181.290	0	303.429	0	0	
0	[SLPS]	0	617.324	181.358	0	303.383	0	0	
0	[SLPS]	0	617.207	181.442	0	303.430	0	0	
0	[SLPS]	0	617.207	181.442	0	303.430	0	0	
0	[SLPS]	0	616.956	181.603	0	303.416	0	0	
0	[SLPS]	0	616.956	181.603	0	303.416	0	0	
0	[SLPS]	0	616.841	181.674	0	303.401	0	0	
0	[SLPS]	0	616.718	181.759	0	303.416	0	0	
0	[SLPS]	0	616.718	181.759	0	303.416	0	0	
0	[SLPS]	0	616.476	181.907	0	303.343	0	0	
0	[SLPS]	0	616.476	181.907	0	303.343	0	0	
0	[SLPS]	0	616.349	181.981	0	303.279	0	0	
0	[SLPS]	0	616.234	182.064	0	303.285	0	0	
0	[SLPS]	0	616.234	182.064	0	303.285	0	0	
0	[SLPS]	0	615.989	182.233	0	303.257	0	0	
0	[SLPS]	0	615.989	182.233	0	303.257	0	0	
0	[SLPS]	0	615.866	182.321	0	303.265	0	0	
0	[SLPS]	0	615.743	182.404	0	303.192	0	0	
0	[SLPS]	0	615.631	182.496	0	303.221	0	0	
0	[SLPS]	0	615.489	182.581	0	303.139	0	0	
0	[SLPS]	0	615.489	182.581	0	303.139	0	0	
0	[SLPS]	0	615.368	182.669	0	303.134	0	0	
0	[SLPS]	0	615.237	182.751	0	303.087	0	0	
0	[SLPS]	0	615.237	182.751	0	303.087	0	0	
0	[SLPS]	0	614.993	182.928	0	303.003	0	0	
0	[SLPS]	0	614.993	182.928	0	303.003	0	0	
0	[SLPS]	0	614.874	183.019	0	303.025	0	0	
0	[SLPS]	0	614.754	183.105	0	303.018	0	0	
0	[SLPS]	0	614.631	183.194	0	303.009	0	0	
0	[SLPS]	0	614.502	183.279	0	302.975	0	0	
0	[SLPS]	0	614.502	183.279	0	302.975	0	0	
0	[SLPS]	0	614.245	183.443	0	302.847	0	0	
0	[SLPS]	0	614.245	183.443	0	302.847	0	0	
0	[SLPS]	0	614.113	183.542	0	302.888	0	0	
0	[SLPS]	0	613.983	183.630	0	302.783	0	0	
0	[SLPS]	0	613.983	183.630	0	302.783	0	0	
0	[SLPS]	0	613.845	183.726	0	302.790	0	0	
0	[SLPS]	0	613.729	183.809	0	302.799	0	0	
0	[SLPS]	0	613.599	183.897	0	302.786	0	0	
0	[SLPS]	0	613.470	183.977	0	302.759	0	0	
0	[SLPS]	0	613.470	183.977	0	302.759	0	0	
0	[SLPS]	0	613.204	184.140	0	302.690	0	0	
0	[SLPS]	0	613.204	184.140	0	302.690	0	0	
0	[SLPS]	0	613.076	184.223	0	302.689	0	0	
0	[SLPS]	0	612.940	184.304	0	302.661	0	0	
0	[SLPS]	0	612.940	184.304	0	302.661	0	0	
0	[SLPS]	0	612.681	184.475	0	302.628	0	0	
0	[SLPS]	0	612.681	184.475	0	302.628	0	0	
0	[SLPS]	0	612.552	184.552	0	302.597	0	0	
0	[SLPS]	0	612.422	184.639	0	302.597	0	0	
0	[SLPS]	0	612.422	184.639	0	302.597	0	0	
0	[SLPS]	0	612.147	184.802	0	302.517	0	0	
0	[SLPS]	0	612.147	184.802	0	302.517	0	0	
0	[SLPS]	0	612.005	184.873	0	302.446	0	0	
0	[SLPS]	0	611.860	184.946	0	302.376	0	0	
0	[SLPS]	0	611.860	184.946	0	302.376	0	0	
0	[SLPS]	0	611.569	185.100	0	302.280	0	0	
0	[SLPS]	0	611.569	185.100	0	302.280	0	0	
0	[SLPS]	0	611.430	185.178	0	302.282	0	0	
0	[SLPS]	0	611.290	185.258	0	302.270	0	0	
0	[SLPS]	0	611.290	185.258	0	302.270	0	0	
0	[SLPS]	0	611.014	185.432	0	302.266	0	0	
0	[SLPS]	0	611.014	185.432	0	302.266	0	0	
0	[SLPS]	0	610.888	185.517	0	302.267	0	0	
0	[SLPS]	0	610.749	185.606	0	302.254	0	0	
0	[SLPS]	0	610.749	185.606	0	302.254	0	0	
0	[SLPS]	0	610.481	185.786	0	302.262	0	0	
0	[SLPS]	0	610.481	185.786	0	302.262	0	0	
0	[SLPS]	0	610.343	185.871	0	302.262	0	0	
0	[SLPS]	0	610.211	185.964	0	302.302	0	0	
0	[SLPS]	0	610.211	185.964	0	302.302	0	0	
0	[SLPS]	0	609.938	186.143	0	302.333	0	0	
0	[SLPS]	0	609.938	186.143	0	302.333	0	0	
0	[SLPS]	0	609.800	186.231	0	302.341	0	0	
0	[SLPS]	0	609.671	186.318	0	302.363	0	0	
0	[SLPS]	0	609.671	186.318	0	302.363	0	0	
0	[SLPS]	0	609.402	186.496	0	302.337	0	0	
0	[SLPS]	0	609.402	186.496	0	302.337	0	0	
0	[SLPS]	0	609.279	186.587	0	302.389	0	0	
0	[SLPS]	0	609.144	186.676	0	302.346	0	0	
0	[SLPS]	0	609.144	186.676	0	302.346	0	0	
0	[SLPS]	0	608.869	186.881	0	302.434	0	0	
0	[SLPS]	0	608.869	186.881	0	302.434	0	0	
0	[SLPS]	0	608.735	186.967	0	302.439	0	0	
0	[SLPS]	0	608.587	187.063	0	302.451	0	0	
0	[SLPS]	0	608.587	187.063	0	302.451	0	0	
0	[SLPS]	0	608.294	187.249	0	302.503	0	0	
0	[SLPS]	0	608.294	187.249	0	302.503	0	0	
0	[SLPS]	0	608.153	187.333	0	302.517	0	0	
0	[SLPS]	0	608.005	187.416	0	302.517	0	0	
0	[SLPS]	0	608.005	187.416	0	302.517	0	0	
0	[SLPS]	0	607.712	187.597	0	302.554	0	0	
0	[SLPS]	0	607.712	187.597	0	302.554	0	0	
0	[SLPS]	0	607.567	187.686	0	302.569	0	0	
0	[SLPS]	0	607.415	187.771	0	302.551	0	0	
0	[SLPS]	0	607.415	187.771	0	302.551	0	0	
0	[SLPS]	0	607.127	187.960	0	302.616	0	0	
0	[SLPS]	0	607.127	187.960	0	302.616	0	0	
0	[SLPS]	0	606.982	188.042	0	302.608	0	0	
0	[SLPS]	0	606.830	188.137	0	302.625	0	0	
0	[SLPS]	0	606.830	188.137	0	302.625	0	0	
0	[SLPS]	0	606.526	188.319	0	302.617	0	0	
0	[SLPS]	0	606.526	188.319	0	302.617	0	0	
0	[SLPS]	0	606.384	188.409	0	302.639	0	0	
0	[SLPS]	0	606.242	188.498	0	302.659	0	0	
0	[SLPS]	0	606.242	188.498	0	302.659	0	0	
0	[SLPS]	0	605.949	188.700	0	302.744	0	0	
0	[SLPS]	0	605.949	188.700	0	302.744	0	0	
0	[SLPS]	0	605.801	188.785	0	302.720	0	0	
0	[SLPS]	0	605.656	188.875	0	302.721	0	0	
0	[SLPS]	0	605.656	188.875	0	302.721	0	0	
0	[SLPS]	0	605.352	189.066	0	302.733	0	0	
0	[SLPS]	0	605.352	189.066	0	302.733	0	0	
0	[SLPS]	0	605.352	189.066	0	302.733	0	0	
0	[SLPS]	0	605.067	189.250	0	302.775	0	0	
0	[SLPS]	0	605.067	189.250	0	302.775	0	0	
0	[SLPS]	0	604.923	189.342	0	302.783	0	0	
0	[SLPS]	0	604.765	189.435	0	302.781	0	0	
0	[SLPS]	0	604.765	189.435	0	302.781	0	0	
0	[SLPS]	0	604.474	189.623	0	302.830	0	0	
0	[SLPS]	0	604.474	189.623	0	302.830	0	0	
0	[SLPS]	0	604.328	189.719	0	302.847	0	0	
0	[SLPS]	0	604.174	189.824	0	302.875	0	0	
0	[SLPS]	0	604.030	189.914	0	302.879	0	0	
0	[SLPS]	0	603.880	190.017	0	302.908	0	0	
0	[SLPS]	0	603.880	190.017	0	302.908	0	0	
0	[SLPS]	0	603.728	190.117	0	302.921	0	0	
0	[SLPS]	0	603.582	190.221	0	302.954	0	0	
0	[SLPS]	0	603.425	190.316	0	302.941	0	0	
0	[SLPS]	0	603.271	190.415	0	302.945	0	0	
0	[SLPS]	0	603.271	190.415	0	302.945	0	0	
0	[SLPS]	0	602.974	190.616	0	302.999	0	0	
0	[SLPS]	0	602.974	190.616	0	302.999	0	0	
0	[SLPS]	0	602.822	190.709	0	303.004	0	0	
0	[SLPS]	0	602.671	190.808	0	303.017	0	0	
0	[SLPS]	0	602.671	190.808	0	303.017	0	0	
0	[SLPS]	0	602.369	191.005	0	303.040	0	0	
0	[SLPS]	0	602.369	191.005	0	303.040	0	0	
0	[SLPS]	0	602.215	191.095	0	303.029	0	0	
0	[SLPS]	0	602.063	191.190	0	303.037	0	0	
0	[SLPS]	0	602.063	191.190	0	303.037	0	0	
0	[SLPS]	0	601.754	191.381	0	303.063	0	0	
0	[SLPS]	0	601.754	191.381	0	303.063	0	0	
0	[SLPS]	0	601.597	191.468	0	303.054	0	0	
0	[SLPS]	0	601.459	191.580	0	303.122	0	0	
0	[SLPS]	0	601.304	191.671	0	303.100	0	0	
0	[SLPS]	0	601.150	191.768	0	303.090	0	0	
0	[SLPS]	0	601.150	191.768	0	303.090	0	0	
0	[SLPS]	0	600.859	191.974	0	303.112	0	0	
0	[SLPS]	0	600.859	191.974	0	303.112	0	0	
0	[SLPS]	0	600.709	192.075	0	303.110	0	0	
0	[SLPS]	0	600.556	192.171	0	303.077	0	0	
0	[SLPS]	0	600.556	192.171	0	303.077	0	0	
0	[SLPS]	0	600.415	192.271	0	303.071	0	0	
0	[SLPS]	0	600.261	192.374	0	303.044	0	0	
0	[SLPS]	0	600.113	192.475	0	303.033	0	0	
0	[SLPS]	0	599.946	192.560	0	302.957	0	0	
0	[SLPS]	0	599.946	192.560	0	302.957	0	0	
0	[SLPS]	0	599.621	192.744	0	302.926	0	0	
0	[SLPS]	0	599.621	192.744	0	302.926	0	0	
0	[SLPS]	0	599.479	192.853	0	302.961	0	0	
0	[SLPS]	0	599.309	192.941	0	302.907	0	0	
0	[SLPS]	0	599.309	192.941	0	302.907	0	0	
0	[SLPS]	0	598.983	193.128	0	302.850	0	0	
0	[SLPS]	0	598.983	193.128	0	302.850	0	0	
0	[SLPS]	0	598.826	193.221	0	302.834	0	0	
0	[SLPS]	0	598.673	193.318	0	302.848	0	0	
0	[SLPS]	0	598.673	193.318	0	302.848	0	0	
0	[SLPS]	0	598.360	193.521	0	302.872	0	0	
0	[SLPS]	0	598.360	193.521	0	302.872	0	0	
0	[SLPS]	0	598.222	193.615	0	302.895	0	0	
0	[SLPS]	0	598.068	193.713	0	302.925	0	0	
0	[SLPS]	0	598.068	193.713	0	302.925	0	0	
0	[SLPS]	0	597.782	193.915	0	302.975	0	0	
0	[SLPS]	0	597.782	193.915	0	302.975	0	0	
0	[SLPS]	0	597.633	194.017	0	302.991	0	0	
0	[SLPS]	0	597.481	194.115	0	302.994	0	0	
0	[SLPS]	0	597.333	194.214	0	302.986	0	0	
0	[SLPS]	0	597.183	194.314	0	303.071	0	0	
0	[SLPS]	0	597.183	194.314	0	303.071	0	0	
0	[SLPS]	0	596.849	194.498	0	303.053	0	0	
0	[SLPS]	0	596.849	194.498	0	303.053	0	0	
0	[SLPS]	0	596.688	194.591	0	303.056	0	0	
0	[SLPS]	0	596.538	194.695	0	303.098	0	0	
0	[SLPS]	0	596.538	194.695	0	303.098	0	0	
0	[SLPS]	0	596.381	194.791	0	303.110	0	0	
0	[SLPS]	0	596.221	194.896	0	303.129	0	0	
0	[SLPS]	0	596.073	194.997	0	303.144	0	0	
0	[SLPS]	0	595.923	195.098	0	303.150	0	0	
0	[SLPS]	0	595.923	195.098	0	303.150	0	0	
0	[SLPS]	0	595.626	195.304	0	303.236	0	0	
0	[SLPS]	0	595.626	195.304	0	303.236	0	0	
0	[SLPS]	0	595.626	195.304	0	303.236	0	0	
0	[SLPS]	0	595.309	195.485	0	303.212	0	0	
0	[SLPS]	0	595.309	195.485	0	303.212	0	0	
0	[SLPS]	0	595.158	195.588	0	303.233	0	0	
0	[SLPS]	0	595.007	195.689	0	303.252	0	0	
0	[SLPS]	0	595.007	195.689	0	303.252	0	0	
0	[SLPS]	0	594.710	195.896	0	303.288	0	0	
0	[SLPS]	0	594.710	195.896	0	303.288	0	0	
0	[SLPS]	0	594.555	196.008	0	303.314	0	0	
0	[SLPS]	0	594.404	196.111	0	303.331	0	0	
0	[SLPS]	0	594.404	196.111	0	303.331	0	0	
0	[SLPS]	0	594.098	196.342	0	303.395	0	0	
0	[SLPS]	0	594.098	196.342	0	303.395	0	0	
0	[SLPS]	0	593.947	196.447	0	303.406	0	0	
0	[SLPS]	0	593.796	196.546	0	303.407	0	0	
0	[SLPS]	0	593.796	196.546	0	303.407	0	0	
0	[SLPS]	0	593.510	196.766	0	303.463	0	0	
0	[SLPS]	0	593.510	196.766	0	303.463	0	0	
0	[SLPS]	0	593.363	196.865	0	303.481	0	0	
0	[SLPS]	0	593.212	196.961	0	303.490	0	0	
0	[SLPS]	0	593.212	196.961	0	303.490	0	0	
0	[SLPS]	0	592.919	197.158	0	303.529	0	0	
0	[SLPS]	0	592.919	197.158	0	303.529	0	0	
0	[SLPS]	0	592.770	197.262	0	303.554	0	0	
0	[SLPS]	0	592.615	197.357	0	303.551	0	0	
0	[SLPS]	0	592.466	197.458	0	303.569	0	0	
0	[SLPS]	0	592.314	197.558	0	303.581	0	0	
0	[SLPS]	0	592.314	197.558	0	303.581	0	0	
0	[SLPS]	0	592.158	197.657	0	303.589	0	0	
0	[SLPS]	0	592.019	197.756	0	303.618	0	0	
0	[SLPS]	0	591.862	197.855	0	303.613	0	0	
0	[SLPS]	0	591.709	197.956	0	303.612	0	0	
0	[SLPS]	0	591.709	197.956	0	303.612	0	0	
0	[SLPS]	0	591.418	198.153	0	303.599	0	0	
0	[SLPS]	0	591.418	198.153	0	303.599	0	0	
0	[SLPS]	0	591.266	198.257	0	303.604	0	0	
0	[SLPS]	0	591.109	198.357	0	303.603	0	0	
0	[SLPS]	0	591.109	198.357	0	303.603	0	0	
0	[SLPS]	0	590.798	198.562	0	303.602	0	0	
0	[SLPS]	0	590.798	198.562	0	303.602	0	0	
0	[SLPS]	0	590.642	198.660	0	303.587	0	0	
0	[SLPS]	0	590.484	198.763	0	303.567	0	0	
0	[SLPS]	0	590.484	198.763	0	303.567	0	0	
0	[SLPS]	0	590.176	198.968	0	303.531	0	0	
0	[SLPS]	0	590.176	198.968	0	303.531	0	0	
0	[SLPS]	0	590.024	199.073	0	303.518	0	0	
0	[SLPS]	0	589.870	199.178	0	303.505	0	0	
0	[SLPS]	0	589.870	199.178	0	303.505	0	0	
0	[SLPS]	0	589.550	199.387	0	303.469	0	0	
0	[SLPS]	0	589.550	199.387	0	303.469	0	0	
0	[SLPS]	0	589.221	199.605	0	303.432	0	0	
0	[SLPS]	0	589.221	199.605	0	303.432	0	0	
0	[SLPS]	0	589.063	199.707	0	303.418	0	0	
0	[SLPS]	0	588.902	199.820	0	303.425	0	0	
0	[SLPS]	0	588.902	199.820	0	303.425	0	0	
0	[SLPS]	0	588.578	200.037	0	303.427	0	0	
0	[SLPS]	0	588.578	200.037	0	303.427	0	0	
0	[SLPS]	0	588.422	200.159	0	303.459	0	0	
0	[SLPS]	0	588.253	200.268	0	303.456	0	0	
0	[SLPS]	0	588.253	200.268	0	303.456	0	0	
0	[SLPS]	0	587.914	200.489	0	303.461	0	0	
0	[SLPS]	0	587.914	200.489	0	303.461	0	0	
0	[SLPS]	0	587.750	200.603	0	303.470	0	0	
0	[SLPS]	0	587.581	200.714	0	303.475	0	0	
0	[SLPS]	0	587.581	200.714	0	303.475	0	0	
0	[SLPS]	0	587.244	200.937	0	303.472	0	0	
0	[SLPS]	0	587.244	200.937	0	303.472	0	0	
0	[SLPS]	0	587.078	201.051	0	303.478	0	0	
0	[SLPS]	0	586.904	201.162	0	303.474	0	0	
0	[SLPS]	0	586.904	201.162	0	303.474	0	0	
0	[SLPS]	0	586.556	201.390	0	303.479	0	0	
0	[SLPS]	0	586.556	201.390	0	303.479	0	0	
0	[SLPS]	0	586.382	201.504	0	303.482	0	0	
0	[SLPS]	0	586.209	201.620	0	303.487	0	0	
0	[SLPS]	0	586.209	201.620	0	303.487	0	0	
0	[SLPS]	0	585.867	201.855	0	303.508	0	0	
0	[SLPS]	0	585.867	201.855	0	303.508	0	0	
0	[SLPS]	0	585.697	201.968	0	303.509	0	0	
0	[SLPS]	0	585.523	202.089	0	303.517	0	0	
0	[SLPS]	0	585.523	202.089	0	303.517	0	0	
0	[SLPS]	0	585.170	202.313	0	303.511	0	0	
0	[SLPS]	0	585.170	202.313	0	303.511	0	0	
0	[SLPS]	0	584.998	202.430	0	303.515	0	0	
0	[SLPS]	0	584.815	202.548	0	303.511	0	0	
0	[SLPS]	0	584.815	202.548	0	303.511	0	0	
0	[SLPS]	0	584.467	202.782	0	303.526	0	0	
0	[SLPS]	0	584.467	202.782	0	303.526	0	0	
0	[SLPS]	0	584.289	202.904	0	303.541	0	0	
0	[SLPS]	0	584.112	203.022	0	303.546	0	0	
0	[SLPS]	0	584.112	203.022	0	303.546	0	0	
0	[SLPS]	0	583.755	203.262	0	303.536	0	0	
0	[SLPS]	0	583.755	203.262	0	303.536	0	0	
0	[SLPS]	0	583.578	203.386	0	303.550	0	0	
0	[SLPS]	0	583.391	203.513	0	303.554	0	0	
0	[SLPS]	0	583.391	203.513	0	303.554	0	0	
0	[SLPS]	0	583.027	203.757	0	303.572	0	0	
0	[SLPS]	0	583.027	203.757	0	303.572	0	0	
0	[SLPS]	0	582.838	203.877	0	303.560	0	0	
0	[SLPS]	0	582.649	203.999	0	303.558	0	0	
0	[SLPS]	0	582.649	203.999	0	303.558	0	0	
0	[SLPS]	0	582.280	204.254	0	303.583	0	0	
0	[SLPS]	0	582.280	204.254	0	303.583	0	0	
0	[SLPS]	0	582.087	204.379	0	303.578	0	0	
0	[SLPS]	0	581.898	204.514	0	303.599	0	0	
0	[SLPS]	0	581.898	204.514	0	303.599	0	0	
0	[SLPS]	0	581.512	204.772	0	303.604	0	0	
0	[SLPS]	0	581.512	204.772	0	303.604	0	0	
0	[SLPS]	0	581.314	204.902	0	303.610	0	0	
0	[SLPS]	0	581.120	205.032	0	303.615	0	0	
0	[SLPS]	0	581.120	205.032	0	303.615	0	0	
0	[SLPS]	0	580.724	205.299	0	303.630	0	0	
0	[SLPS]	0	580.724	205.299	0	303.630	0	0	
0	[SLPS]	0	580.521	205.431	0	303.623	0	0	
0	[SLPS]	0	580.319	205.570	0	303.638	0	0	
0	[SLPS]	0	580.119	205.704	0	303.649	0	0	
0	[SLPS]	0	579.916	205.836	0	303.647	0	0	
0	[SLPS]	0	579.916	205.836	0	303.647	0	0	
0	[SLPS]	0	579.509	206.114	0	303.662	0	0	
0	[SLPS]	0	579.509	206.114	0	303.662	0	0	
0	[SLPS]	0	579.305	206.252	0	303.672	0	0	
0	[SLPS]	0	579.096	206.388	0	303.677	0	0	
0	[SLPS]	0	579.096	206.388	0	303.677	0	0	
0	[SLPS]	0	578.685	206.661	0	303.679	0	0	
0	[SLPS]	0	578.685	206.661	0	303.679	0	0	
0	[SLPS]	0	578.474	206.803	0	303.685	0	0	
0	[SLPS]	0	578.264	206.939	0	303.682	0	0	
0	[SLPS]	0	578.264	206.939	0	303.682	0	0	
0	[SLPS]	0	577.844	207.230	0	303.713	0	0	
0	[SLPS]	0	577.844	207.230	0	303.713	0	0	
0	[SLPS]	0	577.626	207.374	0	303.706	0	0	
0	[SLPS]	0	577.413	207.516	0	303.700	0	0	
0	[SLPS]	0	577.200	207.660	0	303.706	0	0	
0	[SLPS]	0	576.985	207.807	0	303.717	0	0	
0	[SLPS]	0	576.985	207.807	0	303.717	0	0	
0	[SLPS]	0	576.546	208.097	0	303.734	0	0	
0	[SLPS]	0	576.546	208.097	0	303.734	0	0	
0	[SLPS]	0	576.546	208.097	0	303.734	0	0	
0	[SLPS]	0	576.113	208.399	0	303.760	0	0	
0	[SLPS]	0	576.113	208.399	0	303.760	0	0	
0	[SLPS]	0	575.892	208.542	0	303.751	0	0	
0	[SLPS]	0	575.669	208.692	0	303.751	0	0	
0	[SLPS]	0	575.669	208.692	0	303.751	0	0	
0	[SLPS]	0	575.226	208.992	0	303.742	0	0	
0	[SLPS]	0	575.226	208.992	0	303.742	0	0	
0	[SLPS]	0	574.779	209.292	0	303.758	0	0	
0	[SLPS]	0	574.779	209.292	0	303.758	0	0	
0	[SLPS]	0	574.558	209.449	0	303.779	0	0	
0	[SLPS]	0	574.332	209.602	0	303.782	0	0	
0	[SLPS]	0	574.332	209.602	0	303.782	0	0	
0	[SLPS]	0	573.879	209.896	0	303.762	0	0	
0	[SLPS]	0	573.879	209.896	0	303.762	0	0	
0	[SLPS]	0	573.650	210.046	0	303.759	0	0	
0	[SLPS]	0	573.435	210.210	0	303.796	0	0	
0	[SLPS]	0	573.435	210.210	0	303.796	0	0	
0	[SLPS]	0	572.972	210.508	0	303.783	0	0	
0	[SLPS]	0	572.972	210.508	0	303.783	0	0	
0	[SLPS]	0	572.739	210.661	0	303.784	0	0	
0	[SLPS]	0	572.505	210.820	0	303.801	0	0	
0	[SLPS]	0	572.281	210.969	0	303.808	0	0	
0	[SLPS]	0	572.051	211.135	0	303.822	0	0	
0	[SLPS]	0	572.051	211.135	0	303.822	0	0	
0	[SLPS]	0	571.593	211.451	0	303.821	0	0	
0	[SLPS]	0	571.593	211.451	0	303.821	0	0	
0	[SLPS]	0	571.359	211.603	0	303.813	0	0	
0	[SLPS]	0	571.128	211.764	0	303.813	0	0	
0	[SLPS]	0	571.128	211.764	0	303.813	0	0	
0	[SLPS]	0	570.657	212.082	0	303.784	0	0	
0	[SLPS]	0	570.657	212.082	0	303.784	0	0	
0	[SLPS]	0	570.422	212.241	0	303.784	0	0	
0	[SLPS]	0	570.187	212.396	0	303.797	0	0	
0	[SLPS]	0	570.187	212.396	0	303.797	0	0	
0	[SLPS]	0	569.709	212.720	0	303.819	0	0	
0	[SLPS]	0	569.709	212.720	0	303.819	0	0	
0	[SLPS]	0	569.472	212.883	0	303.821	0	0	
0	[SLPS]	0	569.221	213.048	0	303.812	0	0	
0	[SLPS]	0	568.975	213.209	0	303.805	0	0	
0	[SLPS]	0	568.731	213.371	0	303.799	0	0	
0	[SLPS]	0	568.731	213.371	0	303.799	0	0	
0	[SLPS]	0	568.244	213.699	0	303.797	0	0	
0	[SLPS]	0	568.244	213.699	0	303.797	0	0	
0	[SLPS]	0	567.997	213.861	0	303.797	0	0	
0	[SLPS]	0	567.751	214.027	0	303.800	0	0	
0	[SLPS]	0	567.751	214.027	0	303.800	0	0	
0	[SLPS]	0	567.270	214.359	0	303.813	0	0	
0	[SLPS]	0	567.270	214.359	0	303.813	0	0	
0	[SLPS]	0	567.017	214.518	0	303.796	0	0	
0	[SLPS]	0	566.771	214.700	0	303.817	0	0	
0	[SLPS]	0	566.771	214.700	0	303.817	0	0	
0	[SLPS]	0	566.279	215.035	0	303.813	0	0	
0	[SLPS]	0	566.279	215.035	0	303.813	0	0	
0	[SLPS]	0	566.032	215.206	0	303.819	0	0	
0	[SLPS]	0	565.786	215.371	0	303.809	0	0	
0	[SLPS]	0	565.786	215.371	0	303.809	0	0	
0	[SLPS]	0	565.303	215.696	0	303.813	0	0	
0	[SLPS]	0	565.303	215.696	0	303.813	0	0	
0	[SLPS]	0	564.813	216.015	0	303.788	0	0	
0	[SLPS]	0	564.813	216.015	0	303.788	0	0	
0	[SLPS]	0	564.572	216.176	0	303.787	0	0	
0	[SLPS]	0	564.331	216.337	0	303.782	0	0	
0	[SLPS]	0	564.331	216.337	0	303.782	0	0	
0	[SLPS]	0	564.096	216.500	0	303.792	0	0	
0	[SLPS]	0	563.862	216.661	0	303.801	0	0	
0	[SLPS]	0	563.862	216.661	0	303.801	0	0	
0	[SLPS]	0	563.387	216.974	0	303.781	0	0	
0	[SLPS]	0	563.387	216.974	0	303.781	0	0	
0	[SLPS]	0	562.915	217.286	0	303.739	0	0	
0	[SLPS]	0	562.915	217.286	0	303.739	0	0	
0	[SLPS]	0	562.685	217.446	0	303.730	0	0	
0	[SLPS]	0	562.449	217.601	0	303.709	0	0	
0	[SLPS]	0	562.449	217.601	0	303.709	0	0	
0	[SLPS]	0	561.992	217.920	0	303.687	0	0	
0	[SLPS]	0	561.992	217.920	0	303.687	0	0	
0	[SLPS]	0	561.758	218.063	0	303.639	0	0	
0	[SLPS]	0	561.527	218.217	0	303.608	0	0	
0	[SLPS]	0	561.527	218.217	0	303.608	0	0	
0	[SLPS]	0	561.074	218.526	0	303.551	0	0	
0	[SLPS]	0	561.074	218.526	0	303.551	0	0	
0	[SLPS]	0	560.849	218.677	0	303.514	0	0	
0	[SLPS]	0	560.623	218.821	0	303.472	0	0	
0	[SLPS]	0	560.623	218.821	0	303.472	0	0	
0	[SLPS]	0	560.176	219.125	0	303.407	0	0	
0	[SLPS]	0	560.176	219.125	0	303.407	0	0	
0	[SLPS]	0	559.953	219.272	0	303.370	0	0	
0	[SLPS]	0	559.729	219.418	0	303.333	0	0	
0	[SLPS]	0	559.729	219.418	0	303.333	0	0	
0	[SLPS]	0	559.284	219.711	0	303.257	0	0	
0	[SLPS]	0	559.284	219.711	0	303.257	0	0	
0	[SLPS]	0	559.069	219.854	0	303.223	0	0	
0	[SLPS]	0	558.851	219.996	0	303.184	0	0	
0	[SLPS]	0	558.851	219.996	0	303.184	0	0	
0	[SLPS]	0	558.414	220.285	0	303.104	0	0	
0	[SLPS]	0	558.414	220.285	0	303.104	0	0	
0	[SLPS]	0	558.201	220.433	0	303.063	0	0	
0	[SLPS]	0	557.979	220.575	0	303.016	0	0	
0	[SLPS]	0	557.979	220.575	0	303.016	0	0	
0	[SLPS]	0	557.539	220.860	0	302.931	0	0	
0	[SLPS]	0	557.539	220.860	0	302.931	0	0	
0	[SLPS]	0	557.320	221.000	0	302.885	0	0	
0	[SLPS]	0	557.101	221.144	0	302.842	0	0	
0	[SLPS]	0	556.881	221.285	0	302.803	0	0	
0	[SLPS]	0	556.663	221.426	0	302.770	0	0	
0	[SLPS]	0	556.663	221.426	0	302.770	0	0	
0	[SLPS]	0	556.231	221.703	0	302.690	0	0	
0	[SLPS]	0	556.231	221.703	0	302.690	0	0	
0	[SLPS]	0	556.012	221.846	0	302.651	0	0	
0	[SLPS]	0	555.793	221.983	0	302.603	0	0	
0	[SLPS]	0	555.793	221.983	0	302.603	0	0	
0	[SLPS]	0	555.361	222.259	0	302.522	0	0	
0	[SLPS]	0	555.361	222.259	0	302.522	0	0	
0	[SLPS]	0	555.147	222.399	0	302.484	0	0	
0	[SLPS]	0	554.934	222.539	0	302.447	0	0	
0	[SLPS]	0	554.934	222.539	0	302.447	0	0	
0	[SLPS]	0	554.506	222.812	0	302.362	0	0	
0	[SLPS]	0	554.506	222.812	0	302.362	0	0	
0	[SLPS]	0	554.288	222.945	0	302.311	0	0	
0	[SLPS]	0	554.072	223.083	0	302.268	0	0	
0	[SLPS]	0	553.858	223.219	0	302.222	0	0	
0	[SLPS]	0	553.643	223.359	0	302.179	0	0	
0	[SLPS]	0	553.643	223.359	0	302.179	0	0	
0	[SLPS]	0	553.425	223.492	0	302.126	0	0	
0	[SLPS]	0	553.208	223.622	0	302.077	0	0	
0	[SLPS]	0	552.993	223.758	0	302.024	0	0	
0	[SLPS]	0	552.780	223.891	0	301.970	0	0	
0	[SLPS]	0	552.780	223.891	0	301.970	0	0	
0	[SLPS]	0	552.353	224.160	0	301.864	0	0	
0	[SLPS]	0	552.353	224.160	0	301.864	0	0	
0	[SLPS]	0	552.135	224.295	0	301.812	0	0	
0	[SLPS]	0	551.918	224.429	0	301.759	0	0	
0	[SLPS]	0	551.918	224.429	0	301.759	0	0	
0	[SLPS]	0	551.491	224.697	0	301.650	0	0	
0	[SLPS]	0	551.491	224.697	0	301.650	0	0	
0	[SLPS]	0	551.275	224.824	0	301.597	0	0	
0	[SLPS]	0	551.060	224.956	0	301.544	0	0	
0	[SLPS]	0	551.060	224.956	0	301.544	0	0	
0	[SLPS]	0	550.632	225.218	0	301.436	0	0	
0	[SLPS]	0	550.632	225.218	0	301.436	0	0	
0	[SLPS]	0	550.207	225.476	0	301.328	0	0	
0	[SLPS]	0	550.207	225.476	0	301.328	0	0	
0	[SLPS]	0	549.993	225.609	0	301.278	0	0	
0	[SLPS]	0	549.778	225.735	0	301.224	0	0	
0	[SLPS]	0	549.778	225.735	0	301.224	0	0	
0	[SLPS]	0	549.358	225.994	0	301.120	0	0	
0	[SLPS]	0	549.358	225.994	0	301.120	0	0	
0	[SLPS]	0	549.144	226.129	0	301.072	0	0	
0	[SLPS]	0	548.933	226.257	0	301.028	0	0	
0	[SLPS]	0	548.933	226.257	0	301.028	0	0	
0	[SLPS]	0	548.514	226.514	0	300.943	0	0	
0	[SLPS]	0	548.514	226.514	0	300.943	0	0	
0	[SLPS]	0	548.296	226.642	0	300.891	0	0	
0	[SLPS]	0	548.088	226.774	0	300.849	0	0	
0	[SLPS]	0	548.088	226.774	0	300.849	0	0	
0	[SLPS]	0	547.660	227.024	0	300.742	0	0	
0	[SLPS]	0	547.660	227.024	0	300.742	0	0	
0	[SLPS]	0	547.446	227.149	0	300.688	0	0	
0	[SLPS]	0	547.234	227.276	0	300.626	0	0	
0	[SLPS]	0	547.234	227.276	0	300.626	0	0	
0	[SLPS]	0	546.806	227.524	0	300.519	0	0	
0	[SLPS]	0	546.806	227.524	0	300.519	0	0	
0	[SLPS]	0	546.593	227.650	0	300.471	0	0	
0	[SLPS]	0	546.382	227.778	0	300.430	0	0	
0	[SLPS]	0	546.174	227.900	0	300.384	0	0	
0	[SLPS]	0	545.961	228.024	0	300.335	0	0	
0	[SLPS]	0	545.961	228.024	0	300.335	0	0	
0	[SLPS]	0	545.537	228.276	0	300.240	0	0	
0	[SLPS]	0	545.537	228.276	0	300.240	0	0	
0	[SLPS]	0	545.325	228.395	0	300.192	0	0	
0	[SLPS]	0	545.111	228.520	0	300.138	0	0	
0	[SLPS]	0	545.111	228.520	0	300.138	0	0	
0	[SLPS]	0	544.680	228.763	0	300.031	0	0	
0	[SLPS]	0	544.680	228.763	0	300.031	0	0	
0	[SLPS]	0	544.473	228.886	0	299.987	0	0	
0	[SLPS]	0	544.257	229.003	0	299.926	0	0	
0	[SLPS]	0	544.044	229.129	0	299.871	0	0	
0	[SLPS]	0	543.830	229.247	0	299.826	0	0	
0	[SLPS]	0	543.830	229.247	0	299.826	0	0	
0	[SLPS]	0	543.410	229.495	0	299.728	0	0	
0	[SLPS]	0	543.410	229.495	0	299.728	0	0	
0	[SLPS]	0	543.200	229.619	0	299.686	0	0	
0	[SLPS]	0	542.988	229.737	0	299.629	0	0	
0	[SLPS]	0	542.988	229.737	0	299.629	0	0	
0	[SLPS]	0	542.572	229.980	0	299.552	0	0	
0	[SLPS]	0	542.572	229.980	0	299.552	0	0	
0	[SLPS]	0	542.362	230.101	0	299.509	0	0	
0	[SLPS]	0	542.146	230.213	0	299.444	0	0	
0	[SLPS]	0	542.146	230.213	0	299.444	0	0	
0	[SLPS]	0	541.728	230.456	0	299.320	0	0	
0	[SLPS]	0	541.728	230.456	0	299.320	0	0	
0	[SLPS]	0	541.520	230.574	0	299.277	0	0	
0	[SLPS]	0	541.309	230.689	0	299.223	0	0	
0	[SLPS]	0	541.309	230.689	0	299.223	0	0	
0	[SLPS]	0	540.894	230.929	0	299.134	0	0	
0	[SLPS]	0	540.894	230.929	0	299.134	0	0	
0	[SLPS]	0	540.684	231.047	0	299.086	0	0	
0	[SLPS]	0	540.477	231.163	0	299.041	0	0	
0	[SLPS]	0	540.477	231.163	0	299.041	0	0	
0	[SLPS]	0	540.056	231.387	0	298.927	0	0	
0	[SLPS]	0	540.056	231.387	0	298.927	0	0	
0	[SLPS]	0	539.637	231.614	0	298.809	0	0	
0	[SLPS]	0	539.637	231.614	0	298.809	0	0	
0	[SLPS]	0	539.431	231.725	0	298.749	0	0	
0	[SLPS]	0	539.222	231.837	0	298.700	0	0	
0	[SLPS]	0	539.222	231.837	0	298.700	0	0	
0	[SLPS]	0	538.807	232.065	0	298.615	0	0	
0	[SLPS]	0	538.807	232.065	0	298.615	0	0	
0	[SLPS]	0	538.599	232.175	0	298.574	0	0	
0	[SLPS]	0	538.390	232.285	0	298.527	0	0	
0	[SLPS]	0	538.390	232.285	0	298.527	0	0	
0	[SLPS]	0	537.975	232.512	0	298.421	0	0	
0	[SLPS]	0	537.975	232.512	0	298.421	0	0	
0	[SLPS]	0	537.773	232.627	0	298.381	0	0	
0	[SLPS]	0	537.570	232.745	0	298.343	0	0	
0	[SLPS]	0	537.570	232.745	0	298.343	0	0	
0	[SLPS]	0	537.154	232.966	0	298.247	0	0	
0	[SLPS]	0	537.154	232.966	0	298.247	0	0	
0	[SLPS]	0	536.944	233.070	0	298.190	0	0	
0	[SLPS]	0	536.742	233.186	0	298.138	0	0	
0	[SLPS]	0	536.742	233.186	0	298.138	0	0	
0	[SLPS]	0	536.322	233.411	0	298.052	0	0	
0	[SLPS]	0	536.322	233.411	0	298.052	0	0	
0	[SLPS]	0	536.118	233.523	0	298.010	0	0	
0	[SLPS]	0	535.914	233.635	0	297.964	0	0	
0	[SLPS]	0	535.914	233.635	0	297.964	0	0	
0	[SLPS]	0	535.503	233.857	0	297.858	0	0	
0	[SLPS]	0	535.503	233.857	0	297.858	0	0	
0	[SLPS]	0	535.298	233.962	0	297.805	0	0	
0	[SLPS]	0	535.089	234.071	0	297.759	0	0	
0	[SLPS]	0	534.879	234.180	0	297.706	0	0	
0	[SLPS]	0	534.678	234.289	0	297.654	0	0	
0	[SLPS]	0	534.678	234.289	0	297.654	0	0	
0	[SLPS]	0	534.274	234.508	0	297.563	0	0	
0	[SLPS]	0	534.274	234.508	0	297.563	0	0	
0	[SLPS]	0	534.274	234.508	0	297.563	0	0	
0	[SLPS]	0	533.865	234.718	0	297.468	0	0	
0	[SLPS]	0	533.865	234.718	0	297.468	0	0	
0	[SLPS]	0	533.663	234.824	0	297.424	0	0	
0	[SLPS]	0	533.459	234.932	0	297.375	0	0	
0	[SLPS]	0	533.254	235.035	0	297.329	0	0	
0	[SLPS]	0	533.049	235.138	0	297.290	0	0	
0	[SLPS]	0	533.049	235.138	0	297.290	0	0	
0	[SLPS]	0	532.648	235.349	0	297.270	0	0	
0	[SLPS]	0	532.648	235.349	0	297.270	0	0	
0	[SLPS]	0	532.443	235.458	0	297.276	0	0	
0	[SLPS]	0	532.243	235.565	0	297.295	0	0	
0	[SLPS]	0	532.243	235.565	0	297.295	0	0	
0	[SLPS]	0	531.840	235.774	0	297.317	0	0	
0	[SLPS]	0	531.840	235.774	0	297.317	0	0	
0	[SLPS]	0	531.638	235.879	0	297.326	0	0	
0	[SLPS]	0	531.438	235.983	0	297.336	0	0	
0	[SLPS]	0	531.438	235.983	0	297.336	0	0	
0	[SLPS]	0	531.043	236.195	0	297.365	0	0	
0	[SLPS]	0	531.043	236.195	0	297.365	0	0	
0	[SLPS]	0	530.845	236.300	0	297.384	0	0	
0	[SLPS]	0	530.648	236.406	0	297.401	0	0	
0	[SLPS]	0	530.648	236.406	0	297.401	0	0	
0	[SLPS]	0	530.253	236.612	0	297.414	0	0	
0	[SLPS]	0	530.253	236.612	0	297.414	0	0	
0	[SLPS]	0	530.053	236.716	0	297.420	0	0	
0	[SLPS]	0	529.861	236.824	0	297.436	0	0	
0	[SLPS]	0	529.664	236.920	0	297.439	0	0	
0	[SLPS]	0	529.467	237.025	0	297.443	0	0	
0	[SLPS]	0	529.467	237.025	0	297.443	0	0	
0	[SLPS]	0	529.273	237.127	0	297.439	0	0	
0	[SLPS]	0	529.084	237.242	0	297.457	0	0	
0	[SLPS]	0	528.882	237.341	0	297.457	0	0	
0	[SLPS]	0	528.680	237.442	0	297.448	0	0	
0	[SLPS]	0	528.680	237.442	0	297.448	0	0	
0	[SLPS]	0	528.288	237.650	0	297.440	0	0	
0	[SLPS]	0	528.288	237.650	0	297.440	0	0	
0	[SLPS]	0	528.091	237.749	0	297.419	0	0	
0	[SLPS]	0	527.896	237.849	0	297.387	0	0	
0	[SLPS]	0	527.896	237.849	0	297.387	0	0	
0	[SLPS]	0	527.510	238.049	0	297.299	0	0	
0	[SLPS]	0	527.510	238.049	0	297.299	0	0	
0	[SLPS]	0	527.317	238.153	0	297.255	0	0	
0	[SLPS]	0	527.120	238.251	0	297.193	0	0	
0	[SLPS]	0	527.120	238.251	0	297.193	0	0	
0	[SLPS]	0	526.728	238.446	0	297.075	0	0	
0	[SLPS]	0	526.728	238.446	0	297.075	0	0	
0	[SLPS]	0	526.545	238.548	0	297.007	0	0	
0	[SLPS]	0	526.349	238.643	0	296.936	0	0	
0	[SLPS]	0	526.349	238.643	0	296.936	0	0	
0	[SLPS]	0	525.966	238.845	0	296.790	0	0	
0	[SLPS]	0	525.966	238.845	0	296.790	0	0	
0	[SLPS]	0	525.776	238.940	0	296.714	0	0	
0	[SLPS]	0	525.581	239.037	0	296.638	0	0	
0	[SLPS]	0	525.581	239.037	0	296.638	0	0	
0	[SLPS]	0	525.198	239.229	0	296.484	0	0	
0	[SLPS]	0	525.198	239.229	0	296.484	0	0	
0	[SLPS]	0	525.004	239.314	0	296.409	0	0	
0	[SLPS]	0	524.813	239.405	0	296.330	0	0	
0	[SLPS]	0	524.813	239.405	0	296.330	0	0	
0	[SLPS]	0	524.432	239.592	0	296.165	0	0	
0	[SLPS]	0	524.432	239.592	0	296.165	0	0	
0	[SLPS]	0	524.245	239.685	0	296.084	0	0	
0	[SLPS]	0	524.049	239.777	0	296.009	0	0	
0	[SLPS]	0	524.049	239.777	0	296.009	0	0	
0	[SLPS]	0	523.669	239.964	0	295.856	0	0	
0	[SLPS]	0	523.669	239.964	0	295.856	0	0	
0	[SLPS]	0	523.482	240.057	0	295.784	0	0	
0	[SLPS]	0	523.294	240.149	0	295.705	0	0	
0	[SLPS]	0	523.294	240.149	0	295.705	0	0	
0	[SLPS]	0	522.912	240.325	0	295.544	0	0	
0	[SLPS]	0	522.912	240.325	0	295.544	0	0	
0	[SLPS]	0	522.723	240.417	0	295.466	0	0	
0	[SLPS]	0	522.538	240.508	0	295.381	0	0	
0	[SLPS]	0	522.349	240.595	0	295.293	0	0	
0	[SLPS]	0	522.162	240.684	0	295.201	0	0	
0	[SLPS]	0	522.162	240.684	0	295.201	0	0	
0	[SLPS]	0	521.976	240.774	0	295.104	0	0	
0	[SLPS]	0	521.786	240.865	0	294.994	0	0	
0	[SLPS]	0	521.597	240.952	0	294.881	0	0	
0	[SLPS]	0	521.413	241.040	0	294.762	0	0	
0	[SLPS]	0	521.413	241.040	0	294.762	0	0	
0	[SLPS]	0	521.033	241.207	0	294.504	0	0	
0	[SLPS]	0	521.033	241.207	0	294.504	0	0	
0	[SLPS]	0	520.845	241.288	0	294.370	0	0	
0	[SLPS]	0	520.659	241.373	0	294.232	0	0	
0	[SLPS]	0	520.659	241.373	0	294.232	0	0	
0	[SLPS]	0	520.287	241.539	0	293.950	0	0	
0	[SLPS]	0	520.287	241.539	0	293.950	0	0	
0	[SLPS]	0	520.104	241.617	0	293.801	0	0	
0	[SLPS]	0	519.921	241.700	0	293.651	0	0	
0	[SLPS]	0	519.921	241.700	0	293.651	0	0	
0	[SLPS]	0	519.549	241.857	0	293.349	0	0	
0	[SLPS]	0	519.549	241.857	0	293.349	0	0	
0	[SLPS]	0	519.360	241.936	0	293.192	0	0	
0	[SLPS]	0	519.179	242.012	0	293.039	0	0	
0	[SLPS]	0	519.179	242.012	0	293.039	0	0	
0	[SLPS]	0	518.810	242.163	0	292.719	0	0	
0	[SLPS]	0	518.810	242.163	0	292.719	0	0	
0	[SLPS]	0	518.631	242.241	0	292.562	0	0	
0	[SLPS]	0	518.448	242.313	0	292.408	0	0	
0	[SLPS]	0	518.448	242.313	0	292.408	0	0	
0	[SLPS]	0	518.080	242.461	0	292.096	0	0	
0	[SLPS]	0	518.080	242.461	0	292.096	0	0	
0	[SLPS]	0	517.896	242.536	0	291.934	0	0	
0	[SLPS]	0	517.711	242.605	0	291.778	0	0	
0	[SLPS]	0	517.711	242.605	0	291.778	0	0	
0	[SLPS]	0	517.351	242.746	0	291.468	0	0	
0	[SLPS]	0	517.351	242.746	0	291.468	0	0	
0	[SLPS]	0	517.165	242.816	0	291.311	0	0	
0	[SLPS]	0	516.985	242.887	0	291.154	0	0	
0	[SLPS]	0	516.985	242.887	0	291.154	0	0	
0	[SLPS]	0	516.624	243.022	0	290.839	0	0	
0	[SLPS]	0	516.624	243.022	0	290.839	0	0	
0	[SLPS]	0	516.624	243.022	0	290.839	0	0	
0	[SLPS]	0	516.259	243.162	0	290.524	0	0	
0	[SLPS]	0	516.259	243.162	0	290.524	0	0	
0	[SLPS]	0	516.074	243.221	0	290.376	0	0	
0	[SLPS]	0	515.894	243.287	0	290.221	0	0	
0	[SLPS]	0	515.894	243.287	0	290.221	0	0	
0	[SLPS]	0	515.716	243.355	0	290.071	0	0	
0	[SLPS]	0	515.538	243.418	0	289.920	0	0	
0	[SLPS]	0	515.361	243.479	0	289.767	0	0	
0	[SLPS]	0	515.181	243.543	0	289.613	0	0	
0	[SLPS]	0	515.181	243.543	0	289.613	0	0	
0	[SLPS]	0	514.810	243.679	0	289.314	0	0	
0	[SLPS]	0	514.810	243.679	0	289.314	0	0	
0	[SLPS]	0	514.628	243.737	0	289.159	0	0	
0	[SLPS]	0	514.448	243.803	0	289.009	0	0	
0	[SLPS]	0	514.448	243.803	0	289.009	0	0	
0	[SLPS]	0	514.086	243.923	0	288.704	0	0	
0	[SLPS]	0	514.086	243.923	0	288.704	0	0	
0	[SLPS]	0	513.910	243.984	0	288.555	0	0	
0	[SLPS]	0	513.735	244.046	0	288.409	0	0	
0	[SLPS]	0	513.735	244.046	0	288.409	0	0	
0	[SLPS]	0	513.380	244.161	0	288.134	0	0	
0	[SLPS]	0	513.380	244.161	0	288.134	0	0	
0	[SLPS]	0	513.201	244.211	0	288.017	0	0	
0	[SLPS]	0	513.024	244.272	0	287.899	0	0	
0	[SLPS]	0	512.847	244.333	0	287.788	0	0	
0	[SLPS]	0	512.665	244.387	0	287.679	0	0	
0	[SLPS]	0	512.665	244.387	0	287.679	0	0	
0	[SLPS]	0	512.309	244.501	0	287.450	0	0	
0	[SLPS]	0	512.309	244.501	0	287.450	0	0	
0	[SLPS]	0	512.138	244.561	0	287.333	0	0	
0	[SLPS]	0	511.953	244.610	0	287.220	0	0	
0	[SLPS]	0	511.953	244.610	0	287.220	0	0	
0	[SLPS]	0	511.597	244.720	0	287.013	0	0	
0	[SLPS]	0	511.597	244.720	0	287.013	0	0	
0	[SLPS]	0	511.419	244.779	0	286.912	0	0	
0	[SLPS]	0	511.238	244.831	0	286.805	0	0	
0	[SLPS]	0	511.238	244.831	0	286.805	0	0	
0	[SLPS]	0	510.886	244.941	0	286.577	0	0	
0	[SLPS]	0	510.886	244.941	0	286.577	0	0	
0	[SLPS]	0	510.711	244.995	0	286.462	0	0	
0	[SLPS]	0	510.531	245.053	0	286.353	0	0	
0	[SLPS]	0	510.531	245.053	0	286.353	0	0	
0	[SLPS]	0	510.181	245.166	0	286.135	0	0	
0	[SLPS]	0	510.181	245.166	0	286.135	0	0	
0	[SLPS]	0	510.006	245.226	0	286.020	0	0	
0	[SLPS]	0	509.830	245.273	0	285.906	0	0	
0	[SLPS]	0	509.657	245.327	0	285.793	0	0	
0	[SLPS]	0	509.475	245.369	0	285.676	0	0	
0	[SLPS]	0	509.475	245.369	0	285.676	0	0	
0	[SLPS]	0	509.120	245.466	0	285.447	0	0	
0	[SLPS]	0	509.120	245.466	0	285.447	0	0	
0	[SLPS]	0	508.939	245.508	0	285.336	0	0	
0	[SLPS]	0	508.762	245.553	0	285.223	0	0	
0	[SLPS]	0	508.762	245.553	0	285.223	0	0	
0	[SLPS]	0	508.409	245.648	0	284.999	0	0	
0	[SLPS]	0	508.409	245.648	0	284.999	0	0	
0	[SLPS]	0	508.231	245.695	0	284.882	0	0	
0	[SLPS]	0	508.056	245.738	0	284.772	0	0	
0	[SLPS]	0	508.056	245.738	0	284.772	0	0	
0	[SLPS]	0	507.705	245.831	0	284.552	0	0	
0	[SLPS]	0	507.705	245.831	0	284.552	0	0	
0	[SLPS]	0	507.531	245.875	0	284.439	0	0	
0	[SLPS]	0	507.350	245.919	0	284.333	0	0	
0	[SLPS]	0	507.350	245.919	0	284.333	0	0	
0	[SLPS]	0	506.992	246.001	0	284.111	0	0	
0	[SLPS]	0	506.992	246.001	0	284.111	0	0	
0	[SLPS]	0	506.820	246.045	0	284.000	0	0	
0	[SLPS]	0	506.641	246.089	0	283.891	0	0	
0	[SLPS]	0	506.641	246.089	0	283.891	0	0	
0	[SLPS]	0	506.290	246.166	0	283.659	0	0	
0	[SLPS]	0	506.290	246.166	0	283.659	0	0	
0	[SLPS]	0	506.120	246.210	0	283.549	0	0	
0	[SLPS]	0	505.930	246.257	0	283.440	0	0	
0	[SLPS]	0	505.752	246.298	0	283.331	0	0	
0	[SLPS]	0	505.579	246.347	0	283.220	0	0	
0	[SLPS]	0	505.579	246.347	0	283.220	0	0	
0	[SLPS]	0	505.227	246.428	0	282.989	0	0	
0	[SLPS]	0	505.227	246.428	0	282.989	0	0	
0	[SLPS]	0	505.044	246.452	0	282.871	0	0	
0	[SLPS]	0	504.869	246.499	0	282.749	0	0	
0	[SLPS]	0	504.869	246.499	0	282.749	0	0	
0	[SLPS]	0	504.525	246.583	0	282.488	0	0	
0	[SLPS]	0	504.525	246.583	0	282.488	0	0	
0	[SLPS]	0	504.348	246.621	0	282.365	0	0	
0	[SLPS]	0	504.165	246.652	0	282.248	0	0	
0	[SLPS]	0	504.165	246.652	0	282.248	0	0	
0	[SLPS]	0	503.813	246.717	0	281.997	0	0	
0	[SLPS]	0	503.813	246.717	0	281.997	0	0	
0	[SLPS]	0	503.640	246.768	0	281.862	0	0	
0	[SLPS]	0	503.461	246.797	0	281.731	0	0	
0	[SLPS]	0	503.461	246.797	0	281.731	0	0	
0	[SLPS]	0	503.102	246.860	0	281.487	0	0	
0	[SLPS]	0	503.102	246.860	0	281.487	0	0	
0	[SLPS]	0	502.931	246.901	0	281.364	0	0	
0	[SLPS]	0	502.753	246.935	0	281.240	0	0	
0	[SLPS]	0	502.753	246.935	0	281.240	0	0	
0	[SLPS]	0	502.403	247.009	0	280.979	0	0	
0	[SLPS]	0	502.403	247.009	0	280.979	0	0	
0	[SLPS]	0	502.230	247.037	0	280.849	0	0	
0	[SLPS]	0	502.042	247.067	0	280.727	0	0	
0	[SLPS]	0	502.042	247.067	0	280.727	0	0	
0	[SLPS]	0	501.695	247.143	0	280.499	0	0	
0	[SLPS]	0	501.695	247.143	0	280.499	0	0	
0	[SLPS]	0	501.517	247.172	0	280.390	0	0	
0	[SLPS]	0	501.342	247.200	0	280.288	0	0	
0	[SLPS]	0	501.170	247.229	0	280.196	0	0	
0	[SLPS]	0	500.988	247.257	0	280.119	0	0	
0	[SLPS]	0	500.988	247.257	0	280.119	0	0	
0	[SLPS]	0	500.636	247.314	0	279.998	0	0	
0	[SLPS]	0	500.636	247.314	0	279.998	0	0	
0	[SLPS]	0	500.461	247.347	0	279.959	0	0	
0	[SLPS]	0	500.277	247.378	0	279.918	0	0	
0	[SLPS]	0	500.277	247.378	0	279.918	0	0	
0	[SLPS]	0	499.925	247.443	0	279.873	0	0	
0	[SLPS]	0	499.925	247.443	0	279.873	0	0	
0	[SLPS]	0	499.752	247.476	0	279.858	0	0	
0	[SLPS]	0	499.571	247.510	0	279.844	0	0	
0	[SLPS]	0	499.571	247.510	0	279.844	0	0	
0	[SLPS]	0	499.217	247.575	0	279.826	0	0	
0	[SLPS]	0	499.217	247.575	0	279.826	0	0	
0	[SLPS]	0	499.040	247.607	0	279.815	0	0	
0	[SLPS]	0	498.862	247.640	0	279.794	0	0	
0	[SLPS]	0	498.862	247.640	0	279.794	0	0	
0	[SLPS]	0	498.499	247.693	0	279.690	0	0	
0	[SLPS]	0	498.499	247.693	0	279.690	0	0	
0	[SLPS]	0	498.323	247.727	0	279.636	0	0	
0	[SLPS]	0	498.147	247.757	0	279.579	0	0	
0	[SLPS]	0	498.147	247.757	0	279.579	0	0	
0	[SLPS]	0	497.794	247.818	0	279.408	0	0	
0	[SLPS]	0	497.794	247.818	0	279.408	0	0	
0	[SLPS]	0	497.618	247.857	0	279.291	0	0	
0	[SLPS]	0	497.438	247.889	0	279.161	0	0	
0	[SLPS]	0	497.438	247.889	0	279.161	0	0	
0	[SLPS]	0	497.081	247.939	0	278.859	0	0	
0	[SLPS]	0	497.081	247.939	0	278.859	0	0	
0	[SLPS]	0	496.903	247.970	0	278.676	0	0	
0	[SLPS]	0	496.724	247.996	0	278.476	0	0	
0	[SLPS]	0	496.539	248.019	0	278.273	0	0	
0	[SLPS]	0	496.358	248.042	0	278.070	0	0	
0	[SLPS]	0	496.358	248.042	0	278.070	0	0	
0	[SLPS]	0	495.995	248.078	0	277.644	0	0	
0	[SLPS]	0	495.995	248.078	0	277.644	0	0	
0	[SLPS]	0	495.818	248.100	0	277.434	0	0	
0	[SLPS]	0	495.634	248.115	0	277.229	0	0	
0	[SLPS]	0	495.634	248.115	0	277.229	0	0	
0	[SLPS]	0	495.275	248.151	0	276.826	0	0	
0	[SLPS]	0	495.275	248.151	0	276.826	0	0	
0	[SLPS]	0	495.095	248.170	0	276.647	0	0	
0	[SLPS]	0	494.908	248.184	0	276.489	0	0	
0	[SLPS]	0	494.908	248.184	0	276.489	0	0	
0	[SLPS]	0	494.554	248.213	0	276.242	0	0	
0	[SLPS]	0	494.554	248.213	0	276.242	0	0	
0	[SLPS]	0	494.368	248.228	0	276.124	0	0	
0	[SLPS]	0	494.189	248.251	0	276.013	0	0	
0	[SLPS]	0	494.189	248.251	0	276.013	0	0	
0	[SLPS]	0	493.829	248.289	0	275.796	0	0	
0	[SLPS]	0	493.829	248.289	0	275.796	0	0	
0	[SLPS]	0	493.641	248.305	0	275.691	0	0	
0	[SLPS]	0	493.458	248.327	0	275.585	0	0	
0	[SLPS]	0	493.458	248.327	0	275.585	0	0	
0	[SLPS]	0	493.089	248.369	0	275.370	0	0	
0	[SLPS]	0	493.089	248.369	0	275.370	0	0	
0	[SLPS]	0	492.905	248.388	0	275.264	0	0	
0	[SLPS]	0	492.716	248.416	0	275.158	0	0	
0	[SLPS]	0	492.530	248.433	0	275.052	0	0	
0	[SLPS]	0	492.341	248.446	0	274.946	0	0	
0	[SLPS]	0	492.341	248.446	0	274.946	0	0	
0	[SLPS]	0	491.971	248.486	0	274.740	0	0	
0	[SLPS]	0	491.971	248.486	0	274.740	0	0	
0	[SLPS]	0	491.783	248.502	0	274.642	0	0	
0	[SLPS]	0	491.594	248.514	0	274.534	0	0	
0	[SLPS]	0	491.594	248.514	0	274.534	0	0	
0	[SLPS]	0	491.214	248.543	0	274.290	0	0	
0	[SLPS]	0	491.214	248.543	0	274.290	0	0	
0	[SLPS]	0	491.025	248.557	0	274.178	0	0	
0	[SLPS]	0	490.852	248.547	0	274.068	0	0	
0	[SLPS]	0	490.852	248.547	0	274.068	0	0	
0	[SLPS]	0	490.483	248.562	0	273.841	0	0	
0	[SLPS]	0	490.483	248.562	0	273.841	0	0	
0	[SLPS]	0	490.305	248.574	0	273.726	0	0	
0	[SLPS]	0	490.117	248.585	0	273.608	0	0	
0	[SLPS]	0	490.117	248.585	0	273.608	0	0	
0	[SLPS]	0	489.739	248.612	0	273.344	0	0	
0	[SLPS]	0	489.739	248.612	0	273.344	0	0	
0	[SLPS]	0	489.554	248.626	0	273.209	0	0	
0	[SLPS]	0	489.367	248.643	0	273.091	0	0	
0	[SLPS]	0	489.367	248.643	0	273.091	0	0	
0	[SLPS]	0	488.985	248.655	0	272.867	0	0	
0	[SLPS]	0	488.985	248.655	0	272.867	0	0	
0	[SLPS]	0	488.797	248.665	0	272.737	0	0	
0	[SLPS]	0	488.602	248.675	0	272.588	0	0	
0	[SLPS]	0	488.417	248.692	0	272.428	0	0	
0	[SLPS]	0	488.225	248.703	0	272.264	0	0	
0	[SLPS]	0	488.225	248.703	0	272.264	0	0	
0	[SLPS]	0	488.035	248.707	0	272.109	0	0	
0	[SLPS]	0	487.849	248.714	0	271.979	0	0	
0	[SLPS]	0	487.663	248.725	0	271.844	0	0	
0	[SLPS]	0	487.466	248.733	0	271.697	0	0	
0	[SLPS]	0	487.466	248.733	0	271.697	0	0	
0	[SLPS]	0	487.100	248.722	0	271.380	0	0	
0	[SLPS]	0	487.100	248.722	0	271.380	0	0	
0	[SLPS]	0	486.904	248.735	0	271.207	0	0	
0	[SLPS]	0	486.719	248.725	0	271.050	0	0	
0	[SLPS]	0	486.719	248.725	0	271.050	0	0	
0	[SLPS]	0	486.333	248.736	0	270.752	0	0	
0	[SLPS]	0	486.333	248.736	0	270.752	0	0	
0	[SLPS]	0	486.144	248.729	0	270.608	0	0	
0	[SLPS]	0	485.953	248.726	0	270.458	0	0	
0	[SLPS]	0	485.953	248.726	0	270.458	0	0	
0	[SLPS]	0	485.573	248.730	0	270.138	0	0	
0	[SLPS]	0	485.573	248.730	0	270.138	0	0	
0	[SLPS]	0	485.380	248.732	0	269.980	0	0	
0	[SLPS]	0	485.189	248.728	0	269.835	0	0	
0	[SLPS]	0	484.999	248.726	0	269.704	0	0	
0	[SLPS]	0	484.808	248.725	0	269.593	0	0	
0	[SLPS]	0	484.808	248.725	0	269.593	0	0	
0	[SLPS]	0	484.429	248.715	0	269.387	0	0	
0	[SLPS]	0	484.429	248.715	0	269.387	0	0	
0	[SLPS]	0	484.238	248.712	0	269.291	0	0	
0	[SLPS]	0	484.043	248.709	0	269.196	0	0	
0	[SLPS]	0	484.043	248.709	0	269.196	0	0	
0	[SLPS]	0	483.657	248.701	0	268.992	0	0	
0	[SLPS]	0	483.657	248.701	0	268.992	0	0	
0	[SLPS]	0	483.462	248.703	0	268.891	0	0	
0	[SLPS]	0	483.268	248.700	0	268.791	0	0	
0	[SLPS]	0	483.268	248.700	0	268.791	0	0	
0	[SLPS]	0	482.872	248.678	0	268.577	0	0	
0	[SLPS]	0	482.872	248.678	0	268.577	0	0	
0	[SLPS]	0	482.677	248.681	0	268.475	0	0	
0	[SLPS]	0	482.481	248.669	0	268.379	0	0	
0	[SLPS]	0	482.481	248.669	0	268.379	0	0	
0	[SLPS]	0	482.085	248.654	0	268.180	0	0	
0	[SLPS]	0	482.085	248.654	0	268.180	0	0	
0	[SLPS]	0	481.894	248.646	0	268.081	0	0	
0	[SLPS]	0	481.696	248.644	0	267.978	0	0	
0	[SLPS]	0	481.509	248.648	0	267.873	0	0	
0	[SLPS]	0	481.322	248.638	0	267.769	0	0	
0	[SLPS]	0	481.322	248.638	0	267.769	0	0	
0	[SLPS]	0	481.133	248.633	0	267.663	0	0	
0	[SLPS]	0	480.939	248.620	0	267.563	0	0	
0	[SLPS]	0	480.746	248.612	0	267.460	0	0	
0	[SLPS]	0	480.555	248.597	0	267.353	0	0	
0	[SLPS]	0	480.555	248.597	0	267.353	0	0	
0	[SLPS]	0	480.158	248.590	0	267.134	0	0	
0	[SLPS]	0	480.158	248.590	0	267.134	0	0	
0	[SLPS]	0	479.963	248.575	0	267.018	0	0	
0	[SLPS]	0	479.767	248.563	0	266.896	0	0	
0	[SLPS]	0	479.767	248.563	0	266.896	0	0	
0	[SLPS]	0	479.390	248.538	0	266.657	0	0	
0	[SLPS]	0	479.390	248.538	0	266.657	0	0	
0	[SLPS]	0	479.197	248.522	0	266.538	0	0	
0	[SLPS]	0	478.995	248.512	0	266.417	0	0	
0	[SLPS]	0	478.995	248.512	0	266.417	0	0	
0	[SLPS]	0	478.597	248.493	0	266.165	0	0	
0	[SLPS]	0	478.597	248.493	0	266.165	0	0	
0	[SLPS]	0	478.411	248.471	0	266.038	0	0	
0	[SLPS]	0	478.205	248.458	0	265.918	0	0	
0	[SLPS]	0	478.009	248.444	0	265.799	0	0	
0	[SLPS]	0	477.819	248.431	0	265.682	0	0	
0	[SLPS]	0	477.819	248.431	0	265.682	0	0	
0	[SLPS]	0	477.424	248.396	0	265.444	0	0	
0	[SLPS]	0	477.424	248.396	0	265.444	0	0	
0	[SLPS]	0	477.227	248.386	0	265.320	0	0	
0	[SLPS]	0	477.028	248.364	0	265.188	0	0	
0	[SLPS]	0	477.028	248.364	0	265.188	0	0	
0	[SLPS]	0	476.636	248.325	0	264.933	0	0	
0	[SLPS]	0	476.636	248.325	0	264.933	0	0	
0	[SLPS]	0	476.441	248.302	0	264.804	0	0	
0	[SLPS]	0	476.253	248.272	0	264.682	0	0	
0	[SLPS]	0	476.253	248.272	0	264.682	0	0	
0	[SLPS]	0	475.845	248.252	0	264.441	0	0	
0	[SLPS]	0	475.845	248.252	0	264.441	0	0	
0	[SLPS]	0	475.651	248.226	0	264.316	0	0	
0	[SLPS]	0	475.449	248.209	0	264.193	0	0	
0	[SLPS]	0	475.449	248.209	0	264.193	0	0	
0	[SLPS]	0	475.050	248.172	0	263.938	0	0	
0	[SLPS]	0	475.050	248.172	0	263.938	0	0	
0	[SLPS]	0	474.852	248.152	0	263.821	0	0	
0	[SLPS]	0	474.653	248.128	0	263.705	0	0	
0	[SLPS]	0	474.653	248.128	0	263.705	0	0	
0	[SLPS]	0	474.263	248.080	0	263.462	0	0	
0	[SLPS]	0	474.263	248.080	0	263.462	0	0	
0	[SLPS]	0	474.071	248.062	0	263.350	0	0	
0	[SLPS]	0	473.867	248.028	0	263.245	0	0	
0	[SLPS]	0	473.867	248.028	0	263.245	0	0	
0	[SLPS]	0	473.471	247.985	0	263.035	0	0	
0	[SLPS]	0	473.471	247.985	0	263.035	0	0	
0	[SLPS]	0	473.278	247.952	0	262.924	0	0	
0	[SLPS]	0	473.076	247.919	0	262.813	0	0	
0	[SLPS]	0	472.887	247.904	0	262.699	0	0	
0	[SLPS]	0	472.688	247.873	0	262.580	0	0	
0	[SLPS]	0	472.688	247.873	0	262.580	0	0	
0	[SLPS]	0	472.502	247.851	0	262.458	0	0	
0	[SLPS]	0	472.301	247.824	0	262.339	0	0	
0	[SLPS]	0	472.102	247.793	0	262.226	0	0	
0	[SLPS]	0	471.902	247.773	0	262.111	0	0	
0	[SLPS]	0	471.902	247.773	0	262.111	0	0	
0	[SLPS]	0	471.505	247.720	0	261.862	0	0	
0	[SLPS]	0	471.505	247.720	0	261.862	0	0	
0	[SLPS]	0	471.309	247.682	0	261.744	0	0	
0	[SLPS]	0	471.105	247.654	0	261.632	0	0	
0	[SLPS]	0	471.105	247.654	0	261.632	0	0	
0	[SLPS]	0	470.715	247.596	0	261.399	0	0	
0	[SLPS]	0	470.715	247.596	0	261.399	0	0	
0	[SLPS]	0	470.521	247.564	0	261.279	0	0	
0	[SLPS]	0	470.320	247.526	0	261.169	0	0	
0	[SLPS]	0	470.320	247.526	0	261.169	0	0	
0	[SLPS]	0	469.928	247.476	0	260.949	0	0	
0	[SLPS]	0	469.928	247.476	0	260.949	0	0	
0	[SLPS]	0	469.734	247.438	0	260.840	0	0	
0	[SLPS]	0	469.525	247.403	0	260.732	0	0	
0	[SLPS]	0	469.525	247.403	0	260.732	0	0	
0	[SLPS]	0	469.153	247.336	0	260.508	0	0	
0	[SLPS]	0	469.153	247.336	0	260.508	0	0	
0	[SLPS]	0	468.962	247.296	0	260.390	0	0	
0	[SLPS]	0	468.763	247.259	0	260.270	0	0	
0	[SLPS]	0	468.572	247.220	0	260.156	0	0	
0	[SLPS]	0	468.372	247.202	0	260.045	0	0	
0	[SLPS]	0	468.372	247.202	0	260.045	0	0	
0	[SLPS]	0	467.989	247.120	0	259.800	0	0	
0	[SLPS]	0	467.989	247.120	0	259.800	0	0	
0	[SLPS]	0	467.989	247.120	0	259.800	0	0	
0	[SLPS]	0	467.588	247.054	0	259.557	0	0	
0	[SLPS]	0	467.588	247.054	0	259.557	0	0	
0	[SLPS]	0	467.190	246.972	0	259.327	0	0	
0	[SLPS]	0	467.190	246.972	0	259.327	0	0	
0	[SLPS]	0	466.998	246.930	0	259.199	0	0	
0	[SLPS]	0	466.800	246.895	0	259.066	0	0	
0	[SLPS]	0	466.800	246.895	0	259.066	0	0	
0	[SLPS]	0	466.407	246.812	0	258.791	0	0	
0	[SLPS]	0	466.407	246.812	0	258.791	0	0	
0	[SLPS]	0	466.204	246.776	0	258.646	0	0	
0	[SLPS]	0	466.008	246.729	0	258.515	0	0	
0	[SLPS]	0	466.008	246.729	0	258.515	0	0	
0	[SLPS]	0	465.622	246.643	0	258.263	0	0	
0	[SLPS]	0	465.622	246.643	0	258.263	0	0	
0	[SLPS]	0	465.420	246.607	0	258.128	0	0	
0	[SLPS]	0	465.231	246.566	0	257.987	0	0	
0	[SLPS]	0	465.231	246.566	0	257.987	0	0	
0	[SLPS]	0	464.833	246.495	0	257.726	0	0	
0	[SLPS]	0	464.833	246.495	0	257.726	0	0	
0	[SLPS]	0	464.643	246.457	0	257.598	0	0	
0	[SLPS]	0	464.454	246.415	0	257.471	0	0	
0	[SLPS]	0	464.454	246.415	0	257.471	0	0	
0	[SLPS]	0	464.063	246.332	0	257.211	0	0	
0	[SLPS]	0	464.063	246.332	0	257.211	0	0	
0	[SLPS]	0	463.874	246.281	0	257.068	0	0	
0	[SLPS]	0	463.681	246.231	0	256.920	0	0	
0	[SLPS]	0	463.681	246.231	0	256.920	0	0	
0	[SLPS]	0	463.290	246.136	0	256.661	0	0	
0	[SLPS]	0	463.290	246.136	0	256.661	0	0	
0	[SLPS]	0	463.096	246.089	0	256.533	0	0	
0	[SLPS]	0	462.905	246.038	0	256.404	0	0	
0	[SLPS]	0	462.713	245.982	0	256.271	0	0	
0	[SLPS]	0	462.518	245.938	0	256.142	0	0	
0	[SLPS]	0	462.518	245.938	0	256.142	0	0	
0	[SLPS]	0	462.139	245.835	0	255.910	0	0	
0	[SLPS]	0	462.139	245.835	0	255.910	0	0	
0	[SLPS]	0	461.945	245.785	0	255.822	0	0	
0	[SLPS]	0	461.758	245.733	0	255.744	0	0	
0	[SLPS]	0	461.758	245.733	0	255.744	0	0	
0	[SLPS]	0	461.368	245.637	0	255.567	0	0	
0	[SLPS]	0	461.368	245.637	0	255.567	0	0	
0	[SLPS]	0	461.175	245.588	0	255.471	0	0	
0	[SLPS]	0	460.980	245.541	0	255.384	0	0	
0	[SLPS]	0	460.980	245.541	0	255.384	0	0	
0	[SLPS]	0	460.601	245.443	0	255.210	0	0	
0	[SLPS]	0	460.601	245.443	0	255.210	0	0	
0	[SLPS]	0	460.409	245.390	0	255.124	0	0	
0	[SLPS]	0	460.215	245.338	0	255.040	0	0	
0	[SLPS]	0	460.215	245.338	0	255.040	0	0	
0	[SLPS]	0	459.840	245.239	0	254.868	0	0	
0	[SLPS]	0	459.840	245.239	0	254.868	0	0	
0	[SLPS]	0	459.655	245.181	0	254.776	0	0	
0	[SLPS]	0	459.472	245.124	0	254.679	0	0	
0	[SLPS]	0	459.472	245.124	0	254.679	0	0	
0	[SLPS]	0	459.085	245.027	0	254.510	0	0	
0	[SLPS]	0	459.085	245.027	0	254.510	0	0	
0	[SLPS]	0	458.899	244.971	0	254.426	0	0	
0	[SLPS]	0	458.711	244.917	0	254.339	0	0	
0	[SLPS]	0	458.520	244.872	0	254.255	0	0	
0	[SLPS]	0	458.333	244.819	0	254.174	0	0	
0	[SLPS]	0	458.333	244.819	0	254.174	0	0	
0	[SLPS]	0	457.952	244.711	0	254.012	0	0	
0	[SLPS]	0	457.952	244.711	0	254.012	0	0	
0	[SLPS]	0	457.775	244.653	0	253.934	0	0	
0	[SLPS]	0	457.585	244.594	0	253.862	0	0	
0	[SLPS]	0	457.585	244.594	0	253.862	0	0	
0	[SLPS]	0	457.209	244.488	0	253.717	0	0	
0	[SLPS]	0	457.209	244.488	0	253.717	0	0	
0	[SLPS]	0	457.026	244.428	0	253.628	0	0	
0	[SLPS]	0	456.832	244.367	0	253.547	0	0	
0	[SLPS]	0	456.832	244.367	0	253.547	0	0	
0	[SLPS]	0	456.457	244.256	0	253.401	0	0	
0	[SLPS]	0	456.457	244.256	0	253.401	0	0	
0	[SLPS]	0	456.274	244.200	0	253.319	0	0	
0	[SLPS]	0	456.086	244.144	0	253.226	0	0	
0	[SLPS]	0	455.898	244.086	0	253.123	0	0	
0	[SLPS]	0	455.715	244.029	0	253.021	0	0	
0	[SLPS]	0	455.715	244.029	0	253.021	0	0	
0	[SLPS]	0	455.342	243.921	0	252.798	0	0	
0	[SLPS]	0	455.342	243.921	0	252.798	0	0	
0	[SLPS]	0	455.155	243.864	0	252.681	0	0	
0	[SLPS]	0	454.970	243.805	0	252.554	0	0	
0	[SLPS]	0	454.970	243.805	0	252.554	0	0	
0	[SLPS]	0	454.608	243.675	0	252.279	0	0	
0	[SLPS]	0	454.608	243.675	0	252.279	0	0	
0	[SLPS]	0	454.415	243.624	0	252.136	0	0	
0	[SLPS]	0	454.235	243.562	0	252.006	0	0	
0	[SLPS]	0	454.235	243.562	0	252.006	0	0	
0	[SLPS]	0	453.886	243.431	0	251.759	0	0	
0	[SLPS]	0	453.886	243.431	0	251.759	0	0	
0	[SLPS]	0	453.691	243.377	0	251.642	0	0	
0	[SLPS]	0	453.514	243.309	0	251.531	0	0	
0	[SLPS]	0	453.514	243.309	0	251.531	0	0	
0	[SLPS]	0	453.149	243.182	0	251.330	0	0	
0	[SLPS]	0	453.149	243.182	0	251.330	0	0	
0	[SLPS]	0	452.960	243.121	0	251.243	0	0	
0	[SLPS]	0	452.765	243.060	0	251.158	0	0	
0	[SLPS]	0	452.765	243.060	0	251.158	0	0	
0	[SLPS]	0	452.401	242.938	0	250.975	0	0	
0	[SLPS]	0	452.401	242.938	0	250.975	0	0	
0	[SLPS]	0	452.207	242.867	0	250.878	0	0	
0	[SLPS]	0	452.020	242.805	0	250.780	0	0	
0	[SLPS]	0	451.844	242.742	0	250.690	0	0	
0	[SLPS]	0	451.653	242.680	0	250.616	0	0	
0	[SLPS]	0	451.653	242.680	0	250.616	0	0	
0	[SLPS]	0	451.276	242.553	0	250.494	0	0	
0	[SLPS]	0	451.276	242.553	0	250.494	0	0	
0	[SLPS]	0	451.094	242.480	0	250.442	0	0	
0	[SLPS]	0	450.911	242.419	0	250.382	0	0	
0	[SLPS]	0	450.911	242.419	0	250.382	0	0	
0	[SLPS]	0	450.733	242.352	0	250.327	0	0	
0	[SLPS]	0	450.550	242.283	0	250.276	0	0	
0	[SLPS]	0	450.550	242.283	0	250.276	0	0	
0	[SLPS]	0	450.197	242.151	0	250.159	0	0	
0	[SLPS]	0	450.197	242.151	0	250.159	0	0	
0	[SLPS]	0	450.005	242.087	0	250.095	0	0	
0	[SLPS]	0	449.825	242.017	0	250.039	0	0	
0	[SLPS]	0	449.825	242.017	0	250.039	0	0	
0	[SLPS]	0	449.470	241.882	0	249.941	0	0	
0	[SLPS]	0	449.470	241.882	0	249.941	0	0	
0	[SLPS]	0	449.284	241.815	0	249.896	0	0	
0	[SLPS]	0	449.088	241.753	0	249.839	0	0	
0	[SLPS]	0	449.088	241.753	0	249.839	0	0	
0	[SLPS]	0	448.722	241.624	0	249.731	0	0	
0	[SLPS]	0	448.722	241.624	0	249.731	0	0	
0	[SLPS]	0	448.537	241.568	0	249.674	0	0	
0	[SLPS]	0	448.352	241.503	0	249.616	0	0	
0	[SLPS]	0	448.352	241.503	0	249.616	0	0	
0	[SLPS]	0	447.972	241.383	0	249.508	0	0	
0	[SLPS]	0	447.972	241.383	0	249.508	0	0	
0	[SLPS]	0	447.788	241.331	0	249.455	0	0	
0	[SLPS]	0	447.603	241.268	0	249.403	0	0	
0	[SLPS]	0	447.603	241.268	0	249.403	0	0	
0	[SLPS]	0	447.238	241.150	0	249.294	0	0	
0	[SLPS]	0	447.238	241.150	0	249.294	0	0	
0	[SLPS]	0	447.049	241.093	0	249.239	0	0	
0	[SLPS]	0	446.871	241.012	0	249.190	0	0	
0	[SLPS]	0	446.871	241.012	0	249.190	0	0	
0	[SLPS]	0	446.527	240.859	0	249.078	0	0	
0	[SLPS]	0	446.527	240.859	0	249.078	0	0	
0	[SLPS]	0	446.353	240.782	0	249.027	0	0	
0	[SLPS]	0	446.178	240.702	0	248.973	0	0	
0	[SLPS]	0	445.997	240.631	0	248.921	0	0	
0	[SLPS]	0	445.816	240.555	0	248.866	0	0	
0	[SLPS]	0	445.816	240.555	0	248.866	0	0	
0	[SLPS]	0	445.454	240.406	0	248.755	0	0	
0	[SLPS]	0	445.454	240.406	0	248.755	0	0	
0	[SLPS]	0	445.274	240.333	0	248.705	0	0	
0	[SLPS]	0	445.095	240.257	0	248.646	0	0	
0	[SLPS]	0	445.095	240.257	0	248.646	0	0	
0	[SLPS]	0	444.911	240.189	0	248.588	0	0	
0	[SLPS]	0	444.734	240.107	0	248.539	0	0	
0	[SLPS]	0	444.553	240.039	0	248.528	0	0	
0	[SLPS]	0	444.369	239.969	0	248.502	0	0	
0	[SLPS]	0	444.369	239.969	0	248.502	0	0	
0	[SLPS]	0	444.012	239.815	0	248.365	0	0	
0	[SLPS]	0	444.012	239.815	0	248.365	0	0	
0	[SLPS]	0	443.828	239.754	0	248.305	0	0	
0	[SLPS]	0	443.648	239.685	0	248.270	0	0	
0	[SLPS]	0	443.648	239.685	0	248.270	0	0	
0	[SLPS]	0	443.283	239.539	0	248.171	0	0	
0	[SLPS]	0	443.283	239.539	0	248.171	0	0	
0	[SLPS]	0	443.102	239.458	0	248.077	0	0	
0	[SLPS]	0	442.918	239.386	0	248.024	0	0	
0	[SLPS]	0	442.918	239.386	0	248.024	0	0	
0	[SLPS]	0	442.562	239.250	0	247.912	0	0	
0	[SLPS]	0	442.562	239.250	0	247.912	0	0	
0	[SLPS]	0	442.374	239.168	0	247.860	0	0	
0	[SLPS]	0	442.195	239.095	0	247.820	0	0	
0	[SLPS]	0	442.195	239.095	0	247.820	0	0	
0	[SLPS]	0	441.836	238.947	0	247.724	0	0	
0	[SLPS]	0	441.836	238.947	0	247.724	0	0	
0	[SLPS]	0	441.659	238.867	0	247.655	0	0	
0	[SLPS]	0	441.479	238.795	0	247.593	0	0	
0	[SLPS]	0	441.479	238.795	0	247.593	0	0	
0	[SLPS]	0	441.113	238.649	0	247.508	0	0	
0	[SLPS]	0	441.113	238.649	0	247.508	0	0	
0	[SLPS]	0	440.930	238.579	0	247.485	0	0	
0	[SLPS]	0	440.753	238.497	0	247.432	0	0	
0	[SLPS]	0	440.753	238.497	0	247.432	0	0	
0	[SLPS]	0	440.390	238.334	0	247.301	0	0	
0	[SLPS]	0	440.390	238.334	0	247.301	0	0	
0	[SLPS]	0	440.203	238.271	0	247.248	0	0	
0	[SLPS]	0	440.028	238.187	0	247.160	0	0	
0	[SLPS]	0	439.851	238.112	0	247.117	0	0	
0	[SLPS]	0	439.667	238.030	0	247.053	0	0	
0	[SLPS]	0	439.667	238.030	0	247.053	0	0	
0	[SLPS]	0	439.293	237.878	0	246.943	0	0	
0	[SLPS]	0	439.293	237.878	0	246.943	0	0	
0	[SLPS]	0	439.111	237.800	0	246.876	0	0	
0	[SLPS]	0	438.927	237.727	0	246.826	0	0	
0	[SLPS]	0	438.927	237.727	0	246.826	0	0	
0	[SLPS]	0	438.553	237.575	0	246.762	0	0	
0	[SLPS]	0	438.553	237.575	0	246.762	0	0	
0	[SLPS]	0	438.379	237.493	0	246.687	0	0	
0	[SLPS]	0	438.206	237.409	0	246.620	0	0	
0	[SLPS]	0	438.206	237.409	0	246.620	0	0	
0	[SLPS]	0	437.846	237.276	0	246.494	0	0	
0	[SLPS]	0	437.846	237.276	0	246.494	0	0	
0	[SLPS]	0	437.671	237.202	0	246.444	0	0	
0	[SLPS]	0	437.491	237.122	0	246.394	0	0	
0	[SLPS]	0	437.491	237.122	0	246.394	0	0	
0	[SLPS]	0	437.137	236.971	0	246.327	0	0	
0	[SLPS]	0	437.137	236.971	0	246.327	0	0	
0	[SLPS]	0	436.955	236.892	0	246.278	0	0	
0	[SLPS]	0	436.776	236.806	0	246.220	0	0	
0	[SLPS]	0	436.776	236.806	0	246.220	0	0	
0	[SLPS]	0	436.597	236.727	0	246.168	0	0	
0	[SLPS]	0	436.436	236.629	0	246.115	0	0	
0	[SLPS]	0	436.436	236.629	0	246.115	0	0	
0	[SLPS]	0	436.058	236.466	0	246.004	0	0	
0	[SLPS]	0	436.058	236.466	0	246.004	0	0	
0	[SLPS]	0	435.880	236.383	0	245.947	0	0	
0	[SLPS]	0	435.699	236.308	0	245.896	0	0	
0	[SLPS]	0	435.509	236.227	0	245.845	0	0	
0	[SLPS]	0	435.329	236.146	0	245.792	0	0	
0	[SLPS]	0	435.329	236.146	0	245.792	0	0	
0	[SLPS]	0	435.155	236.065	0	245.741	0	0	
0	[SLPS]	0	434.977	235.977	0	245.688	0	0	
0	[SLPS]	0	434.977	235.977	0	245.688	0	0	
0	[SLPS]	0	434.612	235.801	0	245.583	0	0	
0	[SLPS]	0	434.612	235.801	0	245.583	0	0	
0	[SLPS]	0	434.428	235.722	0	245.564	0	0	
0	[SLPS]	0	434.244	235.644	0	245.538	0	0	
0	[SLPS]	0	434.244	235.644	0	245.538	0	0	
0	[SLPS]	0	433.890	235.471	0	245.430	0	0	
0	[SLPS]	0	433.890	235.471	0	245.430	0	0	
0	[SLPS]	0	433.715	235.396	0	245.376	0	0	
0	[SLPS]	0	433.535	235.319	0	245.324	0	0	
0	[SLPS]	0	433.535	235.319	0	245.324	0	0	
0	[SLPS]	0	433.184	235.155	0	245.198	0	0	
0	[SLPS]	0	433.184	235.155	0	245.198	0	0	
0	[SLPS]	0	433.011	235.065	0	245.133	0	0	
0	[SLPS]	0	432.831	234.983	0	245.064	0	0	
0	[SLPS]	0	432.831	234.983	0	245.064	0	0	
0	[SLPS]	0	432.482	234.818	0	244.903	0	0	
0	[SLPS]	0	432.482	234.818	0	244.903	0	0	
0	[SLPS]	0	432.315	234.741	0	244.822	0	0	
0	[SLPS]	0	432.140	234.660	0	244.740	0	0	
0	[SLPS]	0	431.958	234.576	0	244.654	0	0	
0	[SLPS]	0	431.787	234.499	0	244.570	0	0	
0	[SLPS]	0	431.787	234.499	0	244.570	0	0	
0	[SLPS]	0	431.436	234.332	0	244.409	0	0	
0	[SLPS]	0	431.436	234.332	0	244.409	0	0	
0	[SLPS]	0	431.263	234.255	0	244.322	0	0	
0	[SLPS]	0	431.088	234.168	0	244.231	0	0	
0	[SLPS]	0	431.088	234.168	0	244.231	0	0	
0	[SLPS]	0	430.732	233.999	0	244.070	0	0	
0	[SLPS]	0	430.732	233.999	0	244.070	0	0	
0	[SLPS]	0	430.562	233.910	0	244.002	0	0	
0	[SLPS]	0	430.387	233.826	0	243.915	0	0	
0	[SLPS]	0	430.387	233.826	0	243.915	0	0	
0	[SLPS]	0	430.017	233.641	0	243.735	0	0	
0	[SLPS]	0	430.017	233.641	0	243.735	0	0	
0	[SLPS]	0	429.832	233.545	0	243.655	0	0	
0	[SLPS]	0	429.656	233.458	0	243.577	0	0	
0	[SLPS]	0	429.656	233.458	0	243.577	0	0	
0	[SLPS]	0	429.313	233.267	0	243.427	0	0	
0	[SLPS]	0	429.313	233.267	0	243.427	0	0	
0	[SLPS]	0	429.134	233.177	0	243.347	0	0	
0	[SLPS]	0	428.955	233.084	0	243.261	0	0	
0	[SLPS]	0	428.955	233.084	0	243.261	0	0	
0	[SLPS]	0	428.601	232.907	0	243.106	0	0	
0	[SLPS]	0	428.601	232.907	0	243.106	0	0	
0	[SLPS]	0	428.441	232.825	0	243.039	0	0	
0	[SLPS]	0	428.267	232.734	0	242.973	0	0	
0	[SLPS]	0	428.091	232.645	0	242.899	0	0	
0	[SLPS]	0	427.919	232.563	0	242.825	0	0	
0	[SLPS]	0	427.919	232.563	0	242.825	0	0	
0	[SLPS]	0	427.575	232.390	0	242.658	0	0	
0	[SLPS]	0	427.575	232.390	0	242.658	0	0	
0	[SLPS]	0	427.390	232.286	0	242.571	0	0	
0	[SLPS]	0	427.213	232.193	0	242.486	0	0	
0	[SLPS]	0	427.213	232.193	0	242.486	0	0	
0	[SLPS]	0	426.857	232.003	0	242.336	0	0	
0	[SLPS]	0	426.857	232.003	0	242.336	0	0	
0	[SLPS]	0	426.677	231.910	0	242.259	0	0	
0	[SLPS]	0	426.489	231.810	0	242.172	0	0	
0	[SLPS]	0	426.489	231.810	0	242.172	0	0	
0	[SLPS]	0	426.129	231.619	0	241.993	0	0	
0	[SLPS]	0	426.129	231.619	0	241.993	0	0	
0	[SLPS]	0	425.956	231.526	0	241.921	0	0	
0	[SLPS]	0	425.787	231.429	0	241.851	0	0	
0	[SLPS]	0	425.787	231.429	0	241.851	0	0	
0	[SLPS]	0	425.436	231.239	0	241.695	0	0	
0	[SLPS]	0	425.436	231.239	0	241.695	0	0	
0	[SLPS]	0	425.260	231.145	0	241.612	0	0	
0	[SLPS]	0	425.072	231.060	0	241.531	0	0	
0	[SLPS]	0	425.072	231.060	0	241.531	0	0	
0	[SLPS]	0	424.712	230.875	0	241.382	0	0	
0	[SLPS]	0	424.712	230.875	0	241.382	0	0	
0	[SLPS]	0	424.538	230.778	0	241.299	0	0	
0	[SLPS]	0	424.370	230.675	0	241.223	0	0	
0	[SLPS]	0	424.370	230.675	0	241.223	0	0	
0	[SLPS]	0	424.014	230.479	0	241.099	0	0	
0	[SLPS]	0	424.014	230.479	0	241.099	0	0	
0	[SLPS]	0	423.846	230.383	0	241.046	0	0	
0	[SLPS]	0	423.673	230.282	0	240.995	0	0	
0	[SLPS]	0	423.673	230.282	0	240.995	0	0	
0	[SLPS]	0	423.332	230.083	0	240.873	0	0	
0	[SLPS]	0	423.332	230.083	0	240.873	0	0	
0	[SLPS]	0	423.159	229.984	0	240.841	0	0	
0	[SLPS]	0	422.992	229.891	0	240.838	0	0	
0	[SLPS]	0	422.992	229.891	0	240.838	0	0	
0	[SLPS]	0	422.656	229.684	0	240.811	0	0	
0	[SLPS]	0	422.656	229.684	0	240.811	0	0	
0	[SLPS]	0	422.494	229.584	0	240.757	0	0	
0	[SLPS]	0	422.323	229.487	0	240.729	0	0	
0	[SLPS]	0	422.323	229.487	0	240.729	0	0	
0	[SLPS]	0	421.974	229.289	0	240.688	0	0	
0	[SLPS]	0	421.974	229.289	0	240.688	0	0	
0	[SLPS]	0	421.801	229.202	0	240.713	0	0	
0	[SLPS]	0	421.625	229.104	0	240.694	0	0	
0	[SLPS]	0	421.451	229.008	0	240.673	0	0	
0	[SLPS]	0	421.269	228.911	0	240.657	0	0	
0	[SLPS]	0	421.269	228.911	0	240.657	0	0	
0	[SLPS]	0	420.930	228.704	0	240.672	0	0	
0	[SLPS]	0	420.930	228.704	0	240.672	0	0	
0	[SLPS]	0	420.754	228.596	0	240.631	0	0	
0	[SLPS]	0	420.581	228.491	0	240.597	0	0	
0	[SLPS]	0	420.581	228.491	0	240.597	0	0	
0	[SLPS]	0	420.238	228.275	0	240.502	0	0	
0	[SLPS]	0	420.238	228.275	0	240.502	0	0	
0	[SLPS]	0	420.058	228.172	0	240.481	0	0	
0	[SLPS]	0	419.880	228.066	0	240.447	0	0	
0	[SLPS]	0	419.880	228.066	0	240.447	0	0	
0	[SLPS]	0	419.517	227.874	0	240.450	0	0	
0	[SLPS]	0	419.517	227.874	0	240.450	0	0	
0	[SLPS]	0	419.335	227.787	0	240.467	0	0	
0	[SLPS]	0	419.155	227.685	0	240.425	0	0	
0	[SLPS]	0	418.977	227.585	0	240.452	0	0	
0	[SLPS]	0	418.809	227.484	0	240.409	0	0	
0	[SLPS]	0	418.809	227.484	0	240.409	0	0	
0	[SLPS]	0	418.460	227.281	0	240.334	0	0	
0	[SLPS]	0	418.460	227.281	0	240.334	0	0	
0	[SLPS]	0	418.282	227.189	0	240.338	0	0	
0	[SLPS]	0	418.107	227.088	0	240.321	0	0	
0	[SLPS]	0	418.107	227.088	0	240.321	0	0	
0	[SLPS]	0	417.739	226.892	0	240.309	0	0	
0	[SLPS]	0	417.739	226.892	0	240.309	0	0	
0	[SLPS]	0	417.548	226.794	0	240.309	0	0	
0	[SLPS]	0	417.373	226.692	0	240.280	0	0	
0	[SLPS]	0	417.373	226.692	0	240.280	0	0	
0	[SLPS]	0	417.006	226.496	0	240.306	0	0	
0	[SLPS]	0	417.006	226.496	0	240.306	0	0	
0	[SLPS]	0	416.826	226.396	0	240.313	0	0	
0	[SLPS]	0	416.669	226.289	0	240.297	0	0	
0	[SLPS]	0	416.669	226.289	0	240.297	0	0	
0	[SLPS]	0	416.302	226.087	0	240.351	0	0	
0	[SLPS]	0	416.302	226.087	0	240.351	0	0	
0	[SLPS]	0	416.138	225.984	0	240.334	0	0	
0	[SLPS]	0	415.958	225.887	0	240.359	0	0	
0	[SLPS]	0	415.958	225.887	0	240.359	0	0	
0	[SLPS]	0	415.592	225.667	0	240.345	0	0	
0	[SLPS]	0	415.592	225.667	0	240.345	0	0	
0	[SLPS]	0	415.412	225.553	0	240.331	0	0	
0	[SLPS]	0	415.231	225.447	0	240.455	0	0	
0	[SLPS]	0	415.231	225.447	0	240.455	0	0	
0	[SLPS]	0	414.857	225.251	0	240.459	0	0	
0	[SLPS]	0	414.857	225.251	0	240.459	0	0	
0	[SLPS]	0	414.496	225.052	0	240.487	0	0	
0	[SLPS]	0	414.496	225.052	0	240.487	0	0	
0	[SLPS]	0	414.309	224.951	0	240.601	0	0	
0	[SLPS]	0	414.120	224.850	0	240.617	0	0	
0	[SLPS]	0	414.120	224.850	0	240.617	0	0	
0	[SLPS]	0	413.770	224.648	0	240.598	0	0	
0	[SLPS]	0	413.770	224.648	0	240.598	0	0	
0	[SLPS]	0	413.584	224.534	0	240.585	0	0	
0	[SLPS]	0	413.402	224.438	0	240.614	0	0	
0	[SLPS]	0	413.402	224.438	0	240.614	0	0	
0	[SLPS]	0	413.013	224.240	0	240.675	0	0	
0	[SLPS]	0	413.013	224.240	0	240.675	0	0	
0	[SLPS]	0	413.013	224.240	0	240.675	0	0	
0	[SLPS]	0	412.652	224.051	0	240.689	0	0	
0	[SLPS]	0	412.652	224.051	0	240.689	0	0	
0	[SLPS]	0	412.463	223.948	0	240.687	0	0	
0	[SLPS]	0	412.269	223.841	0	240.694	0	0	
0	[SLPS]	0	412.269	223.841	0	240.694	0	0	
0	[SLPS]	0	411.886	223.625	0	240.710	0	0	
0	[SLPS]	0	411.886	223.625	0	240.710	0	0	
0	[SLPS]	0	411.696	223.522	0	240.725	0	0	
0	[SLPS]	0	411.511	223.420	0	240.729	0	0	
0	[SLPS]	0	411.511	223.420	0	240.729	0	0	
0	[SLPS]	0	411.131	223.212	0	240.752	0	0	
0	[SLPS]	0	411.131	223.212	0	240.752	0	0	
0	[SLPS]	0	410.946	223.112	0	240.768	0	0	
0	[SLPS]	0	410.765	223.007	0	240.766	0	0	
0	[SLPS]	0	410.765	223.007	0	240.766	0	0	
0	[SLPS]	0	410.389	222.808	0	240.813	0	0	
0	[SLPS]	0	410.389	222.808	0	240.813	0	0	
0	[SLPS]	0	410.201	222.716	0	240.847	0	0	
0	[SLPS]	0	410.015	222.611	0	240.845	0	0	
0	[SLPS]	0	410.015	222.611	0	240.845	0	0	
0	[SLPS]	0	409.639	222.398	0	240.846	0	0	
0	[SLPS]	0	409.639	222.398	0	240.846	0	0	
0	[SLPS]	0	409.457	222.294	0	240.853	0	0	
0	[SLPS]	0	409.268	222.189	0	240.873	0	0	
0	[SLPS]	0	409.087	222.085	0	240.882	0	0	
0	[SLPS]	0	408.897	221.976	0	240.890	0	0	
0	[SLPS]	0	408.897	221.976	0	240.890	0	0	
0	[SLPS]	0	408.711	221.875	0	240.908	0	0	
0	[SLPS]	0	408.521	221.768	0	240.913	0	0	
0	[SLPS]	0	408.521	221.768	0	240.913	0	0	
0	[SLPS]	0	408.149	221.564	0	240.944	0	0	
0	[SLPS]	0	408.149	221.564	0	240.944	0	0	
0	[SLPS]	0	407.963	221.458	0	240.949	0	0	
0	[SLPS]	0	407.770	221.350	0	240.949	0	0	
0	[SLPS]	0	407.770	221.350	0	240.949	0	0	
0	[SLPS]	0	407.396	221.148	0	240.990	0	0	
0	[SLPS]	0	407.396	221.148	0	240.990	0	0	
0	[SLPS]	0	407.209	221.041	0	241.000	0	0	
0	[SLPS]	0	407.018	220.938	0	241.020	0	0	
0	[SLPS]	0	407.018	220.938	0	241.020	0	0	
0	[SLPS]	0	406.655	220.736	0	241.030	0	0	
0	[SLPS]	0	406.655	220.736	0	241.030	0	0	
0	[SLPS]	0	406.467	220.632	0	241.038	0	0	
0	[SLPS]	0	406.272	220.527	0	241.056	0	0	
0	[SLPS]	0	406.272	220.527	0	241.056	0	0	
0	[SLPS]	0	405.886	220.326	0	241.121	0	0	
0	[SLPS]	0	405.886	220.326	0	241.121	0	0	
0	[SLPS]	0	405.509	220.109	0	241.110	0	0	
0	[SLPS]	0	405.509	220.109	0	241.110	0	0	
0	[SLPS]	0	405.322	220.001	0	241.114	0	0	
0	[SLPS]	0	405.127	219.889	0	241.112	0	0	
0	[SLPS]	0	405.127	219.889	0	241.112	0	0	
0	[SLPS]	0	404.748	219.685	0	241.152	0	0	
0	[SLPS]	0	404.748	219.685	0	241.152	0	0	
0	[SLPS]	0	404.566	219.563	0	241.123	0	0	
0	[SLPS]	0	404.373	219.471	0	241.172	0	0	
0	[SLPS]	0	404.373	219.471	0	241.172	0	0	
0	[SLPS]	0	404.003	219.267	0	241.186	0	0	
0	[SLPS]	0	404.003	219.267	0	241.186	0	0	
0	[SLPS]	0	403.805	219.167	0	241.215	0	0	
0	[SLPS]	0	403.617	219.062	0	241.220	0	0	
0	[SLPS]	0	403.617	219.062	0	241.220	0	0	
0	[SLPS]	0	403.237	218.865	0	241.276	0	0	
0	[SLPS]	0	403.237	218.865	0	241.276	0	0	
0	[SLPS]	0	403.048	218.762	0	241.279	0	0	
0	[SLPS]	0	402.864	218.657	0	241.272	0	0	
0	[SLPS]	0	402.864	218.657	0	241.272	0	0	
0	[SLPS]	0	402.477	218.458	0	241.312	0	0	
0	[SLPS]	0	402.477	218.458	0	241.312	0	0	
0	[SLPS]	0	402.291	218.351	0	241.319	0	0	
0	[SLPS]	0	402.111	218.244	0	241.319	0	0	
0	[SLPS]	0	402.111	218.244	0	241.319	0	0	
0	[SLPS]	0	401.710	218.034	0	241.351	0	0	
0	[SLPS]	0	401.710	218.034	0	241.351	0	0	
0	[SLPS]	0	401.516	217.925	0	241.343	0	0	
0	[SLPS]	0	401.335	217.818	0	241.326	0	0	
0	[SLPS]	0	401.138	217.717	0	241.340	0	0	
0	[SLPS]	0	400.948	217.605	0	241.317	0	0	
0	[SLPS]	0	400.948	217.605	0	241.317	0	0	
0	[SLPS]	0	400.565	217.391	0	241.301	0	0	
0	[SLPS]	0	400.565	217.391	0	241.301	0	0	
0	[SLPS]	0	400.373	217.286	0	241.293	0	0	
0	[SLPS]	0	400.191	217.181	0	241.287	0	0	
0	[SLPS]	0	400.191	217.181	0	241.287	0	0	
0	[SLPS]	0	399.818	216.981	0	241.300	0	0	
0	[SLPS]	0	399.818	216.981	0	241.300	0	0	
0	[SLPS]	0	399.636	216.876	0	241.291	0	0	
0	[SLPS]	0	399.435	216.773	0	241.299	0	0	
0	[SLPS]	0	399.435	216.773	0	241.299	0	0	
0	[SLPS]	0	399.075	216.561	0	241.263	0	0	
0	[SLPS]	0	399.075	216.561	0	241.263	0	0	
0	[SLPS]	0	398.879	216.459	0	241.274	0	0	
0	[SLPS]	0	398.689	216.350	0	241.260	0	0	
0	[SLPS]	0	398.689	216.350	0	241.260	0	0	
0	[SLPS]	0	398.318	216.129	0	241.212	0	0	
0	[SLPS]	0	398.318	216.129	0	241.212	0	0	
0	[SLPS]	0	398.116	216.024	0	241.220	0	0	
0	[SLPS]	0	397.915	215.919	0	241.236	0	0	
0	[SLPS]	0	397.915	215.919	0	241.236	0	0	
0	[SLPS]	0	397.522	215.707	0	241.253	0	0	
0	[SLPS]	0	397.522	215.707	0	241.253	0	0	
0	[SLPS]	0	397.126	215.498	0	241.246	0	0	
0	[SLPS]	0	397.126	215.498	0	241.246	0	0	
0	[SLPS]	0	396.926	215.394	0	241.252	0	0	
0	[SLPS]	0	396.726	215.281	0	241.239	0	0	
0	[SLPS]	0	396.726	215.281	0	241.239	0	0	
0	[SLPS]	0	396.331	215.063	0	241.229	0	0	
0	[SLPS]	0	396.331	215.063	0	241.229	0	0	
0	[SLPS]	0	396.129	214.960	0	241.242	0	0	
0	[SLPS]	0	395.930	214.841	0	241.224	0	0	
0	[SLPS]	0	395.930	214.841	0	241.224	0	0	
0	[SLPS]	0	395.732	214.729	0	241.216	0	0	
0	[SLPS]	0	395.538	214.610	0	241.191	0	0	
0	[SLPS]	0	395.322	214.500	0	241.206	0	0	
0	[SLPS]	0	395.116	214.386	0	241.204	0	0	
0	[SLPS]	0	395.116	214.386	0	241.204	0	0	
0	[SLPS]	0	394.692	214.158	0	241.214	0	0	
0	[SLPS]	0	394.692	214.158	0	241.214	0	0	
0	[SLPS]	0	394.481	214.044	0	241.208	0	0	
0	[SLPS]	0	394.267	213.926	0	241.207	0	0	
0	[SLPS]	0	394.267	213.926	0	241.207	0	0	
0	[SLPS]	0	393.832	213.693	0	241.216	0	0	
0	[SLPS]	0	393.832	213.693	0	241.216	0	0	
0	[SLPS]	0	393.613	213.579	0	241.227	0	0	
0	[SLPS]	0	393.397	213.450	0	241.204	0	0	
0	[SLPS]	0	393.397	213.450	0	241.204	0	0	
0	[SLPS]	0	392.954	213.203	0	241.179	0	0	
0	[SLPS]	0	392.954	213.203	0	241.179	0	0	
0	[SLPS]	0	392.738	213.074	0	241.154	0	0	
0	[SLPS]	0	392.517	212.957	0	241.167	0	0	
0	[SLPS]	0	392.517	212.957	0	241.167	0	0	
0	[SLPS]	0	392.072	212.715	0	241.186	0	0	
0	[SLPS]	0	392.072	212.715	0	241.186	0	0	
0	[SLPS]	0	391.841	212.593	0	241.191	0	0	
0	[SLPS]	0	391.606	212.461	0	241.185	0	0	
0	[SLPS]	0	391.606	212.461	0	241.185	0	0	
0	[SLPS]	0	391.164	212.208	0	241.161	0	0	
0	[SLPS]	0	391.164	212.208	0	241.161	0	0	
0	[SLPS]	0	390.693	211.939	0	241.140	0	0	
0	[SLPS]	0	390.693	211.939	0	241.140	0	0	
0	[SLPS]	0	390.466	211.810	0	241.142	0	0	
0	[SLPS]	0	390.230	211.674	0	241.147	0	0	
0	[SLPS]	0	390.230	211.674	0	241.147	0	0	
0	[SLPS]	0	389.746	211.411	0	241.147	0	0	
0	[SLPS]	0	389.746	211.411	0	241.147	0	0	
0	[SLPS]	0	389.512	211.279	0	241.131	0	0	
0	[SLPS]	0	389.272	211.145	0	241.130	0	0	
0	[SLPS]	0	389.272	211.145	0	241.130	0	0	
0	[SLPS]	0	388.783	210.881	0	241.134	0	0	
0	[SLPS]	0	388.783	210.881	0	241.134	0	0	
0	[SLPS]	0	388.538	210.747	0	241.138	0	0	
0	[SLPS]	0	388.296	210.611	0	241.135	0	0	
0	[SLPS]	0	388.296	210.611	0	241.135	0	0	
0	[SLPS]	0	387.782	210.335	0	241.149	0	0	
0	[SLPS]	0	387.782	210.335	0	241.149	0	0	
0	[SLPS]	0	387.537	210.194	0	241.123	0	0	
0	[SLPS]	0	387.287	210.053	0	241.111	0	0	
0	[SLPS]	0	387.287	210.053	0	241.111	0	0	
0	[SLPS]	0	386.778	209.773	0	241.108	0	0	
0	[SLPS]	0	386.778	209.773	0	241.108	0	0	
0	[SLPS]	0	386.277	209.488	0	241.109	0	0	
0	[SLPS]	0	386.277	209.488	0	241.109	0	0	
0	[SLPS]	0	386.018	209.347	0	241.113	0	0	
0	[SLPS]	0	385.746	209.214	0	241.141	0	0	
0	[SLPS]	0	385.746	209.214	0	241.141	0	0	
0	[SLPS]	0	385.238	208.914	0	241.104	0	0	
0	[SLPS]	0	385.238	208.914	0	241.104	0	0	
0	[SLPS]	0	384.970	208.774	0	241.119	0	0	
0	[SLPS]	0	384.701	208.641	0	241.150	0	0	
0	[SLPS]	0	384.701	208.641	0	241.150	0	0	
0	[SLPS]	0	384.193	208.349	0	241.130	0	0	
0	[SLPS]	0	384.193	208.349	0	241.130	0	0	
0	[SLPS]	0	383.937	208.204	0	241.114	0	0	
0	[SLPS]	0	383.671	208.054	0	241.094	0	0	
0	[SLPS]	0	383.671	208.054	0	241.094	0	0	
0	[SLPS]	0	383.154	207.771	0	241.101	0	0	
0	[SLPS]	0	383.154	207.771	0	241.101	0	0	
0	[SLPS]	0	382.627	207.488	0	241.126	0	0	
0	[SLPS]	0	382.627	207.488	0	241.126	0	0	
0	[SLPS]	0	382.371	207.341	0	241.119	0	0	
0	[SLPS]	0	382.105	207.199	0	241.124	0	0	
0	[SLPS]	0	382.105	207.199	0	241.124	0	0	
0	[SLPS]	0	381.576	206.903	0	241.113	0	0	
0	[SLPS]	0	381.576	206.903	0	241.113	0	0	
0	[SLPS]	0	381.322	206.746	0	241.086	0	0	
0	[SLPS]	0	381.058	206.599	0	241.091	0	0	
0	[SLPS]	0	381.058	206.599	0	241.091	0	0	
0	[SLPS]	0	380.523	206.303	0	241.095	0	0	
0	[SLPS]	0	380.523	206.303	0	241.095	0	0	
0	[SLPS]	0	380.260	206.143	0	241.064	0	0	
0	[SLPS]	0	379.989	206.001	0	241.072	0	0	
0	[SLPS]	0	379.989	206.001	0	241.072	0	0	
0	[SLPS]	0	379.460	205.704	0	241.057	0	0	
0	[SLPS]	0	379.460	205.704	0	241.057	0	0	
0	[SLPS]	0	379.195	205.561	0	241.058	0	0	
0	[SLPS]	0	378.926	205.425	0	241.075	0	0	
0	[SLPS]	0	378.926	205.425	0	241.075	0	0	
0	[SLPS]	0	378.402	205.123	0	241.074	0	0	
0	[SLPS]	0	378.402	205.123	0	241.074	0	0	
0	[SLPS]	0	378.135	204.988	0	241.097	0	0	
0	[SLPS]	0	377.871	204.838	0	241.086	0	0	
0	[SLPS]	0	377.871	204.838	0	241.086	0	0	
0	[SLPS]	0	377.349	204.539	0	241.056	0	0	
0	[SLPS]	0	377.349	204.539	0	241.056	0	0	
0	[SLPS]	0	377.078	204.396	0	241.061	0	0	
0	[SLPS]	0	376.812	204.253	0	241.065	0	0	
0	[SLPS]	0	376.812	204.253	0	241.065	0	0	
0	[SLPS]	0	376.289	203.967	0	241.071	0	0	
0	[SLPS]	0	376.289	203.967	0	241.071	0	0	
0	[SLPS]	0	376.021	203.824	0	241.071	0	0	
0	[SLPS]	0	375.759	203.680	0	241.064	0	0	
0	[SLPS]	0	375.759	203.680	0	241.064	0	0	
0	[SLPS]	0	375.240	203.386	0	241.033	0	0	
0	[SLPS]	0	375.240	203.386	0	241.033	0	0	
0	[SLPS]	0	374.977	203.246	0	241.040	0	0	
0	[SLPS]	0	374.727	203.102	0	241.047	0	0	
0	[SLPS]	0	374.727	203.102	0	241.047	0	0	
0	[SLPS]	0	374.213	202.814	0	241.046	0	0	
0	[SLPS]	0	374.213	202.814	0	241.046	0	0	
0	[SLPS]	0	373.957	202.672	0	241.042	0	0	
0	[SLPS]	0	373.725	202.527	0	241.017	0	0	
0	[SLPS]	0	373.464	202.387	0	241.025	0	0	
0	[SLPS]	0	373.215	202.250	0	241.030	0	0	
0	[SLPS]	0	373.215	202.250	0	241.030	0	0	
0	[SLPS]	0	372.703	201.973	0	241.047	0	0	
0	[SLPS]	0	372.703	201.973	0	241.047	0	0	
0	[SLPS]	0	372.467	201.832	0	241.017	0	0	
0	[SLPS]	0	372.222	201.697	0	241.010	0	0	
0	[SLPS]	0	372.222	201.697	0	241.010	0	0	
0	[SLPS]	0	371.721	201.432	0	241.009	0	0	
0	[SLPS]	0	371.721	201.432	0	241.009	0	0	
0	[SLPS]	0	371.482	201.297	0	241.007	0	0	
0	[SLPS]	0	371.240	201.154	0	240.999	0	0	
0	[SLPS]	0	371.240	201.154	0	240.999	0	0	
0	[SLPS]	0	370.739	200.888	0	241.022	0	0	
0	[SLPS]	0	370.739	200.888	0	241.022	0	0	
0	[SLPS]	0	370.494	200.753	0	240.982	0	0	
0	[SLPS]	0	370.252	200.623	0	240.982	0	0	
0	[SLPS]	0	370.252	200.623	0	240.982	0	0	
0	[SLPS]	0	369.752	200.347	0	240.983	0	0	
0	[SLPS]	0	369.752	200.347	0	240.983	0	0	
0	[SLPS]	0	369.526	200.214	0	240.995	0	0	
0	[SLPS]	0	369.266	200.088	0	241.039	0	0	
0	[SLPS]	0	369.266	200.088	0	241.039	0	0	
0	[SLPS]	0	368.782	199.801	0	241.015	0	0	
0	[SLPS]	0	368.782	199.801	0	241.015	0	0	
0	[SLPS]	0	368.550	199.656	0	240.996	0	0	
0	[SLPS]	0	368.295	199.524	0	241.014	0	0	
0	[SLPS]	0	368.295	199.524	0	241.014	0	0	
0	[SLPS]	0	368.051	199.390	0	241.025	0	0	
0	[SLPS]	0	367.812	199.255	0	241.043	0	0	
0	[SLPS]	0	367.569	199.120	0	241.118	0	0	
0	[SLPS]	0	367.337	198.966	0	241.128	0	0	
0	[SLPS]	0	367.337	198.966	0	241.128	0	0	
0	[SLPS]	0	367.089	198.836	0	241.165	0	0	
0	[SLPS]	0	366.857	198.706	0	241.186	0	0	
0	[SLPS]	0	366.621	198.562	0	241.212	0	0	
0	[SLPS]	0	366.377	198.424	0	241.261	0	0	
0	[SLPS]	0	366.377	198.424	0	241.261	0	0	
0	[SLPS]	0	365.915	198.148	0	241.303	0	0	
0	[SLPS]	0	365.915	198.148	0	241.303	0	0	
0	[SLPS]	0	365.676	198.012	0	241.355	0	0	
0	[SLPS]	0	365.432	197.888	0	241.388	0	0	
0	[SLPS]	0	365.432	197.888	0	241.388	0	0	
0	[SLPS]	0	364.975	197.624	0	241.449	0	0	
0	[SLPS]	0	364.975	197.624	0	241.449	0	0	
0	[SLPS]	0	364.731	197.497	0	241.486	0	0	
0	[SLPS]	0	364.479	197.375	0	241.515	0	0	
0	[SLPS]	0	364.479	197.375	0	241.515	0	0	
0	[SLPS]	0	363.993	197.116	0	241.555	0	0	
0	[SLPS]	0	363.993	197.116	0	241.555	0	0	
0	[SLPS]	0	363.747	197.001	0	241.584	0	0	
0	[SLPS]	0	363.504	196.874	0	241.560	0	0	
0	[SLPS]	0	363.504	196.874	0	241.560	0	0	
0	[SLPS]	0	363.029	196.639	0	241.557	0	0	
0	[SLPS]	0	363.029	196.639	0	241.557	0	0	
0	[SLPS]	0	362.783	196.505	0	241.540	0	0	
0	[SLPS]	0	362.544	196.386	0	241.535	0	0	
0	[SLPS]	0	362.544	196.386	0	241.535	0	0	
0	[SLPS]	0	362.059	196.134	0	241.516	0	0	
0	[SLPS]	0	362.059	196.134	0	241.516	0	0	
0	[SLPS]	0	361.809	195.992	0	241.503	0	0	
0	[SLPS]	0	361.561	195.860	0	241.490	0	0	
0	[SLPS]	0	361.561	195.860	0	241.490	0	0	
0	[SLPS]	0	361.094	195.580	0	241.425	0	0	
0	[SLPS]	0	361.094	195.580	0	241.425	0	0	
0	[SLPS]	0	360.850	195.442	0	241.399	0	0	
0	[SLPS]	0	360.602	195.300	0	241.370	0	0	
0	[SLPS]	0	360.602	195.300	0	241.370	0	0	
0	[SLPS]	0	360.122	195.025	0	241.298	0	0	
0	[SLPS]	0	360.122	195.025	0	241.298	0	0	
0	[SLPS]	0	359.878	194.886	0	241.258	0	0	
0	[SLPS]	0	359.625	194.748	0	241.229	0	0	
0	[SLPS]	0	359.625	194.748	0	241.229	0	0	
0	[SLPS]	0	359.149	194.482	0	241.122	0	0	
0	[SLPS]	0	359.149	194.482	0	241.122	0	0	
0	[SLPS]	0	358.900	194.337	0	241.061	0	0	
0	[SLPS]	0	358.664	194.207	0	241.002	0	0	
0	[SLPS]	0	358.423	194.084	0	240.937	0	0	
0	[SLPS]	0	358.178	193.936	0	240.876	0	0	
0	[SLPS]	0	358.178	193.936	0	240.876	0	0	
0	[SLPS]	0	357.678	193.685	0	240.752	0	0	
0	[SLPS]	0	357.678	193.685	0	240.752	0	0	
0	[SLPS]	0	357.437	193.554	0	240.702	0	0	
0	[SLPS]	0	357.198	193.404	0	240.648	0	0	
0	[SLPS]	0	357.198	193.404	0	240.648	0	0	
0	[SLPS]	0	356.704	193.133	0	240.513	0	0	
0	[SLPS]	0	356.704	193.133	0	240.513	0	0	
0	[SLPS]	0	356.463	192.997	0	240.451	0	0	
0	[SLPS]	0	356.218	192.850	0	240.392	0	0	
0	[SLPS]	0	356.218	192.850	0	240.392	0	0	
0	[SLPS]	0	355.727	192.567	0	240.279	0	0	
0	[SLPS]	0	355.727	192.567	0	240.279	0	0	
0	[SLPS]	0	355.487	192.426	0	240.228	0	0	
0	[SLPS]	0	355.237	192.291	0	240.204	0	0	
0	[SLPS]	0	355.237	192.291	0	240.204	0	0	
0	[SLPS]	0	354.757	192.010	0	240.154	0	0	
0	[SLPS]	0	354.757	192.010	0	240.154	0	0	
0	[SLPS]	0	354.512	191.862	0	240.140	0	0	
0	[SLPS]	0	354.262	191.718	0	240.139	0	0	
0	[SLPS]	0	354.262	191.718	0	240.139	0	0	
0	[SLPS]	0	353.768	191.430	0	240.139	0	0	
0	[SLPS]	0	353.768	191.430	0	240.139	0	0	
0	[SLPS]	0	353.530	191.282	0	240.144	0	0	
0	[SLPS]	0	353.277	191.144	0	240.170	0	0	
0	[SLPS]	0	353.023	191.005	0	240.192	0	0	
0	[SLPS]	0	352.767	190.860	0	240.204	0	0	
0	[SLPS]	0	352.767	190.860	0	240.204	0	0	
0	[SLPS]	0	352.519	190.721	0	240.221	0	0	
0	[SLPS]	0	352.280	190.565	0	240.204	0	0	
0	[SLPS]	0	352.027	190.422	0	240.212	0	0	
0	[SLPS]	0	351.783	190.264	0	240.197	0	0	
0	[SLPS]	0	351.783	190.264	0	240.197	0	0	
0	[SLPS]	0	351.542	190.124	0	240.196	0	0	
0	[SLPS]	0	351.293	189.980	0	240.238	0	0	
0	[SLPS]	0	351.037	189.847	0	240.267	0	0	
0	[SLPS]	0	350.796	189.691	0	240.263	0	0	
0	[SLPS]	0	350.796	189.691	0	240.263	0	0	
0	[SLPS]	0	350.304	189.390	0	240.295	0	0	
0	[SLPS]	0	350.304	189.390	0	240.295	0	0	
0	[SLPS]	0	350.048	189.256	0	240.333	0	0	
0	[SLPS]	0	349.799	189.109	0	240.362	0	0	
0	[SLPS]	0	349.799	189.109	0	240.362	0	0	
0	[SLPS]	0	349.294	188.831	0	240.440	0	0	
0	[SLPS]	0	349.294	188.831	0	240.440	0	0	
0	[SLPS]	0	349.046	188.691	0	240.488	0	0	
0	[SLPS]	0	348.787	188.556	0	240.563	0	0	
0	[SLPS]	0	348.787	188.556	0	240.563	0	0	
0	[SLPS]	0	348.281	188.283	0	240.685	0	0	
0	[SLPS]	0	348.281	188.283	0	240.685	0	0	
0	[SLPS]	0	348.027	188.137	0	240.726	0	0	
0	[SLPS]	0	347.765	187.999	0	240.777	0	0	
0	[SLPS]	0	347.765	187.999	0	240.777	0	0	
0	[SLPS]	0	347.260	187.732	0	240.908	0	0	
0	[SLPS]	0	347.260	187.732	0	240.908	0	0	
0	[SLPS]	0	347.001	187.594	0	240.969	0	0	
0	[SLPS]	0	346.743	187.456	0	241.024	0	0	
0	[SLPS]	0	346.743	187.456	0	241.024	0	0	
0	[SLPS]	0	346.248	187.160	0	241.073	0	0	
0	[SLPS]	0	346.248	187.160	0	241.073	0	0	
0	[SLPS]	0	345.991	187.032	0	241.125	0	0	
0	[SLPS]	0	345.737	186.891	0	241.162	0	0	
0	[SLPS]	0	345.737	186.891	0	241.162	0	0	
0	[SLPS]	0	345.231	186.613	0	241.269	0	0	
0	[SLPS]	0	345.231	186.613	0	241.269	0	0	
0	[SLPS]	0	344.977	186.477	0	241.344	0	0	
0	[SLPS]	0	344.730	186.333	0	241.413	0	0	
0	[SLPS]	0	344.730	186.333	0	241.413	0	0	
0	[SLPS]	0	344.223	186.063	0	241.519	0	0	
0	[SLPS]	0	344.223	186.063	0	241.519	0	0	
0	[SLPS]	0	343.959	185.919	0	241.573	0	0	
0	[SLPS]	0	343.705	185.780	0	241.637	0	0	
0	[SLPS]	0	343.705	185.780	0	241.637	0	0	
0	[SLPS]	0	343.188	185.509	0	241.798	0	0	
0	[SLPS]	0	343.188	185.509	0	241.798	0	0	
0	[SLPS]	0	342.936	185.367	0	241.870	0	0	
0	[SLPS]	0	342.676	185.230	0	241.927	0	0	
0	[SLPS]	0	342.676	185.230	0	241.927	0	0	
0	[SLPS]	0	342.419	185.090	0	241.991	0	0	
0	[SLPS]	0	342.157	184.957	0	242.057	0	0	
0	[SLPS]	0	341.901	184.821	0	242.146	0	0	
0	[SLPS]	0	341.641	184.689	0	242.251	0	0	
0	[SLPS]	0	341.641	184.689	0	242.251	0	0	
0	[SLPS]	0	341.126	184.411	0	242.448	0	0	
0	[SLPS]	0	341.126	184.411	0	242.448	0	0	
0	[SLPS]	0	340.869	184.279	0	242.531	0	0	
0	[SLPS]	0	340.612	184.138	0	242.615	0	0	
0	[SLPS]	0	340.612	184.138	0	242.615	0	0	
0	[SLPS]	0	340.090	183.877	0	242.778	0	0	
0	[SLPS]	0	340.090	183.877	0	242.778	0	0	
0	[SLPS]	0	339.832	183.751	0	242.878	0	0	
0	[SLPS]	0	339.565	183.618	0	242.979	0	0	
0	[SLPS]	0	339.565	183.618	0	242.979	0	0	
0	[SLPS]	0	339.055	183.357	0	243.143	0	0	
0	[SLPS]	0	339.055	183.357	0	243.143	0	0	
0	[SLPS]	0	338.794	183.226	0	243.223	0	0	
0	[SLPS]	0	338.529	183.098	0	243.310	0	0	
0	[SLPS]	0	338.529	183.098	0	243.310	0	0	
0	[SLPS]	0	337.999	182.835	0	243.464	0	0	
0	[SLPS]	0	337.999	182.835	0	243.464	0	0	
0	[SLPS]	0	337.737	182.707	0	243.554	0	0	
0	[SLPS]	0	337.471	182.581	0	243.655	0	0	
0	[SLPS]	0	337.471	182.581	0	243.655	0	0	
0	[SLPS]	0	336.943	182.327	0	243.846	0	0	
0	[SLPS]	0	336.943	182.327	0	243.846	0	0	
0	[SLPS]	0	336.415	182.068	0	243.990	0	0	
0	[SLPS]	0	336.415	182.068	0	243.990	0	0	
0	[SLPS]	0	336.146	181.934	0	244.044	0	0	
0	[SLPS]	0	335.881	181.804	0	244.091	0	0	
0	[SLPS]	0	335.881	181.804	0	244.091	0	0	
0	[SLPS]	0	335.349	181.548	0	244.188	0	0	
0	[SLPS]	0	335.349	181.548	0	244.188	0	0	
0	[SLPS]	0	335.085	181.422	0	244.213	0	0	
0	[SLPS]	0	334.820	181.292	0	244.215	0	0	
0	[SLPS]	0	334.820	181.292	0	244.215	0	0	
0	[SLPS]	0	334.290	181.039	0	244.156	0	0	
0	[SLPS]	0	334.290	181.039	0	244.156	0	0	
0	[SLPS]	0	334.290	181.039	0	244.156	0	0	
0	[SLPS]	0	333.764	180.784	0	244.091	0	0	
0	[SLPS]	0	333.764	180.784	0	244.091	0	0	
0	[SLPS]	0	333.493	180.649	0	244.057	0	0	
0	[SLPS]	0	333.236	180.521	0	244.017	0	0	
0	[SLPS]	0	332.974	180.389	0	243.983	0	0	
0	[SLPS]	0	332.710	180.258	0	243.948	0	0	
0	[SLPS]	0	332.710	180.258	0	243.948	0	0	
0	[SLPS]	0	332.183	179.999	0	243.878	0	0	
0	[SLPS]	0	332.183	179.999	0	243.878	0	0	
0	[SLPS]	0	331.918	179.869	0	243.850	0	0	
0	[SLPS]	0	331.651	179.738	0	243.829	0	0	
0	[SLPS]	0	331.651	179.738	0	243.829	0	0	
0	[SLPS]	0	331.381	179.604	0	243.801	0	0	
0	[SLPS]	0	331.116	179.471	0	243.765	0	0	
0	[SLPS]	0	330.853	179.340	0	243.731	0	0	
0	[SLPS]	0	330.593	179.203	0	243.689	0	0	
0	[SLPS]	0	330.593	179.203	0	243.689	0	0	
0	[SLPS]	0	330.062	178.931	0	243.629	0	0	
0	[SLPS]	0	330.062	178.931	0	243.629	0	0	
0	[SLPS]	0	329.797	178.798	0	243.608	0	0	
0	[SLPS]	0	329.535	178.666	0	243.594	0	0	
0	[SLPS]	0	329.535	178.666	0	243.594	0	0	
0	[SLPS]	0	329.000	178.399	0	243.581	0	0	
0	[SLPS]	0	329.000	178.399	0	243.581	0	0	
0	[SLPS]	0	328.733	178.265	0	243.585	0	0	
0	[SLPS]	0	328.466	178.137	0	243.607	0	0	
0	[SLPS]	0	328.466	178.137	0	243.607	0	0	
0	[SLPS]	0	327.928	177.870	0	243.679	0	0	
0	[SLPS]	0	327.928	177.870	0	243.679	0	0	
0	[SLPS]	0	327.663	177.736	0	243.713	0	0	
0	[SLPS]	0	327.390	177.603	0	243.758	0	0	
0	[SLPS]	0	327.390	177.603	0	243.758	0	0	
0	[SLPS]	0	326.848	177.339	0	243.874	0	0	
0	[SLPS]	0	326.848	177.339	0	243.874	0	0	
0	[SLPS]	0	326.577	177.208	0	243.944	0	0	
0	[SLPS]	0	326.302	177.079	0	244.031	0	0	
0	[SLPS]	0	326.026	176.947	0	244.120	0	0	
0	[SLPS]	0	325.749	176.818	0	244.213	0	0	
0	[SLPS]	0	325.749	176.818	0	244.213	0	0	
0	[SLPS]	0	325.198	176.553	0	244.410	0	0	
0	[SLPS]	0	325.198	176.553	0	244.410	0	0	
0	[SLPS]	0	324.911	176.434	0	244.512	0	0	
0	[SLPS]	0	324.637	176.306	0	244.623	0	0	
0	[SLPS]	0	324.637	176.306	0	244.623	0	0	
0	[SLPS]	0	324.080	176.056	0	244.887	0	0	
0	[SLPS]	0	324.080	176.056	0	244.887	0	0	
0	[SLPS]	0	323.804	175.930	0	245.018	0	0	
0	[SLPS]	0	323.525	175.806	0	245.141	0	0	
0	[SLPS]	0	323.525	175.806	0	245.141	0	0	
0	[SLPS]	0	322.980	175.565	0	245.399	0	0	
0	[SLPS]	0	322.980	175.565	0	245.399	0	0	
0	[SLPS]	0	322.706	175.442	0	245.527	0	0	
0	[SLPS]	0	322.433	175.318	0	245.656	0	0	
0	[SLPS]	0	322.433	175.318	0	245.656	0	0	
0	[SLPS]	0	321.889	175.073	0	245.920	0	0	
0	[SLPS]	0	321.889	175.073	0	245.920	0	0	
0	[SLPS]	0	321.617	174.953	0	246.031	0	0	
0	[SLPS]	0	321.346	174.834	0	246.136	0	0	
0	[SLPS]	0	321.346	174.834	0	246.136	0	0	
0	[SLPS]	0	320.815	174.603	0	246.359	0	0	
0	[SLPS]	0	320.815	174.603	0	246.359	0	0	
0	[SLPS]	0	320.549	174.490	0	246.469	0	0	
0	[SLPS]	0	320.280	174.377	0	246.578	0	0	
0	[SLPS]	0	320.280	174.377	0	246.578	0	0	
0	[SLPS]	0	319.752	174.147	0	246.756	0	0	
0	[SLPS]	0	319.752	174.147	0	246.756	0	0	
0	[SLPS]	0	319.486	174.033	0	246.832	0	0	
0	[SLPS]	0	319.218	173.920	0	246.901	0	0	
0	[SLPS]	0	319.218	173.920	0	246.901	0	0	
0	[SLPS]	0	318.691	173.699	0	247.038	0	0	
0	[SLPS]	0	318.691	173.699	0	247.038	0	0	
0	[SLPS]	0	318.428	173.589	0	247.105	0	0	
0	[SLPS]	0	318.166	173.482	0	247.174	0	0	
0	[SLPS]	0	318.166	173.482	0	247.174	0	0	
0	[SLPS]	0	317.643	173.261	0	247.279	0	0	
0	[SLPS]	0	317.643	173.261	0	247.279	0	0	
0	[SLPS]	0	317.381	173.150	0	247.319	0	0	
0	[SLPS]	0	317.119	173.042	0	247.360	0	0	
0	[SLPS]	0	317.119	173.042	0	247.360	0	0	
0	[SLPS]	0	316.597	172.829	0	247.436	0	0	
0	[SLPS]	0	316.597	172.829	0	247.436	0	0	
0	[SLPS]	0	316.335	172.719	0	247.480	0	0	
0	[SLPS]	0	316.073	172.613	0	247.528	0	0	
0	[SLPS]	0	315.813	172.506	0	247.576	0	0	
0	[SLPS]	0	315.552	172.398	0	247.620	0	0	
0	[SLPS]	0	315.552	172.398	0	247.620	0	0	
0	[SLPS]	0	315.027	172.182	0	247.690	0	0	
0	[SLPS]	0	315.027	172.182	0	247.690	0	0	
0	[SLPS]	0	314.767	172.075	0	247.726	0	0	
0	[SLPS]	0	314.506	171.969	0	247.766	0	0	
0	[SLPS]	0	314.506	171.969	0	247.766	0	0	
0	[SLPS]	0	314.247	171.864	0	247.810	0	0	
0	[SLPS]	0	313.987	171.761	0	247.858	0	0	
0	[SLPS]	0	313.721	171.655	0	247.896	0	0	
0	[SLPS]	0	313.461	171.550	0	247.931	0	0	
0	[SLPS]	0	313.461	171.550	0	247.931	0	0	
0	[SLPS]	0	312.940	171.344	0	247.977	0	0	
0	[SLPS]	0	312.940	171.344	0	247.977	0	0	
0	[SLPS]	0	312.682	171.239	0	247.993	0	0	
0	[SLPS]	0	312.420	171.134	0	247.999	0	0	
0	[SLPS]	0	312.420	171.134	0	247.999	0	0	
0	[SLPS]	0	311.901	170.924	0	248.024	0	0	
0	[SLPS]	0	311.901	170.924	0	248.024	0	0	
0	[SLPS]	0	311.638	170.821	0	248.036	0	0	
0	[SLPS]	0	311.383	170.712	0	248.032	0	0	
0	[SLPS]	0	311.383	170.712	0	248.032	0	0	
0	[SLPS]	0	310.862	170.507	0	248.049	0	0	
0	[SLPS]	0	310.862	170.507	0	248.049	0	0	
0	[SLPS]	0	310.605	170.402	0	248.070	0	0	
0	[SLPS]	0	310.344	170.299	0	248.099	0	0	
0	[SLPS]	0	310.344	170.299	0	248.099	0	0	
0	[SLPS]	0	309.820	170.087	0	248.129	0	0	
0	[SLPS]	0	309.820	170.087	0	248.129	0	0	
0	[SLPS]	0	309.567	169.986	0	248.134	0	0	
0	[SLPS]	0	309.308	169.882	0	248.116	0	0	
0	[SLPS]	0	309.308	169.882	0	248.116	0	0	
0	[SLPS]	0	308.792	169.676	0	248.011	0	0	
0	[SLPS]	0	308.792	169.676	0	248.011	0	0	
0	[SLPS]	0	308.531	169.574	0	247.959	0	0	
0	[SLPS]	0	308.272	169.475	0	247.925	0	0	
0	[SLPS]	0	308.015	169.368	0	247.884	0	0	
0	[SLPS]	0	307.759	169.259	0	247.833	0	0	
0	[SLPS]	0	307.759	169.259	0	247.833	0	0	
0	[SLPS]	0	307.246	169.044	0	247.714	0	0	
0	[SLPS]	0	307.246	169.044	0	247.714	0	0	
0	[SLPS]	0	306.989	168.938	0	247.661	0	0	
0	[SLPS]	0	306.730	168.831	0	247.617	0	0	
0	[SLPS]	0	306.730	168.831	0	247.617	0	0	
0	[SLPS]	0	306.219	168.612	0	247.538	0	0	
0	[SLPS]	0	306.219	168.612	0	247.538	0	0	
0	[SLPS]	0	305.964	168.508	0	247.515	0	0	
0	[SLPS]	0	305.701	168.402	0	247.497	0	0	
0	[SLPS]	0	305.701	168.402	0	247.497	0	0	
0	[SLPS]	0	305.190	168.186	0	247.416	0	0	
0	[SLPS]	0	305.190	168.186	0	247.416	0	0	
0	[SLPS]	0	304.933	168.076	0	247.370	0	0	
0	[SLPS]	0	304.674	167.972	0	247.334	0	0	
0	[SLPS]	0	304.674	167.972	0	247.334	0	0	
0	[SLPS]	0	304.165	167.750	0	247.220	0	0	
0	[SLPS]	0	304.165	167.750	0	247.220	0	0	
0	[SLPS]	0	303.904	167.636	0	247.131	0	0	
0	[SLPS]	0	303.644	167.528	0	247.028	0	0	
0	[SLPS]	0	303.382	167.421	0	246.917	0	0	
0	[SLPS]	0	303.125	167.310	0	246.801	0	0	
0	[SLPS]	0	303.125	167.310	0	246.801	0	0	
0	[SLPS]	0	302.870	167.198	0	246.680	0	0	
0	[SLPS]	0	302.623	167.088	0	246.561	0	0	
0	[SLPS]	0	302.379	166.978	0	246.443	0	0	
0	[SLPS]	0	302.129	166.860	0	246.326	0	0	
0	[SLPS]	0	302.129	166.860	0	246.326	0	0	
0	[SLPS]	0	301.622	166.631	0	246.077	0	0	
0	[SLPS]	0	301.622	166.631	0	246.077	0	0	
0	[SLPS]	0	301.375	166.516	0	245.957	0	0	
0	[SLPS]	0	301.126	166.404	0	245.839	0	0	
0	[SLPS]	0	301.126	166.404	0	245.839	0	0	
0	[SLPS]	0	300.623	166.169	0	245.601	0	0	
0	[SLPS]	0	300.623	166.169	0	245.601	0	0	
0	[SLPS]	0	300.369	166.049	0	245.484	0	0	
0	[SLPS]	0	300.117	165.932	0	245.365	0	0	
0	[SLPS]	0	300.117	165.932	0	245.365	0	0	
0	[SLPS]	0	299.629	165.683	0	245.126	0	0	
0	[SLPS]	0	299.629	165.683	0	245.126	0	0	
0	[SLPS]	0	299.383	165.563	0	245.006	0	0	
0	[SLPS]	0	299.135	165.437	0	244.887	0	0	
0	[SLPS]	0	299.135	165.437	0	244.887	0	0	
0	[SLPS]	0	298.641	165.195	0	244.657	0	0	
0	[SLPS]	0	298.641	165.195	0	244.657	0	0	
0	[SLPS]	0	298.398	165.067	0	244.535	0	0	
0	[SLPS]	0	298.151	164.948	0	244.415	0	0	
0	[SLPS]	0	298.151	164.948	0	244.415	0	0	
0	[SLPS]	0	297.656	164.700	0	244.208	0	0	
0	[SLPS]	0	297.656	164.700	0	244.208	0	0	
0	[SLPS]	0	297.409	164.587	0	244.116	0	0	
0	[SLPS]	0	297.167	164.466	0	244.034	0	0	
0	[SLPS]	0	297.167	164.466	0	244.034	0	0	
0	[SLPS]	0	296.675	164.221	0	243.888	0	0	
0	[SLPS]	0	296.675	164.221	0	243.888	0	0	
0	[SLPS]	0	296.433	164.105	0	243.822	0	0	
0	[SLPS]	0	296.186	163.985	0	243.755	0	0	
0	[SLPS]	0	296.186	163.985	0	243.755	0	0	
0	[SLPS]	0	295.695	163.743	0	243.637	0	0	
0	[SLPS]	0	295.695	163.743	0	243.637	0	0	
0	[SLPS]	0	295.455	163.629	0	243.580	0	0	
0	[SLPS]	0	295.205	163.514	0	243.527	0	0	
0	[SLPS]	0	295.205	163.514	0	243.527	0	0	
0	[SLPS]	0	294.712	163.264	0	243.445	0	0	
0	[SLPS]	0	294.712	163.264	0	243.445	0	0	
0	[SLPS]	0	294.473	163.147	0	243.400	0	0	
0	[SLPS]	0	294.231	163.022	0	243.346	0	0	
0	[SLPS]	0	294.231	163.022	0	243.346	0	0	
0	[SLPS]	0	293.742	162.773	0	243.249	0	0	
0	[SLPS]	0	293.742	162.773	0	243.249	0	0	
0	[SLPS]	0	293.506	162.659	0	243.199	0	0	
0	[SLPS]	0	293.272	162.537	0	243.147	0	0	
0	[SLPS]	0	293.272	162.537	0	243.147	0	0	
0	[SLPS]	0	292.784	162.285	0	243.053	0	0	
0	[SLPS]	0	292.784	162.285	0	243.053	0	0	
0	[SLPS]	0	292.547	162.182	0	243.025	0	0	
0	[SLPS]	0	292.305	162.059	0	242.975	0	0	
0	[SLPS]	0	292.305	162.059	0	242.975	0	0	
0	[SLPS]	0	291.827	161.815	0	242.867	0	0	
0	[SLPS]	0	291.827	161.815	0	242.867	0	0	
0	[SLPS]	0	291.593	161.696	0	242.816	0	0	
0	[SLPS]	0	291.352	161.570	0	242.768	0	0	
0	[SLPS]	0	291.352	161.570	0	242.768	0	0	
0	[SLPS]	0	290.879	161.327	0	242.699	0	0	
0	[SLPS]	0	290.879	161.327	0	242.699	0	0	
0	[SLPS]	0	290.641	161.201	0	242.662	0	0	
0	[SLPS]	0	290.400	161.073	0	242.626	0	0	
0	[SLPS]	0	290.400	161.073	0	242.626	0	0	
0	[SLPS]	0	289.933	160.824	0	242.568	0	0	
0	[SLPS]	0	289.933	160.824	0	242.568	0	0	
0	[SLPS]	0	289.694	160.697	0	242.536	0	0	
0	[SLPS]	0	289.451	160.569	0	242.507	0	0	
0	[SLPS]	0	289.451	160.569	0	242.507	0	0	
0	[SLPS]	0	288.981	160.315	0	242.442	0	0	
