0	[SLPS]	0	550.390	-109.031	0	326.871	0	0	
0	[SLPS]	0	550.344	-108.955	0	326.858	0	0	
0	[SLPS]	0	550.344	-108.955	0	326.858	0	0	
0	[SLPS]	0	550.313	-108.921	0	326.852	0	0	
0	[SLPS]	0	550.289	-108.880	0	326.848	0	0	
0	[SLPS]	0	550.289	-108.880	0	326.848	0	0	
0	[SLPS]	0	550.243	-108.806	0	326.832	0	0	
0	[SLPS]	0	550.243	-108.806	0	326.832	0	0	
0	[SLPS]	0	550.220	-108.769	0	326.820	0	0	
0	[SLPS]	0	550.189	-108.730	0	326.809	0	0	
0	[SLPS]	0	550.163	-108.692	0	326.795	0	0	
0	[SLPS]	0	550.142	-108.655	0	326.786	0	0	
0	[SLPS]	0	550.142	-108.655	0	326.786	0	0	
0	[SLPS]	0	550.124	-108.616	0	326.785	0	0	
0	[SLPS]	0	550.100	-108.568	0	326.779	0	0	
0	[SLPS]	0	550.100	-108.568	0	326.779	0	0	
0	[SLPS]	0	550.045	-108.488	0	326.761	0	0	
0	[SLPS]	0	550.045	-108.488	0	326.761	0	0	
0	[SLPS]	0	550.012	-108.439	0	326.742	0	0	
0	[SLPS]	0	549.987	-108.407	0	326.727	0	0	
0	[SLPS]	0	549.961	-108.365	0	326.713	0	0	
0	[SLPS]	0	549.945	-108.318	0	326.698	0	0	
0	[SLPS]	0	549.945	-108.318	0	326.698	0	0	
0	[SLPS]	0	549.889	-108.225	0	326.622	0	0	
0	[SLPS]	0	549.889	-108.225	0	326.622	0	0	
0	[SLPS]	0	549.862	-108.179	0	326.609	0	0	
0	[SLPS]	0	549.843	-108.127	0	326.594	0	0	
0	[SLPS]	0	549.843	-108.127	0	326.594	0	0	
0	[SLPS]	0	549.783	-108.031	0	326.590	0	0	
0	[SLPS]	0	549.783	-108.031	0	326.590	0	0	
0	[SLPS]	0	549.755	-107.982	0	326.574	0	0	
0	[SLPS]	0	549.724	-107.932	0	326.558	0	0	
0	[SLPS]	0	549.724	-107.932	0	326.558	0	0	
0	[SLPS]	0	549.650	-107.841	0	326.515	0	0	
0	[SLPS]	0	549.650	-107.841	0	326.515	0	0	
0	[SLPS]	0	549.612	-107.785	0	326.497	0	0	
0	[SLPS]	0	549.579	-107.735	0	326.478	0	0	
0	[SLPS]	0	549.579	-107.735	0	326.478	0	0	
0	[SLPS]	0	549.542	-107.686	0	326.475	0	0	
0	[SLPS]	0	549.507	-107.634	0	326.444	0	0	
0	[SLPS]	0	549.471	-107.579	0	326.426	0	0	
0	[SLPS]	0	549.424	-107.533	0	326.380	0	0	
0	[SLPS]	0	549.424	-107.533	0	326.380	0	0	
0	[SLPS]	0	549.386	-107.486	0	326.361	0	0	
0	[SLPS]	0	549.333	-107.428	0	326.321	0	0	
0	[SLPS]	0	549.296	-107.373	0	326.313	0	0	
0	[SLPS]	0	549.252	-107.318	0	326.281	0	0	
0	[SLPS]	0	549.252	-107.318	0	326.281	0	0	
0	[SLPS]	0	549.170	-107.196	0	326.242	0	0	
0	[SLPS]	0	549.170	-107.196	0	326.242	0	0	
0	[SLPS]	0	549.128	-107.137	0	326.220	0	0	
0	[SLPS]	0	549.074	-107.078	0	326.160	0	0	
0	[SLPS]	0	549.074	-107.078	0	326.160	0	0	
0	[SLPS]	0	548.990	-106.947	0	326.132	0	0	
0	[SLPS]	0	548.990	-106.947	0	326.132	0	0	
0	[SLPS]	0	548.945	-106.883	0	326.110	0	0	
0	[SLPS]	0	548.903	-106.814	0	326.078	0	0	
0	[SLPS]	0	548.903	-106.814	0	326.078	0	0	
0	[SLPS]	0	548.824	-106.677	0	326.039	0	0	
0	[SLPS]	0	548.824	-106.677	0	326.039	0	0	
0	[SLPS]	0	548.783	-106.603	0	326.024	0	0	
0	[SLPS]	0	548.731	-106.532	0	325.977	0	0	
0	[SLPS]	0	548.731	-106.532	0	325.977	0	0	
0	[SLPS]	0	548.623	-106.383	0	325.887	0	0	
0	[SLPS]	0	548.623	-106.383	0	325.887	0	0	
0	[SLPS]	0	548.571	-106.306	0	325.967	0	0	
0	[SLPS]	0	548.517	-106.228	0	325.940	0	0	
0	[SLPS]	0	548.445	-106.156	0	325.855	0	0	
0	[SLPS]	0	548.382	-106.064	0	325.855	0	0	
0	[SLPS]	0	548.382	-106.064	0	325.855	0	0	
0	[SLPS]	0	548.265	-105.884	0	325.855	0	0	
0	[SLPS]	0	548.265	-105.884	0	325.855	0	0	
0	[SLPS]	0	548.205	-105.796	0	325.839	0	0	
0	[SLPS]	0	548.133	-105.702	0	325.779	0	0	
0	[SLPS]	0	548.133	-105.702	0	325.779	0	0	
0	[SLPS]	0	548.005	-105.512	0	325.806	0	0	
0	[SLPS]	0	548.005	-105.512	0	325.806	0	0	
0	[SLPS]	0	547.937	-105.415	0	325.776	0	0	
0	[SLPS]	0	547.868	-105.294	0	325.792	0	0	
0	[SLPS]	0	547.868	-105.294	0	325.792	0	0	
0	[SLPS]	0	547.714	-105.101	0	325.611	0	0	
0	[SLPS]	0	547.714	-105.101	0	325.611	0	0	
0	[SLPS]	0	547.636	-104.985	0	325.579	0	0	
0	[SLPS]	0	547.569	-104.861	0	325.602	0	0	
0	[SLPS]	0	547.569	-104.861	0	325.602	0	0	
0	[SLPS]	0	547.420	-104.649	0	325.513	0	0	
0	[SLPS]	0	547.420	-104.649	0	325.513	0	0	
0	[SLPS]	0	547.350	-104.529	0	325.502	0	0	
0	[SLPS]	0	547.273	-104.396	0	325.493	0	0	
0	[SLPS]	0	547.273	-104.396	0	325.493	0	0	
0	[SLPS]	0	547.116	-104.145	0	325.290	0	0	
0	[SLPS]	0	547.116	-104.145	0	325.290	0	0	
0	[SLPS]	0	547.035	-104.020	0	325.238	0	0	
0	[SLPS]	0	546.955	-103.900	0	325.191	0	0	
0	[SLPS]	0	546.955	-103.900	0	325.191	0	0	
0	[SLPS]	0	546.785	-103.622	0	325.196	0	0	
0	[SLPS]	0	546.785	-103.622	0	325.196	0	0	
0	[SLPS]	0	546.701	-103.492	0	325.188	0	0	
0	[SLPS]	0	546.603	-103.360	0	325.134	0	0	
0	[SLPS]	0	546.603	-103.360	0	325.134	0	0	
0	[SLPS]	0	546.409	-103.089	0	325.001	0	0	
0	[SLPS]	0	546.409	-103.089	0	325.001	0	0	
0	[SLPS]	0	546.316	-102.952	0	325.010	0	0	
0	[SLPS]	0	546.222	-102.809	0	325.034	0	0	
0	[SLPS]	0	546.126	-102.665	0	325.015	0	0	
0	[SLPS]	0	546.009	-102.527	0	324.951	0	0	
0	[SLPS]	0	546.009	-102.527	0	324.951	0	0	
0	[SLPS]	0	545.810	-102.228	0	324.977	0	0	
0	[SLPS]	0	545.810	-102.228	0	324.977	0	0	
0	[SLPS]	0	545.707	-102.078	0	324.958	0	0	
0	[SLPS]	0	545.582	-101.948	0	324.829	0	0	
0	[SLPS]	0	545.582	-101.948	0	324.829	0	0	
0	[SLPS]	0	545.371	-101.641	0	324.843	0	0	
0	[SLPS]	0	545.371	-101.641	0	324.843	0	0	
0	[SLPS]	0	545.256	-101.488	0	324.808	0	0	
0	[SLPS]	0	545.140	-101.330	0	324.789	0	0	
0	[SLPS]	0	545.140	-101.330	0	324.789	0	0	
0	[SLPS]	0	544.922	-101.004	0	324.800	0	0	
0	[SLPS]	0	544.922	-101.004	0	324.800	0	0	
0	[SLPS]	0	544.804	-100.840	0	324.756	0	0	
0	[SLPS]	0	544.684	-100.677	0	324.707	0	0	
0	[SLPS]	0	544.684	-100.677	0	324.707	0	0	
0	[SLPS]	0	544.457	-100.344	0	324.691	0	0	
0	[SLPS]	0	544.457	-100.344	0	324.691	0	0	
0	[SLPS]	0	544.340	-100.176	0	324.688	0	0	
0	[SLPS]	0	544.223	-100.010	0	324.695	0	0	
0	[SLPS]	0	544.223	-100.010	0	324.695	0	0	
0	[SLPS]	0	543.989	-99.652	0	324.742	0	0	
0	[SLPS]	0	543.989	-99.652	0	324.742	0	0	
0	[SLPS]	0	543.869	-99.476	0	324.743	0	0	
0	[SLPS]	0	543.741	-99.321	0	324.667	0	0	
0	[SLPS]	0	543.625	-99.137	0	324.723	0	0	
0	[SLPS]	0	543.498	-98.962	0	324.713	0	0	
0	[SLPS]	0	543.498	-98.962	0	324.713	0	0	
0	[SLPS]	0	543.375	-98.784	0	324.717	0	0	
0	[SLPS]	0	543.239	-98.606	0	324.703	0	0	
0	[SLPS]	0	543.121	-98.428	0	324.744	0	0	
0	[SLPS]	0	542.994	-98.253	0	324.740	0	0	
0	[SLPS]	0	542.994	-98.253	0	324.740	0	0	
0	[SLPS]	0	542.740	-97.888	0	324.757	0	0	
0	[SLPS]	0	542.740	-97.888	0	324.757	0	0	
0	[SLPS]	0	542.605	-97.704	0	324.740	0	0	
0	[SLPS]	0	542.473	-97.516	0	324.751	0	0	
0	[SLPS]	0	542.473	-97.516	0	324.751	0	0	
0	[SLPS]	0	542.195	-97.134	0	324.744	0	0	
0	[SLPS]	0	542.195	-97.134	0	324.744	0	0	
0	[SLPS]	0	542.056	-96.936	0	324.760	0	0	
0	[SLPS]	0	541.920	-96.745	0	324.765	0	0	
0	[SLPS]	0	541.920	-96.745	0	324.765	0	0	
0	[SLPS]	0	541.643	-96.347	0	324.785	0	0	
0	[SLPS]	0	541.643	-96.347	0	324.785	0	0	
0	[SLPS]	0	541.497	-96.146	0	324.761	0	0	
0	[SLPS]	0	541.361	-95.936	0	324.797	0	0	
0	[SLPS]	0	541.361	-95.936	0	324.797	0	0	
0	[SLPS]	0	541.069	-95.525	0	324.788	0	0	
0	[SLPS]	0	541.069	-95.525	0	324.788	0	0	
0	[SLPS]	0	540.923	-95.309	0	324.814	0	0	
0	[SLPS]	0	540.777	-95.098	0	324.814	0	0	
0	[SLPS]	0	540.777	-95.098	0	324.814	0	0	
0	[SLPS]	0	540.471	-94.672	0	324.780	0	0	
0	[SLPS]	0	540.471	-94.672	0	324.780	0	0	
0	[SLPS]	0	540.316	-94.456	0	324.774	0	0	
0	[SLPS]	0	540.172	-94.232	0	324.832	0	0	
0	[SLPS]	0	540.172	-94.232	0	324.832	0	0	
0	[SLPS]	0	539.876	-93.794	0	324.752	0	0	
0	[SLPS]	0	539.876	-93.794	0	324.752	0	0	
0	[SLPS]	0	539.728	-93.575	0	324.759	0	0	
0	[SLPS]	0	539.587	-93.348	0	324.806	0	0	
0	[SLPS]	0	539.438	-93.125	0	324.816	0	0	
0	[SLPS]	0	539.285	-92.911	0	324.787	0	0	
0	[SLPS]	0	539.285	-92.911	0	324.787	0	0	
0	[SLPS]	0	538.978	-92.477	0	324.773	0	0	
0	[SLPS]	0	538.978	-92.477	0	324.773	0	0	
0	[SLPS]	0	538.827	-92.256	0	324.776	0	0	
0	[SLPS]	0	538.647	-92.057	0	324.718	0	0	
0	[SLPS]	0	538.647	-92.057	0	324.718	0	0	
0	[SLPS]	0	538.491	-91.829	0	324.768	0	0	
0	[SLPS]	0	538.328	-91.606	0	324.784	0	0	
0	[SLPS]	0	538.169	-91.382	0	324.790	0	0	
0	[SLPS]	0	538.011	-91.171	0	324.797	0	0	
0	[SLPS]	0	538.011	-91.171	0	324.797	0	0	
0	[SLPS]	0	537.675	-90.706	0	324.794	0	0	
0	[SLPS]	0	537.675	-90.706	0	324.794	0	0	
0	[SLPS]	0	537.512	-90.476	0	324.804	0	0	
0	[SLPS]	0	537.351	-90.239	0	324.838	0	0	
0	[SLPS]	0	537.351	-90.239	0	324.838	0	0	
0	[SLPS]	0	537.012	-89.764	0	324.871	0	0	
0	[SLPS]	0	537.012	-89.764	0	324.871	0	0	
0	[SLPS]	0	536.845	-89.526	0	324.890	0	0	
0	[SLPS]	0	536.671	-89.277	0	324.920	0	0	
0	[SLPS]	0	536.671	-89.277	0	324.920	0	0	
0	[SLPS]	0	536.332	-88.776	0	324.982	0	0	
0	[SLPS]	0	536.332	-88.776	0	324.982	0	0	
0	[SLPS]	0	536.160	-88.527	0	324.999	0	0	
0	[SLPS]	0	535.971	-88.280	0	324.956	0	0	
0	[SLPS]	0	535.971	-88.280	0	324.956	0	0	
0	[SLPS]	0	535.635	-87.762	0	325.038	0	0	
0	[SLPS]	0	535.635	-87.762	0	325.038	0	0	
0	[SLPS]	0	535.459	-87.504	0	325.040	0	0	
0	[SLPS]	0	535.271	-87.244	0	325.023	0	0	
0	[SLPS]	0	535.094	-86.980	0	325.028	0	0	
0	[SLPS]	0	534.910	-86.718	0	325.009	0	0	
0	[SLPS]	0	534.910	-86.718	0	325.009	0	0	
0	[SLPS]	0	534.727	-86.452	0	325.003	0	0	
0	[SLPS]	0	534.539	-86.176	0	325.017	0	0	
0	[SLPS]	0	534.353	-85.907	0	325.008	0	0	
0	[SLPS]	0	534.163	-85.634	0	325.003	0	0	
0	[SLPS]	0	534.163	-85.634	0	325.003	0	0	
0	[SLPS]	0	533.786	-85.095	0	324.981	0	0	
0	[SLPS]	0	533.786	-85.095	0	324.981	0	0	
0	[SLPS]	0	533.590	-84.814	0	324.978	0	0	
0	[SLPS]	0	533.396	-84.540	0	324.971	0	0	
0	[SLPS]	0	533.396	-84.540	0	324.971	0	0	
0	[SLPS]	0	532.994	-83.972	0	324.955	0	0	
0	[SLPS]	0	532.994	-83.972	0	324.955	0	0	
0	[SLPS]	0	532.793	-83.688	0	324.952	0	0	
0	[SLPS]	0	532.595	-83.405	0	324.953	0	0	
0	[SLPS]	0	532.595	-83.405	0	324.953	0	0	
0	[SLPS]	0	532.193	-82.844	0	324.947	0	0	
0	[SLPS]	0	532.193	-82.844	0	324.947	0	0	
0	[SLPS]	0	531.993	-82.555	0	324.957	0	0	
0	[SLPS]	0	531.791	-82.269	0	324.958	0	0	
0	[SLPS]	0	531.791	-82.269	0	324.958	0	0	
0	[SLPS]	0	531.382	-81.702	0	324.950	0	0	
0	[SLPS]	0	531.382	-81.702	0	324.950	0	0	
0	[SLPS]	0	531.181	-81.417	0	324.957	0	0	
0	[SLPS]	0	530.973	-81.122	0	324.965	0	0	
0	[SLPS]	0	530.973	-81.122	0	324.965	0	0	
0	[SLPS]	0	530.567	-80.536	0	324.981	0	0	
0	[SLPS]	0	530.567	-80.536	0	324.981	0	0	
0	[SLPS]	0	530.361	-80.235	0	325.000	0	0	
0	[SLPS]	0	530.156	-79.933	0	325.018	0	0	
0	[SLPS]	0	530.156	-79.933	0	325.018	0	0	
0	[SLPS]	0	529.729	-79.335	0	325.031	0	0	
0	[SLPS]	0	529.729	-79.335	0	325.031	0	0	
0	[SLPS]	0	529.517	-79.032	0	325.015	0	0	
0	[SLPS]	0	529.309	-78.716	0	325.039	0	0	
0	[SLPS]	0	529.309	-78.716	0	325.039	0	0	
0	[SLPS]	0	528.892	-78.095	0	325.065	0	0	
0	[SLPS]	0	528.892	-78.095	0	325.065	0	0	
0	[SLPS]	0	528.676	-77.778	0	325.059	0	0	
0	[SLPS]	0	528.460	-77.474	0	325.038	0	0	
0	[SLPS]	0	528.245	-77.163	0	325.031	0	0	
0	[SLPS]	0	528.031	-76.861	0	325.020	0	0	
0	[SLPS]	0	528.031	-76.861	0	325.020	0	0	
0	[SLPS]	0	527.816	-76.543	0	325.028	0	0	
0	[SLPS]	0	527.594	-76.226	0	325.022	0	0	
0	[SLPS]	0	527.377	-75.912	0	325.015	0	0	
0	[SLPS]	0	527.150	-75.612	0	324.977	0	0	
0	[SLPS]	0	527.150	-75.612	0	324.977	0	0	
0	[SLPS]	0	526.924	-75.295	0	324.963	0	0	
0	[SLPS]	0	526.704	-74.977	0	324.957	0	0	
0	[SLPS]	0	526.482	-74.660	0	324.945	0	0	
0	[SLPS]	0	526.266	-74.344	0	324.954	0	0	
0	[SLPS]	0	526.266	-74.344	0	324.954	0	0	
0	[SLPS]	0	525.812	-73.705	0	324.915	0	0	
0	[SLPS]	0	525.812	-73.705	0	324.915	0	0	
0	[SLPS]	0	525.587	-73.384	0	324.904	0	0	
0	[SLPS]	0	525.365	-73.060	0	324.907	0	0	
0	[SLPS]	0	525.365	-73.060	0	324.907	0	0	
0	[SLPS]	0	524.909	-72.406	0	324.883	0	0	
0	[SLPS]	0	524.909	-72.406	0	324.883	0	0	
0	[SLPS]	0	524.681	-72.080	0	324.859	0	0	
0	[SLPS]	0	524.467	-71.753	0	324.858	0	0	
0	[SLPS]	0	524.467	-71.753	0	324.858	0	0	
0	[SLPS]	0	523.987	-71.091	0	324.787	0	0	
0	[SLPS]	0	523.987	-71.091	0	324.787	0	0	
0	[SLPS]	0	523.754	-70.761	0	324.766	0	0	
0	[SLPS]	0	523.536	-70.431	0	324.771	0	0	
0	[SLPS]	0	523.536	-70.431	0	324.771	0	0	
0	[SLPS]	0	523.072	-69.771	0	324.730	0	0	
0	[SLPS]	0	523.072	-69.771	0	324.730	0	0	
0	[SLPS]	0	522.839	-69.439	0	324.716	0	0	
0	[SLPS]	0	522.584	-69.111	0	324.666	0	0	
0	[SLPS]	0	522.346	-68.776	0	324.648	0	0	
0	[SLPS]	0	522.108	-68.436	0	324.637	0	0	
0	[SLPS]	0	522.108	-68.436	0	324.637	0	0	
0	[SLPS]	0	521.628	-67.768	0	324.589	0	0	
0	[SLPS]	0	521.628	-67.768	0	324.589	0	0	
0	[SLPS]	0	521.387	-67.434	0	324.583	0	0	
0	[SLPS]	0	521.147	-67.089	0	324.598	0	0	
0	[SLPS]	0	521.147	-67.089	0	324.598	0	0	
0	[SLPS]	0	520.669	-66.413	0	324.612	0	0	
0	[SLPS]	0	520.669	-66.413	0	324.612	0	0	
0	[SLPS]	0	520.433	-66.067	0	324.623	0	0	
0	[SLPS]	0	520.187	-65.731	0	324.611	0	0	
0	[SLPS]	0	520.187	-65.731	0	324.611	0	0	
0	[SLPS]	0	519.706	-65.038	0	324.628	0	0	
0	[SLPS]	0	519.706	-65.038	0	324.628	0	0	
0	[SLPS]	0	519.482	-64.686	0	324.663	0	0	
0	[SLPS]	0	519.236	-64.342	0	324.649	0	0	
0	[SLPS]	0	519.236	-64.342	0	324.649	0	0	
0	[SLPS]	0	518.996	-63.996	0	324.651	0	0	
0	[SLPS]	0	518.771	-63.647	0	324.640	0	0	
0	[SLPS]	0	518.530	-63.296	0	324.641	0	0	
0	[SLPS]	0	518.285	-62.942	0	324.640	0	0	
0	[SLPS]	0	518.285	-62.942	0	324.640	0	0	
0	[SLPS]	0	517.805	-62.257	0	324.629	0	0	
0	[SLPS]	0	517.805	-62.257	0	324.629	0	0	
0	[SLPS]	0	517.555	-61.900	0	324.635	0	0	
0	[SLPS]	0	517.302	-61.556	0	324.624	0	0	
0	[SLPS]	0	517.302	-61.556	0	324.624	0	0	
0	[SLPS]	0	516.807	-60.861	0	324.619	0	0	
0	[SLPS]	0	516.807	-60.861	0	324.619	0	0	
0	[SLPS]	0	516.556	-60.517	0	324.610	0	0	
0	[SLPS]	0	516.301	-60.164	0	324.603	0	0	
0	[SLPS]	0	516.301	-60.164	0	324.603	0	0	
0	[SLPS]	0	516.054	-59.815	0	324.597	0	0	
0	[SLPS]	0	515.816	-59.462	0	324.610	0	0	
0	[SLPS]	0	515.567	-59.113	0	324.600	0	0	
0	[SLPS]	0	515.319	-58.758	0	324.595	0	0	
0	[SLPS]	0	515.319	-58.758	0	324.595	0	0	
0	[SLPS]	0	515.072	-58.407	0	324.589	0	0	
0	[SLPS]	0	514.822	-58.063	0	324.571	0	0	
0	[SLPS]	0	514.575	-57.710	0	324.565	0	0	
0	[SLPS]	0	514.315	-57.354	0	324.547	0	0	
0	[SLPS]	0	514.315	-57.354	0	324.547	0	0	
0	[SLPS]	0	513.812	-56.661	0	324.527	0	0	
0	[SLPS]	0	513.812	-56.661	0	324.527	0	0	
0	[SLPS]	0	513.569	-56.309	0	324.532	0	0	
0	[SLPS]	0	513.321	-55.964	0	324.515	0	0	
0	[SLPS]	0	513.321	-55.964	0	324.515	0	0	
0	[SLPS]	0	512.829	-55.270	0	324.489	0	0	
0	[SLPS]	0	512.829	-55.270	0	324.489	0	0	
0	[SLPS]	0	512.573	-54.930	0	324.456	0	0	
0	[SLPS]	0	512.344	-54.574	0	324.483	0	0	
0	[SLPS]	0	512.344	-54.574	0	324.483	0	0	
0	[SLPS]	0	511.860	-53.877	0	324.470	0	0	
0	[SLPS]	0	511.860	-53.877	0	324.470	0	0	
0	[SLPS]	0	511.616	-53.530	0	324.423	0	0	
0	[SLPS]	0	511.363	-53.175	0	324.405	0	0	
0	[SLPS]	0	511.363	-53.175	0	324.405	0	0	
0	[SLPS]	0	510.878	-52.486	0	324.400	0	0	
0	[SLPS]	0	510.878	-52.486	0	324.400	0	0	
0	[SLPS]	0	510.609	-52.150	0	324.367	0	0	
0	[SLPS]	0	510.369	-51.798	0	324.375	0	0	
0	[SLPS]	0	510.124	-51.454	0	324.362	0	0	
0	[SLPS]	0	509.876	-51.127	0	324.344	0	0	
0	[SLPS]	0	509.876	-51.127	0	324.344	0	0	
0	[SLPS]	0	509.397	-50.428	0	324.311	0	0	
0	[SLPS]	0	509.397	-50.428	0	324.311	0	0	
0	[SLPS]	0	509.153	-50.085	0	324.304	0	0	
0	[SLPS]	0	508.933	-49.741	0	324.319	0	0	
0	[SLPS]	0	508.933	-49.741	0	324.319	0	0	
0	[SLPS]	0	508.440	-49.049	0	324.305	0	0	
0	[SLPS]	0	508.440	-49.049	0	324.305	0	0	
0	[SLPS]	0	508.199	-48.705	0	324.305	0	0	
0	[SLPS]	0	507.966	-48.359	0	324.331	0	0	
0	[SLPS]	0	507.966	-48.359	0	324.331	0	0	
0	[SLPS]	0	507.482	-47.673	0	324.327	0	0	
0	[SLPS]	0	507.482	-47.673	0	324.327	0	0	
0	[SLPS]	0	507.242	-47.328	0	324.333	0	0	
0	[SLPS]	0	506.999	-46.976	0	324.352	0	0	
0	[SLPS]	0	506.999	-46.976	0	324.352	0	0	
0	[SLPS]	0	506.497	-46.295	0	324.355	0	0	
0	[SLPS]	0	506.497	-46.295	0	324.355	0	0	
0	[SLPS]	0	506.254	-45.949	0	324.361	0	0	
0	[SLPS]	0	506.022	-45.590	0	324.389	0	0	
0	[SLPS]	0	506.022	-45.590	0	324.389	0	0	
0	[SLPS]	0	505.493	-44.910	0	324.364	0	0	
0	[SLPS]	0	505.493	-44.910	0	324.364	0	0	
0	[SLPS]	0	505.245	-44.563	0	324.370	0	0	
0	[SLPS]	0	504.994	-44.220	0	324.380	0	0	
0	[SLPS]	0	504.994	-44.220	0	324.380	0	0	
0	[SLPS]	0	504.494	-43.509	0	324.392	0	0	
0	[SLPS]	0	504.494	-43.509	0	324.392	0	0	
0	[SLPS]	0	504.245	-43.159	0	324.404	0	0	
0	[SLPS]	0	504.000	-42.814	0	324.405	0	0	
0	[SLPS]	0	504.000	-42.814	0	324.405	0	0	
0	[SLPS]	0	503.504	-42.116	0	324.421	0	0	
0	[SLPS]	0	503.504	-42.116	0	324.421	0	0	
0	[SLPS]	0	503.256	-41.765	0	324.420	0	0	
0	[SLPS]	0	502.998	-41.396	0	324.439	0	0	
0	[SLPS]	0	502.998	-41.396	0	324.439	0	0	
0	[SLPS]	0	502.488	-40.687	0	324.441	0	0	
0	[SLPS]	0	502.488	-40.687	0	324.441	0	0	
0	[SLPS]	0	502.233	-40.337	0	324.438	0	0	
0	[SLPS]	0	501.984	-39.986	0	324.448	0	0	
0	[SLPS]	0	501.984	-39.986	0	324.448	0	0	
0	[SLPS]	0	501.474	-39.275	0	324.457	0	0	
0	[SLPS]	0	501.474	-39.275	0	324.457	0	0	
0	[SLPS]	0	501.223	-38.920	0	324.461	0	0	
0	[SLPS]	0	500.977	-38.571	0	324.471	0	0	
0	[SLPS]	0	500.977	-38.571	0	324.471	0	0	
0	[SLPS]	0	500.469	-37.860	0	324.473	0	0	
0	[SLPS]	0	500.469	-37.860	0	324.473	0	0	
0	[SLPS]	0	500.217	-37.505	0	324.472	0	0	
0	[SLPS]	0	499.975	-37.161	0	324.475	0	0	
0	[SLPS]	0	499.714	-36.808	0	324.468	0	0	
0	[SLPS]	0	499.466	-36.450	0	324.483	0	0	
0	[SLPS]	0	499.466	-36.450	0	324.483	0	0	
0	[SLPS]	0	498.956	-35.744	0	324.496	0	0	
0	[SLPS]	0	498.956	-35.744	0	324.496	0	0	
0	[SLPS]	0	498.708	-35.387	0	324.512	0	0	
0	[SLPS]	0	498.447	-35.037	0	324.503	0	0	
0	[SLPS]	0	498.447	-35.037	0	324.503	0	0	
0	[SLPS]	0	498.194	-34.681	0	324.509	0	0	
0	[SLPS]	0	497.949	-34.316	0	324.528	0	0	
0	[SLPS]	0	497.702	-33.954	0	324.540	0	0	
0	[SLPS]	0	497.446	-33.592	0	324.543	0	0	
0	[SLPS]	0	497.446	-33.592	0	324.543	0	0	
0	[SLPS]	0	497.194	-33.233	0	324.547	0	0	
0	[SLPS]	0	496.945	-32.875	0	324.554	0	0	
0	[SLPS]	0	496.691	-32.515	0	324.552	0	0	
0	[SLPS]	0	496.434	-32.160	0	324.548	0	0	
0	[SLPS]	0	496.434	-32.160	0	324.548	0	0	
0	[SLPS]	0	496.182	-31.800	0	324.546	0	0	
0	[SLPS]	0	495.926	-31.448	0	324.550	0	0	
0	[SLPS]	0	495.926	-31.448	0	324.550	0	0	
0	[SLPS]	0	495.408	-30.716	0	324.586	0	0	
0	[SLPS]	0	495.408	-30.716	0	324.586	0	0	
0	[SLPS]	0	495.152	-30.353	0	324.590	0	0	
0	[SLPS]	0	494.900	-29.996	0	324.594	0	0	
0	[SLPS]	0	494.642	-29.628	0	324.594	0	0	
0	[SLPS]	0	494.373	-29.253	0	324.596	0	0	
0	[SLPS]	0	494.373	-29.253	0	324.596	0	0	
0	[SLPS]	0	493.854	-28.519	0	324.613	0	0	
0	[SLPS]	0	493.854	-28.519	0	324.613	0	0	
0	[SLPS]	0	493.590	-28.153	0	324.611	0	0	
0	[SLPS]	0	493.330	-27.784	0	324.611	0	0	
0	[SLPS]	0	493.330	-27.784	0	324.611	0	0	
0	[SLPS]	0	492.812	-27.048	0	324.622	0	0	
0	[SLPS]	0	492.812	-27.048	0	324.622	0	0	
0	[SLPS]	0	492.546	-26.678	0	324.626	0	0	
0	[SLPS]	0	492.284	-26.308	0	324.631	0	0	
0	[SLPS]	0	492.284	-26.308	0	324.631	0	0	
0	[SLPS]	0	491.770	-25.572	0	324.647	0	0	
0	[SLPS]	0	491.770	-25.572	0	324.647	0	0	
0	[SLPS]	0	491.506	-25.205	0	324.645	0	0	
0	[SLPS]	0	491.244	-24.827	0	324.648	0	0	
0	[SLPS]	0	490.982	-24.456	0	324.650	0	0	
0	[SLPS]	0	490.716	-24.078	0	324.654	0	0	
0	[SLPS]	0	490.716	-24.078	0	324.654	0	0	
0	[SLPS]	0	490.196	-23.336	0	324.665	0	0	
0	[SLPS]	0	490.196	-23.336	0	324.665	0	0	
0	[SLPS]	0	489.934	-22.963	0	324.668	0	0	
0	[SLPS]	0	489.670	-22.594	0	324.672	0	0	
0	[SLPS]	0	489.670	-22.594	0	324.672	0	0	
0	[SLPS]	0	489.143	-21.845	0	324.684	0	0	
0	[SLPS]	0	489.143	-21.845	0	324.684	0	0	
0	[SLPS]	0	488.872	-21.475	0	324.677	0	0	
0	[SLPS]	0	488.602	-21.097	0	324.674	0	0	
0	[SLPS]	0	488.602	-21.097	0	324.674	0	0	
0	[SLPS]	0	488.067	-20.342	0	324.680	0	0	
0	[SLPS]	0	488.067	-20.342	0	324.680	0	0	
0	[SLPS]	0	487.801	-19.966	0	324.683	0	0	
0	[SLPS]	0	487.533	-19.591	0	324.687	0	0	
0	[SLPS]	0	487.533	-19.591	0	324.687	0	0	
0	[SLPS]	0	486.982	-18.842	0	324.699	0	0	
0	[SLPS]	0	486.982	-18.842	0	324.699	0	0	
0	[SLPS]	0	486.713	-18.465	0	324.702	0	0	
0	[SLPS]	0	486.460	-18.099	0	324.709	0	0	
0	[SLPS]	0	486.460	-18.099	0	324.709	0	0	
0	[SLPS]	0	485.911	-17.353	0	324.697	0	0	
0	[SLPS]	0	485.911	-17.353	0	324.697	0	0	
0	[SLPS]	0	485.642	-16.978	0	324.700	0	0	
0	[SLPS]	0	485.370	-16.595	0	324.727	0	0	
0	[SLPS]	0	485.370	-16.595	0	324.727	0	0	
0	[SLPS]	0	484.828	-15.845	0	324.718	0	0	
0	[SLPS]	0	484.828	-15.845	0	324.718	0	0	
0	[SLPS]	0	484.560	-15.470	0	324.715	0	0	
0	[SLPS]	0	484.290	-15.101	0	324.735	0	0	
0	[SLPS]	0	484.021	-14.725	0	324.708	0	0	
0	[SLPS]	0	483.747	-14.348	0	324.693	0	0	
0	[SLPS]	0	483.747	-14.348	0	324.693	0	0	
0	[SLPS]	0	483.226	-13.593	0	324.691	0	0	
0	[SLPS]	0	483.226	-13.593	0	324.691	0	0	
0	[SLPS]	0	482.961	-13.208	0	324.697	0	0	
0	[SLPS]	0	482.695	-12.831	0	324.709	0	0	
0	[SLPS]	0	482.695	-12.831	0	324.709	0	0	
0	[SLPS]	0	482.185	-12.069	0	324.701	0	0	
0	[SLPS]	0	482.185	-12.069	0	324.701	0	0	
0	[SLPS]	0	481.925	-11.691	0	324.711	0	0	
0	[SLPS]	0	481.664	-11.308	0	324.711	0	0	
0	[SLPS]	0	481.664	-11.308	0	324.711	0	0	
0	[SLPS]	0	481.125	-10.576	0	324.682	0	0	
0	[SLPS]	0	481.125	-10.576	0	324.682	0	0	
0	[SLPS]	0	480.875	-10.197	0	324.692	0	0	
0	[SLPS]	0	480.616	-9.828	0	324.687	0	0	
0	[SLPS]	0	480.616	-9.828	0	324.687	0	0	
0	[SLPS]	0	480.099	-9.081	0	324.685	0	0	
0	[SLPS]	0	480.099	-9.081	0	324.685	0	0	
0	[SLPS]	0	479.843	-8.713	0	324.676	0	0	
0	[SLPS]	0	479.586	-8.336	0	324.678	0	0	
0	[SLPS]	0	479.327	-7.966	0	324.678	0	0	
0	[SLPS]	0	479.066	-7.598	0	324.668	0	0	
0	[SLPS]	0	479.066	-7.598	0	324.668	0	0	
0	[SLPS]	0	478.799	-7.235	0	324.653	0	0	
0	[SLPS]	0	478.528	-6.866	0	324.644	0	0	
0	[SLPS]	0	478.265	-6.497	0	324.643	0	0	
0	[SLPS]	0	478.003	-6.134	0	324.643	0	0	
0	[SLPS]	0	478.003	-6.134	0	324.643	0	0	
0	[SLPS]	0	477.748	-5.759	0	324.653	0	0	
0	[SLPS]	0	477.488	-5.383	0	324.656	0	0	
0	[SLPS]	0	477.227	-5.013	0	324.656	0	0	
0	[SLPS]	0	476.979	-4.644	0	324.664	0	0	
0	[SLPS]	0	476.979	-4.644	0	324.664	0	0	
0	[SLPS]	0	476.453	-3.889	0	324.662	0	0	
0	[SLPS]	0	476.453	-3.889	0	324.662	0	0	
0	[SLPS]	0	476.193	-3.519	0	324.665	0	0	
0	[SLPS]	0	475.942	-3.149	0	324.665	0	0	
0	[SLPS]	0	475.942	-3.149	0	324.665	0	0	
0	[SLPS]	0	475.412	-2.409	0	324.652	0	0	
0	[SLPS]	0	475.412	-2.409	0	324.652	0	0	
0	[SLPS]	0	475.151	-2.039	0	324.651	0	0	
0	[SLPS]	0	474.893	-1.672	0	324.652	0	0	
0	[SLPS]	0	474.893	-1.672	0	324.652	0	0	
0	[SLPS]	0	474.379	-0.923	0	324.665	0	0	
0	[SLPS]	0	474.379	-0.923	0	324.665	0	0	
0	[SLPS]	0	474.114	-0.553	0	324.660	0	0	
0	[SLPS]	0	473.847	-0.177	0	324.651	0	0	
0	[SLPS]	0	473.847	-0.177	0	324.651	0	0	
0	[SLPS]	0	473.322	0.565	0	324.648	0	0	
0	[SLPS]	0	473.322	0.565	0	324.648	0	0	
0	[SLPS]	0	473.057	0.937	0	324.653	0	0	
0	[SLPS]	0	472.791	1.316	0	324.656	0	0	
0	[SLPS]	0	472.525	1.694	0	324.655	0	0	
0	[SLPS]	0	472.259	2.068	0	324.646	0	0	
0	[SLPS]	0	472.259	2.068	0	324.646	0	0	
0	[SLPS]	0	471.728	2.808	0	324.634	0	0	
0	[SLPS]	0	471.728	2.808	0	324.634	0	0	
0	[SLPS]	0	471.467	3.188	0	324.643	0	0	
0	[SLPS]	0	471.204	3.564	0	324.648	0	0	
0	[SLPS]	0	471.204	3.564	0	324.648	0	0	
0	[SLPS]	0	470.688	4.323	0	324.664	0	0	
0	[SLPS]	0	470.688	4.323	0	324.664	0	0	
0	[SLPS]	0	470.420	4.696	0	324.649	0	0	
0	[SLPS]	0	470.157	5.071	0	324.643	0	0	
0	[SLPS]	0	470.157	5.071	0	324.643	0	0	
0	[SLPS]	0	469.631	5.821	0	324.646	0	0	
0	[SLPS]	0	469.631	5.821	0	324.646	0	0	
0	[SLPS]	0	469.378	6.202	0	324.659	0	0	
0	[SLPS]	0	469.104	6.578	0	324.652	0	0	
0	[SLPS]	0	469.104	6.578	0	324.652	0	0	
0	[SLPS]	0	468.579	7.329	0	324.643	0	0	
0	[SLPS]	0	468.579	7.329	0	324.643	0	0	
0	[SLPS]	0	468.312	7.702	0	324.639	0	0	
0	[SLPS]	0	468.050	8.083	0	324.644	0	0	
0	[SLPS]	0	468.050	8.083	0	324.644	0	0	
0	[SLPS]	0	467.508	8.832	0	324.629	0	0	
0	[SLPS]	0	467.508	8.832	0	324.629	0	0	
0	[SLPS]	0	467.241	9.207	0	324.627	0	0	
0	[SLPS]	0	466.973	9.583	0	324.626	0	0	
0	[SLPS]	0	466.709	9.956	0	324.625	0	0	
0	[SLPS]	0	466.444	10.318	0	324.618	0	0	
0	[SLPS]	0	466.444	10.318	0	324.618	0	0	
0	[SLPS]	0	465.912	11.055	0	324.623	0	0	
0	[SLPS]	0	465.912	11.055	0	324.623	0	0	
0	[SLPS]	0	465.648	11.423	0	324.621	0	0	
0	[SLPS]	0	465.383	11.785	0	324.614	0	0	
0	[SLPS]	0	465.383	11.785	0	324.614	0	0	
0	[SLPS]	0	464.862	12.523	0	324.608	0	0	
0	[SLPS]	0	464.862	12.523	0	324.608	0	0	
0	[SLPS]	0	464.601	12.889	0	324.610	0	0	
0	[SLPS]	0	464.351	13.253	0	324.607	0	0	
0	[SLPS]	0	464.351	13.253	0	324.607	0	0	
0	[SLPS]	0	463.835	13.984	0	324.607	0	0	
0	[SLPS]	0	463.835	13.984	0	324.607	0	0	
0	[SLPS]	0	463.578	14.346	0	324.597	0	0	
0	[SLPS]	0	463.324	14.718	0	324.585	0	0	
0	[SLPS]	0	463.324	14.718	0	324.585	0	0	
0	[SLPS]	0	462.819	15.468	0	324.595	0	0	
0	[SLPS]	0	462.819	15.468	0	324.595	0	0	
0	[SLPS]	0	462.560	15.831	0	324.609	0	0	
0	[SLPS]	0	462.296	16.190	0	324.621	0	0	
0	[SLPS]	0	462.048	16.562	0	324.624	0	0	
0	[SLPS]	0	461.787	16.909	0	324.601	0	0	
0	[SLPS]	0	461.787	16.909	0	324.601	0	0	
0	[SLPS]	0	461.288	17.622	0	324.610	0	0	
0	[SLPS]	0	461.288	17.622	0	324.610	0	0	
0	[SLPS]	0	461.035	17.987	0	324.624	0	0	
0	[SLPS]	0	460.779	18.336	0	324.629	0	0	
0	[SLPS]	0	460.779	18.336	0	324.629	0	0	
0	[SLPS]	0	460.528	18.686	0	324.624	0	0	
0	[SLPS]	0	460.260	19.047	0	324.605	0	0	
0	[SLPS]	0	460.011	19.405	0	324.596	0	0	
0	[SLPS]	0	459.756	19.763	0	324.590	0	0	
0	[SLPS]	0	459.756	19.763	0	324.590	0	0	
0	[SLPS]	0	459.505	20.121	0	324.587	0	0	
0	[SLPS]	0	459.251	20.478	0	324.583	0	0	
0	[SLPS]	0	459.010	20.841	0	324.590	0	0	
0	[SLPS]	0	458.754	21.206	0	324.586	0	0	
0	[SLPS]	0	458.754	21.206	0	324.586	0	0	
0	[SLPS]	0	458.252	21.912	0	324.595	0	0	
0	[SLPS]	0	458.252	21.912	0	324.595	0	0	
0	[SLPS]	0	458.010	22.274	0	324.605	0	0	
0	[SLPS]	0	457.761	22.624	0	324.590	0	0	
0	[SLPS]	0	457.761	22.624	0	324.590	0	0	
0	[SLPS]	0	457.258	23.328	0	324.580	0	0	
0	[SLPS]	0	457.258	23.328	0	324.580	0	0	
0	[SLPS]	0	457.020	23.681	0	324.579	0	0	
0	[SLPS]	0	456.775	24.029	0	324.577	0	0	
0	[SLPS]	0	456.775	24.029	0	324.577	0	0	
0	[SLPS]	0	456.287	24.712	0	324.564	0	0	
0	[SLPS]	0	456.287	24.712	0	324.564	0	0	
0	[SLPS]	0	456.043	25.056	0	324.564	0	0	
0	[SLPS]	0	455.801	25.400	0	324.561	0	0	
0	[SLPS]	0	455.559	25.744	0	324.550	0	0	
0	[SLPS]	0	455.310	26.079	0	324.540	0	0	
0	[SLPS]	0	455.310	26.079	0	324.540	0	0	
0	[SLPS]	0	454.824	26.770	0	324.546	0	0	
0	[SLPS]	0	454.824	26.770	0	324.546	0	0	
0	[SLPS]	0	454.582	27.112	0	324.545	0	0	
0	[SLPS]	0	454.341	27.454	0	324.537	0	0	
0	[SLPS]	0	454.341	27.454	0	324.537	0	0	
0	[SLPS]	0	453.851	28.138	0	324.494	0	0	
0	[SLPS]	0	453.851	28.138	0	324.494	0	0	
0	[SLPS]	0	453.609	28.478	0	324.479	0	0	
0	[SLPS]	0	453.368	28.820	0	324.480	0	0	
0	[SLPS]	0	453.368	28.820	0	324.480	0	0	
0	[SLPS]	0	452.889	29.500	0	324.472	0	0	
0	[SLPS]	0	452.889	29.500	0	324.472	0	0	
0	[SLPS]	0	452.650	29.838	0	324.461	0	0	
0	[SLPS]	0	452.409	30.172	0	324.448	0	0	
0	[SLPS]	0	452.409	30.172	0	324.448	0	0	
0	[SLPS]	0	451.931	30.847	0	324.417	0	0	
0	[SLPS]	0	451.931	30.847	0	324.417	0	0	
0	[SLPS]	0	451.693	31.182	0	324.398	0	0	
0	[SLPS]	0	451.456	31.507	0	324.374	0	0	
0	[SLPS]	0	451.456	31.507	0	324.374	0	0	
0	[SLPS]	0	450.979	32.175	0	324.351	0	0	
0	[SLPS]	0	450.979	32.175	0	324.351	0	0	
0	[SLPS]	0	450.742	32.506	0	324.330	0	0	
0	[SLPS]	0	450.496	32.835	0	324.299	0	0	
0	[SLPS]	0	450.260	33.167	0	324.276	0	0	
0	[SLPS]	0	450.024	33.497	0	324.255	0	0	
0	[SLPS]	0	450.024	33.497	0	324.255	0	0	
0	[SLPS]	0	449.787	33.825	0	324.232	0	0	
0	[SLPS]	0	449.562	34.152	0	324.217	0	0	
0	[SLPS]	0	449.562	34.152	0	324.217	0	0	
0	[SLPS]	0	449.087	34.811	0	324.156	0	0	
0	[SLPS]	0	449.087	34.811	0	324.156	0	0	
0	[SLPS]	0	448.852	35.138	0	324.132	0	0	
0	[SLPS]	0	448.612	35.463	0	324.100	0	0	
0	[SLPS]	0	448.375	35.791	0	324.069	0	0	
0	[SLPS]	0	448.136	36.120	0	324.045	0	0	
0	[SLPS]	0	448.136	36.120	0	324.045	0	0	
0	[SLPS]	0	447.661	36.769	0	323.987	0	0	
0	[SLPS]	0	447.661	36.769	0	323.987	0	0	
0	[SLPS]	0	447.426	37.104	0	323.958	0	0	
0	[SLPS]	0	447.189	37.434	0	323.915	0	0	
0	[SLPS]	0	447.189	37.434	0	323.915	0	0	
0	[SLPS]	0	446.713	38.087	0	323.812	0	0	
0	[SLPS]	0	446.713	38.087	0	323.812	0	0	
0	[SLPS]	0	446.476	38.411	0	323.760	0	0	
0	[SLPS]	0	446.239	38.737	0	323.717	0	0	
0	[SLPS]	0	446.239	38.737	0	323.717	0	0	
0	[SLPS]	0	445.770	39.387	0	323.614	0	0	
0	[SLPS]	0	445.770	39.387	0	323.614	0	0	
0	[SLPS]	0	445.534	39.708	0	323.559	0	0	
0	[SLPS]	0	445.297	40.033	0	323.481	0	0	
0	[SLPS]	0	445.297	40.033	0	323.481	0	0	
0	[SLPS]	0	444.819	40.681	0	323.314	0	0	
0	[SLPS]	0	444.819	40.681	0	323.314	0	0	
0	[SLPS]	0	444.578	41.003	0	323.227	0	0	
0	[SLPS]	0	444.335	41.328	0	323.153	0	0	
0	[SLPS]	0	444.335	41.328	0	323.153	0	0	
0	[SLPS]	0	443.849	41.971	0	323.018	0	0	
0	[SLPS]	0	443.849	41.971	0	323.018	0	0	
0	[SLPS]	0	443.358	42.608	0	322.874	0	0	
0	[SLPS]	0	443.358	42.608	0	322.874	0	0	
0	[SLPS]	0	443.114	42.926	0	322.806	0	0	
0	[SLPS]	0	442.868	43.245	0	322.743	0	0	
0	[SLPS]	0	442.868	43.245	0	322.743	0	0	
0	[SLPS]	0	442.624	43.566	0	322.683	0	0	
0	[SLPS]	0	442.376	43.894	0	322.625	0	0	
0	[SLPS]	0	442.132	44.214	0	322.577	0	0	
0	[SLPS]	0	441.888	44.537	0	322.544	0	0	
0	[SLPS]	0	441.888	44.537	0	322.544	0	0	
0	[SLPS]	0	441.399	45.182	0	322.519	0	0	
0	[SLPS]	0	441.399	45.182	0	322.519	0	0	
0	[SLPS]	0	441.154	45.502	0	322.515	0	0	
0	[SLPS]	0	440.916	45.821	0	322.519	0	0	
0	[SLPS]	0	440.916	45.821	0	322.519	0	0	
0	[SLPS]	0	440.423	46.458	0	322.518	0	0	
0	[SLPS]	0	440.423	46.458	0	322.518	0	0	
0	[SLPS]	0	440.179	46.777	0	322.511	0	0	
0	[SLPS]	0	439.941	47.099	0	322.517	0	0	
0	[SLPS]	0	439.941	47.099	0	322.517	0	0	
0	[SLPS]	0	439.452	47.747	0	322.551	0	0	
0	[SLPS]	0	439.452	47.747	0	322.551	0	0	
0	[SLPS]	0	439.208	48.068	0	322.568	0	0	
0	[SLPS]	0	438.967	48.385	0	322.586	0	0	
0	[SLPS]	0	438.967	48.385	0	322.586	0	0	
0	[SLPS]	0	438.478	49.027	0	322.587	0	0	
0	[SLPS]	0	438.478	49.027	0	322.587	0	0	
0	[SLPS]	0	438.236	49.348	0	322.579	0	0	
0	[SLPS]	0	437.996	49.670	0	322.581	0	0	
0	[SLPS]	0	437.751	49.993	0	322.582	0	0	
0	[SLPS]	0	437.507	50.310	0	322.569	0	0	
0	[SLPS]	0	437.507	50.310	0	322.569	0	0	
0	[SLPS]	0	437.019	50.944	0	322.530	0	0	
0	[SLPS]	0	437.019	50.944	0	322.530	0	0	
0	[SLPS]	0	437.019	50.944	0	322.530	0	0	
0	[SLPS]	0	436.531	51.580	0	322.503	0	0	
0	[SLPS]	0	436.531	51.580	0	322.503	0	0	
0	[SLPS]	0	436.288	51.897	0	322.492	0	0	
0	[SLPS]	0	436.045	52.211	0	322.483	0	0	
0	[SLPS]	0	435.798	52.528	0	322.471	0	0	
0	[SLPS]	0	435.554	52.843	0	322.458	0	0	
0	[SLPS]	0	435.554	52.843	0	322.458	0	0	
0	[SLPS]	0	435.068	53.475	0	322.445	0	0	
0	[SLPS]	0	435.068	53.475	0	322.445	0	0	
0	[SLPS]	0	434.822	53.798	0	322.438	0	0	
0	[SLPS]	0	434.576	54.121	0	322.437	0	0	
0	[SLPS]	0	434.576	54.121	0	322.437	0	0	
0	[SLPS]	0	434.083	54.772	0	322.433	0	0	
0	[SLPS]	0	434.083	54.772	0	322.433	0	0	
0	[SLPS]	0	433.839	55.091	0	322.425	0	0	
0	[SLPS]	0	433.595	55.416	0	322.416	0	0	
0	[SLPS]	0	433.595	55.416	0	322.416	0	0	
0	[SLPS]	0	433.351	55.737	0	322.408	0	0	
0	[SLPS]	0	433.111	56.061	0	322.398	0	0	
0	[SLPS]	0	432.868	56.383	0	322.390	0	0	
0	[SLPS]	0	432.623	56.704	0	322.394	0	0	
0	[SLPS]	0	432.623	56.704	0	322.394	0	0	
0	[SLPS]	0	432.128	57.346	0	322.402	0	0	
0	[SLPS]	0	432.128	57.346	0	322.402	0	0	
0	[SLPS]	0	431.876	57.666	0	322.416	0	0	
0	[SLPS]	0	431.622	57.994	0	322.427	0	0	
0	[SLPS]	0	431.622	57.994	0	322.427	0	0	
0	[SLPS]	0	431.129	58.644	0	322.479	0	0	
0	[SLPS]	0	431.129	58.644	0	322.479	0	0	
0	[SLPS]	0	430.877	58.966	0	322.519	0	0	
0	[SLPS]	0	430.628	59.298	0	322.558	0	0	
0	[SLPS]	0	430.380	59.624	0	322.580	0	0	
0	[SLPS]	0	430.131	59.935	0	322.582	0	0	
0	[SLPS]	0	430.131	59.935	0	322.582	0	0	
0	[SLPS]	0	429.635	60.586	0	322.613	0	0	
0	[SLPS]	0	429.635	60.586	0	322.613	0	0	
0	[SLPS]	0	429.385	60.912	0	322.646	0	0	
0	[SLPS]	0	429.147	61.235	0	322.686	0	0	
0	[SLPS]	0	429.147	61.235	0	322.686	0	0	
0	[SLPS]	0	428.637	61.911	0	322.718	0	0	
0	[SLPS]	0	428.637	61.911	0	322.718	0	0	
0	[SLPS]	0	428.387	62.242	0	322.735	0	0	
0	[SLPS]	0	428.132	62.575	0	322.755	0	0	
0	[SLPS]	0	428.132	62.575	0	322.755	0	0	
0	[SLPS]	0	427.618	63.247	0	322.803	0	0	
0	[SLPS]	0	427.618	63.247	0	322.803	0	0	
0	[SLPS]	0	427.365	63.581	0	322.822	0	0	
0	[SLPS]	0	427.112	63.899	0	322.829	0	0	
0	[SLPS]	0	427.112	63.899	0	322.829	0	0	
0	[SLPS]	0	426.615	64.575	0	322.873	0	0	
0	[SLPS]	0	426.615	64.575	0	322.873	0	0	
0	[SLPS]	0	426.363	64.910	0	322.897	0	0	
0	[SLPS]	0	426.102	65.251	0	322.915	0	0	
0	[SLPS]	0	425.855	65.580	0	322.933	0	0	
0	[SLPS]	0	425.585	65.925	0	322.945	0	0	
0	[SLPS]	0	425.585	65.925	0	322.945	0	0	
0	[SLPS]	0	425.091	66.610	0	322.988	0	0	
0	[SLPS]	0	425.091	66.610	0	322.988	0	0	
0	[SLPS]	0	425.091	66.610	0	322.988	0	0	
0	[SLPS]	0	424.596	67.288	0	322.994	0	0	
0	[SLPS]	0	424.596	67.288	0	322.994	0	0	
0	[SLPS]	0	424.334	67.631	0	322.980	0	0	
0	[SLPS]	0	424.075	67.979	0	322.973	0	0	
0	[SLPS]	0	424.075	67.979	0	322.973	0	0	
0	[SLPS]	0	423.572	68.657	0	322.968	0	0	
0	[SLPS]	0	423.572	68.657	0	322.968	0	0	
0	[SLPS]	0	423.080	69.339	0	322.971	0	0	
0	[SLPS]	0	423.080	69.339	0	322.971	0	0	
0	[SLPS]	0	422.819	69.678	0	322.961	0	0	
0	[SLPS]	0	422.554	70.018	0	322.952	0	0	
0	[SLPS]	0	422.554	70.018	0	322.952	0	0	
0	[SLPS]	0	422.300	70.359	0	322.946	0	0	
0	[SLPS]	0	422.050	70.699	0	322.945	0	0	
0	[SLPS]	0	421.788	71.029	0	322.938	0	0	
0	[SLPS]	0	421.533	71.376	0	322.948	0	0	
0	[SLPS]	0	421.533	71.376	0	322.948	0	0	
0	[SLPS]	0	421.020	72.055	0	322.941	0	0	
0	[SLPS]	0	421.020	72.055	0	322.941	0	0	
0	[SLPS]	0	420.761	72.392	0	322.932	0	0	
0	[SLPS]	0	420.507	72.733	0	322.930	0	0	
0	[SLPS]	0	420.507	72.733	0	322.930	0	0	
0	[SLPS]	0	419.999	73.413	0	322.934	0	0	
0	[SLPS]	0	419.999	73.413	0	322.934	0	0	
0	[SLPS]	0	419.733	73.754	0	322.923	0	0	
0	[SLPS]	0	419.475	74.095	0	322.942	0	0	
0	[SLPS]	0	419.475	74.095	0	322.942	0	0	
0	[SLPS]	0	418.965	74.770	0	322.918	0	0	
0	[SLPS]	0	418.965	74.770	0	322.918	0	0	
0	[SLPS]	0	418.712	75.119	0	322.921	0	0	
0	[SLPS]	0	418.466	75.455	0	322.916	0	0	
0	[SLPS]	0	418.466	75.455	0	322.916	0	0	
0	[SLPS]	0	417.965	76.145	0	322.899	0	0	
0	[SLPS]	0	417.965	76.145	0	322.899	0	0	
0	[SLPS]	0	417.709	76.487	0	322.899	0	0	
0	[SLPS]	0	417.455	76.829	0	322.904	0	0	
0	[SLPS]	0	417.455	76.829	0	322.904	0	0	
0	[SLPS]	0	416.940	77.522	0	322.883	0	0	
0	[SLPS]	0	416.940	77.522	0	322.883	0	0	
0	[SLPS]	0	416.674	77.862	0	322.866	0	0	
0	[SLPS]	0	416.427	78.206	0	322.866	0	0	
0	[SLPS]	0	416.173	78.548	0	322.861	0	0	
0	[SLPS]	0	415.905	78.889	0	322.855	0	0	
0	[SLPS]	0	415.905	78.889	0	322.855	0	0	
0	[SLPS]	0	415.371	79.570	0	322.833	0	0	
0	[SLPS]	0	415.371	79.570	0	322.833	0	0	
0	[SLPS]	0	415.111	79.912	0	322.827	0	0	
0	[SLPS]	0	414.870	80.258	0	322.837	0	0	
0	[SLPS]	0	414.870	80.258	0	322.837	0	0	
0	[SLPS]	0	414.345	80.943	0	322.819	0	0	
0	[SLPS]	0	414.345	80.943	0	322.819	0	0	
0	[SLPS]	0	414.095	81.285	0	322.817	0	0	
0	[SLPS]	0	413.835	81.625	0	322.806	0	0	
0	[SLPS]	0	413.835	81.625	0	322.806	0	0	
0	[SLPS]	0	413.317	82.311	0	322.800	0	0	
0	[SLPS]	0	413.317	82.311	0	322.800	0	0	
0	[SLPS]	0	413.071	82.651	0	322.797	0	0	
0	[SLPS]	0	412.807	82.997	0	322.787	0	0	
0	[SLPS]	0	412.807	82.997	0	322.787	0	0	
0	[SLPS]	0	412.292	83.684	0	322.772	0	0	
0	[SLPS]	0	412.292	83.684	0	322.772	0	0	
0	[SLPS]	0	412.035	84.027	0	322.763	0	0	
0	[SLPS]	0	411.772	84.359	0	322.743	0	0	
0	[SLPS]	0	411.772	84.359	0	322.743	0	0	
0	[SLPS]	0	411.241	85.036	0	322.717	0	0	
0	[SLPS]	0	411.241	85.036	0	322.717	0	0	
0	[SLPS]	0	410.981	85.375	0	322.709	0	0	
0	[SLPS]	0	410.727	85.718	0	322.716	0	0	
0	[SLPS]	0	410.727	85.718	0	322.716	0	0	
0	[SLPS]	0	410.206	86.401	0	322.698	0	0	
0	[SLPS]	0	410.206	86.401	0	322.698	0	0	
0	[SLPS]	0	409.946	86.742	0	322.685	0	0	
0	[SLPS]	0	409.688	87.080	0	322.667	0	0	
0	[SLPS]	0	409.434	87.427	0	322.664	0	0	
0	[SLPS]	0	409.183	87.768	0	322.658	0	0	
0	[SLPS]	0	409.183	87.768	0	322.658	0	0	
0	[SLPS]	0	408.656	88.461	0	322.646	0	0	
0	[SLPS]	0	408.656	88.461	0	322.646	0	0	
0	[SLPS]	0	408.406	88.809	0	322.647	0	0	
0	[SLPS]	0	408.135	89.160	0	322.628	0	0	
0	[SLPS]	0	408.135	89.160	0	322.628	0	0	
0	[SLPS]	0	407.612	89.842	0	322.601	0	0	
0	[SLPS]	0	407.612	89.842	0	322.601	0	0	
0	[SLPS]	0	407.349	90.187	0	322.592	0	0	
0	[SLPS]	0	407.101	90.526	0	322.587	0	0	
0	[SLPS]	0	407.101	90.526	0	322.587	0	0	
0	[SLPS]	0	406.578	91.214	0	322.558	0	0	
0	[SLPS]	0	406.578	91.214	0	322.558	0	0	
0	[SLPS]	0	406.315	91.546	0	322.540	0	0	
0	[SLPS]	0	406.063	91.891	0	322.539	0	0	
0	[SLPS]	0	406.063	91.891	0	322.539	0	0	
0	[SLPS]	0	405.540	92.563	0	322.509	0	0	
0	[SLPS]	0	405.540	92.563	0	322.509	0	0	
0	[SLPS]	0	405.287	92.895	0	322.502	0	0	
0	[SLPS]	0	405.028	93.234	0	322.491	0	0	
0	[SLPS]	0	404.771	93.569	0	322.484	0	0	
0	[SLPS]	0	404.520	93.900	0	322.476	0	0	
0	[SLPS]	0	404.520	93.900	0	322.476	0	0	
0	[SLPS]	0	404.027	94.566	0	322.459	0	0	
0	[SLPS]	0	404.027	94.566	0	322.459	0	0	
0	[SLPS]	0	403.777	94.896	0	322.442	0	0	
0	[SLPS]	0	403.516	95.207	0	322.412	0	0	
0	[SLPS]	0	403.516	95.207	0	322.412	0	0	
0	[SLPS]	0	403.040	95.849	0	322.407	0	0	
0	[SLPS]	0	403.040	95.849	0	322.407	0	0	
0	[SLPS]	0	402.797	96.167	0	322.398	0	0	
0	[SLPS]	0	402.553	96.470	0	322.383	0	0	
0	[SLPS]	0	402.553	96.470	0	322.383	0	0	
0	[SLPS]	0	402.082	97.109	0	322.385	0	0	
0	[SLPS]	0	402.082	97.109	0	322.385	0	0	
0	[SLPS]	0	401.845	97.420	0	322.378	0	0	
0	[SLPS]	0	401.604	97.722	0	322.361	0	0	
0	[SLPS]	0	401.604	97.722	0	322.361	0	0	
0	[SLPS]	0	401.124	98.327	0	322.328	0	0	
0	[SLPS]	0	401.124	98.327	0	322.328	0	0	
0	[SLPS]	0	400.890	98.629	0	322.317	0	0	
0	[SLPS]	0	400.664	98.928	0	322.319	0	0	
0	[SLPS]	0	400.664	98.928	0	322.319	0	0	
0	[SLPS]	0	400.203	99.519	0	322.311	0	0	
0	[SLPS]	0	400.203	99.519	0	322.311	0	0	
0	[SLPS]	0	399.975	99.813	0	322.303	0	0	
0	[SLPS]	0	399.740	100.122	0	322.296	0	0	
0	[SLPS]	0	399.514	100.417	0	322.291	0	0	
0	[SLPS]	0	399.278	100.712	0	322.281	0	0	
0	[SLPS]	0	399.278	100.712	0	322.281	0	0	
0	[SLPS]	0	398.820	101.306	0	322.279	0	0	
0	[SLPS]	0	398.820	101.306	0	322.279	0	0	
0	[SLPS]	0	398.609	101.593	0	322.290	0	0	
0	[SLPS]	0	398.398	101.880	0	322.312	0	0	
0	[SLPS]	0	398.398	101.880	0	322.312	0	0	
0	[SLPS]	0	397.951	102.452	0	322.343	0	0	
0	[SLPS]	0	397.951	102.452	0	322.343	0	0	
0	[SLPS]	0	397.728	102.724	0	322.346	0	0	
0	[SLPS]	0	397.514	103.002	0	322.354	0	0	
0	[SLPS]	0	397.514	103.002	0	322.354	0	0	
0	[SLPS]	0	397.091	103.555	0	322.378	0	0	
0	[SLPS]	0	397.091	103.555	0	322.378	0	0	
0	[SLPS]	0	396.876	103.823	0	322.384	0	0	
0	[SLPS]	0	396.671	104.102	0	322.397	0	0	
0	[SLPS]	0	396.671	104.102	0	322.397	0	0	
0	[SLPS]	0	396.265	104.638	0	322.425	0	0	
0	[SLPS]	0	396.265	104.638	0	322.425	0	0	
0	[SLPS]	0	396.053	104.908	0	322.432	0	0	
0	[SLPS]	0	395.859	105.182	0	322.449	0	0	
0	[SLPS]	0	395.859	105.182	0	322.449	0	0	
0	[SLPS]	0	395.453	105.701	0	322.473	0	0	
0	[SLPS]	0	395.453	105.701	0	322.473	0	0	
0	[SLPS]	0	395.262	105.969	0	322.490	0	0	
0	[SLPS]	0	395.065	106.234	0	322.506	0	0	
0	[SLPS]	0	394.861	106.491	0	322.517	0	0	
0	[SLPS]	0	394.659	106.747	0	322.528	0	0	
0	[SLPS]	0	394.659	106.747	0	322.528	0	0	
0	[SLPS]	0	394.462	107.005	0	322.533	0	0	
0	[SLPS]	0	394.262	107.259	0	322.534	0	0	
0	[SLPS]	0	394.066	107.513	0	322.524	0	0	
0	[SLPS]	0	393.883	107.766	0	322.521	0	0	
0	[SLPS]	0	393.883	107.766	0	322.521	0	0	
0	[SLPS]	0	393.501	108.266	0	322.513	0	0	
0	[SLPS]	0	393.501	108.266	0	322.513	0	0	
0	[SLPS]	0	393.310	108.514	0	322.514	0	0	
0	[SLPS]	0	393.121	108.767	0	322.515	0	0	
0	[SLPS]	0	393.121	108.767	0	322.515	0	0	
0	[SLPS]	0	392.747	109.266	0	322.512	0	0	
0	[SLPS]	0	392.747	109.266	0	322.512	0	0	
0	[SLPS]	0	392.560	109.511	0	322.508	0	0	
0	[SLPS]	0	392.370	109.753	0	322.498	0	0	
0	[SLPS]	0	392.370	109.753	0	322.498	0	0	
0	[SLPS]	0	392.001	110.248	0	322.495	0	0	
0	[SLPS]	0	392.001	110.248	0	322.495	0	0	
0	[SLPS]	0	391.816	110.491	0	322.492	0	0	
0	[SLPS]	0	391.631	110.733	0	322.487	0	0	
0	[SLPS]	0	391.445	110.978	0	322.484	0	0	
0	[SLPS]	0	391.268	111.221	0	322.492	0	0	
0	[SLPS]	0	391.268	111.221	0	322.492	0	0	
0	[SLPS]	0	390.898	111.711	0	322.503	0	0	
0	[SLPS]	0	390.898	111.711	0	322.503	0	0	
0	[SLPS]	0	390.720	111.946	0	322.500	0	0	
0	[SLPS]	0	390.537	112.187	0	322.499	0	0	
0	[SLPS]	0	390.537	112.187	0	322.499	0	0	
0	[SLPS]	0	390.165	112.664	0	322.486	0	0	
0	[SLPS]	0	390.165	112.664	0	322.486	0	0	
0	[SLPS]	0	389.976	112.900	0	322.479	0	0	
0	[SLPS]	0	389.795	113.142	0	322.475	0	0	
0	[SLPS]	0	389.795	113.142	0	322.475	0	0	
0	[SLPS]	0	389.612	113.380	0	322.468	0	0	
0	[SLPS]	0	389.419	113.618	0	322.457	0	0	
0	[SLPS]	0	389.230	113.854	0	322.448	0	0	
0	[SLPS]	0	389.063	114.103	0	322.460	0	0	
0	[SLPS]	0	389.063	114.103	0	322.460	0	0	
0	[SLPS]	0	388.700	114.574	0	322.454	0	0	
0	[SLPS]	0	388.700	114.574	0	322.454	0	0	
0	[SLPS]	0	388.514	114.819	0	322.452	0	0	
0	[SLPS]	0	388.335	115.053	0	322.451	0	0	
0	[SLPS]	0	388.335	115.053	0	322.451	0	0	
0	[SLPS]	0	387.976	115.518	0	322.445	0	0	
0	[SLPS]	0	387.976	115.518	0	322.445	0	0	
0	[SLPS]	0	387.804	115.757	0	322.448	0	0	
0	[SLPS]	0	387.626	115.997	0	322.446	0	0	
0	[SLPS]	0	387.626	115.997	0	322.446	0	0	
0	[SLPS]	0	387.276	116.460	0	322.447	0	0	
0	[SLPS]	0	387.276	116.460	0	322.447	0	0	
0	[SLPS]	0	387.092	116.686	0	322.441	0	0	
0	[SLPS]	0	386.920	116.921	0	322.447	0	0	
0	[SLPS]	0	386.920	116.921	0	322.447	0	0	
0	[SLPS]	0	386.565	117.379	0	322.438	0	0	
0	[SLPS]	0	386.565	117.379	0	322.438	0	0	
0	[SLPS]	0	386.378	117.611	0	322.420	0	0	
0	[SLPS]	0	386.204	117.841	0	322.419	0	0	
0	[SLPS]	0	386.204	117.841	0	322.419	0	0	
0	[SLPS]	0	385.858	118.304	0	322.433	0	0	
0	[SLPS]	0	385.858	118.304	0	322.433	0	0	
0	[SLPS]	0	385.512	118.767	0	322.436	0	0	
0	[SLPS]	0	385.512	118.767	0	322.436	0	0	
0	[SLPS]	0	385.512	118.767	0	322.436	0	0	
0	[SLPS]	0	385.161	119.219	0	322.418	0	0	
0	[SLPS]	0	385.161	119.219	0	322.418	0	0	
0	[SLPS]	0	384.987	119.447	0	322.408	0	0	
0	[SLPS]	0	384.816	119.676	0	322.406	0	0	
0	[SLPS]	0	384.816	119.676	0	322.406	0	0	
0	[SLPS]	0	384.471	120.125	0	322.410	0	0	
0	[SLPS]	0	384.471	120.125	0	322.410	0	0	
0	[SLPS]	0	384.298	120.352	0	322.411	0	0	
0	[SLPS]	0	384.129	120.578	0	322.406	0	0	
0	[SLPS]	0	384.129	120.578	0	322.406	0	0	
0	[SLPS]	0	383.787	121.024	0	322.389	0	0	
0	[SLPS]	0	383.787	121.024	0	322.389	0	0	
0	[SLPS]	0	383.612	121.246	0	322.379	0	0	
0	[SLPS]	0	383.439	121.471	0	322.373	0	0	
0	[SLPS]	0	383.439	121.471	0	322.373	0	0	
0	[SLPS]	0	383.103	121.914	0	322.379	0	0	
0	[SLPS]	0	383.103	121.914	0	322.379	0	0	
0	[SLPS]	0	382.932	122.135	0	322.377	0	0	
0	[SLPS]	0	382.763	122.356	0	322.376	0	0	
0	[SLPS]	0	382.763	122.356	0	322.376	0	0	
0	[SLPS]	0	382.429	122.796	0	322.360	0	0	
0	[SLPS]	0	382.429	122.796	0	322.360	0	0	
0	[SLPS]	0	382.262	123.017	0	322.358	0	0	
0	[SLPS]	0	382.100	123.235	0	322.357	0	0	
0	[SLPS]	0	381.934	123.453	0	322.353	0	0	
0	[SLPS]	0	381.761	123.671	0	322.338	0	0	
0	[SLPS]	0	381.761	123.671	0	322.338	0	0	
0	[SLPS]	0	381.598	123.887	0	322.332	0	0	
0	[SLPS]	0	381.432	124.102	0	322.328	0	0	
0	[SLPS]	0	381.267	124.317	0	322.323	0	0	
0	[SLPS]	0	381.101	124.534	0	322.318	0	0	
0	[SLPS]	0	381.101	124.534	0	322.318	0	0	
0	[SLPS]	0	380.771	124.965	0	322.309	0	0	
0	[SLPS]	0	380.771	124.965	0	322.309	0	0	
0	[SLPS]	0	380.606	125.173	0	322.304	0	0	
0	[SLPS]	0	380.436	125.384	0	322.293	0	0	
0	[SLPS]	0	380.436	125.384	0	322.293	0	0	
0	[SLPS]	0	380.111	125.803	0	322.275	0	0	
0	[SLPS]	0	380.111	125.803	0	322.275	0	0	
0	[SLPS]	0	379.948	126.010	0	322.265	0	0	
0	[SLPS]	0	379.780	126.225	0	322.266	0	0	
0	[SLPS]	0	379.780	126.225	0	322.266	0	0	
0	[SLPS]	0	379.459	126.647	0	322.281	0	0	
0	[SLPS]	0	379.459	126.647	0	322.281	0	0	
0	[SLPS]	0	379.298	126.856	0	322.291	0	0	
0	[SLPS]	0	379.144	127.068	0	322.303	0	0	
0	[SLPS]	0	379.144	127.068	0	322.303	0	0	
0	[SLPS]	0	378.818	127.489	0	322.318	0	0	
0	[SLPS]	0	378.818	127.489	0	322.318	0	0	
0	[SLPS]	0	378.503	127.904	0	322.345	0	0	
0	[SLPS]	0	378.503	127.904	0	322.345	0	0	
0	[SLPS]	0	378.346	128.113	0	322.357	0	0	
0	[SLPS]	0	378.187	128.326	0	322.370	0	0	
0	[SLPS]	0	378.187	128.326	0	322.370	0	0	
0	[SLPS]	0	377.875	128.732	0	322.389	0	0	
0	[SLPS]	0	377.875	128.732	0	322.389	0	0	
0	[SLPS]	0	377.717	128.939	0	322.399	0	0	
0	[SLPS]	0	377.561	129.144	0	322.406	0	0	
0	[SLPS]	0	377.561	129.144	0	322.406	0	0	
0	[SLPS]	0	377.245	129.558	0	322.422	0	0	
0	[SLPS]	0	377.245	129.558	0	322.422	0	0	
0	[SLPS]	0	377.085	129.762	0	322.430	0	0	
0	[SLPS]	0	376.930	129.964	0	322.442	0	0	
0	[SLPS]	0	376.930	129.964	0	322.442	0	0	
0	[SLPS]	0	376.623	130.361	0	322.460	0	0	
0	[SLPS]	0	376.623	130.361	0	322.460	0	0	
0	[SLPS]	0	376.475	130.570	0	322.475	0	0	
0	[SLPS]	0	376.322	130.769	0	322.482	0	0	
0	[SLPS]	0	376.322	130.769	0	322.482	0	0	
0	[SLPS]	0	376.014	131.164	0	322.482	0	0	
0	[SLPS]	0	376.014	131.164	0	322.482	0	0	
0	[SLPS]	0	375.867	131.363	0	322.496	0	0	
0	[SLPS]	0	375.718	131.571	0	322.510	0	0	
0	[SLPS]	0	375.718	131.571	0	322.510	0	0	
0	[SLPS]	0	375.417	131.966	0	322.523	0	0	
0	[SLPS]	0	375.417	131.966	0	322.523	0	0	
0	[SLPS]	0	375.122	132.362	0	322.515	0	0	
0	[SLPS]	0	375.122	132.362	0	322.515	0	0	
0	[SLPS]	0	374.974	132.559	0	322.507	0	0	
0	[SLPS]	0	374.820	132.752	0	322.496	0	0	
0	[SLPS]	0	374.820	132.752	0	322.496	0	0	
0	[SLPS]	0	374.526	133.140	0	322.484	0	0	
0	[SLPS]	0	374.526	133.140	0	322.484	0	0	
0	[SLPS]	0	374.380	133.337	0	322.484	0	0	
0	[SLPS]	0	374.235	133.523	0	322.478	0	0	
0	[SLPS]	0	374.235	133.523	0	322.478	0	0	
0	[SLPS]	0	373.943	133.917	0	322.474	0	0	
0	[SLPS]	0	373.943	133.917	0	322.474	0	0	
0	[SLPS]	0	373.797	134.109	0	322.469	0	0	
0	[SLPS]	0	373.643	134.283	0	322.451	0	0	
0	[SLPS]	0	373.643	134.283	0	322.451	0	0	
0	[SLPS]	0	373.343	134.660	0	322.440	0	0	
0	[SLPS]	0	373.343	134.660	0	322.440	0	0	
0	[SLPS]	0	373.196	134.849	0	322.431	0	0	
0	[SLPS]	0	373.034	135.032	0	322.420	0	0	
0	[SLPS]	0	373.034	135.032	0	322.420	0	0	
0	[SLPS]	0	372.738	135.419	0	322.420	0	0	
0	[SLPS]	0	372.738	135.419	0	322.420	0	0	
0	[SLPS]	0	372.590	135.608	0	322.412	0	0	
0	[SLPS]	0	372.441	135.799	0	322.402	0	0	
0	[SLPS]	0	372.280	135.991	0	322.387	0	0	
0	[SLPS]	0	372.130	136.181	0	322.378	0	0	
0	[SLPS]	0	372.130	136.181	0	322.378	0	0	
0	[SLPS]	0	371.852	136.583	0	322.395	0	0	
0	[SLPS]	0	371.852	136.583	0	322.395	0	0	
0	[SLPS]	0	371.709	136.780	0	322.400	0	0	
0	[SLPS]	0	371.562	136.974	0	322.390	0	0	
0	[SLPS]	0	371.562	136.974	0	322.390	0	0	
0	[SLPS]	0	371.269	137.367	0	322.377	0	0	
0	[SLPS]	0	371.269	137.367	0	322.377	0	0	
0	[SLPS]	0	371.125	137.557	0	322.370	0	0	
0	[SLPS]	0	370.972	137.754	0	322.362	0	0	
0	[SLPS]	0	370.972	137.754	0	322.362	0	0	
0	[SLPS]	0	370.679	138.141	0	322.342	0	0	
0	[SLPS]	0	370.679	138.141	0	322.342	0	0	
0	[SLPS]	0	370.525	138.335	0	322.333	0	0	
0	[SLPS]	0	370.373	138.534	0	322.335	0	0	
0	[SLPS]	0	370.373	138.534	0	322.335	0	0	
0	[SLPS]	0	370.080	138.913	0	322.327	0	0	
0	[SLPS]	0	370.080	138.913	0	322.327	0	0	
0	[SLPS]	0	369.925	139.110	0	322.312	0	0	
0	[SLPS]	0	369.783	139.297	0	322.306	0	0	
0	[SLPS]	0	369.636	139.488	0	322.302	0	0	
0	[SLPS]	0	369.487	139.679	0	322.299	0	0	
0	[SLPS]	0	369.487	139.679	0	322.299	0	0	
0	[SLPS]	0	369.193	140.061	0	322.294	0	0	
0	[SLPS]	0	369.193	140.061	0	322.294	0	0	
0	[SLPS]	0	369.046	140.251	0	322.288	0	0	
0	[SLPS]	0	368.913	140.436	0	322.289	0	0	
0	[SLPS]	0	368.913	140.436	0	322.289	0	0	
0	[SLPS]	0	368.611	140.812	0	322.267	0	0	
0	[SLPS]	0	368.611	140.812	0	322.267	0	0	
0	[SLPS]	0	368.462	141.003	0	322.261	0	0	
0	[SLPS]	0	368.316	141.188	0	322.252	0	0	
0	[SLPS]	0	368.316	141.188	0	322.252	0	0	
0	[SLPS]	0	368.034	141.571	0	322.257	0	0	
0	[SLPS]	0	368.034	141.571	0	322.257	0	0	
0	[SLPS]	0	367.891	141.759	0	322.243	0	0	
0	[SLPS]	0	367.752	141.941	0	322.239	0	0	
0	[SLPS]	0	367.752	141.941	0	322.239	0	0	
0	[SLPS]	0	367.467	142.319	0	322.241	0	0	
0	[SLPS]	0	367.467	142.319	0	322.241	0	0	
0	[SLPS]	0	367.324	142.505	0	322.238	0	0	
0	[SLPS]	0	367.170	142.690	0	322.223	0	0	
0	[SLPS]	0	367.170	142.690	0	322.223	0	0	
0	[SLPS]	0	366.882	143.066	0	322.205	0	0	
0	[SLPS]	0	366.882	143.066	0	322.205	0	0	
0	[SLPS]	0	366.738	143.251	0	322.208	0	0	
0	[SLPS]	0	366.596	143.430	0	322.204	0	0	
0	[SLPS]	0	366.596	143.430	0	322.204	0	0	
0	[SLPS]	0	366.316	143.795	0	322.176	0	0	
0	[SLPS]	0	366.316	143.795	0	322.176	0	0	
0	[SLPS]	0	366.175	143.978	0	322.168	0	0	
0	[SLPS]	0	366.033	144.161	0	322.172	0	0	
0	[SLPS]	0	366.033	144.161	0	322.172	0	0	
0	[SLPS]	0	365.749	144.524	0	322.162	0	0	
0	[SLPS]	0	365.749	144.524	0	322.162	0	0	
0	[SLPS]	0	365.608	144.705	0	322.154	0	0	
0	[SLPS]	0	365.466	144.888	0	322.144	0	0	
0	[SLPS]	0	365.327	145.068	0	322.138	0	0	
0	[SLPS]	0	365.190	145.246	0	322.139	0	0	
0	[SLPS]	0	365.190	145.246	0	322.139	0	0	
0	[SLPS]	0	365.051	145.425	0	322.138	0	0	
0	[SLPS]	0	364.916	145.605	0	322.132	0	0	
0	[SLPS]	0	364.916	145.605	0	322.132	0	0	
0	[SLPS]	0	364.650	145.969	0	322.138	0	0	
0	[SLPS]	0	364.650	145.969	0	322.138	0	0	
0	[SLPS]	0	364.514	146.148	0	322.134	0	0	
0	[SLPS]	0	364.370	146.323	0	322.121	0	0	
0	[SLPS]	0	364.231	146.500	0	322.108	0	0	
0	[SLPS]	0	364.093	146.674	0	322.092	0	0	
0	[SLPS]	0	364.093	146.674	0	322.092	0	0	
0	[SLPS]	0	363.820	147.024	0	322.078	0	0	
0	[SLPS]	0	363.820	147.024	0	322.078	0	0	
0	[SLPS]	0	363.683	147.201	0	322.072	0	0	
0	[SLPS]	0	363.550	147.379	0	322.072	0	0	
0	[SLPS]	0	363.550	147.379	0	322.072	0	0	
0	[SLPS]	0	363.281	147.730	0	322.055	0	0	
0	[SLPS]	0	363.281	147.730	0	322.055	0	0	
0	[SLPS]	0	363.144	147.902	0	322.042	0	0	
0	[SLPS]	0	363.014	148.078	0	322.041	0	0	
0	[SLPS]	0	363.014	148.078	0	322.041	0	0	
0	[SLPS]	0	362.745	148.422	0	322.018	0	0	
0	[SLPS]	0	362.745	148.422	0	322.018	0	0	
0	[SLPS]	0	362.613	148.594	0	322.008	0	0	
0	[SLPS]	0	362.479	148.763	0	321.997	0	0	
0	[SLPS]	0	362.479	148.763	0	321.997	0	0	
0	[SLPS]	0	362.217	149.099	0	321.988	0	0	
0	[SLPS]	0	362.217	149.099	0	321.988	0	0	
0	[SLPS]	0	362.085	149.270	0	321.987	0	0	
0	[SLPS]	0	361.959	149.430	0	321.976	0	0	
0	[SLPS]	0	361.959	149.430	0	321.976	0	0	
0	[SLPS]	0	361.706	149.752	0	321.950	0	0	
0	[SLPS]	0	361.706	149.752	0	321.950	0	0	
0	[SLPS]	0	361.579	149.909	0	321.942	0	0	
0	[SLPS]	0	361.455	150.066	0	321.933	0	0	
0	[SLPS]	0	361.455	150.066	0	321.933	0	0	
0	[SLPS]	0	361.216	150.386	0	321.923	0	0	
0	[SLPS]	0	361.216	150.386	0	321.923	0	0	
0	[SLPS]	0	361.094	150.535	0	321.916	0	0	
0	[SLPS]	0	360.961	150.685	0	321.902	0	0	
0	[SLPS]	0	360.841	150.835	0	321.899	0	0	
0	[SLPS]	0	360.728	150.976	0	321.908	0	0	
0	[SLPS]	0	360.728	150.976	0	321.908	0	0	
0	[SLPS]	0	360.599	151.114	0	321.892	0	0	
0	[SLPS]	0	360.493	151.264	0	321.896	0	0	
0	[SLPS]	0	360.493	151.264	0	321.896	0	0	
0	[SLPS]	0	360.271	151.537	0	321.897	0	0	
0	[SLPS]	0	360.271	151.537	0	321.897	0	0	
0	[SLPS]	0	360.160	151.680	0	321.908	0	0	
0	[SLPS]	0	360.055	151.816	0	321.917	0	0	
0	[SLPS]	0	359.954	151.953	0	321.923	0	0	
0	[SLPS]	0	359.855	152.098	0	321.930	0	0	
0	[SLPS]	0	359.855	152.098	0	321.930	0	0	
0	[SLPS]	0	359.750	152.234	0	321.931	0	0	
0	[SLPS]	0	359.655	152.372	0	321.945	0	0	
0	[SLPS]	0	359.655	152.372	0	321.945	0	0	
0	[SLPS]	0	359.464	152.639	0	321.960	0	0	
0	[SLPS]	0	359.464	152.639	0	321.960	0	0	
0	[SLPS]	0	359.361	152.764	0	321.956	0	0	
0	[SLPS]	0	359.272	152.900	0	321.966	0	0	
0	[SLPS]	0	359.272	152.900	0	321.966	0	0	
0	[SLPS]	0	359.063	153.144	0	321.969	0	0	
0	[SLPS]	0	359.063	153.144	0	321.969	0	0	
0	[SLPS]	0	358.870	153.398	0	321.983	0	0	
0	[SLPS]	0	358.870	153.398	0	321.983	0	0	
0	[SLPS]	0	358.773	153.523	0	321.977	0	0	
0	[SLPS]	0	358.682	153.658	0	321.974	0	0	
0	[SLPS]	0	358.682	153.658	0	321.974	0	0	
0	[SLPS]	0	358.473	153.919	0	321.931	0	0	
0	[SLPS]	0	358.473	153.919	0	321.931	0	0	
0	[SLPS]	0	358.370	154.048	0	321.903	0	0	
0	[SLPS]	0	358.263	154.183	0	321.876	0	0	
0	[SLPS]	0	358.263	154.183	0	321.876	0	0	
0	[SLPS]	0	358.055	154.441	0	321.809	0	0	
0	[SLPS]	0	358.055	154.441	0	321.809	0	0	
0	[SLPS]	0	357.966	154.576	0	321.789	0	0	
0	[SLPS]	0	357.869	154.707	0	321.760	0	0	
0	[SLPS]	0	357.869	154.707	0	321.760	0	0	
0	[SLPS]	0	357.667	154.969	0	321.697	0	0	
0	[SLPS]	0	357.667	154.969	0	321.697	0	0	
0	[SLPS]	0	357.567	155.098	0	321.668	0	0	
0	[SLPS]	0	357.465	155.222	0	321.636	0	0	
0	[SLPS]	0	357.465	155.222	0	321.636	0	0	
0	[SLPS]	0	357.274	155.482	0	321.585	0	0	
0	[SLPS]	0	357.274	155.482	0	321.585	0	0	
0	[SLPS]	0	357.168	155.603	0	321.550	0	0	
0	[SLPS]	0	357.068	155.732	0	321.517	0	0	
0	[SLPS]	0	356.967	155.858	0	321.483	0	0	
0	[SLPS]	0	356.870	155.987	0	321.454	0	0	
0	[SLPS]	0	356.870	155.987	0	321.454	0	0	
0	[SLPS]	0	356.771	156.115	0	321.427	0	0	
0	[SLPS]	0	356.668	156.237	0	321.404	0	0	
0	[SLPS]	0	356.565	156.366	0	321.387	0	0	
0	[SLPS]	0	356.459	156.492	0	321.375	0	0	
0	[SLPS]	0	356.459	156.492	0	321.375	0	0	
0	[SLPS]	0	356.249	156.740	0	321.377	0	0	
0	[SLPS]	0	356.249	156.740	0	321.377	0	0	
0	[SLPS]	0	356.143	156.864	0	321.388	0	0	
0	[SLPS]	0	356.034	156.993	0	321.412	0	0	
0	[SLPS]	0	356.034	156.993	0	321.412	0	0	
0	[SLPS]	0	355.828	157.254	0	321.464	0	0	
0	[SLPS]	0	355.828	157.254	0	321.464	0	0	
0	[SLPS]	0	355.726	157.375	0	321.470	0	0	
0	[SLPS]	0	355.627	157.511	0	321.484	0	0	
0	[SLPS]	0	355.627	157.511	0	321.484	0	0	
0	[SLPS]	0	355.428	157.766	0	321.524	0	0	
0	[SLPS]	0	355.428	157.766	0	321.524	0	0	
0	[SLPS]	0	355.331	157.896	0	321.549	0	0	
0	[SLPS]	0	355.227	158.028	0	321.569	0	0	
0	[SLPS]	0	355.227	158.028	0	321.569	0	0	
0	[SLPS]	0	355.028	158.287	0	321.635	0	0	
0	[SLPS]	0	355.028	158.287	0	321.635	0	0	
0	[SLPS]	0	354.932	158.418	0	321.671	0	0	
0	[SLPS]	0	354.824	158.546	0	321.702	0	0	
0	[SLPS]	0	354.723	158.675	0	321.735	0	0	
0	[SLPS]	0	354.616	158.803	0	321.763	0	0	
0	[SLPS]	0	354.616	158.803	0	321.763	0	0	
0	[SLPS]	0	354.414	159.061	0	321.844	0	0	
0	[SLPS]	0	354.414	159.061	0	321.844	0	0	
0	[SLPS]	0	354.316	159.189	0	321.896	0	0	
0	[SLPS]	0	354.215	159.315	0	321.953	0	0	
0	[SLPS]	0	354.215	159.315	0	321.953	0	0	
0	[SLPS]	0	354.023	159.581	0	322.057	0	0	
0	[SLPS]	0	354.023	159.581	0	322.057	0	0	
0	[SLPS]	0	353.922	159.715	0	322.114	0	0	
0	[SLPS]	0	353.822	159.835	0	322.158	0	0	
0	[SLPS]	0	353.822	159.835	0	322.158	0	0	
0	[SLPS]	0	353.618	160.106	0	322.302	0	0	
0	[SLPS]	0	353.618	160.106	0	322.302	0	0	
0	[SLPS]	0	353.518	160.236	0	322.363	0	0	
0	[SLPS]	0	353.407	160.360	0	322.426	0	0	
0	[SLPS]	0	353.407	160.360	0	322.426	0	0	
0	[SLPS]	0	353.206	160.622	0	322.588	0	0	
0	[SLPS]	0	353.206	160.622	0	322.588	0	0	
0	[SLPS]	0	353.102	160.758	0	322.682	0	0	
0	[SLPS]	0	353.003	160.891	0	322.782	0	0	
0	[SLPS]	0	353.003	160.891	0	322.782	0	0	
0	[SLPS]	0	352.808	161.161	0	322.947	0	0	
0	[SLPS]	0	352.808	161.161	0	322.947	0	0	
0	[SLPS]	0	352.710	161.294	0	323.026	0	0	
0	[SLPS]	0	352.613	161.428	0	323.123	0	0	
0	[SLPS]	0	352.511	161.561	0	323.239	0	0	
0	[SLPS]	0	352.414	161.700	0	323.366	0	0	
0	[SLPS]	0	352.414	161.700	0	323.366	0	0	
0	[SLPS]	0	352.316	161.835	0	323.504	0	0	
0	[SLPS]	0	352.222	161.962	0	323.650	0	0	
0	[SLPS]	0	352.133	162.105	0	323.807	0	0	
0	[SLPS]	0	352.030	162.233	0	323.972	0	0	
0	[SLPS]	0	352.030	162.233	0	323.972	0	0	
0	[SLPS]	0	351.837	162.501	0	324.321	0	0	
0	[SLPS]	0	351.837	162.501	0	324.321	0	0	
0	[SLPS]	0	351.746	162.638	0	324.529	0	0	
0	[SLPS]	0	351.652	162.769	0	324.760	0	0	
0	[SLPS]	0	351.652	162.769	0	324.760	0	0	
0	[SLPS]	0	351.475	163.044	0	325.276	0	0	
0	[SLPS]	0	351.475	163.044	0	325.276	0	0	
0	[SLPS]	0	351.384	163.185	0	325.550	0	0	
0	[SLPS]	0	351.287	163.322	0	325.835	0	0	
0	[SLPS]	0	351.287	163.322	0	325.835	0	0	
0	[SLPS]	0	351.112	163.605	0	326.437	0	0	
0	[SLPS]	0	351.112	163.605	0	326.437	0	0	
0	[SLPS]	0	351.022	163.751	0	326.756	0	0	
0	[SLPS]	0	350.932	163.895	0	327.088	0	0	
0	[SLPS]	0	350.932	163.895	0	327.088	0	0	
0	[SLPS]	0	350.753	164.189	0	327.803	0	0	
0	[SLPS]	0	350.753	164.189	0	327.803	0	0	
0	[SLPS]	0	350.663	164.334	0	328.177	0	0	
0	[SLPS]	0	350.576	164.485	0	328.551	0	0	
0	[SLPS]	0	350.576	164.485	0	328.551	0	0	
0	[SLPS]	0	350.406	164.783	0	329.347	0	0	
0	[SLPS]	0	350.406	164.783	0	329.347	0	0	
0	[SLPS]	0	350.322	164.934	0	329.774	0	0	
0	[SLPS]	0	350.239	165.087	0	330.216	0	0	
0	[SLPS]	0	350.239	165.087	0	330.216	0	0	
0	[SLPS]	0	350.084	165.398	0	331.145	0	0	
0	[SLPS]	0	350.084	165.398	0	331.145	0	0	
0	[SLPS]	0	350.006	165.550	0	331.631	0	0	
0	[SLPS]	0	349.930	165.704	0	332.127	0	0	
0	[SLPS]	0	349.854	165.859	0	332.633	0	0	
0	[SLPS]	0	349.779	166.012	0	333.152	0	0	
0	[SLPS]	0	349.779	166.012	0	333.152	0	0	
0	[SLPS]	0	349.639	166.321	0	334.233	0	0	
0	[SLPS]	0	349.639	166.321	0	334.233	0	0	
0	[SLPS]	0	349.570	166.478	0	334.802	0	0	
0	[SLPS]	0	349.511	166.633	0	335.383	0	0	
0	[SLPS]	0	349.511	166.633	0	335.383	0	0	
0	[SLPS]	0	349.389	166.962	0	336.564	0	0	
0	[SLPS]	0	349.389	166.962	0	336.564	0	0	
0	[SLPS]	0	349.327	167.124	0	337.156	0	0	
0	[SLPS]	0	349.269	167.283	0	337.754	0	0	
0	[SLPS]	0	349.269	167.283	0	337.754	0	0	
0	[SLPS]	0	349.155	167.619	0	338.936	0	0	
0	[SLPS]	0	349.155	167.619	0	338.936	0	0	
0	[SLPS]	0	349.101	167.785	0	339.525	0	0	
0	[SLPS]	0	349.049	167.955	0	340.119	0	0	
0	[SLPS]	0	349.049	167.955	0	340.119	0	0	
0	[SLPS]	0	348.943	168.293	0	341.322	0	0	
0	[SLPS]	0	348.943	168.293	0	341.322	0	0	
0	[SLPS]	0	348.892	168.463	0	341.927	0	0	
0	[SLPS]	0	348.845	168.635	0	342.529	0	0	
0	[SLPS]	0	348.845	168.635	0	342.529	0	0	
0	[SLPS]	0	348.754	168.974	0	343.738	0	0	
0	[SLPS]	0	348.754	168.974	0	343.738	0	0	
0	[SLPS]	0	348.712	169.147	0	344.348	0	0	
0	[SLPS]	0	348.677	169.323	0	344.958	0	0	
0	[SLPS]	0	348.640	169.498	0	345.571	0	0	
0	[SLPS]	0	348.606	169.676	0	346.180	0	0	
0	[SLPS]	0	348.606	169.676	0	346.180	0	0	
0	[SLPS]	0	348.533	170.031	0	347.428	0	0	
0	[SLPS]	0	348.533	170.031	0	347.428	0	0	
0	[SLPS]	0	348.500	170.208	0	348.046	0	0	
0	[SLPS]	0	348.469	170.389	0	348.669	0	0	
0	[SLPS]	0	348.469	170.389	0	348.669	0	0	
0	[SLPS]	0	348.416	170.746	0	349.940	0	0	
0	[SLPS]	0	348.416	170.746	0	349.940	0	0	
0	[SLPS]	0	348.391	170.927	0	350.590	0	0	
0	[SLPS]	0	348.373	171.108	0	351.248	0	0	
0	[SLPS]	0	348.373	171.108	0	351.248	0	0	
0	[SLPS]	0	348.342	171.466	0	352.602	0	0	
0	[SLPS]	0	348.342	171.466	0	352.602	0	0	
0	[SLPS]	0	348.330	171.649	0	353.297	0	0	
0	[SLPS]	0	348.320	171.834	0	353.990	0	0	
0	[SLPS]	0	348.320	171.834	0	353.990	0	0	
0	[SLPS]	0	348.304	172.197	0	355.396	0	0	
0	[SLPS]	0	348.304	172.197	0	355.396	0	0	
0	[SLPS]	0	348.296	172.380	0	356.092	0	0	
0	[SLPS]	0	348.295	172.560	0	356.784	0	0	
0	[SLPS]	0	348.295	172.560	0	356.784	0	0	
0	[SLPS]	0	348.288	172.931	0	358.160	0	0	
0	[SLPS]	0	348.288	172.931	0	358.160	0	0	
0	[SLPS]	0	348.289	173.116	0	358.857	0	0	
0	[SLPS]	0	348.294	173.300	0	359.559	0	0	
0	[SLPS]	0	348.294	173.300	0	359.559	0	0	
0	[SLPS]	0	348.313	173.673	0	0.966	0	0	
0	[SLPS]	0	348.313	173.673	0	0.966	0	0	
0	[SLPS]	0	348.329	173.858	0	1.677	0	0	
0	[SLPS]	0	348.346	174.043	0	2.384	0	0	
0	[SLPS]	0	348.346	174.043	0	2.384	0	0	
0	[SLPS]	0	348.387	174.413	0	3.788	0	0	
0	[SLPS]	0	348.387	174.413	0	3.788	0	0	
0	[SLPS]	0	348.416	174.602	0	4.506	0	0	
0	[SLPS]	0	348.452	174.787	0	5.251	0	0	
0	[SLPS]	0	348.452	174.787	0	5.251	0	0	
0	[SLPS]	0	348.510	175.158	0	6.755	0	0	
0	[SLPS]	0	348.510	175.158	0	6.755	0	0	
0	[SLPS]	0	348.547	175.348	0	7.477	0	0	
0	[SLPS]	0	348.579	175.535	0	8.187	0	0	
0	[SLPS]	0	348.579	175.535	0	8.187	0	0	
0	[SLPS]	0	348.664	175.911	0	9.623	0	0	
0	[SLPS]	0	348.664	175.911	0	9.623	0	0	
0	[SLPS]	0	348.703	176.102	0	10.369	0	0	
0	[SLPS]	0	348.752	176.290	0	11.111	0	0	
0	[SLPS]	0	348.752	176.290	0	11.111	0	0	
0	[SLPS]	0	348.845	176.660	0	12.607	0	0	
0	[SLPS]	0	348.845	176.660	0	12.607	0	0	
0	[SLPS]	0	348.895	176.844	0	13.369	0	0	
0	[SLPS]	0	348.949	177.025	0	14.131	0	0	
0	[SLPS]	0	349.007	177.208	0	14.901	0	0	
0	[SLPS]	0	349.061	177.384	0	15.680	0	0	
0	[SLPS]	0	349.061	177.384	0	15.680	0	0	
0	[SLPS]	0	349.174	177.746	0	17.295	0	0	
0	[SLPS]	0	349.174	177.746	0	17.295	0	0	
0	[SLPS]	0	349.240	177.926	0	18.119	0	0	
0	[SLPS]	0	349.307	178.099	0	18.930	0	0	
0	[SLPS]	0	349.307	178.099	0	18.930	0	0	
0	[SLPS]	0	349.451	178.458	0	20.568	0	0	
0	[SLPS]	0	349.451	178.458	0	20.568	0	0	
0	[SLPS]	0	349.451	178.458	0	20.568	0	0	
0	[SLPS]	0	349.615	178.805	0	22.230	0	0	
0	[SLPS]	0	349.615	178.805	0	22.230	0	0	
0	[SLPS]	0	349.702	178.983	0	23.056	0	0	
0	[SLPS]	0	349.787	179.155	0	23.879	0	0	
0	[SLPS]	0	349.875	179.328	0	24.704	0	0	
0	[SLPS]	0	349.968	179.497	0	25.526	0	0	
0	[SLPS]	0	349.968	179.497	0	25.526	0	0	
0	[SLPS]	0	350.063	179.663	0	26.348	0	0	
0	[SLPS]	0	350.160	179.832	0	27.191	0	0	
0	[SLPS]	0	350.260	180.000	0	28.036	0	0	
0	[SLPS]	0	350.357	180.154	0	28.865	0	0	
0	[SLPS]	0	350.357	180.154	0	28.865	0	0	
0	[SLPS]	0	350.572	180.481	0	30.487	0	0	
0	[SLPS]	0	350.572	180.481	0	30.487	0	0	
0	[SLPS]	0	350.683	180.643	0	31.290	0	0	
0	[SLPS]	0	350.797	180.804	0	32.103	0	0	
0	[SLPS]	0	350.797	180.804	0	32.103	0	0	
0	[SLPS]	0	351.026	181.126	0	33.708	0	0	
0	[SLPS]	0	351.026	181.126	0	33.708	0	0	
0	[SLPS]	0	351.146	181.285	0	34.480	0	0	
0	[SLPS]	0	351.259	181.458	0	35.244	0	0	
0	[SLPS]	0	351.259	181.458	0	35.244	0	0	
0	[SLPS]	0	351.518	181.773	0	36.738	0	0	
0	[SLPS]	0	351.518	181.773	0	36.738	0	0	
0	[SLPS]	0	351.651	181.932	0	37.490	0	0	
0	[SLPS]	0	351.777	182.091	0	38.223	0	0	
0	[SLPS]	0	351.777	182.091	0	38.223	0	0	
0	[SLPS]	0	352.039	182.390	0	39.654	0	0	
0	[SLPS]	0	352.039	182.390	0	39.654	0	0	
0	[SLPS]	0	352.315	182.683	0	41.055	0	0	
0	[SLPS]	0	352.315	182.683	0	41.055	0	0	
0	[SLPS]	0	352.460	182.821	0	41.773	0	0	
0	[SLPS]	0	352.602	182.967	0	42.498	0	0	
0	[SLPS]	0	352.602	182.967	0	42.498	0	0	
0	[SLPS]	0	352.891	183.250	0	43.917	0	0	
0	[SLPS]	0	352.891	183.250	0	43.917	0	0	
0	[SLPS]	0	353.041	183.389	0	44.617	0	0	
0	[SLPS]	0	353.195	183.532	0	45.306	0	0	
0	[SLPS]	0	353.195	183.532	0	45.306	0	0	
0	[SLPS]	0	353.506	183.815	0	46.677	0	0	
0	[SLPS]	0	353.506	183.815	0	46.677	0	0	
0	[SLPS]	0	353.673	183.947	0	47.356	0	0	
0	[SLPS]	0	353.838	184.088	0	48.027	0	0	
0	[SLPS]	0	353.838	184.088	0	48.027	0	0	
0	[SLPS]	0	354.169	184.350	0	49.337	0	0	
0	[SLPS]	0	354.169	184.350	0	49.337	0	0	
0	[SLPS]	0	354.340	184.479	0	49.982	0	0	
0	[SLPS]	0	354.511	184.602	0	50.614	0	0	
0	[SLPS]	0	354.511	184.602	0	50.614	0	0	
0	[SLPS]	0	354.849	184.868	0	51.842	0	0	
0	[SLPS]	0	354.849	184.868	0	51.842	0	0	
0	[SLPS]	0	355.019	184.986	0	52.435	0	0	
0	[SLPS]	0	355.194	185.105	0	53.014	0	0	
0	[SLPS]	0	355.194	185.105	0	53.014	0	0	
0	[SLPS]	0	355.546	185.350	0	54.135	0	0	
0	[SLPS]	0	355.546	185.350	0	54.135	0	0	
0	[SLPS]	0	355.718	185.469	0	54.668	0	0	
0	[SLPS]	0	355.905	185.586	0	55.183	0	0	
0	[SLPS]	0	356.088	185.702	0	55.683	0	0	
0	[SLPS]	0	356.271	185.807	0	56.157	0	0	
0	[SLPS]	0	356.271	185.807	0	56.157	0	0	
0	[SLPS]	0	356.636	186.039	0	57.026	0	0	
0	[SLPS]	0	356.636	186.039	0	57.026	0	0	
0	[SLPS]	0	356.823	186.151	0	57.435	0	0	
0	[SLPS]	0	357.006	186.256	0	57.836	0	0	
0	[SLPS]	0	357.006	186.256	0	57.836	0	0	
0	[SLPS]	0	357.379	186.490	0	58.543	0	0	
0	[SLPS]	0	357.379	186.490	0	58.543	0	0	
0	[SLPS]	0	357.569	186.599	0	58.840	0	0	
0	[SLPS]	0	357.760	186.699	0	59.115	0	0	
0	[SLPS]	0	357.760	186.699	0	59.115	0	0	
0	[SLPS]	0	358.151	186.905	0	59.602	0	0	
0	[SLPS]	0	358.151	186.905	0	59.602	0	0	
0	[SLPS]	0	358.346	187.009	0	59.803	0	0	
0	[SLPS]	0	358.543	187.105	0	59.974	0	0	
0	[SLPS]	0	358.543	187.105	0	59.974	0	0	
0	[SLPS]	0	358.924	187.318	0	60.245	0	0	
0	[SLPS]	0	358.924	187.318	0	60.245	0	0	
0	[SLPS]	0	359.120	187.422	0	60.362	0	0	
0	[SLPS]	0	359.306	187.531	0	60.473	0	0	
0	[SLPS]	0	359.306	187.531	0	60.473	0	0	
0	[SLPS]	0	359.695	187.737	0	60.668	0	0	
0	[SLPS]	0	359.695	187.737	0	60.668	0	0	
0	[SLPS]	0	359.892	187.840	0	60.745	0	0	
0	[SLPS]	0	360.079	187.955	0	60.799	0	0	
0	[SLPS]	0	360.079	187.955	0	60.799	0	0	
0	[SLPS]	0	360.474	188.162	0	60.878	0	0	
0	[SLPS]	0	360.474	188.162	0	60.878	0	0	
0	[SLPS]	0	360.672	188.266	0	60.885	0	0	
0	[SLPS]	0	360.872	188.387	0	60.889	0	0	
0	[SLPS]	0	360.872	188.387	0	60.889	0	0	
0	[SLPS]	0	361.275	188.626	0	60.831	0	0	
0	[SLPS]	0	361.275	188.626	0	60.831	0	0	
0	[SLPS]	0	361.477	188.738	0	60.799	0	0	
0	[SLPS]	0	361.675	188.850	0	60.795	0	0	
0	[SLPS]	0	361.873	188.973	0	60.757	0	0	
0	[SLPS]	0	362.074	189.101	0	60.722	0	0	
0	[SLPS]	0	362.074	189.101	0	60.722	0	0	
0	[SLPS]	0	362.475	189.331	0	60.769	0	0	
0	[SLPS]	0	362.475	189.331	0	60.769	0	0	
0	[SLPS]	0	362.683	189.446	0	60.767	0	0	
0	[SLPS]	0	362.893	189.564	0	60.761	0	0	
0	[SLPS]	0	362.893	189.564	0	60.761	0	0	
0	[SLPS]	0	363.306	189.789	0	60.752	0	0	
0	[SLPS]	0	363.306	189.789	0	60.752	0	0	
0	[SLPS]	0	363.527	189.920	0	60.718	0	0	
0	[SLPS]	0	363.738	190.033	0	60.719	0	0	
0	[SLPS]	0	363.738	190.033	0	60.719	0	0	
