0	[SLPS]	0	552.790	-117.916	0	325.284	0	0	
0	[SLPS]	0	552.790	-117.916	0	325.284	0	0	
0	[SLPS]	0	552.578	-117.624	0	325.357	0	0	
0	[SLPS]	0	552.578	-117.624	0	325.357	0	0	
0	[SLPS]	0	552.473	-117.469	0	325.394	0	0	
0	[SLPS]	0	552.365	-117.318	0	325.404	0	0	
0	[SLPS]	0	552.260	-117.167	0	325.408	0	0	
0	[SLPS]	0	552.156	-117.013	0	325.403	0	0	
0	[SLPS]	0	552.156	-117.013	0	325.403	0	0	
0	[SLPS]	0	551.941	-116.703	0	325.375	0	0	
0	[SLPS]	0	551.941	-116.703	0	325.375	0	0	
0	[SLPS]	0	551.832	-116.546	0	325.351	0	0	
0	[SLPS]	0	551.728	-116.398	0	325.317	0	0	
0	[SLPS]	0	551.728	-116.398	0	325.317	0	0	
0	[SLPS]	0	551.619	-116.250	0	325.273	0	0	
0	[SLPS]	0	551.510	-116.099	0	325.246	0	0	
0	[SLPS]	0	551.510	-116.099	0	325.246	0	0	
0	[SLPS]	0	551.297	-115.796	0	325.205	0	0	
0	[SLPS]	0	551.297	-115.796	0	325.205	0	0	
0	[SLPS]	0	551.186	-115.646	0	325.177	0	0	
0	[SLPS]	0	551.077	-115.492	0	325.149	0	0	
0	[SLPS]	0	550.969	-115.339	0	325.115	0	0	
0	[SLPS]	0	550.866	-115.186	0	325.083	0	0	
0	[SLPS]	0	550.866	-115.186	0	325.083	0	0	
0	[SLPS]	0	550.754	-115.034	0	325.058	0	0	
0	[SLPS]	0	550.647	-114.882	0	325.059	0	0	
0	[SLPS]	0	550.538	-114.729	0	325.073	0	0	
0	[SLPS]	0	550.431	-114.578	0	325.087	0	0	
0	[SLPS]	0	550.431	-114.578	0	325.087	0	0	
0	[SLPS]	0	550.217	-114.262	0	325.100	0	0	
0	[SLPS]	0	550.217	-114.262	0	325.100	0	0	
0	[SLPS]	0	550.109	-114.107	0	325.096	0	0	
0	[SLPS]	0	549.997	-113.951	0	325.081	0	0	
0	[SLPS]	0	549.997	-113.951	0	325.081	0	0	
0	[SLPS]	0	549.779	-113.638	0	325.083	0	0	
0	[SLPS]	0	549.779	-113.638	0	325.083	0	0	
0	[SLPS]	0	549.669	-113.481	0	325.089	0	0	
0	[SLPS]	0	549.554	-113.327	0	325.077	0	0	
0	[SLPS]	0	549.554	-113.327	0	325.077	0	0	
0	[SLPS]	0	549.330	-113.009	0	325.076	0	0	
0	[SLPS]	0	549.330	-113.009	0	325.076	0	0	
0	[SLPS]	0	549.218	-112.851	0	325.074	0	0	
0	[SLPS]	0	549.106	-112.692	0	325.076	0	0	
0	[SLPS]	0	549.106	-112.692	0	325.076	0	0	
0	[SLPS]	0	548.880	-112.369	0	325.077	0	0	
0	[SLPS]	0	548.880	-112.369	0	325.077	0	0	
0	[SLPS]	0	548.766	-112.207	0	325.081	0	0	
0	[SLPS]	0	548.644	-112.047	0	325.066	0	0	
0	[SLPS]	0	548.644	-112.047	0	325.066	0	0	
0	[SLPS]	0	548.411	-111.710	0	325.084	0	0	
0	[SLPS]	0	548.411	-111.710	0	325.084	0	0	
0	[SLPS]	0	548.289	-111.543	0	325.075	0	0	
0	[SLPS]	0	548.170	-111.373	0	325.077	0	0	
0	[SLPS]	0	548.170	-111.373	0	325.077	0	0	
0	[SLPS]	0	547.928	-111.020	0	325.088	0	0	
0	[SLPS]	0	547.928	-111.020	0	325.088	0	0	
0	[SLPS]	0	547.807	-110.847	0	325.095	0	0	
0	[SLPS]	0	547.676	-110.670	0	325.082	0	0	
0	[SLPS]	0	547.554	-110.494	0	325.096	0	0	
0	[SLPS]	0	547.427	-110.312	0	325.097	0	0	
0	[SLPS]	0	547.427	-110.312	0	325.097	0	0	
0	[SLPS]	0	547.301	-110.133	0	325.101	0	0	
0	[SLPS]	0	547.177	-109.947	0	325.120	0	0	
0	[SLPS]	0	547.049	-109.770	0	325.112	0	0	
0	[SLPS]	0	546.910	-109.589	0	325.079	0	0	
0	[SLPS]	0	546.910	-109.589	0	325.079	0	0	
0	[SLPS]	0	546.780	-109.404	0	325.079	0	0	
0	[SLPS]	0	546.655	-109.218	0	325.087	0	0	
0	[SLPS]	0	546.523	-109.027	0	325.089	0	0	
0	[SLPS]	0	546.388	-108.839	0	325.091	0	0	
0	[SLPS]	0	546.388	-108.839	0	325.091	0	0	
0	[SLPS]	0	546.125	-108.454	0	325.096	0	0	
0	[SLPS]	0	546.125	-108.454	0	325.096	0	0	
0	[SLPS]	0	545.991	-108.259	0	325.089	0	0	
0	[SLPS]	0	545.856	-108.059	0	325.097	0	0	
0	[SLPS]	0	545.856	-108.059	0	325.097	0	0	
0	[SLPS]	0	545.582	-107.672	0	325.116	0	0	
0	[SLPS]	0	545.582	-107.672	0	325.116	0	0	
0	[SLPS]	0	545.445	-107.469	0	325.130	0	0	
0	[SLPS]	0	545.298	-107.271	0	325.107	0	0	
0	[SLPS]	0	545.298	-107.271	0	325.107	0	0	
0	[SLPS]	0	545.013	-106.869	0	325.105	0	0	
0	[SLPS]	0	545.013	-106.869	0	325.105	0	0	
0	[SLPS]	0	544.871	-106.666	0	325.121	0	0	
0	[SLPS]	0	544.724	-106.454	0	325.136	0	0	
0	[SLPS]	0	544.724	-106.454	0	325.136	0	0	
0	[SLPS]	0	544.427	-106.046	0	325.102	0	0	
0	[SLPS]	0	544.427	-106.046	0	325.102	0	0	
0	[SLPS]	0	544.279	-105.835	0	325.080	0	0	
0	[SLPS]	0	544.136	-105.618	0	325.068	0	0	
0	[SLPS]	0	544.136	-105.618	0	325.068	0	0	
0	[SLPS]	0	543.830	-105.195	0	325.000	0	0	
0	[SLPS]	0	543.830	-105.195	0	325.000	0	0	
0	[SLPS]	0	543.679	-104.976	0	324.984	0	0	
0	[SLPS]	0	543.525	-104.758	0	324.956	0	0	
0	[SLPS]	0	543.367	-104.545	0	324.919	0	0	
0	[SLPS]	0	543.210	-104.320	0	324.897	0	0	
0	[SLPS]	0	543.210	-104.320	0	324.897	0	0	
0	[SLPS]	0	542.883	-103.881	0	324.823	0	0	
0	[SLPS]	0	542.883	-103.881	0	324.823	0	0	
0	[SLPS]	0	542.723	-103.658	0	324.798	0	0	
0	[SLPS]	0	542.558	-103.436	0	324.765	0	0	
0	[SLPS]	0	542.558	-103.436	0	324.765	0	0	
0	[SLPS]	0	542.237	-102.969	0	324.742	0	0	
0	[SLPS]	0	542.237	-102.969	0	324.742	0	0	
0	[SLPS]	0	542.073	-102.738	0	324.728	0	0	
0	[SLPS]	0	541.909	-102.501	0	324.714	0	0	
0	[SLPS]	0	541.909	-102.501	0	324.714	0	0	
0	[SLPS]	0	541.573	-102.029	0	324.721	0	0	
0	[SLPS]	0	541.573	-102.029	0	324.721	0	0	
0	[SLPS]	0	541.405	-101.792	0	324.744	0	0	
0	[SLPS]	0	541.240	-101.552	0	324.776	0	0	
0	[SLPS]	0	541.240	-101.552	0	324.776	0	0	
0	[SLPS]	0	540.898	-101.069	0	324.816	0	0	
0	[SLPS]	0	540.898	-101.069	0	324.816	0	0	
0	[SLPS]	0	540.727	-100.826	0	324.845	0	0	
0	[SLPS]	0	540.555	-100.580	0	324.866	0	0	
0	[SLPS]	0	540.555	-100.580	0	324.866	0	0	
0	[SLPS]	0	540.204	-100.081	0	324.913	0	0	
0	[SLPS]	0	540.204	-100.081	0	324.913	0	0	
0	[SLPS]	0	540.025	-99.825	0	324.932	0	0	
0	[SLPS]	0	539.845	-99.574	0	324.941	0	0	
0	[SLPS]	0	539.845	-99.574	0	324.941	0	0	
0	[SLPS]	0	539.489	-99.063	0	324.978	0	0	
0	[SLPS]	0	539.489	-99.063	0	324.978	0	0	
0	[SLPS]	0	539.309	-98.802	0	325.001	0	0	
0	[SLPS]	0	539.128	-98.542	0	325.025	0	0	
0	[SLPS]	0	539.128	-98.542	0	325.025	0	0	
0	[SLPS]	0	538.765	-98.013	0	325.062	0	0	
0	[SLPS]	0	538.765	-98.013	0	325.062	0	0	
0	[SLPS]	0	538.582	-97.748	0	325.081	0	0	
0	[SLPS]	0	538.399	-97.494	0	325.087	0	0	
0	[SLPS]	0	538.399	-97.494	0	325.087	0	0	
0	[SLPS]	0	538.022	-96.957	0	325.112	0	0	
0	[SLPS]	0	538.022	-96.957	0	325.112	0	0	
0	[SLPS]	0	537.835	-96.688	0	325.121	0	0	
0	[SLPS]	0	537.648	-96.425	0	325.107	0	0	
0	[SLPS]	0	537.458	-96.153	0	325.099	0	0	
0	[SLPS]	0	537.262	-95.875	0	325.075	0	0	
0	[SLPS]	0	537.262	-95.875	0	325.075	0	0	
0	[SLPS]	0	536.888	-95.324	0	325.076	0	0	
0	[SLPS]	0	536.888	-95.324	0	325.076	0	0	
0	[SLPS]	0	536.687	-95.052	0	325.049	0	0	
0	[SLPS]	0	536.490	-94.775	0	325.034	0	0	
0	[SLPS]	0	536.490	-94.775	0	325.034	0	0	
0	[SLPS]	0	536.096	-94.218	0	325.001	0	0	
0	[SLPS]	0	536.096	-94.218	0	325.001	0	0	
0	[SLPS]	0	535.900	-93.932	0	324.997	0	0	
0	[SLPS]	0	535.701	-93.651	0	324.985	0	0	
0	[SLPS]	0	535.701	-93.651	0	324.985	0	0	
0	[SLPS]	0	535.303	-93.082	0	324.997	0	0	
0	[SLPS]	0	535.303	-93.082	0	324.997	0	0	
0	[SLPS]	0	535.100	-92.792	0	325.015	0	0	
0	[SLPS]	0	534.900	-92.501	0	325.047	0	0	
0	[SLPS]	0	534.900	-92.501	0	325.047	0	0	
0	[SLPS]	0	534.495	-91.925	0	325.070	0	0	
0	[SLPS]	0	534.495	-91.925	0	325.070	0	0	
0	[SLPS]	0	534.290	-91.631	0	325.080	0	0	
0	[SLPS]	0	534.085	-91.335	0	325.103	0	0	
0	[SLPS]	0	534.085	-91.335	0	325.103	0	0	
0	[SLPS]	0	533.672	-90.749	0	325.120	0	0	
0	[SLPS]	0	533.672	-90.749	0	325.120	0	0	
0	[SLPS]	0	533.465	-90.454	0	325.122	0	0	
0	[SLPS]	0	533.255	-90.150	0	325.126	0	0	
0	[SLPS]	0	533.255	-90.150	0	325.126	0	0	
0	[SLPS]	0	532.836	-89.559	0	325.112	0	0	
0	[SLPS]	0	532.836	-89.559	0	325.112	0	0	
0	[SLPS]	0	532.630	-89.254	0	325.116	0	0	
0	[SLPS]	0	532.420	-88.950	0	325.111	0	0	
0	[SLPS]	0	532.420	-88.950	0	325.111	0	0	
0	[SLPS]	0	531.997	-88.345	0	325.095	0	0	
0	[SLPS]	0	531.997	-88.345	0	325.095	0	0	
0	[SLPS]	0	531.784	-88.040	0	325.088	0	0	
0	[SLPS]	0	531.571	-87.733	0	325.087	0	0	
0	[SLPS]	0	531.571	-87.733	0	325.087	0	0	
0	[SLPS]	0	531.142	-87.125	0	325.060	0	0	
0	[SLPS]	0	531.142	-87.125	0	325.060	0	0	
0	[SLPS]	0	530.926	-86.816	0	325.050	0	0	
0	[SLPS]	0	530.709	-86.510	0	325.036	0	0	
0	[SLPS]	0	530.709	-86.510	0	325.036	0	0	
0	[SLPS]	0	530.276	-85.887	0	325.020	0	0	
0	[SLPS]	0	530.276	-85.887	0	325.020	0	0	
0	[SLPS]	0	530.056	-85.576	0	325.006	0	0	
0	[SLPS]	0	529.840	-85.265	0	324.998	0	0	
0	[SLPS]	0	529.622	-84.954	0	324.990	0	0	
0	[SLPS]	0	529.406	-84.643	0	324.980	0	0	
0	[SLPS]	0	529.406	-84.643	0	324.980	0	0	
0	[SLPS]	0	528.963	-84.014	0	324.961	0	0	
0	[SLPS]	0	528.963	-84.014	0	324.961	0	0	
0	[SLPS]	0	528.743	-83.700	0	324.954	0	0	
0	[SLPS]	0	528.532	-83.378	0	324.968	0	0	
0	[SLPS]	0	528.532	-83.378	0	324.968	0	0	
0	[SLPS]	0	528.080	-82.744	0	324.937	0	0	
0	[SLPS]	0	528.080	-82.744	0	324.937	0	0	
0	[SLPS]	0	527.851	-82.429	0	324.922	0	0	
0	[SLPS]	0	527.630	-82.108	0	324.934	0	0	
0	[SLPS]	0	527.630	-82.108	0	324.934	0	0	
0	[SLPS]	0	527.179	-81.467	0	324.936	0	0	
0	[SLPS]	0	527.179	-81.467	0	324.936	0	0	
0	[SLPS]	0	526.954	-81.145	0	324.943	0	0	
0	[SLPS]	0	526.727	-80.820	0	324.943	0	0	
0	[SLPS]	0	526.727	-80.820	0	324.943	0	0	
0	[SLPS]	0	526.274	-80.172	0	324.952	0	0	
0	[SLPS]	0	526.274	-80.172	0	324.952	0	0	
0	[SLPS]	0	526.047	-79.848	0	324.952	0	0	
0	[SLPS]	0	525.825	-79.518	0	324.965	0	0	
0	[SLPS]	0	525.825	-79.518	0	324.965	0	0	
0	[SLPS]	0	525.361	-78.864	0	324.955	0	0	
0	[SLPS]	0	525.361	-78.864	0	324.955	0	0	
0	[SLPS]	0	525.132	-78.536	0	324.957	0	0	
0	[SLPS]	0	524.905	-78.210	0	324.959	0	0	
0	[SLPS]	0	524.905	-78.210	0	324.959	0	0	
0	[SLPS]	0	524.446	-77.549	0	324.963	0	0	
0	[SLPS]	0	524.446	-77.549	0	324.963	0	0	
0	[SLPS]	0	524.216	-77.218	0	324.966	0	0	
0	[SLPS]	0	523.980	-76.889	0	324.958	0	0	
0	[SLPS]	0	523.980	-76.889	0	324.958	0	0	
0	[SLPS]	0	523.515	-76.222	0	324.962	0	0	
0	[SLPS]	0	523.515	-76.222	0	324.962	0	0	
0	[SLPS]	0	523.047	-75.554	0	324.952	0	0	
0	[SLPS]	0	523.047	-75.554	0	324.952	0	0	
0	[SLPS]	0	522.814	-75.215	0	324.954	0	0	
0	[SLPS]	0	522.569	-74.876	0	324.937	0	0	
0	[SLPS]	0	522.569	-74.876	0	324.937	0	0	
0	[SLPS]	0	522.089	-74.204	0	324.921	0	0	
0	[SLPS]	0	522.089	-74.204	0	324.921	0	0	
0	[SLPS]	0	521.845	-73.865	0	324.907	0	0	
0	[SLPS]	0	521.602	-73.526	0	324.898	0	0	
0	[SLPS]	0	521.602	-73.526	0	324.898	0	0	
0	[SLPS]	0	521.128	-72.851	0	324.883	0	0	
0	[SLPS]	0	521.128	-72.851	0	324.883	0	0	
0	[SLPS]	0	520.888	-72.508	0	324.880	0	0	
0	[SLPS]	0	520.646	-72.162	0	324.879	0	0	
0	[SLPS]	0	520.646	-72.162	0	324.879	0	0	
0	[SLPS]	0	520.166	-71.477	0	324.893	0	0	
0	[SLPS]	0	520.166	-71.477	0	324.893	0	0	
0	[SLPS]	0	519.923	-71.132	0	324.904	0	0	
0	[SLPS]	0	519.681	-70.782	0	324.930	0	0	
0	[SLPS]	0	519.681	-70.782	0	324.930	0	0	
0	[SLPS]	0	519.202	-70.094	0	324.969	0	0	
0	[SLPS]	0	519.202	-70.094	0	324.969	0	0	
0	[SLPS]	0	518.959	-69.742	0	324.984	0	0	
0	[SLPS]	0	518.724	-69.385	0	325.012	0	0	
0	[SLPS]	0	518.724	-69.385	0	325.012	0	0	
0	[SLPS]	0	518.245	-68.680	0	325.045	0	0	
0	[SLPS]	0	518.245	-68.680	0	325.045	0	0	
0	[SLPS]	0	517.995	-68.323	0	325.059	0	0	
0	[SLPS]	0	517.752	-67.965	0	325.085	0	0	
0	[SLPS]	0	517.752	-67.965	0	325.085	0	0	
0	[SLPS]	0	517.263	-67.255	0	325.130	0	0	
0	[SLPS]	0	517.263	-67.255	0	325.130	0	0	
0	[SLPS]	0	517.011	-66.899	0	325.141	0	0	
0	[SLPS]	0	516.765	-66.540	0	325.164	0	0	
0	[SLPS]	0	516.765	-66.540	0	325.164	0	0	
0	[SLPS]	0	516.269	-65.831	0	325.189	0	0	
0	[SLPS]	0	516.269	-65.831	0	325.189	0	0	
0	[SLPS]	0	516.023	-65.467	0	325.207	0	0	
0	[SLPS]	0	515.774	-65.110	0	325.202	0	0	
0	[SLPS]	0	515.774	-65.110	0	325.202	0	0	
0	[SLPS]	0	515.277	-64.396	0	325.191	0	0	
0	[SLPS]	0	515.277	-64.396	0	325.191	0	0	
0	[SLPS]	0	515.024	-64.039	0	325.172	0	0	
0	[SLPS]	0	514.778	-63.680	0	325.168	0	0	
0	[SLPS]	0	514.778	-63.680	0	325.168	0	0	
0	[SLPS]	0	514.277	-62.960	0	325.149	0	0	
0	[SLPS]	0	514.277	-62.960	0	325.149	0	0	
0	[SLPS]	0	514.028	-62.600	0	325.138	0	0	
0	[SLPS]	0	513.777	-62.243	0	325.115	0	0	
0	[SLPS]	0	513.527	-61.884	0	325.100	0	0	
0	[SLPS]	0	513.276	-61.526	0	325.084	0	0	
0	[SLPS]	0	513.276	-61.526	0	325.084	0	0	
0	[SLPS]	0	512.772	-60.802	0	325.077	0	0	
0	[SLPS]	0	512.772	-60.802	0	325.077	0	0	
0	[SLPS]	0	512.518	-60.441	0	325.061	0	0	
0	[SLPS]	0	512.258	-60.073	0	325.046	0	0	
0	[SLPS]	0	512.258	-60.073	0	325.046	0	0	
0	[SLPS]	0	511.749	-59.337	0	325.022	0	0	
0	[SLPS]	0	511.749	-59.337	0	325.022	0	0	
0	[SLPS]	0	511.493	-58.971	0	325.016	0	0	
0	[SLPS]	0	511.241	-58.599	0	325.010	0	0	
0	[SLPS]	0	511.241	-58.599	0	325.010	0	0	
0	[SLPS]	0	510.724	-57.861	0	324.975	0	0	
0	[SLPS]	0	510.724	-57.861	0	324.975	0	0	
0	[SLPS]	0	510.466	-57.491	0	324.959	0	0	
0	[SLPS]	0	510.208	-57.121	0	324.958	0	0	
0	[SLPS]	0	510.208	-57.121	0	324.958	0	0	
0	[SLPS]	0	509.685	-56.376	0	324.962	0	0	
0	[SLPS]	0	509.685	-56.376	0	324.962	0	0	
0	[SLPS]	0	509.424	-56.003	0	324.964	0	0	
0	[SLPS]	0	509.169	-55.632	0	324.970	0	0	
0	[SLPS]	0	509.169	-55.632	0	324.970	0	0	
0	[SLPS]	0	508.644	-54.878	0	324.973	0	0	
0	[SLPS]	0	508.644	-54.878	0	324.973	0	0	
0	[SLPS]	0	508.375	-54.508	0	324.955	0	0	
0	[SLPS]	0	508.115	-54.134	0	324.944	0	0	
0	[SLPS]	0	508.115	-54.134	0	324.944	0	0	
0	[SLPS]	0	507.585	-53.376	0	324.908	0	0	
0	[SLPS]	0	507.585	-53.376	0	324.908	0	0	
0	[SLPS]	0	507.320	-52.998	0	324.884	0	0	
0	[SLPS]	0	507.056	-52.620	0	324.849	0	0	
0	[SLPS]	0	507.056	-52.620	0	324.849	0	0	
0	[SLPS]	0	506.516	-51.860	0	324.798	0	0	
0	[SLPS]	0	506.516	-51.860	0	324.798	0	0	
0	[SLPS]	0	506.248	-51.479	0	324.774	0	0	
0	[SLPS]	0	505.981	-51.099	0	324.752	0	0	
0	[SLPS]	0	505.981	-51.099	0	324.752	0	0	
0	[SLPS]	0	505.435	-50.332	0	324.709	0	0	
0	[SLPS]	0	505.435	-50.332	0	324.709	0	0	
0	[SLPS]	0	505.158	-49.941	0	324.690	0	0	
0	[SLPS]	0	504.893	-49.556	0	324.673	0	0	
0	[SLPS]	0	504.617	-49.168	0	324.648	0	0	
0	[SLPS]	0	504.342	-48.783	0	324.619	0	0	
0	[SLPS]	0	504.342	-48.783	0	324.619	0	0	
0	[SLPS]	0	503.795	-48.012	0	324.573	0	0	
0	[SLPS]	0	503.795	-48.012	0	324.573	0	0	
0	[SLPS]	0	503.519	-47.623	0	324.541	0	0	
0	[SLPS]	0	503.242	-47.231	0	324.510	0	0	
0	[SLPS]	0	503.242	-47.231	0	324.510	0	0	
0	[SLPS]	0	502.691	-46.454	0	324.441	0	0	
0	[SLPS]	0	502.691	-46.454	0	324.441	0	0	
0	[SLPS]	0	502.410	-46.063	0	324.402	0	0	
0	[SLPS]	0	502.135	-45.671	0	324.367	0	0	
0	[SLPS]	0	502.135	-45.671	0	324.367	0	0	
0	[SLPS]	0	501.580	-44.891	0	324.308	0	0	
0	[SLPS]	0	501.580	-44.891	0	324.308	0	0	
0	[SLPS]	0	501.293	-44.495	0	324.284	0	0	
0	[SLPS]	0	501.012	-44.100	0	324.276	0	0	
0	[SLPS]	0	501.012	-44.100	0	324.276	0	0	
0	[SLPS]	0	500.451	-43.321	0	324.289	0	0	
0	[SLPS]	0	500.451	-43.321	0	324.289	0	0	
0	[SLPS]	0	500.167	-42.923	0	324.302	0	0	
0	[SLPS]	0	499.882	-42.525	0	324.308	0	0	
0	[SLPS]	0	499.882	-42.525	0	324.308	0	0	
0	[SLPS]	0	499.316	-41.743	0	324.306	0	0	
0	[SLPS]	0	499.316	-41.743	0	324.306	0	0	
0	[SLPS]	0	499.032	-41.342	0	324.311	0	0	
0	[SLPS]	0	498.752	-40.939	0	324.328	0	0	
0	[SLPS]	0	498.752	-40.939	0	324.328	0	0	
0	[SLPS]	0	498.187	-40.146	0	324.347	0	0	
0	[SLPS]	0	498.187	-40.146	0	324.347	0	0	
0	[SLPS]	0	497.904	-39.743	0	324.351	0	0	
0	[SLPS]	0	497.622	-39.343	0	324.351	0	0	
0	[SLPS]	0	497.622	-39.343	0	324.351	0	0	
0	[SLPS]	0	497.056	-38.544	0	324.361	0	0	
0	[SLPS]	0	497.056	-38.544	0	324.361	0	0	
0	[SLPS]	0	496.774	-38.147	0	324.381	0	0	
0	[SLPS]	0	496.494	-37.744	0	324.424	0	0	
0	[SLPS]	0	496.212	-37.346	0	324.471	0	0	
0	[SLPS]	0	495.926	-36.955	0	324.509	0	0	
0	[SLPS]	0	495.926	-36.955	0	324.509	0	0	
0	[SLPS]	0	495.370	-36.156	0	324.590	0	0	
0	[SLPS]	0	495.370	-36.156	0	324.590	0	0	
0	[SLPS]	0	495.093	-35.760	0	324.609	0	0	
0	[SLPS]	0	494.817	-35.369	0	324.635	0	0	
0	[SLPS]	0	494.817	-35.369	0	324.635	0	0	
0	[SLPS]	0	494.266	-34.583	0	324.675	0	0	
0	[SLPS]	0	494.266	-34.583	0	324.675	0	0	
0	[SLPS]	0	493.991	-34.190	0	324.682	0	0	
0	[SLPS]	0	493.719	-33.798	0	324.693	0	0	
0	[SLPS]	0	493.719	-33.798	0	324.693	0	0	
0	[SLPS]	0	493.153	-33.012	0	324.676	0	0	
0	[SLPS]	0	493.153	-33.012	0	324.676	0	0	
0	[SLPS]	0	492.877	-32.621	0	324.674	0	0	
0	[SLPS]	0	492.608	-32.232	0	324.681	0	0	
0	[SLPS]	0	492.608	-32.232	0	324.681	0	0	
0	[SLPS]	0	492.052	-31.455	0	324.669	0	0	
0	[SLPS]	0	492.052	-31.455	0	324.669	0	0	
0	[SLPS]	0	491.778	-31.067	0	324.665	0	0	
0	[SLPS]	0	491.510	-30.679	0	324.668	0	0	
0	[SLPS]	0	491.510	-30.679	0	324.668	0	0	
0	[SLPS]	0	490.961	-29.904	0	324.657	0	0	
0	[SLPS]	0	490.961	-29.904	0	324.657	0	0	
0	[SLPS]	0	490.695	-29.519	0	324.652	0	0	
0	[SLPS]	0	490.424	-29.132	0	324.642	0	0	
0	[SLPS]	0	490.424	-29.132	0	324.642	0	0	
0	[SLPS]	0	489.878	-28.363	0	324.629	0	0	
0	[SLPS]	0	489.878	-28.363	0	324.629	0	0	
0	[SLPS]	0	489.345	-27.595	0	324.627	0	0	
0	[SLPS]	0	489.345	-27.595	0	324.627	0	0	
0	[SLPS]	0	489.072	-27.208	0	324.623	0	0	
0	[SLPS]	0	488.799	-26.829	0	324.612	0	0	
0	[SLPS]	0	488.799	-26.829	0	324.612	0	0	
0	[SLPS]	0	488.263	-26.061	0	324.609	0	0	
0	[SLPS]	0	488.263	-26.061	0	324.609	0	0	
0	[SLPS]	0	487.988	-25.683	0	324.601	0	0	
0	[SLPS]	0	487.720	-25.302	0	324.596	0	0	
0	[SLPS]	0	487.720	-25.302	0	324.596	0	0	
0	[SLPS]	0	487.184	-24.541	0	324.579	0	0	
0	[SLPS]	0	487.184	-24.541	0	324.579	0	0	
0	[SLPS]	0	486.917	-24.164	0	324.574	0	0	
0	[SLPS]	0	486.643	-23.785	0	324.565	0	0	
0	[SLPS]	0	486.643	-23.785	0	324.565	0	0	
0	[SLPS]	0	486.106	-23.030	0	324.561	0	0	
0	[SLPS]	0	486.106	-23.030	0	324.561	0	0	
0	[SLPS]	0	485.567	-22.272	0	324.550	0	0	
0	[SLPS]	0	485.567	-22.272	0	324.550	0	0	
0	[SLPS]	0	485.304	-21.894	0	324.549	0	0	
0	[SLPS]	0	485.038	-21.517	0	324.548	0	0	
0	[SLPS]	0	485.038	-21.517	0	324.548	0	0	
0	[SLPS]	0	484.507	-20.765	0	324.551	0	0	
0	[SLPS]	0	484.507	-20.765	0	324.551	0	0	
0	[SLPS]	0	484.242	-20.391	0	324.553	0	0	
0	[SLPS]	0	483.980	-20.017	0	324.557	0	0	
0	[SLPS]	0	483.980	-20.017	0	324.557	0	0	
0	[SLPS]	0	483.451	-19.272	0	324.551	0	0	
0	[SLPS]	0	483.451	-19.272	0	324.551	0	0	
0	[SLPS]	0	483.187	-18.900	0	324.554	0	0	
0	[SLPS]	0	482.928	-18.525	0	324.558	0	0	
0	[SLPS]	0	482.928	-18.525	0	324.558	0	0	
0	[SLPS]	0	482.402	-17.776	0	324.564	0	0	
0	[SLPS]	0	482.402	-17.776	0	324.564	0	0	
0	[SLPS]	0	482.141	-17.404	0	324.563	0	0	
0	[SLPS]	0	481.882	-17.035	0	324.564	0	0	
0	[SLPS]	0	481.882	-17.035	0	324.564	0	0	
0	[SLPS]	0	481.350	-16.295	0	324.552	0	0	
0	[SLPS]	0	481.350	-16.295	0	324.552	0	0	
0	[SLPS]	0	481.089	-15.926	0	324.549	0	0	
0	[SLPS]	0	480.832	-15.562	0	324.544	0	0	
0	[SLPS]	0	480.832	-15.562	0	324.544	0	0	
0	[SLPS]	0	480.310	-14.825	0	324.533	0	0	
0	[SLPS]	0	480.310	-14.825	0	324.533	0	0	
0	[SLPS]	0	479.791	-14.092	0	324.514	0	0	
0	[SLPS]	0	479.791	-14.092	0	324.514	0	0	
0	[SLPS]	0	479.536	-13.725	0	324.509	0	0	
0	[SLPS]	0	479.280	-13.356	0	324.498	0	0	
0	[SLPS]	0	479.280	-13.356	0	324.498	0	0	
0	[SLPS]	0	479.022	-12.990	0	324.487	0	0	
0	[SLPS]	0	478.760	-12.628	0	324.472	0	0	
0	[SLPS]	0	478.500	-12.264	0	324.463	0	0	
0	[SLPS]	0	478.237	-11.900	0	324.448	0	0	
0	[SLPS]	0	478.237	-11.900	0	324.448	0	0	
0	[SLPS]	0	477.726	-11.166	0	324.437	0	0	
0	[SLPS]	0	477.726	-11.166	0	324.437	0	0	
0	[SLPS]	0	477.464	-10.799	0	324.420	0	0	
0	[SLPS]	0	477.199	-10.429	0	324.410	0	0	
0	[SLPS]	0	477.199	-10.429	0	324.410	0	0	
0	[SLPS]	0	476.682	-9.704	0	324.390	0	0	
0	[SLPS]	0	476.682	-9.704	0	324.390	0	0	
0	[SLPS]	0	476.425	-9.338	0	324.385	0	0	
0	[SLPS]	0	476.163	-8.975	0	324.372	0	0	
0	[SLPS]	0	476.163	-8.975	0	324.372	0	0	
0	[SLPS]	0	475.642	-8.250	0	324.349	0	0	
0	[SLPS]	0	475.642	-8.250	0	324.349	0	0	
0	[SLPS]	0	475.387	-7.884	0	324.341	0	0	
0	[SLPS]	0	475.131	-7.518	0	324.334	0	0	
0	[SLPS]	0	475.131	-7.518	0	324.334	0	0	
0	[SLPS]	0	474.614	-6.794	0	324.309	0	0	
0	[SLPS]	0	474.614	-6.794	0	324.309	0	0	
0	[SLPS]	0	474.350	-6.431	0	324.295	0	0	
0	[SLPS]	0	474.095	-6.064	0	324.296	0	0	
0	[SLPS]	0	474.095	-6.064	0	324.296	0	0	
0	[SLPS]	0	473.583	-5.348	0	324.278	0	0	
0	[SLPS]	0	473.583	-5.348	0	324.278	0	0	
0	[SLPS]	0	473.324	-4.985	0	324.271	0	0	
0	[SLPS]	0	473.062	-4.628	0	324.253	0	0	
0	[SLPS]	0	473.062	-4.628	0	324.253	0	0	
0	[SLPS]	0	472.549	-3.911	0	324.228	0	0	
0	[SLPS]	0	472.549	-3.911	0	324.228	0	0	
0	[SLPS]	0	472.293	-3.548	0	324.221	0	0	
0	[SLPS]	0	472.036	-3.183	0	324.221	0	0	
0	[SLPS]	0	472.036	-3.183	0	324.221	0	0	
0	[SLPS]	0	471.518	-2.465	0	324.214	0	0	
0	[SLPS]	0	471.518	-2.465	0	324.214	0	0	
0	[SLPS]	0	471.002	-1.741	0	324.222	0	0	
0	[SLPS]	0	471.002	-1.741	0	324.222	0	0	
0	[SLPS]	0	470.746	-1.384	0	324.228	0	0	
0	[SLPS]	0	470.491	-1.022	0	324.236	0	0	
0	[SLPS]	0	470.491	-1.022	0	324.236	0	0	
0	[SLPS]	0	469.969	-0.307	0	324.245	0	0	
0	[SLPS]	0	469.969	-0.307	0	324.245	0	0	
0	[SLPS]	0	469.715	0.057	0	324.255	0	0	
0	[SLPS]	0	469.454	0.417	0	324.254	0	0	
0	[SLPS]	0	469.454	0.417	0	324.254	0	0	
0	[SLPS]	0	468.948	1.135	0	324.278	0	0	
0	[SLPS]	0	468.948	1.135	0	324.278	0	0	
0	[SLPS]	0	468.692	1.494	0	324.284	0	0	
0	[SLPS]	0	468.422	1.862	0	324.286	0	0	
0	[SLPS]	0	468.422	1.862	0	324.286	0	0	
0	[SLPS]	0	467.911	2.587	0	324.294	0	0	
0	[SLPS]	0	467.911	2.587	0	324.294	0	0	
0	[SLPS]	0	467.655	2.947	0	324.304	0	0	
0	[SLPS]	0	467.399	3.300	0	324.310	0	0	
0	[SLPS]	0	467.399	3.300	0	324.310	0	0	
0	[SLPS]	0	466.887	4.022	0	324.327	0	0	
0	[SLPS]	0	466.887	4.022	0	324.327	0	0	
0	[SLPS]	0	466.632	4.382	0	324.332	0	0	
0	[SLPS]	0	466.379	4.741	0	324.338	0	0	
0	[SLPS]	0	466.123	5.100	0	324.344	0	0	
0	[SLPS]	0	465.862	5.456	0	324.343	0	0	
0	[SLPS]	0	465.862	5.456	0	324.343	0	0	
0	[SLPS]	0	465.607	5.815	0	324.347	0	0	
0	[SLPS]	0	465.356	6.170	0	324.359	0	0	
0	[SLPS]	0	465.356	6.170	0	324.359	0	0	
0	[SLPS]	0	464.846	6.896	0	324.380	0	0	
0	[SLPS]	0	464.846	6.896	0	324.380	0	0	
0	[SLPS]	0	464.597	7.245	0	324.390	0	0	
0	[SLPS]	0	464.339	7.603	0	324.395	0	0	
0	[SLPS]	0	464.339	7.603	0	324.395	0	0	
0	[SLPS]	0	463.835	8.326	0	324.412	0	0	
0	[SLPS]	0	463.835	8.326	0	324.412	0	0	
0	[SLPS]	0	463.582	8.685	0	324.417	0	0	
0	[SLPS]	0	463.323	9.046	0	324.423	0	0	
0	[SLPS]	0	463.072	9.408	0	324.434	0	0	
0	[SLPS]	0	462.817	9.764	0	324.436	0	0	
0	[SLPS]	0	462.817	9.764	0	324.436	0	0	
0	[SLPS]	0	462.310	10.481	0	324.451	0	0	
0	[SLPS]	0	462.310	10.481	0	324.451	0	0	
0	[SLPS]	0	462.056	10.838	0	324.458	0	0	
0	[SLPS]	0	461.801	11.198	0	324.460	0	0	
0	[SLPS]	0	461.801	11.198	0	324.460	0	0	
0	[SLPS]	0	461.295	11.908	0	324.461	0	0	
0	[SLPS]	0	461.295	11.908	0	324.461	0	0	
0	[SLPS]	0	461.049	12.263	0	324.469	0	0	
0	[SLPS]	0	460.790	12.619	0	324.476	0	0	
0	[SLPS]	0	460.790	12.619	0	324.476	0	0	
0	[SLPS]	0	460.288	13.329	0	324.512	0	0	
0	[SLPS]	0	460.288	13.329	0	324.512	0	0	
0	[SLPS]	0	460.038	13.681	0	324.500	0	0	
0	[SLPS]	0	459.778	14.040	0	324.488	0	0	
0	[SLPS]	0	459.527	14.400	0	324.493	0	0	
0	[SLPS]	0	459.276	14.754	0	324.522	0	0	
0	[SLPS]	0	459.276	14.754	0	324.522	0	0	
0	[SLPS]	0	458.776	15.468	0	324.604	0	0	
0	[SLPS]	0	458.776	15.468	0	324.604	0	0	
0	[SLPS]	0	458.527	15.823	0	324.624	0	0	
0	[SLPS]	0	458.272	16.174	0	324.637	0	0	
0	[SLPS]	0	458.272	16.174	0	324.637	0	0	
0	[SLPS]	0	457.774	16.893	0	324.636	0	0	
0	[SLPS]	0	457.774	16.893	0	324.636	0	0	
0	[SLPS]	0	457.526	17.249	0	324.628	0	0	
0	[SLPS]	0	457.282	17.598	0	324.615	0	0	
0	[SLPS]	0	457.282	17.598	0	324.615	0	0	
0	[SLPS]	0	456.782	18.309	0	324.576	0	0	
0	[SLPS]	0	456.782	18.309	0	324.576	0	0	
0	[SLPS]	0	456.533	18.663	0	324.558	0	0	
0	[SLPS]	0	456.284	19.013	0	324.549	0	0	
0	[SLPS]	0	456.284	19.013	0	324.549	0	0	
0	[SLPS]	0	455.780	19.724	0	324.527	0	0	
0	[SLPS]	0	455.780	19.724	0	324.527	0	0	
0	[SLPS]	0	455.531	20.078	0	324.511	0	0	
0	[SLPS]	0	455.280	20.426	0	324.503	0	0	
0	[SLPS]	0	455.280	20.426	0	324.503	0	0	
0	[SLPS]	0	454.776	21.138	0	324.481	0	0	
0	[SLPS]	0	454.776	21.138	0	324.481	0	0	
0	[SLPS]	0	454.526	21.490	0	324.464	0	0	
0	[SLPS]	0	454.275	21.836	0	324.446	0	0	
0	[SLPS]	0	454.275	21.836	0	324.446	0	0	
0	[SLPS]	0	453.773	22.541	0	324.422	0	0	
0	[SLPS]	0	453.773	22.541	0	324.422	0	0	
0	[SLPS]	0	453.523	22.892	0	324.413	0	0	
0	[SLPS]	0	453.273	23.241	0	324.404	0	0	
0	[SLPS]	0	453.273	23.241	0	324.404	0	0	
0	[SLPS]	0	452.775	23.945	0	324.384	0	0	
0	[SLPS]	0	452.775	23.945	0	324.384	0	0	
0	[SLPS]	0	452.526	24.296	0	324.367	0	0	
0	[SLPS]	0	452.274	24.647	0	324.345	0	0	
0	[SLPS]	0	452.274	24.647	0	324.345	0	0	
0	[SLPS]	0	451.772	25.347	0	324.300	0	0	
0	[SLPS]	0	451.772	25.347	0	324.300	0	0	
0	[SLPS]	0	451.522	25.697	0	324.283	0	0	
0	[SLPS]	0	451.271	26.055	0	324.275	0	0	
0	[SLPS]	0	451.020	26.406	0	324.265	0	0	
0	[SLPS]	0	450.768	26.757	0	324.254	0	0	
0	[SLPS]	0	450.768	26.757	0	324.254	0	0	
0	[SLPS]	0	450.518	27.106	0	324.244	0	0	
0	[SLPS]	0	450.263	27.456	0	324.217	0	0	
0	[SLPS]	0	450.013	27.806	0	324.199	0	0	
0	[SLPS]	0	449.762	28.158	0	324.182	0	0	
0	[SLPS]	0	449.762	28.158	0	324.182	0	0	
0	[SLPS]	0	449.262	28.855	0	324.155	0	0	
0	[SLPS]	0	449.262	28.855	0	324.155	0	0	
0	[SLPS]	0	449.011	29.204	0	324.132	0	0	
0	[SLPS]	0	448.759	29.551	0	324.107	0	0	
0	[SLPS]	0	448.759	29.551	0	324.107	0	0	
0	[SLPS]	0	448.261	30.239	0	324.054	0	0	
0	[SLPS]	0	448.261	30.239	0	324.054	0	0	
0	[SLPS]	0	448.007	30.587	0	324.031	0	0	
0	[SLPS]	0	447.757	30.934	0	324.004	0	0	
0	[SLPS]	0	447.757	30.934	0	324.004	0	0	
0	[SLPS]	0	447.262	31.626	0	323.949	0	0	
0	[SLPS]	0	447.262	31.626	0	323.949	0	0	
0	[SLPS]	0	447.010	31.975	0	323.914	0	0	
0	[SLPS]	0	446.758	32.321	0	323.872	0	0	
0	[SLPS]	0	446.758	32.321	0	323.872	0	0	
0	[SLPS]	0	446.255	33.007	0	323.785	0	0	
0	[SLPS]	0	446.255	33.007	0	323.785	0	0	
0	[SLPS]	0	446.002	33.351	0	323.738	0	0	
0	[SLPS]	0	445.749	33.700	0	323.708	0	0	
0	[SLPS]	0	445.749	33.700	0	323.708	0	0	
0	[SLPS]	0	445.244	34.397	0	323.660	0	0	
0	[SLPS]	0	445.244	34.397	0	323.660	0	0	
0	[SLPS]	0	444.984	34.748	0	323.629	0	0	
0	[SLPS]	0	444.729	35.097	0	323.597	0	0	
0	[SLPS]	0	444.475	35.444	0	323.564	0	0	
0	[SLPS]	0	444.222	35.792	0	323.542	0	0	
0	[SLPS]	0	444.222	35.792	0	323.542	0	0	
0	[SLPS]	0	443.708	36.485	0	323.521	0	0	
0	[SLPS]	0	443.708	36.485	0	323.521	0	0	
0	[SLPS]	0	443.452	36.831	0	323.520	0	0	
0	[SLPS]	0	443.200	37.174	0	323.523	0	0	
0	[SLPS]	0	443.200	37.174	0	323.523	0	0	
0	[SLPS]	0	442.687	37.873	0	323.517	0	0	
0	[SLPS]	0	442.687	37.873	0	323.517	0	0	
0	[SLPS]	0	442.427	38.228	0	323.514	0	0	
0	[SLPS]	0	442.173	38.574	0	323.507	0	0	
0	[SLPS]	0	442.173	38.574	0	323.507	0	0	
0	[SLPS]	0	441.665	39.275	0	323.500	0	0	
0	[SLPS]	0	441.665	39.275	0	323.500	0	0	
0	[SLPS]	0	441.410	39.624	0	323.495	0	0	
0	[SLPS]	0	441.158	39.977	0	323.498	0	0	
0	[SLPS]	0	441.158	39.977	0	323.498	0	0	
0	[SLPS]	0	440.649	40.667	0	323.481	0	0	
0	[SLPS]	0	440.649	40.667	0	323.481	0	0	
0	[SLPS]	0	440.394	41.015	0	323.470	0	0	
0	[SLPS]	0	440.136	41.365	0	323.464	0	0	
0	[SLPS]	0	440.136	41.365	0	323.464	0	0	
0	[SLPS]	0	439.625	42.066	0	323.470	0	0	
0	[SLPS]	0	439.625	42.066	0	323.470	0	0	
0	[SLPS]	0	439.369	42.415	0	323.470	0	0	
0	[SLPS]	0	439.115	42.762	0	323.472	0	0	
0	[SLPS]	0	438.859	43.110	0	323.469	0	0	
0	[SLPS]	0	438.599	43.460	0	323.464	0	0	
0	[SLPS]	0	438.599	43.460	0	323.464	0	0	
0	[SLPS]	0	438.085	44.152	0	323.458	0	0	
0	[SLPS]	0	438.085	44.152	0	323.458	0	0	
0	[SLPS]	0	437.827	44.505	0	323.454	0	0	
0	[SLPS]	0	437.569	44.861	0	323.458	0	0	
0	[SLPS]	0	437.569	44.861	0	323.458	0	0	
0	[SLPS]	0	437.054	45.561	0	323.469	0	0	
0	[SLPS]	0	437.054	45.561	0	323.469	0	0	
0	[SLPS]	0	436.795	45.912	0	323.475	0	0	
0	[SLPS]	0	436.535	46.269	0	323.480	0	0	
0	[SLPS]	0	436.535	46.269	0	323.480	0	0	
0	[SLPS]	0	436.015	46.974	0	323.480	0	0	
0	[SLPS]	0	436.015	46.974	0	323.480	0	0	
0	[SLPS]	0	435.756	47.330	0	323.479	0	0	
0	[SLPS]	0	435.492	47.687	0	323.480	0	0	
0	[SLPS]	0	435.492	47.687	0	323.480	0	0	
0	[SLPS]	0	434.971	48.395	0	323.477	0	0	
0	[SLPS]	0	434.971	48.395	0	323.477	0	0	
0	[SLPS]	0	434.713	48.750	0	323.470	0	0	
0	[SLPS]	0	434.452	49.103	0	323.457	0	0	
0	[SLPS]	0	434.452	49.103	0	323.457	0	0	
0	[SLPS]	0	433.933	49.812	0	323.445	0	0	
0	[SLPS]	0	433.933	49.812	0	323.445	0	0	
0	[SLPS]	0	433.668	50.173	0	323.436	0	0	
0	[SLPS]	0	433.405	50.529	0	323.418	0	0	
0	[SLPS]	0	433.405	50.529	0	323.418	0	0	
0	[SLPS]	0	432.882	51.235	0	323.390	0	0	
0	[SLPS]	0	432.882	51.235	0	323.390	0	0	
0	[SLPS]	0	432.620	51.593	0	323.388	0	0	
0	[SLPS]	0	432.356	51.951	0	323.387	0	0	
0	[SLPS]	0	432.094	52.307	0	323.388	0	0	
0	[SLPS]	0	431.827	52.663	0	323.385	0	0	
0	[SLPS]	0	431.827	52.663	0	323.385	0	0	
0	[SLPS]	0	431.562	53.019	0	323.376	0	0	
0	[SLPS]	0	431.298	53.379	0	323.369	0	0	
0	[SLPS]	0	431.034	53.737	0	323.356	0	0	
0	[SLPS]	0	430.774	54.096	0	323.347	0	0	
0	[SLPS]	0	430.774	54.096	0	323.347	0	0	
0	[SLPS]	0	430.247	54.810	0	323.315	0	0	
0	[SLPS]	0	430.247	54.810	0	323.315	0	0	
0	[SLPS]	0	429.983	55.167	0	323.297	0	0	
0	[SLPS]	0	429.718	55.516	0	323.271	0	0	
0	[SLPS]	0	429.718	55.516	0	323.271	0	0	
0	[SLPS]	0	429.185	56.233	0	323.214	0	0	
0	[SLPS]	0	429.185	56.233	0	323.214	0	0	
0	[SLPS]	0	428.920	56.591	0	323.179	0	0	
0	[SLPS]	0	428.654	56.950	0	323.145	0	0	
0	[SLPS]	0	428.654	56.950	0	323.145	0	0	
0	[SLPS]	0	428.119	57.668	0	323.069	0	0	
0	[SLPS]	0	428.119	57.668	0	323.069	0	0	
0	[SLPS]	0	427.852	58.027	0	323.018	0	0	
0	[SLPS]	0	427.587	58.382	0	322.977	0	0	
0	[SLPS]	0	427.323	58.734	0	322.943	0	0	
0	[SLPS]	0	427.051	59.097	0	322.915	0	0	
0	[SLPS]	0	427.051	59.097	0	322.915	0	0	
0	[SLPS]	0	426.519	59.810	0	322.872	0	0	
0	[SLPS]	0	426.519	59.810	0	322.872	0	0	
0	[SLPS]	0	426.249	60.170	0	322.861	0	0	
0	[SLPS]	0	425.978	60.526	0	322.850	0	0	
0	[SLPS]	0	425.978	60.526	0	322.850	0	0	
0	[SLPS]	0	425.434	61.233	0	322.836	0	0	
0	[SLPS]	0	425.434	61.233	0	322.836	0	0	
0	[SLPS]	0	425.170	61.595	0	322.833	0	0	
0	[SLPS]	0	424.894	61.947	0	322.818	0	0	
0	[SLPS]	0	424.894	61.947	0	322.818	0	0	
0	[SLPS]	0	424.357	62.667	0	322.804	0	0	
0	[SLPS]	0	424.357	62.667	0	322.804	0	0	
0	[SLPS]	0	424.082	63.022	0	322.790	0	0	
0	[SLPS]	0	423.804	63.381	0	322.775	0	0	
0	[SLPS]	0	423.804	63.381	0	322.775	0	0	
0	[SLPS]	0	423.263	64.090	0	322.761	0	0	
0	[SLPS]	0	423.263	64.090	0	322.761	0	0	
0	[SLPS]	0	422.999	64.451	0	322.763	0	0	
0	[SLPS]	0	422.726	64.803	0	322.751	0	0	
0	[SLPS]	0	422.455	65.159	0	322.739	0	0	
0	[SLPS]	0	422.193	65.512	0	322.734	0	0	
0	[SLPS]	0	422.193	65.512	0	322.734	0	0	
0	[SLPS]	0	421.647	66.233	0	322.704	0	0	
0	[SLPS]	0	421.647	66.233	0	322.704	0	0	
0	[SLPS]	0	421.377	66.589	0	322.688	0	0	
0	[SLPS]	0	421.114	66.946	0	322.678	0	0	
0	[SLPS]	0	421.114	66.946	0	322.678	0	0	
0	[SLPS]	0	420.846	67.304	0	322.666	0	0	
0	[SLPS]	0	420.573	67.660	0	322.649	0	0	
0	[SLPS]	0	420.303	68.017	0	322.639	0	0	
0	[SLPS]	0	420.037	68.379	0	322.633	0	0	
0	[SLPS]	0	420.037	68.379	0	322.633	0	0	
0	[SLPS]	0	419.766	68.737	0	322.622	0	0	
0	[SLPS]	0	419.494	69.093	0	322.613	0	0	
0	[SLPS]	0	419.225	69.449	0	322.604	0	0	
0	[SLPS]	0	418.957	69.807	0	322.598	0	0	
0	[SLPS]	0	418.957	69.807	0	322.598	0	0	
0	[SLPS]	0	418.694	70.168	0	322.599	0	0	
0	[SLPS]	0	418.427	70.524	0	322.584	0	0	
0	[SLPS]	0	418.427	70.524	0	322.584	0	0	
0	[SLPS]	0	417.889	71.236	0	322.563	0	0	
0	[SLPS]	0	417.889	71.236	0	322.563	0	0	
0	[SLPS]	0	417.620	71.591	0	322.555	0	0	
0	[SLPS]	0	417.351	71.945	0	322.548	0	0	
0	[SLPS]	0	417.082	72.300	0	322.542	0	0	
0	[SLPS]	0	416.816	72.654	0	322.538	0	0	
0	[SLPS]	0	416.816	72.654	0	322.538	0	0	
0	[SLPS]	0	416.271	73.366	0	322.516	0	0	
0	[SLPS]	0	416.271	73.366	0	322.516	0	0	
0	[SLPS]	0	416.002	73.720	0	322.506	0	0	
0	[SLPS]	0	415.730	74.068	0	322.497	0	0	
0	[SLPS]	0	415.730	74.068	0	322.497	0	0	
0	[SLPS]	0	415.181	74.786	0	322.487	0	0	
0	[SLPS]	0	415.181	74.786	0	322.487	0	0	
0	[SLPS]	0	414.911	75.140	0	322.479	0	0	
0	[SLPS]	0	414.648	75.490	0	322.476	0	0	
0	[SLPS]	0	414.648	75.490	0	322.476	0	0	
0	[SLPS]	0	414.102	76.198	0	322.445	0	0	
0	[SLPS]	0	414.102	76.198	0	322.445	0	0	
0	[SLPS]	0	413.833	76.550	0	322.437	0	0	
0	[SLPS]	0	413.566	76.906	0	322.431	0	0	
0	[SLPS]	0	413.566	76.906	0	322.431	0	0	
0	[SLPS]	0	413.018	77.614	0	322.416	0	0	
0	[SLPS]	0	413.018	77.614	0	322.416	0	0	
0	[SLPS]	0	412.748	77.968	0	322.404	0	0	
0	[SLPS]	0	412.479	78.322	0	322.397	0	0	
0	[SLPS]	0	412.479	78.322	0	322.397	0	0	
0	[SLPS]	0	411.935	79.029	0	322.374	0	0	
0	[SLPS]	0	411.935	79.029	0	322.374	0	0	
0	[SLPS]	0	411.664	79.382	0	322.368	0	0	
0	[SLPS]	0	411.400	79.737	0	322.361	0	0	
0	[SLPS]	0	411.130	80.088	0	322.351	0	0	
0	[SLPS]	0	410.867	80.446	0	322.355	0	0	
0	[SLPS]	0	410.867	80.446	0	322.355	0	0	
0	[SLPS]	0	410.598	80.800	0	322.349	0	0	
0	[SLPS]	0	410.321	81.146	0	322.333	0	0	
0	[SLPS]	0	410.047	81.493	0	322.318	0	0	
0	[SLPS]	0	409.781	81.850	0	322.312	0	0	
0	[SLPS]	0	409.781	81.850	0	322.312	0	0	
0	[SLPS]	0	409.511	82.202	0	322.302	0	0	
0	[SLPS]	0	409.245	82.557	0	322.297	0	0	
0	[SLPS]	0	408.975	82.911	0	322.289	0	0	
0	[SLPS]	0	408.705	83.263	0	322.277	0	0	
0	[SLPS]	0	408.705	83.263	0	322.277	0	0	
0	[SLPS]	0	408.165	83.962	0	322.257	0	0	
0	[SLPS]	0	408.165	83.962	0	322.257	0	0	
0	[SLPS]	0	407.894	84.313	0	322.245	0	0	
0	[SLPS]	0	407.620	84.661	0	322.225	0	0	
0	[SLPS]	0	407.620	84.661	0	322.225	0	0	
0	[SLPS]	0	407.082	85.364	0	322.212	0	0	
0	[SLPS]	0	407.082	85.364	0	322.212	0	0	
0	[SLPS]	0	406.806	85.716	0	322.203	0	0	
0	[SLPS]	0	406.535	86.071	0	322.200	0	0	
0	[SLPS]	0	406.535	86.071	0	322.200	0	0	
0	[SLPS]	0	405.987	86.779	0	322.186	0	0	
0	[SLPS]	0	405.987	86.779	0	322.186	0	0	
0	[SLPS]	0	405.716	87.132	0	322.180	0	0	
0	[SLPS]	0	405.448	87.485	0	322.169	0	0	
0	[SLPS]	0	405.448	87.485	0	322.169	0	0	
0	[SLPS]	0	404.904	88.182	0	322.148	0	0	
0	[SLPS]	0	404.904	88.182	0	322.148	0	0	
0	[SLPS]	0	404.637	88.535	0	322.143	0	0	
0	[SLPS]	0	404.370	88.888	0	322.138	0	0	
0	[SLPS]	0	404.370	88.888	0	322.138	0	0	
0	[SLPS]	0	403.831	89.581	0	322.112	0	0	
0	[SLPS]	0	403.831	89.581	0	322.112	0	0	
0	[SLPS]	0	403.568	89.930	0	322.107	0	0	
0	[SLPS]	0	403.296	90.275	0	322.094	0	0	
0	[SLPS]	0	403.296	90.275	0	322.094	0	0	
0	[SLPS]	0	402.759	90.960	0	322.069	0	0	
0	[SLPS]	0	402.759	90.960	0	322.069	0	0	
0	[SLPS]	0	402.232	91.652	0	322.061	0	0	
0	[SLPS]	0	402.232	91.652	0	322.061	0	0	
0	[SLPS]	0	401.965	91.991	0	322.053	0	0	
0	[SLPS]	0	401.698	92.332	0	322.046	0	0	
0	[SLPS]	0	401.698	92.332	0	322.046	0	0	
0	[SLPS]	0	401.435	92.675	0	322.031	0	0	
0	[SLPS]	0	401.168	93.018	0	322.020	0	0	
0	[SLPS]	0	400.905	93.358	0	322.013	0	0	
0	[SLPS]	0	400.649	93.701	0	322.016	0	0	
0	[SLPS]	0	400.649	93.701	0	322.016	0	0	
0	[SLPS]	0	400.125	94.379	0	321.997	0	0	
0	[SLPS]	0	400.125	94.379	0	321.997	0	0	
0	[SLPS]	0	399.864	94.716	0	321.991	0	0	
0	[SLPS]	0	399.603	95.054	0	321.981	0	0	
0	[SLPS]	0	399.603	95.054	0	321.981	0	0	
0	[SLPS]	0	399.084	95.728	0	321.973	0	0	
0	[SLPS]	0	399.084	95.728	0	321.973	0	0	
0	[SLPS]	0	398.825	96.063	0	321.970	0	0	
0	[SLPS]	0	398.562	96.392	0	321.961	0	0	
0	[SLPS]	0	398.562	96.392	0	321.961	0	0	
0	[SLPS]	0	398.040	97.057	0	321.957	0	0	
0	[SLPS]	0	398.040	97.057	0	321.957	0	0	
0	[SLPS]	0	397.782	97.390	0	321.968	0	0	
0	[SLPS]	0	397.526	97.721	0	321.982	0	0	
0	[SLPS]	0	397.526	97.721	0	321.982	0	0	
0	[SLPS]	0	397.002	98.395	0	321.996	0	0	
0	[SLPS]	0	397.002	98.395	0	321.996	0	0	
0	[SLPS]	0	396.746	98.725	0	322.008	0	0	
0	[SLPS]	0	396.495	99.056	0	322.014	0	0	
0	[SLPS]	0	396.241	99.386	0	322.028	0	0	
0	[SLPS]	0	395.982	99.712	0	322.031	0	0	
0	[SLPS]	0	395.982	99.712	0	322.031	0	0	
0	[SLPS]	0	395.488	100.362	0	322.053	0	0	
0	[SLPS]	0	395.488	100.362	0	322.053	0	0	
0	[SLPS]	0	395.239	100.690	0	322.062	0	0	
0	[SLPS]	0	394.987	101.016	0	322.073	0	0	
0	[SLPS]	0	394.987	101.016	0	322.073	0	0	
0	[SLPS]	0	394.738	101.340	0	322.086	0	0	
0	[SLPS]	0	394.495	101.662	0	322.097	0	0	
0	[SLPS]	0	394.245	101.984	0	322.106	0	0	
0	[SLPS]	0	393.997	102.304	0	322.116	0	0	
0	[SLPS]	0	393.997	102.304	0	322.116	0	0	
0	[SLPS]	0	393.506	102.936	0	322.122	0	0	
0	[SLPS]	0	393.506	102.936	0	322.122	0	0	
0	[SLPS]	0	393.260	103.257	0	322.124	0	0	
0	[SLPS]	0	393.016	103.578	0	322.128	0	0	
0	[SLPS]	0	393.016	103.578	0	322.128	0	0	
0	[SLPS]	0	392.522	104.212	0	322.161	0	0	
0	[SLPS]	0	392.522	104.212	0	322.161	0	0	
0	[SLPS]	0	392.280	104.531	0	322.184	0	0	
0	[SLPS]	0	392.033	104.848	0	322.197	0	0	
0	[SLPS]	0	392.033	104.848	0	322.197	0	0	
0	[SLPS]	0	391.547	105.471	0	322.222	0	0	
0	[SLPS]	0	391.547	105.471	0	322.222	0	0	
0	[SLPS]	0	391.307	105.788	0	322.238	0	0	
0	[SLPS]	0	391.065	106.103	0	322.264	0	0	
0	[SLPS]	0	391.065	106.103	0	322.264	0	0	
0	[SLPS]	0	390.586	106.728	0	322.369	0	0	
0	[SLPS]	0	390.586	106.728	0	322.369	0	0	
0	[SLPS]	0	390.348	107.043	0	322.449	0	0	
0	[SLPS]	0	390.113	107.355	0	322.538	0	0	
0	[SLPS]	0	390.113	107.355	0	322.538	0	0	
0	[SLPS]	0	389.645	107.972	0	322.772	0	0	
0	[SLPS]	0	389.645	107.972	0	322.772	0	0	
0	[SLPS]	0	389.411	108.281	0	322.932	0	0	
0	[SLPS]	0	389.180	108.594	0	323.117	0	0	
0	[SLPS]	0	389.180	108.594	0	323.117	0	0	
0	[SLPS]	0	388.717	109.226	0	323.557	0	0	
0	[SLPS]	0	388.717	109.226	0	323.557	0	0	
0	[SLPS]	0	388.493	109.540	0	323.787	0	0	
0	[SLPS]	0	388.274	109.858	0	324.019	0	0	
0	[SLPS]	0	388.274	109.858	0	324.019	0	0	
0	[SLPS]	0	387.837	110.488	0	324.501	0	0	
0	[SLPS]	0	387.837	110.488	0	324.501	0	0	
0	[SLPS]	0	387.620	110.804	0	324.736	0	0	
0	[SLPS]	0	387.409	111.119	0	324.972	0	0	
0	[SLPS]	0	387.409	111.119	0	324.972	0	0	
0	[SLPS]	0	386.992	111.748	0	325.407	0	0	
0	[SLPS]	0	386.992	111.748	0	325.407	0	0	
0	[SLPS]	0	386.786	112.061	0	325.624	0	0	
0	[SLPS]	0	386.580	112.377	0	325.847	0	0	
0	[SLPS]	0	386.580	112.377	0	325.847	0	0	
0	[SLPS]	0	386.172	112.998	0	326.274	0	0	
0	[SLPS]	0	386.172	112.998	0	326.274	0	0	
0	[SLPS]	0	385.971	113.314	0	326.482	0	0	
0	[SLPS]	0	385.770	113.627	0	326.681	0	0	
0	[SLPS]	0	385.770	113.627	0	326.681	0	0	
0	[SLPS]	0	385.375	114.258	0	327.084	0	0	
0	[SLPS]	0	385.375	114.258	0	327.084	0	0	
0	[SLPS]	0	384.983	114.887	0	327.446	0	0	
0	[SLPS]	0	384.983	114.887	0	327.446	0	0	
0	[SLPS]	0	384.790	115.201	0	327.612	0	0	
0	[SLPS]	0	384.595	115.510	0	327.767	0	0	
0	[SLPS]	0	384.595	115.510	0	327.767	0	0	
0	[SLPS]	0	384.217	116.141	0	328.061	0	0	
0	[SLPS]	0	384.217	116.141	0	328.061	0	0	
0	[SLPS]	0	384.028	116.449	0	328.198	0	0	
0	[SLPS]	0	383.839	116.764	0	328.325	0	0	
0	[SLPS]	0	383.839	116.764	0	328.325	0	0	
0	[SLPS]	0	383.467	117.387	0	328.556	0	0	
0	[SLPS]	0	383.467	117.387	0	328.556	0	0	
0	[SLPS]	0	383.284	117.697	0	328.663	0	0	
0	[SLPS]	0	383.101	118.007	0	328.766	0	0	
0	[SLPS]	0	383.101	118.007	0	328.766	0	0	
0	[SLPS]	0	382.740	118.623	0	328.945	0	0	
0	[SLPS]	0	382.740	118.623	0	328.945	0	0	
0	[SLPS]	0	382.561	118.931	0	329.020	0	0	
0	[SLPS]	0	382.382	119.231	0	329.093	0	0	
0	[SLPS]	0	382.382	119.231	0	329.093	0	0	
0	[SLPS]	0	382.022	119.841	0	329.247	0	0	
0	[SLPS]	0	382.022	119.841	0	329.247	0	0	
0	[SLPS]	0	381.842	120.152	0	329.330	0	0	
0	[SLPS]	0	381.665	120.448	0	329.405	0	0	
0	[SLPS]	0	381.665	120.448	0	329.405	0	0	
0	[SLPS]	0	381.311	121.049	0	329.550	0	0	
0	[SLPS]	0	381.311	121.049	0	329.550	0	0	
0	[SLPS]	0	381.138	121.348	0	329.629	0	0	
0	[SLPS]	0	380.971	121.646	0	329.707	0	0	
0	[SLPS]	0	380.802	121.944	0	329.785	0	0	
0	[SLPS]	0	380.629	122.245	0	329.855	0	0	
0	[SLPS]	0	380.629	122.245	0	329.855	0	0	
0	[SLPS]	0	380.295	122.832	0	329.955	0	0	
0	[SLPS]	0	380.295	122.832	0	329.955	0	0	
0	[SLPS]	0	380.125	123.129	0	329.985	0	0	
0	[SLPS]	0	379.957	123.428	0	329.998	0	0	
0	[SLPS]	0	379.957	123.428	0	329.998	0	0	
0	[SLPS]	0	379.620	124.012	0	329.975	0	0	
0	[SLPS]	0	379.620	124.012	0	329.975	0	0	
0	[SLPS]	0	379.449	124.308	0	329.940	0	0	
0	[SLPS]	0	379.280	124.605	0	329.892	0	0	
0	[SLPS]	0	379.280	124.605	0	329.892	0	0	
0	[SLPS]	0	378.938	125.194	0	329.776	0	0	
0	[SLPS]	0	378.938	125.194	0	329.776	0	0	
0	[SLPS]	0	378.769	125.489	0	329.696	0	0	
0	[SLPS]	0	378.596	125.782	0	329.612	0	0	
0	[SLPS]	0	378.596	125.782	0	329.612	0	0	
0	[SLPS]	0	378.252	126.365	0	329.412	0	0	
0	[SLPS]	0	378.252	126.365	0	329.412	0	0	
0	[SLPS]	0	378.077	126.656	0	329.298	0	0	
0	[SLPS]	0	377.902	126.948	0	329.181	0	0	
0	[SLPS]	0	377.902	126.948	0	329.181	0	0	
0	[SLPS]	0	377.554	127.526	0	328.920	0	0	
0	[SLPS]	0	377.554	127.526	0	328.920	0	0	
0	[SLPS]	0	377.380	127.810	0	328.770	0	0	
0	[SLPS]	0	377.202	128.095	0	328.612	0	0	
0	[SLPS]	0	377.202	128.095	0	328.612	0	0	
0	[SLPS]	0	376.850	128.667	0	328.282	0	0	
0	[SLPS]	0	376.850	128.667	0	328.282	0	0	
0	[SLPS]	0	376.670	128.947	0	328.118	0	0	
0	[SLPS]	0	376.490	129.229	0	327.959	0	0	
0	[SLPS]	0	376.490	129.229	0	327.959	0	0	
0	[SLPS]	0	376.130	129.787	0	327.635	0	0	
0	[SLPS]	0	376.130	129.787	0	327.635	0	0	
0	[SLPS]	0	375.943	130.067	0	327.470	0	0	
0	[SLPS]	0	375.768	130.346	0	327.309	0	0	
0	[SLPS]	0	375.768	130.346	0	327.309	0	0	
0	[SLPS]	0	375.397	130.887	0	326.978	0	0	
0	[SLPS]	0	375.397	130.887	0	326.978	0	0	
0	[SLPS]	0	375.221	131.169	0	326.812	0	0	
0	[SLPS]	0	375.042	131.447	0	326.645	0	0	
0	[SLPS]	0	375.042	131.447	0	326.645	0	0	
0	[SLPS]	0	374.671	131.989	0	326.328	0	0	
0	[SLPS]	0	374.671	131.989	0	326.328	0	0	
0	[SLPS]	0	374.493	132.269	0	326.172	0	0	
0	[SLPS]	0	374.304	132.541	0	326.014	0	0	
0	[SLPS]	0	374.304	132.541	0	326.014	0	0	
0	[SLPS]	0	373.935	133.094	0	325.695	0	0	
0	[SLPS]	0	373.935	133.094	0	325.695	0	0	
0	[SLPS]	0	373.752	133.368	0	325.530	0	0	
0	[SLPS]	0	373.563	133.641	0	325.379	0	0	
0	[SLPS]	0	373.563	133.641	0	325.379	0	0	
0	[SLPS]	0	373.181	134.183	0	325.141	0	0	
0	[SLPS]	0	373.181	134.183	0	325.141	0	0	
0	[SLPS]	0	372.992	134.457	0	325.050	0	0	
0	[SLPS]	0	372.801	134.726	0	324.980	0	0	
0	[SLPS]	0	372.801	134.726	0	324.980	0	0	
0	[SLPS]	0	372.419	135.267	0	324.856	0	0	
0	[SLPS]	0	372.419	135.267	0	324.856	0	0	
0	[SLPS]	0	372.222	135.540	0	324.805	0	0	
0	[SLPS]	0	372.040	135.807	0	324.747	0	0	
0	[SLPS]	0	372.040	135.807	0	324.747	0	0	
0	[SLPS]	0	371.662	136.347	0	324.626	0	0	
0	[SLPS]	0	371.662	136.347	0	324.626	0	0	
0	[SLPS]	0	371.468	136.613	0	324.555	0	0	
0	[SLPS]	0	371.285	136.883	0	324.480	0	0	
0	[SLPS]	0	371.285	136.883	0	324.480	0	0	
0	[SLPS]	0	370.904	137.414	0	324.319	0	0	
0	[SLPS]	0	370.904	137.414	0	324.319	0	0	
0	[SLPS]	0	370.718	137.681	0	324.234	0	0	
0	[SLPS]	0	370.534	137.943	0	324.149	0	0	
0	[SLPS]	0	370.534	137.943	0	324.149	0	0	
0	[SLPS]	0	370.154	138.467	0	323.964	0	0	
0	[SLPS]	0	370.154	138.467	0	323.964	0	0	
0	[SLPS]	0	369.958	138.733	0	323.871	0	0	
0	[SLPS]	0	369.767	138.993	0	323.785	0	0	
0	[SLPS]	0	369.767	138.993	0	323.785	0	0	
0	[SLPS]	0	369.385	139.522	0	323.608	0	0	
0	[SLPS]	0	369.385	139.522	0	323.608	0	0	
0	[SLPS]	0	369.185	139.785	0	323.515	0	0	
0	[SLPS]	0	368.995	140.046	0	323.422	0	0	
0	[SLPS]	0	368.803	140.306	0	323.326	0	0	
0	[SLPS]	0	368.608	140.563	0	323.238	0	0	
0	[SLPS]	0	368.608	140.563	0	323.238	0	0	
0	[SLPS]	0	368.406	140.821	0	323.154	0	0	
0	[SLPS]	0	368.218	141.083	0	323.063	0	0	
0	[SLPS]	0	368.025	141.340	0	322.966	0	0	
0	[SLPS]	0	367.823	141.592	0	322.875	0	0	
0	[SLPS]	0	367.823	141.592	0	322.875	0	0	
0	[SLPS]	0	367.431	142.104	0	322.683	0	0	
0	[SLPS]	0	367.431	142.104	0	322.683	0	0	
0	[SLPS]	0	367.236	142.359	0	322.593	0	0	
0	[SLPS]	0	367.051	142.611	0	322.506	0	0	
0	[SLPS]	0	367.051	142.611	0	322.506	0	0	
0	[SLPS]	0	366.655	143.116	0	322.326	0	0	
0	[SLPS]	0	366.655	143.116	0	322.326	0	0	
0	[SLPS]	0	366.460	143.368	0	322.238	0	0	
0	[SLPS]	0	366.267	143.622	0	322.152	0	0	
0	[SLPS]	0	366.267	143.622	0	322.152	0	0	
0	[SLPS]	0	365.876	144.130	0	321.959	0	0	
0	[SLPS]	0	365.876	144.130	0	321.959	0	0	
0	[SLPS]	0	365.679	144.383	0	321.871	0	0	
0	[SLPS]	0	365.477	144.630	0	321.779	0	0	
0	[SLPS]	0	365.477	144.630	0	321.779	0	0	
0	[SLPS]	0	365.076	145.129	0	321.598	0	0	
0	[SLPS]	0	365.076	145.129	0	321.598	0	0	
0	[SLPS]	0	364.877	145.378	0	321.498	0	0	
0	[SLPS]	0	364.677	145.624	0	321.409	0	0	
0	[SLPS]	0	364.481	145.876	0	321.318	0	0	
0	[SLPS]	0	364.283	146.125	0	321.234	0	0	
0	[SLPS]	0	364.283	146.125	0	321.234	0	0	
0	[SLPS]	0	363.876	146.610	0	321.094	0	0	
0	[SLPS]	0	363.876	146.610	0	321.094	0	0	
0	[SLPS]	0	363.679	146.852	0	321.026	0	0	
0	[SLPS]	0	363.476	147.094	0	320.961	0	0	
0	[SLPS]	0	363.476	147.094	0	320.961	0	0	
0	[SLPS]	0	363.086	147.576	0	320.874	0	0	
0	[SLPS]	0	363.086	147.576	0	320.874	0	0	
0	[SLPS]	0	362.884	147.814	0	320.831	0	0	
0	[SLPS]	0	362.691	148.059	0	320.814	0	0	
0	[SLPS]	0	362.691	148.059	0	320.814	0	0	
0	[SLPS]	0	362.318	148.533	0	320.793	0	0	
0	[SLPS]	0	362.318	148.533	0	320.793	0	0	
0	[SLPS]	0	362.125	148.770	0	320.772	0	0	
0	[SLPS]	0	361.941	149.008	0	320.769	0	0	
0	[SLPS]	0	361.941	149.008	0	320.769	0	0	
0	[SLPS]	0	361.567	149.482	0	320.792	0	0	
0	[SLPS]	0	361.567	149.482	0	320.792	0	0	
0	[SLPS]	0	361.383	149.720	0	320.829	0	0	
0	[SLPS]	0	361.194	149.949	0	320.854	0	0	
0	[SLPS]	0	361.194	149.949	0	320.854	0	0	
0	[SLPS]	0	360.820	150.406	0	320.900	0	0	
0	[SLPS]	0	360.820	150.406	0	320.900	0	0	
0	[SLPS]	0	360.634	150.642	0	320.931	0	0	
0	[SLPS]	0	360.450	150.872	0	320.963	0	0	
0	[SLPS]	0	360.450	150.872	0	320.963	0	0	
0	[SLPS]	0	360.082	151.336	0	321.044	0	0	
0	[SLPS]	0	360.082	151.336	0	321.044	0	0	
0	[SLPS]	0	359.896	151.564	0	321.083	0	0	
0	[SLPS]	0	359.716	151.792	0	321.117	0	0	
0	[SLPS]	0	359.716	151.792	0	321.117	0	0	
0	[SLPS]	0	359.361	152.243	0	321.169	0	0	
0	[SLPS]	0	359.361	152.243	0	321.169	0	0	
0	[SLPS]	0	359.178	152.470	0	321.183	0	0	
0	[SLPS]	0	358.996	152.692	0	321.200	0	0	
0	[SLPS]	0	358.818	152.915	0	321.229	0	0	
0	[SLPS]	0	358.643	153.137	0	321.253	0	0	
0	[SLPS]	0	358.643	153.137	0	321.253	0	0	
0	[SLPS]	0	358.290	153.583	0	321.282	0	0	
0	[SLPS]	0	358.290	153.583	0	321.282	0	0	
0	[SLPS]	0	358.123	153.806	0	321.303	0	0	
0	[SLPS]	0	357.945	154.017	0	321.301	0	0	
0	[SLPS]	0	357.945	154.017	0	321.301	0	0	
0	[SLPS]	0	357.594	154.448	0	321.306	0	0	
0	[SLPS]	0	357.594	154.448	0	321.306	0	0	
0	[SLPS]	0	357.429	154.667	0	321.321	0	0	
0	[SLPS]	0	357.256	154.881	0	321.325	0	0	
0	[SLPS]	0	357.256	154.881	0	321.325	0	0	
0	[SLPS]	0	356.911	155.309	0	321.319	0	0	
0	[SLPS]	0	356.911	155.309	0	321.319	0	0	
0	[SLPS]	0	356.741	155.520	0	321.320	0	0	
0	[SLPS]	0	356.573	155.736	0	321.323	0	0	
0	[SLPS]	0	356.573	155.736	0	321.323	0	0	
0	[SLPS]	0	356.240	156.156	0	321.320	0	0	
0	[SLPS]	0	356.240	156.156	0	321.320	0	0	
0	[SLPS]	0	356.075	156.365	0	321.312	0	0	
0	[SLPS]	0	355.899	156.574	0	321.300	0	0	
0	[SLPS]	0	355.899	156.574	0	321.300	0	0	
0	[SLPS]	0	355.586	156.997	0	321.332	0	0	
0	[SLPS]	0	355.586	156.997	0	321.332	0	0	
0	[SLPS]	0	355.424	157.204	0	321.348	0	0	
0	[SLPS]	0	355.271	157.412	0	321.385	0	0	
0	[SLPS]	0	355.271	157.412	0	321.385	0	0	
0	[SLPS]	0	354.941	157.818	0	321.461	0	0	
0	[SLPS]	0	354.941	157.818	0	321.461	0	0	
0	[SLPS]	0	354.781	158.021	0	321.529	0	0	
0	[SLPS]	0	354.626	158.220	0	321.608	0	0	
0	[SLPS]	0	354.626	158.220	0	321.608	0	0	
0	[SLPS]	0	354.306	158.618	0	321.804	0	0	
0	[SLPS]	0	354.306	158.618	0	321.804	0	0	
0	[SLPS]	0	354.151	158.817	0	321.919	0	0	
0	[SLPS]	0	353.988	159.016	0	322.043	0	0	
0	[SLPS]	0	353.988	159.016	0	322.043	0	0	
0	[SLPS]	0	353.679	159.413	0	322.322	0	0	
0	[SLPS]	0	353.679	159.413	0	322.322	0	0	
0	[SLPS]	0	353.526	159.610	0	322.484	0	0	
0	[SLPS]	0	353.388	159.816	0	322.661	0	0	
0	[SLPS]	0	353.252	160.020	0	322.843	0	0	
0	[SLPS]	0	353.107	160.214	0	323.055	0	0	
0	[SLPS]	0	353.107	160.214	0	323.055	0	0	
0	[SLPS]	0	352.834	160.615	0	323.521	0	0	
0	[SLPS]	0	352.834	160.615	0	323.521	0	0	
0	[SLPS]	0	352.695	160.814	0	323.774	0	0	
0	[SLPS]	0	352.566	161.008	0	324.039	0	0	
0	[SLPS]	0	352.566	161.008	0	324.039	0	0	
0	[SLPS]	0	352.293	161.386	0	324.647	0	0	
0	[SLPS]	0	352.293	161.386	0	324.647	0	0	
0	[SLPS]	0	352.165	161.578	0	324.978	0	0	
0	[SLPS]	0	352.042	161.769	0	325.317	0	0	
0	[SLPS]	0	352.042	161.769	0	325.317	0	0	
0	[SLPS]	0	351.781	162.154	0	326.069	0	0	
0	[SLPS]	0	351.781	162.154	0	326.069	0	0	
0	[SLPS]	0	351.666	162.345	0	326.482	0	0	
0	[SLPS]	0	351.540	162.539	0	326.920	0	0	
0	[SLPS]	0	351.540	162.539	0	326.920	0	0	
0	[SLPS]	0	351.313	162.925	0	327.774	0	0	
0	[SLPS]	0	351.313	162.925	0	327.774	0	0	
0	[SLPS]	0	351.202	163.119	0	328.203	0	0	
0	[SLPS]	0	351.094	163.307	0	328.639	0	0	
0	[SLPS]	0	351.094	163.307	0	328.639	0	0	
0	[SLPS]	0	350.883	163.699	0	329.545	0	0	
0	[SLPS]	0	350.883	163.699	0	329.545	0	0	
0	[SLPS]	0	350.779	163.892	0	330.014	0	0	
0	[SLPS]	0	350.672	164.090	0	330.492	0	0	
0	[SLPS]	0	350.672	164.090	0	330.492	0	0	
0	[SLPS]	0	350.477	164.484	0	331.494	0	0	
0	[SLPS]	0	350.477	164.484	0	331.494	0	0	
0	[SLPS]	0	350.376	164.676	0	332.005	0	0	
0	[SLPS]	0	350.279	164.883	0	332.534	0	0	
0	[SLPS]	0	350.186	165.081	0	333.075	0	0	
0	[SLPS]	0	350.093	165.278	0	333.629	0	0	
0	[SLPS]	0	350.093	165.278	0	333.629	0	0	
0	[SLPS]	0	350.005	165.473	0	334.199	0	0	
0	[SLPS]	0	349.922	165.673	0	334.781	0	0	
0	[SLPS]	0	349.838	165.872	0	335.374	0	0	
0	[SLPS]	0	349.752	166.075	0	335.967	0	0	
0	[SLPS]	0	349.752	166.075	0	335.967	0	0	
0	[SLPS]	0	349.672	166.279	0	336.556	0	0	
0	[SLPS]	0	349.592	166.480	0	337.136	0	0	
0	[SLPS]	0	349.522	166.688	0	337.719	0	0	
0	[SLPS]	0	349.447	166.885	0	338.321	0	0	
0	[SLPS]	0	349.447	166.885	0	338.321	0	0	
0	[SLPS]	0	349.316	167.301	0	339.587	0	0	
0	[SLPS]	0	349.316	167.301	0	339.587	0	0	
0	[SLPS]	0	349.251	167.506	0	340.242	0	0	
0	[SLPS]	0	349.183	167.703	0	340.905	0	0	
0	[SLPS]	0	349.183	167.703	0	340.905	0	0	
0	[SLPS]	0	349.061	168.113	0	342.275	0	0	
0	[SLPS]	0	349.061	168.113	0	342.275	0	0	
0	[SLPS]	0	349.005	168.318	0	342.986	0	0	
0	[SLPS]	0	348.954	168.524	0	343.718	0	0	
0	[SLPS]	0	348.954	168.524	0	343.718	0	0	
0	[SLPS]	0	348.859	168.936	0	345.188	0	0	
0	[SLPS]	0	348.859	168.936	0	345.188	0	0	
0	[SLPS]	0	348.815	169.143	0	345.922	0	0	
0	[SLPS]	0	348.783	169.346	0	346.655	0	0	
0	[SLPS]	0	348.783	169.346	0	346.655	0	0	
0	[SLPS]	0	348.714	169.775	0	348.140	0	0	
0	[SLPS]	0	348.714	169.775	0	348.140	0	0	
0	[SLPS]	0	348.657	170.199	0	349.623	0	0	
0	[SLPS]	0	348.657	170.199	0	349.623	0	0	
0	[SLPS]	0	348.631	170.409	0	350.357	0	0	
0	[SLPS]	0	348.611	170.628	0	351.082	0	0	
0	[SLPS]	0	348.611	170.628	0	351.082	0	0	
0	[SLPS]	0	348.573	171.052	0	352.532	0	0	
0	[SLPS]	0	348.573	171.052	0	352.532	0	0	
0	[SLPS]	0	348.561	171.269	0	353.264	0	0	
0	[SLPS]	0	348.546	171.481	0	353.999	0	0	
0	[SLPS]	0	348.546	171.481	0	353.999	0	0	
0	[SLPS]	0	348.527	171.898	0	355.473	0	0	
0	[SLPS]	0	348.527	171.898	0	355.473	0	0	
0	[SLPS]	0	348.525	172.110	0	356.203	0	0	
0	[SLPS]	0	348.527	172.324	0	356.945	0	0	
0	[SLPS]	0	348.527	172.324	0	356.945	0	0	
0	[SLPS]	0	348.528	172.737	0	358.447	0	0	
0	[SLPS]	0	348.528	172.737	0	358.447	0	0	
0	[SLPS]	0	348.528	172.942	0	359.180	0	0	
0	[SLPS]	0	348.537	173.154	0	359.904	0	0	
0	[SLPS]	0	348.537	173.154	0	359.904	0	0	
0	[SLPS]	0	348.552	173.566	0	1.380	0	0	
0	[SLPS]	0	348.552	173.566	0	1.380	0	0	
0	[SLPS]	0	348.568	173.774	0	2.130	0	0	
0	[SLPS]	0	348.589	173.980	0	2.892	0	0	
0	[SLPS]	0	348.589	173.980	0	2.892	0	0	
0	[SLPS]	0	348.642	174.386	0	4.435	0	0	
0	[SLPS]	0	348.642	174.386	0	4.435	0	0	
0	[SLPS]	0	348.663	174.600	0	5.231	0	0	
0	[SLPS]	0	348.697	174.802	0	6.047	0	0	
0	[SLPS]	0	348.729	175.006	0	6.886	0	0	
0	[SLPS]	0	348.764	175.211	0	7.732	0	0	
0	[SLPS]	0	348.764	175.211	0	7.732	0	0	
0	[SLPS]	0	348.795	175.414	0	8.567	0	0	
0	[SLPS]	0	348.840	175.614	0	9.372	0	0	
0	[SLPS]	0	348.883	175.816	0	10.172	0	0	
0	[SLPS]	0	348.933	176.019	0	10.972	0	0	
0	[SLPS]	0	348.933	176.019	0	10.972	0	0	
0	[SLPS]	0	349.046	176.422	0	12.570	0	0	
0	[SLPS]	0	349.046	176.422	0	12.570	0	0	
0	[SLPS]	0	349.105	176.625	0	13.389	0	0	
0	[SLPS]	0	349.166	176.819	0	14.195	0	0	
0	[SLPS]	0	349.166	176.819	0	14.195	0	0	
0	[SLPS]	0	349.291	177.207	0	15.786	0	0	
0	[SLPS]	0	349.291	177.207	0	15.786	0	0	
0	[SLPS]	0	349.359	177.401	0	16.577	0	0	
0	[SLPS]	0	349.434	177.591	0	17.375	0	0	
0	[SLPS]	0	349.434	177.591	0	17.375	0	0	
0	[SLPS]	0	349.574	177.971	0	18.976	0	0	
0	[SLPS]	0	349.574	177.971	0	18.976	0	0	
0	[SLPS]	0	349.651	178.161	0	19.775	0	0	
0	[SLPS]	0	349.738	178.342	0	20.566	0	0	
0	[SLPS]	0	349.738	178.342	0	20.566	0	0	
0	[SLPS]	0	349.829	178.531	0	21.343	0	0	
0	[SLPS]	0	349.915	178.720	0	22.100	0	0	
0	[SLPS]	0	349.915	178.720	0	22.100	0	0	
0	[SLPS]	0	350.096	179.098	0	23.563	0	0	
0	[SLPS]	0	350.096	179.098	0	23.563	0	0	
0	[SLPS]	0	350.185	179.278	0	24.287	0	0	
0	[SLPS]	0	350.290	179.473	0	25.009	0	0	
0	[SLPS]	0	350.290	179.473	0	25.009	0	0	
0	[SLPS]	0	350.483	179.847	0	26.448	0	0	
0	[SLPS]	0	350.483	179.847	0	26.448	0	0	
0	[SLPS]	0	350.586	180.027	0	27.177	0	0	
0	[SLPS]	0	350.697	180.219	0	27.926	0	0	
0	[SLPS]	0	350.697	180.219	0	27.926	0	0	
0	[SLPS]	0	350.912	180.580	0	29.419	0	0	
0	[SLPS]	0	350.912	180.580	0	29.419	0	0	
0	[SLPS]	0	351.029	180.764	0	30.160	0	0	
0	[SLPS]	0	351.151	180.942	0	30.897	0	0	
0	[SLPS]	0	351.151	180.942	0	30.897	0	0	
0	[SLPS]	0	351.386	181.293	0	32.377	0	0	
0	[SLPS]	0	351.386	181.293	0	32.377	0	0	
0	[SLPS]	0	351.507	181.468	0	33.129	0	0	
0	[SLPS]	0	351.638	181.645	0	33.876	0	0	
0	[SLPS]	0	351.767	181.819	0	34.631	0	0	
0	[SLPS]	0	351.894	181.988	0	35.395	0	0	
0	[SLPS]	0	351.894	181.988	0	35.395	0	0	
0	[SLPS]	0	352.021	182.156	0	36.157	0	0	
0	[SLPS]	0	352.170	182.323	0	36.919	0	0	
0	[SLPS]	0	352.311	182.490	0	37.686	0	0	
0	[SLPS]	0	352.444	182.653	0	38.466	0	0	
0	[SLPS]	0	352.444	182.653	0	38.466	0	0	
0	[SLPS]	0	352.741	182.981	0	40.072	0	0	
0	[SLPS]	0	352.741	182.981	0	40.072	0	0	
0	[SLPS]	0	352.892	183.143	0	40.885	0	0	
0	[SLPS]	0	353.049	183.301	0	41.690	0	0	
0	[SLPS]	0	353.049	183.301	0	41.690	0	0	
0	[SLPS]	0	353.365	183.623	0	43.275	0	0	
0	[SLPS]	0	353.365	183.623	0	43.275	0	0	
0	[SLPS]	0	353.528	183.779	0	44.052	0	0	
0	[SLPS]	0	353.703	183.931	0	44.819	0	0	
0	[SLPS]	0	353.703	183.931	0	44.819	0	0	
0	[SLPS]	0	354.051	184.234	0	46.332	0	0	
0	[SLPS]	0	354.051	184.234	0	46.332	0	0	
0	[SLPS]	0	354.408	184.526	0	47.819	0	0	
0	[SLPS]	0	354.408	184.526	0	47.819	0	0	
0	[SLPS]	0	354.593	184.675	0	48.534	0	0	
0	[SLPS]	0	354.777	184.816	0	49.233	0	0	
0	[SLPS]	0	354.777	184.816	0	49.233	0	0	
0	[SLPS]	0	355.135	185.107	0	50.598	0	0	
0	[SLPS]	0	355.135	185.107	0	50.598	0	0	
0	[SLPS]	0	355.326	185.250	0	51.269	0	0	
0	[SLPS]	0	355.508	185.392	0	51.928	0	0	
0	[SLPS]	0	355.508	185.392	0	51.928	0	0	
0	[SLPS]	0	355.897	185.673	0	53.213	0	0	
0	[SLPS]	0	355.897	185.673	0	53.213	0	0	
0	[SLPS]	0	356.085	185.810	0	53.841	0	0	
0	[SLPS]	0	356.292	185.937	0	54.447	0	0	
0	[SLPS]	0	356.494	186.069	0	55.025	0	0	
0	[SLPS]	0	356.681	186.209	0	55.576	0	0	
0	[SLPS]	0	356.681	186.209	0	55.576	0	0	
0	[SLPS]	0	357.078	186.482	0	56.638	0	0	
0	[SLPS]	0	357.078	186.482	0	56.638	0	0	
0	[SLPS]	0	357.282	186.612	0	57.125	0	0	
0	[SLPS]	0	357.492	186.745	0	57.575	0	0	
0	[SLPS]	0	357.492	186.745	0	57.575	0	0	
0	[SLPS]	0	357.919	186.997	0	58.383	0	0	
0	[SLPS]	0	357.919	186.997	0	58.383	0	0	
0	[SLPS]	0	358.133	187.122	0	58.742	0	0	
0	[SLPS]	0	358.361	187.241	0	59.065	0	0	
0	[SLPS]	0	358.361	187.241	0	59.065	0	0	
0	[SLPS]	0	358.807	187.477	0	59.564	0	0	
0	[SLPS]	0	358.807	187.477	0	59.564	0	0	
0	[SLPS]	0	359.033	187.578	0	59.759	0	0	
0	[SLPS]	0	359.273	187.695	0	59.934	0	0	
0	[SLPS]	0	359.273	187.695	0	59.934	0	0	
0	[SLPS]	0	359.719	187.929	0	60.238	0	0	
0	[SLPS]	0	359.719	187.929	0	60.238	0	0	
0	[SLPS]	0	359.942	188.055	0	60.371	0	0	
0	[SLPS]	0	360.172	188.174	0	60.488	0	0	
0	[SLPS]	0	360.172	188.174	0	60.488	0	0	
0	[SLPS]	0	360.628	188.424	0	60.656	0	0	
0	[SLPS]	0	360.628	188.424	0	60.656	0	0	
0	[SLPS]	0	360.859	188.545	0	60.728	0	0	
0	[SLPS]	0	361.093	188.657	0	60.782	0	0	
0	[SLPS]	0	361.093	188.657	0	60.782	0	0	
0	[SLPS]	0	361.569	188.925	0	60.803	0	0	
0	[SLPS]	0	361.569	188.925	0	60.803	0	0	
0	[SLPS]	0	362.031	189.181	0	60.732	0	0	
0	[SLPS]	0	362.031	189.181	0	60.732	0	0	
0	[SLPS]	0	362.270	189.310	0	60.668	0	0	
0	[SLPS]	0	362.502	189.430	0	60.592	0	0	
0	[SLPS]	0	362.502	189.430	0	60.592	0	0	
0	[SLPS]	0	362.980	189.692	0	60.447	0	0	
0	[SLPS]	0	362.980	189.692	0	60.447	0	0	
0	[SLPS]	0	363.223	189.826	0	60.381	0	0	
0	[SLPS]	0	363.466	189.964	0	60.315	0	0	
0	[SLPS]	0	363.466	189.964	0	60.315	0	0	
0	[SLPS]	0	363.939	190.235	0	60.223	0	0	
0	[SLPS]	0	363.939	190.235	0	60.223	0	0	
0	[SLPS]	0	364.175	190.376	0	60.192	0	0	
0	[SLPS]	0	364.421	190.515	0	60.177	0	0	
0	[SLPS]	0	364.421	190.515	0	60.177	0	0	
0	[SLPS]	0	364.927	190.801	0	60.168	0	0	
0	[SLPS]	0	364.927	190.801	0	60.168	0	0	
0	[SLPS]	0	365.179	190.944	0	60.158	0	0	
0	[SLPS]	0	365.456	191.069	0	60.216	0	0	
0	[SLPS]	0	365.456	191.069	0	60.216	0	0	
0	[SLPS]	0	365.985	191.382	0	60.207	0	0	
0	[SLPS]	0	365.985	191.382	0	60.207	0	0	
0	[SLPS]	0	366.248	191.529	0	60.220	0	0	
0	[SLPS]	0	366.514	191.677	0	60.281	0	0	
0	[SLPS]	0	366.779	191.824	0	60.305	0	0	
0	[SLPS]	0	367.043	191.985	0	60.340	0	0	
0	[SLPS]	0	367.043	191.985	0	60.340	0	0	
0	[SLPS]	0	367.297	192.136	0	60.364	0	0	
0	[SLPS]	0	367.569	192.288	0	60.404	0	0	
0	[SLPS]	0	367.836	192.439	0	60.430	0	0	
0	[SLPS]	0	368.091	192.584	0	60.467	0	0	
0	[SLPS]	0	368.091	192.584	0	60.467	0	0	
0	[SLPS]	0	368.625	192.894	0	60.493	0	0	
0	[SLPS]	0	368.625	192.894	0	60.493	0	0	
0	[SLPS]	0	368.895	193.047	0	60.507	0	0	
0	[SLPS]	0	369.180	193.189	0	60.490	0	0	
0	[SLPS]	0	369.180	193.189	0	60.490	0	0	
0	[SLPS]	0	369.766	193.475	0	60.582	0	0	
0	[SLPS]	0	369.766	193.475	0	60.582	0	0	
0	[SLPS]	0	370.035	193.611	0	60.620	0	0	
0	[SLPS]	0	370.331	193.775	0	60.642	0	0	
0	[SLPS]	0	370.331	193.775	0	60.642	0	0	
0	[SLPS]	0	370.898	194.084	0	60.680	0	0	
0	[SLPS]	0	370.898	194.084	0	60.680	0	0	
0	[SLPS]	0	371.184	194.238	0	60.683	0	0	
0	[SLPS]	0	371.466	194.393	0	60.732	0	0	
0	[SLPS]	0	371.466	194.393	0	60.732	0	0	
0	[SLPS]	0	372.037	194.714	0	60.697	0	0	
0	[SLPS]	0	372.037	194.714	0	60.697	0	0	
0	[SLPS]	0	372.328	194.871	0	60.711	0	0	
0	[SLPS]	0	372.611	195.039	0	60.751	0	0	
0	[SLPS]	0	372.611	195.039	0	60.751	0	0	
0	[SLPS]	0	373.187	195.371	0	60.798	0	0	
0	[SLPS]	0	373.187	195.371	0	60.798	0	0	
0	[SLPS]	0	373.480	195.534	0	60.815	0	0	
0	[SLPS]	0	373.774	195.706	0	60.813	0	0	
0	[SLPS]	0	373.774	195.706	0	60.813	0	0	
0	[SLPS]	0	374.368	196.039	0	60.846	0	0	
0	[SLPS]	0	374.368	196.039	0	60.846	0	0	
0	[SLPS]	0	374.664	196.188	0	60.877	0	0	
0	[SLPS]	0	374.963	196.354	0	60.806	0	0	
0	[SLPS]	0	375.264	196.520	0	60.869	0	0	
0	[SLPS]	0	375.558	196.684	0	60.863	0	0	
0	[SLPS]	0	375.558	196.684	0	60.863	0	0	
0	[SLPS]	0	375.855	196.854	0	60.835	0	0	
0	[SLPS]	0	376.142	197.045	0	60.775	0	0	
0	[SLPS]	0	376.142	197.045	0	60.775	0	0	
0	[SLPS]	0	376.756	197.388	0	60.754	0	0	
0	[SLPS]	0	376.756	197.388	0	60.754	0	0	
0	[SLPS]	0	377.060	197.560	0	60.744	0	0	
0	[SLPS]	0	377.367	197.717	0	60.775	0	0	
0	[SLPS]	0	377.672	197.899	0	60.738	0	0	
0	[SLPS]	0	377.980	198.072	0	60.736	0	0	
0	[SLPS]	0	377.980	198.072	0	60.736	0	0	
0	[SLPS]	0	378.611	198.404	0	60.742	0	0	
0	[SLPS]	0	378.611	198.404	0	60.742	0	0	
0	[SLPS]	0	378.925	198.577	0	60.693	0	0	
0	[SLPS]	0	379.230	198.743	0	60.688	0	0	
0	[SLPS]	0	379.230	198.743	0	60.688	0	0	
0	[SLPS]	0	379.542	198.915	0	60.677	0	0	
0	[SLPS]	0	379.858	199.074	0	60.682	0	0	
0	[SLPS]	0	379.858	199.074	0	60.682	0	0	
0	[SLPS]	0	380.484	199.439	0	60.613	0	0	
0	[SLPS]	0	380.484	199.439	0	60.613	0	0	
0	[SLPS]	0	380.798	199.615	0	60.579	0	0	
0	[SLPS]	0	381.122	199.795	0	60.562	0	0	
0	[SLPS]	0	381.436	199.972	0	60.541	0	0	
0	[SLPS]	0	381.741	200.164	0	60.483	0	0	
0	[SLPS]	0	381.741	200.164	0	60.483	0	0	
0	[SLPS]	0	382.367	200.525	0	60.410	0	0	
0	[SLPS]	0	382.367	200.525	0	60.410	0	0	
0	[SLPS]	0	382.691	200.719	0	60.360	0	0	
0	[SLPS]	0	383.010	200.894	0	60.340	0	0	
0	[SLPS]	0	383.010	200.894	0	60.340	0	0	
0	[SLPS]	0	383.655	201.263	0	60.265	0	0	
0	[SLPS]	0	383.655	201.263	0	60.265	0	0	
0	[SLPS]	0	383.976	201.448	0	60.231	0	0	
0	[SLPS]	0	384.291	201.645	0	60.161	0	0	
0	[SLPS]	0	384.291	201.645	0	60.161	0	0	
0	[SLPS]	0	384.939	202.001	0	60.118	0	0	
0	[SLPS]	0	384.939	202.001	0	60.118	0	0	
0	[SLPS]	0	385.263	202.187	0	60.077	0	0	
0	[SLPS]	0	385.585	202.375	0	60.033	0	0	
0	[SLPS]	0	385.585	202.375	0	60.033	0	0	
0	[SLPS]	0	386.223	202.746	0	59.943	0	0	
0	[SLPS]	0	386.223	202.746	0	59.943	0	0	
0	[SLPS]	0	386.549	202.935	0	59.900	0	0	
0	[SLPS]	0	386.869	203.127	0	59.855	0	0	
0	[SLPS]	0	387.193	203.316	0	59.814	0	0	
0	[SLPS]	0	387.521	203.496	0	59.799	0	0	
0	[SLPS]	0	387.521	203.496	0	59.799	0	0	
0	[SLPS]	0	388.173	203.879	0	59.719	0	0	
0	[SLPS]	0	388.173	203.879	0	59.719	0	0	
0	[SLPS]	0	388.506	204.073	0	59.680	0	0	
0	[SLPS]	0	388.823	204.277	0	59.620	0	0	
0	[SLPS]	0	388.823	204.277	0	59.620	0	0	
0	[SLPS]	0	389.149	204.479	0	59.577	0	0	
0	[SLPS]	0	389.475	204.673	0	59.548	0	0	
0	[SLPS]	0	389.803	204.869	0	59.514	0	0	
0	[SLPS]	0	390.128	205.055	0	59.503	0	0	
0	[SLPS]	0	390.128	205.055	0	59.503	0	0	
0	[SLPS]	0	390.798	205.452	0	59.456	0	0	
0	[SLPS]	0	390.798	205.452	0	59.456	0	0	
0	[SLPS]	0	391.129	205.649	0	59.434	0	0	
0	[SLPS]	0	391.459	205.839	0	59.415	0	0	
0	[SLPS]	0	391.459	205.839	0	59.415	0	0	
0	[SLPS]	0	392.124	206.229	0	59.403	0	0	
0	[SLPS]	0	392.124	206.229	0	59.403	0	0	
0	[SLPS]	0	392.457	206.426	0	59.416	0	0	
0	[SLPS]	0	392.791	206.632	0	59.431	0	0	
0	[SLPS]	0	392.791	206.632	0	59.431	0	0	
0	[SLPS]	0	393.466	207.027	0	59.502	0	0	
0	[SLPS]	0	393.466	207.027	0	59.502	0	0	
0	[SLPS]	0	393.803	207.225	0	59.533	0	0	
0	[SLPS]	0	394.129	207.411	0	59.580	0	0	
0	[SLPS]	0	394.129	207.411	0	59.580	0	0	
0	[SLPS]	0	394.814	207.808	0	59.645	0	0	
0	[SLPS]	0	394.814	207.808	0	59.645	0	0	
0	[SLPS]	0	395.154	207.998	0	59.691	0	0	
0	[SLPS]	0	395.491	208.187	0	59.734	0	0	
0	[SLPS]	0	395.491	208.187	0	59.734	0	0	
0	[SLPS]	0	396.178	208.588	0	59.808	0	0	
0	[SLPS]	0	396.178	208.588	0	59.808	0	0	
0	[SLPS]	0	396.520	208.785	0	59.855	0	0	
0	[SLPS]	0	396.873	208.989	0	59.911	0	0	
0	[SLPS]	0	396.873	208.989	0	59.911	0	0	
0	[SLPS]	0	397.561	209.398	0	60.034	0	0	
0	[SLPS]	0	397.561	209.398	0	60.034	0	0	
0	[SLPS]	0	397.905	209.588	0	60.099	0	0	
0	[SLPS]	0	398.254	209.786	0	60.165	0	0	
0	[SLPS]	0	398.600	209.986	0	60.234	0	0	
0	[SLPS]	0	398.953	210.182	0	60.302	0	0	
0	[SLPS]	0	398.953	210.182	0	60.302	0	0	
0	[SLPS]	0	399.642	210.569	0	60.450	0	0	
0	[SLPS]	0	399.642	210.569	0	60.450	0	0	
0	[SLPS]	0	400.000	210.771	0	60.532	0	0	
0	[SLPS]	0	400.349	210.970	0	60.617	0	0	
0	[SLPS]	0	400.349	210.970	0	60.617	0	0	
0	[SLPS]	0	400.699	211.166	0	60.708	0	0	
0	[SLPS]	0	401.041	211.355	0	60.796	0	0	
0	[SLPS]	0	401.392	211.550	0	60.888	0	0	
0	[SLPS]	0	401.736	211.753	0	60.983	0	0	
0	[SLPS]	0	401.736	211.753	0	60.983	0	0	
0	[SLPS]	0	402.081	211.949	0	61.076	0	0	
0	[SLPS]	0	402.425	212.145	0	61.167	0	0	
0	[SLPS]	0	402.770	212.344	0	61.258	0	0	
0	[SLPS]	0	403.114	212.535	0	61.347	0	0	
0	[SLPS]	0	403.114	212.535	0	61.347	0	0	
0	[SLPS]	0	403.807	212.890	0	61.530	0	0	
0	[SLPS]	0	403.807	212.890	0	61.530	0	0	
0	[SLPS]	0	404.161	213.076	0	61.624	0	0	
0	[SLPS]	0	404.506	213.260	0	61.714	0	0	
0	[SLPS]	0	404.506	213.260	0	61.714	0	0	
