0	[SLPS]	0	608.029	132.545	0	240.631	0	0	
0	[SLPS]	0	608.001	132.531	0	240.626	0	0	
0	[SLPS]	0	608.001	132.531	0	240.626	0	0	
0	[SLPS]	0	607.935	132.495	0	240.616	0	0	
0	[SLPS]	0	607.935	132.495	0	240.616	0	0	
0	[SLPS]	0	607.905	132.478	0	240.607	0	0	
0	[SLPS]	0	607.871	132.458	0	240.599	0	0	
0	[SLPS]	0	607.871	132.458	0	240.599	0	0	
0	[SLPS]	0	607.792	132.416	0	240.606	0	0	
0	[SLPS]	0	607.792	132.416	0	240.606	0	0	
0	[SLPS]	0	607.749	132.394	0	240.598	0	0	
0	[SLPS]	0	607.703	132.363	0	240.584	0	0	
0	[SLPS]	0	607.703	132.363	0	240.584	0	0	
0	[SLPS]	0	607.608	132.304	0	240.552	0	0	
0	[SLPS]	0	607.608	132.304	0	240.552	0	0	
0	[SLPS]	0	607.553	132.267	0	240.540	0	0	
0	[SLPS]	0	607.495	132.236	0	240.528	0	0	
0	[SLPS]	0	607.495	132.236	0	240.528	0	0	
0	[SLPS]	0	607.372	132.173	0	240.484	0	0	
0	[SLPS]	0	607.372	132.173	0	240.484	0	0	
0	[SLPS]	0	607.316	132.123	0	240.421	0	0	
0	[SLPS]	0	607.248	132.091	0	240.409	0	0	
0	[SLPS]	0	607.248	132.091	0	240.409	0	0	
0	[SLPS]	0	607.116	132.015	0	240.359	0	0	
0	[SLPS]	0	607.116	132.015	0	240.359	0	0	
0	[SLPS]	0	607.046	131.974	0	240.339	0	0	
0	[SLPS]	0	606.979	131.936	0	240.312	0	0	
0	[SLPS]	0	606.979	131.936	0	240.312	0	0	
0	[SLPS]	0	606.839	131.856	0	240.257	0	0	
0	[SLPS]	0	606.839	131.856	0	240.257	0	0	
0	[SLPS]	0	606.692	131.770	0	240.194	0	0	
0	[SLPS]	0	606.692	131.770	0	240.194	0	0	
0	[SLPS]	0	606.692	131.770	0	240.194	0	0	
0	[SLPS]	0	606.532	131.676	0	240.133	0	0	
0	[SLPS]	0	606.532	131.676	0	240.133	0	0	
0	[SLPS]	0	606.448	131.629	0	240.107	0	0	
0	[SLPS]	0	606.368	131.579	0	240.066	0	0	
0	[SLPS]	0	606.368	131.579	0	240.066	0	0	
0	[SLPS]	0	606.187	131.479	0	240.020	0	0	
0	[SLPS]	0	606.187	131.479	0	240.020	0	0	
0	[SLPS]	0	606.098	131.421	0	239.969	0	0	
0	[SLPS]	0	606.007	131.370	0	239.941	0	0	
0	[SLPS]	0	605.915	131.317	0	239.903	0	0	
0	[SLPS]	0	605.813	131.261	0	239.869	0	0	
0	[SLPS]	0	605.813	131.261	0	239.869	0	0	
0	[SLPS]	0	605.626	131.141	0	239.767	0	0	
0	[SLPS]	0	605.626	131.141	0	239.767	0	0	
0	[SLPS]	0	605.528	131.082	0	239.745	0	0	
0	[SLPS]	0	605.429	131.022	0	239.736	0	0	
0	[SLPS]	0	605.429	131.022	0	239.736	0	0	
0	[SLPS]	0	605.326	130.955	0	239.710	0	0	
0	[SLPS]	0	605.226	130.892	0	239.700	0	0	
0	[SLPS]	0	605.226	130.892	0	239.700	0	0	
0	[SLPS]	0	605.020	130.771	0	239.696	0	0	
0	[SLPS]	0	605.020	130.771	0	239.696	0	0	
0	[SLPS]	0	604.813	130.653	0	239.691	0	0	
0	[SLPS]	0	604.813	130.653	0	239.691	0	0	
0	[SLPS]	0	604.708	130.590	0	239.681	0	0	
0	[SLPS]	0	604.612	130.521	0	239.628	0	0	
0	[SLPS]	0	604.612	130.521	0	239.628	0	0	
0	[SLPS]	0	604.503	130.461	0	239.634	0	0	
0	[SLPS]	0	604.402	130.399	0	239.621	0	0	
0	[SLPS]	0	604.296	130.335	0	239.616	0	0	
0	[SLPS]	0	604.185	130.283	0	239.646	0	0	
0	[SLPS]	0	604.185	130.283	0	239.646	0	0	
0	[SLPS]	0	603.973	130.148	0	239.581	0	0	
0	[SLPS]	0	603.973	130.148	0	239.581	0	0	
0	[SLPS]	0	603.865	130.084	0	239.577	0	0	
0	[SLPS]	0	603.751	130.027	0	239.596	0	0	
0	[SLPS]	0	603.751	130.027	0	239.596	0	0	
0	[SLPS]	0	603.529	129.901	0	239.602	0	0	
0	[SLPS]	0	603.529	129.901	0	239.602	0	0	
0	[SLPS]	0	603.418	129.837	0	239.597	0	0	
0	[SLPS]	0	603.295	129.770	0	239.605	0	0	
0	[SLPS]	0	603.295	129.770	0	239.605	0	0	
0	[SLPS]	0	603.072	129.631	0	239.547	0	0	
0	[SLPS]	0	603.072	129.631	0	239.547	0	0	
0	[SLPS]	0	602.956	129.563	0	239.537	0	0	
0	[SLPS]	0	602.842	129.492	0	239.531	0	0	
0	[SLPS]	0	602.743	129.421	0	239.498	0	0	
0	[SLPS]	0	602.619	129.348	0	239.494	0	0	
0	[SLPS]	0	602.619	129.348	0	239.494	0	0	
0	[SLPS]	0	602.398	129.212	0	239.473	0	0	
0	[SLPS]	0	602.398	129.212	0	239.473	0	0	
0	[SLPS]	0	602.285	129.140	0	239.452	0	0	
0	[SLPS]	0	602.167	129.071	0	239.455	0	0	
0	[SLPS]	0	602.167	129.071	0	239.455	0	0	
0	[SLPS]	0	601.953	128.941	0	239.424	0	0	
0	[SLPS]	0	601.953	128.941	0	239.424	0	0	
0	[SLPS]	0	601.840	128.873	0	239.420	0	0	
0	[SLPS]	0	601.725	128.804	0	239.401	0	0	
0	[SLPS]	0	601.725	128.804	0	239.401	0	0	
0	[SLPS]	0	601.505	128.649	0	239.384	0	0	
0	[SLPS]	0	601.505	128.649	0	239.384	0	0	
0	[SLPS]	0	601.381	128.599	0	239.440	0	0	
0	[SLPS]	0	601.265	128.528	0	239.423	0	0	
0	[SLPS]	0	601.265	128.528	0	239.423	0	0	
0	[SLPS]	0	601.049	128.385	0	239.481	0	0	
0	[SLPS]	0	601.049	128.385	0	239.481	0	0	
0	[SLPS]	0	600.934	128.316	0	239.443	0	0	
0	[SLPS]	0	600.819	128.245	0	239.391	0	0	
0	[SLPS]	0	600.819	128.245	0	239.391	0	0	
0	[SLPS]	0	600.585	128.098	0	239.360	0	0	
0	[SLPS]	0	600.585	128.098	0	239.360	0	0	
0	[SLPS]	0	600.334	127.966	0	239.379	0	0	
0	[SLPS]	0	600.334	127.966	0	239.379	0	0	
0	[SLPS]	0	600.216	127.896	0	239.362	0	0	
0	[SLPS]	0	600.085	127.837	0	239.354	0	0	
0	[SLPS]	0	600.085	127.837	0	239.354	0	0	
0	[SLPS]	0	599.964	127.755	0	239.283	0	0	
0	[SLPS]	0	599.835	127.693	0	239.274	0	0	
0	[SLPS]	0	599.714	127.623	0	239.243	0	0	
0	[SLPS]	0	599.593	127.533	0	239.165	0	0	
0	[SLPS]	0	599.593	127.533	0	239.165	0	0	
0	[SLPS]	0	599.331	127.390	0	239.156	0	0	
0	[SLPS]	0	599.331	127.390	0	239.156	0	0	
0	[SLPS]	0	599.207	127.318	0	239.129	0	0	
0	[SLPS]	0	599.102	127.236	0	239.057	0	0	
0	[SLPS]	0	599.102	127.236	0	239.057	0	0	
0	[SLPS]	0	598.848	127.092	0	239.020	0	0	
0	[SLPS]	0	598.848	127.092	0	239.020	0	0	
0	[SLPS]	0	598.725	127.018	0	238.988	0	0	
0	[SLPS]	0	598.587	126.963	0	239.028	0	0	
0	[SLPS]	0	598.587	126.963	0	239.028	0	0	
0	[SLPS]	0	598.341	126.816	0	238.947	0	0	
0	[SLPS]	0	598.341	126.816	0	238.947	0	0	
0	[SLPS]	0	598.215	126.742	0	238.915	0	0	
0	[SLPS]	0	598.087	126.666	0	238.882	0	0	
0	[SLPS]	0	598.087	126.666	0	238.882	0	0	
0	[SLPS]	0	597.828	126.497	0	238.792	0	0	
0	[SLPS]	0	597.828	126.497	0	238.792	0	0	
0	[SLPS]	0	597.696	126.417	0	238.771	0	0	
0	[SLPS]	0	597.561	126.330	0	238.757	0	0	
0	[SLPS]	0	597.561	126.330	0	238.757	0	0	
0	[SLPS]	0	597.286	126.158	0	238.767	0	0	
0	[SLPS]	0	597.286	126.158	0	238.767	0	0	
0	[SLPS]	0	597.149	126.074	0	238.771	0	0	
0	[SLPS]	0	597.007	125.984	0	238.767	0	0	
0	[SLPS]	0	597.007	125.984	0	238.767	0	0	
0	[SLPS]	0	596.714	125.810	0	238.794	0	0	
0	[SLPS]	0	596.714	125.810	0	238.794	0	0	
0	[SLPS]	0	596.570	125.721	0	238.794	0	0	
0	[SLPS]	0	596.422	125.631	0	238.791	0	0	
0	[SLPS]	0	596.422	125.631	0	238.791	0	0	
0	[SLPS]	0	596.133	125.434	0	238.731	0	0	
0	[SLPS]	0	596.133	125.434	0	238.731	0	0	
0	[SLPS]	0	595.984	125.340	0	238.735	0	0	
0	[SLPS]	0	595.828	125.247	0	238.748	0	0	
0	[SLPS]	0	595.676	125.154	0	238.758	0	0	
0	[SLPS]	0	595.515	125.054	0	238.757	0	0	
0	[SLPS]	0	595.515	125.054	0	238.757	0	0	
0	[SLPS]	0	595.198	124.864	0	238.758	0	0	
0	[SLPS]	0	595.198	124.864	0	238.758	0	0	
0	[SLPS]	0	595.039	124.770	0	238.764	0	0	
0	[SLPS]	0	594.877	124.669	0	238.757	0	0	
0	[SLPS]	0	594.877	124.669	0	238.757	0	0	
0	[SLPS]	0	594.559	124.465	0	238.729	0	0	
0	[SLPS]	0	594.559	124.465	0	238.729	0	0	
0	[SLPS]	0	594.384	124.376	0	238.790	0	0	
0	[SLPS]	0	594.209	124.277	0	238.810	0	0	
0	[SLPS]	0	594.209	124.277	0	238.810	0	0	
0	[SLPS]	0	593.870	124.065	0	238.784	0	0	
0	[SLPS]	0	593.870	124.065	0	238.784	0	0	
0	[SLPS]	0	593.684	123.962	0	238.812	0	0	
0	[SLPS]	0	593.508	123.855	0	238.814	0	0	
0	[SLPS]	0	593.508	123.855	0	238.814	0	0	
0	[SLPS]	0	593.154	123.641	0	238.813	0	0	
0	[SLPS]	0	593.154	123.641	0	238.813	0	0	
0	[SLPS]	0	592.801	123.402	0	238.740	0	0	
0	[SLPS]	0	592.801	123.402	0	238.740	0	0	
0	[SLPS]	0	592.620	123.289	0	238.744	0	0	
0	[SLPS]	0	592.438	123.180	0	238.765	0	0	
0	[SLPS]	0	592.438	123.180	0	238.765	0	0	
0	[SLPS]	0	592.072	122.947	0	238.750	0	0	
0	[SLPS]	0	592.072	122.947	0	238.750	0	0	
0	[SLPS]	0	591.886	122.832	0	238.748	0	0	
0	[SLPS]	0	591.695	122.723	0	238.771	0	0	
0	[SLPS]	0	591.695	122.723	0	238.771	0	0	
0	[SLPS]	0	591.312	122.494	0	238.791	0	0	
0	[SLPS]	0	591.312	122.494	0	238.791	0	0	
0	[SLPS]	0	591.120	122.378	0	238.795	0	0	
0	[SLPS]	0	590.930	122.255	0	238.762	0	0	
0	[SLPS]	0	590.930	122.255	0	238.762	0	0	
0	[SLPS]	0	590.532	122.021	0	238.795	0	0	
0	[SLPS]	0	590.532	122.021	0	238.795	0	0	
0	[SLPS]	0	590.334	121.902	0	238.800	0	0	
0	[SLPS]	0	590.138	121.785	0	238.806	0	0	
0	[SLPS]	0	590.138	121.785	0	238.806	0	0	
0	[SLPS]	0	589.727	121.543	0	238.821	0	0	
0	[SLPS]	0	589.727	121.543	0	238.821	0	0	
0	[SLPS]	0	589.523	121.421	0	238.821	0	0	
0	[SLPS]	0	589.323	121.297	0	238.820	0	0	
0	[SLPS]	0	589.117	121.164	0	238.796	0	0	
0	[SLPS]	0	588.909	121.035	0	238.795	0	0	
0	[SLPS]	0	588.909	121.035	0	238.795	0	0	
0	[SLPS]	0	588.493	120.779	0	238.805	0	0	
0	[SLPS]	0	588.493	120.779	0	238.805	0	0	
0	[SLPS]	0	588.277	120.652	0	238.831	0	0	
0	[SLPS]	0	588.064	120.528	0	238.854	0	0	
0	[SLPS]	0	588.064	120.528	0	238.854	0	0	
0	[SLPS]	0	587.851	120.399	0	238.858	0	0	
0	[SLPS]	0	587.639	120.272	0	238.856	0	0	
0	[SLPS]	0	587.419	120.141	0	238.864	0	0	
0	[SLPS]	0	587.214	120.010	0	238.845	0	0	
0	[SLPS]	0	587.214	120.010	0	238.845	0	0	
0	[SLPS]	0	586.773	119.745	0	238.870	0	0	
0	[SLPS]	0	586.773	119.745	0	238.870	0	0	
0	[SLPS]	0	586.556	119.616	0	238.885	0	0	
0	[SLPS]	0	586.347	119.486	0	238.894	0	0	
0	[SLPS]	0	586.347	119.486	0	238.894	0	0	
0	[SLPS]	0	585.918	119.224	0	238.961	0	0	
0	[SLPS]	0	585.918	119.224	0	238.961	0	0	
0	[SLPS]	0	585.705	119.096	0	238.998	0	0	
0	[SLPS]	0	585.492	118.964	0	239.035	0	0	
0	[SLPS]	0	585.492	118.964	0	239.035	0	0	
0	[SLPS]	0	585.059	118.706	0	239.112	0	0	
0	[SLPS]	0	585.059	118.706	0	239.112	0	0	
0	[SLPS]	0	584.837	118.574	0	239.143	0	0	
0	[SLPS]	0	584.612	118.437	0	239.174	0	0	
0	[SLPS]	0	584.612	118.437	0	239.174	0	0	
0	[SLPS]	0	584.147	118.162	0	239.251	0	0	
0	[SLPS]	0	584.147	118.162	0	239.251	0	0	
0	[SLPS]	0	583.904	118.023	0	239.295	0	0	
0	[SLPS]	0	583.665	117.883	0	239.309	0	0	
0	[SLPS]	0	583.665	117.883	0	239.309	0	0	
0	[SLPS]	0	583.185	117.597	0	239.303	0	0	
0	[SLPS]	0	583.185	117.597	0	239.303	0	0	
0	[SLPS]	0	582.935	117.443	0	239.296	0	0	
0	[SLPS]	0	582.686	117.296	0	239.306	0	0	
0	[SLPS]	0	582.686	117.296	0	239.306	0	0	
0	[SLPS]	0	582.169	116.996	0	239.341	0	0	
0	[SLPS]	0	582.169	116.996	0	239.341	0	0	
0	[SLPS]	0	581.659	116.687	0	239.335	0	0	
0	[SLPS]	0	581.659	116.687	0	239.335	0	0	
0	[SLPS]	0	581.400	116.533	0	239.340	0	0	
0	[SLPS]	0	581.135	116.377	0	239.357	0	0	
0	[SLPS]	0	581.135	116.377	0	239.357	0	0	
0	[SLPS]	0	580.865	116.225	0	239.387	0	0	
0	[SLPS]	0	580.600	116.058	0	239.362	0	0	
0	[SLPS]	0	580.600	116.058	0	239.362	0	0	
0	[SLPS]	0	580.054	115.734	0	239.380	0	0	
0	[SLPS]	0	580.054	115.734	0	239.380	0	0	
0	[SLPS]	0	579.776	115.568	0	239.385	0	0	
0	[SLPS]	0	579.500	115.401	0	239.390	0	0	
0	[SLPS]	0	579.219	115.232	0	239.386	0	0	
0	[SLPS]	0	578.936	115.062	0	239.391	0	0	
0	[SLPS]	0	578.936	115.062	0	239.391	0	0	
0	[SLPS]	0	578.653	114.895	0	239.399	0	0	
0	[SLPS]	0	578.369	114.721	0	239.403	0	0	
0	[SLPS]	0	578.075	114.545	0	239.406	0	0	
0	[SLPS]	0	577.789	114.363	0	239.386	0	0	
0	[SLPS]	0	577.789	114.363	0	239.386	0	0	
0	[SLPS]	0	577.208	114.000	0	239.434	0	0	
0	[SLPS]	0	577.208	114.000	0	239.434	0	0	
0	[SLPS]	0	576.913	113.819	0	239.434	0	0	
0	[SLPS]	0	576.607	113.646	0	239.466	0	0	
0	[SLPS]	0	576.607	113.646	0	239.466	0	0	
0	[SLPS]	0	576.005	113.270	0	239.418	0	0	
0	[SLPS]	0	576.005	113.270	0	239.418	0	0	
0	[SLPS]	0	575.701	113.084	0	239.414	0	0	
0	[SLPS]	0	575.392	112.911	0	239.421	0	0	
0	[SLPS]	0	575.392	112.911	0	239.421	0	0	
0	[SLPS]	0	574.755	112.547	0	239.453	0	0	
0	[SLPS]	0	574.755	112.547	0	239.453	0	0	
0	[SLPS]	0	574.437	112.366	0	239.459	0	0	
0	[SLPS]	0	574.132	112.167	0	239.410	0	0	
0	[SLPS]	0	574.132	112.167	0	239.410	0	0	
0	[SLPS]	0	573.470	111.795	0	239.462	0	0	
0	[SLPS]	0	573.470	111.795	0	239.462	0	0	
0	[SLPS]	0	573.145	111.604	0	239.463	0	0	
0	[SLPS]	0	572.821	111.413	0	239.454	0	0	
0	[SLPS]	0	572.821	111.413	0	239.454	0	0	
0	[SLPS]	0	572.156	111.025	0	239.475	0	0	
0	[SLPS]	0	572.156	111.025	0	239.475	0	0	
0	[SLPS]	0	571.824	110.830	0	239.478	0	0	
0	[SLPS]	0	571.501	110.626	0	239.460	0	0	
0	[SLPS]	0	571.501	110.626	0	239.460	0	0	
0	[SLPS]	0	570.833	110.228	0	239.468	0	0	
0	[SLPS]	0	570.833	110.228	0	239.468	0	0	
0	[SLPS]	0	570.498	110.028	0	239.473	0	0	
0	[SLPS]	0	570.167	109.832	0	239.488	0	0	
0	[SLPS]	0	569.827	109.638	0	239.514	0	0	
0	[SLPS]	0	569.493	109.427	0	239.483	0	0	
0	[SLPS]	0	569.493	109.427	0	239.483	0	0	
0	[SLPS]	0	568.811	109.033	0	239.485	0	0	
0	[SLPS]	0	568.811	109.033	0	239.485	0	0	
0	[SLPS]	0	568.466	108.835	0	239.484	0	0	
0	[SLPS]	0	568.130	108.630	0	239.456	0	0	
0	[SLPS]	0	568.130	108.630	0	239.456	0	0	
0	[SLPS]	0	567.788	108.427	0	239.446	0	0	
0	[SLPS]	0	567.444	108.244	0	239.456	0	0	
0	[SLPS]	0	567.096	108.046	0	239.442	0	0	
0	[SLPS]	0	566.739	107.848	0	239.436	0	0	
0	[SLPS]	0	566.739	107.848	0	239.436	0	0	
0	[SLPS]	0	566.063	107.437	0	239.346	0	0	
0	[SLPS]	0	566.063	107.437	0	239.346	0	0	
0	[SLPS]	0	565.721	107.227	0	239.306	0	0	
0	[SLPS]	0	565.375	107.022	0	239.278	0	0	
0	[SLPS]	0	565.375	107.022	0	239.278	0	0	
0	[SLPS]	0	564.696	106.616	0	239.220	0	0	
0	[SLPS]	0	564.696	106.616	0	239.220	0	0	
0	[SLPS]	0	564.350	106.404	0	239.190	0	0	
0	[SLPS]	0	564.000	106.194	0	239.162	0	0	
0	[SLPS]	0	564.000	106.194	0	239.162	0	0	
0	[SLPS]	0	563.315	105.779	0	239.091	0	0	
0	[SLPS]	0	563.315	105.779	0	239.091	0	0	
0	[SLPS]	0	562.976	105.569	0	239.051	0	0	
0	[SLPS]	0	562.625	105.360	0	239.034	0	0	
0	[SLPS]	0	562.625	105.360	0	239.034	0	0	
0	[SLPS]	0	561.938	104.943	0	239.021	0	0	
0	[SLPS]	0	561.938	104.943	0	239.021	0	0	
0	[SLPS]	0	561.602	104.740	0	239.033	0	0	
0	[SLPS]	0	561.257	104.529	0	239.041	0	0	
0	[SLPS]	0	561.257	104.529	0	239.041	0	0	
0	[SLPS]	0	560.560	104.108	0	239.062	0	0	
0	[SLPS]	0	560.560	104.108	0	239.062	0	0	
0	[SLPS]	0	560.211	103.895	0	239.063	0	0	
0	[SLPS]	0	559.861	103.688	0	239.072	0	0	
0	[SLPS]	0	559.861	103.688	0	239.072	0	0	
0	[SLPS]	0	559.164	103.278	0	239.099	0	0	
0	[SLPS]	0	559.164	103.278	0	239.099	0	0	
0	[SLPS]	0	558.473	102.860	0	239.117	0	0	
0	[SLPS]	0	558.473	102.860	0	239.117	0	0	
0	[SLPS]	0	558.127	102.653	0	239.119	0	0	
0	[SLPS]	0	557.785	102.447	0	239.124	0	0	
0	[SLPS]	0	557.785	102.447	0	239.124	0	0	
0	[SLPS]	0	557.086	102.034	0	239.151	0	0	
0	[SLPS]	0	557.086	102.034	0	239.151	0	0	
0	[SLPS]	0	556.740	101.828	0	239.154	0	0	
0	[SLPS]	0	556.391	101.618	0	239.145	0	0	
0	[SLPS]	0	556.391	101.618	0	239.145	0	0	
0	[SLPS]	0	555.693	101.200	0	239.145	0	0	
0	[SLPS]	0	555.693	101.200	0	239.145	0	0	
0	[SLPS]	0	555.344	100.992	0	239.150	0	0	
0	[SLPS]	0	554.993	100.784	0	239.166	0	0	
0	[SLPS]	0	554.993	100.784	0	239.166	0	0	
0	[SLPS]	0	554.285	100.357	0	239.161	0	0	
0	[SLPS]	0	554.285	100.357	0	239.161	0	0	
0	[SLPS]	0	553.940	100.153	0	239.167	0	0	
0	[SLPS]	0	553.590	99.943	0	239.172	0	0	
0	[SLPS]	0	553.590	99.943	0	239.172	0	0	
0	[SLPS]	0	552.881	99.521	0	239.178	0	0	
0	[SLPS]	0	552.881	99.521	0	239.178	0	0	
0	[SLPS]	0	552.530	99.307	0	239.170	0	0	
0	[SLPS]	0	552.172	99.094	0	239.170	0	0	
0	[SLPS]	0	552.172	99.094	0	239.170	0	0	
0	[SLPS]	0	551.459	98.671	0	239.185	0	0	
0	[SLPS]	0	551.459	98.671	0	239.185	0	0	
0	[SLPS]	0	550.745	98.245	0	239.185	0	0	
0	[SLPS]	0	550.745	98.245	0	239.185	0	0	
0	[SLPS]	0	550.388	98.031	0	239.182	0	0	
0	[SLPS]	0	550.031	97.814	0	239.179	0	0	
0	[SLPS]	0	550.031	97.814	0	239.179	0	0	
0	[SLPS]	0	549.312	97.386	0	239.180	0	0	
0	[SLPS]	0	549.312	97.386	0	239.180	0	0	
0	[SLPS]	0	548.953	97.173	0	239.175	0	0	
0	[SLPS]	0	548.593	96.957	0	239.167	0	0	
0	[SLPS]	0	548.593	96.957	0	239.167	0	0	
0	[SLPS]	0	547.875	96.524	0	239.147	0	0	
0	[SLPS]	0	547.875	96.524	0	239.147	0	0	
0	[SLPS]	0	547.516	96.304	0	239.136	0	0	
0	[SLPS]	0	547.158	96.086	0	239.123	0	0	
0	[SLPS]	0	546.791	95.880	0	239.134	0	0	
0	[SLPS]	0	546.429	95.664	0	239.125	0	0	
0	[SLPS]	0	546.429	95.664	0	239.125	0	0	
0	[SLPS]	0	545.705	95.217	0	239.084	0	0	
0	[SLPS]	0	545.705	95.217	0	239.084	0	0	
0	[SLPS]	0	545.705	95.217	0	239.084	0	0	
0	[SLPS]	0	544.980	94.784	0	239.059	0	0	
0	[SLPS]	0	544.980	94.784	0	239.059	0	0	
0	[SLPS]	0	544.617	94.559	0	239.039	0	0	
0	[SLPS]	0	544.250	94.341	0	239.040	0	0	
0	[SLPS]	0	544.250	94.341	0	239.040	0	0	
0	[SLPS]	0	543.529	93.898	0	239.004	0	0	
0	[SLPS]	0	543.529	93.898	0	239.004	0	0	
0	[SLPS]	0	543.161	93.669	0	238.976	0	0	
0	[SLPS]	0	542.794	93.452	0	238.966	0	0	
0	[SLPS]	0	542.427	93.237	0	238.958	0	0	
0	[SLPS]	0	542.057	92.999	0	238.924	0	0	
0	[SLPS]	0	542.057	92.999	0	238.924	0	0	
0	[SLPS]	0	541.311	92.564	0	238.906	0	0	
0	[SLPS]	0	541.311	92.564	0	238.906	0	0	
0	[SLPS]	0	540.946	92.346	0	238.886	0	0	
0	[SLPS]	0	540.589	92.115	0	238.854	0	0	
0	[SLPS]	0	540.589	92.115	0	238.854	0	0	
0	[SLPS]	0	539.844	91.677	0	238.834	0	0	
0	[SLPS]	0	539.844	91.677	0	238.834	0	0	
0	[SLPS]	0	539.476	91.454	0	238.816	0	0	
0	[SLPS]	0	539.108	91.218	0	238.787	0	0	
0	[SLPS]	0	539.108	91.218	0	238.787	0	0	
0	[SLPS]	0	538.371	90.772	0	238.756	0	0	
0	[SLPS]	0	538.371	90.772	0	238.756	0	0	
0	[SLPS]	0	538.001	90.553	0	238.746	0	0	
0	[SLPS]	0	537.636	90.318	0	238.711	0	0	
0	[SLPS]	0	537.636	90.318	0	238.711	0	0	
0	[SLPS]	0	536.899	89.866	0	238.685	0	0	
0	[SLPS]	0	536.899	89.866	0	238.685	0	0	
0	[SLPS]	0	536.531	89.641	0	238.671	0	0	
0	[SLPS]	0	536.168	89.419	0	238.669	0	0	
0	[SLPS]	0	536.168	89.419	0	238.669	0	0	
0	[SLPS]	0	535.436	88.970	0	238.687	0	0	
0	[SLPS]	0	535.436	88.970	0	238.687	0	0	
0	[SLPS]	0	535.070	88.745	0	238.700	0	0	
0	[SLPS]	0	534.708	88.525	0	238.707	0	0	
0	[SLPS]	0	534.708	88.525	0	238.707	0	0	
0	[SLPS]	0	533.968	88.072	0	238.724	0	0	
0	[SLPS]	0	533.968	88.072	0	238.724	0	0	
0	[SLPS]	0	533.600	87.847	0	238.737	0	0	
0	[SLPS]	0	533.227	87.626	0	238.756	0	0	
0	[SLPS]	0	533.227	87.626	0	238.756	0	0	
0	[SLPS]	0	532.479	87.176	0	238.770	0	0	
0	[SLPS]	0	532.479	87.176	0	238.770	0	0	
0	[SLPS]	0	532.103	86.955	0	238.783	0	0	
0	[SLPS]	0	531.733	86.725	0	238.782	0	0	
0	[SLPS]	0	531.733	86.725	0	238.782	0	0	
0	[SLPS]	0	530.982	86.283	0	238.810	0	0	
0	[SLPS]	0	530.982	86.283	0	238.810	0	0	
0	[SLPS]	0	530.604	86.063	0	238.825	0	0	
0	[SLPS]	0	530.229	85.835	0	238.829	0	0	
0	[SLPS]	0	530.229	85.835	0	238.829	0	0	
0	[SLPS]	0	529.489	85.381	0	238.841	0	0	
0	[SLPS]	0	529.489	85.381	0	238.841	0	0	
0	[SLPS]	0	529.109	85.152	0	238.849	0	0	
0	[SLPS]	0	528.746	84.926	0	238.853	0	0	
0	[SLPS]	0	528.746	84.926	0	238.853	0	0	
0	[SLPS]	0	528.016	84.477	0	238.868	0	0	
0	[SLPS]	0	528.016	84.477	0	238.868	0	0	
0	[SLPS]	0	527.648	84.252	0	238.875	0	0	
0	[SLPS]	0	527.273	84.030	0	238.890	0	0	
0	[SLPS]	0	526.901	83.808	0	238.903	0	0	
0	[SLPS]	0	526.532	83.580	0	238.904	0	0	
0	[SLPS]	0	526.532	83.580	0	238.904	0	0	
0	[SLPS]	0	526.164	83.359	0	238.908	0	0	
0	[SLPS]	0	525.792	83.134	0	238.916	0	0	
0	[SLPS]	0	525.422	82.912	0	238.925	0	0	
0	[SLPS]	0	525.059	82.688	0	238.931	0	0	
0	[SLPS]	0	525.059	82.688	0	238.931	0	0	
0	[SLPS]	0	524.324	82.240	0	238.938	0	0	
0	[SLPS]	0	524.324	82.240	0	238.938	0	0	
0	[SLPS]	0	523.953	82.019	0	238.953	0	0	
0	[SLPS]	0	523.579	81.802	0	238.973	0	0	
0	[SLPS]	0	523.579	81.802	0	238.973	0	0	
0	[SLPS]	0	522.851	81.356	0	238.973	0	0	
0	[SLPS]	0	522.851	81.356	0	238.973	0	0	
0	[SLPS]	0	522.483	81.129	0	238.970	0	0	
0	[SLPS]	0	522.120	80.905	0	238.968	0	0	
0	[SLPS]	0	522.120	80.905	0	238.968	0	0	
0	[SLPS]	0	521.394	80.472	0	238.982	0	0	
0	[SLPS]	0	521.394	80.472	0	238.982	0	0	
0	[SLPS]	0	521.028	80.251	0	238.989	0	0	
0	[SLPS]	0	520.661	80.029	0	238.997	0	0	
0	[SLPS]	0	520.661	80.029	0	238.997	0	0	
0	[SLPS]	0	519.932	79.598	0	239.015	0	0	
0	[SLPS]	0	519.932	79.598	0	239.015	0	0	
0	[SLPS]	0	519.566	79.375	0	239.016	0	0	
0	[SLPS]	0	519.202	79.149	0	239.008	0	0	
0	[SLPS]	0	519.202	79.149	0	239.008	0	0	
0	[SLPS]	0	518.476	78.715	0	239.017	0	0	
0	[SLPS]	0	518.476	78.715	0	239.017	0	0	
0	[SLPS]	0	518.112	78.497	0	239.024	0	0	
0	[SLPS]	0	517.748	78.279	0	239.033	0	0	
0	[SLPS]	0	517.748	78.279	0	239.033	0	0	
0	[SLPS]	0	517.030	77.847	0	239.042	0	0	
0	[SLPS]	0	517.030	77.847	0	239.042	0	0	
0	[SLPS]	0	516.663	77.629	0	239.043	0	0	
0	[SLPS]	0	516.313	77.398	0	239.025	0	0	
0	[SLPS]	0	516.313	77.398	0	239.025	0	0	
0	[SLPS]	0	515.578	76.958	0	239.035	0	0	
0	[SLPS]	0	515.578	76.958	0	239.035	0	0	
0	[SLPS]	0	515.222	76.732	0	239.032	0	0	
0	[SLPS]	0	514.859	76.513	0	239.039	0	0	
0	[SLPS]	0	514.859	76.513	0	239.039	0	0	
0	[SLPS]	0	514.140	76.077	0	239.035	0	0	
0	[SLPS]	0	514.140	76.077	0	239.035	0	0	
0	[SLPS]	0	513.786	75.856	0	239.028	0	0	
0	[SLPS]	0	513.414	75.638	0	239.043	0	0	
0	[SLPS]	0	513.061	75.429	0	239.051	0	0	
0	[SLPS]	0	512.686	75.208	0	239.049	0	0	
0	[SLPS]	0	512.686	75.208	0	239.049	0	0	
0	[SLPS]	0	512.327	74.994	0	239.043	0	0	
0	[SLPS]	0	511.965	74.777	0	239.037	0	0	
0	[SLPS]	0	511.605	74.560	0	239.035	0	0	
0	[SLPS]	0	511.233	74.343	0	239.039	0	0	
0	[SLPS]	0	511.233	74.343	0	239.039	0	0	
0	[SLPS]	0	510.516	73.904	0	239.029	0	0	
0	[SLPS]	0	510.516	73.904	0	239.029	0	0	
0	[SLPS]	0	510.155	73.687	0	239.024	0	0	
0	[SLPS]	0	509.800	73.476	0	239.017	0	0	
0	[SLPS]	0	509.800	73.476	0	239.017	0	0	
0	[SLPS]	0	509.087	73.049	0	239.002	0	0	
0	[SLPS]	0	509.087	73.049	0	239.002	0	0	
0	[SLPS]	0	508.718	72.829	0	238.999	0	0	
0	[SLPS]	0	508.354	72.620	0	239.008	0	0	
0	[SLPS]	0	508.354	72.620	0	239.008	0	0	
0	[SLPS]	0	507.633	72.181	0	238.999	0	0	
0	[SLPS]	0	507.633	72.181	0	238.999	0	0	
0	[SLPS]	0	507.273	71.965	0	238.992	0	0	
0	[SLPS]	0	506.921	71.751	0	238.985	0	0	
0	[SLPS]	0	506.921	71.751	0	238.985	0	0	
0	[SLPS]	0	506.200	71.317	0	238.973	0	0	
0	[SLPS]	0	506.200	71.317	0	238.973	0	0	
0	[SLPS]	0	505.841	71.101	0	238.974	0	0	
0	[SLPS]	0	505.491	70.891	0	238.974	0	0	
0	[SLPS]	0	505.132	70.673	0	238.967	0	0	
0	[SLPS]	0	504.781	70.453	0	238.956	0	0	
0	[SLPS]	0	504.781	70.453	0	238.956	0	0	
0	[SLPS]	0	504.069	70.025	0	238.945	0	0	
0	[SLPS]	0	504.069	70.025	0	238.945	0	0	
0	[SLPS]	0	503.721	69.809	0	238.935	0	0	
0	[SLPS]	0	503.361	69.591	0	238.928	0	0	
0	[SLPS]	0	503.361	69.591	0	238.928	0	0	
0	[SLPS]	0	502.653	69.162	0	238.931	0	0	
0	[SLPS]	0	502.653	69.162	0	238.931	0	0	
0	[SLPS]	0	502.309	68.953	0	238.943	0	0	
0	[SLPS]	0	501.955	68.739	0	238.965	0	0	
0	[SLPS]	0	501.955	68.739	0	238.965	0	0	
0	[SLPS]	0	501.260	68.317	0	239.027	0	0	
0	[SLPS]	0	501.260	68.317	0	239.027	0	0	
0	[SLPS]	0	500.915	68.107	0	239.059	0	0	
0	[SLPS]	0	500.565	67.900	0	239.089	0	0	
0	[SLPS]	0	500.565	67.900	0	239.089	0	0	
0	[SLPS]	0	499.875	67.492	0	239.139	0	0	
0	[SLPS]	0	499.875	67.492	0	239.139	0	0	
0	[SLPS]	0	499.528	67.286	0	239.169	0	0	
0	[SLPS]	0	499.179	67.084	0	239.203	0	0	
0	[SLPS]	0	499.179	67.084	0	239.203	0	0	
0	[SLPS]	0	498.493	66.678	0	239.259	0	0	
0	[SLPS]	0	498.493	66.678	0	239.259	0	0	
0	[SLPS]	0	498.153	66.477	0	239.281	0	0	
0	[SLPS]	0	497.807	66.273	0	239.303	0	0	
0	[SLPS]	0	497.807	66.273	0	239.303	0	0	
0	[SLPS]	0	497.129	65.872	0	239.334	0	0	
0	[SLPS]	0	497.129	65.872	0	239.334	0	0	
0	[SLPS]	0	496.791	65.667	0	239.345	0	0	
0	[SLPS]	0	496.453	65.471	0	239.364	0	0	
0	[SLPS]	0	496.117	65.272	0	239.374	0	0	
0	[SLPS]	0	495.791	65.072	0	239.381	0	0	
0	[SLPS]	0	495.791	65.072	0	239.381	0	0	
0	[SLPS]	0	495.117	64.677	0	239.393	0	0	
0	[SLPS]	0	495.117	64.677	0	239.393	0	0	
0	[SLPS]	0	494.792	64.480	0	239.398	0	0	
0	[SLPS]	0	494.467	64.293	0	239.404	0	0	
0	[SLPS]	0	494.467	64.293	0	239.404	0	0	
0	[SLPS]	0	493.825	63.910	0	239.405	0	0	
0	[SLPS]	0	493.825	63.910	0	239.405	0	0	
0	[SLPS]	0	493.505	63.721	0	239.399	0	0	
0	[SLPS]	0	493.195	63.530	0	239.389	0	0	
0	[SLPS]	0	493.195	63.530	0	239.389	0	0	
0	[SLPS]	0	492.572	63.163	0	239.385	0	0	
0	[SLPS]	0	492.572	63.163	0	239.385	0	0	
0	[SLPS]	0	492.262	62.978	0	239.377	0	0	
0	[SLPS]	0	491.959	62.796	0	239.361	0	0	
0	[SLPS]	0	491.959	62.796	0	239.361	0	0	
0	[SLPS]	0	491.335	62.425	0	239.319	0	0	
0	[SLPS]	0	491.335	62.425	0	239.319	0	0	
0	[SLPS]	0	491.031	62.248	0	239.303	0	0	
0	[SLPS]	0	490.722	62.063	0	239.290	0	0	
0	[SLPS]	0	490.722	62.063	0	239.290	0	0	
0	[SLPS]	0	490.108	61.694	0	239.258	0	0	
0	[SLPS]	0	490.108	61.694	0	239.258	0	0	
0	[SLPS]	0	489.802	61.514	0	239.241	0	0	
0	[SLPS]	0	489.500	61.332	0	239.222	0	0	
0	[SLPS]	0	489.197	61.146	0	239.195	0	0	
0	[SLPS]	0	488.896	60.971	0	239.181	0	0	
0	[SLPS]	0	488.896	60.971	0	239.181	0	0	
0	[SLPS]	0	488.597	60.798	0	239.169	0	0	
0	[SLPS]	0	488.299	60.616	0	239.146	0	0	
0	[SLPS]	0	488.003	60.435	0	239.123	0	0	
0	[SLPS]	0	487.704	60.256	0	239.104	0	0	
0	[SLPS]	0	487.704	60.256	0	239.104	0	0	
0	[SLPS]	0	487.410	60.079	0	239.084	0	0	
0	[SLPS]	0	487.120	59.903	0	239.067	0	0	
0	[SLPS]	0	486.831	59.725	0	239.050	0	0	
0	[SLPS]	0	486.534	59.551	0	239.043	0	0	
0	[SLPS]	0	486.534	59.551	0	239.043	0	0	
0	[SLPS]	0	485.958	59.200	0	239.014	0	0	
0	[SLPS]	0	485.958	59.200	0	239.014	0	0	
0	[SLPS]	0	485.673	59.029	0	239.012	0	0	
0	[SLPS]	0	485.387	58.856	0	239.011	0	0	
0	[SLPS]	0	485.387	58.856	0	239.011	0	0	
0	[SLPS]	0	484.829	58.515	0	239.033	0	0	
0	[SLPS]	0	484.829	58.515	0	239.033	0	0	
0	[SLPS]	0	484.545	58.351	0	239.054	0	0	
0	[SLPS]	0	484.270	58.176	0	239.061	0	0	
0	[SLPS]	0	484.270	58.176	0	239.061	0	0	
0	[SLPS]	0	483.709	57.848	0	239.099	0	0	
0	[SLPS]	0	483.709	57.848	0	239.099	0	0	
0	[SLPS]	0	483.434	57.679	0	239.122	0	0	
0	[SLPS]	0	483.158	57.510	0	239.150	0	0	
0	[SLPS]	0	482.879	57.343	0	239.174	0	0	
0	[SLPS]	0	482.601	57.175	0	239.191	0	0	
0	[SLPS]	0	482.601	57.175	0	239.191	0	0	
0	[SLPS]	0	482.329	57.014	0	239.206	0	0	
0	[SLPS]	0	482.057	56.845	0	239.211	0	0	
0	[SLPS]	0	482.057	56.845	0	239.211	0	0	
0	[SLPS]	0	481.527	56.526	0	239.236	0	0	
0	[SLPS]	0	481.527	56.526	0	239.236	0	0	
0	[SLPS]	0	481.259	56.368	0	239.251	0	0	
0	[SLPS]	0	480.991	56.207	0	239.264	0	0	
0	[SLPS]	0	480.991	56.207	0	239.264	0	0	
0	[SLPS]	0	480.478	55.911	0	239.297	0	0	
0	[SLPS]	0	480.478	55.911	0	239.297	0	0	
0	[SLPS]	0	480.219	55.754	0	239.307	0	0	
0	[SLPS]	0	479.965	55.603	0	239.318	0	0	
0	[SLPS]	0	479.711	55.452	0	239.329	0	0	
0	[SLPS]	0	479.452	55.298	0	239.332	0	0	
0	[SLPS]	0	479.452	55.298	0	239.332	0	0	
0	[SLPS]	0	479.203	55.149	0	239.334	0	0	
0	[SLPS]	0	478.953	54.999	0	239.341	0	0	
0	[SLPS]	0	478.714	54.865	0	239.352	0	0	
0	[SLPS]	0	478.465	54.714	0	239.345	0	0	
0	[SLPS]	0	478.465	54.714	0	239.345	0	0	
0	[SLPS]	0	477.980	54.433	0	239.334	0	0	
0	[SLPS]	0	477.980	54.433	0	239.334	0	0	
0	[SLPS]	0	477.737	54.294	0	239.315	0	0	
0	[SLPS]	0	477.500	54.151	0	239.291	0	0	
0	[SLPS]	0	477.500	54.151	0	239.291	0	0	
0	[SLPS]	0	477.044	53.873	0	239.235	0	0	
0	[SLPS]	0	477.044	53.873	0	239.235	0	0	
0	[SLPS]	0	476.816	53.737	0	239.227	0	0	
0	[SLPS]	0	476.603	53.612	0	239.237	0	0	
0	[SLPS]	0	476.603	53.612	0	239.237	0	0	
0	[SLPS]	0	476.163	53.352	0	239.274	0	0	
0	[SLPS]	0	476.163	53.352	0	239.274	0	0	
0	[SLPS]	0	475.953	53.226	0	239.300	0	0	
0	[SLPS]	0	475.740	53.099	0	239.337	0	0	
0	[SLPS]	0	475.740	53.099	0	239.337	0	0	
0	[SLPS]	0	475.329	52.838	0	239.399	0	0	
0	[SLPS]	0	475.329	52.838	0	239.399	0	0	
0	[SLPS]	0	475.124	52.714	0	239.427	0	0	
0	[SLPS]	0	474.912	52.595	0	239.467	0	0	
0	[SLPS]	0	474.912	52.595	0	239.467	0	0	
0	[SLPS]	0	474.505	52.361	0	239.560	0	0	
0	[SLPS]	0	474.505	52.361	0	239.560	0	0	
0	[SLPS]	0	474.307	52.246	0	239.594	0	0	
0	[SLPS]	0	474.113	52.127	0	239.621	0	0	
0	[SLPS]	0	474.113	52.127	0	239.621	0	0	
0	[SLPS]	0	473.717	51.904	0	239.691	0	0	
0	[SLPS]	0	473.717	51.904	0	239.691	0	0	
0	[SLPS]	0	473.522	51.790	0	239.736	0	0	
0	[SLPS]	0	473.328	51.681	0	239.780	0	0	
0	[SLPS]	0	473.328	51.681	0	239.780	0	0	
0	[SLPS]	0	473.134	51.567	0	239.810	0	0	
0	[SLPS]	0	472.944	51.458	0	239.832	0	0	
0	[SLPS]	0	472.756	51.350	0	239.860	0	0	
0	[SLPS]	0	472.563	51.245	0	239.898	0	0	
0	[SLPS]	0	472.563	51.245	0	239.898	0	0	
0	[SLPS]	0	472.195	51.031	0	239.947	0	0	
0	[SLPS]	0	472.195	51.031	0	239.947	0	0	
0	[SLPS]	0	472.013	50.926	0	239.951	0	0	
0	[SLPS]	0	471.826	50.824	0	239.959	0	0	
0	[SLPS]	0	471.826	50.824	0	239.959	0	0	
0	[SLPS]	0	471.469	50.613	0	239.986	0	0	
0	[SLPS]	0	471.469	50.613	0	239.986	0	0	
0	[SLPS]	0	471.292	50.511	0	240.004	0	0	
0	[SLPS]	0	471.113	50.401	0	240.009	0	0	
0	[SLPS]	0	471.113	50.401	0	240.009	0	0	
0	[SLPS]	0	470.758	50.191	0	239.961	0	0	
0	[SLPS]	0	470.758	50.191	0	239.961	0	0	
0	[SLPS]	0	470.587	50.094	0	239.931	0	0	
0	[SLPS]	0	470.424	50.000	0	239.912	0	0	
0	[SLPS]	0	470.424	50.000	0	239.912	0	0	
0	[SLPS]	0	470.106	49.817	0	239.886	0	0	
0	[SLPS]	0	470.106	49.817	0	239.886	0	0	
0	[SLPS]	0	469.954	49.727	0	239.863	0	0	
0	[SLPS]	0	469.801	49.636	0	239.833	0	0	
0	[SLPS]	0	469.650	49.546	0	239.794	0	0	
0	[SLPS]	0	469.502	49.458	0	239.765	0	0	
0	[SLPS]	0	469.502	49.458	0	239.765	0	0	
0	[SLPS]	0	469.217	49.289	0	239.737	0	0	
0	[SLPS]	0	469.217	49.289	0	239.737	0	0	
0	[SLPS]	0	469.075	49.206	0	239.725	0	0	
0	[SLPS]	0	468.939	49.124	0	239.710	0	0	
0	[SLPS]	0	468.939	49.124	0	239.710	0	0	
0	[SLPS]	0	468.678	48.970	0	239.673	0	0	
0	[SLPS]	0	468.678	48.970	0	239.673	0	0	
0	[SLPS]	0	468.549	48.897	0	239.659	0	0	
0	[SLPS]	0	468.424	48.823	0	239.649	0	0	
0	[SLPS]	0	468.424	48.823	0	239.649	0	0	
0	[SLPS]	0	468.190	48.682	0	239.622	0	0	
0	[SLPS]	0	468.190	48.682	0	239.622	0	0	
0	[SLPS]	0	468.075	48.613	0	239.614	0	0	
0	[SLPS]	0	467.956	48.545	0	239.608	0	0	
0	[SLPS]	0	467.956	48.545	0	239.608	0	0	
0	[SLPS]	0	467.740	48.424	0	239.589	0	0	
0	[SLPS]	0	467.740	48.424	0	239.589	0	0	
0	[SLPS]	0	467.635	48.359	0	239.580	0	0	
0	[SLPS]	0	467.535	48.298	0	239.575	0	0	
0	[SLPS]	0	467.535	48.298	0	239.575	0	0	
0	[SLPS]	0	467.341	48.185	0	239.570	0	0	
0	[SLPS]	0	467.341	48.185	0	239.570	0	0	
0	[SLPS]	0	467.248	48.132	0	239.570	0	0	
0	[SLPS]	0	467.162	48.082	0	239.577	0	0	
0	[SLPS]	0	467.077	48.031	0	239.590	0	0	
0	[SLPS]	0	466.999	47.982	0	239.599	0	0	
0	[SLPS]	0	466.999	47.982	0	239.599	0	0	
0	[SLPS]	0	466.919	47.937	0	239.607	0	0	
0	[SLPS]	0	466.848	47.889	0	239.600	0	0	
0	[SLPS]	0	466.777	47.846	0	239.597	0	0	
0	[SLPS]	0	466.711	47.812	0	239.600	0	0	
0	[SLPS]	0	466.711	47.812	0	239.600	0	0	
0	[SLPS]	0	466.588	47.739	0	239.620	0	0	
0	[SLPS]	0	466.588	47.739	0	239.620	0	0	
0	[SLPS]	0	466.531	47.708	0	239.624	0	0	
0	[SLPS]	0	466.475	47.677	0	239.621	0	0	
0	[SLPS]	0	466.475	47.677	0	239.621	0	0	
0	[SLPS]	0	466.375	47.621	0	239.622	0	0	
0	[SLPS]	0	466.375	47.621	0	239.622	0	0	
0	[SLPS]	0	466.333	47.596	0	239.629	0	0	
0	[SLPS]	0	466.294	47.572	0	239.636	0	0	
0	[SLPS]	0	466.294	47.572	0	239.636	0	0	
0	[SLPS]	0	466.226	47.539	0	239.636	0	0	
0	[SLPS]	0	466.226	47.539	0	239.636	0	0	
0	[SLPS]	0	466.196	47.523	0	239.634	0	0	
0	[SLPS]	0	466.173	47.509	0	239.633	0	0	
0	[SLPS]	0	466.173	47.509	0	239.633	0	0	
0	[SLPS]	0	466.136	47.491	0	239.647	0	0	
0	[SLPS]	0	466.136	47.491	0	239.647	0	0	
0	[SLPS]	0	466.121	47.483	0	239.649	0	0	
0	[SLPS]	0	466.114	47.481	0	239.650	0	0	
0	[SLPS]	0	466.114	47.481	0	239.650	0	0	
0	[SLPS]	0	466.109	47.477	0	239.645	0	0	
0	[SLPS]	0	466.109	47.477	0	239.645	0	0	
0	[SLPS]	0	466.111	47.478	0	239.650	0	0	
0	[SLPS]	0	466.120	47.484	0	239.653	0	0	
0	[SLPS]	0	466.130	47.490	0	239.655	0	0	
0	[SLPS]	0	466.143	47.498	0	239.651	0	0	
0	[SLPS]	0	466.143	47.498	0	239.651	0	0	
0	[SLPS]	0	466.158	47.507	0	239.648	0	0	
0	[SLPS]	0	466.173	47.511	0	239.649	0	0	
0	[SLPS]	0	466.182	47.517	0	239.653	0	0	
0	[SLPS]	0	466.189	47.521	0	239.657	0	0	
0	[SLPS]	0	466.189	47.521	0	239.657	0	0	
0	[SLPS]	0	466.180	47.515	0	239.654	0	0	
0	[SLPS]	0	466.180	47.515	0	239.654	0	0	
0	[SLPS]	0	466.172	47.508	0	239.651	0	0	
0	[SLPS]	0	466.161	47.500	0	239.649	0	0	
0	[SLPS]	0	466.161	47.500	0	239.649	0	0	
0	[SLPS]	0	466.147	47.490	0	239.647	0	0	
0	[SLPS]	0	466.147	47.490	0	239.647	0	0	
0	[SLPS]	0	466.139	47.487	0	239.647	0	0	
0	[SLPS]	0	466.133	47.484	0	239.646	0	0	
0	[SLPS]	0	466.133	47.484	0	239.646	0	0	
0	[SLPS]	0	466.130	47.480	0	239.638	0	0	
0	[SLPS]	0	466.130	47.480	0	239.638	0	0	
0	[SLPS]	0	466.130	47.479	0	239.638	0	0	
0	[SLPS]	0	466.130	47.480	0	239.641	0	0	
0	[SLPS]	0	466.130	47.480	0	239.641	0	0	
0	[SLPS]	0	466.133	47.483	0	239.641	0	0	
0	[SLPS]	0	466.133	47.483	0	239.641	0	0	
0	[SLPS]	0	466.136	47.484	0	239.638	0	0	
0	[SLPS]	0	466.139	47.486	0	239.635	0	0	
0	[SLPS]	0	466.139	47.486	0	239.635	0	0	
0	[SLPS]	0	466.142	47.489	0	239.634	0	0	
0	[SLPS]	0	466.142	47.489	0	239.634	0	0	
0	[SLPS]	0	466.146	47.490	0	239.633	0	0	
0	[SLPS]	0	466.146	47.490	0	239.633	0	0	
0	[SLPS]	0	466.149	47.491	0	239.632	0	0	
0	[SLPS]	0	466.149	47.491	0	239.632	0	0	
0	[SLPS]	0	466.149	47.491	0	239.632	0	0	
0	[SLPS]	0	466.153	47.493	0	239.635	0	0	
0	[SLPS]	0	466.153	47.493	0	239.635	0	0	
0	[SLPS]	0	466.151	47.492	0	239.633	0	0	
0	[SLPS]	0	466.151	47.493	0	239.632	0	0	
0	[SLPS]	0	466.151	47.493	0	239.632	0	0	
0	[SLPS]	0	466.151	47.493	0	239.630	0	0	
0	[SLPS]	0	466.151	47.493	0	239.630	0	0	
0	[SLPS]	0	466.151	47.493	0	239.633	0	0	
0	[SLPS]	0	466.154	47.492	0	239.635	0	0	
0	[SLPS]	0	466.154	47.492	0	239.635	0	0	
0	[SLPS]	0	466.154	47.491	0	239.632	0	0	
0	[SLPS]	0	466.154	47.491	0	239.632	0	0	
0	[SLPS]	0	466.154	47.491	0	239.633	0	0	
0	[SLPS]	0	466.153	47.492	0	239.634	0	0	
0	[SLPS]	0	466.153	47.492	0	239.634	0	0	
0	[SLPS]	0	466.154	47.493	0	239.636	0	0	
0	[SLPS]	0	466.154	47.493	0	239.636	0	0	
0	[SLPS]	0	466.154	47.493	0	239.635	0	0	
0	[SLPS]	0	466.154	47.491	0	239.634	0	0	
0	[SLPS]	0	466.154	47.492	0	239.633	0	0	
0	[SLPS]	0	466.155	47.495	0	239.635	0	0	
0	[SLPS]	0	466.155	47.495	0	239.635	0	0	
0	[SLPS]	0	466.155	47.492	0	239.633	0	0	
0	[SLPS]	0	466.155	47.492	0	239.633	0	0	
0	[SLPS]	0	466.158	47.493	0	239.632	0	0	
0	[SLPS]	0	466.155	47.495	0	239.635	0	0	
0	[SLPS]	0	466.155	47.495	0	239.635	0	0	
0	[SLPS]	0	466.156	47.496	0	239.638	0	0	
0	[SLPS]	0	466.156	47.496	0	239.638	0	0	
0	[SLPS]	0	466.155	47.496	0	239.639	0	0	
0	[SLPS]	0	466.154	47.498	0	239.641	0	0	
0	[SLPS]	0	466.154	47.498	0	239.641	0	0	
0	[SLPS]	0	466.154	47.499	0	239.643	0	0	
0	[SLPS]	0	466.154	47.499	0	239.643	0	0	
0	[SLPS]	0	466.154	47.498	0	239.643	0	0	
0	[SLPS]	0	466.152	47.499	0	239.642	0	0	
0	[SLPS]	0	466.152	47.499	0	239.642	0	0	
0	[SLPS]	0	466.154	47.498	0	239.641	0	0	
0	[SLPS]	0	466.154	47.498	0	239.641	0	0	
0	[SLPS]	0	466.153	47.498	0	239.639	0	0	
0	[SLPS]	0	466.152	47.496	0	239.638	0	0	
0	[SLPS]	0	466.152	47.496	0	239.638	0	0	
0	[SLPS]	0	466.153	47.498	0	239.638	0	0	
0	[SLPS]	0	466.153	47.498	0	239.638	0	0	
0	[SLPS]	0	466.154	47.498	0	239.636	0	0	
0	[SLPS]	0	466.154	47.498	0	239.636	0	0	
0	[SLPS]	0	466.154	47.498	0	239.636	0	0	
0	[SLPS]	0	466.153	47.494	0	239.633	0	0	
0	[SLPS]	0	466.153	47.494	0	239.633	0	0	
0	[SLPS]	0	466.152	47.494	0	239.636	0	0	
0	[SLPS]	0	466.152	47.494	0	239.636	0	0	
0	[SLPS]	0	466.151	47.495	0	239.637	0	0	
0	[SLPS]	0	466.151	47.492	0	239.636	0	0	
0	[SLPS]	0	466.151	47.492	0	239.636	0	0	
0	[SLPS]	0	466.151	47.493	0	239.636	0	0	
0	[SLPS]	0	466.151	47.493	0	239.636	0	0	
0	[SLPS]	0	466.152	47.492	0	239.637	0	0	
0	[SLPS]	0	466.153	47.497	0	239.638	0	0	
0	[SLPS]	0	466.153	47.497	0	239.638	0	0	
0	[SLPS]	0	466.154	47.498	0	239.640	0	0	
0	[SLPS]	0	466.154	47.498	0	239.640	0	0	
0	[SLPS]	0	466.156	47.500	0	239.641	0	0	
0	[SLPS]	0	466.156	47.500	0	239.640	0	0	
0	[SLPS]	0	466.156	47.500	0	239.640	0	0	
0	[SLPS]	0	466.157	47.501	0	239.638	0	0	
0	[SLPS]	0	466.157	47.501	0	239.638	0	0	
0	[SLPS]	0	466.158	47.501	0	239.638	0	0	
0	[SLPS]	0	466.157	47.500	0	239.637	0	0	
0	[SLPS]	0	466.157	47.500	0	239.637	0	0	
0	[SLPS]	0	466.154	47.501	0	239.640	0	0	
0	[SLPS]	0	466.154	47.501	0	239.640	0	0	
0	[SLPS]	0	466.154	47.500	0	239.639	0	0	
0	[SLPS]	0	466.153	47.499	0	239.640	0	0	
0	[SLPS]	0	466.150	47.498	0	239.638	0	0	
0	[SLPS]	0	466.148	47.499	0	239.639	0	0	
0	[SLPS]	0	466.148	47.499	0	239.639	0	0	
0	[SLPS]	0	466.148	47.497	0	239.640	0	0	
0	[SLPS]	0	466.148	47.495	0	239.641	0	0	
0	[SLPS]	0	466.148	47.496	0	239.640	0	0	
0	[SLPS]	0	466.147	47.497	0	239.641	0	0	
0	[SLPS]	0	466.147	47.497	0	239.641	0	0	
0	[SLPS]	0	466.146	47.494	0	239.641	0	0	
0	[SLPS]	0	466.146	47.494	0	239.641	0	0	
0	[SLPS]	0	466.146	47.493	0	239.640	0	0	
0	[SLPS]	0	466.145	47.493	0	239.636	0	0	
0	[SLPS]	0	466.145	47.493	0	239.636	0	0	
0	[SLPS]	0	466.143	47.492	0	239.636	0	0	
0	[SLPS]	0	466.143	47.492	0	239.636	0	0	
0	[SLPS]	0	466.144	47.492	0	239.635	0	0	
0	[SLPS]	0	466.144	47.492	0	239.637	0	0	
0	[SLPS]	0	466.144	47.492	0	239.637	0	0	
0	[SLPS]	0	466.145	47.493	0	239.638	0	0	
0	[SLPS]	0	466.145	47.493	0	239.638	0	0	
0	[SLPS]	0	466.144	47.494	0	239.638	0	0	
0	[SLPS]	0	466.144	47.493	0	239.637	0	0	
0	[SLPS]	0	466.144	47.493	0	239.637	0	0	
0	[SLPS]	0	466.144	47.494	0	239.638	0	0	
0	[SLPS]	0	466.144	47.494	0	239.638	0	0	
0	[SLPS]	0	466.144	47.494	0	239.636	0	0	
0	[SLPS]	0	466.145	47.489	0	239.635	0	0	
0	[SLPS]	0	466.144	47.490	0	239.635	0	0	
0	[SLPS]	0	466.143	47.491	0	239.635	0	0	
0	[SLPS]	0	466.143	47.491	0	239.635	0	0	
0	[SLPS]	0	466.142	47.487	0	239.631	0	0	
0	[SLPS]	0	466.142	47.487	0	239.631	0	0	
0	[SLPS]	0	466.142	47.487	0	239.632	0	0	
0	[SLPS]	0	466.141	47.488	0	239.635	0	0	
0	[SLPS]	0	466.141	47.488	0	239.635	0	0	
0	[SLPS]	0	466.140	47.486	0	239.637	0	0	
0	[SLPS]	0	466.140	47.486	0	239.637	0	0	
0	[SLPS]	0	466.140	47.488	0	239.635	0	0	
0	[SLPS]	0	466.140	47.488	0	239.636	0	0	
0	[SLPS]	0	466.140	47.488	0	239.636	0	0	
0	[SLPS]	0	466.139	47.486	0	239.640	0	0	
0	[SLPS]	0	466.139	47.486	0	239.640	0	0	
0	[SLPS]	0	466.139	47.486	0	239.641	0	0	
0	[SLPS]	0	466.139	47.486	0	239.639	0	0	
0	[SLPS]	0	466.139	47.486	0	239.639	0	0	
0	[SLPS]	0	466.140	47.487	0	239.638	0	0	
0	[SLPS]	0	466.140	47.487	0	239.638	0	0	
0	[SLPS]	0	466.138	47.486	0	239.639	0	0	
0	[SLPS]	0	466.138	47.487	0	239.639	0	0	
0	[SLPS]	0	466.138	47.487	0	239.639	0	0	
0	[SLPS]	0	466.139	47.487	0	239.638	0	0	
0	[SLPS]	0	466.139	47.487	0	239.638	0	0	
0	[SLPS]	0	466.137	47.488	0	239.639	0	0	
0	[SLPS]	0	466.138	47.489	0	239.639	0	0	
0	[SLPS]	0	466.138	47.490	0	239.639	0	0	
0	[SLPS]	0	466.138	47.488	0	239.642	0	0	
0	[SLPS]	0	466.138	47.488	0	239.642	0	0	
0	[SLPS]	0	466.136	47.486	0	239.643	0	0	
0	[SLPS]	0	466.136	47.486	0	239.643	0	0	
0	[SLPS]	0	466.134	47.485	0	239.646	0	0	
0	[SLPS]	0	466.133	47.482	0	239.646	0	0	
0	[SLPS]	0	466.133	47.482	0	239.646	0	0	
0	[SLPS]	0	466.123	47.477	0	239.644	0	0	
0	[SLPS]	0	466.123	47.477	0	239.644	0	0	
0	[SLPS]	0	466.119	47.475	0	239.644	0	0	
0	[SLPS]	0	466.111	47.469	0	239.643	0	0	
0	[SLPS]	0	466.111	47.469	0	239.643	0	0	
0	[SLPS]	0	466.090	47.458	0	239.639	0	0	
0	[SLPS]	0	466.090	47.458	0	239.639	0	0	
0	[SLPS]	0	466.077	47.450	0	239.637	0	0	
0	[SLPS]	0	466.062	47.441	0	239.640	0	0	
0	[SLPS]	0	466.062	47.441	0	239.640	0	0	
0	[SLPS]	0	466.027	47.419	0	239.643	0	0	
0	[SLPS]	0	466.027	47.419	0	239.643	0	0	
0	[SLPS]	0	466.010	47.410	0	239.646	0	0	
0	[SLPS]	0	465.992	47.400	0	239.646	0	0	
0	[SLPS]	0	465.992	47.400	0	239.646	0	0	
0	[SLPS]	0	465.963	47.382	0	239.641	0	0	
0	[SLPS]	0	465.963	47.382	0	239.641	0	0	
0	[SLPS]	0	465.952	47.374	0	239.640	0	0	
0	[SLPS]	0	465.944	47.371	0	239.636	0	0	
0	[SLPS]	0	465.944	47.371	0	239.636	0	0	
0	[SLPS]	0	465.942	47.367	0	239.637	0	0	
0	[SLPS]	0	465.942	47.367	0	239.637	0	0	
0	[SLPS]	0	465.945	47.369	0	239.635	0	0	
0	[SLPS]	0	465.950	47.373	0	239.633	0	0	
0	[SLPS]	0	465.950	47.373	0	239.633	0	0	
0	[SLPS]	0	465.968	47.383	0	239.629	0	0	
0	[SLPS]	0	465.968	47.383	0	239.629	0	0	
0	[SLPS]	0	465.979	47.390	0	239.631	0	0	
0	[SLPS]	0	465.989	47.396	0	239.634	0	0	
0	[SLPS]	0	465.989	47.396	0	239.634	0	0	
0	[SLPS]	0	465.999	47.400	0	239.632	0	0	
0	[SLPS]	0	465.999	47.400	0	239.632	0	0	
0	[SLPS]	0	465.998	47.401	0	239.632	0	0	
0	[SLPS]	0	465.995	47.400	0	239.633	0	0	
0	[SLPS]	0	465.995	47.400	0	239.633	0	0	
0	[SLPS]	0	465.987	47.394	0	239.635	0	0	
0	[SLPS]	0	465.987	47.394	0	239.635	0	0	
0	[SLPS]	0	465.985	47.392	0	239.637	0	0	
0	[SLPS]	0	465.978	47.390	0	239.639	0	0	
0	[SLPS]	0	465.977	47.390	0	239.639	0	0	
0	[SLPS]	0	465.975	47.386	0	239.639	0	0	
0	[SLPS]	0	465.975	47.386	0	239.639	0	0	
0	[SLPS]	0	465.971	47.383	0	239.640	0	0	
0	[SLPS]	0	465.971	47.383	0	239.640	0	0	
0	[SLPS]	0	465.970	47.382	0	239.639	0	0	
0	[SLPS]	0	465.970	47.380	0	239.640	0	0	
0	[SLPS]	0	465.970	47.380	0	239.640	0	0	
0	[SLPS]	0	465.971	47.381	0	239.644	0	0	
0	[SLPS]	0	465.971	47.381	0	239.644	0	0	
0	[SLPS]	0	465.971	47.380	0	239.642	0	0	
0	[SLPS]	0	465.972	47.380	0	239.641	0	0	
0	[SLPS]	0	465.972	47.380	0	239.641	0	0	
0	[SLPS]	0	465.973	47.380	0	239.642	0	0	
0	[SLPS]	0	465.973	47.380	0	239.642	0	0	
0	[SLPS]	0	465.972	47.382	0	239.642	0	0	
0	[SLPS]	0	465.974	47.383	0	239.642	0	0	
0	[SLPS]	0	465.974	47.383	0	239.642	0	0	
0	[SLPS]	0	465.976	47.385	0	239.643	0	0	
0	[SLPS]	0	465.976	47.385	0	239.643	0	0	
0	[SLPS]	0	465.975	47.384	0	239.643	0	0	
0	[SLPS]	0	465.977	47.385	0	239.643	0	0	
0	[SLPS]	0	465.977	47.386	0	239.642	0	0	
0	[SLPS]	0	465.975	47.390	0	239.639	0	0	
0	[SLPS]	0	465.975	47.390	0	239.639	0	0	
0	[SLPS]	0	465.975	47.393	0	239.639	0	0	
0	[SLPS]	0	465.975	47.393	0	239.639	0	0	
0	[SLPS]	0	465.975	47.394	0	239.640	0	0	
0	[SLPS]	0	465.974	47.395	0	239.638	0	0	
0	[SLPS]	0	465.974	47.395	0	239.638	0	0	
0	[SLPS]	0	465.971	47.394	0	239.639	0	0	
0	[SLPS]	0	465.971	47.394	0	239.639	0	0	
0	[SLPS]	0	465.972	47.393	0	239.639	0	0	
0	[SLPS]	0	465.973	47.394	0	239.640	0	0	
0	[SLPS]	0	465.973	47.394	0	239.640	0	0	
0	[SLPS]	0	465.972	47.393	0	239.644	0	0	
0	[SLPS]	0	465.972	47.393	0	239.644	0	0	
0	[SLPS]	0	465.972	47.391	0	239.644	0	0	
0	[SLPS]	0	465.971	47.391	0	239.644	0	0	
0	[SLPS]	0	465.971	47.391	0	239.644	0	0	
0	[SLPS]	0	465.973	47.391	0	239.643	0	0	
0	[SLPS]	0	465.973	47.391	0	239.643	0	0	
0	[SLPS]	0	465.974	47.389	0	239.644	0	0	
0	[SLPS]	0	465.974	47.390	0	239.643	0	0	
0	[SLPS]	0	465.974	47.390	0	239.643	0	0	
0	[SLPS]	0	465.974	47.389	0	239.643	0	0	
0	[SLPS]	0	465.974	47.389	0	239.643	0	0	
0	[SLPS]	0	465.974	47.389	0	239.642	0	0	
0	[SLPS]	0	465.973	47.390	0	239.642	0	0	
0	[SLPS]	0	465.974	47.391	0	239.641	0	0	
0	[SLPS]	0	465.975	47.393	0	239.645	0	0	
0	[SLPS]	0	465.975	47.393	0	239.645	0	0	
0	[SLPS]	0	465.974	47.393	0	239.645	0	0	
0	[SLPS]	0	465.974	47.393	0	239.645	0	0	
0	[SLPS]	0	465.974	47.393	0	239.645	0	0	
0	[SLPS]	0	465.975	47.394	0	239.639	0	0	
0	[SLPS]	0	465.975	47.394	0	239.639	0	0	
0	[SLPS]	0	465.975	47.395	0	239.638	0	0	
0	[SLPS]	0	465.974	47.394	0	239.640	0	0	
0	[SLPS]	0	465.975	47.394	0	239.641	0	0	
0	[SLPS]	0	465.975	47.393	0	239.642	0	0	
0	[SLPS]	0	465.975	47.393	0	239.642	0	0	
0	[SLPS]	0	465.975	47.394	0	239.643	0	0	
0	[SLPS]	0	465.975	47.394	0	239.643	0	0	
0	[SLPS]	0	465.975	47.394	0	239.645	0	0	
0	[SLPS]	0	465.976	47.394	0	239.644	0	0	
0	[SLPS]	0	465.976	47.394	0	239.644	0	0	
0	[SLPS]	0	465.977	47.394	0	239.644	0	0	
0	[SLPS]	0	465.977	47.394	0	239.644	0	0	
0	[SLPS]	0	465.975	47.392	0	239.645	0	0	
0	[SLPS]	0	465.975	47.391	0	239.646	0	0	
0	[SLPS]	0	465.975	47.391	0	239.646	0	0	
0	[SLPS]	0	465.976	47.392	0	239.649	0	0	
0	[SLPS]	0	465.976	47.392	0	239.649	0	0	
0	[SLPS]	0	465.974	47.390	0	239.647	0	0	
0	[SLPS]	0	465.974	47.389	0	239.645	0	0	
0	[SLPS]	0	465.974	47.389	0	239.645	0	0	
0	[SLPS]	0	465.976	47.387	0	239.647	0	0	
0	[SLPS]	0	465.976	47.387	0	239.647	0	0	
0	[SLPS]	0	465.977	47.387	0	239.648	0	0	
0	[SLPS]	0	465.976	47.389	0	239.648	0	0	
0	[SLPS]	0	465.976	47.389	0	239.648	0	0	
0	[SLPS]	0	465.977	47.391	0	239.649	0	0	
0	[SLPS]	0	465.977	47.391	0	239.649	0	0	
0	[SLPS]	0	465.976	47.391	0	239.653	0	0	
0	[SLPS]	0	465.976	47.390	0	239.653	0	0	
0	[SLPS]	0	465.976	47.390	0	239.653	0	0	
0	[SLPS]	0	465.977	47.391	0	239.651	0	0	
0	[SLPS]	0	465.977	47.391	0	239.651	0	0	
0	[SLPS]	0	465.978	47.391	0	239.651	0	0	
0	[SLPS]	0	465.975	47.391	0	239.652	0	0	
0	[SLPS]	0	465.975	47.390	0	239.653	0	0	
0	[SLPS]	0	465.977	47.391	0	239.652	0	0	
0	[SLPS]	0	465.977	47.391	0	239.652	0	0	
0	[SLPS]	0	465.978	47.391	0	239.651	0	0	
0	[SLPS]	0	465.978	47.391	0	239.651	0	0	
0	[SLPS]	0	465.975	47.391	0	239.652	0	0	
0	[SLPS]	0	465.975	47.392	0	239.651	0	0	
0	[SLPS]	0	465.975	47.392	0	239.651	0	0	
0	[SLPS]	0	465.974	47.392	0	239.649	0	0	
0	[SLPS]	0	465.974	47.392	0	239.649	0	0	
0	[SLPS]	0	465.974	47.392	0	239.645	0	0	
0	[SLPS]	0	465.974	47.393	0	239.646	0	0	
0	[SLPS]	0	465.974	47.393	0	239.646	0	0	
0	[SLPS]	0	465.973	47.393	0	239.646	0	0	
0	[SLPS]	0	465.973	47.393	0	239.646	0	0	
0	[SLPS]	0	465.973	47.392	0	239.646	0	0	
0	[SLPS]	0	465.973	47.393	0	239.646	0	0	
0	[SLPS]	0	465.973	47.393	0	239.646	0	0	
0	[SLPS]	0	465.974	47.393	0	239.650	0	0	
0	[SLPS]	0	465.974	47.393	0	239.650	0	0	
0	[SLPS]	0	465.975	47.392	0	239.651	0	0	
0	[SLPS]	0	465.976	47.392	0	239.651	0	0	
0	[SLPS]	0	465.976	47.392	0	239.651	0	0	
0	[SLPS]	0	465.975	47.392	0	239.646	0	0	
0	[SLPS]	0	465.975	47.392	0	239.646	0	0	
0	[SLPS]	0	465.977	47.392	0	239.647	0	0	
0	[SLPS]	0	465.977	47.392	0	239.645	0	0	
0	[SLPS]	0	465.977	47.392	0	239.645	0	0	
0	[SLPS]	0	465.977	47.390	0	239.645	0	0	
0	[SLPS]	0	465.977	47.390	0	239.645	0	0	
0	[SLPS]	0	465.976	47.392	0	239.644	0	0	
0	[SLPS]	0	465.974	47.394	0	239.644	0	0	
0	[SLPS]	0	465.974	47.394	0	239.642	0	0	
0	[SLPS]	0	465.975	47.392	0	239.641	0	0	
0	[SLPS]	0	465.975	47.392	0	239.641	0	0	
0	[SLPS]	0	465.974	47.393	0	239.643	0	0	
0	[SLPS]	0	465.977	47.391	0	239.642	0	0	
0	[SLPS]	0	465.977	47.391	0	239.641	0	0	
0	[SLPS]	0	465.974	47.392	0	239.643	0	0	
0	[SLPS]	0	465.974	47.392	0	239.643	0	0	
0	[SLPS]	0	465.974	47.394	0	239.641	0	0	
0	[SLPS]	0	465.974	47.394	0	239.641	0	0	
0	[SLPS]	0	465.974	47.394	0	239.641	0	0	
0	[SLPS]	0	465.974	47.393	0	239.644	0	0	
0	[SLPS]	0	465.974	47.393	0	239.644	0	0	
0	[SLPS]	0	465.974	47.393	0	239.645	0	0	
0	[SLPS]	0	465.974	47.393	0	239.645	0	0	
0	[SLPS]	0	465.974	47.393	0	239.646	0	0	
0	[SLPS]	0	465.975	47.393	0	239.645	0	0	
0	[SLPS]	0	465.975	47.393	0	239.645	0	0	
0	[SLPS]	0	465.975	47.394	0	239.649	0	0	
0	[SLPS]	0	465.975	47.394	0	239.649	0	0	
0	[SLPS]	0	465.975	47.391	0	239.648	0	0	
0	[SLPS]	0	465.975	47.390	0	239.649	0	0	
0	[SLPS]	0	465.975	47.390	0	239.649	0	0	
0	[SLPS]	0	465.977	47.391	0	239.649	0	0	
0	[SLPS]	0	465.977	47.391	0	239.649	0	0	
0	[SLPS]	0	465.974	47.391	0	239.650	0	0	
0	[SLPS]	0	465.975	47.391	0	239.650	0	0	
0	[SLPS]	0	465.975	47.391	0	239.650	0	0	
0	[SLPS]	0	465.975	47.390	0	239.650	0	0	
0	[SLPS]	0	465.975	47.390	0	239.650	0	0	
0	[SLPS]	0	465.975	47.389	0	239.649	0	0	
0	[SLPS]	0	465.974	47.389	0	239.650	0	0	
0	[SLPS]	0	465.973	47.389	0	239.650	0	0	
0	[SLPS]	0	465.973	47.390	0	239.651	0	0	
0	[SLPS]	0	465.973	47.390	0	239.651	0	0	
0	[SLPS]	0	465.975	47.389	0	239.654	0	0	
0	[SLPS]	0	465.975	47.389	0	239.654	0	0	
0	[SLPS]	0	465.975	47.389	0	239.654	0	0	
0	[SLPS]	0	465.974	47.390	0	239.651	0	0	
0	[SLPS]	0	465.974	47.390	0	239.651	0	0	
0	[SLPS]	0	465.974	47.388	0	239.652	0	0	
0	[SLPS]	0	465.974	47.388	0	239.652	0	0	
0	[SLPS]	0	465.973	47.392	0	239.651	0	0	
0	[SLPS]	0	465.976	47.389	0	239.650	0	0	
0	[SLPS]	0	465.976	47.389	0	239.650	0	0	
0	[SLPS]	0	465.974	47.392	0	239.649	0	0	
0	[SLPS]	0	465.974	47.392	0	239.649	0	0	
0	[SLPS]	0	465.975	47.391	0	239.648	0	0	
0	[SLPS]	0	465.976	47.390	0	239.648	0	0	
0	[SLPS]	0	465.976	47.390	0	239.648	0	0	
0	[SLPS]	0	465.976	47.390	0	239.648	0	0	
0	[SLPS]	0	465.976	47.390	0	239.648	0	0	
0	[SLPS]	0	465.975	47.390	0	239.648	0	0	
0	[SLPS]	0	465.976	47.392	0	239.648	0	0	
0	[SLPS]	0	465.976	47.392	0	239.648	0	0	
0	[SLPS]	0	465.976	47.390	0	239.650	0	0	
0	[SLPS]	0	465.976	47.390	0	239.650	0	0	
0	[SLPS]	0	465.975	47.390	0	239.649	0	0	
0	[SLPS]	0	465.975	47.390	0	239.649	0	0	
0	[SLPS]	0	465.975	47.390	0	239.649	0	0	
0	[SLPS]	0	465.975	47.393	0	239.654	0	0	
0	[SLPS]	0	465.975	47.393	0	239.654	0	0	
0	[SLPS]	0	465.975	47.392	0	239.655	0	0	
0	[SLPS]	0	465.975	47.391	0	239.657	0	0	
0	[SLPS]	0	465.975	47.391	0	239.657	0	0	
0	[SLPS]	0	465.976	47.392	0	239.659	0	0	
0	[SLPS]	0	465.976	47.392	0	239.659	0	0	
0	[SLPS]	0	465.975	47.392	0	239.658	0	0	
0	[SLPS]	0	465.975	47.392	0	239.660	0	0	
0	[SLPS]	0	465.975	47.392	0	239.660	0	0	
0	[SLPS]	0	465.976	47.393	0	239.657	0	0	
0	[SLPS]	0	465.976	47.393	0	239.657	0	0	
0	[SLPS]	0	465.972	47.390	0	239.658	0	0	
0	[SLPS]	0	465.972	47.390	0	239.658	0	0	
0	[SLPS]	0	465.972	47.391	0	239.660	0	0	
0	[SLPS]	0	465.971	47.389	0	239.660	0	0	
0	[SLPS]	0	465.971	47.389	0	239.660	0	0	
0	[SLPS]	0	465.966	47.389	0	239.658	0	0	
0	[SLPS]	0	465.966	47.389	0	239.658	0	0	
0	[SLPS]	0	465.964	47.388	0	239.661	0	0	
0	[SLPS]	0	465.959	47.381	0	239.664	0	0	
0	[SLPS]	0	465.959	47.381	0	239.664	0	0	
0	[SLPS]	0	465.953	47.378	0	239.667	0	0	
0	[SLPS]	0	465.953	47.378	0	239.667	0	0	
0	[SLPS]	0	465.950	47.376	0	239.668	0	0	
0	[SLPS]	0	465.945	47.373	0	239.666	0	0	
0	[SLPS]	0	465.945	47.373	0	239.666	0	0	
0	[SLPS]	0	465.933	47.365	0	239.668	0	0	
0	[SLPS]	0	465.933	47.365	0	239.668	0	0	
0	[SLPS]	0	465.925	47.361	0	239.668	0	0	
0	[SLPS]	0	465.918	47.356	0	239.669	0	0	
0	[SLPS]	0	465.918	47.356	0	239.669	0	0	
0	[SLPS]	0	465.902	47.348	0	239.669	0	0	
0	[SLPS]	0	465.902	47.348	0	239.669	0	0	
0	[SLPS]	0	465.898	47.346	0	239.667	0	0	
0	[SLPS]	0	465.896	47.347	0	239.665	0	0	
0	[SLPS]	0	465.896	47.347	0	239.665	0	0	
0	[SLPS]	0	465.898	47.349	0	239.670	0	0	
0	[SLPS]	0	465.898	47.349	0	239.670	0	0	
0	[SLPS]	0	465.897	47.348	0	239.675	0	0	
0	[SLPS]	0	465.897	47.349	0	239.678	0	0	
0	[SLPS]	0	465.894	47.342	0	239.679	0	0	
0	[SLPS]	0	465.887	47.341	0	239.677	0	0	
0	[SLPS]	0	465.887	47.341	0	239.677	0	0	
0	[SLPS]	0	465.869	47.329	0	239.679	0	0	
0	[SLPS]	0	465.869	47.329	0	239.679	0	0	
0	[SLPS]	0	465.857	47.325	0	239.680	0	0	
0	[SLPS]	0	465.841	47.317	0	239.682	0	0	
0	[SLPS]	0	465.841	47.317	0	239.682	0	0	
0	[SLPS]	0	465.805	47.297	0	239.682	0	0	
0	[SLPS]	0	465.805	47.297	0	239.682	0	0	
0	[SLPS]	0	465.787	47.286	0	239.681	0	0	
0	[SLPS]	0	465.767	47.274	0	239.681	0	0	
0	[SLPS]	0	465.767	47.274	0	239.681	0	0	
0	[SLPS]	0	465.728	47.249	0	239.682	0	0	
0	[SLPS]	0	465.728	47.249	0	239.682	0	0	
0	[SLPS]	0	465.709	47.236	0	239.683	0	0	
0	[SLPS]	0	465.686	47.225	0	239.682	0	0	
0	[SLPS]	0	465.686	47.225	0	239.682	0	0	
0	[SLPS]	0	465.644	47.196	0	239.681	0	0	
0	[SLPS]	0	465.644	47.196	0	239.681	0	0	
0	[SLPS]	0	465.621	47.183	0	239.683	0	0	
0	[SLPS]	0	465.595	47.169	0	239.685	0	0	
0	[SLPS]	0	465.595	47.169	0	239.685	0	0	
0	[SLPS]	0	465.543	47.139	0	239.686	0	0	
0	[SLPS]	0	465.543	47.139	0	239.686	0	0	
0	[SLPS]	0	465.511	47.118	0	239.688	0	0	
0	[SLPS]	0	465.478	47.095	0	239.693	0	0	
0	[SLPS]	0	465.478	47.095	0	239.693	0	0	
0	[SLPS]	0	465.402	47.050	0	239.715	0	0	
0	[SLPS]	0	465.402	47.050	0	239.715	0	0	
0	[SLPS]	0	465.357	47.024	0	239.729	0	0	
0	[SLPS]	0	465.309	46.996	0	239.744	0	0	
0	[SLPS]	0	465.264	46.969	0	239.763	0	0	
0	[SLPS]	0	465.205	46.941	0	239.783	0	0	
0	[SLPS]	0	465.205	46.941	0	239.783	0	0	
0	[SLPS]	0	465.091	46.880	0	239.812	0	0	
0	[SLPS]	0	465.091	46.880	0	239.812	0	0	
0	[SLPS]	0	465.032	46.842	0	239.820	0	0	
0	[SLPS]	0	464.967	46.807	0	239.834	0	0	
0	[SLPS]	0	464.967	46.807	0	239.834	0	0	
0	[SLPS]	0	464.833	46.732	0	239.864	0	0	
0	[SLPS]	0	464.833	46.732	0	239.864	0	0	
0	[SLPS]	0	464.763	46.693	0	239.882	0	0	
0	[SLPS]	0	464.691	46.648	0	239.901	0	0	
0	[SLPS]	0	464.691	46.648	0	239.901	0	0	
0	[SLPS]	0	464.533	46.550	0	239.933	0	0	
0	[SLPS]	0	464.533	46.550	0	239.933	0	0	
0	[SLPS]	0	464.454	46.506	0	239.959	0	0	
0	[SLPS]	0	464.367	46.456	0	239.988	0	0	
0	[SLPS]	0	464.367	46.456	0	239.988	0	0	
0	[SLPS]	0	464.183	46.350	0	240.035	0	0	
0	[SLPS]	0	464.183	46.350	0	240.035	0	0	
0	[SLPS]	0	464.087	46.295	0	240.057	0	0	
0	[SLPS]	0	463.984	46.232	0	240.072	0	0	
0	[SLPS]	0	463.984	46.232	0	240.072	0	0	
0	[SLPS]	0	463.767	46.109	0	240.123	0	0	
0	[SLPS]	0	463.767	46.109	0	240.123	0	0	
0	[SLPS]	0	463.654	46.043	0	240.149	0	0	
0	[SLPS]	0	463.537	45.977	0	240.180	0	0	
0	[SLPS]	0	463.416	45.907	0	240.206	0	0	
0	[SLPS]	0	463.291	45.834	0	240.224	0	0	
0	[SLPS]	0	463.291	45.834	0	240.224	0	0	
0	[SLPS]	0	463.033	45.691	0	240.293	0	0	
0	[SLPS]	0	463.033	45.691	0	240.293	0	0	
0	[SLPS]	0	462.899	45.615	0	240.322	0	0	
0	[SLPS]	0	462.764	45.533	0	240.339	0	0	
0	[SLPS]	0	462.764	45.533	0	240.339	0	0	
0	[SLPS]	0	462.482	45.376	0	240.368	0	0	
0	[SLPS]	0	462.482	45.376	0	240.368	0	0	
0	[SLPS]	0	462.332	45.300	0	240.382	0	0	
0	[SLPS]	0	462.183	45.220	0	240.388	0	0	
0	[SLPS]	0	462.183	45.220	0	240.388	0	0	
0	[SLPS]	0	461.887	45.055	0	240.393	0	0	
0	[SLPS]	0	461.887	45.055	0	240.393	0	0	
0	[SLPS]	0	461.732	44.966	0	240.387	0	0	
0	[SLPS]	0	461.578	44.874	0	240.374	0	0	
0	[SLPS]	0	461.578	44.874	0	240.374	0	0	
0	[SLPS]	0	461.259	44.696	0	240.384	0	0	
0	[SLPS]	0	461.259	44.696	0	240.384	0	0	
0	[SLPS]	0	461.099	44.603	0	240.382	0	0	
0	[SLPS]	0	460.938	44.507	0	240.369	0	0	
0	[SLPS]	0	460.938	44.507	0	240.369	0	0	
0	[SLPS]	0	460.603	44.319	0	240.419	0	0	
0	[SLPS]	0	460.603	44.319	0	240.419	0	0	
0	[SLPS]	0	460.435	44.218	0	240.429	0	0	
0	[SLPS]	0	460.261	44.121	0	240.444	0	0	
0	[SLPS]	0	460.082	44.019	0	240.460	0	0	
0	[SLPS]	0	459.910	43.911	0	240.457	0	0	
0	[SLPS]	0	459.910	43.911	0	240.457	0	0	
0	[SLPS]	0	459.542	43.712	0	240.524	0	0	
0	[SLPS]	0	459.542	43.712	0	240.524	0	0	
0	[SLPS]	0	459.360	43.603	0	240.529	0	0	
0	[SLPS]	0	459.172	43.499	0	240.551	0	0	
0	[SLPS]	0	459.172	43.499	0	240.551	0	0	
0	[SLPS]	0	458.788	43.284	0	240.593	0	0	
0	[SLPS]	0	458.788	43.284	0	240.593	0	0	
0	[SLPS]	0	458.595	43.175	0	240.615	0	0	
0	[SLPS]	0	458.399	43.060	0	240.623	0	0	
0	[SLPS]	0	458.399	43.060	0	240.623	0	0	
0	[SLPS]	0	457.989	42.832	0	240.685	0	0	
0	[SLPS]	0	457.989	42.832	0	240.685	0	0	
0	[SLPS]	0	457.784	42.715	0	240.702	0	0	
0	[SLPS]	0	457.572	42.596	0	240.707	0	0	
0	[SLPS]	0	457.572	42.596	0	240.707	0	0	
0	[SLPS]	0	457.138	42.352	0	240.724	0	0	
0	[SLPS]	0	457.138	42.352	0	240.724	0	0	
0	[SLPS]	0	456.921	42.231	0	240.742	0	0	
0	[SLPS]	0	456.698	42.115	0	240.797	0	0	
0	[SLPS]	0	456.698	42.115	0	240.797	0	0	
0	[SLPS]	0	456.252	41.860	0	240.818	0	0	
0	[SLPS]	0	456.252	41.860	0	240.818	0	0	
0	[SLPS]	0	456.024	41.740	0	240.841	0	0	
0	[SLPS]	0	455.794	41.615	0	240.868	0	0	
0	[SLPS]	0	455.565	41.487	0	240.900	0	0	
0	[SLPS]	0	455.331	41.356	0	240.930	0	0	
0	[SLPS]	0	455.331	41.356	0	240.930	0	0	
0	[SLPS]	0	454.871	41.094	0	240.992	0	0	
0	[SLPS]	0	454.871	41.094	0	240.992	0	0	
0	[SLPS]	0	454.637	40.963	0	241.033	0	0	
0	[SLPS]	0	454.404	40.835	0	241.076	0	0	
0	[SLPS]	0	454.404	40.835	0	241.076	0	0	
0	[SLPS]	0	453.936	40.577	0	241.163	0	0	
0	[SLPS]	0	453.936	40.577	0	241.163	0	0	
0	[SLPS]	0	453.695	40.445	0	241.213	0	0	
0	[SLPS]	0	453.458	40.311	0	241.254	0	0	
0	[SLPS]	0	453.458	40.311	0	241.254	0	0	
0	[SLPS]	0	452.976	40.049	0	241.361	0	0	
0	[SLPS]	0	452.976	40.049	0	241.361	0	0	
0	[SLPS]	0	452.731	39.915	0	241.413	0	0	
0	[SLPS]	0	452.479	39.777	0	241.464	0	0	
0	[SLPS]	0	452.479	39.777	0	241.464	0	0	
0	[SLPS]	0	451.982	39.507	0	241.554	0	0	
0	[SLPS]	0	451.982	39.507	0	241.554	0	0	
0	[SLPS]	0	451.725	39.369	0	241.602	0	0	
0	[SLPS]	0	451.463	39.231	0	241.653	0	0	
0	[SLPS]	0	451.463	39.231	0	241.653	0	0	
0	[SLPS]	0	450.941	38.951	0	241.753	0	0	
0	[SLPS]	0	450.941	38.951	0	241.753	0	0	
0	[SLPS]	0	450.676	38.806	0	241.793	0	0	
0	[SLPS]	0	450.407	38.663	0	241.841	0	0	
0	[SLPS]	0	450.407	38.663	0	241.841	0	0	
0	[SLPS]	0	449.880	38.368	0	241.874	0	0	
0	[SLPS]	0	449.880	38.368	0	241.874	0	0	
0	[SLPS]	0	449.610	38.225	0	241.915	0	0	
0	[SLPS]	0	449.338	38.080	0	241.964	0	0	
0	[SLPS]	0	449.070	37.936	0	242.019	0	0	
0	[SLPS]	0	448.797	37.790	0	242.081	0	0	
0	[SLPS]	0	448.797	37.790	0	242.081	0	0	
0	[SLPS]	0	448.239	37.494	0	242.226	0	0	
0	[SLPS]	0	448.239	37.494	0	242.226	0	0	
0	[SLPS]	0	447.960	37.346	0	242.294	0	0	
0	[SLPS]	0	447.680	37.199	0	242.365	0	0	
0	[SLPS]	0	447.680	37.199	0	242.365	0	0	
0	[SLPS]	0	447.106	36.905	0	242.517	0	0	
0	[SLPS]	0	447.106	36.905	0	242.517	0	0	
0	[SLPS]	0	446.818	36.756	0	242.597	0	0	
0	[SLPS]	0	446.526	36.605	0	242.673	0	0	
0	[SLPS]	0	446.526	36.605	0	242.673	0	0	
0	[SLPS]	0	445.932	36.301	0	242.820	0	0	
0	[SLPS]	0	445.932	36.301	0	242.820	0	0	
0	[SLPS]	0	445.635	36.149	0	242.895	0	0	
0	[SLPS]	0	445.335	35.998	0	242.965	0	0	
0	[SLPS]	0	445.335	35.998	0	242.965	0	0	
0	[SLPS]	0	444.730	35.693	0	243.108	0	0	
0	[SLPS]	0	444.730	35.693	0	243.108	0	0	
0	[SLPS]	0	444.425	35.540	0	243.181	0	0	
0	[SLPS]	0	444.118	35.388	0	243.246	0	0	
0	[SLPS]	0	444.118	35.388	0	243.246	0	0	
0	[SLPS]	0	443.493	35.077	0	243.373	0	0	
0	[SLPS]	0	443.493	35.077	0	243.373	0	0	
0	[SLPS]	0	443.180	34.921	0	243.436	0	0	
0	[SLPS]	0	442.864	34.764	0	243.494	0	0	
0	[SLPS]	0	442.864	34.764	0	243.494	0	0	
0	[SLPS]	0	442.218	34.440	0	243.606	0	0	
0	[SLPS]	0	442.218	34.440	0	243.606	0	0	
0	[SLPS]	0	441.897	34.282	0	243.651	0	0	
0	[SLPS]	0	441.580	34.125	0	243.699	0	0	
0	[SLPS]	0	441.580	34.125	0	243.699	0	0	
0	[SLPS]	0	440.931	33.810	0	243.799	0	0	
0	[SLPS]	0	440.931	33.810	0	243.799	0	0	
0	[SLPS]	0	440.605	33.651	0	243.830	0	0	
0	[SLPS]	0	440.284	33.489	0	243.860	0	0	
0	[SLPS]	0	440.284	33.489	0	243.860	0	0	
0	[SLPS]	0	439.631	33.166	0	243.908	0	0	
0	[SLPS]	0	439.631	33.166	0	243.908	0	0	
0	[SLPS]	0	439.304	33.004	0	243.934	0	0	
0	[SLPS]	0	438.973	32.843	0	243.966	0	0	
0	[SLPS]	0	438.973	32.843	0	243.966	0	0	
0	[SLPS]	0	438.311	32.516	0	243.996	0	0	
0	[SLPS]	0	438.311	32.516	0	243.996	0	0	
0	[SLPS]	0	437.981	32.354	0	244.013	0	0	
0	[SLPS]	0	437.647	32.188	0	244.018	0	0	
0	[SLPS]	0	437.647	32.188	0	244.018	0	0	
0	[SLPS]	0	436.976	31.856	0	244.054	0	0	
0	[SLPS]	0	436.976	31.856	0	244.054	0	0	
0	[SLPS]	0	436.641	31.691	0	244.070	0	0	
0	[SLPS]	0	436.301	31.526	0	244.094	0	0	
0	[SLPS]	0	436.301	31.526	0	244.094	0	0	
0	[SLPS]	0	435.624	31.193	0	244.118	0	0	
0	[SLPS]	0	435.624	31.193	0	244.118	0	0	
0	[SLPS]	0	435.285	31.027	0	244.131	0	0	
0	[SLPS]	0	434.948	30.863	0	244.146	0	0	
0	[SLPS]	0	434.948	30.863	0	244.146	0	0	
0	[SLPS]	0	434.264	30.532	0	244.168	0	0	
0	[SLPS]	0	434.264	30.532	0	244.168	0	0	
0	[SLPS]	0	433.922	30.367	0	244.173	0	0	
0	[SLPS]	0	433.578	30.201	0	244.172	0	0	
0	[SLPS]	0	433.234	30.034	0	244.155	0	0	
0	[SLPS]	0	432.890	29.867	0	244.121	0	0	
0	[SLPS]	0	432.890	29.867	0	244.121	0	0	
0	[SLPS]	0	432.546	29.699	0	244.083	0	0	
0	[SLPS]	0	432.202	29.533	0	244.040	0	0	
0	[SLPS]	0	431.860	29.369	0	244.003	0	0	
0	[SLPS]	0	431.517	29.201	0	243.962	0	0	
0	[SLPS]	0	431.517	29.201	0	243.962	0	0	
0	[SLPS]	0	430.825	28.852	0	243.849	0	0	
0	[SLPS]	0	430.825	28.852	0	243.849	0	0	
0	[SLPS]	0	430.482	28.679	0	243.772	0	0	
0	[SLPS]	0	430.137	28.506	0	243.706	0	0	
0	[SLPS]	0	430.137	28.506	0	243.706	0	0	
0	[SLPS]	0	429.449	28.158	0	243.535	0	0	
0	[SLPS]	0	429.449	28.158	0	243.535	0	0	
0	[SLPS]	0	429.101	27.984	0	243.446	0	0	
0	[SLPS]	0	428.754	27.811	0	243.350	0	0	
0	[SLPS]	0	428.754	27.811	0	243.350	0	0	
0	[SLPS]	0	428.072	27.465	0	243.154	0	0	
0	[SLPS]	0	428.072	27.465	0	243.154	0	0	
0	[SLPS]	0	427.728	27.288	0	243.050	0	0	
0	[SLPS]	0	427.386	27.105	0	242.933	0	0	
0	[SLPS]	0	427.386	27.105	0	242.933	0	0	
0	[SLPS]	0	426.701	26.747	0	242.727	0	0	
0	[SLPS]	0	426.701	26.747	0	242.727	0	0	
0	[SLPS]	0	426.355	26.564	0	242.645	0	0	
0	[SLPS]	0	426.011	26.380	0	242.583	0	0	
0	[SLPS]	0	426.011	26.380	0	242.583	0	0	
0	[SLPS]	0	425.325	26.017	0	242.486	0	0	
0	[SLPS]	0	425.325	26.017	0	242.486	0	0	
0	[SLPS]	0	424.981	25.831	0	242.431	0	0	
0	[SLPS]	0	424.638	25.650	0	242.383	0	0	
0	[SLPS]	0	424.638	25.650	0	242.383	0	0	
0	[SLPS]	0	423.949	25.285	0	242.298	0	0	
0	[SLPS]	0	423.949	25.285	0	242.298	0	0	
0	[SLPS]	0	423.602	25.102	0	242.264	0	0	
0	[SLPS]	0	423.258	24.921	0	242.241	0	0	
0	[SLPS]	0	423.258	24.921	0	242.241	0	0	
0	[SLPS]	0	422.568	24.557	0	242.203	0	0	
0	[SLPS]	0	422.568	24.557	0	242.203	0	0	
0	[SLPS]	0	422.219	24.375	0	242.188	0	0	
0	[SLPS]	0	421.872	24.190	0	242.167	0	0	
0	[SLPS]	0	421.872	24.190	0	242.167	0	0	
0	[SLPS]	0	421.184	23.824	0	242.124	0	0	
0	[SLPS]	0	421.184	23.824	0	242.124	0	0	
0	[SLPS]	0	420.839	23.641	0	242.106	0	0	
0	[SLPS]	0	420.492	23.460	0	242.094	0	0	
0	[SLPS]	0	420.492	23.460	0	242.094	0	0	
0	[SLPS]	0	419.807	23.093	0	242.070	0	0	
0	[SLPS]	0	419.807	23.093	0	242.070	0	0	
0	[SLPS]	0	419.459	22.910	0	242.070	0	0	
0	[SLPS]	0	419.110	22.722	0	242.054	0	0	
0	[SLPS]	0	419.110	22.722	0	242.054	0	0	
0	[SLPS]	0	418.420	22.349	0	242.031	0	0	
0	[SLPS]	0	418.420	22.349	0	242.031	0	0	
0	[SLPS]	0	418.067	22.164	0	242.023	0	0	
0	[SLPS]	0	417.722	21.981	0	242.009	0	0	
0	[SLPS]	0	417.722	21.981	0	242.009	0	0	
0	[SLPS]	0	417.029	21.614	0	242.002	0	0	
0	[SLPS]	0	417.029	21.614	0	242.002	0	0	
0	[SLPS]	0	416.681	21.428	0	241.993	0	0	
0	[SLPS]	0	416.336	21.240	0	241.978	0	0	
0	[SLPS]	0	416.336	21.240	0	241.978	0	0	
0	[SLPS]	0	415.651	20.875	0	241.924	0	0	
0	[SLPS]	0	415.651	20.875	0	241.924	0	0	
0	[SLPS]	0	415.303	20.681	0	241.867	0	0	
0	[SLPS]	0	414.956	20.499	0	241.834	0	0	
0	[SLPS]	0	414.956	20.499	0	241.834	0	0	
0	[SLPS]	0	414.285	20.129	0	241.736	0	0	
0	[SLPS]	0	414.285	20.129	0	241.736	0	0	
0	[SLPS]	0	413.950	19.946	0	241.700	0	0	
0	[SLPS]	0	413.604	19.758	0	241.661	0	0	
0	[SLPS]	0	413.604	19.758	0	241.661	0	0	
0	[SLPS]	0	412.919	19.378	0	241.573	0	0	
0	[SLPS]	0	412.919	19.378	0	241.573	0	0	
0	[SLPS]	0	412.579	19.189	0	241.523	0	0	
0	[SLPS]	0	412.225	19.003	0	241.495	0	0	
0	[SLPS]	0	412.225	19.003	0	241.495	0	0	
0	[SLPS]	0	411.532	18.632	0	241.443	0	0	
0	[SLPS]	0	411.532	18.632	0	241.443	0	0	
0	[SLPS]	0	411.195	18.433	0	241.375	0	0	
0	[SLPS]	0	410.847	18.243	0	241.330	0	0	
0	[SLPS]	0	410.847	18.243	0	241.330	0	0	
0	[SLPS]	0	410.168	17.867	0	241.223	0	0	
0	[SLPS]	0	410.168	17.867	0	241.223	0	0	
0	[SLPS]	0	409.817	17.680	0	241.193	0	0	
0	[SLPS]	0	409.472	17.499	0	241.172	0	0	
0	[SLPS]	0	409.129	17.310	0	241.139	0	0	
0	[SLPS]	0	408.789	17.124	0	241.088	0	0	
0	[SLPS]	0	408.789	17.124	0	241.088	0	0	
0	[SLPS]	0	408.105	16.742	0	240.985	0	0	
0	[SLPS]	0	408.105	16.742	0	240.985	0	0	
0	[SLPS]	0	407.763	16.552	0	240.937	0	0	
0	[SLPS]	0	407.429	16.361	0	240.916	0	0	
0	[SLPS]	0	407.429	16.361	0	240.916	0	0	
0	[SLPS]	0	406.735	15.983	0	240.809	0	0	
0	[SLPS]	0	406.735	15.983	0	240.809	0	0	
0	[SLPS]	0	406.386	15.788	0	240.770	0	0	
0	[SLPS]	0	406.047	15.600	0	240.750	0	0	
0	[SLPS]	0	406.047	15.600	0	240.750	0	0	
0	[SLPS]	0	405.381	15.179	0	240.621	0	0	
0	[SLPS]	0	405.381	15.179	0	240.621	0	0	
0	[SLPS]	0	405.042	14.983	0	240.566	0	0	
0	[SLPS]	0	404.707	14.787	0	240.508	0	0	
0	[SLPS]	0	404.707	14.787	0	240.508	0	0	
0	[SLPS]	0	404.029	14.385	0	240.382	0	0	
0	[SLPS]	0	404.029	14.385	0	240.382	0	0	
0	[SLPS]	0	403.716	14.197	0	240.309	0	0	
0	[SLPS]	0	403.380	14.000	0	240.234	0	0	
0	[SLPS]	0	403.380	14.000	0	240.234	0	0	
0	[SLPS]	0	402.702	13.617	0	240.087	0	0	
0	[SLPS]	0	402.702	13.617	0	240.087	0	0	
0	[SLPS]	0	402.367	13.419	0	240.019	0	0	
0	[SLPS]	0	402.016	13.237	0	239.947	0	0	
0	[SLPS]	0	401.676	13.046	0	239.874	0	0	
0	[SLPS]	0	401.336	12.851	0	239.806	0	0	
0	[SLPS]	0	401.336	12.851	0	239.806	0	0	
0	[SLPS]	0	400.670	12.440	0	239.681	0	0	
0	[SLPS]	0	400.670	12.440	0	239.681	0	0	
0	[SLPS]	0	400.336	12.241	0	239.627	0	0	
0	[SLPS]	0	399.995	12.039	0	239.566	0	0	
0	[SLPS]	0	399.995	12.039	0	239.566	0	0	
0	[SLPS]	0	399.321	11.647	0	239.453	0	0	
0	[SLPS]	0	399.321	11.647	0	239.453	0	0	
0	[SLPS]	0	398.985	11.446	0	239.398	0	0	
0	[SLPS]	0	398.648	11.238	0	239.347	0	0	
0	[SLPS]	0	398.648	11.238	0	239.347	0	0	
0	[SLPS]	0	397.975	10.834	0	239.247	0	0	
0	[SLPS]	0	397.975	10.834	0	239.247	0	0	
0	[SLPS]	0	397.637	10.631	0	239.194	0	0	
0	[SLPS]	0	397.305	10.421	0	239.142	0	0	
0	[SLPS]	0	397.305	10.421	0	239.142	0	0	
0	[SLPS]	0	396.632	10.026	0	239.012	0	0	
0	[SLPS]	0	396.632	10.026	0	239.012	0	0	
0	[SLPS]	0	396.296	9.819	0	238.942	0	0	
0	[SLPS]	0	395.958	9.615	0	238.872	0	0	
0	[SLPS]	0	395.958	9.615	0	238.872	0	0	
0	[SLPS]	0	395.287	9.210	0	238.747	0	0	
0	[SLPS]	0	395.287	9.210	0	238.747	0	0	
0	[SLPS]	0	394.953	9.004	0	238.689	0	0	
0	[SLPS]	0	394.614	8.796	0	238.636	0	0	
0	[SLPS]	0	394.614	8.796	0	238.636	0	0	
0	[SLPS]	0	393.955	8.379	0	238.550	0	0	
0	[SLPS]	0	393.955	8.379	0	238.550	0	0	
0	[SLPS]	0	393.624	8.169	0	238.513	0	0	
0	[SLPS]	0	393.288	7.967	0	238.492	0	0	
0	[SLPS]	0	393.288	7.967	0	238.492	0	0	
0	[SLPS]	0	392.619	7.554	0	238.441	0	0	
0	[SLPS]	0	392.619	7.554	0	238.441	0	0	
0	[SLPS]	0	392.286	7.350	0	238.414	0	0	
0	[SLPS]	0	391.950	7.147	0	238.391	0	0	
0	[SLPS]	0	391.950	7.147	0	238.391	0	0	
0	[SLPS]	0	391.286	6.740	0	238.330	0	0	
0	[SLPS]	0	391.286	6.740	0	238.330	0	0	
0	[SLPS]	0	390.953	6.536	0	238.296	0	0	
0	[SLPS]	0	390.621	6.328	0	238.249	0	0	
0	[SLPS]	0	390.621	6.328	0	238.249	0	0	
0	[SLPS]	0	389.956	5.919	0	238.162	0	0	
0	[SLPS]	0	389.956	5.919	0	238.162	0	0	
0	[SLPS]	0	389.632	5.708	0	238.103	0	0	
0	[SLPS]	0	389.298	5.494	0	238.050	0	0	
0	[SLPS]	0	388.967	5.284	0	237.988	0	0	
0	[SLPS]	0	388.636	5.074	0	237.929	0	0	
0	[SLPS]	0	388.636	5.074	0	237.929	0	0	
0	[SLPS]	0	387.971	4.652	0	237.818	0	0	
0	[SLPS]	0	387.971	4.652	0	237.818	0	0	
0	[SLPS]	0	387.640	4.441	0	237.766	0	0	
0	[SLPS]	0	387.313	4.231	0	237.719	0	0	
0	[SLPS]	0	387.313	4.231	0	237.719	0	0	
0	[SLPS]	0	386.645	3.810	0	237.601	0	0	
0	[SLPS]	0	386.645	3.810	0	237.601	0	0	
0	[SLPS]	0	386.645	3.810	0	237.601	0	0	
0	[SLPS]	0	385.987	3.384	0	237.482	0	0	
0	[SLPS]	0	385.987	3.384	0	237.482	0	0	
0	[SLPS]	0	385.658	3.166	0	237.421	0	0	
0	[SLPS]	0	385.323	2.955	0	237.360	0	0	
0	[SLPS]	0	384.992	2.741	0	237.304	0	0	
0	[SLPS]	0	384.662	2.534	0	237.265	0	0	
0	[SLPS]	0	384.662	2.534	0	237.265	0	0	
0	[SLPS]	0	384.000	2.099	0	237.158	0	0	
0	[SLPS]	0	384.000	2.099	0	237.158	0	0	
0	[SLPS]	0	383.668	1.879	0	237.105	0	0	
0	[SLPS]	0	383.332	1.667	0	237.069	0	0	
0	[SLPS]	0	383.332	1.667	0	237.069	0	0	
0	[SLPS]	0	382.660	1.216	0	236.981	0	0	
0	[SLPS]	0	382.660	1.216	0	236.981	0	0	
0	[SLPS]	0	382.328	1.004	0	236.972	0	0	
0	[SLPS]	0	381.998	0.783	0	236.964	0	0	
0	[SLPS]	0	381.998	0.783	0	236.964	0	0	
0	[SLPS]	0	381.326	0.339	0	236.929	0	0	
0	[SLPS]	0	381.326	0.339	0	236.929	0	0	
0	[SLPS]	0	380.992	0.119	0	236.918	0	0	
0	[SLPS]	0	380.663	-0.102	0	236.898	0	0	
0	[SLPS]	0	380.663	-0.102	0	236.898	0	0	
0	[SLPS]	0	379.995	-0.537	0	236.907	0	0	
0	[SLPS]	0	379.995	-0.537	0	236.907	0	0	
0	[SLPS]	0	379.658	-0.756	0	236.909	0	0	
0	[SLPS]	0	379.326	-0.978	0	236.891	0	0	
0	[SLPS]	0	379.326	-0.978	0	236.891	0	0	
0	[SLPS]	0	378.659	-1.409	0	236.877	0	0	
0	[SLPS]	0	378.659	-1.409	0	236.877	0	0	
0	[SLPS]	0	378.326	-1.628	0	236.863	0	0	
0	[SLPS]	0	377.988	-1.834	0	236.848	0	0	
0	[SLPS]	0	377.654	-2.053	0	236.849	0	0	
0	[SLPS]	0	377.327	-2.269	0	236.828	0	0	
0	[SLPS]	0	377.327	-2.269	0	236.828	0	0	
0	[SLPS]	0	376.999	-2.484	0	236.811	0	0	
0	[SLPS]	0	376.661	-2.700	0	236.818	0	0	
0	[SLPS]	0	376.329	-2.914	0	236.821	0	0	
0	[SLPS]	0	375.994	-3.129	0	236.844	0	0	
0	[SLPS]	0	375.994	-3.129	0	236.844	0	0	
0	[SLPS]	0	375.652	-3.337	0	236.889	0	0	
0	[SLPS]	0	375.319	-3.557	0	236.896	0	0	
0	[SLPS]	0	374.984	-3.775	0	236.900	0	0	
0	[SLPS]	0	374.649	-3.990	0	236.939	0	0	
0	[SLPS]	0	374.649	-3.990	0	236.939	0	0	
0	[SLPS]	0	374.315	-4.205	0	236.999	0	0	
0	[SLPS]	0	373.993	-4.418	0	237.067	0	0	
0	[SLPS]	0	373.662	-4.638	0	237.141	0	0	
0	[SLPS]	0	373.333	-4.853	0	237.206	0	0	
0	[SLPS]	0	373.333	-4.853	0	237.206	0	0	
0	[SLPS]	0	372.677	-5.277	0	237.327	0	0	
0	[SLPS]	0	372.677	-5.277	0	237.327	0	0	
0	[SLPS]	0	372.346	-5.492	0	237.386	0	0	
0	[SLPS]	0	372.014	-5.703	0	237.445	0	0	
0	[SLPS]	0	372.014	-5.703	0	237.445	0	0	
0	[SLPS]	0	371.346	-6.130	0	237.576	0	0	
0	[SLPS]	0	371.346	-6.130	0	237.576	0	0	
0	[SLPS]	0	371.014	-6.342	0	237.646	0	0	
0	[SLPS]	0	370.680	-6.551	0	237.713	0	0	
0	[SLPS]	0	370.680	-6.551	0	237.713	0	0	
0	[SLPS]	0	370.021	-6.970	0	237.840	0	0	
0	[SLPS]	0	370.021	-6.970	0	237.840	0	0	
0	[SLPS]	0	369.684	-7.174	0	237.897	0	0	
0	[SLPS]	0	369.353	-7.383	0	237.959	0	0	
0	[SLPS]	0	369.353	-7.383	0	237.959	0	0	
0	[SLPS]	0	368.687	-7.797	0	238.079	0	0	
0	[SLPS]	0	368.687	-7.797	0	238.079	0	0	
0	[SLPS]	0	368.352	-8.008	0	238.150	0	0	
0	[SLPS]	0	368.020	-8.222	0	238.217	0	0	
0	[SLPS]	0	368.020	-8.222	0	238.217	0	0	
0	[SLPS]	0	367.345	-8.621	0	238.323	0	0	
0	[SLPS]	0	367.345	-8.621	0	238.323	0	0	
0	[SLPS]	0	367.011	-8.832	0	238.376	0	0	
0	[SLPS]	0	366.670	-9.029	0	238.430	0	0	
0	[SLPS]	0	366.335	-9.232	0	238.486	0	0	
0	[SLPS]	0	366.009	-9.441	0	238.541	0	0	
0	[SLPS]	0	366.009	-9.441	0	238.541	0	0	
0	[SLPS]	0	365.347	-9.847	0	238.654	0	0	
0	[SLPS]	0	365.347	-9.847	0	238.654	0	0	
0	[SLPS]	0	365.014	-10.050	0	238.709	0	0	
0	[SLPS]	0	364.683	-10.260	0	238.767	0	0	
0	[SLPS]	0	364.683	-10.260	0	238.767	0	0	
0	[SLPS]	0	364.344	-10.460	0	238.821	0	0	
0	[SLPS]	0	364.013	-10.662	0	238.882	0	0	
0	[SLPS]	0	363.674	-10.857	0	238.945	0	0	
0	[SLPS]	0	363.346	-11.062	0	239.005	0	0	
0	[SLPS]	0	363.346	-11.062	0	239.005	0	0	
0	[SLPS]	0	362.670	-11.464	0	239.116	0	0	
0	[SLPS]	0	362.670	-11.464	0	239.116	0	0	
0	[SLPS]	0	362.335	-11.665	0	239.172	0	0	
0	[SLPS]	0	362.000	-11.864	0	239.231	0	0	
0	[SLPS]	0	362.000	-11.864	0	239.231	0	0	
0	[SLPS]	0	361.335	-12.265	0	239.341	0	0	
0	[SLPS]	0	361.335	-12.265	0	239.341	0	0	
0	[SLPS]	0	361.001	-12.463	0	239.396	0	0	
0	[SLPS]	0	360.673	-12.656	0	239.453	0	0	
0	[SLPS]	0	360.673	-12.656	0	239.453	0	0	
0	[SLPS]	0	360.003	-13.061	0	239.569	0	0	
0	[SLPS]	0	360.003	-13.061	0	239.569	0	0	
0	[SLPS]	0	359.669	-13.259	0	239.626	0	0	
0	[SLPS]	0	359.333	-13.450	0	239.685	0	0	
0	[SLPS]	0	359.000	-13.647	0	239.741	0	0	
0	[SLPS]	0	358.657	-13.841	0	239.792	0	0	
0	[SLPS]	0	358.657	-13.841	0	239.792	0	0	
0	[SLPS]	0	357.981	-14.223	0	239.896	0	0	
0	[SLPS]	0	357.981	-14.223	0	239.896	0	0	
0	[SLPS]	0	357.646	-14.423	0	239.920	0	0	
0	[SLPS]	0	357.312	-14.619	0	239.942	0	0	
0	[SLPS]	0	357.312	-14.619	0	239.942	0	0	
0	[SLPS]	0	356.646	-15.007	0	239.976	0	0	
0	[SLPS]	0	356.646	-15.007	0	239.976	0	0	
0	[SLPS]	0	356.311	-15.199	0	239.984	0	0	
0	[SLPS]	0	355.975	-15.395	0	239.986	0	0	
0	[SLPS]	0	355.975	-15.395	0	239.986	0	0	
0	[SLPS]	0	355.306	-15.781	0	240.003	0	0	
0	[SLPS]	0	355.306	-15.781	0	240.003	0	0	
0	[SLPS]	0	354.968	-15.972	0	240.009	0	0	
0	[SLPS]	0	354.635	-16.167	0	240.007	0	0	
0	[SLPS]	0	354.635	-16.167	0	240.007	0	0	
0	[SLPS]	0	353.964	-16.552	0	240.003	0	0	
0	[SLPS]	0	353.964	-16.552	0	240.003	0	0	
0	[SLPS]	0	353.628	-16.749	0	239.998	0	0	
0	[SLPS]	0	353.291	-16.946	0	239.999	0	0	
0	[SLPS]	0	353.291	-16.946	0	239.999	0	0	
0	[SLPS]	0	352.629	-17.331	0	239.998	0	0	
0	[SLPS]	0	352.629	-17.331	0	239.998	0	0	
0	[SLPS]	0	352.294	-17.528	0	239.998	0	0	
0	[SLPS]	0	351.962	-17.725	0	239.995	0	0	
0	[SLPS]	0	351.962	-17.725	0	239.995	0	0	
0	[SLPS]	0	351.294	-18.107	0	240.003	0	0	
0	[SLPS]	0	351.294	-18.107	0	240.003	0	0	
0	[SLPS]	0	350.965	-18.302	0	239.997	0	0	
0	[SLPS]	0	350.622	-18.495	0	240.003	0	0	
0	[SLPS]	0	350.288	-18.689	0	240.003	0	0	
0	[SLPS]	0	349.963	-18.874	0	240.008	0	0	
0	[SLPS]	0	349.963	-18.874	0	240.008	0	0	
0	[SLPS]	0	349.627	-19.066	0	240.009	0	0	
0	[SLPS]	0	349.296	-19.264	0	239.995	0	0	
0	[SLPS]	0	348.963	-19.458	0	239.995	0	0	
0	[SLPS]	0	348.626	-19.648	0	240.006	0	0	
0	[SLPS]	0	348.626	-19.648	0	240.006	0	0	
0	[SLPS]	0	347.958	-20.034	0	240.021	0	0	
0	[SLPS]	0	347.958	-20.034	0	240.021	0	0	
0	[SLPS]	0	347.618	-20.231	0	240.024	0	0	
0	[SLPS]	0	347.285	-20.424	0	240.025	0	0	
0	[SLPS]	0	347.285	-20.424	0	240.025	0	0	
0	[SLPS]	0	346.613	-20.804	0	240.027	0	0	
0	[SLPS]	0	346.613	-20.804	0	240.027	0	0	
0	[SLPS]	0	346.278	-20.996	0	240.021	0	0	
0	[SLPS]	0	345.945	-21.184	0	240.018	0	0	
0	[SLPS]	0	345.945	-21.184	0	240.018	0	0	
0	[SLPS]	0	345.282	-21.577	0	240.007	0	0	
0	[SLPS]	0	345.282	-21.577	0	240.007	0	0	
0	[SLPS]	0	344.948	-21.771	0	240.012	0	0	
0	[SLPS]	0	344.611	-21.969	0	240.020	0	0	
0	[SLPS]	0	344.611	-21.969	0	240.020	0	0	
0	[SLPS]	0	343.931	-22.361	0	240.027	0	0	
0	[SLPS]	0	343.931	-22.361	0	240.027	0	0	
0	[SLPS]	0	343.593	-22.561	0	240.021	0	0	
0	[SLPS]	0	343.253	-22.763	0	240.020	0	0	
0	[SLPS]	0	343.253	-22.763	0	240.020	0	0	
0	[SLPS]	0	342.573	-23.171	0	240.014	0	0	
0	[SLPS]	0	342.573	-23.171	0	240.014	0	0	
0	[SLPS]	0	342.229	-23.369	0	240.020	0	0	
0	[SLPS]	0	341.884	-23.563	0	240.031	0	0	
0	[SLPS]	0	341.884	-23.563	0	240.031	0	0	
0	[SLPS]	0	341.190	-23.966	0	240.025	0	0	
0	[SLPS]	0	341.190	-23.966	0	240.025	0	0	
0	[SLPS]	0	340.844	-24.166	0	240.025	0	0	
0	[SLPS]	0	340.503	-24.359	0	240.028	0	0	
0	[SLPS]	0	340.503	-24.359	0	240.028	0	0	
0	[SLPS]	0	339.807	-24.757	0	240.019	0	0	
0	[SLPS]	0	339.807	-24.757	0	240.019	0	0	
0	[SLPS]	0	339.459	-24.958	0	240.012	0	0	
0	[SLPS]	0	339.110	-25.164	0	239.996	0	0	
0	[SLPS]	0	339.110	-25.164	0	239.996	0	0	
0	[SLPS]	0	338.403	-25.572	0	239.981	0	0	
0	[SLPS]	0	338.403	-25.572	0	239.981	0	0	
0	[SLPS]	0	338.051	-25.776	0	239.969	0	0	
0	[SLPS]	0	337.710	-25.978	0	239.956	0	0	
0	[SLPS]	0	337.710	-25.978	0	239.956	0	0	
0	[SLPS]	0	337.003	-26.393	0	239.927	0	0	
0	[SLPS]	0	337.003	-26.393	0	239.927	0	0	
0	[SLPS]	0	336.650	-26.594	0	239.919	0	0	
0	[SLPS]	0	336.296	-26.799	0	239.903	0	0	
0	[SLPS]	0	335.942	-27.007	0	239.888	0	0	
0	[SLPS]	0	335.580	-27.219	0	239.866	0	0	
0	[SLPS]	0	335.580	-27.219	0	239.866	0	0	
0	[SLPS]	0	334.876	-27.629	0	239.829	0	0	
0	[SLPS]	0	334.876	-27.629	0	239.829	0	0	
0	[SLPS]	0	334.521	-27.843	0	239.804	0	0	
0	[SLPS]	0	334.167	-28.050	0	239.781	0	0	
0	[SLPS]	0	334.167	-28.050	0	239.781	0	0	
0	[SLPS]	0	333.460	-28.466	0	239.740	0	0	
0	[SLPS]	0	333.460	-28.466	0	239.740	0	0	
0	[SLPS]	0	333.113	-28.676	0	239.710	0	0	
0	[SLPS]	0	332.759	-28.887	0	239.689	0	0	
0	[SLPS]	0	332.759	-28.887	0	239.689	0	0	
0	[SLPS]	0	332.052	-29.302	0	239.649	0	0	
0	[SLPS]	0	332.052	-29.302	0	239.649	0	0	
0	[SLPS]	0	331.700	-29.508	0	239.622	0	0	
0	[SLPS]	0	331.342	-29.715	0	239.594	0	0	
0	[SLPS]	0	330.989	-29.923	0	239.564	0	0	
0	[SLPS]	0	330.649	-30.129	0	239.526	0	0	
0	[SLPS]	0	330.649	-30.129	0	239.526	0	0	
0	[SLPS]	0	329.940	-30.542	0	239.492	0	0	
0	[SLPS]	0	329.940	-30.542	0	239.492	0	0	
0	[SLPS]	0	329.594	-30.745	0	239.472	0	0	
0	[SLPS]	0	329.245	-30.952	0	239.459	0	0	
0	[SLPS]	0	329.245	-30.952	0	239.459	0	0	
0	[SLPS]	0	328.540	-31.366	0	239.457	0	0	
0	[SLPS]	0	328.540	-31.366	0	239.457	0	0	
0	[SLPS]	0	328.196	-31.573	0	239.452	0	0	
0	[SLPS]	0	327.848	-31.785	0	239.442	0	0	
0	[SLPS]	0	327.848	-31.785	0	239.442	0	0	
0	[SLPS]	0	327.144	-32.202	0	239.438	0	0	
0	[SLPS]	0	327.144	-32.202	0	239.438	0	0	
0	[SLPS]	0	326.795	-32.409	0	239.442	0	0	
0	[SLPS]	0	326.455	-32.621	0	239.437	0	0	
0	[SLPS]	0	326.455	-32.621	0	239.437	0	0	
0	[SLPS]	0	325.761	-33.037	0	239.457	0	0	
0	[SLPS]	0	325.761	-33.037	0	239.457	0	0	
0	[SLPS]	0	325.414	-33.245	0	239.466	0	0	
0	[SLPS]	0	325.068	-33.447	0	239.479	0	0	
0	[SLPS]	0	325.068	-33.447	0	239.479	0	0	
0	[SLPS]	0	324.373	-33.857	0	239.486	0	0	
0	[SLPS]	0	324.373	-33.857	0	239.486	0	0	
0	[SLPS]	0	324.027	-34.062	0	239.496	0	0	
0	[SLPS]	0	323.676	-34.265	0	239.510	0	0	
0	[SLPS]	0	323.321	-34.475	0	239.517	0	0	
0	[SLPS]	0	322.974	-34.678	0	239.529	0	0	
0	[SLPS]	0	322.974	-34.678	0	239.529	0	0	
0	[SLPS]	0	322.275	-35.092	0	239.538	0	0	
0	[SLPS]	0	322.275	-35.092	0	239.538	0	0	
0	[SLPS]	0	321.933	-35.290	0	239.551	0	0	
0	[SLPS]	0	321.583	-35.491	0	239.569	0	0	
0	[SLPS]	0	321.583	-35.491	0	239.569	0	0	
0	[SLPS]	0	320.885	-35.892	0	239.584	0	0	
0	[SLPS]	0	320.885	-35.892	0	239.584	0	0	
0	[SLPS]	0	320.533	-36.101	0	239.585	0	0	
0	[SLPS]	0	320.192	-36.304	0	239.587	0	0	
0	[SLPS]	0	320.192	-36.304	0	239.587	0	0	
0	[SLPS]	0	319.509	-36.708	0	239.611	0	0	
0	[SLPS]	0	319.509	-36.708	0	239.611	0	0	
0	[SLPS]	0	319.166	-36.921	0	239.610	0	0	
0	[SLPS]	0	318.824	-37.119	0	239.623	0	0	
0	[SLPS]	0	318.824	-37.119	0	239.623	0	0	
0	[SLPS]	0	318.143	-37.521	0	239.640	0	0	
0	[SLPS]	0	318.143	-37.521	0	239.640	0	0	
0	[SLPS]	0	317.797	-37.728	0	239.646	0	0	
0	[SLPS]	0	317.452	-37.926	0	239.656	0	0	
0	[SLPS]	0	317.452	-37.926	0	239.656	0	0	
0	[SLPS]	0	316.760	-38.329	0	239.672	0	0	
0	[SLPS]	0	316.760	-38.329	0	239.672	0	0	
0	[SLPS]	0	316.076	-38.741	0	239.681	0	0	
0	[SLPS]	0	316.076	-38.741	0	239.681	0	0	
0	[SLPS]	0	316.076	-38.741	0	239.681	0	0	
0	[SLPS]	0	315.384	-39.133	0	239.711	0	0	
0	[SLPS]	0	315.384	-39.133	0	239.711	0	0	
0	[SLPS]	0	315.036	-39.342	0	239.712	0	0	
0	[SLPS]	0	314.690	-39.546	0	239.720	0	0	
0	[SLPS]	0	314.348	-39.751	0	239.719	0	0	
0	[SLPS]	0	314.003	-39.950	0	239.729	0	0	
0	[SLPS]	0	314.003	-39.950	0	239.729	0	0	
0	[SLPS]	0	313.660	-40.152	0	239.738	0	0	
0	[SLPS]	0	313.311	-40.354	0	239.752	0	0	
0	[SLPS]	0	312.968	-40.555	0	239.760	0	0	
0	[SLPS]	0	312.631	-40.765	0	239.762	0	0	
0	[SLPS]	0	312.631	-40.765	0	239.762	0	0	
0	[SLPS]	0	312.289	-40.967	0	239.771	0	0	
0	[SLPS]	0	311.950	-41.172	0	239.779	0	0	
0	[SLPS]	0	311.609	-41.375	0	239.788	0	0	
0	[SLPS]	0	311.262	-41.566	0	239.806	0	0	
0	[SLPS]	0	311.262	-41.566	0	239.806	0	0	
0	[SLPS]	0	310.914	-41.765	0	239.818	0	0	
0	[SLPS]	0	310.575	-41.965	0	239.820	0	0	
0	[SLPS]	0	310.575	-41.965	0	239.820	0	0	
0	[SLPS]	0	309.898	-42.348	0	239.844	0	0	
0	[SLPS]	0	309.898	-42.348	0	239.844	0	0	
0	[SLPS]	0	309.550	-42.550	0	239.849	0	0	
0	[SLPS]	0	309.213	-42.748	0	239.855	0	0	
0	[SLPS]	0	308.872	-42.946	0	239.866	0	0	
0	[SLPS]	0	308.536	-43.146	0	239.871	0	0	
0	[SLPS]	0	308.536	-43.146	0	239.871	0	0	
0	[SLPS]	0	307.858	-43.538	0	239.884	0	0	
0	[SLPS]	0	307.858	-43.538	0	239.884	0	0	
0	[SLPS]	0	307.522	-43.739	0	239.887	0	0	
0	[SLPS]	0	307.183	-43.946	0	239.891	0	0	
0	[SLPS]	0	307.183	-43.946	0	239.891	0	0	
0	[SLPS]	0	306.840	-44.144	0	239.897	0	0	
0	[SLPS]	0	306.504	-44.340	0	239.906	0	0	
0	[SLPS]	0	306.165	-44.537	0	239.913	0	0	
0	[SLPS]	0	305.808	-44.722	0	239.942	0	0	
0	[SLPS]	0	305.808	-44.722	0	239.942	0	0	
0	[SLPS]	0	305.131	-45.119	0	239.955	0	0	
0	[SLPS]	0	305.131	-45.119	0	239.955	0	0	
0	[SLPS]	0	304.791	-45.315	0	239.960	0	0	
0	[SLPS]	0	304.450	-45.512	0	239.958	0	0	
0	[SLPS]	0	304.450	-45.512	0	239.958	0	0	
0	[SLPS]	0	303.769	-45.904	0	239.970	0	0	
0	[SLPS]	0	303.769	-45.904	0	239.970	0	0	
0	[SLPS]	0	303.431	-46.103	0	239.975	0	0	
0	[SLPS]	0	303.097	-46.305	0	239.974	0	0	
0	[SLPS]	0	303.097	-46.305	0	239.974	0	0	
0	[SLPS]	0	302.414	-46.695	0	239.977	0	0	
0	[SLPS]	0	302.414	-46.695	0	239.977	0	0	
0	[SLPS]	0	302.077	-46.891	0	239.969	0	0	
0	[SLPS]	0	301.736	-47.081	0	239.967	0	0	
0	[SLPS]	0	301.736	-47.081	0	239.967	0	0	
0	[SLPS]	0	301.067	-47.469	0	239.963	0	0	
0	[SLPS]	0	301.067	-47.469	0	239.963	0	0	
0	[SLPS]	0	300.737	-47.666	0	239.955	0	0	
0	[SLPS]	0	300.396	-47.867	0	239.948	0	0	
0	[SLPS]	0	300.396	-47.867	0	239.948	0	0	
0	[SLPS]	0	299.722	-48.256	0	239.936	0	0	
0	[SLPS]	0	299.722	-48.256	0	239.936	0	0	
0	[SLPS]	0	299.386	-48.451	0	239.925	0	0	
0	[SLPS]	0	299.046	-48.653	0	239.916	0	0	
0	[SLPS]	0	299.046	-48.653	0	239.916	0	0	
0	[SLPS]	0	298.370	-49.045	0	239.914	0	0	
0	[SLPS]	0	298.370	-49.045	0	239.914	0	0	
0	[SLPS]	0	298.033	-49.242	0	239.915	0	0	
0	[SLPS]	0	297.690	-49.435	0	239.919	0	0	
0	[SLPS]	0	297.690	-49.435	0	239.919	0	0	
0	[SLPS]	0	297.020	-49.833	0	239.894	0	0	
0	[SLPS]	0	297.020	-49.833	0	239.894	0	0	
0	[SLPS]	0	296.686	-50.025	0	239.887	0	0	
0	[SLPS]	0	296.352	-50.224	0	239.872	0	0	
0	[SLPS]	0	296.352	-50.224	0	239.872	0	0	
0	[SLPS]	0	295.690	-50.621	0	239.864	0	0	
0	[SLPS]	0	295.690	-50.621	0	239.864	0	0	
0	[SLPS]	0	295.354	-50.815	0	239.866	0	0	
0	[SLPS]	0	295.013	-51.006	0	239.866	0	0	
0	[SLPS]	0	295.013	-51.006	0	239.866	0	0	
0	[SLPS]	0	294.346	-51.404	0	239.845	0	0	
0	[SLPS]	0	294.346	-51.404	0	239.845	0	0	
0	[SLPS]	0	293.679	-51.792	0	239.845	0	0	
0	[SLPS]	0	293.679	-51.792	0	239.845	0	0	
0	[SLPS]	0	293.344	-51.990	0	239.840	0	0	
0	[SLPS]	0	293.008	-52.185	0	239.832	0	0	
0	[SLPS]	0	293.008	-52.185	0	239.832	0	0	
0	[SLPS]	0	292.346	-52.577	0	239.812	0	0	
0	[SLPS]	0	292.346	-52.577	0	239.812	0	0	
0	[SLPS]	0	292.010	-52.767	0	239.810	0	0	
0	[SLPS]	0	291.671	-52.966	0	239.805	0	0	
0	[SLPS]	0	291.671	-52.966	0	239.805	0	0	
0	[SLPS]	0	291.017	-53.345	0	239.803	0	0	
0	[SLPS]	0	291.017	-53.345	0	239.803	0	0	
0	[SLPS]	0	290.675	-53.538	0	239.811	0	0	
0	[SLPS]	0	290.344	-53.740	0	239.811	0	0	
0	[SLPS]	0	290.344	-53.740	0	239.811	0	0	
0	[SLPS]	0	289.689	-54.129	0	239.808	0	0	
0	[SLPS]	0	289.689	-54.129	0	239.808	0	0	
0	[SLPS]	0	289.353	-54.323	0	239.800	0	0	
0	[SLPS]	0	289.022	-54.515	0	239.798	0	0	
0	[SLPS]	0	289.022	-54.515	0	239.798	0	0	
0	[SLPS]	0	288.356	-54.909	0	239.787	0	0	
0	[SLPS]	0	288.356	-54.909	0	239.787	0	0	
0	[SLPS]	0	288.017	-55.098	0	239.791	0	0	
0	[SLPS]	0	287.691	-55.308	0	239.769	0	0	
0	[SLPS]	0	287.691	-55.308	0	239.769	0	0	
0	[SLPS]	0	287.021	-55.697	0	239.770	0	0	
0	[SLPS]	0	287.021	-55.697	0	239.770	0	0	
0	[SLPS]	0	286.687	-55.888	0	239.770	0	0	
0	[SLPS]	0	286.358	-56.087	0	239.762	0	0	
0	[SLPS]	0	286.358	-56.087	0	239.762	0	0	
0	[SLPS]	0	285.703	-56.479	0	239.750	0	0	
0	[SLPS]	0	285.703	-56.479	0	239.750	0	0	
0	[SLPS]	0	285.045	-56.866	0	239.740	0	0	
0	[SLPS]	0	285.045	-56.866	0	239.740	0	0	
0	[SLPS]	0	284.715	-57.061	0	239.738	0	0	
0	[SLPS]	0	284.387	-57.253	0	239.734	0	0	
0	[SLPS]	0	284.387	-57.253	0	239.734	0	0	
0	[SLPS]	0	283.729	-57.644	0	239.720	0	0	
0	[SLPS]	0	283.729	-57.644	0	239.720	0	0	
0	[SLPS]	0	283.398	-57.830	0	239.723	0	0	
0	[SLPS]	0	283.067	-58.022	0	239.715	0	0	
0	[SLPS]	0	283.067	-58.022	0	239.715	0	0	
0	[SLPS]	0	282.399	-58.400	0	239.702	0	0	
0	[SLPS]	0	282.399	-58.400	0	239.702	0	0	
0	[SLPS]	0	282.074	-58.598	0	239.683	0	0	
0	[SLPS]	0	281.741	-58.788	0	239.677	0	0	
0	[SLPS]	0	281.741	-58.788	0	239.677	0	0	
0	[SLPS]	0	281.080	-59.168	0	239.664	0	0	
0	[SLPS]	0	281.080	-59.168	0	239.664	0	0	
0	[SLPS]	0	280.751	-59.360	0	239.648	0	0	
0	[SLPS]	0	280.420	-59.545	0	239.638	0	0	
0	[SLPS]	0	280.420	-59.545	0	239.638	0	0	
0	[SLPS]	0	279.765	-59.936	0	239.587	0	0	
0	[SLPS]	0	279.765	-59.936	0	239.587	0	0	
0	[SLPS]	0	279.436	-60.129	0	239.573	0	0	
0	[SLPS]	0	279.115	-60.334	0	239.548	0	0	
0	[SLPS]	0	279.115	-60.334	0	239.548	0	0	
0	[SLPS]	0	278.462	-60.732	0	239.514	0	0	
0	[SLPS]	0	278.462	-60.732	0	239.514	0	0	
0	[SLPS]	0	278.135	-60.928	0	239.501	0	0	
0	[SLPS]	0	277.803	-61.118	0	239.495	0	0	
0	[SLPS]	0	277.482	-61.311	0	239.487	0	0	
0	[SLPS]	0	277.157	-61.506	0	239.477	0	0	
0	[SLPS]	0	277.157	-61.506	0	239.477	0	0	
0	[SLPS]	0	276.831	-61.700	0	239.459	0	0	
0	[SLPS]	0	276.511	-61.885	0	239.435	0	0	
0	[SLPS]	0	276.185	-62.076	0	239.413	0	0	
0	[SLPS]	0	275.855	-62.270	0	239.392	0	0	
0	[SLPS]	0	275.855	-62.270	0	239.392	0	0	
0	[SLPS]	0	275.531	-62.460	0	239.377	0	0	
0	[SLPS]	0	275.205	-62.654	0	239.369	0	0	
0	[SLPS]	0	274.884	-62.845	0	239.358	0	0	
0	[SLPS]	0	274.560	-63.038	0	239.344	0	0	
0	[SLPS]	0	274.560	-63.038	0	239.344	0	0	
0	[SLPS]	0	273.913	-63.430	0	239.311	0	0	
0	[SLPS]	0	273.913	-63.430	0	239.311	0	0	
0	[SLPS]	0	273.584	-63.620	0	239.303	0	0	
0	[SLPS]	0	273.260	-63.818	0	239.286	0	0	
0	[SLPS]	0	273.260	-63.818	0	239.286	0	0	
0	[SLPS]	0	272.619	-64.191	0	239.254	0	0	
0	[SLPS]	0	272.619	-64.191	0	239.254	0	0	
0	[SLPS]	0	272.288	-64.384	0	239.234	0	0	
0	[SLPS]	0	271.966	-64.576	0	239.215	0	0	
0	[SLPS]	0	271.966	-64.576	0	239.215	0	0	
0	[SLPS]	0	271.322	-64.952	0	239.191	0	0	
0	[SLPS]	0	271.322	-64.952	0	239.191	0	0	
0	[SLPS]	0	271.002	-65.147	0	239.173	0	0	
0	[SLPS]	0	270.687	-65.342	0	239.153	0	0	
0	[SLPS]	0	270.687	-65.342	0	239.153	0	0	
0	[SLPS]	0	270.043	-65.731	0	239.120	0	0	
0	[SLPS]	0	270.043	-65.731	0	239.120	0	0	
0	[SLPS]	0	269.719	-65.929	0	239.109	0	0	
0	[SLPS]	0	269.402	-66.123	0	239.100	0	0	
0	[SLPS]	0	269.402	-66.123	0	239.100	0	0	
0	[SLPS]	0	268.763	-66.515	0	239.119	0	0	
0	[SLPS]	0	268.763	-66.515	0	239.119	0	0	
0	[SLPS]	0	268.441	-66.721	0	239.136	0	0	
0	[SLPS]	0	268.114	-66.915	0	239.149	0	0	
0	[SLPS]	0	268.114	-66.915	0	239.149	0	0	
0	[SLPS]	0	267.476	-67.305	0	239.148	0	0	
0	[SLPS]	0	267.476	-67.305	0	239.148	0	0	
0	[SLPS]	0	267.140	-67.494	0	239.167	0	0	
0	[SLPS]	0	266.828	-67.690	0	239.173	0	0	
0	[SLPS]	0	266.828	-67.690	0	239.173	0	0	
0	[SLPS]	0	266.196	-68.083	0	239.187	0	0	
0	[SLPS]	0	266.196	-68.083	0	239.187	0	0	
0	[SLPS]	0	265.879	-68.271	0	239.198	0	0	
0	[SLPS]	0	265.551	-68.457	0	239.213	0	0	
0	[SLPS]	0	265.230	-68.648	0	239.228	0	0	
0	[SLPS]	0	264.906	-68.833	0	239.249	0	0	
0	[SLPS]	0	264.906	-68.833	0	239.249	0	0	
0	[SLPS]	0	264.257	-69.212	0	239.284	0	0	
0	[SLPS]	0	264.257	-69.212	0	239.284	0	0	
0	[SLPS]	0	263.936	-69.402	0	239.293	0	0	
0	[SLPS]	0	263.630	-69.604	0	239.285	0	0	
0	[SLPS]	0	263.630	-69.604	0	239.285	0	0	
0	[SLPS]	0	262.984	-69.982	0	239.306	0	0	
0	[SLPS]	0	262.984	-69.982	0	239.306	0	0	
0	[SLPS]	0	262.667	-70.169	0	239.324	0	0	
0	[SLPS]	0	262.353	-70.367	0	239.334	0	0	
0	[SLPS]	0	262.353	-70.367	0	239.334	0	0	
0	[SLPS]	0	261.708	-70.741	0	239.371	0	0	
0	[SLPS]	0	261.708	-70.741	0	239.371	0	0	
0	[SLPS]	0	261.389	-70.932	0	239.382	0	0	
0	[SLPS]	0	261.065	-71.123	0	239.401	0	0	
0	[SLPS]	0	261.065	-71.123	0	239.401	0	0	
0	[SLPS]	0	260.415	-71.497	0	239.440	0	0	
0	[SLPS]	0	260.415	-71.497	0	239.440	0	0	
0	[SLPS]	0	260.092	-71.686	0	239.447	0	0	
0	[SLPS]	0	259.776	-71.880	0	239.449	0	0	
0	[SLPS]	0	259.446	-72.076	0	239.454	0	0	
0	[SLPS]	0	259.125	-72.266	0	239.455	0	0	
0	[SLPS]	0	259.125	-72.266	0	239.455	0	0	
0	[SLPS]	0	258.479	-72.651	0	239.472	0	0	
0	[SLPS]	0	258.479	-72.651	0	239.472	0	0	
0	[SLPS]	0	258.155	-72.843	0	239.484	0	0	
0	[SLPS]	0	257.828	-73.036	0	239.503	0	0	
0	[SLPS]	0	257.828	-73.036	0	239.503	0	0	
0	[SLPS]	0	257.182	-73.420	0	239.537	0	0	
0	[SLPS]	0	257.182	-73.420	0	239.537	0	0	
0	[SLPS]	0	256.858	-73.607	0	239.550	0	0	
0	[SLPS]	0	256.534	-73.799	0	239.557	0	0	
0	[SLPS]	0	256.534	-73.799	0	239.557	0	0	
0	[SLPS]	0	255.886	-74.184	0	239.562	0	0	
0	[SLPS]	0	255.886	-74.184	0	239.562	0	0	
0	[SLPS]	0	255.561	-74.374	0	239.566	0	0	
0	[SLPS]	0	255.234	-74.563	0	239.577	0	0	
0	[SLPS]	0	255.234	-74.563	0	239.577	0	0	
0	[SLPS]	0	254.588	-74.945	0	239.599	0	0	
0	[SLPS]	0	254.588	-74.945	0	239.599	0	0	
0	[SLPS]	0	254.262	-75.138	0	239.612	0	0	
0	[SLPS]	0	253.935	-75.327	0	239.624	0	0	
0	[SLPS]	0	253.935	-75.327	0	239.624	0	0	
0	[SLPS]	0	253.282	-75.708	0	239.642	0	0	
0	[SLPS]	0	253.282	-75.708	0	239.642	0	0	
0	[SLPS]	0	252.947	-75.905	0	239.649	0	0	
0	[SLPS]	0	252.622	-76.097	0	239.656	0	0	
0	[SLPS]	0	252.622	-76.097	0	239.656	0	0	
0	[SLPS]	0	252.296	-76.288	0	239.654	0	0	
0	[SLPS]	0	251.977	-76.479	0	239.652	0	0	
0	[SLPS]	0	251.654	-76.671	0	239.648	0	0	
0	[SLPS]	0	251.328	-76.863	0	239.656	0	0	
0	[SLPS]	0	251.328	-76.863	0	239.656	0	0	
0	[SLPS]	0	251.003	-77.054	0	239.665	0	0	
0	[SLPS]	0	250.681	-77.244	0	239.676	0	0	
0	[SLPS]	0	250.354	-77.435	0	239.683	0	0	
0	[SLPS]	0	250.026	-77.628	0	239.682	0	0	
0	[SLPS]	0	250.026	-77.628	0	239.682	0	0	
0	[SLPS]	0	249.375	-78.016	0	239.680	0	0	
0	[SLPS]	0	249.375	-78.016	0	239.680	0	0	
0	[SLPS]	0	249.039	-78.202	0	239.690	0	0	
0	[SLPS]	0	248.709	-78.391	0	239.697	0	0	
0	[SLPS]	0	248.709	-78.391	0	239.697	0	0	
0	[SLPS]	0	248.053	-78.770	0	239.708	0	0	
0	[SLPS]	0	248.053	-78.770	0	239.708	0	0	
0	[SLPS]	0	247.722	-78.960	0	239.716	0	0	
0	[SLPS]	0	247.393	-79.157	0	239.717	0	0	
0	[SLPS]	0	247.393	-79.157	0	239.717	0	0	
0	[SLPS]	0	246.733	-79.544	0	239.722	0	0	
0	[SLPS]	0	246.733	-79.544	0	239.722	0	0	
0	[SLPS]	0	246.403	-79.742	0	239.735	0	0	
0	[SLPS]	0	246.069	-79.944	0	239.744	0	0	
0	[SLPS]	0	246.069	-79.944	0	239.744	0	0	
0	[SLPS]	0	245.410	-80.329	0	239.763	0	0	
0	[SLPS]	0	245.410	-80.329	0	239.763	0	0	
0	[SLPS]	0	245.079	-80.522	0	239.771	0	0	
0	[SLPS]	0	244.744	-80.719	0	239.779	0	0	
0	[SLPS]	0	244.744	-80.719	0	239.779	0	0	
0	[SLPS]	0	244.083	-81.105	0	239.813	0	0	
0	[SLPS]	0	244.083	-81.105	0	239.813	0	0	
0	[SLPS]	0	243.749	-81.303	0	239.821	0	0	
0	[SLPS]	0	243.411	-81.498	0	239.824	0	0	
0	[SLPS]	0	243.411	-81.498	0	239.824	0	0	
0	[SLPS]	0	242.738	-81.890	0	239.832	0	0	
0	[SLPS]	0	242.738	-81.890	0	239.832	0	0	
0	[SLPS]	0	242.408	-82.096	0	239.826	0	0	
0	[SLPS]	0	242.073	-82.293	0	239.829	0	0	
0	[SLPS]	0	242.073	-82.293	0	239.829	0	0	
0	[SLPS]	0	241.398	-82.694	0	239.815	0	0	
0	[SLPS]	0	241.398	-82.694	0	239.815	0	0	
0	[SLPS]	0	241.061	-82.890	0	239.794	0	0	
0	[SLPS]	0	240.721	-83.083	0	239.789	0	0	
0	[SLPS]	0	240.721	-83.083	0	239.789	0	0	
0	[SLPS]	0	240.052	-83.475	0	239.768	0	0	
0	[SLPS]	0	240.052	-83.475	0	239.768	0	0	
0	[SLPS]	0	239.717	-83.673	0	239.755	0	0	
0	[SLPS]	0	239.376	-83.873	0	239.726	0	0	
0	[SLPS]	0	239.037	-84.071	0	239.700	0	0	
0	[SLPS]	0	238.698	-84.270	0	239.671	0	0	
0	[SLPS]	0	238.698	-84.270	0	239.671	0	0	
0	[SLPS]	0	238.354	-84.466	0	239.667	0	0	
0	[SLPS]	0	238.013	-84.667	0	239.660	0	0	
0	[SLPS]	0	237.675	-84.864	0	239.667	0	0	
0	[SLPS]	0	237.338	-85.069	0	239.667	0	0	
0	[SLPS]	0	237.338	-85.069	0	239.667	0	0	
0	[SLPS]	0	236.661	-85.463	0	239.672	0	0	
0	[SLPS]	0	236.661	-85.463	0	239.672	0	0	
0	[SLPS]	0	236.320	-85.660	0	239.670	0	0	
0	[SLPS]	0	235.982	-85.858	0	239.674	0	0	
0	[SLPS]	0	235.982	-85.858	0	239.674	0	0	
0	[SLPS]	0	235.302	-86.256	0	239.681	0	0	
0	[SLPS]	0	235.302	-86.256	0	239.681	0	0	
0	[SLPS]	0	234.961	-86.455	0	239.688	0	0	
0	[SLPS]	0	234.618	-86.653	0	239.694	0	0	
0	[SLPS]	0	234.618	-86.653	0	239.694	0	0	
0	[SLPS]	0	233.932	-87.055	0	239.702	0	0	
0	[SLPS]	0	233.932	-87.055	0	239.702	0	0	
0	[SLPS]	0	233.589	-87.255	0	239.704	0	0	
0	[SLPS]	0	233.250	-87.452	0	239.715	0	0	
0	[SLPS]	0	233.250	-87.452	0	239.715	0	0	
0	[SLPS]	0	232.563	-87.859	0	239.723	0	0	
0	[SLPS]	0	232.563	-87.859	0	239.723	0	0	
0	[SLPS]	0	231.878	-88.257	0	239.728	0	0	
0	[SLPS]	0	231.878	-88.257	0	239.728	0	0	
0	[SLPS]	0	231.536	-88.465	0	239.729	0	0	
0	[SLPS]	0	231.185	-88.659	0	239.744	0	0	
0	[SLPS]	0	231.185	-88.659	0	239.744	0	0	
0	[SLPS]	0	230.506	-89.061	0	239.737	0	0	
0	[SLPS]	0	230.506	-89.061	0	239.737	0	0	
0	[SLPS]	0	230.157	-89.265	0	239.739	0	0	
0	[SLPS]	0	229.809	-89.459	0	239.756	0	0	
0	[SLPS]	0	229.809	-89.459	0	239.756	0	0	
0	[SLPS]	0	229.122	-89.872	0	239.768	0	0	
0	[SLPS]	0	229.122	-89.872	0	239.768	0	0	
0	[SLPS]	0	228.779	-90.080	0	239.761	0	0	
0	[SLPS]	0	228.432	-90.278	0	239.764	0	0	
0	[SLPS]	0	228.090	-90.481	0	239.762	0	0	
0	[SLPS]	0	227.740	-90.676	0	239.777	0	0	
0	[SLPS]	0	227.740	-90.676	0	239.777	0	0	
0	[SLPS]	0	227.395	-90.886	0	239.776	0	0	
0	[SLPS]	0	227.043	-91.080	0	239.790	0	0	
0	[SLPS]	0	226.696	-91.281	0	239.791	0	0	
0	[SLPS]	0	226.366	-91.491	0	239.774	0	0	
0	[SLPS]	0	226.366	-91.491	0	239.774	0	0	
0	[SLPS]	0	226.022	-91.691	0	239.782	0	0	
0	[SLPS]	0	225.668	-91.900	0	239.787	0	0	
0	[SLPS]	0	225.321	-92.103	0	239.791	0	0	
0	[SLPS]	0	224.982	-92.305	0	239.788	0	0	
0	[SLPS]	0	224.982	-92.305	0	239.788	0	0	
0	[SLPS]	0	224.283	-92.714	0	239.792	0	0	
0	[SLPS]	0	224.283	-92.714	0	239.792	0	0	
0	[SLPS]	0	223.935	-92.917	0	239.795	0	0	
0	[SLPS]	0	223.590	-93.116	0	239.799	0	0	
0	[SLPS]	0	223.590	-93.116	0	239.799	0	0	
0	[SLPS]	0	222.894	-93.529	0	239.788	0	0	
0	[SLPS]	0	222.894	-93.529	0	239.788	0	0	
0	[SLPS]	0	222.547	-93.731	0	239.785	0	0	
0	[SLPS]	0	222.191	-93.930	0	239.793	0	0	
0	[SLPS]	0	222.191	-93.930	0	239.793	0	0	
0	[SLPS]	0	221.498	-94.345	0	239.788	0	0	
0	[SLPS]	0	221.498	-94.345	0	239.788	0	0	
0	[SLPS]	0	221.153	-94.549	0	239.789	0	0	
0	[SLPS]	0	220.804	-94.755	0	239.787	0	0	
0	[SLPS]	0	220.804	-94.755	0	239.787	0	0	
0	[SLPS]	0	220.111	-95.168	0	239.789	0	0	
0	[SLPS]	0	220.111	-95.168	0	239.789	0	0	
0	[SLPS]	0	219.763	-95.373	0	239.786	0	0	
0	[SLPS]	0	219.417	-95.574	0	239.792	0	0	
0	[SLPS]	0	219.065	-95.777	0	239.795	0	0	
0	[SLPS]	0	218.715	-95.978	0	239.796	0	0	
0	[SLPS]	0	218.715	-95.978	0	239.796	0	0	
0	[SLPS]	0	218.372	-96.184	0	239.792	0	0	
0	[SLPS]	0	218.020	-96.386	0	239.793	0	0	
0	[SLPS]	0	217.668	-96.591	0	239.792	0	0	
0	[SLPS]	0	217.310	-96.803	0	239.789	0	0	
0	[SLPS]	0	217.310	-96.803	0	239.789	0	0	
0	[SLPS]	0	216.608	-97.213	0	239.800	0	0	
0	[SLPS]	0	216.608	-97.213	0	239.800	0	0	
0	[SLPS]	0	216.258	-97.418	0	239.806	0	0	
0	[SLPS]	0	215.906	-97.624	0	239.810	0	0	
0	[SLPS]	0	215.906	-97.624	0	239.810	0	0	
0	[SLPS]	0	215.197	-98.034	0	239.814	0	0	
0	[SLPS]	0	215.197	-98.034	0	239.814	0	0	
0	[SLPS]	0	214.850	-98.245	0	239.809	0	0	
0	[SLPS]	0	214.496	-98.452	0	239.807	0	0	
0	[SLPS]	0	214.144	-98.650	0	239.813	0	0	
0	[SLPS]	0	213.790	-98.861	0	239.817	0	0	
0	[SLPS]	0	213.790	-98.861	0	239.817	0	0	
0	[SLPS]	0	213.085	-99.272	0	239.826	0	0	
0	[SLPS]	0	213.085	-99.272	0	239.826	0	0	
0	[SLPS]	0	212.732	-99.477	0	239.825	0	0	
0	[SLPS]	0	212.385	-99.676	0	239.830	0	0	
0	[SLPS]	0	212.385	-99.676	0	239.830	0	0	
0	[SLPS]	0	211.676	-100.091	0	239.825	0	0	
0	[SLPS]	0	211.676	-100.091	0	239.825	0	0	
0	[SLPS]	0	211.323	-100.297	0	239.826	0	0	
0	[SLPS]	0	210.978	-100.495	0	239.829	0	0	
0	[SLPS]	0	210.978	-100.495	0	239.829	0	0	
0	[SLPS]	0	210.268	-100.913	0	239.833	0	0	
0	[SLPS]	0	210.268	-100.913	0	239.833	0	0	
0	[SLPS]	0	209.915	-101.119	0	239.835	0	0	
0	[SLPS]	0	209.568	-101.327	0	239.836	0	0	
0	[SLPS]	0	209.568	-101.327	0	239.836	0	0	
0	[SLPS]	0	208.851	-101.743	0	239.856	0	0	
0	[SLPS]	0	208.851	-101.743	0	239.856	0	0	
0	[SLPS]	0	208.497	-101.943	0	239.864	0	0	
0	[SLPS]	0	208.145	-102.158	0	239.854	0	0	
0	[SLPS]	0	208.145	-102.158	0	239.854	0	0	
0	[SLPS]	0	207.426	-102.573	0	239.862	0	0	
0	[SLPS]	0	207.426	-102.573	0	239.862	0	0	
0	[SLPS]	0	207.070	-102.773	0	239.872	0	0	
0	[SLPS]	0	206.714	-102.981	0	239.877	0	0	
0	[SLPS]	0	206.359	-103.190	0	239.878	0	0	
0	[SLPS]	0	206.003	-103.400	0	239.879	0	0	
0	[SLPS]	0	206.003	-103.400	0	239.879	0	0	
0	[SLPS]	0	205.295	-103.820	0	239.865	0	0	
0	[SLPS]	0	205.295	-103.820	0	239.865	0	0	
0	[SLPS]	0	204.935	-104.027	0	239.869	0	0	
0	[SLPS]	0	204.578	-104.232	0	239.878	0	0	
0	[SLPS]	0	204.578	-104.232	0	239.878	0	0	
0	[SLPS]	0	204.226	-104.433	0	239.886	0	0	
0	[SLPS]	0	203.864	-104.643	0	239.893	0	0	
0	[SLPS]	0	203.506	-104.852	0	239.898	0	0	
0	[SLPS]	0	203.151	-105.058	0	239.900	0	0	
0	[SLPS]	0	203.151	-105.058	0	239.900	0	0	
0	[SLPS]	0	202.438	-105.469	0	239.901	0	0	
0	[SLPS]	0	202.438	-105.469	0	239.901	0	0	
0	[SLPS]	0	202.082	-105.674	0	239.904	0	0	
0	[SLPS]	0	201.726	-105.881	0	239.909	0	0	
0	[SLPS]	0	201.726	-105.881	0	239.909	0	0	
0	[SLPS]	0	201.013	-106.295	0	239.915	0	0	
0	[SLPS]	0	201.013	-106.295	0	239.915	0	0	
0	[SLPS]	0	200.656	-106.507	0	239.908	0	0	
0	[SLPS]	0	200.304	-106.713	0	239.899	0	0	
0	[SLPS]	0	200.304	-106.713	0	239.899	0	0	
0	[SLPS]	0	199.588	-107.128	0	239.895	0	0	
0	[SLPS]	0	199.588	-107.128	0	239.895	0	0	
0	[SLPS]	0	198.870	-107.542	0	239.891	0	0	
0	[SLPS]	0	198.870	-107.542	0	239.891	0	0	
0	[SLPS]	0	198.512	-107.750	0	239.883	0	0	
0	[SLPS]	0	198.159	-107.960	0	239.875	0	0	
0	[SLPS]	0	198.159	-107.960	0	239.875	0	0	
0	[SLPS]	0	197.443	-108.381	0	239.862	0	0	
0	[SLPS]	0	197.443	-108.381	0	239.862	0	0	
0	[SLPS]	0	197.085	-108.590	0	239.851	0	0	
0	[SLPS]	0	196.724	-108.800	0	239.846	0	0	
0	[SLPS]	0	196.724	-108.800	0	239.846	0	0	
0	[SLPS]	0	196.007	-109.219	0	239.833	0	0	
0	[SLPS]	0	196.007	-109.219	0	239.833	0	0	
0	[SLPS]	0	195.649	-109.429	0	239.829	0	0	
0	[SLPS]	0	195.297	-109.638	0	239.820	0	0	
0	[SLPS]	0	195.297	-109.638	0	239.820	0	0	
0	[SLPS]	0	194.578	-110.064	0	239.796	0	0	
0	[SLPS]	0	194.578	-110.064	0	239.796	0	0	
0	[SLPS]	0	194.230	-110.276	0	239.787	0	0	
0	[SLPS]	0	193.873	-110.486	0	239.783	0	0	
0	[SLPS]	0	193.873	-110.486	0	239.783	0	0	
0	[SLPS]	0	193.155	-110.912	0	239.764	0	0	
0	[SLPS]	0	193.155	-110.912	0	239.764	0	0	
0	[SLPS]	0	192.801	-111.121	0	239.758	0	0	
0	[SLPS]	0	192.442	-111.322	0	239.764	0	0	
0	[SLPS]	0	192.442	-111.322	0	239.764	0	0	
0	[SLPS]	0	191.716	-111.750	0	239.756	0	0	
0	[SLPS]	0	191.716	-111.750	0	239.756	0	0	
0	[SLPS]	0	191.358	-111.960	0	239.743	0	0	
0	[SLPS]	0	191.004	-112.165	0	239.732	0	0	
0	[SLPS]	0	191.004	-112.165	0	239.732	0	0	
0	[SLPS]	0	190.283	-112.587	0	239.728	0	0	
0	[SLPS]	0	190.283	-112.587	0	239.728	0	0	
0	[SLPS]	0	189.925	-112.798	0	239.718	0	0	
0	[SLPS]	0	189.574	-113.004	0	239.709	0	0	
0	[SLPS]	0	189.210	-113.211	0	239.704	0	0	
0	[SLPS]	0	188.847	-113.417	0	239.704	0	0	
0	[SLPS]	0	188.847	-113.417	0	239.704	0	0	
0	[SLPS]	0	188.135	-113.840	0	239.687	0	0	
0	[SLPS]	0	188.135	-113.840	0	239.687	0	0	
0	[SLPS]	0	187.776	-114.054	0	239.675	0	0	
0	[SLPS]	0	187.417	-114.267	0	239.668	0	0	
0	[SLPS]	0	187.417	-114.267	0	239.668	0	0	
0	[SLPS]	0	186.708	-114.688	0	239.652	0	0	
0	[SLPS]	0	186.708	-114.688	0	239.652	0	0	
0	[SLPS]	0	186.337	-114.905	0	239.650	0	0	
0	[SLPS]	0	185.974	-115.111	0	239.649	0	0	
0	[SLPS]	0	185.974	-115.111	0	239.649	0	0	
0	[SLPS]	0	185.262	-115.538	0	239.625	0	0	
0	[SLPS]	0	185.262	-115.538	0	239.625	0	0	
0	[SLPS]	0	184.896	-115.748	0	239.616	0	0	
0	[SLPS]	0	184.537	-115.968	0	239.603	0	0	
0	[SLPS]	0	184.537	-115.968	0	239.603	0	0	
0	[SLPS]	0	183.822	-116.394	0	239.587	0	0	
0	[SLPS]	0	183.822	-116.394	0	239.587	0	0	
0	[SLPS]	0	183.467	-116.609	0	239.577	0	0	
0	[SLPS]	0	183.116	-116.828	0	239.566	0	0	
0	[SLPS]	0	183.116	-116.828	0	239.566	0	0	
0	[SLPS]	0	182.397	-117.246	0	239.552	0	0	
0	[SLPS]	0	182.397	-117.246	0	239.552	0	0	
0	[SLPS]	0	181.671	-117.664	0	239.550	0	0	
0	[SLPS]	0	181.671	-117.664	0	239.550	0	0	
0	[SLPS]	0	181.311	-117.875	0	239.554	0	0	
0	[SLPS]	0	180.955	-118.088	0	239.553	0	0	
0	[SLPS]	0	180.955	-118.088	0	239.553	0	0	
0	[SLPS]	0	180.228	-118.509	0	239.562	0	0	
0	[SLPS]	0	180.228	-118.509	0	239.562	0	0	
0	[SLPS]	0	179.871	-118.724	0	239.561	0	0	
0	[SLPS]	0	179.504	-118.936	0	239.567	0	0	
0	[SLPS]	0	179.504	-118.936	0	239.567	0	0	
0	[SLPS]	0	179.147	-119.155	0	239.564	0	0	
0	[SLPS]	0	178.779	-119.354	0	239.586	0	0	
0	[SLPS]	0	178.418	-119.564	0	239.595	0	0	
0	[SLPS]	0	178.061	-119.769	0	239.603	0	0	
0	[SLPS]	0	178.061	-119.769	0	239.603	0	0	
0	[SLPS]	0	177.351	-120.206	0	239.602	0	0	
0	[SLPS]	0	177.351	-120.206	0	239.602	0	0	
0	[SLPS]	0	176.992	-120.418	0	239.608	0	0	
0	[SLPS]	0	176.613	-120.615	0	239.635	0	0	
0	[SLPS]	0	176.613	-120.615	0	239.635	0	0	
0	[SLPS]	0	175.889	-121.038	0	239.650	0	0	
0	[SLPS]	0	175.889	-121.038	0	239.650	0	0	
0	[SLPS]	0	175.527	-121.253	0	239.654	0	0	
0	[SLPS]	0	175.164	-121.462	0	239.663	0	0	
0	[SLPS]	0	175.164	-121.462	0	239.663	0	0	
0	[SLPS]	0	174.441	-121.885	0	239.674	0	0	
0	[SLPS]	0	174.441	-121.885	0	239.674	0	0	
0	[SLPS]	0	174.084	-122.101	0	239.678	0	0	
0	[SLPS]	0	173.722	-122.310	0	239.685	0	0	
0	[SLPS]	0	173.366	-122.525	0	239.686	0	0	
0	[SLPS]	0	173.008	-122.736	0	239.689	0	0	
0	[SLPS]	0	173.008	-122.736	0	239.689	0	0	
0	[SLPS]	0	172.308	-123.179	0	239.681	0	0	
0	[SLPS]	0	172.308	-123.179	0	239.681	0	0	
0	[SLPS]	0	171.951	-123.391	0	239.694	0	0	
0	[SLPS]	0	171.594	-123.608	0	239.701	0	0	
0	[SLPS]	0	171.594	-123.608	0	239.701	0	0	
0	[SLPS]	0	170.884	-124.040	0	239.711	0	0	
0	[SLPS]	0	170.884	-124.040	0	239.711	0	0	
0	[SLPS]	0	170.524	-124.254	0	239.710	0	0	
0	[SLPS]	0	170.163	-124.460	0	239.717	0	0	
0	[SLPS]	0	170.163	-124.460	0	239.717	0	0	
0	[SLPS]	0	169.440	-124.878	0	239.729	0	0	
0	[SLPS]	0	169.440	-124.878	0	239.729	0	0	
0	[SLPS]	0	169.079	-125.089	0	239.735	0	0	
0	[SLPS]	0	168.713	-125.297	0	239.737	0	0	
0	[SLPS]	0	168.713	-125.297	0	239.737	0	0	
0	[SLPS]	0	167.984	-125.713	0	239.738	0	0	
0	[SLPS]	0	167.984	-125.713	0	239.738	0	0	
0	[SLPS]	0	167.625	-125.927	0	239.737	0	0	
0	[SLPS]	0	167.263	-126.137	0	239.750	0	0	
0	[SLPS]	0	167.263	-126.137	0	239.750	0	0	
0	[SLPS]	0	166.537	-126.559	0	239.779	0	0	
0	[SLPS]	0	166.537	-126.559	0	239.779	0	0	
0	[SLPS]	0	166.171	-126.772	0	239.781	0	0	
0	[SLPS]	0	165.808	-126.983	0	239.787	0	0	
0	[SLPS]	0	165.808	-126.983	0	239.787	0	0	
0	[SLPS]	0	165.098	-127.421	0	239.778	0	0	
0	[SLPS]	0	165.098	-127.421	0	239.778	0	0	
0	[SLPS]	0	164.739	-127.636	0	239.788	0	0	
0	[SLPS]	0	164.381	-127.850	0	239.805	0	0	
0	[SLPS]	0	164.023	-128.059	0	239.838	0	0	
0	[SLPS]	0	163.658	-128.273	0	239.870	0	0	
0	[SLPS]	0	163.658	-128.273	0	239.870	0	0	
0	[SLPS]	0	162.932	-128.697	0	239.955	0	0	
0	[SLPS]	0	162.932	-128.697	0	239.955	0	0	
0	[SLPS]	0	162.570	-128.908	0	239.993	0	0	
0	[SLPS]	0	162.215	-129.109	0	240.029	0	0	
0	[SLPS]	0	162.215	-129.109	0	240.029	0	0	
0	[SLPS]	0	161.486	-129.532	0	240.095	0	0	
0	[SLPS]	0	161.486	-129.532	0	240.095	0	0	
0	[SLPS]	0	161.123	-129.732	0	240.139	0	0	
0	[SLPS]	0	160.765	-129.940	0	240.169	0	0	
0	[SLPS]	0	160.765	-129.940	0	240.169	0	0	
0	[SLPS]	0	160.028	-130.352	0	240.227	0	0	
0	[SLPS]	0	160.028	-130.352	0	240.227	0	0	
0	[SLPS]	0	159.664	-130.559	0	240.255	0	0	
0	[SLPS]	0	159.311	-130.770	0	240.278	0	0	
0	[SLPS]	0	159.311	-130.770	0	240.278	0	0	
0	[SLPS]	0	158.579	-131.183	0	240.340	0	0	
0	[SLPS]	0	158.579	-131.183	0	240.340	0	0	
0	[SLPS]	0	158.215	-131.389	0	240.364	0	0	
0	[SLPS]	0	157.860	-131.597	0	240.387	0	0	
0	[SLPS]	0	157.860	-131.597	0	240.387	0	0	
0	[SLPS]	0	157.118	-132.009	0	240.421	0	0	
0	[SLPS]	0	157.118	-132.009	0	240.421	0	0	
0	[SLPS]	0	156.753	-132.215	0	240.430	0	0	
0	[SLPS]	0	156.394	-132.413	0	240.438	0	0	
0	[SLPS]	0	156.394	-132.413	0	240.438	0	0	
0	[SLPS]	0	155.661	-132.825	0	240.453	0	0	
0	[SLPS]	0	155.661	-132.825	0	240.453	0	0	
0	[SLPS]	0	155.296	-133.030	0	240.457	0	0	
0	[SLPS]	0	154.946	-133.228	0	240.453	0	0	
0	[SLPS]	0	154.946	-133.228	0	240.453	0	0	
0	[SLPS]	0	154.211	-133.643	0	240.443	0	0	
0	[SLPS]	0	154.211	-133.643	0	240.443	0	0	
0	[SLPS]	0	153.848	-133.848	0	240.438	0	0	
0	[SLPS]	0	153.499	-134.057	0	240.427	0	0	
0	[SLPS]	0	153.499	-134.057	0	240.427	0	0	
0	[SLPS]	0	152.772	-134.473	0	240.403	0	0	
