0	[SLPS]	0	739.305	-30.155	0	238.922	0	0	
0	[SLPS]	0	739.305	-30.155	0	238.922	0	0	
0	[SLPS]	0	738.874	-30.416	0	238.915	0	0	
0	[SLPS]	0	738.441	-30.682	0	238.909	0	0	
0	[SLPS]	0	738.441	-30.682	0	238.909	0	0	
0	[SLPS]	0	737.569	-31.213	0	238.907	0	0	
0	[SLPS]	0	737.569	-31.213	0	238.907	0	0	
0	[SLPS]	0	737.122	-31.464	0	238.941	0	0	
0	[SLPS]	0	736.690	-31.733	0	238.924	0	0	
0	[SLPS]	0	736.690	-31.733	0	238.924	0	0	
0	[SLPS]	0	735.803	-32.253	0	238.953	0	0	
0	[SLPS]	0	735.803	-32.253	0	238.953	0	0	
0	[SLPS]	0	735.361	-32.520	0	238.966	0	0	
0	[SLPS]	0	734.922	-32.793	0	238.988	0	0	
0	[SLPS]	0	734.922	-32.793	0	238.988	0	0	
0	[SLPS]	0	734.033	-33.315	0	239.074	0	0	
0	[SLPS]	0	734.033	-33.315	0	239.074	0	0	
0	[SLPS]	0	733.149	-33.861	0	239.118	0	0	
0	[SLPS]	0	733.149	-33.861	0	239.118	0	0	
0	[SLPS]	0	732.703	-34.128	0	239.141	0	0	
0	[SLPS]	0	732.256	-34.394	0	239.182	0	0	
0	[SLPS]	0	732.256	-34.394	0	239.182	0	0	
0	[SLPS]	0	731.348	-34.934	0	239.241	0	0	
0	[SLPS]	0	731.348	-34.934	0	239.241	0	0	
0	[SLPS]	0	730.901	-35.202	0	239.267	0	0	
0	[SLPS]	0	730.453	-35.476	0	239.283	0	0	
0	[SLPS]	0	730.453	-35.476	0	239.283	0	0	
0	[SLPS]	0	729.542	-36.001	0	239.339	0	0	
0	[SLPS]	0	729.542	-36.001	0	239.339	0	0	
0	[SLPS]	0	729.094	-36.265	0	239.348	0	0	
0	[SLPS]	0	728.641	-36.534	0	239.338	0	0	
0	[SLPS]	0	728.641	-36.534	0	239.338	0	0	
0	[SLPS]	0	727.722	-37.076	0	239.305	0	0	
0	[SLPS]	0	727.722	-37.076	0	239.305	0	0	
0	[SLPS]	0	727.273	-37.351	0	239.273	0	0	
0	[SLPS]	0	726.821	-37.627	0	239.239	0	0	
0	[SLPS]	0	726.821	-37.627	0	239.239	0	0	
0	[SLPS]	0	725.905	-38.166	0	239.218	0	0	
0	[SLPS]	0	725.905	-38.166	0	239.218	0	0	
0	[SLPS]	0	725.462	-38.443	0	239.187	0	0	
0	[SLPS]	0	725.006	-38.715	0	239.169	0	0	
0	[SLPS]	0	725.006	-38.715	0	239.169	0	0	
0	[SLPS]	0	724.096	-39.251	0	239.097	0	0	
0	[SLPS]	0	724.096	-39.251	0	239.097	0	0	
0	[SLPS]	0	723.643	-39.521	0	239.071	0	0	
0	[SLPS]	0	723.190	-39.782	0	239.059	0	0	
0	[SLPS]	0	723.190	-39.782	0	239.059	0	0	
0	[SLPS]	0	722.289	-40.321	0	239.007	0	0	
0	[SLPS]	0	722.289	-40.321	0	239.007	0	0	
0	[SLPS]	0	721.379	-40.863	0	238.955	0	0	
0	[SLPS]	0	721.379	-40.863	0	238.955	0	0	
0	[SLPS]	0	720.929	-41.146	0	238.918	0	0	
0	[SLPS]	0	720.487	-41.410	0	238.895	0	0	
0	[SLPS]	0	720.487	-41.410	0	238.895	0	0	
0	[SLPS]	0	719.587	-41.954	0	238.854	0	0	
0	[SLPS]	0	719.587	-41.954	0	238.854	0	0	
0	[SLPS]	0	719.138	-42.230	0	238.842	0	0	
0	[SLPS]	0	718.695	-42.507	0	238.831	0	0	
0	[SLPS]	0	718.695	-42.507	0	238.831	0	0	
0	[SLPS]	0	717.796	-43.051	0	238.863	0	0	
0	[SLPS]	0	717.796	-43.051	0	238.863	0	0	
0	[SLPS]	0	717.359	-43.315	0	238.885	0	0	
0	[SLPS]	0	716.913	-43.594	0	238.898	0	0	
0	[SLPS]	0	716.913	-43.594	0	238.898	0	0	
0	[SLPS]	0	716.015	-44.132	0	238.938	0	0	
0	[SLPS]	0	716.015	-44.132	0	238.938	0	0	
0	[SLPS]	0	715.564	-44.402	0	238.954	0	0	
0	[SLPS]	0	715.123	-44.661	0	238.975	0	0	
0	[SLPS]	0	715.123	-44.661	0	238.975	0	0	
0	[SLPS]	0	714.238	-45.210	0	238.984	0	0	
0	[SLPS]	0	714.238	-45.210	0	238.984	0	0	
0	[SLPS]	0	713.795	-45.483	0	238.993	0	0	
0	[SLPS]	0	713.346	-45.755	0	239.005	0	0	
0	[SLPS]	0	713.346	-45.755	0	239.005	0	0	
0	[SLPS]	0	712.456	-46.298	0	239.035	0	0	
0	[SLPS]	0	712.456	-46.298	0	239.035	0	0	
0	[SLPS]	0	712.014	-46.570	0	239.046	0	0	
0	[SLPS]	0	711.552	-46.831	0	239.081	0	0	
0	[SLPS]	0	711.552	-46.831	0	239.081	0	0	
0	[SLPS]	0	710.668	-47.365	0	239.100	0	0	
0	[SLPS]	0	710.668	-47.365	0	239.100	0	0	
0	[SLPS]	0	710.224	-47.638	0	239.098	0	0	
0	[SLPS]	0	709.771	-47.899	0	239.122	0	0	
0	[SLPS]	0	709.326	-48.160	0	239.139	0	0	
0	[SLPS]	0	708.881	-48.422	0	239.154	0	0	
0	[SLPS]	0	708.881	-48.422	0	239.154	0	0	
0	[SLPS]	0	708.436	-48.698	0	239.156	0	0	
0	[SLPS]	0	707.984	-48.954	0	239.180	0	0	
0	[SLPS]	0	707.537	-49.220	0	239.190	0	0	
0	[SLPS]	0	707.096	-49.495	0	239.186	0	0	
0	[SLPS]	0	707.096	-49.495	0	239.186	0	0	
0	[SLPS]	0	706.196	-50.027	0	239.219	0	0	
0	[SLPS]	0	706.196	-50.027	0	239.219	0	0	
0	[SLPS]	0	705.753	-50.294	0	239.224	0	0	
0	[SLPS]	0	705.306	-50.557	0	239.234	0	0	
0	[SLPS]	0	705.306	-50.557	0	239.234	0	0	
0	[SLPS]	0	704.408	-51.086	0	239.251	0	0	
0	[SLPS]	0	704.408	-51.086	0	239.251	0	0	
0	[SLPS]	0	703.968	-51.353	0	239.248	0	0	
0	[SLPS]	0	703.522	-51.618	0	239.242	0	0	
0	[SLPS]	0	703.522	-51.618	0	239.242	0	0	
0	[SLPS]	0	702.627	-52.151	0	239.231	0	0	
0	[SLPS]	0	702.627	-52.151	0	239.231	0	0	
0	[SLPS]	0	702.184	-52.411	0	239.231	0	0	
0	[SLPS]	0	701.742	-52.682	0	239.220	0	0	
0	[SLPS]	0	701.742	-52.682	0	239.220	0	0	
0	[SLPS]	0	700.853	-53.217	0	239.214	0	0	
0	[SLPS]	0	700.853	-53.217	0	239.214	0	0	
0	[SLPS]	0	700.415	-53.486	0	239.196	0	0	
0	[SLPS]	0	699.979	-53.763	0	239.176	0	0	
0	[SLPS]	0	699.534	-54.028	0	239.178	0	0	
0	[SLPS]	0	699.088	-54.296	0	239.179	0	0	
0	[SLPS]	0	699.088	-54.296	0	239.179	0	0	
0	[SLPS]	0	698.202	-54.828	0	239.176	0	0	
0	[SLPS]	0	698.202	-54.828	0	239.176	0	0	
0	[SLPS]	0	697.760	-55.097	0	239.165	0	0	
0	[SLPS]	0	697.312	-55.365	0	239.164	0	0	
0	[SLPS]	0	697.312	-55.365	0	239.164	0	0	
0	[SLPS]	0	696.423	-55.890	0	239.158	0	0	
0	[SLPS]	0	696.423	-55.890	0	239.158	0	0	
0	[SLPS]	0	695.978	-56.151	0	239.152	0	0	
0	[SLPS]	0	695.522	-56.425	0	239.144	0	0	
0	[SLPS]	0	695.522	-56.425	0	239.144	0	0	
0	[SLPS]	0	695.080	-56.693	0	239.135	0	0	
0	[SLPS]	0	694.637	-56.956	0	239.131	0	0	
0	[SLPS]	0	694.190	-57.222	0	239.127	0	0	
0	[SLPS]	0	693.745	-57.485	0	239.124	0	0	
0	[SLPS]	0	693.745	-57.485	0	239.124	0	0	
0	[SLPS]	0	692.863	-58.017	0	239.105	0	0	
0	[SLPS]	0	692.863	-58.017	0	239.105	0	0	
0	[SLPS]	0	692.420	-58.274	0	239.111	0	0	
0	[SLPS]	0	691.983	-58.533	0	239.105	0	0	
0	[SLPS]	0	691.983	-58.533	0	239.105	0	0	
0	[SLPS]	0	691.105	-59.056	0	239.102	0	0	
0	[SLPS]	0	691.105	-59.056	0	239.102	0	0	
0	[SLPS]	0	690.671	-59.322	0	239.089	0	0	
0	[SLPS]	0	690.235	-59.585	0	239.083	0	0	
0	[SLPS]	0	690.235	-59.585	0	239.083	0	0	
0	[SLPS]	0	689.374	-60.116	0	239.066	0	0	
0	[SLPS]	0	689.374	-60.116	0	239.066	0	0	
0	[SLPS]	0	688.946	-60.379	0	239.059	0	0	
0	[SLPS]	0	688.514	-60.637	0	239.063	0	0	
0	[SLPS]	0	688.514	-60.637	0	239.063	0	0	
0	[SLPS]	0	687.657	-61.153	0	239.073	0	0	
0	[SLPS]	0	687.657	-61.153	0	239.073	0	0	
0	[SLPS]	0	687.222	-61.413	0	239.081	0	0	
0	[SLPS]	0	686.793	-61.677	0	239.086	0	0	
0	[SLPS]	0	686.793	-61.677	0	239.086	0	0	
0	[SLPS]	0	685.928	-62.183	0	239.124	0	0	
0	[SLPS]	0	685.928	-62.183	0	239.124	0	0	
0	[SLPS]	0	685.500	-62.441	0	239.141	0	0	
0	[SLPS]	0	685.071	-62.704	0	239.155	0	0	
0	[SLPS]	0	685.071	-62.704	0	239.155	0	0	
0	[SLPS]	0	684.208	-63.210	0	239.197	0	0	
0	[SLPS]	0	684.208	-63.210	0	239.197	0	0	
0	[SLPS]	0	683.776	-63.470	0	239.215	0	0	
0	[SLPS]	0	683.344	-63.730	0	239.236	0	0	
0	[SLPS]	0	683.344	-63.730	0	239.236	0	0	
0	[SLPS]	0	682.481	-64.233	0	239.287	0	0	
0	[SLPS]	0	682.481	-64.233	0	239.287	0	0	
0	[SLPS]	0	682.042	-64.490	0	239.305	0	0	
0	[SLPS]	0	681.611	-64.747	0	239.318	0	0	
0	[SLPS]	0	681.179	-64.997	0	239.340	0	0	
0	[SLPS]	0	680.750	-65.249	0	239.361	0	0	
0	[SLPS]	0	680.750	-65.249	0	239.361	0	0	
0	[SLPS]	0	679.880	-65.757	0	239.403	0	0	
0	[SLPS]	0	679.880	-65.757	0	239.403	0	0	
0	[SLPS]	0	679.451	-66.009	0	239.421	0	0	
0	[SLPS]	0	679.036	-66.272	0	239.432	0	0	
0	[SLPS]	0	679.036	-66.272	0	239.432	0	0	
0	[SLPS]	0	678.182	-66.777	0	239.475	0	0	
0	[SLPS]	0	678.182	-66.777	0	239.475	0	0	
0	[SLPS]	0	677.756	-67.028	0	239.494	0	0	
0	[SLPS]	0	677.336	-67.283	0	239.515	0	0	
0	[SLPS]	0	677.336	-67.283	0	239.515	0	0	
0	[SLPS]	0	676.479	-67.782	0	239.562	0	0	
0	[SLPS]	0	676.479	-67.782	0	239.562	0	0	
0	[SLPS]	0	676.054	-68.032	0	239.582	0	0	
0	[SLPS]	0	675.626	-68.278	0	239.606	0	0	
0	[SLPS]	0	675.626	-68.278	0	239.606	0	0	
0	[SLPS]	0	674.780	-68.785	0	239.633	0	0	
0	[SLPS]	0	674.780	-68.785	0	239.633	0	0	
0	[SLPS]	0	674.354	-69.031	0	239.645	0	0	
0	[SLPS]	0	673.922	-69.279	0	239.660	0	0	
0	[SLPS]	0	673.922	-69.279	0	239.660	0	0	
0	[SLPS]	0	673.079	-69.767	0	239.674	0	0	
0	[SLPS]	0	673.079	-69.767	0	239.674	0	0	
0	[SLPS]	0	672.652	-70.019	0	239.663	0	0	
0	[SLPS]	0	672.226	-70.264	0	239.649	0	0	
0	[SLPS]	0	672.226	-70.264	0	239.649	0	0	
0	[SLPS]	0	671.377	-70.756	0	239.631	0	0	
0	[SLPS]	0	671.377	-70.756	0	239.631	0	0	
0	[SLPS]	0	670.954	-71.003	0	239.620	0	0	
0	[SLPS]	0	670.526	-71.243	0	239.619	0	0	
0	[SLPS]	0	670.526	-71.243	0	239.619	0	0	
0	[SLPS]	0	669.680	-71.739	0	239.599	0	0	
0	[SLPS]	0	669.680	-71.739	0	239.599	0	0	
0	[SLPS]	0	669.258	-71.988	0	239.590	0	0	
0	[SLPS]	0	668.838	-72.243	0	239.575	0	0	
0	[SLPS]	0	668.838	-72.243	0	239.575	0	0	
0	[SLPS]	0	668.010	-72.748	0	239.538	0	0	
0	[SLPS]	0	668.010	-72.748	0	239.538	0	0	
0	[SLPS]	0	667.590	-72.999	0	239.524	0	0	
0	[SLPS]	0	667.166	-73.240	0	239.519	0	0	
0	[SLPS]	0	667.166	-73.240	0	239.519	0	0	
0	[SLPS]	0	666.334	-73.732	0	239.497	0	0	
0	[SLPS]	0	666.334	-73.732	0	239.497	0	0	
0	[SLPS]	0	665.924	-73.981	0	239.474	0	0	
0	[SLPS]	0	665.500	-74.230	0	239.458	0	0	
0	[SLPS]	0	665.500	-74.230	0	239.458	0	0	
0	[SLPS]	0	664.666	-74.748	0	239.421	0	0	
0	[SLPS]	0	664.666	-74.748	0	239.421	0	0	
0	[SLPS]	0	664.265	-74.988	0	239.414	0	0	
0	[SLPS]	0	663.845	-75.234	0	239.408	0	0	
0	[SLPS]	0	663.442	-75.489	0	239.388	0	0	
0	[SLPS]	0	663.040	-75.727	0	239.369	0	0	
0	[SLPS]	0	663.040	-75.727	0	239.369	0	0	
0	[SLPS]	0	662.633	-75.973	0	239.355	0	0	
0	[SLPS]	0	662.204	-76.207	0	239.352	0	0	
0	[SLPS]	0	661.800	-76.455	0	239.336	0	0	
0	[SLPS]	0	661.382	-76.694	0	239.330	0	0	
0	[SLPS]	0	661.382	-76.694	0	239.330	0	0	
0	[SLPS]	0	660.973	-76.937	0	239.325	0	0	
0	[SLPS]	0	660.559	-77.175	0	239.318	0	0	
0	[SLPS]	0	660.148	-77.416	0	239.311	0	0	
0	[SLPS]	0	659.741	-77.656	0	239.303	0	0	
0	[SLPS]	0	659.741	-77.656	0	239.303	0	0	
0	[SLPS]	0	658.933	-78.136	0	239.297	0	0	
0	[SLPS]	0	658.933	-78.136	0	239.297	0	0	
0	[SLPS]	0	658.527	-78.381	0	239.308	0	0	
0	[SLPS]	0	658.119	-78.620	0	239.332	0	0	
0	[SLPS]	0	658.119	-78.620	0	239.332	0	0	
0	[SLPS]	0	657.312	-79.100	0	239.411	0	0	
0	[SLPS]	0	657.312	-79.100	0	239.411	0	0	
0	[SLPS]	0	656.914	-79.348	0	239.466	0	0	
0	[SLPS]	0	656.513	-79.581	0	239.520	0	0	
0	[SLPS]	0	656.513	-79.581	0	239.520	0	0	
0	[SLPS]	0	655.720	-80.061	0	239.630	0	0	
0	[SLPS]	0	655.720	-80.061	0	239.630	0	0	
0	[SLPS]	0	655.316	-80.292	0	239.683	0	0	
0	[SLPS]	0	654.921	-80.528	0	239.737	0	0	
0	[SLPS]	0	654.921	-80.528	0	239.737	0	0	
0	[SLPS]	0	654.122	-80.981	0	239.851	0	0	
0	[SLPS]	0	654.122	-80.981	0	239.851	0	0	
0	[SLPS]	0	653.723	-81.218	0	239.907	0	0	
0	[SLPS]	0	653.328	-81.451	0	239.959	0	0	
0	[SLPS]	0	653.328	-81.451	0	239.959	0	0	
0	[SLPS]	0	652.536	-81.898	0	240.082	0	0	
0	[SLPS]	0	652.536	-81.898	0	240.082	0	0	
0	[SLPS]	0	652.132	-82.122	0	240.137	0	0	
0	[SLPS]	0	651.735	-82.346	0	240.192	0	0	
0	[SLPS]	0	651.345	-82.569	0	240.245	0	0	
0	[SLPS]	0	650.954	-82.792	0	240.294	0	0	
0	[SLPS]	0	650.954	-82.792	0	240.294	0	0	
0	[SLPS]	0	650.562	-83.019	0	240.347	0	0	
0	[SLPS]	0	650.158	-83.243	0	240.403	0	0	
0	[SLPS]	0	649.775	-83.469	0	240.456	0	0	
0	[SLPS]	0	649.380	-83.691	0	240.506	0	0	
0	[SLPS]	0	649.380	-83.691	0	240.506	0	0	
0	[SLPS]	0	648.586	-84.120	0	240.617	0	0	
0	[SLPS]	0	648.586	-84.120	0	240.617	0	0	
0	[SLPS]	0	648.203	-84.340	0	240.662	0	0	
0	[SLPS]	0	647.808	-84.558	0	240.713	0	0	
0	[SLPS]	0	647.808	-84.558	0	240.713	0	0	
0	[SLPS]	0	647.014	-84.995	0	240.814	0	0	
0	[SLPS]	0	647.014	-84.995	0	240.814	0	0	
0	[SLPS]	0	646.622	-85.211	0	240.865	0	0	
0	[SLPS]	0	646.236	-85.443	0	240.914	0	0	
0	[SLPS]	0	646.236	-85.443	0	240.914	0	0	
0	[SLPS]	0	645.457	-85.877	0	241.004	0	0	
0	[SLPS]	0	645.457	-85.877	0	241.004	0	0	
0	[SLPS]	0	645.069	-86.094	0	241.054	0	0	
0	[SLPS]	0	644.675	-86.307	0	241.107	0	0	
0	[SLPS]	0	644.675	-86.307	0	241.107	0	0	
0	[SLPS]	0	643.900	-86.741	0	241.198	0	0	
0	[SLPS]	0	643.900	-86.741	0	241.198	0	0	
0	[SLPS]	0	643.508	-86.944	0	241.251	0	0	
0	[SLPS]	0	643.122	-87.163	0	241.304	0	0	
0	[SLPS]	0	643.122	-87.163	0	241.304	0	0	
0	[SLPS]	0	642.332	-87.584	0	241.417	0	0	
0	[SLPS]	0	642.332	-87.584	0	241.417	0	0	
0	[SLPS]	0	641.546	-88.006	0	241.517	0	0	
0	[SLPS]	0	641.546	-88.006	0	241.517	0	0	
0	[SLPS]	0	641.149	-88.211	0	241.566	0	0	
0	[SLPS]	0	640.757	-88.420	0	241.609	0	0	
0	[SLPS]	0	640.757	-88.420	0	241.609	0	0	
0	[SLPS]	0	639.989	-88.838	0	241.698	0	0	
0	[SLPS]	0	639.989	-88.838	0	241.698	0	0	
0	[SLPS]	0	639.595	-89.039	0	241.749	0	0	
0	[SLPS]	0	639.211	-89.249	0	241.796	0	0	
0	[SLPS]	0	639.211	-89.249	0	241.796	0	0	
0	[SLPS]	0	638.433	-89.665	0	241.899	0	0	
0	[SLPS]	0	638.433	-89.665	0	241.899	0	0	
0	[SLPS]	0	638.050	-89.869	0	241.946	0	0	
0	[SLPS]	0	637.661	-90.078	0	241.982	0	0	
0	[SLPS]	0	637.661	-90.078	0	241.982	0	0	
0	[SLPS]	0	636.890	-90.492	0	242.005	0	0	
0	[SLPS]	0	636.890	-90.492	0	242.005	0	0	
0	[SLPS]	0	636.511	-90.704	0	242.002	0	0	
0	[SLPS]	0	636.120	-90.911	0	242.008	0	0	
0	[SLPS]	0	636.120	-90.911	0	242.008	0	0	
0	[SLPS]	0	635.369	-91.336	0	242.005	0	0	
0	[SLPS]	0	635.369	-91.336	0	242.005	0	0	
0	[SLPS]	0	634.985	-91.535	0	242.017	0	0	
0	[SLPS]	0	634.600	-91.732	0	242.034	0	0	
0	[SLPS]	0	634.600	-91.732	0	242.034	0	0	
0	[SLPS]	0	633.828	-92.124	0	242.065	0	0	
0	[SLPS]	0	633.828	-92.124	0	242.065	0	0	
0	[SLPS]	0	633.446	-92.336	0	242.057	0	0	
0	[SLPS]	0	633.056	-92.536	0	242.064	0	0	
0	[SLPS]	0	633.056	-92.536	0	242.064	0	0	
0	[SLPS]	0	632.281	-92.943	0	242.074	0	0	
0	[SLPS]	0	632.281	-92.943	0	242.074	0	0	
0	[SLPS]	0	631.521	-93.344	0	242.101	0	0	
0	[SLPS]	0	631.521	-93.344	0	242.101	0	0	
0	[SLPS]	0	631.139	-93.544	0	242.131	0	0	
0	[SLPS]	0	630.773	-93.758	0	242.164	0	0	
0	[SLPS]	0	630.773	-93.758	0	242.164	0	0	
0	[SLPS]	0	630.021	-94.181	0	242.214	0	0	
0	[SLPS]	0	630.021	-94.181	0	242.214	0	0	
0	[SLPS]	0	629.644	-94.384	0	242.232	0	0	
0	[SLPS]	0	629.260	-94.582	0	242.255	0	0	
0	[SLPS]	0	629.260	-94.582	0	242.255	0	0	
0	[SLPS]	0	628.499	-94.968	0	242.354	0	0	
0	[SLPS]	0	628.499	-94.968	0	242.354	0	0	
0	[SLPS]	0	628.121	-95.167	0	242.407	0	0	
0	[SLPS]	0	627.762	-95.358	0	242.434	0	0	
0	[SLPS]	0	627.762	-95.358	0	242.434	0	0	
0	[SLPS]	0	627.002	-95.740	0	242.470	0	0	
0	[SLPS]	0	627.002	-95.740	0	242.470	0	0	
0	[SLPS]	0	626.627	-95.925	0	242.493	0	0	
0	[SLPS]	0	626.250	-96.117	0	242.529	0	0	
0	[SLPS]	0	626.250	-96.117	0	242.529	0	0	
0	[SLPS]	0	625.500	-96.498	0	242.574	0	0	
0	[SLPS]	0	625.500	-96.498	0	242.574	0	0	
0	[SLPS]	0	625.127	-96.689	0	242.605	0	0	
0	[SLPS]	0	624.754	-96.878	0	242.661	0	0	
0	[SLPS]	0	624.754	-96.878	0	242.661	0	0	
0	[SLPS]	0	624.001	-97.274	0	242.662	0	0	
0	[SLPS]	0	624.001	-97.274	0	242.662	0	0	
0	[SLPS]	0	623.628	-97.464	0	242.655	0	0	
0	[SLPS]	0	623.262	-97.656	0	242.645	0	0	
0	[SLPS]	0	623.262	-97.656	0	242.645	0	0	
0	[SLPS]	0	622.513	-98.058	0	242.558	0	0	
0	[SLPS]	0	622.513	-98.058	0	242.558	0	0	
0	[SLPS]	0	622.147	-98.257	0	242.497	0	0	
0	[SLPS]	0	621.781	-98.446	0	242.427	0	0	
0	[SLPS]	0	621.781	-98.446	0	242.427	0	0	
0	[SLPS]	0	621.044	-98.831	0	242.283	0	0	
0	[SLPS]	0	621.044	-98.831	0	242.283	0	0	
0	[SLPS]	0	620.692	-99.038	0	242.216	0	0	
0	[SLPS]	0	620.336	-99.223	0	242.137	0	0	
0	[SLPS]	0	619.980	-99.421	0	242.061	0	0	
0	[SLPS]	0	619.635	-99.634	0	241.992	0	0	
0	[SLPS]	0	619.635	-99.634	0	241.992	0	0	
0	[SLPS]	0	618.906	-100.001	0	241.836	0	0	
0	[SLPS]	0	618.906	-100.001	0	241.836	0	0	
0	[SLPS]	0	618.549	-100.188	0	241.747	0	0	
0	[SLPS]	0	618.188	-100.384	0	241.662	0	0	
0	[SLPS]	0	618.188	-100.384	0	241.662	0	0	
0	[SLPS]	0	617.474	-100.765	0	241.535	0	0	
0	[SLPS]	0	617.474	-100.765	0	241.535	0	0	
0	[SLPS]	0	617.129	-100.966	0	241.475	0	0	
0	[SLPS]	0	616.781	-101.166	0	241.396	0	0	
0	[SLPS]	0	616.781	-101.166	0	241.396	0	0	
0	[SLPS]	0	616.088	-101.554	0	241.240	0	0	
0	[SLPS]	0	616.088	-101.554	0	241.240	0	0	
0	[SLPS]	0	615.746	-101.746	0	241.168	0	0	
0	[SLPS]	0	615.396	-101.940	0	241.088	0	0	
0	[SLPS]	0	615.396	-101.940	0	241.088	0	0	
0	[SLPS]	0	614.710	-102.331	0	240.926	0	0	
0	[SLPS]	0	614.710	-102.331	0	240.926	0	0	
0	[SLPS]	0	614.359	-102.519	0	240.842	0	0	
0	[SLPS]	0	614.003	-102.704	0	240.759	0	0	
0	[SLPS]	0	614.003	-102.704	0	240.759	0	0	
0	[SLPS]	0	613.322	-103.096	0	240.595	0	0	
0	[SLPS]	0	613.322	-103.096	0	240.595	0	0	
0	[SLPS]	0	612.971	-103.291	0	240.512	0	0	
0	[SLPS]	0	612.625	-103.477	0	240.428	0	0	
0	[SLPS]	0	612.625	-103.477	0	240.428	0	0	
0	[SLPS]	0	611.950	-103.870	0	240.270	0	0	
0	[SLPS]	0	611.950	-103.870	0	240.270	0	0	
0	[SLPS]	0	611.275	-104.259	0	240.105	0	0	
0	[SLPS]	0	611.275	-104.259	0	240.105	0	0	
0	[SLPS]	0	610.944	-104.451	0	240.017	0	0	
0	[SLPS]	0	610.613	-104.654	0	239.922	0	0	
0	[SLPS]	0	610.613	-104.654	0	239.922	0	0	
0	[SLPS]	0	609.933	-105.067	0	239.731	0	0	
0	[SLPS]	0	609.933	-105.067	0	239.731	0	0	
0	[SLPS]	0	609.608	-105.265	0	239.642	0	0	
0	[SLPS]	0	609.274	-105.467	0	239.562	0	0	
0	[SLPS]	0	609.274	-105.467	0	239.562	0	0	
0	[SLPS]	0	608.598	-105.848	0	239.433	0	0	
0	[SLPS]	0	608.598	-105.848	0	239.433	0	0	
0	[SLPS]	0	608.254	-106.039	0	239.376	0	0	
0	[SLPS]	0	607.925	-106.239	0	239.330	0	0	
0	[SLPS]	0	607.925	-106.239	0	239.330	0	0	
0	[SLPS]	0	607.265	-106.649	0	239.265	0	0	
0	[SLPS]	0	607.265	-106.649	0	239.265	0	0	
0	[SLPS]	0	606.933	-106.845	0	239.247	0	0	
0	[SLPS]	0	606.596	-107.037	0	239.235	0	0	
0	[SLPS]	0	606.596	-107.037	0	239.235	0	0	
0	[SLPS]	0	605.923	-107.432	0	239.214	0	0	
0	[SLPS]	0	605.923	-107.432	0	239.214	0	0	
0	[SLPS]	0	605.601	-107.636	0	239.197	0	0	
0	[SLPS]	0	605.261	-107.827	0	239.196	0	0	
0	[SLPS]	0	605.261	-107.827	0	239.196	0	0	
0	[SLPS]	0	604.613	-108.226	0	239.161	0	0	
0	[SLPS]	0	604.613	-108.226	0	239.161	0	0	
0	[SLPS]	0	604.297	-108.426	0	239.141	0	0	
0	[SLPS]	0	603.958	-108.612	0	239.140	0	0	
0	[SLPS]	0	603.958	-108.612	0	239.140	0	0	
0	[SLPS]	0	603.312	-108.996	0	239.100	0	0	
0	[SLPS]	0	603.312	-108.996	0	239.100	0	0	
0	[SLPS]	0	602.990	-109.189	0	239.082	0	0	
0	[SLPS]	0	602.666	-109.368	0	239.078	0	0	
0	[SLPS]	0	602.666	-109.368	0	239.078	0	0	
0	[SLPS]	0	602.019	-109.731	0	239.075	0	0	
0	[SLPS]	0	602.019	-109.731	0	239.075	0	0	
0	[SLPS]	0	601.700	-109.918	0	239.056	0	0	
0	[SLPS]	0	601.387	-110.117	0	239.030	0	0	
0	[SLPS]	0	601.387	-110.117	0	239.030	0	0	
0	[SLPS]	0	600.750	-110.495	0	239.007	0	0	
0	[SLPS]	0	600.750	-110.495	0	239.007	0	0	
0	[SLPS]	0	600.434	-110.683	0	239.003	0	0	
0	[SLPS]	0	600.127	-110.871	0	238.998	0	0	
0	[SLPS]	0	600.127	-110.871	0	238.998	0	0	
0	[SLPS]	0	599.501	-111.246	0	238.979	0	0	
0	[SLPS]	0	599.501	-111.246	0	238.979	0	0	
0	[SLPS]	0	599.198	-111.448	0	238.950	0	0	
0	[SLPS]	0	598.886	-111.636	0	238.945	0	0	
0	[SLPS]	0	598.886	-111.636	0	238.945	0	0	
0	[SLPS]	0	598.262	-112.022	0	238.934	0	0	
0	[SLPS]	0	598.262	-112.022	0	238.934	0	0	
0	[SLPS]	0	597.951	-112.218	0	238.912	0	0	
0	[SLPS]	0	597.653	-112.395	0	238.897	0	0	
0	[SLPS]	0	597.345	-112.580	0	238.877	0	0	
0	[SLPS]	0	597.035	-112.758	0	238.867	0	0	
0	[SLPS]	0	597.035	-112.758	0	238.867	0	0	
0	[SLPS]	0	596.732	-112.941	0	238.865	0	0	
0	[SLPS]	0	596.434	-113.114	0	238.865	0	0	
0	[SLPS]	0	596.133	-113.295	0	238.853	0	0	
0	[SLPS]	0	595.834	-113.476	0	238.840	0	0	
0	[SLPS]	0	595.834	-113.476	0	238.840	0	0	
0	[SLPS]	0	595.243	-113.827	0	238.807	0	0	
0	[SLPS]	0	595.243	-113.827	0	238.807	0	0	
0	[SLPS]	0	594.952	-114.010	0	238.793	0	0	
0	[SLPS]	0	594.656	-114.178	0	238.799	0	0	
0	[SLPS]	0	594.656	-114.178	0	238.799	0	0	
0	[SLPS]	0	594.095	-114.527	0	238.778	0	0	
0	[SLPS]	0	594.095	-114.527	0	238.778	0	0	
0	[SLPS]	0	593.815	-114.695	0	238.764	0	0	
0	[SLPS]	0	593.542	-114.864	0	238.754	0	0	
0	[SLPS]	0	593.542	-114.864	0	238.754	0	0	
0	[SLPS]	0	592.997	-115.194	0	238.736	0	0	
0	[SLPS]	0	592.997	-115.194	0	238.736	0	0	
0	[SLPS]	0	592.723	-115.367	0	238.717	0	0	
0	[SLPS]	0	592.453	-115.525	0	238.711	0	0	
0	[SLPS]	0	592.453	-115.525	0	238.711	0	0	
0	[SLPS]	0	591.906	-115.856	0	238.667	0	0	
0	[SLPS]	0	591.906	-115.856	0	238.667	0	0	
0	[SLPS]	0	591.635	-116.026	0	238.635	0	0	
0	[SLPS]	0	591.364	-116.192	0	238.609	0	0	
0	[SLPS]	0	591.364	-116.192	0	238.609	0	0	
0	[SLPS]	0	590.816	-116.519	0	238.561	0	0	
0	[SLPS]	0	590.816	-116.519	0	238.561	0	0	
0	[SLPS]	0	590.270	-116.858	0	238.510	0	0	
0	[SLPS]	0	590.270	-116.858	0	238.510	0	0	
0	[SLPS]	0	590.270	-116.858	0	238.510	0	0	
0	[SLPS]	0	589.721	-117.192	0	238.499	0	0	
0	[SLPS]	0	589.721	-117.192	0	238.499	0	0	
0	[SLPS]	0	589.185	-117.526	0	238.513	0	0	
0	[SLPS]	0	589.185	-117.526	0	238.513	0	0	
0	[SLPS]	0	588.912	-117.690	0	238.537	0	0	
0	[SLPS]	0	588.648	-117.854	0	238.545	0	0	
0	[SLPS]	0	588.648	-117.854	0	238.545	0	0	
0	[SLPS]	0	588.379	-118.017	0	238.557	0	0	
0	[SLPS]	0	588.103	-118.182	0	238.552	0	0	
0	[SLPS]	0	587.845	-118.343	0	238.533	0	0	
0	[SLPS]	0	587.579	-118.507	0	238.528	0	0	
0	[SLPS]	0	587.579	-118.507	0	238.528	0	0	
0	[SLPS]	0	587.056	-118.824	0	238.557	0	0	
0	[SLPS]	0	587.056	-118.824	0	238.557	0	0	
0	[SLPS]	0	586.794	-118.991	0	238.567	0	0	
0	[SLPS]	0	586.536	-119.153	0	238.564	0	0	
0	[SLPS]	0	586.536	-119.153	0	238.564	0	0	
0	[SLPS]	0	586.014	-119.472	0	238.571	0	0	
0	[SLPS]	0	586.014	-119.472	0	238.571	0	0	
0	[SLPS]	0	585.757	-119.629	0	238.587	0	0	
0	[SLPS]	0	585.502	-119.774	0	238.621	0	0	
0	[SLPS]	0	585.502	-119.774	0	238.621	0	0	
0	[SLPS]	0	585.004	-120.079	0	238.680	0	0	
0	[SLPS]	0	585.004	-120.079	0	238.680	0	0	
0	[SLPS]	0	584.754	-120.228	0	238.727	0	0	
0	[SLPS]	0	584.503	-120.378	0	238.786	0	0	
0	[SLPS]	0	584.256	-120.534	0	238.851	0	0	
0	[SLPS]	0	584.002	-120.682	0	238.916	0	0	
0	[SLPS]	0	584.002	-120.682	0	238.916	0	0	
0	[SLPS]	0	583.505	-120.978	0	239.068	0	0	
0	[SLPS]	0	583.505	-120.978	0	239.068	0	0	
0	[SLPS]	0	583.260	-121.128	0	239.151	0	0	
0	[SLPS]	0	583.007	-121.272	0	239.247	0	0	
0	[SLPS]	0	583.007	-121.272	0	239.247	0	0	
0	[SLPS]	0	582.515	-121.554	0	239.446	0	0	
0	[SLPS]	0	582.515	-121.554	0	239.446	0	0	
0	[SLPS]	0	582.269	-121.697	0	239.561	0	0	
0	[SLPS]	0	582.015	-121.845	0	239.662	0	0	
0	[SLPS]	0	582.015	-121.845	0	239.662	0	0	
0	[SLPS]	0	581.520	-122.134	0	239.899	0	0	
0	[SLPS]	0	581.520	-122.134	0	239.899	0	0	
0	[SLPS]	0	581.265	-122.267	0	240.024	0	0	
0	[SLPS]	0	581.016	-122.406	0	240.163	0	0	
0	[SLPS]	0	581.016	-122.406	0	240.163	0	0	
0	[SLPS]	0	580.539	-122.679	0	240.493	0	0	
0	[SLPS]	0	580.539	-122.679	0	240.493	0	0	
0	[SLPS]	0	580.302	-122.814	0	240.681	0	0	
0	[SLPS]	0	580.066	-122.952	0	240.874	0	0	
0	[SLPS]	0	580.066	-122.952	0	240.874	0	0	
0	[SLPS]	0	579.589	-123.207	0	241.295	0	0	
0	[SLPS]	0	579.589	-123.207	0	241.295	0	0	
0	[SLPS]	0	579.354	-123.334	0	241.534	0	0	
0	[SLPS]	0	579.120	-123.456	0	241.802	0	0	
0	[SLPS]	0	579.120	-123.456	0	241.802	0	0	
0	[SLPS]	0	578.637	-123.684	0	242.427	0	0	
0	[SLPS]	0	578.637	-123.684	0	242.427	0	0	
0	[SLPS]	0	578.403	-123.807	0	242.768	0	0	
0	[SLPS]	0	578.153	-123.924	0	243.124	0	0	
0	[SLPS]	0	577.921	-124.044	0	243.495	0	0	
0	[SLPS]	0	577.685	-124.153	0	243.889	0	0	
0	[SLPS]	0	577.685	-124.153	0	243.889	0	0	
0	[SLPS]	0	577.204	-124.380	0	244.796	0	0	
0	[SLPS]	0	577.204	-124.380	0	244.796	0	0	
0	[SLPS]	0	576.974	-124.489	0	245.281	0	0	
0	[SLPS]	0	576.738	-124.594	0	245.777	0	0	
0	[SLPS]	0	576.738	-124.594	0	245.777	0	0	
0	[SLPS]	0	576.497	-124.694	0	246.286	0	0	
0	[SLPS]	0	576.252	-124.781	0	246.812	0	0	
0	[SLPS]	0	576.252	-124.781	0	246.812	0	0	
0	[SLPS]	0	575.763	-124.958	0	247.949	0	0	
0	[SLPS]	0	575.763	-124.958	0	247.949	0	0	
0	[SLPS]	0	575.518	-125.044	0	248.569	0	0	
0	[SLPS]	0	575.270	-125.123	0	249.205	0	0	
0	[SLPS]	0	575.029	-125.201	0	249.856	0	0	
0	[SLPS]	0	574.788	-125.280	0	250.527	0	0	
0	[SLPS]	0	574.788	-125.280	0	250.527	0	0	
0	[SLPS]	0	574.296	-125.422	0	251.913	0	0	
0	[SLPS]	0	574.296	-125.422	0	251.913	0	0	
0	[SLPS]	0	574.051	-125.489	0	252.623	0	0	
0	[SLPS]	0	573.806	-125.539	0	253.350	0	0	
0	[SLPS]	0	573.806	-125.539	0	253.350	0	0	
0	[SLPS]	0	573.322	-125.645	0	254.872	0	0	
0	[SLPS]	0	573.322	-125.645	0	254.872	0	0	
0	[SLPS]	0	573.076	-125.697	0	255.636	0	0	
0	[SLPS]	0	572.822	-125.745	0	256.406	0	0	
0	[SLPS]	0	572.822	-125.745	0	256.406	0	0	
0	[SLPS]	0	572.334	-125.827	0	257.955	0	0	
0	[SLPS]	0	572.334	-125.827	0	257.955	0	0	
0	[SLPS]	0	572.081	-125.864	0	258.725	0	0	
0	[SLPS]	0	571.838	-125.898	0	259.492	0	0	
0	[SLPS]	0	571.838	-125.898	0	259.492	0	0	
0	[SLPS]	0	571.336	-125.953	0	261.059	0	0	
0	[SLPS]	0	571.336	-125.953	0	261.059	0	0	
0	[SLPS]	0	571.086	-125.976	0	261.859	0	0	
0	[SLPS]	0	570.832	-126.003	0	262.660	0	0	
0	[SLPS]	0	570.832	-126.003	0	262.660	0	0	
0	[SLPS]	0	570.317	-126.033	0	264.318	0	0	
0	[SLPS]	0	570.317	-126.033	0	264.318	0	0	
0	[SLPS]	0	570.066	-126.044	0	265.155	0	0	
0	[SLPS]	0	569.820	-126.056	0	265.993	0	0	
0	[SLPS]	0	569.820	-126.056	0	265.993	0	0	
0	[SLPS]	0	569.309	-126.057	0	267.672	0	0	
0	[SLPS]	0	569.309	-126.057	0	267.672	0	0	
0	[SLPS]	0	569.070	-126.056	0	268.521	0	0	
0	[SLPS]	0	568.825	-126.044	0	269.368	0	0	
0	[SLPS]	0	568.825	-126.044	0	269.368	0	0	
0	[SLPS]	0	568.327	-126.012	0	271.072	0	0	
0	[SLPS]	0	568.327	-126.012	0	271.072	0	0	
0	[SLPS]	0	568.085	-125.995	0	271.920	0	0	
0	[SLPS]	0	567.846	-125.971	0	272.764	0	0	
0	[SLPS]	0	567.603	-125.942	0	273.607	0	0	
0	[SLPS]	0	567.356	-125.910	0	274.455	0	0	
0	[SLPS]	0	567.356	-125.910	0	274.455	0	0	
0	[SLPS]	0	567.110	-125.876	0	275.305	0	0	
0	[SLPS]	0	566.869	-125.838	0	276.172	0	0	
0	[SLPS]	0	566.626	-125.797	0	277.049	0	0	
0	[SLPS]	0	566.382	-125.753	0	277.924	0	0	
0	[SLPS]	0	566.382	-125.753	0	277.924	0	0	
0	[SLPS]	0	565.903	-125.652	0	279.697	0	0	
0	[SLPS]	0	565.903	-125.652	0	279.697	0	0	
0	[SLPS]	0	565.667	-125.597	0	280.606	0	0	
0	[SLPS]	0	565.425	-125.534	0	281.523	0	0	
0	[SLPS]	0	565.425	-125.534	0	281.523	0	0	
0	[SLPS]	0	564.957	-125.400	0	283.386	0	0	
0	[SLPS]	0	564.957	-125.400	0	283.386	0	0	
0	[SLPS]	0	564.725	-125.326	0	284.334	0	0	
0	[SLPS]	0	564.492	-125.248	0	285.289	0	0	
0	[SLPS]	0	564.492	-125.248	0	285.289	0	0	
0	[SLPS]	0	564.035	-125.086	0	287.219	0	0	
0	[SLPS]	0	564.035	-125.086	0	287.219	0	0	
0	[SLPS]	0	563.805	-124.999	0	288.192	0	0	
0	[SLPS]	0	563.588	-124.905	0	289.163	0	0	
0	[SLPS]	0	563.588	-124.905	0	289.163	0	0	
0	[SLPS]	0	563.142	-124.709	0	291.104	0	0	
0	[SLPS]	0	563.142	-124.709	0	291.104	0	0	
0	[SLPS]	0	562.928	-124.600	0	292.073	0	0	
0	[SLPS]	0	562.711	-124.489	0	293.040	0	0	
0	[SLPS]	0	562.498	-124.381	0	294.007	0	0	
0	[SLPS]	0	562.283	-124.264	0	294.971	0	0	
0	[SLPS]	0	562.283	-124.264	0	294.971	0	0	
0	[SLPS]	0	561.861	-124.022	0	296.916	0	0	
0	[SLPS]	0	561.861	-124.022	0	296.916	0	0	
0	[SLPS]	0	561.653	-123.897	0	297.882	0	0	
0	[SLPS]	0	561.449	-123.762	0	298.845	0	0	
0	[SLPS]	0	561.449	-123.762	0	298.845	0	0	
0	[SLPS]	0	561.038	-123.490	0	300.771	0	0	
0	[SLPS]	0	561.038	-123.490	0	300.771	0	0	
0	[SLPS]	0	560.837	-123.349	0	301.727	0	0	
0	[SLPS]	0	560.646	-123.208	0	302.693	0	0	
0	[SLPS]	0	560.646	-123.208	0	302.693	0	0	
0	[SLPS]	0	560.260	-122.915	0	304.640	0	0	
0	[SLPS]	0	560.260	-122.915	0	304.640	0	0	
0	[SLPS]	0	560.069	-122.762	0	305.611	0	0	
0	[SLPS]	0	559.878	-122.615	0	306.569	0	0	
0	[SLPS]	0	559.878	-122.615	0	306.569	0	0	
0	[SLPS]	0	559.508	-122.289	0	308.461	0	0	
0	[SLPS]	0	559.508	-122.289	0	308.461	0	0	
0	[SLPS]	0	559.328	-122.123	0	309.412	0	0	
0	[SLPS]	0	559.148	-121.951	0	310.360	0	0	
0	[SLPS]	0	559.148	-121.951	0	310.360	0	0	
0	[SLPS]	0	558.787	-121.585	0	312.211	0	0	
0	[SLPS]	0	558.787	-121.585	0	312.211	0	0	
0	[SLPS]	0	558.611	-121.397	0	313.103	0	0	
0	[SLPS]	0	558.435	-121.206	0	313.978	0	0	
0	[SLPS]	0	558.263	-121.013	0	314.831	0	0	
0	[SLPS]	0	558.087	-120.815	0	315.669	0	0	
0	[SLPS]	0	558.087	-120.815	0	315.669	0	0	
0	[SLPS]	0	557.915	-120.615	0	316.485	0	0	
0	[SLPS]	0	557.745	-120.413	0	317.283	0	0	
0	[SLPS]	0	557.745	-120.413	0	317.283	0	0	
0	[SLPS]	0	557.403	-119.986	0	318.795	0	0	
0	[SLPS]	0	557.403	-119.986	0	318.795	0	0	
0	[SLPS]	0	557.237	-119.768	0	319.499	0	0	
0	[SLPS]	0	557.070	-119.545	0	320.163	0	0	
0	[SLPS]	0	557.070	-119.545	0	320.163	0	0	
0	[SLPS]	0	556.742	-119.097	0	321.349	0	0	
0	[SLPS]	0	556.742	-119.097	0	321.349	0	0	
0	[SLPS]	0	556.572	-118.870	0	321.881	0	0	
0	[SLPS]	0	556.410	-118.639	0	322.377	0	0	
0	[SLPS]	0	556.410	-118.639	0	322.377	0	0	
0	[SLPS]	0	556.087	-118.174	0	323.292	0	0	
0	[SLPS]	0	556.087	-118.174	0	323.292	0	0	
0	[SLPS]	0	555.935	-117.945	0	323.704	0	0	
0	[SLPS]	0	555.771	-117.710	0	324.071	0	0	
0	[SLPS]	0	555.619	-117.469	0	324.391	0	0	
0	[SLPS]	0	555.463	-117.219	0	324.691	0	0	
0	[SLPS]	0	555.463	-117.219	0	324.691	0	0	
0	[SLPS]	0	555.143	-116.733	0	325.156	0	0	
0	[SLPS]	0	555.143	-116.733	0	325.156	0	0	
0	[SLPS]	0	554.979	-116.485	0	325.337	0	0	
0	[SLPS]	0	554.815	-116.237	0	325.491	0	0	
0	[SLPS]	0	554.815	-116.237	0	325.491	0	0	
0	[SLPS]	0	554.485	-115.732	0	325.776	0	0	
0	[SLPS]	0	554.485	-115.732	0	325.776	0	0	
0	[SLPS]	0	554.314	-115.480	0	325.898	0	0	
0	[SLPS]	0	554.145	-115.221	0	326.001	0	0	
0	[SLPS]	0	554.145	-115.221	0	326.001	0	0	
0	[SLPS]	0	553.806	-114.696	0	326.158	0	0	
0	[SLPS]	0	553.806	-114.696	0	326.158	0	0	
0	[SLPS]	0	553.630	-114.430	0	326.201	0	0	
0	[SLPS]	0	553.460	-114.167	0	326.227	0	0	
0	[SLPS]	0	553.460	-114.167	0	326.227	0	0	
0	[SLPS]	0	553.111	-113.635	0	326.223	0	0	
0	[SLPS]	0	553.111	-113.635	0	326.223	0	0	
0	[SLPS]	0	552.935	-113.365	0	326.213	0	0	
0	[SLPS]	0	552.757	-113.094	0	326.194	0	0	
0	[SLPS]	0	552.757	-113.094	0	326.194	0	0	
0	[SLPS]	0	552.398	-112.554	0	326.141	0	0	
0	[SLPS]	0	552.398	-112.554	0	326.141	0	0	
0	[SLPS]	0	552.215	-112.282	0	326.098	0	0	
0	[SLPS]	0	552.025	-112.021	0	326.043	0	0	
0	[SLPS]	0	552.025	-112.021	0	326.043	0	0	
0	[SLPS]	0	551.650	-111.469	0	325.920	0	0	
0	[SLPS]	0	551.650	-111.469	0	325.920	0	0	
0	[SLPS]	0	551.461	-111.188	0	325.862	0	0	
0	[SLPS]	0	551.259	-110.917	0	325.798	0	0	
0	[SLPS]	0	551.259	-110.917	0	325.798	0	0	
0	[SLPS]	0	550.878	-110.349	0	325.742	0	0	
0	[SLPS]	0	550.878	-110.349	0	325.742	0	0	
0	[SLPS]	0	550.689	-110.053	0	325.686	0	0	
0	[SLPS]	0	550.504	-109.769	0	325.631	0	0	
0	[SLPS]	0	550.504	-109.769	0	325.631	0	0	
0	[SLPS]	0	550.121	-109.191	0	325.530	0	0	
0	[SLPS]	0	550.121	-109.191	0	325.530	0	0	
0	[SLPS]	0	549.924	-108.895	0	325.484	0	0	
0	[SLPS]	0	549.727	-108.599	0	325.439	0	0	
0	[SLPS]	0	549.727	-108.599	0	325.439	0	0	
0	[SLPS]	0	549.330	-108.002	0	325.324	0	0	
0	[SLPS]	0	549.330	-108.002	0	325.324	0	0	
0	[SLPS]	0	549.118	-107.699	0	325.264	0	0	
0	[SLPS]	0	548.915	-107.381	0	325.206	0	0	
0	[SLPS]	0	548.915	-107.381	0	325.206	0	0	
0	[SLPS]	0	548.512	-106.762	0	325.142	0	0	
0	[SLPS]	0	548.512	-106.762	0	325.142	0	0	
0	[SLPS]	0	548.067	-106.129	0	325.029	0	0	
0	[SLPS]	0	548.067	-106.129	0	325.029	0	0	
0	[SLPS]	0	547.854	-105.803	0	324.970	0	0	
0	[SLPS]	0	547.618	-105.481	0	324.916	0	0	
0	[SLPS]	0	547.618	-105.481	0	324.916	0	0	
0	[SLPS]	0	547.164	-104.824	0	324.784	0	0	
0	[SLPS]	0	547.164	-104.824	0	324.784	0	0	
0	[SLPS]	0	546.936	-104.496	0	324.730	0	0	
0	[SLPS]	0	546.689	-104.177	0	324.680	0	0	
0	[SLPS]	0	546.689	-104.177	0	324.680	0	0	
0	[SLPS]	0	546.215	-103.516	0	324.635	0	0	
0	[SLPS]	0	546.215	-103.516	0	324.635	0	0	
0	[SLPS]	0	545.977	-103.182	0	324.650	0	0	
0	[SLPS]	0	545.736	-102.853	0	324.651	0	0	
0	[SLPS]	0	545.736	-102.853	0	324.651	0	0	
0	[SLPS]	0	545.239	-102.183	0	324.694	0	0	
0	[SLPS]	0	545.239	-102.183	0	324.694	0	0	
0	[SLPS]	0	544.997	-101.840	0	324.704	0	0	
0	[SLPS]	0	544.751	-101.499	0	324.703	0	0	
0	[SLPS]	0	544.751	-101.499	0	324.703	0	0	
0	[SLPS]	0	544.274	-100.794	0	324.747	0	0	
0	[SLPS]	0	544.274	-100.794	0	324.747	0	0	
0	[SLPS]	0	544.041	-100.441	0	324.768	0	0	
0	[SLPS]	0	543.806	-100.080	0	324.794	0	0	
0	[SLPS]	0	543.806	-100.080	0	324.794	0	0	
0	[SLPS]	0	543.324	-99.367	0	324.835	0	0	
0	[SLPS]	0	543.324	-99.367	0	324.835	0	0	
0	[SLPS]	0	543.082	-99.007	0	324.833	0	0	
0	[SLPS]	0	542.835	-98.641	0	324.836	0	0	
0	[SLPS]	0	542.835	-98.641	0	324.836	0	0	
0	[SLPS]	0	542.343	-97.904	0	324.811	0	0	
0	[SLPS]	0	542.343	-97.904	0	324.811	0	0	
0	[SLPS]	0	542.092	-97.537	0	324.815	0	0	
0	[SLPS]	0	541.848	-97.161	0	324.840	0	0	
0	[SLPS]	0	541.601	-96.787	0	324.851	0	0	
0	[SLPS]	0	541.356	-96.412	0	324.868	0	0	
0	[SLPS]	0	541.356	-96.412	0	324.868	0	0	
0	[SLPS]	0	540.840	-95.665	0	324.868	0	0	
0	[SLPS]	0	540.840	-95.665	0	324.868	0	0	
0	[SLPS]	0	540.576	-95.288	0	324.865	0	0	
0	[SLPS]	0	540.314	-94.913	0	324.859	0	0	
0	[SLPS]	0	540.314	-94.913	0	324.859	0	0	
0	[SLPS]	0	539.788	-94.168	0	324.864	0	0	
0	[SLPS]	0	539.788	-94.168	0	324.864	0	0	
0	[SLPS]	0	539.529	-93.787	0	324.879	0	0	
0	[SLPS]	0	539.250	-93.414	0	324.856	0	0	
0	[SLPS]	0	539.250	-93.414	0	324.856	0	0	
0	[SLPS]	0	538.712	-92.656	0	324.859	0	0	
0	[SLPS]	0	538.712	-92.656	0	324.859	0	0	
0	[SLPS]	0	538.444	-92.268	0	324.877	0	0	
0	[SLPS]	0	538.181	-91.875	0	324.901	0	0	
0	[SLPS]	0	538.181	-91.875	0	324.901	0	0	
0	[SLPS]	0	537.639	-91.097	0	324.895	0	0	
0	[SLPS]	0	537.639	-91.097	0	324.895	0	0	
0	[SLPS]	0	537.376	-90.704	0	324.907	0	0	
0	[SLPS]	0	537.100	-90.309	0	324.895	0	0	
0	[SLPS]	0	537.100	-90.309	0	324.895	0	0	
0	[SLPS]	0	536.560	-89.516	0	324.881	0	0	
0	[SLPS]	0	536.560	-89.516	0	324.881	0	0	
0	[SLPS]	0	536.274	-89.120	0	324.840	0	0	
0	[SLPS]	0	535.998	-88.721	0	324.820	0	0	
0	[SLPS]	0	535.998	-88.721	0	324.820	0	0	
0	[SLPS]	0	535.461	-87.904	0	324.821	0	0	
0	[SLPS]	0	535.461	-87.904	0	324.821	0	0	
0	[SLPS]	0	535.181	-87.497	0	324.766	0	0	
0	[SLPS]	0	534.912	-87.079	0	324.769	0	0	
0	[SLPS]	0	534.912	-87.079	0	324.769	0	0	
0	[SLPS]	0	534.342	-86.269	0	324.759	0	0	
0	[SLPS]	0	534.342	-86.269	0	324.759	0	0	
0	[SLPS]	0	534.057	-85.856	0	324.672	0	0	
0	[SLPS]	0	533.761	-85.446	0	324.640	0	0	
0	[SLPS]	0	533.761	-85.446	0	324.640	0	0	
0	[SLPS]	0	533.184	-84.629	0	324.591	0	0	
0	[SLPS]	0	533.184	-84.629	0	324.591	0	0	
0	[SLPS]	0	532.891	-84.211	0	324.571	0	0	
0	[SLPS]	0	532.602	-83.799	0	324.554	0	0	
0	[SLPS]	0	532.309	-83.384	0	324.471	0	0	
0	[SLPS]	0	532.014	-82.964	0	324.507	0	0	
0	[SLPS]	0	532.014	-82.964	0	324.507	0	0	
0	[SLPS]	0	531.704	-82.538	0	324.480	0	0	
0	[SLPS]	0	531.422	-82.120	0	324.471	0	0	
0	[SLPS]	0	531.126	-81.698	0	324.440	0	0	
0	[SLPS]	0	530.825	-81.274	0	324.424	0	0	
0	[SLPS]	0	530.825	-81.274	0	324.424	0	0	
0	[SLPS]	0	530.211	-80.420	0	324.386	0	0	
0	[SLPS]	0	530.211	-80.420	0	324.386	0	0	
0	[SLPS]	0	529.902	-79.991	0	324.389	0	0	
0	[SLPS]	0	529.592	-79.561	0	324.397	0	0	
0	[SLPS]	0	529.592	-79.561	0	324.397	0	0	
0	[SLPS]	0	528.964	-78.698	0	324.413	0	0	
0	[SLPS]	0	528.964	-78.698	0	324.413	0	0	
0	[SLPS]	0	528.665	-78.262	0	324.439	0	0	
0	[SLPS]	0	528.351	-77.827	0	324.433	0	0	
0	[SLPS]	0	528.351	-77.827	0	324.433	0	0	
0	[SLPS]	0	527.724	-76.940	0	324.440	0	0	
0	[SLPS]	0	527.724	-76.940	0	324.440	0	0	
0	[SLPS]	0	527.422	-76.500	0	324.452	0	0	
0	[SLPS]	0	527.107	-76.053	0	324.426	0	0	
0	[SLPS]	0	527.107	-76.053	0	324.426	0	0	
0	[SLPS]	0	526.454	-75.155	0	324.411	0	0	
0	[SLPS]	0	526.454	-75.155	0	324.411	0	0	
0	[SLPS]	0	526.148	-74.703	0	324.430	0	0	
0	[SLPS]	0	525.818	-74.257	0	324.413	0	0	
0	[SLPS]	0	525.495	-73.800	0	324.421	0	0	
0	[SLPS]	0	525.167	-73.342	0	324.423	0	0	
0	[SLPS]	0	525.167	-73.342	0	324.423	0	0	
0	[SLPS]	0	524.504	-72.442	0	324.407	0	0	
0	[SLPS]	0	524.504	-72.442	0	324.407	0	0	
0	[SLPS]	0	524.177	-71.978	0	324.419	0	0	
0	[SLPS]	0	523.850	-71.514	0	324.426	0	0	
0	[SLPS]	0	523.850	-71.514	0	324.426	0	0	
0	[SLPS]	0	523.209	-70.593	0	324.445	0	0	
0	[SLPS]	0	523.209	-70.593	0	324.445	0	0	
0	[SLPS]	0	522.878	-70.132	0	324.439	0	0	
0	[SLPS]	0	522.564	-69.661	0	324.462	0	0	
0	[SLPS]	0	522.564	-69.661	0	324.462	0	0	
0	[SLPS]	0	521.907	-68.741	0	324.452	0	0	
0	[SLPS]	0	521.907	-68.741	0	324.452	0	0	
0	[SLPS]	0	521.570	-68.276	0	324.446	0	0	
0	[SLPS]	0	521.252	-67.790	0	324.476	0	0	
0	[SLPS]	0	521.252	-67.790	0	324.476	0	0	
0	[SLPS]	0	520.579	-66.851	0	324.454	0	0	
0	[SLPS]	0	520.579	-66.851	0	324.454	0	0	
0	[SLPS]	0	520.238	-66.382	0	324.445	0	0	
0	[SLPS]	0	519.915	-65.897	0	324.472	0	0	
0	[SLPS]	0	519.915	-65.897	0	324.472	0	0	
0	[SLPS]	0	519.227	-64.949	0	324.462	0	0	
0	[SLPS]	0	519.227	-64.949	0	324.462	0	0	
0	[SLPS]	0	518.888	-64.471	0	324.469	0	0	
0	[SLPS]	0	518.551	-63.976	0	324.487	0	0	
0	[SLPS]	0	518.551	-63.976	0	324.487	0	0	
0	[SLPS]	0	517.869	-63.022	0	324.476	0	0	
0	[SLPS]	0	517.869	-63.022	0	324.476	0	0	
0	[SLPS]	0	517.529	-62.542	0	324.474	0	0	
0	[SLPS]	0	517.187	-62.062	0	324.464	0	0	
0	[SLPS]	0	517.187	-62.062	0	324.464	0	0	
0	[SLPS]	0	516.504	-61.098	0	324.472	0	0	
0	[SLPS]	0	516.504	-61.098	0	324.472	0	0	
0	[SLPS]	0	516.163	-60.614	0	324.469	0	0	
0	[SLPS]	0	515.813	-60.131	0	324.463	0	0	
0	[SLPS]	0	515.813	-60.131	0	324.463	0	0	
0	[SLPS]	0	515.136	-59.163	0	324.478	0	0	
0	[SLPS]	0	515.136	-59.163	0	324.478	0	0	
0	[SLPS]	0	514.784	-58.684	0	324.464	0	0	
0	[SLPS]	0	514.449	-58.191	0	324.484	0	0	
0	[SLPS]	0	514.449	-58.191	0	324.484	0	0	
0	[SLPS]	0	513.750	-57.220	0	324.464	0	0	
0	[SLPS]	0	513.750	-57.220	0	324.464	0	0	
0	[SLPS]	0	513.412	-56.739	0	324.467	0	0	
0	[SLPS]	0	513.073	-56.244	0	324.479	0	0	
0	[SLPS]	0	512.720	-55.763	0	324.473	0	0	
0	[SLPS]	0	512.372	-55.276	0	324.492	0	0	
0	[SLPS]	0	512.372	-55.276	0	324.492	0	0	
0	[SLPS]	0	511.684	-54.314	0	324.547	0	0	
0	[SLPS]	0	511.684	-54.314	0	324.547	0	0	
0	[SLPS]	0	511.339	-53.829	0	324.577	0	0	
0	[SLPS]	0	511.010	-53.343	0	324.622	0	0	
0	[SLPS]	0	511.010	-53.343	0	324.622	0	0	
0	[SLPS]	0	510.328	-52.371	0	324.678	0	0	
0	[SLPS]	0	510.328	-52.371	0	324.678	0	0	
0	[SLPS]	0	509.987	-51.885	0	324.707	0	0	
0	[SLPS]	0	509.654	-51.396	0	324.742	0	0	
0	[SLPS]	0	509.319	-50.913	0	324.775	0	0	
0	[SLPS]	0	508.963	-50.426	0	324.794	0	0	
0	[SLPS]	0	508.963	-50.426	0	324.794	0	0	
0	[SLPS]	0	508.622	-49.940	0	324.825	0	0	
0	[SLPS]	0	508.299	-49.457	0	324.873	0	0	
0	[SLPS]	0	507.958	-48.974	0	324.899	0	0	
0	[SLPS]	0	507.619	-48.488	0	324.917	0	0	
0	[SLPS]	0	507.619	-48.488	0	324.917	0	0	
0	[SLPS]	0	506.956	-47.528	0	324.940	0	0	
0	[SLPS]	0	506.956	-47.528	0	324.940	0	0	
0	[SLPS]	0	506.629	-47.034	0	324.959	0	0	
0	[SLPS]	0	506.288	-46.538	0	324.940	0	0	
0	[SLPS]	0	506.288	-46.538	0	324.940	0	0	
0	[SLPS]	0	505.622	-45.580	0	324.935	0	0	
0	[SLPS]	0	505.622	-45.580	0	324.935	0	0	
0	[SLPS]	0	505.299	-45.097	0	324.947	0	0	
0	[SLPS]	0	504.966	-44.618	0	324.937	0	0	
0	[SLPS]	0	504.966	-44.618	0	324.937	0	0	
0	[SLPS]	0	504.306	-43.668	0	324.905	0	0	
0	[SLPS]	0	504.306	-43.668	0	324.905	0	0	
0	[SLPS]	0	503.962	-43.194	0	324.856	0	0	
0	[SLPS]	0	503.628	-42.722	0	324.826	0	0	
0	[SLPS]	0	503.628	-42.722	0	324.826	0	0	
0	[SLPS]	0	502.961	-41.783	0	324.754	0	0	
0	[SLPS]	0	502.961	-41.783	0	324.754	0	0	
0	[SLPS]	0	502.624	-41.316	0	324.723	0	0	
0	[SLPS]	0	502.294	-40.848	0	324.700	0	0	
0	[SLPS]	0	502.294	-40.848	0	324.700	0	0	
0	[SLPS]	0	501.623	-39.919	0	324.647	0	0	
0	[SLPS]	0	501.623	-39.919	0	324.647	0	0	
0	[SLPS]	0	501.306	-39.445	0	324.655	0	0	
0	[SLPS]	0	500.975	-38.981	0	324.650	0	0	
0	[SLPS]	0	500.975	-38.981	0	324.650	0	0	
0	[SLPS]	0	500.320	-38.058	0	324.670	0	0	
0	[SLPS]	0	500.320	-38.058	0	324.670	0	0	
0	[SLPS]	0	499.995	-37.597	0	324.686	0	0	
0	[SLPS]	0	499.664	-37.137	0	324.691	0	0	
0	[SLPS]	0	499.664	-37.137	0	324.691	0	0	
0	[SLPS]	0	499.021	-36.217	0	324.713	0	0	
0	[SLPS]	0	499.021	-36.217	0	324.713	0	0	
0	[SLPS]	0	498.713	-35.743	0	324.743	0	0	
0	[SLPS]	0	498.395	-35.278	0	324.761	0	0	
0	[SLPS]	0	498.395	-35.278	0	324.761	0	0	
0	[SLPS]	0	497.753	-34.374	0	324.777	0	0	
0	[SLPS]	0	497.753	-34.374	0	324.777	0	0	
0	[SLPS]	0	497.439	-33.912	0	324.796	0	0	
0	[SLPS]	0	497.109	-33.459	0	324.798	0	0	
0	[SLPS]	0	496.790	-33.005	0	324.811	0	0	
0	[SLPS]	0	496.476	-32.563	0	324.823	0	0	
0	[SLPS]	0	496.476	-32.563	0	324.823	0	0	
0	[SLPS]	0	496.152	-32.112	0	324.829	0	0	
0	[SLPS]	0	495.834	-31.664	0	324.841	0	0	
0	[SLPS]	0	495.517	-31.215	0	324.848	0	0	
0	[SLPS]	0	495.196	-30.766	0	324.858	0	0	
0	[SLPS]	0	495.196	-30.766	0	324.858	0	0	
0	[SLPS]	0	494.552	-29.866	0	324.872	0	0	
0	[SLPS]	0	494.552	-29.866	0	324.872	0	0	
0	[SLPS]	0	494.232	-29.412	0	324.857	0	0	
0	[SLPS]	0	493.920	-28.968	0	324.845	0	0	
0	[SLPS]	0	493.920	-28.968	0	324.845	0	0	
0	[SLPS]	0	493.296	-28.068	0	324.826	0	0	
0	[SLPS]	0	493.296	-28.068	0	324.826	0	0	
0	[SLPS]	0	492.979	-27.632	0	324.807	0	0	
0	[SLPS]	0	492.669	-27.191	0	324.791	0	0	
0	[SLPS]	0	492.669	-27.191	0	324.791	0	0	
0	[SLPS]	0	492.062	-26.309	0	324.765	0	0	
0	[SLPS]	0	492.062	-26.309	0	324.765	0	0	
0	[SLPS]	0	491.755	-25.873	0	324.751	0	0	
0	[SLPS]	0	491.465	-25.445	0	324.740	0	0	
0	[SLPS]	0	491.465	-25.445	0	324.740	0	0	
0	[SLPS]	0	490.865	-24.583	0	324.711	0	0	
0	[SLPS]	0	490.865	-24.583	0	324.711	0	0	
0	[SLPS]	0	490.563	-24.151	0	324.702	0	0	
0	[SLPS]	0	490.263	-23.720	0	324.698	0	0	
0	[SLPS]	0	489.955	-23.295	0	324.680	0	0	
0	[SLPS]	0	489.660	-22.863	0	324.678	0	0	
0	[SLPS]	0	489.660	-22.863	0	324.678	0	0	
0	[SLPS]	0	489.048	-22.016	0	324.646	0	0	
0	[SLPS]	0	489.048	-22.016	0	324.646	0	0	
0	[SLPS]	0	488.761	-21.577	0	324.647	0	0	
0	[SLPS]	0	488.457	-21.147	0	324.624	0	0	
0	[SLPS]	0	488.457	-21.147	0	324.624	0	0	
0	[SLPS]	0	487.856	-20.304	0	324.572	0	0	
0	[SLPS]	0	487.856	-20.304	0	324.572	0	0	
0	[SLPS]	0	487.556	-19.883	0	324.550	0	0	
0	[SLPS]	0	487.258	-19.464	0	324.539	0	0	
0	[SLPS]	0	487.258	-19.464	0	324.539	0	0	
0	[SLPS]	0	486.646	-18.638	0	324.497	0	0	
0	[SLPS]	0	486.646	-18.638	0	324.497	0	0	
0	[SLPS]	0	486.345	-18.224	0	324.484	0	0	
0	[SLPS]	0	486.058	-17.802	0	324.477	0	0	
0	[SLPS]	0	486.058	-17.802	0	324.477	0	0	
0	[SLPS]	0	485.449	-16.999	0	324.429	0	0	
0	[SLPS]	0	485.449	-16.999	0	324.429	0	0	
0	[SLPS]	0	485.158	-16.589	0	324.419	0	0	
0	[SLPS]	0	484.866	-16.183	0	324.404	0	0	
0	[SLPS]	0	484.866	-16.183	0	324.404	0	0	
0	[SLPS]	0	484.285	-15.379	0	324.399	0	0	
0	[SLPS]	0	484.285	-15.379	0	324.399	0	0	
0	[SLPS]	0	483.989	-14.979	0	324.387	0	0	
0	[SLPS]	0	483.694	-14.572	0	324.397	0	0	
0	[SLPS]	0	483.409	-14.192	0	324.380	0	0	
0	[SLPS]	0	483.139	-13.793	0	324.383	0	0	
0	[SLPS]	0	483.139	-13.793	0	324.383	0	0	
0	[SLPS]	0	482.557	-13.020	0	324.366	0	0	
0	[SLPS]	0	482.557	-13.020	0	324.366	0	0	
0	[SLPS]	0	482.279	-12.635	0	324.360	0	0	
0	[SLPS]	0	482.001	-12.251	0	324.370	0	0	
0	[SLPS]	0	482.001	-12.251	0	324.370	0	0	
0	[SLPS]	0	481.435	-11.481	0	324.358	0	0	
0	[SLPS]	0	481.435	-11.481	0	324.358	0	0	
0	[SLPS]	0	481.167	-11.100	0	324.360	0	0	
0	[SLPS]	0	480.900	-10.721	0	324.365	0	0	
0	[SLPS]	0	480.900	-10.721	0	324.365	0	0	
0	[SLPS]	0	480.379	-9.949	0	324.386	0	0	
0	[SLPS]	0	480.379	-9.949	0	324.386	0	0	
0	[SLPS]	0	479.865	-9.211	0	324.390	0	0	
0	[SLPS]	0	479.865	-9.211	0	324.390	0	0	
0	[SLPS]	0	479.605	-8.843	0	324.385	0	0	
0	[SLPS]	0	479.336	-8.471	0	324.387	0	0	
0	[SLPS]	0	479.336	-8.471	0	324.387	0	0	
0	[SLPS]	0	478.835	-7.740	0	324.411	0	0	
0	[SLPS]	0	478.835	-7.740	0	324.411	0	0	
0	[SLPS]	0	478.587	-7.375	0	324.415	0	0	
0	[SLPS]	0	478.331	-7.013	0	324.420	0	0	
0	[SLPS]	0	478.331	-7.013	0	324.420	0	0	
0	[SLPS]	0	477.830	-6.298	0	324.435	0	0	
0	[SLPS]	0	477.830	-6.298	0	324.435	0	0	
0	[SLPS]	0	477.586	-5.945	0	324.442	0	0	
0	[SLPS]	0	477.335	-5.593	0	324.445	0	0	
0	[SLPS]	0	477.090	-5.246	0	324.450	0	0	
0	[SLPS]	0	476.845	-4.896	0	324.474	0	0	
0	[SLPS]	0	476.845	-4.896	0	324.474	0	0	
0	[SLPS]	0	476.345	-4.200	0	324.479	0	0	
0	[SLPS]	0	476.345	-4.200	0	324.479	0	0	
0	[SLPS]	0	476.105	-3.851	0	324.490	0	0	
0	[SLPS]	0	475.857	-3.498	0	324.494	0	0	
0	[SLPS]	0	475.857	-3.498	0	324.494	0	0	
0	[SLPS]	0	475.353	-2.797	0	324.496	0	0	
0	[SLPS]	0	475.353	-2.797	0	324.496	0	0	
0	[SLPS]	0	475.109	-2.453	0	324.500	0	0	
0	[SLPS]	0	474.871	-2.104	0	324.502	0	0	
0	[SLPS]	0	474.871	-2.104	0	324.502	0	0	
0	[SLPS]	0	474.376	-1.397	0	324.517	0	0	
0	[SLPS]	0	474.376	-1.397	0	324.517	0	0	
0	[SLPS]	0	474.134	-1.054	0	324.523	0	0	
0	[SLPS]	0	473.894	-0.723	0	324.523	0	0	
0	[SLPS]	0	473.894	-0.723	0	324.523	0	0	
0	[SLPS]	0	473.419	-0.045	0	324.529	0	0	
0	[SLPS]	0	473.419	-0.045	0	324.529	0	0	
0	[SLPS]	0	472.951	0.628	0	324.549	0	0	
0	[SLPS]	0	472.951	0.628	0	324.549	0	0	
0	[SLPS]	0	472.707	0.955	0	324.548	0	0	
0	[SLPS]	0	472.470	1.294	0	324.553	0	0	
0	[SLPS]	0	472.470	1.294	0	324.553	0	0	
0	[SLPS]	0	472.006	1.958	0	324.568	0	0	
0	[SLPS]	0	472.006	1.958	0	324.568	0	0	
0	[SLPS]	0	471.781	2.283	0	324.576	0	0	
0	[SLPS]	0	471.551	2.612	0	324.585	0	0	
0	[SLPS]	0	471.551	2.612	0	324.585	0	0	
0	[SLPS]	0	471.092	3.275	0	324.595	0	0	
0	[SLPS]	0	471.092	3.275	0	324.595	0	0	
0	[SLPS]	0	470.865	3.599	0	324.606	0	0	
0	[SLPS]	0	470.641	3.924	0	324.613	0	0	
0	[SLPS]	0	470.641	3.924	0	324.613	0	0	
0	[SLPS]	0	470.181	4.575	0	324.610	0	0	
0	[SLPS]	0	470.181	4.575	0	324.610	0	0	
0	[SLPS]	0	469.953	4.901	0	324.612	0	0	
0	[SLPS]	0	469.722	5.220	0	324.612	0	0	
0	[SLPS]	0	469.722	5.220	0	324.612	0	0	
0	[SLPS]	0	469.265	5.857	0	324.603	0	0	
0	[SLPS]	0	469.265	5.857	0	324.603	0	0	
0	[SLPS]	0	469.036	6.182	0	324.594	0	0	
0	[SLPS]	0	468.813	6.493	0	324.580	0	0	
0	[SLPS]	0	468.813	6.493	0	324.580	0	0	
0	[SLPS]	0	468.379	7.130	0	324.565	0	0	
0	[SLPS]	0	468.379	7.130	0	324.565	0	0	
0	[SLPS]	0	468.153	7.442	0	324.549	0	0	
0	[SLPS]	0	467.927	7.750	0	324.533	0	0	
0	[SLPS]	0	467.707	8.059	0	324.514	0	0	
0	[SLPS]	0	467.491	8.363	0	324.499	0	0	
0	[SLPS]	0	467.491	8.363	0	324.499	0	0	
0	[SLPS]	0	467.065	8.975	0	324.479	0	0	
0	[SLPS]	0	467.065	8.975	0	324.479	0	0	
0	[SLPS]	0	466.856	9.275	0	324.467	0	0	
0	[SLPS]	0	466.649	9.571	0	324.454	0	0	
0	[SLPS]	0	466.649	9.571	0	324.454	0	0	
0	[SLPS]	0	466.218	10.161	0	324.417	0	0	
0	[SLPS]	0	466.218	10.161	0	324.417	0	0	
0	[SLPS]	0	466.010	10.452	0	324.411	0	0	
0	[SLPS]	0	465.813	10.732	0	324.412	0	0	
0	[SLPS]	0	465.813	10.732	0	324.412	0	0	
0	[SLPS]	0	465.413	11.302	0	324.438	0	0	
0	[SLPS]	0	465.413	11.302	0	324.438	0	0	
0	[SLPS]	0	465.213	11.583	0	324.458	0	0	
0	[SLPS]	0	465.010	11.850	0	324.477	0	0	
0	[SLPS]	0	465.010	11.850	0	324.477	0	0	
0	[SLPS]	0	464.617	12.397	0	324.564	0	0	
0	[SLPS]	0	464.617	12.397	0	324.564	0	0	
0	[SLPS]	0	464.435	12.678	0	324.623	0	0	
0	[SLPS]	0	464.245	12.944	0	324.700	0	0	
0	[SLPS]	0	464.245	12.944	0	324.700	0	0	
0	[SLPS]	0	463.870	13.468	0	324.924	0	0	
0	[SLPS]	0	463.870	13.468	0	324.924	0	0	
0	[SLPS]	0	463.691	13.741	0	325.063	0	0	
0	[SLPS]	0	463.507	14.006	0	325.223	0	0	
0	[SLPS]	0	463.323	14.278	0	325.396	0	0	
0	[SLPS]	0	463.146	14.553	0	325.583	0	0	
0	[SLPS]	0	463.146	14.553	0	325.583	0	0	
0	[SLPS]	0	462.805	15.077	0	326.059	0	0	
0	[SLPS]	0	462.805	15.077	0	326.059	0	0	
0	[SLPS]	0	462.628	15.343	0	326.330	0	0	
0	[SLPS]	0	462.461	15.603	0	326.624	0	0	
0	[SLPS]	0	462.461	15.603	0	326.624	0	0	
0	[SLPS]	0	462.135	16.123	0	327.271	0	0	
0	[SLPS]	0	462.135	16.123	0	327.271	0	0	
0	[SLPS]	0	461.975	16.382	0	327.639	0	0	
0	[SLPS]	0	461.801	16.642	0	328.035	0	0	
0	[SLPS]	0	461.801	16.642	0	328.035	0	0	
0	[SLPS]	0	461.497	17.160	0	328.893	0	0	
0	[SLPS]	0	461.497	17.160	0	328.893	0	0	
0	[SLPS]	0	461.359	17.423	0	329.334	0	0	
0	[SLPS]	0	461.230	17.689	0	329.777	0	0	
0	[SLPS]	0	461.230	17.689	0	329.777	0	0	
0	[SLPS]	0	460.943	18.200	0	330.696	0	0	
0	[SLPS]	0	460.943	18.200	0	330.696	0	0	
0	[SLPS]	0	460.815	18.464	0	331.185	0	0	
0	[SLPS]	0	460.666	18.722	0	331.693	0	0	
0	[SLPS]	0	460.666	18.722	0	331.693	0	0	
0	[SLPS]	0	460.412	19.247	0	332.758	0	0	
0	[SLPS]	0	460.412	19.247	0	332.758	0	0	
0	[SLPS]	0	460.303	19.494	0	333.316	0	0	
0	[SLPS]	0	460.187	19.761	0	333.906	0	0	
0	[SLPS]	0	460.187	19.761	0	333.906	0	0	
0	[SLPS]	0	459.966	20.281	0	335.131	0	0	
0	[SLPS]	0	459.966	20.281	0	335.131	0	0	
0	[SLPS]	0	459.872	20.546	0	335.789	0	0	
0	[SLPS]	0	459.769	20.807	0	336.484	0	0	
0	[SLPS]	0	459.769	20.807	0	336.484	0	0	
0	[SLPS]	0	459.580	21.338	0	337.935	0	0	
0	[SLPS]	0	459.580	21.338	0	337.935	0	0	
0	[SLPS]	0	459.489	21.607	0	338.679	0	0	
0	[SLPS]	0	459.399	21.877	0	339.440	0	0	
0	[SLPS]	0	459.314	22.143	0	340.214	0	0	
0	[SLPS]	0	459.237	22.421	0	341.008	0	0	
0	[SLPS]	0	459.237	22.421	0	341.008	0	0	
0	[SLPS]	0	459.081	22.965	0	342.650	0	0	
0	[SLPS]	0	459.081	22.965	0	342.650	0	0	
0	[SLPS]	0	459.015	23.237	0	343.488	0	0	
0	[SLPS]	0	458.950	23.506	0	344.336	0	0	
0	[SLPS]	0	458.950	23.506	0	344.336	0	0	
0	[SLPS]	0	458.828	24.046	0	346.024	0	0	
0	[SLPS]	0	458.828	24.046	0	346.024	0	0	
0	[SLPS]	0	458.782	24.316	0	346.879	0	0	
0	[SLPS]	0	458.733	24.582	0	347.736	0	0	
0	[SLPS]	0	458.733	24.582	0	347.736	0	0	
0	[SLPS]	0	458.656	25.118	0	349.471	0	0	
0	[SLPS]	0	458.656	25.118	0	349.471	0	0	
0	[SLPS]	0	458.626	25.384	0	350.348	0	0	
0	[SLPS]	0	458.597	25.647	0	351.237	0	0	
0	[SLPS]	0	458.597	25.647	0	351.237	0	0	
0	[SLPS]	0	458.553	26.175	0	353.027	0	0	
0	[SLPS]	0	458.553	26.175	0	353.027	0	0	
0	[SLPS]	0	458.536	26.440	0	353.926	0	0	
0	[SLPS]	0	458.527	26.702	0	354.830	0	0	
0	[SLPS]	0	458.527	26.702	0	354.830	0	0	
0	[SLPS]	0	458.514	27.232	0	356.647	0	0	
0	[SLPS]	0	458.514	27.232	0	356.647	0	0	
0	[SLPS]	0	458.514	27.494	0	357.560	0	0	
0	[SLPS]	0	458.521	27.759	0	358.474	0	0	
0	[SLPS]	0	458.521	27.759	0	358.474	0	0	
0	[SLPS]	0	458.542	28.284	0	0.327	0	0	
0	[SLPS]	0	458.542	28.284	0	0.327	0	0	
0	[SLPS]	0	458.558	28.543	0	1.248	0	0	
0	[SLPS]	0	458.582	28.802	0	2.184	0	0	
0	[SLPS]	0	458.582	28.802	0	2.184	0	0	
0	[SLPS]	0	458.640	29.324	0	4.131	0	0	
0	[SLPS]	0	458.640	29.324	0	4.131	0	0	
0	[SLPS]	0	458.673	29.578	0	5.133	0	0	
0	[SLPS]	0	458.717	29.834	0	6.150	0	0	
0	[SLPS]	0	458.717	29.834	0	6.150	0	0	
0	[SLPS]	0	458.794	30.349	0	8.203	0	0	
0	[SLPS]	0	458.794	30.349	0	8.203	0	0	
0	[SLPS]	0	458.840	30.599	0	9.226	0	0	
0	[SLPS]	0	458.897	30.848	0	10.238	0	0	
0	[SLPS]	0	458.959	31.095	0	11.241	0	0	
0	[SLPS]	0	459.023	31.343	0	12.245	0	0	
0	[SLPS]	0	459.023	31.343	0	12.245	0	0	
0	[SLPS]	0	459.090	31.588	0	13.252	0	0	
0	[SLPS]	0	459.172	31.821	0	14.265	0	0	
0	[SLPS]	0	459.172	31.821	0	14.265	0	0	
0	[SLPS]	0	459.329	32.286	0	16.297	0	0	
0	[SLPS]	0	459.329	32.286	0	16.297	0	0	
0	[SLPS]	0	459.413	32.519	0	17.305	0	0	
0	[SLPS]	0	459.510	32.742	0	18.304	0	0	
0	[SLPS]	0	459.600	32.972	0	19.302	0	0	
0	[SLPS]	0	459.698	33.198	0	20.306	0	0	
0	[SLPS]	0	459.698	33.198	0	20.306	0	0	
0	[SLPS]	0	459.903	33.636	0	22.314	0	0	
0	[SLPS]	0	459.903	33.636	0	22.314	0	0	
0	[SLPS]	0	460.005	33.853	0	23.307	0	0	
0	[SLPS]	0	460.118	34.071	0	24.294	0	0	
0	[SLPS]	0	460.118	34.071	0	24.294	0	0	
0	[SLPS]	0	460.362	34.481	0	26.270	0	0	
0	[SLPS]	0	460.362	34.481	0	26.270	0	0	
0	[SLPS]	0	460.483	34.687	0	27.258	0	0	
0	[SLPS]	0	460.612	34.888	0	28.248	0	0	
0	[SLPS]	0	460.612	34.888	0	28.248	0	0	
0	[SLPS]	0	460.870	35.283	0	30.197	0	0	
0	[SLPS]	0	460.870	35.283	0	30.197	0	0	
0	[SLPS]	0	461.008	35.481	0	31.165	0	0	
0	[SLPS]	0	461.147	35.675	0	32.118	0	0	
0	[SLPS]	0	461.147	35.675	0	32.118	0	0	
0	[SLPS]	0	461.429	36.059	0	33.929	0	0	
0	[SLPS]	0	461.429	36.059	0	33.929	0	0	
0	[SLPS]	0	461.572	36.251	0	34.794	0	0	
0	[SLPS]	0	461.722	36.438	0	35.656	0	0	
0	[SLPS]	0	461.722	36.438	0	35.656	0	0	
0	[SLPS]	0	462.024	36.808	0	37.379	0	0	
0	[SLPS]	0	462.024	36.808	0	37.379	0	0	
0	[SLPS]	0	462.181	36.991	0	38.221	0	0	
0	[SLPS]	0	462.341	37.175	0	39.059	0	0	
0	[SLPS]	0	462.495	37.354	0	39.854	0	0	
0	[SLPS]	0	462.654	37.532	0	40.630	0	0	
0	[SLPS]	0	462.654	37.532	0	40.630	0	0	
0	[SLPS]	0	462.823	37.708	0	41.416	0	0	
0	[SLPS]	0	462.990	37.877	0	42.186	0	0	
0	[SLPS]	0	463.156	38.042	0	42.960	0	0	
0	[SLPS]	0	463.329	38.207	0	43.737	0	0	
0	[SLPS]	0	463.329	38.207	0	43.737	0	0	
0	[SLPS]	0	463.671	38.519	0	45.232	0	0	
0	[SLPS]	0	463.671	38.519	0	45.232	0	0	
0	[SLPS]	0	463.848	38.675	0	45.960	0	0	
0	[SLPS]	0	464.032	38.833	0	46.683	0	0	
0	[SLPS]	0	464.032	38.833	0	46.683	0	0	
0	[SLPS]	0	464.397	39.138	0	48.049	0	0	
0	[SLPS]	0	464.397	39.138	0	48.049	0	0	
0	[SLPS]	0	464.582	39.289	0	48.686	0	0	
0	[SLPS]	0	464.770	39.447	0	49.300	0	0	
0	[SLPS]	0	464.770	39.447	0	49.300	0	0	
0	[SLPS]	0	465.158	39.750	0	50.446	0	0	
0	[SLPS]	0	465.158	39.750	0	50.446	0	0	
0	[SLPS]	0	465.352	39.898	0	51.008	0	0	
0	[SLPS]	0	465.542	40.046	0	51.553	0	0	
0	[SLPS]	0	465.542	40.046	0	51.553	0	0	
0	[SLPS]	0	465.944	40.337	0	52.556	0	0	
0	[SLPS]	0	465.944	40.337	0	52.556	0	0	
0	[SLPS]	0	466.147	40.478	0	53.039	0	0	
0	[SLPS]	0	466.349	40.628	0	53.504	0	0	
0	[SLPS]	0	466.349	40.628	0	53.504	0	0	
0	[SLPS]	0	466.775	40.916	0	54.362	0	0	
0	[SLPS]	0	466.775	40.916	0	54.362	0	0	
0	[SLPS]	0	466.987	41.059	0	54.749	0	0	
0	[SLPS]	0	467.205	41.198	0	55.121	0	0	
0	[SLPS]	0	467.205	41.198	0	55.121	0	0	
0	[SLPS]	0	467.643	41.489	0	55.825	0	0	
0	[SLPS]	0	467.643	41.489	0	55.825	0	0	
0	[SLPS]	0	467.869	41.635	0	56.147	0	0	
0	[SLPS]	0	468.086	41.782	0	56.441	0	0	
0	[SLPS]	0	468.086	41.782	0	56.441	0	0	
0	[SLPS]	0	468.544	42.070	0	56.979	0	0	
0	[SLPS]	0	468.544	42.070	0	56.979	0	0	
0	[SLPS]	0	469.004	42.353	0	57.443	0	0	
0	[SLPS]	0	469.004	42.353	0	57.443	0	0	
0	[SLPS]	0	469.237	42.496	0	57.643	0	0	
0	[SLPS]	0	469.484	42.642	0	57.818	0	0	
0	[SLPS]	0	469.484	42.642	0	57.818	0	0	
0	[SLPS]	0	469.718	42.779	0	57.970	0	0	
0	[SLPS]	0	469.958	42.926	0	58.109	0	0	
0	[SLPS]	0	470.198	43.077	0	58.236	0	0	
0	[SLPS]	0	470.443	43.225	0	58.357	0	0	
0	[SLPS]	0	470.443	43.225	0	58.357	0	0	
0	[SLPS]	0	470.929	43.520	0	58.566	0	0	
0	[SLPS]	0	470.929	43.520	0	58.566	0	0	
0	[SLPS]	0	471.172	43.662	0	58.667	0	0	
0	[SLPS]	0	471.426	43.818	0	58.757	0	0	
0	[SLPS]	0	471.426	43.818	0	58.757	0	0	
0	[SLPS]	0	471.671	43.966	0	58.847	0	0	
0	[SLPS]	0	471.928	44.117	0	58.928	0	0	
0	[SLPS]	0	472.186	44.264	0	59.000	0	0	
0	[SLPS]	0	472.445	44.421	0	59.067	0	0	
0	[SLPS]	0	472.445	44.421	0	59.067	0	0	
0	[SLPS]	0	472.697	44.566	0	59.121	0	0	
0	[SLPS]	0	472.961	44.716	0	59.183	0	0	
0	[SLPS]	0	473.220	44.867	0	59.246	0	0	
0	[SLPS]	0	473.490	45.020	0	59.314	0	0	
0	[SLPS]	0	473.490	45.020	0	59.314	0	0	
0	[SLPS]	0	473.754	45.174	0	59.384	0	0	
0	[SLPS]	0	474.013	45.329	0	59.445	0	0	
0	[SLPS]	0	474.284	45.487	0	59.512	0	0	
0	[SLPS]	0	474.555	45.647	0	59.570	0	0	
0	[SLPS]	0	474.555	45.647	0	59.570	0	0	
0	[SLPS]	0	475.096	45.965	0	59.671	0	0	
0	[SLPS]	0	475.096	45.965	0	59.671	0	0	
0	[SLPS]	0	475.371	46.121	0	59.704	0	0	
0	[SLPS]	0	475.649	46.278	0	59.742	0	0	
0	[SLPS]	0	475.649	46.278	0	59.742	0	0	
0	[SLPS]	0	476.196	46.596	0	59.754	0	0	
0	[SLPS]	0	476.196	46.596	0	59.754	0	0	
0	[SLPS]	0	476.484	46.763	0	59.748	0	0	
0	[SLPS]	0	476.771	46.928	0	59.740	0	0	
0	[SLPS]	0	476.771	46.928	0	59.740	0	0	
0	[SLPS]	0	477.344	47.256	0	59.729	0	0	
0	[SLPS]	0	477.344	47.256	0	59.729	0	0	
0	[SLPS]	0	477.642	47.432	0	59.717	0	0	
0	[SLPS]	0	477.922	47.606	0	59.702	0	0	
0	[SLPS]	0	477.922	47.606	0	59.702	0	0	
0	[SLPS]	0	478.519	47.960	0	59.689	0	0	
0	[SLPS]	0	478.519	47.960	0	59.689	0	0	
0	[SLPS]	0	478.815	48.133	0	59.679	0	0	
0	[SLPS]	0	479.114	48.317	0	59.659	0	0	
0	[SLPS]	0	479.412	48.495	0	59.656	0	0	
0	[SLPS]	0	479.701	48.659	0	59.654	0	0	
0	[SLPS]	0	479.701	48.659	0	59.654	0	0	
0	[SLPS]	0	480.016	48.834	0	59.659	0	0	
0	[SLPS]	0	480.321	49.013	0	59.620	0	0	
0	[SLPS]	0	480.321	49.013	0	59.620	0	0	
0	[SLPS]	0	480.930	49.363	0	59.595	0	0	
0	[SLPS]	0	480.930	49.363	0	59.595	0	0	
0	[SLPS]	0	481.246	49.539	0	59.599	0	0	
0	[SLPS]	0	481.562	49.713	0	59.602	0	0	
0	[SLPS]	0	481.874	49.893	0	59.599	0	0	
0	[SLPS]	0	482.185	50.073	0	59.602	0	0	
0	[SLPS]	0	482.185	50.073	0	59.602	0	0	
0	[SLPS]	0	482.489	50.252	0	59.590	0	0	
0	[SLPS]	0	482.806	50.444	0	59.572	0	0	
0	[SLPS]	0	483.122	50.624	0	59.579	0	0	
0	[SLPS]	0	483.444	50.808	0	59.575	0	0	
0	[SLPS]	0	483.444	50.808	0	59.575	0	0	
0	[SLPS]	0	484.084	51.171	0	59.556	0	0	
0	[SLPS]	0	484.084	51.171	0	59.556	0	0	
0	[SLPS]	0	484.405	51.356	0	59.556	0	0	
0	[SLPS]	0	484.719	51.545	0	59.535	0	0	
0	[SLPS]	0	484.719	51.545	0	59.535	0	0	
0	[SLPS]	0	485.383	51.938	0	59.514	0	0	
0	[SLPS]	0	485.383	51.938	0	59.514	0	0	
0	[SLPS]	0	485.712	52.131	0	59.509	0	0	
0	[SLPS]	0	486.021	52.321	0	59.501	0	0	
0	[SLPS]	0	486.021	52.321	0	59.501	0	0	
0	[SLPS]	0	486.692	52.713	0	59.506	0	0	
0	[SLPS]	0	486.692	52.713	0	59.506	0	0	
0	[SLPS]	0	487.024	52.909	0	59.497	0	0	
0	[SLPS]	0	487.356	53.117	0	59.479	0	0	
0	[SLPS]	0	487.356	53.117	0	59.479	0	0	
0	[SLPS]	0	488.035	53.518	0	59.468	0	0	
0	[SLPS]	0	488.035	53.518	0	59.468	0	0	
0	[SLPS]	0	488.711	53.923	0	59.450	0	0	
0	[SLPS]	0	488.711	53.923	0	59.450	0	0	
0	[SLPS]	0	489.052	54.126	0	59.437	0	0	
0	[SLPS]	0	489.395	54.331	0	59.393	0	0	
0	[SLPS]	0	489.395	54.331	0	59.393	0	0	
0	[SLPS]	0	490.085	54.737	0	59.348	0	0	
0	[SLPS]	0	490.085	54.737	0	59.348	0	0	
0	[SLPS]	0	490.430	54.944	0	59.315	0	0	
0	[SLPS]	0	490.787	55.155	0	59.282	0	0	
0	[SLPS]	0	490.787	55.155	0	59.282	0	0	
0	[SLPS]	0	491.132	55.361	0	59.248	0	0	
0	[SLPS]	0	491.477	55.563	0	59.209	0	0	
0	[SLPS]	0	491.834	55.780	0	59.161	0	0	
0	[SLPS]	0	492.187	55.995	0	59.112	0	0	
0	[SLPS]	0	492.187	55.995	0	59.112	0	0	
0	[SLPS]	0	492.891	56.417	0	59.026	0	0	
0	[SLPS]	0	492.891	56.417	0	59.026	0	0	
0	[SLPS]	0	493.250	56.633	0	58.980	0	0	
0	[SLPS]	0	493.596	56.855	0	58.928	0	0	
0	[SLPS]	0	493.596	56.855	0	58.928	0	0	
0	[SLPS]	0	494.316	57.284	0	58.812	0	0	
0	[SLPS]	0	494.316	57.284	0	58.812	0	0	
0	[SLPS]	0	494.668	57.502	0	58.755	0	0	
0	[SLPS]	0	495.034	57.720	0	58.693	0	0	
0	[SLPS]	0	495.034	57.720	0	58.693	0	0	
0	[SLPS]	0	495.748	58.165	0	58.556	0	0	
0	[SLPS]	0	495.748	58.165	0	58.556	0	0	
0	[SLPS]	0	496.109	58.388	0	58.475	0	0	
0	[SLPS]	0	496.459	58.615	0	58.395	0	0	
0	[SLPS]	0	496.459	58.615	0	58.395	0	0	
0	[SLPS]	0	497.186	59.070	0	58.225	0	0	
0	[SLPS]	0	497.186	59.070	0	58.225	0	0	
0	[SLPS]	0	497.558	59.284	0	58.135	0	0	
0	[SLPS]	0	497.921	59.509	0	58.043	0	0	
0	[SLPS]	0	497.921	59.509	0	58.043	0	0	
0	[SLPS]	0	498.654	59.968	0	57.847	0	0	
0	[SLPS]	0	498.654	59.968	0	57.847	0	0	
0	[SLPS]	0	499.019	60.208	0	57.747	0	0	
0	[SLPS]	0	499.383	60.444	0	57.648	0	0	
0	[SLPS]	0	499.383	60.444	0	57.648	0	0	
0	[SLPS]	0	500.121	60.914	0	57.455	0	0	
0	[SLPS]	0	500.121	60.914	0	57.455	0	0	
0	[SLPS]	0	500.855	61.387	0	57.275	0	0	
0	[SLPS]	0	500.855	61.387	0	57.275	0	0	
0	[SLPS]	0	501.222	61.625	0	57.190	0	0	
0	[SLPS]	0	501.583	61.867	0	57.121	0	0	
0	[SLPS]	0	501.583	61.867	0	57.121	0	0	
0	[SLPS]	0	502.312	62.347	0	57.009	0	0	
0	[SLPS]	0	502.312	62.347	0	57.009	0	0	
0	[SLPS]	0	502.312	62.347	0	57.009	0	0	
0	[SLPS]	0	503.038	62.828	0	56.933	0	0	
0	[SLPS]	0	503.038	62.828	0	56.933	0	0	
0	[SLPS]	0	503.786	63.318	0	56.918	0	0	
0	[SLPS]	0	503.786	63.318	0	56.918	0	0	
0	[SLPS]	0	504.152	63.558	0	56.919	0	0	
0	[SLPS]	0	504.525	63.803	0	56.924	0	0	
0	[SLPS]	0	504.525	63.803	0	56.924	0	0	
0	[SLPS]	0	505.270	64.303	0	56.930	0	0	
0	[SLPS]	0	505.270	64.303	0	56.930	0	0	
0	[SLPS]	0	505.649	64.543	0	56.957	0	0	
0	[SLPS]	0	506.029	64.790	0	56.974	0	0	
0	[SLPS]	0	506.029	64.790	0	56.974	0	0	
0	[SLPS]	0	506.792	65.287	0	57.005	0	0	
0	[SLPS]	0	506.792	65.287	0	57.005	0	0	
0	[SLPS]	0	507.172	65.535	0	57.019	0	0	
0	[SLPS]	0	507.551	65.784	0	57.036	0	0	
0	[SLPS]	0	507.551	65.784	0	57.036	0	0	
0	[SLPS]	0	508.330	66.282	0	57.105	0	0	
0	[SLPS]	0	508.330	66.282	0	57.105	0	0	
0	[SLPS]	0	508.713	66.529	0	57.139	0	0	
0	[SLPS]	0	509.100	66.779	0	57.177	0	0	
0	[SLPS]	0	509.100	66.779	0	57.177	0	0	
0	[SLPS]	0	509.878	67.279	0	57.255	0	0	
0	[SLPS]	0	509.878	67.279	0	57.255	0	0	
0	[SLPS]	0	510.270	67.531	0	57.287	0	0	
0	[SLPS]	0	510.663	67.782	0	57.325	0	0	
0	[SLPS]	0	511.065	68.036	0	57.366	0	0	
0	[SLPS]	0	511.468	68.288	0	57.414	0	0	
0	[SLPS]	0	511.468	68.288	0	57.414	0	0	
0	[SLPS]	0	511.849	68.541	0	57.442	0	0	
0	[SLPS]	0	512.245	68.796	0	57.475	0	0	
0	[SLPS]	0	512.643	69.051	0	57.510	0	0	
0	[SLPS]	0	513.046	69.301	0	57.556	0	0	
0	[SLPS]	0	513.046	69.301	0	57.556	0	0	
0	[SLPS]	0	513.839	69.820	0	57.606	0	0	
0	[SLPS]	0	513.839	69.820	0	57.606	0	0	
0	[SLPS]	0	514.248	70.079	0	57.640	0	0	
0	[SLPS]	0	514.656	70.329	0	57.684	0	0	
0	[SLPS]	0	514.656	70.329	0	57.684	0	0	
0	[SLPS]	0	515.459	70.839	0	57.741	0	0	
0	[SLPS]	0	515.459	70.839	0	57.741	0	0	
0	[SLPS]	0	515.866	71.094	0	57.766	0	0	
0	[SLPS]	0	516.272	71.349	0	57.795	0	0	
0	[SLPS]	0	516.272	71.349	0	57.795	0	0	
0	[SLPS]	0	517.096	71.838	0	57.894	0	0	
0	[SLPS]	0	517.096	71.838	0	57.894	0	0	
0	[SLPS]	0	517.503	72.102	0	57.908	0	0	
0	[SLPS]	0	517.917	72.362	0	57.936	0	0	
0	[SLPS]	0	517.917	72.362	0	57.936	0	0	
0	[SLPS]	0	518.744	72.875	0	58.000	0	0	
0	[SLPS]	0	518.744	72.875	0	58.000	0	0	
0	[SLPS]	0	519.158	73.142	0	58.022	0	0	
0	[SLPS]	0	519.575	73.405	0	58.046	0	0	
0	[SLPS]	0	519.575	73.405	0	58.046	0	0	
0	[SLPS]	0	520.412	73.924	0	58.112	0	0	
0	[SLPS]	0	520.412	73.924	0	58.112	0	0	
0	[SLPS]	0	520.823	74.192	0	58.133	0	0	
0	[SLPS]	0	521.257	74.452	0	58.179	0	0	
0	[SLPS]	0	521.257	74.452	0	58.179	0	0	
0	[SLPS]	0	522.104	74.983	0	58.227	0	0	
0	[SLPS]	0	522.104	74.983	0	58.227	0	0	
0	[SLPS]	0	522.531	75.246	0	58.263	0	0	
0	[SLPS]	0	522.958	75.509	0	58.291	0	0	
0	[SLPS]	0	522.958	75.509	0	58.291	0	0	
0	[SLPS]	0	523.800	76.039	0	58.337	0	0	
0	[SLPS]	0	523.800	76.039	0	58.337	0	0	
0	[SLPS]	0	524.226	76.302	0	58.370	0	0	
0	[SLPS]	0	524.661	76.566	0	58.407	0	0	
0	[SLPS]	0	524.661	76.566	0	58.407	0	0	
0	[SLPS]	0	525.517	77.097	0	58.460	0	0	
0	[SLPS]	0	525.517	77.097	0	58.460	0	0	
0	[SLPS]	0	525.955	77.357	0	58.501	0	0	
0	[SLPS]	0	526.393	77.622	0	58.538	0	0	
0	[SLPS]	0	526.393	77.622	0	58.538	0	0	
0	[SLPS]	0	527.257	78.157	0	58.583	0	0	
0	[SLPS]	0	527.257	78.157	0	58.583	0	0	
0	[SLPS]	0	527.698	78.419	0	58.622	0	0	
0	[SLPS]	0	528.137	78.687	0	58.660	0	0	
0	[SLPS]	0	528.570	78.958	0	58.683	0	0	
0	[SLPS]	0	529.014	79.225	0	58.717	0	0	
0	[SLPS]	0	529.014	79.225	0	58.717	0	0	
0	[SLPS]	0	529.905	79.758	0	58.813	0	0	
0	[SLPS]	0	529.905	79.758	0	58.813	0	0	
0	[SLPS]	0	530.347	80.031	0	58.844	0	0	
0	[SLPS]	0	530.787	80.294	0	58.889	0	0	
0	[SLPS]	0	530.787	80.294	0	58.889	0	0	
0	[SLPS]	0	531.686	80.830	0	58.985	0	0	
0	[SLPS]	0	531.686	80.830	0	58.985	0	0	
0	[SLPS]	0	532.134	81.098	0	59.018	0	0	
0	[SLPS]	0	532.586	81.364	0	59.060	0	0	
0	[SLPS]	0	532.586	81.364	0	59.060	0	0	
0	[SLPS]	0	533.494	81.908	0	59.136	0	0	
0	[SLPS]	0	533.494	81.908	0	59.136	0	0	
0	[SLPS]	0	533.957	82.185	0	59.171	0	0	
0	[SLPS]	0	534.406	82.462	0	59.196	0	0	
0	[SLPS]	0	534.406	82.462	0	59.196	0	0	
0	[SLPS]	0	535.319	83.014	0	59.253	0	0	
0	[SLPS]	0	535.319	83.014	0	59.253	0	0	
0	[SLPS]	0	535.772	83.285	0	59.285	0	0	
0	[SLPS]	0	536.231	83.555	0	59.322	0	0	
0	[SLPS]	0	536.231	83.555	0	59.322	0	0	
0	[SLPS]	0	537.165	84.109	0	59.385	0	0	
0	[SLPS]	0	537.165	84.109	0	59.385	0	0	
0	[SLPS]	0	537.611	84.392	0	59.391	0	0	
0	[SLPS]	0	538.077	84.663	0	59.425	0	0	
0	[SLPS]	0	538.534	84.945	0	59.446	0	0	
0	[SLPS]	0	539.011	85.213	0	59.503	0	0	
0	[SLPS]	0	539.011	85.213	0	59.503	0	0	
0	[SLPS]	0	539.942	85.770	0	59.561	0	0	
0	[SLPS]	0	539.942	85.770	0	59.561	0	0	
0	[SLPS]	0	540.414	86.047	0	59.590	0	0	
0	[SLPS]	0	540.884	86.323	0	59.616	0	0	
0	[SLPS]	0	540.884	86.323	0	59.616	0	0	
0	[SLPS]	0	541.824	86.876	0	59.679	0	0	
0	[SLPS]	0	541.824	86.876	0	59.679	0	0	
0	[SLPS]	0	542.289	87.157	0	59.698	0	0	
0	[SLPS]	0	542.769	87.428	0	59.736	0	0	
0	[SLPS]	0	542.769	87.428	0	59.736	0	0	
0	[SLPS]	0	543.726	87.973	0	59.788	0	0	
0	[SLPS]	0	543.726	87.973	0	59.788	0	0	
0	[SLPS]	0	544.197	88.250	0	59.807	0	0	
0	[SLPS]	0	544.676	88.525	0	59.827	0	0	
0	[SLPS]	0	544.676	88.525	0	59.827	0	0	
0	[SLPS]	0	545.627	89.079	0	59.850	0	0	
0	[SLPS]	0	545.627	89.079	0	59.850	0	0	
0	[SLPS]	0	546.091	89.365	0	59.856	0	0	
0	[SLPS]	0	546.569	89.632	0	59.892	0	0	
0	[SLPS]	0	546.569	89.632	0	59.892	0	0	
0	[SLPS]	0	547.515	90.200	0	59.907	0	0	
0	[SLPS]	0	547.515	90.200	0	59.907	0	0	
0	[SLPS]	0	548.473	90.755	0	59.946	0	0	
0	[SLPS]	0	548.473	90.755	0	59.946	0	0	
0	[SLPS]	0	548.951	91.027	0	59.963	0	0	
0	[SLPS]	0	549.427	91.305	0	59.974	0	0	
0	[SLPS]	0	549.427	91.305	0	59.974	0	0	
0	[SLPS]	0	550.377	91.862	0	59.991	0	0	
0	[SLPS]	0	550.377	91.862	0	59.991	0	0	
0	[SLPS]	0	550.863	92.146	0	60.010	0	0	
0	[SLPS]	0	551.342	92.424	0	60.029	0	0	
0	[SLPS]	0	551.342	92.424	0	60.029	0	0	
0	[SLPS]	0	552.296	92.987	0	60.054	0	0	
0	[SLPS]	0	552.296	92.987	0	60.054	0	0	
0	[SLPS]	0	552.774	93.266	0	60.067	0	0	
0	[SLPS]	0	553.251	93.546	0	60.069	0	0	
0	[SLPS]	0	553.251	93.546	0	60.069	0	0	
0	[SLPS]	0	554.216	94.109	0	60.095	0	0	
0	[SLPS]	0	554.216	94.109	0	60.095	0	0	
0	[SLPS]	0	554.699	94.381	0	60.113	0	0	
0	[SLPS]	0	555.179	94.664	0	60.112	0	0	
0	[SLPS]	0	555.179	94.664	0	60.112	0	0	
0	[SLPS]	0	556.149	95.219	0	60.138	0	0	
0	[SLPS]	0	556.149	95.219	0	60.138	0	0	
0	[SLPS]	0	556.628	95.493	0	60.155	0	0	
0	[SLPS]	0	557.117	95.772	0	60.166	0	0	
0	[SLPS]	0	557.601	96.050	0	60.197	0	0	
0	[SLPS]	0	558.097	96.320	0	60.223	0	0	
0	[SLPS]	0	558.097	96.320	0	60.223	0	0	
0	[SLPS]	0	558.561	96.613	0	60.207	0	0	
0	[SLPS]	0	559.050	96.883	0	60.229	0	0	
0	[SLPS]	0	559.528	97.169	0	60.225	0	0	
0	[SLPS]	0	560.011	97.452	0	60.221	0	0	
0	[SLPS]	0	560.011	97.452	0	60.221	0	0	
0	[SLPS]	0	560.490	97.727	0	60.218	0	0	
0	[SLPS]	0	560.979	98.004	0	60.206	0	0	
0	[SLPS]	0	560.979	98.004	0	60.206	0	0	
0	[SLPS]	0	561.951	98.564	0	60.171	0	0	
0	[SLPS]	0	561.951	98.564	0	60.171	0	0	
0	[SLPS]	0	562.426	98.844	0	60.147	0	0	
0	[SLPS]	0	562.904	99.127	0	60.134	0	0	
0	[SLPS]	0	563.389	99.402	0	60.127	0	0	
0	[SLPS]	0	563.874	99.679	0	60.118	0	0	
0	[SLPS]	0	563.874	99.679	0	60.118	0	0	
0	[SLPS]	0	564.346	99.947	0	60.112	0	0	
0	[SLPS]	0	564.825	100.230	0	60.094	0	0	
0	[SLPS]	0	564.825	100.230	0	60.094	0	0	
0	[SLPS]	0	565.789	100.783	0	60.059	0	0	
0	[SLPS]	0	565.789	100.783	0	60.059	0	0	
0	[SLPS]	0	566.262	101.053	0	60.047	0	0	
0	[SLPS]	0	566.747	101.322	0	60.045	0	0	
0	[SLPS]	0	567.233	101.598	0	60.043	0	0	
0	[SLPS]	0	567.709	101.873	0	60.037	0	0	
0	[SLPS]	0	567.709	101.873	0	60.037	0	0	
0	[SLPS]	0	568.675	102.428	0	60.060	0	0	
0	[SLPS]	0	568.675	102.428	0	60.060	0	0	
0	[SLPS]	0	569.146	102.701	0	60.085	0	0	
0	[SLPS]	0	569.624	102.981	0	60.114	0	0	
0	[SLPS]	0	569.624	102.981	0	60.114	0	0	
0	[SLPS]	0	570.572	103.526	0	60.191	0	0	
0	[SLPS]	0	570.572	103.526	0	60.191	0	0	
0	[SLPS]	0	571.044	103.794	0	60.232	0	0	
0	[SLPS]	0	571.513	104.071	0	60.260	0	0	
0	[SLPS]	0	571.513	104.071	0	60.260	0	0	
0	[SLPS]	0	572.455	104.611	0	60.326	0	0	
0	[SLPS]	0	572.455	104.611	0	60.326	0	0	
0	[SLPS]	0	572.930	104.883	0	60.362	0	0	
0	[SLPS]	0	573.407	105.151	0	60.403	0	0	
0	[SLPS]	0	573.407	105.151	0	60.403	0	0	
0	[SLPS]	0	574.337	105.695	0	60.456	0	0	
0	[SLPS]	0	574.337	105.695	0	60.456	0	0	
0	[SLPS]	0	574.810	105.954	0	60.493	0	0	
0	[SLPS]	0	575.279	106.217	0	60.511	0	0	
0	[SLPS]	0	575.279	106.217	0	60.511	0	0	
0	[SLPS]	0	576.214	106.744	0	60.535	0	0	
0	[SLPS]	0	576.214	106.744	0	60.535	0	0	
0	[SLPS]	0	576.671	107.000	0	60.535	0	0	
0	[SLPS]	0	577.135	107.262	0	60.509	0	0	
0	[SLPS]	0	577.593	107.524	0	60.501	0	0	
0	[SLPS]	0	578.065	107.774	0	60.510	0	0	
0	[SLPS]	0	578.065	107.774	0	60.510	0	0	
0	[SLPS]	0	578.523	108.041	0	60.504	0	0	
0	[SLPS]	0	578.983	108.303	0	60.509	0	0	
0	[SLPS]	0	579.442	108.562	0	60.514	0	0	
0	[SLPS]	0	579.904	108.819	0	60.523	0	0	
0	[SLPS]	0	579.904	108.819	0	60.523	0	0	
0	[SLPS]	0	580.359	109.081	0	60.523	0	0	
0	[SLPS]	0	580.822	109.338	0	60.529	0	0	
0	[SLPS]	0	581.276	109.610	0	60.519	0	0	
0	[SLPS]	0	581.736	109.872	0	60.524	0	0	
0	[SLPS]	0	581.736	109.872	0	60.524	0	0	
0	[SLPS]	0	582.643	110.379	0	60.534	0	0	
0	[SLPS]	0	582.643	110.379	0	60.534	0	0	
0	[SLPS]	0	583.091	110.638	0	60.534	0	0	
0	[SLPS]	0	583.540	110.898	0	60.532	0	0	
0	[SLPS]	0	583.540	110.898	0	60.532	0	0	
0	[SLPS]	0	584.445	111.435	0	60.515	0	0	
0	[SLPS]	0	584.445	111.435	0	60.515	0	0	
0	[SLPS]	0	584.900	111.702	0	60.513	0	0	
0	[SLPS]	0	585.340	111.956	0	60.511	0	0	
0	[SLPS]	0	585.340	111.956	0	60.511	0	0	
0	[SLPS]	0	586.242	112.465	0	60.513	0	0	
0	[SLPS]	0	586.242	112.465	0	60.513	0	0	
0	[SLPS]	0	586.682	112.713	0	60.510	0	0	
0	[SLPS]	0	587.127	112.966	0	60.507	0	0	
0	[SLPS]	0	587.127	112.966	0	60.507	0	0	
0	[SLPS]	0	588.023	113.476	0	60.489	0	0	
0	[SLPS]	0	588.023	113.476	0	60.489	0	0	
0	[SLPS]	0	588.466	113.729	0	60.483	0	0	
0	[SLPS]	0	588.900	113.960	0	60.489	0	0	
0	[SLPS]	0	588.900	113.960	0	60.489	0	0	
0	[SLPS]	0	589.786	114.452	0	60.488	0	0	
0	[SLPS]	0	589.786	114.452	0	60.488	0	0	
0	[SLPS]	0	590.224	114.700	0	60.483	0	0	
0	[SLPS]	0	590.642	114.967	0	60.462	0	0	
0	[SLPS]	0	591.085	115.203	0	60.477	0	0	
0	[SLPS]	0	591.524	115.450	0	60.475	0	0	
0	[SLPS]	0	591.524	115.450	0	60.475	0	0	
0	[SLPS]	0	591.959	115.697	0	60.471	0	0	
0	[SLPS]	0	592.381	115.950	0	60.457	0	0	
0	[SLPS]	0	592.817	116.192	0	60.458	0	0	
0	[SLPS]	0	593.252	116.437	0	60.454	0	0	
0	[SLPS]	0	593.252	116.437	0	60.454	0	0	
0	[SLPS]	0	594.108	116.941	0	60.427	0	0	
0	[SLPS]	0	594.108	116.941	0	60.427	0	0	
0	[SLPS]	0	594.536	117.185	0	60.419	0	0	
0	[SLPS]	0	594.962	117.433	0	60.403	0	0	
0	[SLPS]	0	594.962	117.433	0	60.403	0	0	
0	[SLPS]	0	595.824	117.918	0	60.371	0	0	
0	[SLPS]	0	595.824	117.918	0	60.371	0	0	
0	[SLPS]	0	596.242	118.160	0	60.345	0	0	
0	[SLPS]	0	596.670	118.411	0	60.317	0	0	
0	[SLPS]	0	596.670	118.411	0	60.317	0	0	
0	[SLPS]	0	597.506	118.894	0	60.261	0	0	
0	[SLPS]	0	597.506	118.894	0	60.261	0	0	
0	[SLPS]	0	597.924	119.140	0	60.234	0	0	
0	[SLPS]	0	598.355	119.397	0	60.202	0	0	
0	[SLPS]	0	598.355	119.397	0	60.202	0	0	
0	[SLPS]	0	599.178	119.872	0	60.151	0	0	
0	[SLPS]	0	599.178	119.872	0	60.151	0	0	
0	[SLPS]	0	599.601	120.114	0	60.131	0	0	
0	[SLPS]	0	600.014	120.357	0	60.110	0	0	
0	[SLPS]	0	600.435	120.601	0	60.083	0	0	
0	[SLPS]	0	600.847	120.847	0	60.054	0	0	
0	[SLPS]	0	600.847	120.847	0	60.054	0	0	
0	[SLPS]	0	601.671	121.329	0	59.999	0	0	
0	[SLPS]	0	601.671	121.329	0	59.999	0	0	
0	[SLPS]	0	601.671	121.329	0	59.999	0	0	
0	[SLPS]	0	602.490	121.816	0	59.948	0	0	
0	[SLPS]	0	602.490	121.816	0	59.948	0	0	
0	[SLPS]	0	602.893	122.057	0	59.926	0	0	
0	[SLPS]	0	603.291	122.301	0	59.900	0	0	
0	[SLPS]	0	603.704	122.535	0	59.882	0	0	
0	[SLPS]	0	604.105	122.770	0	59.858	0	0	
0	[SLPS]	0	604.105	122.770	0	59.858	0	0	
0	[SLPS]	0	604.918	123.232	0	59.817	0	0	
0	[SLPS]	0	604.918	123.232	0	59.817	0	0	
0	[SLPS]	0	605.320	123.467	0	59.791	0	0	
0	[SLPS]	0	605.726	123.693	0	59.767	0	0	
0	[SLPS]	0	605.726	123.693	0	59.767	0	0	
0	[SLPS]	0	606.128	123.927	0	59.744	0	0	
0	[SLPS]	0	606.530	124.160	0	59.720	0	0	
0	[SLPS]	0	606.929	124.393	0	59.693	0	0	
0	[SLPS]	0	607.325	124.619	0	59.652	0	0	
0	[SLPS]	0	607.325	124.619	0	59.652	0	0	
0	[SLPS]	0	607.742	124.834	0	59.646	0	0	
0	[SLPS]	0	608.131	125.068	0	59.614	0	0	
0	[SLPS]	0	608.528	125.305	0	59.590	0	0	
0	[SLPS]	0	608.924	125.542	0	59.571	0	0	
0	[SLPS]	0	608.924	125.542	0	59.571	0	0	
0	[SLPS]	0	609.707	126.018	0	59.533	0	0	
0	[SLPS]	0	609.707	126.018	0	59.533	0	0	
0	[SLPS]	0	610.091	126.254	0	59.521	0	0	
0	[SLPS]	0	610.465	126.500	0	59.506	0	0	
0	[SLPS]	0	610.465	126.500	0	59.506	0	0	
0	[SLPS]	0	611.245	126.963	0	59.515	0	0	
0	[SLPS]	0	611.245	126.963	0	59.515	0	0	
0	[SLPS]	0	611.631	127.190	0	59.519	0	0	
0	[SLPS]	0	612.016	127.419	0	59.523	0	0	
0	[SLPS]	0	612.016	127.419	0	59.523	0	0	
0	[SLPS]	0	612.780	127.872	0	59.507	0	0	
0	[SLPS]	0	612.780	127.872	0	59.507	0	0	
0	[SLPS]	0	613.162	128.100	0	59.497	0	0	
0	[SLPS]	0	613.553	128.312	0	59.506	0	0	
0	[SLPS]	0	613.553	128.312	0	59.506	0	0	
0	[SLPS]	0	614.315	128.763	0	59.507	0	0	
0	[SLPS]	0	614.315	128.763	0	59.507	0	0	
0	[SLPS]	0	615.068	129.215	0	59.507	0	0	
0	[SLPS]	0	615.068	129.215	0	59.507	0	0	
0	[SLPS]	0	615.443	129.438	0	59.513	0	0	
0	[SLPS]	0	615.814	129.666	0	59.509	0	0	
0	[SLPS]	0	615.814	129.666	0	59.509	0	0	
0	[SLPS]	0	616.543	130.116	0	59.494	0	0	
0	[SLPS]	0	616.543	130.116	0	59.494	0	0	
0	[SLPS]	0	616.910	130.339	0	59.491	0	0	
0	[SLPS]	0	617.276	130.556	0	59.491	0	0	
0	[SLPS]	0	617.276	130.556	0	59.491	0	0	
0	[SLPS]	0	618.003	130.992	0	59.478	0	0	
0	[SLPS]	0	618.003	130.992	0	59.478	0	0	
0	[SLPS]	0	618.357	131.214	0	59.460	0	0	
0	[SLPS]	0	618.714	131.430	0	59.443	0	0	
0	[SLPS]	0	618.714	131.430	0	59.443	0	0	
0	[SLPS]	0	619.426	131.854	0	59.409	0	0	
0	[SLPS]	0	619.426	131.854	0	59.409	0	0	
0	[SLPS]	0	619.780	132.067	0	59.390	0	0	
0	[SLPS]	0	620.135	132.279	0	59.371	0	0	
0	[SLPS]	0	620.135	132.279	0	59.371	0	0	
0	[SLPS]	0	620.840	132.700	0	59.324	0	0	
0	[SLPS]	0	620.840	132.700	0	59.324	0	0	
0	[SLPS]	0	621.196	132.913	0	59.293	0	0	
0	[SLPS]	0	621.557	133.124	0	59.258	0	0	
0	[SLPS]	0	621.907	133.334	0	59.224	0	0	
0	[SLPS]	0	622.263	133.540	0	59.189	0	0	
0	[SLPS]	0	622.263	133.540	0	59.189	0	0	
0	[SLPS]	0	622.617	133.754	0	59.154	0	0	
0	[SLPS]	0	622.967	133.964	0	59.121	0	0	
0	[SLPS]	0	622.967	133.964	0	59.121	0	0	
0	[SLPS]	0	623.651	134.384	0	59.038	0	0	
0	[SLPS]	0	623.651	134.384	0	59.038	0	0	
0	[SLPS]	0	623.995	134.598	0	58.991	0	0	
0	[SLPS]	0	624.345	134.800	0	58.962	0	0	
0	[SLPS]	0	624.677	135.010	0	58.919	0	0	
0	[SLPS]	0	625.024	135.219	0	58.881	0	0	
0	[SLPS]	0	625.024	135.219	0	58.881	0	0	
0	[SLPS]	0	625.710	135.637	0	58.779	0	0	
0	[SLPS]	0	625.710	135.637	0	58.779	0	0	
0	[SLPS]	0	626.045	135.840	0	58.721	0	0	
0	[SLPS]	0	626.380	136.050	0	58.655	0	0	
0	[SLPS]	0	626.380	136.050	0	58.655	0	0	
0	[SLPS]	0	627.050	136.458	0	58.521	0	0	
0	[SLPS]	0	627.050	136.458	0	58.521	0	0	
0	[SLPS]	0	627.388	136.668	0	58.449	0	0	
0	[SLPS]	0	627.714	136.869	0	58.376	0	0	
0	[SLPS]	0	627.714	136.869	0	58.376	0	0	
0	[SLPS]	0	628.367	137.279	0	58.219	0	0	
0	[SLPS]	0	628.367	137.279	0	58.219	0	0	
0	[SLPS]	0	628.692	137.483	0	58.139	0	0	
0	[SLPS]	0	629.008	137.682	0	58.059	0	0	
0	[SLPS]	0	629.008	137.682	0	58.059	0	0	
0	[SLPS]	0	629.642	138.092	0	57.896	0	0	
0	[SLPS]	0	629.642	138.092	0	57.896	0	0	
0	[SLPS]	0	629.958	138.296	0	57.812	0	0	
0	[SLPS]	0	630.265	138.496	0	57.719	0	0	
0	[SLPS]	0	630.579	138.701	0	57.629	0	0	
0	[SLPS]	0	630.888	138.896	0	57.543	0	0	
0	[SLPS]	0	630.888	138.896	0	57.543	0	0	
0	[SLPS]	0	631.500	139.299	0	57.408	0	0	
0	[SLPS]	0	631.500	139.299	0	57.408	0	0	
0	[SLPS]	0	631.806	139.502	0	57.337	0	0	
0	[SLPS]	0	632.103	139.714	0	57.255	0	0	
0	[SLPS]	0	632.103	139.714	0	57.255	0	0	
0	[SLPS]	0	632.706	140.105	0	57.112	0	0	
0	[SLPS]	0	632.706	140.105	0	57.112	0	0	
0	[SLPS]	0	633.003	140.308	0	57.066	0	0	
0	[SLPS]	0	633.296	140.506	0	57.038	0	0	
0	[SLPS]	0	633.296	140.506	0	57.038	0	0	
0	[SLPS]	0	633.876	140.894	0	57.010	0	0	
0	[SLPS]	0	633.876	140.894	0	57.010	0	0	
0	[SLPS]	0	634.164	141.085	0	57.004	0	0	
0	[SLPS]	0	634.456	141.273	0	57.013	0	0	
0	[SLPS]	0	634.456	141.273	0	57.013	0	0	
0	[SLPS]	0	635.023	141.639	0	57.038	0	0	
0	[SLPS]	0	635.023	141.639	0	57.038	0	0	
0	[SLPS]	0	635.311	141.825	0	57.048	0	0	
0	[SLPS]	0	635.593	142.003	0	57.056	0	0	
0	[SLPS]	0	635.593	142.003	0	57.056	0	0	
0	[SLPS]	0	636.154	142.362	0	57.085	0	0	
0	[SLPS]	0	636.154	142.362	0	57.085	0	0	
0	[SLPS]	0	636.431	142.544	0	57.123	0	0	
0	[SLPS]	0	636.710	142.720	0	57.181	0	0	
0	[SLPS]	0	636.710	142.720	0	57.181	0	0	
0	[SLPS]	0	637.246	143.070	0	57.364	0	0	
0	[SLPS]	0	637.246	143.070	0	57.364	0	0	
0	[SLPS]	0	637.518	143.230	0	57.479	0	0	
0	[SLPS]	0	637.781	143.402	0	57.635	0	0	
0	[SLPS]	0	638.046	143.575	0	57.818	0	0	
0	[SLPS]	0	638.308	143.735	0	58.023	0	0	
0	[SLPS]	0	638.308	143.735	0	58.023	0	0	
0	[SLPS]	0	638.841	144.047	0	58.478	0	0	
0	[SLPS]	0	638.841	144.047	0	58.478	0	0	
0	[SLPS]	0	639.101	144.203	0	58.719	0	0	
0	[SLPS]	0	639.370	144.357	0	58.971	0	0	
0	[SLPS]	0	639.370	144.357	0	58.971	0	0	
0	[SLPS]	0	639.888	144.663	0	59.504	0	0	
0	[SLPS]	0	639.888	144.663	0	59.504	0	0	
0	[SLPS]	0	640.147	144.811	0	59.792	0	0	
0	[SLPS]	0	640.408	144.955	0	60.103	0	0	
0	[SLPS]	0	640.408	144.955	0	60.103	0	0	
0	[SLPS]	0	640.913	145.235	0	60.785	0	0	
0	[SLPS]	0	640.913	145.235	0	60.785	0	0	
0	[SLPS]	0	641.165	145.372	0	61.143	0	0	
0	[SLPS]	0	641.411	145.495	0	61.512	0	0	
0	[SLPS]	0	641.411	145.495	0	61.512	0	0	
0	[SLPS]	0	641.916	145.746	0	62.269	0	0	
0	[SLPS]	0	641.916	145.746	0	62.269	0	0	
0	[SLPS]	0	642.162	145.874	0	62.666	0	0	
0	[SLPS]	0	642.408	145.995	0	63.090	0	0	
0	[SLPS]	0	642.408	145.995	0	63.090	0	0	
0	[SLPS]	0	642.893	146.241	0	64.020	0	0	
0	[SLPS]	0	642.893	146.241	0	64.020	0	0	
0	[SLPS]	0	643.144	146.356	0	64.523	0	0	
0	[SLPS]	0	643.391	146.468	0	65.041	0	0	
0	[SLPS]	0	643.391	146.468	0	65.041	0	0	
0	[SLPS]	0	643.888	146.681	0	66.168	0	0	
0	[SLPS]	0	643.888	146.681	0	66.168	0	0	
0	[SLPS]	0	644.133	146.783	0	66.776	0	0	
0	[SLPS]	0	644.379	146.869	0	67.416	0	0	
0	[SLPS]	0	644.379	146.869	0	67.416	0	0	
0	[SLPS]	0	644.873	147.045	0	68.794	0	0	
0	[SLPS]	0	644.873	147.045	0	68.794	0	0	
0	[SLPS]	0	645.120	147.130	0	69.532	0	0	
0	[SLPS]	0	645.370	147.210	0	70.291	0	0	
0	[SLPS]	0	645.370	147.210	0	70.291	0	0	
0	[SLPS]	0	645.876	147.355	0	71.870	0	0	
0	[SLPS]	0	645.876	147.355	0	71.870	0	0	
0	[SLPS]	0	646.123	147.421	0	72.681	0	0	
0	[SLPS]	0	646.375	147.483	0	73.491	0	0	
0	[SLPS]	0	646.375	147.483	0	73.491	0	0	
0	[SLPS]	0	646.871	147.600	0	75.155	0	0	
0	[SLPS]	0	646.871	147.600	0	75.155	0	0	
0	[SLPS]	0	647.124	147.651	0	76.032	0	0	
0	[SLPS]	0	647.369	147.701	0	76.910	0	0	
0	[SLPS]	0	647.369	147.701	0	76.910	0	0	
0	[SLPS]	0	647.879	147.781	0	78.700	0	0	
0	[SLPS]	0	647.879	147.781	0	78.700	0	0	
0	[SLPS]	0	648.125	147.813	0	79.605	0	0	
0	[SLPS]	0	648.372	147.841	0	80.530	0	0	
0	[SLPS]	0	648.372	147.841	0	80.530	0	0	
0	[SLPS]	0	648.853	147.881	0	82.434	0	0	
0	[SLPS]	0	648.853	147.881	0	82.434	0	0	
0	[SLPS]	0	649.095	147.898	0	83.414	0	0	
0	[SLPS]	0	649.323	147.910	0	84.407	0	0	
0	[SLPS]	0	649.323	147.910	0	84.407	0	0	
0	[SLPS]	0	649.796	147.920	0	86.430	0	0	
0	[SLPS]	0	649.796	147.920	0	86.430	0	0	
0	[SLPS]	0	650.029	147.919	0	87.460	0	0	
0	[SLPS]	0	650.259	147.915	0	88.501	0	0	
0	[SLPS]	0	650.489	147.908	0	89.551	0	0	
0	[SLPS]	0	650.724	147.893	0	90.614	0	0	
0	[SLPS]	0	650.724	147.893	0	90.614	0	0	
0	[SLPS]	0	650.951	147.874	0	91.692	0	0	
0	[SLPS]	0	651.175	147.844	0	92.780	0	0	
0	[SLPS]	0	651.398	147.818	0	93.878	0	0	
0	[SLPS]	0	651.623	147.785	0	94.979	0	0	
0	[SLPS]	0	651.623	147.785	0	94.979	0	0	
0	[SLPS]	0	652.066	147.703	0	97.194	0	0	
0	[SLPS]	0	652.066	147.703	0	97.194	0	0	
0	[SLPS]	0	652.291	147.658	0	98.314	0	0	
0	[SLPS]	0	652.509	147.604	0	99.441	0	0	
0	[SLPS]	0	652.509	147.604	0	99.441	0	0	
0	[SLPS]	0	652.950	147.492	0	101.678	0	0	
0	[SLPS]	0	652.950	147.492	0	101.678	0	0	
0	[SLPS]	0	653.168	147.431	0	102.771	0	0	
0	[SLPS]	0	653.383	147.356	0	103.862	0	0	
0	[SLPS]	0	653.383	147.356	0	103.862	0	0	
0	[SLPS]	0	653.814	147.207	0	106.067	0	0	
0	[SLPS]	0	653.814	147.207	0	106.067	0	0	
0	[SLPS]	0	654.030	147.126	0	107.178	0	0	
0	[SLPS]	0	654.239	147.045	0	108.283	0	0	
0	[SLPS]	0	654.239	147.045	0	108.283	0	0	
0	[SLPS]	0	654.653	146.874	0	110.448	0	0	
0	[SLPS]	0	654.653	146.874	0	110.448	0	0	
0	[SLPS]	0	654.856	146.781	0	111.500	0	0	
0	[SLPS]	0	655.057	146.683	0	112.531	0	0	
0	[SLPS]	0	655.057	146.683	0	112.531	0	0	
0	[SLPS]	0	655.456	146.475	0	114.546	0	0	
0	[SLPS]	0	655.456	146.475	0	114.546	0	0	
0	[SLPS]	0	655.649	146.368	0	115.504	0	0	
0	[SLPS]	0	655.854	146.260	0	116.416	0	0	
0	[SLPS]	0	655.854	146.260	0	116.416	0	0	
0	[SLPS]	0	656.227	146.023	0	118.104	0	0	
0	[SLPS]	0	656.227	146.023	0	118.104	0	0	
0	[SLPS]	0	656.416	145.902	0	118.899	0	0	
0	[SLPS]	0	656.607	145.787	0	119.667	0	0	
0	[SLPS]	0	656.607	145.787	0	119.667	0	0	
0	[SLPS]	0	656.986	145.537	0	121.083	0	0	
0	[SLPS]	0	656.986	145.537	0	121.083	0	0	
0	[SLPS]	0	657.173	145.414	0	121.746	0	0	
0	[SLPS]	0	657.355	145.289	0	122.376	0	0	
0	[SLPS]	0	657.355	145.289	0	122.376	0	0	
0	[SLPS]	0	657.715	145.033	0	123.560	0	0	
0	[SLPS]	0	657.715	145.033	0	123.560	0	0	
0	[SLPS]	0	657.897	144.902	0	124.116	0	0	
0	[SLPS]	0	658.080	144.772	0	124.642	0	0	
0	[SLPS]	0	658.080	144.772	0	124.642	0	0	
0	[SLPS]	0	658.432	144.504	0	125.596	0	0	
0	[SLPS]	0	658.432	144.504	0	125.596	0	0	
0	[SLPS]	0	658.787	144.238	0	126.453	0	0	
0	[SLPS]	0	658.787	144.238	0	126.453	0	0	
0	[SLPS]	0	658.960	144.100	0	126.845	0	0	
0	[SLPS]	0	659.136	143.963	0	127.210	0	0	
0	[SLPS]	0	659.136	143.963	0	127.210	0	0	
0	[SLPS]	0	659.484	143.685	0	127.845	0	0	
0	[SLPS]	0	659.484	143.685	0	127.845	0	0	
0	[SLPS]	0	659.660	143.544	0	128.122	0	0	
0	[SLPS]	0	659.842	143.408	0	128.372	0	0	
0	[SLPS]	0	659.842	143.408	0	128.372	0	0	
0	[SLPS]	0	660.197	143.111	0	128.792	0	0	
0	[SLPS]	0	660.197	143.111	0	128.792	0	0	
0	[SLPS]	0	660.378	142.971	0	128.970	0	0	
0	[SLPS]	0	660.555	142.823	0	129.132	0	0	
0	[SLPS]	0	660.555	142.823	0	129.132	0	0	
0	[SLPS]	0	660.912	142.528	0	129.386	0	0	
0	[SLPS]	0	660.912	142.528	0	129.386	0	0	
0	[SLPS]	0	661.090	142.378	0	129.486	0	0	
0	[SLPS]	0	661.265	142.217	0	129.567	0	0	
0	[SLPS]	0	661.265	142.217	0	129.567	0	0	
0	[SLPS]	0	661.633	141.904	0	129.712	0	0	
0	[SLPS]	0	661.633	141.904	0	129.712	0	0	
0	[SLPS]	0	661.819	141.744	0	129.781	0	0	
0	[SLPS]	0	662.001	141.590	0	129.841	0	0	
0	[SLPS]	0	662.001	141.590	0	129.841	0	0	
0	[SLPS]	0	662.376	141.263	0	129.906	0	0	
0	[SLPS]	0	662.376	141.263	0	129.906	0	0	
0	[SLPS]	0	662.564	141.100	0	129.915	0	0	
0	[SLPS]	0	662.763	140.937	0	129.908	0	0	
0	[SLPS]	0	662.955	140.769	0	129.890	0	0	
0	[SLPS]	0	663.154	140.607	0	129.855	0	0	
0	[SLPS]	0	663.154	140.607	0	129.855	0	0	
0	[SLPS]	0	663.547	140.281	0	129.773	0	0	
0	[SLPS]	0	663.547	140.281	0	129.773	0	0	
0	[SLPS]	0	663.547	140.281	0	129.773	0	0	
0	[SLPS]	0	663.956	139.933	0	129.690	0	0	
0	[SLPS]	0	663.956	139.933	0	129.690	0	0	
0	[SLPS]	0	664.167	139.759	0	129.646	0	0	
0	[SLPS]	0	664.371	139.577	0	129.612	0	0	
0	[SLPS]	0	664.586	139.402	0	129.564	0	0	
0	[SLPS]	0	664.809	139.229	0	129.509	0	0	
0	[SLPS]	0	664.809	139.229	0	129.509	0	0	
0	[SLPS]	0	665.234	138.852	0	129.446	0	0	
0	[SLPS]	0	665.234	138.852	0	129.446	0	0	
0	[SLPS]	0	665.456	138.664	0	129.407	0	0	
0	[SLPS]	0	665.681	138.477	0	129.382	0	0	
0	[SLPS]	0	665.681	138.477	0	129.382	0	0	
0	[SLPS]	0	666.124	138.103	0	129.369	0	0	
0	[SLPS]	0	666.124	138.103	0	129.369	0	0	
0	[SLPS]	0	666.366	137.921	0	129.361	0	0	
0	[SLPS]	0	666.595	137.734	0	129.373	0	0	
0	[SLPS]	0	666.595	137.734	0	129.373	0	0	
0	[SLPS]	0	667.060	137.353	0	129.384	0	0	
0	[SLPS]	0	667.060	137.353	0	129.384	0	0	
0	[SLPS]	0	667.298	137.162	0	129.378	0	0	
0	[SLPS]	0	667.522	136.955	0	129.399	0	0	
0	[SLPS]	0	667.522	136.955	0	129.399	0	0	
0	[SLPS]	0	667.982	136.554	0	129.403	0	0	
0	[SLPS]	0	667.982	136.554	0	129.403	0	0	
0	[SLPS]	0	668.212	136.358	0	129.408	0	0	
0	[SLPS]	0	668.451	136.168	0	129.402	0	0	
0	[SLPS]	0	668.451	136.168	0	129.402	0	0	
0	[SLPS]	0	668.931	135.766	0	129.397	0	0	
0	[SLPS]	0	668.931	135.766	0	129.397	0	0	
0	[SLPS]	0	669.181	135.573	0	129.388	0	0	
0	[SLPS]	0	669.416	135.368	0	129.405	0	0	
0	[SLPS]	0	669.662	135.162	0	129.409	0	0	
0	[SLPS]	0	669.913	134.970	0	129.411	0	0	
0	[SLPS]	0	669.913	134.970	0	129.411	0	0	
0	[SLPS]	0	670.410	134.565	0	129.419	0	0	
0	[SLPS]	0	670.410	134.565	0	129.419	0	0	
0	[SLPS]	0	670.659	134.363	0	129.415	0	0	
0	[SLPS]	0	670.912	134.156	0	129.416	0	0	
0	[SLPS]	0	670.912	134.156	0	129.416	0	0	
0	[SLPS]	0	671.425	133.761	0	129.399	0	0	
0	[SLPS]	0	671.425	133.761	0	129.399	0	0	
0	[SLPS]	0	671.675	133.546	0	129.421	0	0	
0	[SLPS]	0	671.935	133.342	0	129.424	0	0	
0	[SLPS]	0	671.935	133.342	0	129.424	0	0	
0	[SLPS]	0	672.451	132.910	0	129.433	0	0	
0	[SLPS]	0	672.451	132.910	0	129.433	0	0	
0	[SLPS]	0	672.704	132.697	0	129.438	0	0	
0	[SLPS]	0	672.959	132.480	0	129.446	0	0	
0	[SLPS]	0	672.959	132.480	0	129.446	0	0	
0	[SLPS]	0	673.480	132.034	0	129.465	0	0	
0	[SLPS]	0	673.480	132.034	0	129.465	0	0	
0	[SLPS]	0	673.743	131.822	0	129.460	0	0	
0	[SLPS]	0	674.002	131.598	0	129.470	0	0	
0	[SLPS]	0	674.002	131.598	0	129.470	0	0	
0	[SLPS]	0	674.265	131.374	0	129.478	0	0	
0	[SLPS]	0	674.529	131.145	0	129.495	0	0	
0	[SLPS]	0	674.794	130.921	0	129.501	0	0	
0	[SLPS]	0	675.054	130.698	0	129.507	0	0	
0	[SLPS]	0	675.054	130.698	0	129.507	0	0	
0	[SLPS]	0	675.325	130.477	0	129.509	0	0	
0	[SLPS]	0	675.607	130.261	0	129.491	0	0	
0	[SLPS]	0	675.607	130.261	0	129.491	0	0	
0	[SLPS]	0	676.147	129.811	0	129.507	0	0	
0	[SLPS]	0	676.147	129.811	0	129.507	0	0	
0	[SLPS]	0	676.425	129.592	0	129.509	0	0	
0	[SLPS]	0	676.702	129.358	0	129.523	0	0	
0	[SLPS]	0	676.702	129.358	0	129.523	0	0	
0	[SLPS]	0	677.251	128.898	0	129.533	0	0	
0	[SLPS]	0	677.251	128.898	0	129.533	0	0	
0	[SLPS]	0	677.532	128.673	0	129.534	0	0	
0	[SLPS]	0	677.808	128.440	0	129.542	0	0	
0	[SLPS]	0	678.089	128.223	0	129.532	0	0	
0	[SLPS]	0	678.369	127.983	0	129.545	0	0	
0	[SLPS]	0	678.369	127.983	0	129.545	0	0	
0	[SLPS]	0	678.654	127.742	0	129.558	0	0	
0	[SLPS]	0	678.937	127.506	0	129.557	0	0	
0	[SLPS]	0	679.225	127.277	0	129.548	0	0	
0	[SLPS]	0	679.516	127.032	0	129.557	0	0	
0	[SLPS]	0	679.516	127.032	0	129.557	0	0	
0	[SLPS]	0	680.085	126.552	0	129.572	0	0	
