0	[SLPS]	0	641.118	-88.197	0	240.378	0	0	
0	[SLPS]	0	640.763	-88.389	0	240.432	0	0	
0	[SLPS]	0	640.423	-88.597	0	240.487	0	0	
0	[SLPS]	0	640.423	-88.597	0	240.487	0	0	
0	[SLPS]	0	639.717	-88.996	0	240.595	0	0	
0	[SLPS]	0	639.717	-88.996	0	240.595	0	0	
0	[SLPS]	0	639.369	-89.194	0	240.652	0	0	
0	[SLPS]	0	639.010	-89.380	0	240.705	0	0	
0	[SLPS]	0	639.010	-89.380	0	240.705	0	0	
0	[SLPS]	0	638.297	-89.769	0	240.821	0	0	
0	[SLPS]	0	638.297	-89.769	0	240.821	0	0	
0	[SLPS]	0	637.575	-90.161	0	240.929	0	0	
0	[SLPS]	0	637.575	-90.161	0	240.929	0	0	
0	[SLPS]	0	637.216	-90.359	0	240.973	0	0	
0	[SLPS]	0	636.850	-90.547	0	241.035	0	0	
0	[SLPS]	0	636.850	-90.547	0	241.035	0	0	
0	[SLPS]	0	636.140	-90.938	0	241.134	0	0	
0	[SLPS]	0	636.140	-90.938	0	241.134	0	0	
0	[SLPS]	0	635.783	-91.134	0	241.185	0	0	
0	[SLPS]	0	635.424	-91.320	0	241.235	0	0	
0	[SLPS]	0	635.424	-91.320	0	241.235	0	0	
0	[SLPS]	0	635.074	-91.508	0	241.289	0	0	
0	[SLPS]	0	634.716	-91.703	0	241.345	0	0	
0	[SLPS]	0	634.366	-91.909	0	241.401	0	0	
0	[SLPS]	0	634.004	-92.100	0	241.455	0	0	
0	[SLPS]	0	634.004	-92.100	0	241.455	0	0	
0	[SLPS]	0	633.291	-92.483	0	241.563	0	0	
0	[SLPS]	0	633.291	-92.483	0	241.563	0	0	
0	[SLPS]	0	632.917	-92.667	0	241.625	0	0	
0	[SLPS]	0	632.568	-92.860	0	241.665	0	0	
0	[SLPS]	0	632.568	-92.860	0	241.665	0	0	
0	[SLPS]	0	631.840	-93.245	0	241.772	0	0	
0	[SLPS]	0	631.840	-93.245	0	241.772	0	0	
0	[SLPS]	0	631.477	-93.435	0	241.855	0	0	
0	[SLPS]	0	631.120	-93.636	0	241.896	0	0	
0	[SLPS]	0	631.120	-93.636	0	241.896	0	0	
0	[SLPS]	0	630.394	-94.006	0	242.009	0	0	
0	[SLPS]	0	630.394	-94.006	0	242.009	0	0	
0	[SLPS]	0	630.038	-94.200	0	242.061	0	0	
0	[SLPS]	0	629.677	-94.402	0	242.089	0	0	
0	[SLPS]	0	629.677	-94.402	0	242.089	0	0	
0	[SLPS]	0	628.967	-94.790	0	242.178	0	0	
0	[SLPS]	0	628.967	-94.790	0	242.178	0	0	
0	[SLPS]	0	628.603	-94.992	0	242.237	0	0	
0	[SLPS]	0	628.246	-95.185	0	242.297	0	0	
0	[SLPS]	0	628.246	-95.185	0	242.297	0	0	
0	[SLPS]	0	627.532	-95.573	0	242.350	0	0	
0	[SLPS]	0	627.532	-95.573	0	242.350	0	0	
0	[SLPS]	0	627.179	-95.766	0	242.352	0	0	
0	[SLPS]	0	626.813	-95.952	0	242.350	0	0	
0	[SLPS]	0	626.813	-95.952	0	242.350	0	0	
0	[SLPS]	0	626.107	-96.327	0	242.335	0	0	
0	[SLPS]	0	626.107	-96.327	0	242.335	0	0	
0	[SLPS]	0	625.758	-96.524	0	242.296	0	0	
0	[SLPS]	0	625.413	-96.725	0	242.257	0	0	
0	[SLPS]	0	625.062	-96.917	0	242.238	0	0	
0	[SLPS]	0	624.700	-97.116	0	242.174	0	0	
0	[SLPS]	0	624.700	-97.116	0	242.174	0	0	
0	[SLPS]	0	623.985	-97.495	0	242.139	0	0	
0	[SLPS]	0	623.985	-97.495	0	242.139	0	0	
0	[SLPS]	0	623.620	-97.678	0	242.106	0	0	
0	[SLPS]	0	623.254	-97.876	0	242.076	0	0	
0	[SLPS]	0	623.254	-97.876	0	242.076	0	0	
0	[SLPS]	0	622.522	-98.273	0	241.995	0	0	
0	[SLPS]	0	622.522	-98.273	0	241.995	0	0	
0	[SLPS]	0	622.164	-98.468	0	241.959	0	0	
0	[SLPS]	0	621.816	-98.658	0	241.914	0	0	
0	[SLPS]	0	621.816	-98.658	0	241.914	0	0	
0	[SLPS]	0	621.099	-99.050	0	241.846	0	0	
0	[SLPS]	0	621.099	-99.050	0	241.846	0	0	
0	[SLPS]	0	620.749	-99.246	0	241.819	0	0	
0	[SLPS]	0	620.389	-99.437	0	241.786	0	0	
0	[SLPS]	0	620.389	-99.437	0	241.786	0	0	
0	[SLPS]	0	619.682	-99.834	0	241.724	0	0	
0	[SLPS]	0	619.682	-99.834	0	241.724	0	0	
0	[SLPS]	0	619.321	-100.027	0	241.694	0	0	
0	[SLPS]	0	618.967	-100.222	0	241.648	0	0	
0	[SLPS]	0	618.967	-100.222	0	241.648	0	0	
0	[SLPS]	0	618.245	-100.594	0	241.578	0	0	
0	[SLPS]	0	618.245	-100.594	0	241.578	0	0	
0	[SLPS]	0	617.890	-100.780	0	241.555	0	0	
0	[SLPS]	0	617.535	-100.975	0	241.539	0	0	
0	[SLPS]	0	617.535	-100.975	0	241.539	0	0	
0	[SLPS]	0	616.828	-101.368	0	241.491	0	0	
0	[SLPS]	0	616.828	-101.368	0	241.491	0	0	
0	[SLPS]	0	616.482	-101.556	0	241.447	0	0	
0	[SLPS]	0	616.127	-101.747	0	241.416	0	0	
0	[SLPS]	0	616.127	-101.747	0	241.416	0	0	
0	[SLPS]	0	615.773	-101.935	0	241.394	0	0	
0	[SLPS]	0	615.430	-102.140	0	241.349	0	0	
0	[SLPS]	0	615.081	-102.335	0	241.319	0	0	
0	[SLPS]	0	614.729	-102.530	0	241.275	0	0	
0	[SLPS]	0	614.729	-102.530	0	241.275	0	0	
0	[SLPS]	0	614.028	-102.919	0	241.191	0	0	
0	[SLPS]	0	614.028	-102.919	0	241.191	0	0	
0	[SLPS]	0	613.681	-103.114	0	241.150	0	0	
0	[SLPS]	0	613.333	-103.299	0	241.120	0	0	
0	[SLPS]	0	613.333	-103.299	0	241.120	0	0	
0	[SLPS]	0	612.656	-103.673	0	241.043	0	0	
0	[SLPS]	0	612.656	-103.673	0	241.043	0	0	
0	[SLPS]	0	612.322	-103.880	0	240.987	0	0	
0	[SLPS]	0	611.977	-104.067	0	240.958	0	0	
0	[SLPS]	0	611.977	-104.067	0	240.958	0	0	
0	[SLPS]	0	611.310	-104.435	0	240.890	0	0	
0	[SLPS]	0	611.310	-104.435	0	240.890	0	0	
0	[SLPS]	0	610.980	-104.633	0	240.839	0	0	
0	[SLPS]	0	610.647	-104.817	0	240.792	0	0	
0	[SLPS]	0	610.647	-104.817	0	240.792	0	0	
0	[SLPS]	0	609.980	-105.173	0	240.723	0	0	
0	[SLPS]	0	609.980	-105.173	0	240.723	0	0	
0	[SLPS]	0	609.324	-105.540	0	240.643	0	0	
0	[SLPS]	0	609.324	-105.540	0	240.643	0	0	
0	[SLPS]	0	608.999	-105.724	0	240.614	0	0	
0	[SLPS]	0	608.664	-105.908	0	240.586	0	0	
0	[SLPS]	0	608.664	-105.908	0	240.586	0	0	
0	[SLPS]	0	608.015	-106.268	0	240.507	0	0	
0	[SLPS]	0	608.015	-106.268	0	240.507	0	0	
0	[SLPS]	0	607.691	-106.452	0	240.463	0	0	
0	[SLPS]	0	607.366	-106.645	0	240.396	0	0	
0	[SLPS]	0	607.366	-106.645	0	240.396	0	0	
0	[SLPS]	0	606.723	-107.015	0	240.291	0	0	
0	[SLPS]	0	606.723	-107.015	0	240.291	0	0	
0	[SLPS]	0	606.410	-107.196	0	240.238	0	0	
0	[SLPS]	0	606.086	-107.376	0	240.208	0	0	
0	[SLPS]	0	606.086	-107.376	0	240.208	0	0	
0	[SLPS]	0	605.463	-107.756	0	240.113	0	0	
0	[SLPS]	0	605.463	-107.756	0	240.113	0	0	
0	[SLPS]	0	605.147	-107.936	0	240.060	0	0	
0	[SLPS]	0	604.843	-108.124	0	240.003	0	0	
0	[SLPS]	0	604.843	-108.124	0	240.003	0	0	
0	[SLPS]	0	604.231	-108.494	0	239.902	0	0	
0	[SLPS]	0	604.231	-108.494	0	239.902	0	0	
0	[SLPS]	0	603.917	-108.671	0	239.851	0	0	
0	[SLPS]	0	603.610	-108.856	0	239.796	0	0	
0	[SLPS]	0	603.610	-108.856	0	239.796	0	0	
0	[SLPS]	0	603.003	-109.212	0	239.688	0	0	
0	[SLPS]	0	603.003	-109.212	0	239.688	0	0	
0	[SLPS]	0	602.696	-109.391	0	239.638	0	0	
0	[SLPS]	0	602.397	-109.567	0	239.599	0	0	
0	[SLPS]	0	602.099	-109.745	0	239.550	0	0	
0	[SLPS]	0	601.801	-109.915	0	239.499	0	0	
0	[SLPS]	0	601.801	-109.915	0	239.499	0	0	
0	[SLPS]	0	601.504	-110.085	0	239.447	0	0	
0	[SLPS]	0	601.212	-110.257	0	239.383	0	0	
0	[SLPS]	0	600.923	-110.430	0	239.336	0	0	
0	[SLPS]	0	600.641	-110.602	0	239.297	0	0	
0	[SLPS]	0	600.641	-110.602	0	239.297	0	0	
0	[SLPS]	0	600.082	-110.938	0	239.204	0	0	
0	[SLPS]	0	600.082	-110.938	0	239.204	0	0	
0	[SLPS]	0	599.811	-111.092	0	239.162	0	0	
0	[SLPS]	0	599.540	-111.260	0	239.112	0	0	
0	[SLPS]	0	599.540	-111.260	0	239.112	0	0	
0	[SLPS]	0	598.999	-111.584	0	239.033	0	0	
0	[SLPS]	0	598.999	-111.584	0	239.033	0	0	
0	[SLPS]	0	598.739	-111.742	0	239.005	0	0	
0	[SLPS]	0	598.468	-111.905	0	238.979	0	0	
0	[SLPS]	0	598.468	-111.905	0	238.979	0	0	
0	[SLPS]	0	597.950	-112.220	0	238.955	0	0	
0	[SLPS]	0	597.950	-112.220	0	238.955	0	0	
0	[SLPS]	0	597.688	-112.381	0	238.990	0	0	
0	[SLPS]	0	597.430	-112.531	0	239.038	0	0	
0	[SLPS]	0	597.430	-112.531	0	239.038	0	0	
0	[SLPS]	0	596.911	-112.850	0	239.130	0	0	
0	[SLPS]	0	596.911	-112.850	0	239.130	0	0	
0	[SLPS]	0	596.655	-113.004	0	239.157	0	0	
0	[SLPS]	0	596.385	-113.160	0	239.178	0	0	
0	[SLPS]	0	596.385	-113.160	0	239.178	0	0	
0	[SLPS]	0	595.860	-113.467	0	239.220	0	0	
0	[SLPS]	0	595.860	-113.467	0	239.220	0	0	
0	[SLPS]	0	595.602	-113.622	0	239.233	0	0	
0	[SLPS]	0	595.348	-113.774	0	239.258	0	0	
0	[SLPS]	0	595.348	-113.774	0	239.258	0	0	
0	[SLPS]	0	594.852	-114.077	0	239.306	0	0	
0	[SLPS]	0	594.852	-114.077	0	239.306	0	0	
0	[SLPS]	0	594.617	-114.228	0	239.320	0	0	
0	[SLPS]	0	594.381	-114.370	0	239.338	0	0	
0	[SLPS]	0	594.381	-114.370	0	239.338	0	0	
0	[SLPS]	0	593.928	-114.642	0	239.378	0	0	
0	[SLPS]	0	593.928	-114.642	0	239.378	0	0	
0	[SLPS]	0	593.707	-114.780	0	239.393	0	0	
0	[SLPS]	0	593.486	-114.911	0	239.412	0	0	
0	[SLPS]	0	593.486	-114.911	0	239.412	0	0	
0	[SLPS]	0	593.061	-115.167	0	239.440	0	0	
0	[SLPS]	0	593.061	-115.167	0	239.440	0	0	
0	[SLPS]	0	592.852	-115.293	0	239.462	0	0	
0	[SLPS]	0	592.647	-115.414	0	239.482	0	0	
0	[SLPS]	0	592.647	-115.414	0	239.482	0	0	
0	[SLPS]	0	592.242	-115.653	0	239.508	0	0	
0	[SLPS]	0	592.242	-115.653	0	239.508	0	0	
0	[SLPS]	0	592.044	-115.771	0	239.523	0	0	
0	[SLPS]	0	591.851	-115.884	0	239.544	0	0	
0	[SLPS]	0	591.851	-115.884	0	239.544	0	0	
0	[SLPS]	0	591.475	-116.101	0	239.572	0	0	
0	[SLPS]	0	591.475	-116.101	0	239.572	0	0	
0	[SLPS]	0	591.290	-116.211	0	239.573	0	0	
0	[SLPS]	0	591.108	-116.324	0	239.564	0	0	
0	[SLPS]	0	591.108	-116.324	0	239.564	0	0	
0	[SLPS]	0	590.748	-116.536	0	239.551	0	0	
0	[SLPS]	0	590.748	-116.536	0	239.551	0	0	
0	[SLPS]	0	590.578	-116.644	0	239.546	0	0	
0	[SLPS]	0	590.396	-116.749	0	239.556	0	0	
0	[SLPS]	0	590.396	-116.749	0	239.556	0	0	
0	[SLPS]	0	590.053	-116.943	0	239.564	0	0	
0	[SLPS]	0	590.053	-116.943	0	239.564	0	0	
0	[SLPS]	0	589.890	-117.037	0	239.556	0	0	
0	[SLPS]	0	589.721	-117.136	0	239.541	0	0	
0	[SLPS]	0	589.557	-117.238	0	239.520	0	0	
0	[SLPS]	0	589.392	-117.331	0	239.519	0	0	
0	[SLPS]	0	589.392	-117.331	0	239.519	0	0	
0	[SLPS]	0	589.068	-117.525	0	239.522	0	0	
0	[SLPS]	0	589.068	-117.525	0	239.522	0	0	
0	[SLPS]	0	588.907	-117.626	0	239.510	0	0	
0	[SLPS]	0	588.744	-117.720	0	239.491	0	0	
0	[SLPS]	0	588.744	-117.720	0	239.491	0	0	
0	[SLPS]	0	588.433	-117.911	0	239.418	0	0	
0	[SLPS]	0	588.433	-117.911	0	239.418	0	0	
0	[SLPS]	0	588.284	-118.001	0	239.387	0	0	
0	[SLPS]	0	588.138	-118.100	0	239.357	0	0	
0	[SLPS]	0	588.138	-118.100	0	239.357	0	0	
0	[SLPS]	0	587.848	-118.266	0	239.342	0	0	
0	[SLPS]	0	587.848	-118.266	0	239.342	0	0	
0	[SLPS]	0	587.705	-118.347	0	239.335	0	0	
0	[SLPS]	0	587.577	-118.433	0	239.313	0	0	
0	[SLPS]	0	587.577	-118.433	0	239.313	0	0	
0	[SLPS]	0	587.313	-118.595	0	239.252	0	0	
0	[SLPS]	0	587.313	-118.595	0	239.252	0	0	
0	[SLPS]	0	587.189	-118.670	0	239.230	0	0	
0	[SLPS]	0	587.068	-118.748	0	239.219	0	0	
0	[SLPS]	0	587.068	-118.748	0	239.219	0	0	
0	[SLPS]	0	586.822	-118.900	0	239.211	0	0	
0	[SLPS]	0	586.822	-118.900	0	239.211	0	0	
0	[SLPS]	0	586.704	-118.963	0	239.204	0	0	
0	[SLPS]	0	586.594	-119.034	0	239.186	0	0	
0	[SLPS]	0	586.481	-119.101	0	239.174	0	0	
0	[SLPS]	0	586.372	-119.165	0	239.165	0	0	
0	[SLPS]	0	586.372	-119.165	0	239.165	0	0	
0	[SLPS]	0	586.266	-119.231	0	239.151	0	0	
0	[SLPS]	0	586.162	-119.291	0	239.141	0	0	
0	[SLPS]	0	586.060	-119.353	0	239.130	0	0	
0	[SLPS]	0	585.966	-119.417	0	239.118	0	0	
0	[SLPS]	0	585.966	-119.417	0	239.118	0	0	
0	[SLPS]	0	585.773	-119.538	0	239.099	0	0	
0	[SLPS]	0	585.773	-119.538	0	239.099	0	0	
0	[SLPS]	0	585.683	-119.595	0	239.090	0	0	
0	[SLPS]	0	585.601	-119.643	0	239.080	0	0	
0	[SLPS]	0	585.601	-119.643	0	239.080	0	0	
0	[SLPS]	0	585.429	-119.744	0	239.064	0	0	
0	[SLPS]	0	585.429	-119.744	0	239.064	0	0	
0	[SLPS]	0	585.348	-119.789	0	239.060	0	0	
0	[SLPS]	0	585.270	-119.831	0	239.057	0	0	
0	[SLPS]	0	585.270	-119.831	0	239.057	0	0	
0	[SLPS]	0	585.113	-119.919	0	239.043	0	0	
0	[SLPS]	0	585.113	-119.919	0	239.043	0	0	
0	[SLPS]	0	585.044	-119.960	0	239.029	0	0	
0	[SLPS]	0	584.965	-119.995	0	239.018	0	0	
0	[SLPS]	0	584.965	-119.995	0	239.018	0	0	
0	[SLPS]	0	584.820	-120.081	0	239.001	0	0	
0	[SLPS]	0	584.820	-120.081	0	239.001	0	0	
0	[SLPS]	0	584.748	-120.124	0	239.000	0	0	
0	[SLPS]	0	584.675	-120.168	0	238.990	0	0	
0	[SLPS]	0	584.675	-120.168	0	238.990	0	0	
0	[SLPS]	0	584.525	-120.240	0	238.973	0	0	
0	[SLPS]	0	584.525	-120.240	0	238.973	0	0	
0	[SLPS]	0	584.457	-120.277	0	238.967	0	0	
0	[SLPS]	0	584.392	-120.337	0	238.954	0	0	
0	[SLPS]	0	584.392	-120.337	0	238.954	0	0	
0	[SLPS]	0	584.259	-120.419	0	238.946	0	0	
0	[SLPS]	0	584.259	-120.419	0	238.946	0	0	
0	[SLPS]	0	584.198	-120.460	0	238.944	0	0	
0	[SLPS]	0	584.137	-120.496	0	238.935	0	0	
0	[SLPS]	0	584.085	-120.537	0	238.925	0	0	
0	[SLPS]	0	584.023	-120.573	0	238.917	0	0	
0	[SLPS]	0	584.023	-120.573	0	238.917	0	0	
0	[SLPS]	0	583.911	-120.633	0	238.905	0	0	
0	[SLPS]	0	583.911	-120.633	0	238.905	0	0	
0	[SLPS]	0	583.861	-120.663	0	238.904	0	0	
0	[SLPS]	0	583.814	-120.693	0	238.894	0	0	
0	[SLPS]	0	583.814	-120.693	0	238.894	0	0	
0	[SLPS]	0	583.727	-120.746	0	238.874	0	0	
0	[SLPS]	0	583.727	-120.746	0	238.874	0	0	
0	[SLPS]	0	583.684	-120.767	0	238.870	0	0	
0	[SLPS]	0	583.647	-120.791	0	238.867	0	0	
0	[SLPS]	0	583.647	-120.791	0	238.867	0	0	
0	[SLPS]	0	583.577	-120.837	0	238.851	0	0	
0	[SLPS]	0	583.577	-120.837	0	238.851	0	0	
0	[SLPS]	0	583.544	-120.858	0	238.839	0	0	
0	[SLPS]	0	583.509	-120.874	0	238.827	0	0	
0	[SLPS]	0	583.509	-120.874	0	238.827	0	0	
0	[SLPS]	0	583.446	-120.907	0	238.826	0	0	
0	[SLPS]	0	583.446	-120.907	0	238.826	0	0	
0	[SLPS]	0	583.419	-120.924	0	238.830	0	0	
0	[SLPS]	0	583.396	-120.939	0	238.825	0	0	
0	[SLPS]	0	583.373	-120.953	0	238.811	0	0	
0	[SLPS]	0	583.344	-120.959	0	238.795	0	0	
0	[SLPS]	0	583.344	-120.959	0	238.795	0	0	
0	[SLPS]	0	583.306	-120.990	0	238.773	0	0	
0	[SLPS]	0	583.306	-120.990	0	238.773	0	0	
0	[SLPS]	0	583.288	-121.001	0	238.776	0	0	
0	[SLPS]	0	583.272	-121.008	0	238.784	0	0	
0	[SLPS]	0	583.272	-121.008	0	238.784	0	0	
0	[SLPS]	0	583.241	-121.036	0	238.795	0	0	
0	[SLPS]	0	583.241	-121.036	0	238.795	0	0	
0	[SLPS]	0	583.225	-121.045	0	238.792	0	0	
0	[SLPS]	0	583.210	-121.055	0	238.783	0	0	
0	[SLPS]	0	583.210	-121.055	0	238.783	0	0	
0	[SLPS]	0	583.186	-121.075	0	238.765	0	0	
0	[SLPS]	0	583.186	-121.075	0	238.765	0	0	
0	[SLPS]	0	583.171	-121.087	0	238.760	0	0	
0	[SLPS]	0	583.155	-121.097	0	238.760	0	0	
0	[SLPS]	0	583.155	-121.097	0	238.760	0	0	
0	[SLPS]	0	583.123	-121.125	0	238.753	0	0	
0	[SLPS]	0	583.123	-121.125	0	238.753	0	0	
0	[SLPS]	0	583.107	-121.137	0	238.736	0	0	
0	[SLPS]	0	583.083	-121.152	0	238.717	0	0	
0	[SLPS]	0	583.083	-121.152	0	238.717	0	0	
0	[SLPS]	0	583.034	-121.184	0	238.696	0	0	
0	[SLPS]	0	583.034	-121.184	0	238.696	0	0	
0	[SLPS]	0	583.006	-121.197	0	238.697	0	0	
0	[SLPS]	0	582.977	-121.213	0	238.699	0	0	
0	[SLPS]	0	582.977	-121.213	0	238.699	0	0	
0	[SLPS]	0	582.912	-121.244	0	238.687	0	0	
0	[SLPS]	0	582.912	-121.244	0	238.687	0	0	
0	[SLPS]	0	582.881	-121.261	0	238.668	0	0	
0	[SLPS]	0	582.850	-121.292	0	238.655	0	0	
0	[SLPS]	0	582.850	-121.292	0	238.655	0	0	
0	[SLPS]	0	582.779	-121.331	0	238.632	0	0	
0	[SLPS]	0	582.779	-121.331	0	238.632	0	0	
0	[SLPS]	0	582.744	-121.351	0	238.611	0	0	
0	[SLPS]	0	582.703	-121.379	0	238.593	0	0	
0	[SLPS]	0	582.703	-121.379	0	238.593	0	0	
0	[SLPS]	0	582.633	-121.430	0	238.564	0	0	
0	[SLPS]	0	582.633	-121.430	0	238.564	0	0	
0	[SLPS]	0	582.600	-121.452	0	238.549	0	0	
0	[SLPS]	0	582.554	-121.480	0	238.535	0	0	
0	[SLPS]	0	582.554	-121.480	0	238.535	0	0	
0	[SLPS]	0	582.472	-121.529	0	238.500	0	0	
0	[SLPS]	0	582.472	-121.529	0	238.500	0	0	
0	[SLPS]	0	582.429	-121.555	0	238.473	0	0	
0	[SLPS]	0	582.390	-121.590	0	238.443	0	0	
0	[SLPS]	0	582.390	-121.590	0	238.443	0	0	
0	[SLPS]	0	582.290	-121.644	0	238.389	0	0	
0	[SLPS]	0	582.290	-121.644	0	238.389	0	0	
0	[SLPS]	0	582.242	-121.674	0	238.369	0	0	
0	[SLPS]	0	582.202	-121.709	0	238.350	0	0	
0	[SLPS]	0	582.202	-121.709	0	238.350	0	0	
0	[SLPS]	0	582.091	-121.766	0	238.301	0	0	
0	[SLPS]	0	582.091	-121.766	0	238.301	0	0	
0	[SLPS]	0	582.038	-121.798	0	238.272	0	0	
0	[SLPS]	0	581.990	-121.831	0	238.245	0	0	
0	[SLPS]	0	581.990	-121.831	0	238.245	0	0	
0	[SLPS]	0	581.871	-121.882	0	238.217	0	0	
0	[SLPS]	0	581.871	-121.882	0	238.217	0	0	
0	[SLPS]	0	581.757	-121.952	0	238.190	0	0	
0	[SLPS]	0	581.757	-121.952	0	238.190	0	0	
0	[SLPS]	0	581.691	-121.987	0	238.177	0	0	
0	[SLPS]	0	581.628	-122.024	0	238.159	0	0	
0	[SLPS]	0	581.628	-122.024	0	238.159	0	0	
0	[SLPS]	0	581.505	-122.098	0	238.124	0	0	
0	[SLPS]	0	581.505	-122.098	0	238.124	0	0	
0	[SLPS]	0	581.453	-122.144	0	238.106	0	0	
0	[SLPS]	0	581.382	-122.184	0	238.097	0	0	
0	[SLPS]	0	581.382	-122.184	0	238.097	0	0	
0	[SLPS]	0	581.254	-122.262	0	238.078	0	0	
0	[SLPS]	0	581.254	-122.262	0	238.078	0	0	
0	[SLPS]	0	581.183	-122.309	0	238.064	0	0	
0	[SLPS]	0	581.109	-122.352	0	238.050	0	0	
0	[SLPS]	0	581.109	-122.352	0	238.050	0	0	
0	[SLPS]	0	580.964	-122.436	0	238.047	0	0	
0	[SLPS]	0	580.964	-122.436	0	238.047	0	0	
0	[SLPS]	0	580.884	-122.481	0	238.044	0	0	
0	[SLPS]	0	580.807	-122.525	0	238.032	0	0	
0	[SLPS]	0	580.807	-122.525	0	238.032	0	0	
0	[SLPS]	0	580.656	-122.628	0	238.007	0	0	
0	[SLPS]	0	580.656	-122.628	0	238.007	0	0	
0	[SLPS]	0	580.580	-122.680	0	238.014	0	0	
0	[SLPS]	0	580.503	-122.735	0	238.022	0	0	
0	[SLPS]	0	580.503	-122.735	0	238.022	0	0	
0	[SLPS]	0	580.333	-122.837	0	238.020	0	0	
0	[SLPS]	0	580.333	-122.837	0	238.020	0	0	
0	[SLPS]	0	580.262	-122.904	0	237.993	0	0	
0	[SLPS]	0	580.182	-122.957	0	237.981	0	0	
0	[SLPS]	0	580.101	-123.012	0	237.995	0	0	
0	[SLPS]	0	580.014	-123.072	0	238.024	0	0	
0	[SLPS]	0	580.014	-123.072	0	238.024	0	0	
0	[SLPS]	0	579.926	-123.133	0	238.062	0	0	
0	[SLPS]	0	579.840	-123.186	0	238.094	0	0	
0	[SLPS]	0	579.751	-123.245	0	238.113	0	0	
0	[SLPS]	0	579.655	-123.307	0	238.127	0	0	
0	[SLPS]	0	579.655	-123.307	0	238.127	0	0	
0	[SLPS]	0	579.466	-123.428	0	238.193	0	0	
0	[SLPS]	0	579.466	-123.428	0	238.193	0	0	
0	[SLPS]	0	579.371	-123.489	0	238.253	0	0	
0	[SLPS]	0	579.264	-123.543	0	238.324	0	0	
0	[SLPS]	0	579.264	-123.543	0	238.324	0	0	
0	[SLPS]	0	579.060	-123.670	0	238.470	0	0	
0	[SLPS]	0	579.060	-123.670	0	238.470	0	0	
0	[SLPS]	0	578.952	-123.731	0	238.539	0	0	
0	[SLPS]	0	578.847	-123.791	0	238.609	0	0	
0	[SLPS]	0	578.847	-123.791	0	238.609	0	0	
0	[SLPS]	0	578.631	-123.924	0	238.795	0	0	
0	[SLPS]	0	578.631	-123.924	0	238.795	0	0	
0	[SLPS]	0	578.518	-123.987	0	238.907	0	0	
0	[SLPS]	0	578.408	-124.058	0	239.031	0	0	
0	[SLPS]	0	578.408	-124.058	0	239.031	0	0	
0	[SLPS]	0	578.158	-124.187	0	239.291	0	0	
0	[SLPS]	0	578.158	-124.187	0	239.291	0	0	
0	[SLPS]	0	578.038	-124.256	0	239.446	0	0	
0	[SLPS]	0	577.904	-124.335	0	239.628	0	0	
0	[SLPS]	0	577.778	-124.403	0	239.831	0	0	
0	[SLPS]	0	577.646	-124.480	0	240.049	0	0	
0	[SLPS]	0	577.646	-124.480	0	240.049	0	0	
0	[SLPS]	0	577.377	-124.631	0	240.542	0	0	
0	[SLPS]	0	577.377	-124.631	0	240.542	0	0	
0	[SLPS]	0	577.239	-124.709	0	240.829	0	0	
0	[SLPS]	0	577.101	-124.783	0	241.137	0	0	
0	[SLPS]	0	577.101	-124.783	0	241.137	0	0	
0	[SLPS]	0	576.804	-124.943	0	241.838	0	0	
0	[SLPS]	0	576.804	-124.943	0	241.838	0	0	
0	[SLPS]	0	576.661	-125.015	0	242.228	0	0	
0	[SLPS]	0	576.509	-125.097	0	242.635	0	0	
0	[SLPS]	0	576.509	-125.097	0	242.635	0	0	
0	[SLPS]	0	576.188	-125.247	0	243.508	0	0	
0	[SLPS]	0	576.188	-125.247	0	243.508	0	0	
0	[SLPS]	0	576.023	-125.322	0	243.967	0	0	
0	[SLPS]	0	575.856	-125.398	0	244.442	0	0	
0	[SLPS]	0	575.856	-125.398	0	244.442	0	0	
0	[SLPS]	0	575.505	-125.550	0	245.448	0	0	
0	[SLPS]	0	575.505	-125.550	0	245.448	0	0	
0	[SLPS]	0	575.329	-125.627	0	245.971	0	0	
0	[SLPS]	0	575.147	-125.697	0	246.505	0	0	
0	[SLPS]	0	575.147	-125.697	0	246.505	0	0	
0	[SLPS]	0	574.777	-125.843	0	247.590	0	0	
0	[SLPS]	0	574.777	-125.843	0	247.590	0	0	
0	[SLPS]	0	574.391	-125.979	0	248.708	0	0	
0	[SLPS]	0	574.391	-125.979	0	248.708	0	0	
0	[SLPS]	0	574.196	-126.048	0	249.263	0	0	
0	[SLPS]	0	573.997	-126.116	0	249.825	0	0	
0	[SLPS]	0	573.997	-126.116	0	249.825	0	0	
0	[SLPS]	0	573.592	-126.240	0	250.993	0	0	
0	[SLPS]	0	573.592	-126.240	0	250.993	0	0	
0	[SLPS]	0	573.386	-126.304	0	251.598	0	0	
0	[SLPS]	0	573.181	-126.362	0	252.208	0	0	
0	[SLPS]	0	573.181	-126.362	0	252.208	0	0	
0	[SLPS]	0	572.756	-126.480	0	253.421	0	0	
0	[SLPS]	0	572.756	-126.480	0	253.421	0	0	
0	[SLPS]	0	572.540	-126.535	0	254.049	0	0	
0	[SLPS]	0	572.321	-126.587	0	254.691	0	0	
0	[SLPS]	0	572.321	-126.587	0	254.691	0	0	
0	[SLPS]	0	571.867	-126.687	0	256.032	0	0	
0	[SLPS]	0	571.867	-126.687	0	256.032	0	0	
0	[SLPS]	0	571.636	-126.734	0	256.725	0	0	
0	[SLPS]	0	571.405	-126.779	0	257.413	0	0	
0	[SLPS]	0	571.405	-126.779	0	257.413	0	0	
0	[SLPS]	0	570.942	-126.872	0	258.824	0	0	
0	[SLPS]	0	570.942	-126.872	0	258.824	0	0	
0	[SLPS]	0	570.704	-126.914	0	259.550	0	0	
0	[SLPS]	0	570.466	-126.953	0	260.307	0	0	
0	[SLPS]	0	570.466	-126.953	0	260.307	0	0	
0	[SLPS]	0	569.967	-127.019	0	261.870	0	0	
0	[SLPS]	0	569.967	-127.019	0	261.870	0	0	
0	[SLPS]	0	569.719	-127.047	0	262.669	0	0	
0	[SLPS]	0	569.467	-127.062	0	263.493	0	0	
0	[SLPS]	0	569.467	-127.062	0	263.493	0	0	
0	[SLPS]	0	568.958	-127.090	0	265.214	0	0	
0	[SLPS]	0	568.958	-127.090	0	265.214	0	0	
0	[SLPS]	0	568.701	-127.095	0	266.096	0	0	
0	[SLPS]	0	568.441	-127.099	0	266.980	0	0	
0	[SLPS]	0	568.441	-127.099	0	266.980	0	0	
0	[SLPS]	0	567.922	-127.090	0	268.738	0	0	
0	[SLPS]	0	567.922	-127.090	0	268.738	0	0	
0	[SLPS]	0	567.662	-127.083	0	269.624	0	0	
0	[SLPS]	0	567.401	-127.066	0	270.515	0	0	
0	[SLPS]	0	567.401	-127.066	0	270.515	0	0	
0	[SLPS]	0	566.882	-127.024	0	272.299	0	0	
0	[SLPS]	0	566.882	-127.024	0	272.299	0	0	
0	[SLPS]	0	566.623	-127.001	0	273.196	0	0	
0	[SLPS]	0	566.362	-126.967	0	274.096	0	0	
0	[SLPS]	0	566.101	-126.932	0	274.997	0	0	
0	[SLPS]	0	565.841	-126.885	0	275.905	0	0	
0	[SLPS]	0	565.841	-126.885	0	275.905	0	0	
0	[SLPS]	0	565.316	-126.792	0	277.752	0	0	
0	[SLPS]	0	565.316	-126.792	0	277.752	0	0	
0	[SLPS]	0	565.042	-126.739	0	278.688	0	0	
0	[SLPS]	0	564.772	-126.682	0	279.619	0	0	
0	[SLPS]	0	564.772	-126.682	0	279.619	0	0	
0	[SLPS]	0	564.228	-126.554	0	281.480	0	0	
0	[SLPS]	0	564.228	-126.554	0	281.480	0	0	
0	[SLPS]	0	563.953	-126.486	0	282.417	0	0	
0	[SLPS]	0	563.679	-126.413	0	283.358	0	0	
0	[SLPS]	0	563.679	-126.413	0	283.358	0	0	
0	[SLPS]	0	563.129	-126.246	0	285.268	0	0	
0	[SLPS]	0	563.129	-126.246	0	285.268	0	0	
0	[SLPS]	0	562.857	-126.153	0	286.232	0	0	
0	[SLPS]	0	562.588	-126.057	0	287.202	0	0	
0	[SLPS]	0	562.588	-126.057	0	287.202	0	0	
0	[SLPS]	0	562.044	-125.851	0	289.164	0	0	
0	[SLPS]	0	562.044	-125.851	0	289.164	0	0	
0	[SLPS]	0	561.771	-125.734	0	290.148	0	0	
0	[SLPS]	0	561.501	-125.618	0	291.126	0	0	
0	[SLPS]	0	561.501	-125.618	0	291.126	0	0	
0	[SLPS]	0	560.961	-125.367	0	293.038	0	0	
0	[SLPS]	0	560.961	-125.367	0	293.038	0	0	
0	[SLPS]	0	560.696	-125.230	0	293.969	0	0	
0	[SLPS]	0	560.422	-125.087	0	294.897	0	0	
0	[SLPS]	0	560.422	-125.087	0	294.897	0	0	
0	[SLPS]	0	559.892	-124.783	0	296.680	0	0	
0	[SLPS]	0	559.892	-124.783	0	296.680	0	0	
0	[SLPS]	0	559.624	-124.621	0	297.565	0	0	
0	[SLPS]	0	559.354	-124.458	0	298.440	0	0	
0	[SLPS]	0	559.354	-124.458	0	298.440	0	0	
0	[SLPS]	0	558.817	-124.120	0	300.133	0	0	
0	[SLPS]	0	558.817	-124.120	0	300.133	0	0	
0	[SLPS]	0	558.549	-123.943	0	300.977	0	0	
0	[SLPS]	0	558.282	-123.766	0	301.837	0	0	
0	[SLPS]	0	558.282	-123.766	0	301.837	0	0	
0	[SLPS]	0	557.749	-123.393	0	303.576	0	0	
0	[SLPS]	0	557.749	-123.393	0	303.576	0	0	
0	[SLPS]	0	557.488	-123.195	0	304.457	0	0	
0	[SLPS]	0	557.225	-122.996	0	305.331	0	0	
0	[SLPS]	0	557.225	-122.996	0	305.331	0	0	
0	[SLPS]	0	556.702	-122.581	0	307.093	0	0	
0	[SLPS]	0	556.702	-122.581	0	307.093	0	0	
0	[SLPS]	0	556.447	-122.360	0	307.996	0	0	
0	[SLPS]	0	556.186	-122.132	0	308.911	0	0	
0	[SLPS]	0	556.186	-122.132	0	308.911	0	0	
0	[SLPS]	0	555.681	-121.667	0	310.732	0	0	
0	[SLPS]	0	555.681	-121.667	0	310.732	0	0	
0	[SLPS]	0	555.432	-121.422	0	311.616	0	0	
0	[SLPS]	0	555.177	-121.171	0	312.481	0	0	
0	[SLPS]	0	554.934	-120.921	0	313.311	0	0	
0	[SLPS]	0	554.686	-120.660	0	314.111	0	0	
0	[SLPS]	0	554.686	-120.660	0	314.111	0	0	
0	[SLPS]	0	554.214	-120.127	0	315.600	0	0	
0	[SLPS]	0	554.214	-120.127	0	315.600	0	0	
0	[SLPS]	0	553.977	-119.855	0	316.283	0	0	
0	[SLPS]	0	553.735	-119.580	0	316.919	0	0	
0	[SLPS]	0	553.735	-119.580	0	316.919	0	0	
0	[SLPS]	0	553.266	-119.020	0	318.038	0	0	
0	[SLPS]	0	553.266	-119.020	0	318.038	0	0	
0	[SLPS]	0	553.034	-118.733	0	318.523	0	0	
0	[SLPS]	0	552.800	-118.456	0	318.976	0	0	
0	[SLPS]	0	552.800	-118.456	0	318.976	0	0	
0	[SLPS]	0	552.331	-117.881	0	319.767	0	0	
0	[SLPS]	0	552.331	-117.881	0	319.767	0	0	
0	[SLPS]	0	552.097	-117.591	0	320.106	0	0	
0	[SLPS]	0	551.860	-117.298	0	320.435	0	0	
0	[SLPS]	0	551.860	-117.298	0	320.435	0	0	
0	[SLPS]	0	551.383	-116.703	0	321.042	0	0	
0	[SLPS]	0	551.383	-116.703	0	321.042	0	0	
0	[SLPS]	0	551.148	-116.405	0	321.321	0	0	
0	[SLPS]	0	550.910	-116.100	0	321.589	0	0	
0	[SLPS]	0	550.910	-116.100	0	321.589	0	0	
0	[SLPS]	0	550.436	-115.486	0	322.070	0	0	
0	[SLPS]	0	550.436	-115.486	0	322.070	0	0	
0	[SLPS]	0	550.206	-115.177	0	322.291	0	0	
0	[SLPS]	0	549.972	-114.862	0	322.503	0	0	
0	[SLPS]	0	549.972	-114.862	0	322.503	0	0	
0	[SLPS]	0	549.513	-114.231	0	322.929	0	0	
0	[SLPS]	0	549.513	-114.231	0	322.929	0	0	
0	[SLPS]	0	549.281	-113.913	0	323.147	0	0	
0	[SLPS]	0	549.059	-113.597	0	323.360	0	0	
0	[SLPS]	0	549.059	-113.597	0	323.360	0	0	
0	[SLPS]	0	548.596	-112.957	0	323.751	0	0	
0	[SLPS]	0	548.596	-112.957	0	323.751	0	0	
0	[SLPS]	0	548.367	-112.632	0	323.933	0	0	
0	[SLPS]	0	548.137	-112.303	0	324.091	0	0	
0	[SLPS]	0	548.137	-112.303	0	324.091	0	0	
0	[SLPS]	0	547.671	-111.644	0	324.320	0	0	
0	[SLPS]	0	547.671	-111.644	0	324.320	0	0	
0	[SLPS]	0	547.204	-110.976	0	324.457	0	0	
0	[SLPS]	0	547.204	-110.976	0	324.457	0	0	
0	[SLPS]	0	546.971	-110.640	0	324.521	0	0	
0	[SLPS]	0	546.734	-110.307	0	324.593	0	0	
0	[SLPS]	0	546.734	-110.307	0	324.593	0	0	
0	[SLPS]	0	546.260	-109.637	0	324.724	0	0	
0	[SLPS]	0	546.260	-109.637	0	324.724	0	0	
0	[SLPS]	0	546.021	-109.297	0	324.785	0	0	
0	[SLPS]	0	545.787	-108.960	0	324.837	0	0	
0	[SLPS]	0	545.787	-108.960	0	324.837	0	0	
0	[SLPS]	0	545.313	-108.281	0	324.945	0	0	
0	[SLPS]	0	545.313	-108.281	0	324.945	0	0	
0	[SLPS]	0	544.840	-107.597	0	325.071	0	0	
0	[SLPS]	0	544.840	-107.597	0	325.071	0	0	
0	[SLPS]	0	544.603	-107.254	0	325.138	0	0	
0	[SLPS]	0	544.375	-106.910	0	325.205	0	0	
0	[SLPS]	0	544.375	-106.910	0	325.205	0	0	
0	[SLPS]	0	544.141	-106.565	0	325.263	0	0	
0	[SLPS]	0	543.906	-106.225	0	325.324	0	0	
0	[SLPS]	0	543.673	-105.881	0	325.386	0	0	
0	[SLPS]	0	543.446	-105.549	0	325.445	0	0	
0	[SLPS]	0	543.446	-105.549	0	325.445	0	0	
0	[SLPS]	0	542.979	-104.856	0	325.557	0	0	
0	[SLPS]	0	542.979	-104.856	0	325.557	0	0	
0	[SLPS]	0	542.748	-104.514	0	325.614	0	0	
0	[SLPS]	0	542.522	-104.184	0	325.666	0	0	
0	[SLPS]	0	542.522	-104.184	0	325.666	0	0	
0	[SLPS]	0	542.065	-103.506	0	325.792	0	0	
0	[SLPS]	0	542.065	-103.506	0	325.792	0	0	
0	[SLPS]	0	541.839	-103.166	0	325.856	0	0	
0	[SLPS]	0	541.613	-102.831	0	325.917	0	0	
0	[SLPS]	0	541.613	-102.831	0	325.917	0	0	
0	[SLPS]	0	541.160	-102.156	0	326.036	0	0	
0	[SLPS]	0	541.160	-102.156	0	326.036	0	0	
0	[SLPS]	0	540.938	-101.824	0	326.092	0	0	
0	[SLPS]	0	540.714	-101.486	0	326.148	0	0	
0	[SLPS]	0	540.714	-101.486	0	326.148	0	0	
0	[SLPS]	0	540.280	-100.821	0	326.255	0	0	
0	[SLPS]	0	540.280	-100.821	0	326.255	0	0	
0	[SLPS]	0	539.849	-100.151	0	326.383	0	0	
0	[SLPS]	0	539.849	-100.151	0	326.383	0	0	
0	[SLPS]	0	539.630	-99.816	0	326.445	0	0	
0	[SLPS]	0	539.408	-99.481	0	326.505	0	0	
0	[SLPS]	0	539.408	-99.481	0	326.505	0	0	
0	[SLPS]	0	538.970	-98.812	0	326.619	0	0	
0	[SLPS]	0	538.970	-98.812	0	326.619	0	0	
0	[SLPS]	0	538.755	-98.474	0	326.680	0	0	
0	[SLPS]	0	538.534	-98.132	0	326.742	0	0	
0	[SLPS]	0	538.534	-98.132	0	326.742	0	0	
0	[SLPS]	0	538.101	-97.461	0	326.868	0	0	
0	[SLPS]	0	538.101	-97.461	0	326.868	0	0	
0	[SLPS]	0	537.882	-97.123	0	326.931	0	0	
0	[SLPS]	0	537.665	-96.782	0	326.995	0	0	
0	[SLPS]	0	537.665	-96.782	0	326.995	0	0	
0	[SLPS]	0	537.233	-96.110	0	327.124	0	0	
0	[SLPS]	0	537.233	-96.110	0	327.124	0	0	
0	[SLPS]	0	536.795	-95.436	0	327.245	0	0	
0	[SLPS]	0	536.795	-95.436	0	327.245	0	0	
0	[SLPS]	0	536.584	-95.099	0	327.303	0	0	
0	[SLPS]	0	536.367	-94.764	0	327.365	0	0	
0	[SLPS]	0	536.367	-94.764	0	327.365	0	0	
0	[SLPS]	0	535.944	-94.084	0	327.484	0	0	
0	[SLPS]	0	535.944	-94.084	0	327.484	0	0	
0	[SLPS]	0	535.731	-93.746	0	327.543	0	0	
0	[SLPS]	0	535.516	-93.418	0	327.603	0	0	
0	[SLPS]	0	535.516	-93.418	0	327.603	0	0	
0	[SLPS]	0	535.089	-92.734	0	327.728	0	0	
0	[SLPS]	0	535.089	-92.734	0	327.728	0	0	
0	[SLPS]	0	534.878	-92.396	0	327.786	0	0	
0	[SLPS]	0	534.665	-92.059	0	327.835	0	0	
0	[SLPS]	0	534.665	-92.059	0	327.835	0	0	
0	[SLPS]	0	534.249	-91.377	0	327.943	0	0	
0	[SLPS]	0	534.249	-91.377	0	327.943	0	0	
0	[SLPS]	0	534.040	-91.038	0	327.966	0	0	
0	[SLPS]	0	533.831	-90.701	0	327.972	0	0	
0	[SLPS]	0	533.831	-90.701	0	327.972	0	0	
0	[SLPS]	0	533.411	-90.024	0	327.960	0	0	
0	[SLPS]	0	533.411	-90.024	0	327.960	0	0	
0	[SLPS]	0	533.203	-89.685	0	327.971	0	0	
0	[SLPS]	0	532.993	-89.345	0	327.985	0	0	
0	[SLPS]	0	532.993	-89.345	0	327.985	0	0	
0	[SLPS]	0	532.564	-88.674	0	327.960	0	0	
0	[SLPS]	0	532.564	-88.674	0	327.960	0	0	
0	[SLPS]	0	532.354	-88.340	0	327.949	0	0	
0	[SLPS]	0	532.142	-88.000	0	327.945	0	0	
0	[SLPS]	0	532.142	-88.000	0	327.945	0	0	
0	[SLPS]	0	531.724	-87.326	0	327.939	0	0	
0	[SLPS]	0	531.724	-87.326	0	327.939	0	0	
0	[SLPS]	0	531.514	-86.989	0	327.935	0	0	
0	[SLPS]	0	531.303	-86.653	0	327.919	0	0	
0	[SLPS]	0	531.090	-86.315	0	327.903	0	0	
0	[SLPS]	0	530.880	-85.973	0	327.907	0	0	
0	[SLPS]	0	530.880	-85.973	0	327.907	0	0	
0	[SLPS]	0	530.454	-85.299	0	327.869	0	0	
0	[SLPS]	0	530.454	-85.299	0	327.869	0	0	
0	[SLPS]	0	530.454	-85.299	0	327.869	0	0	
0	[SLPS]	0	530.029	-84.613	0	327.864	0	0	
0	[SLPS]	0	530.029	-84.613	0	327.864	0	0	
0	[SLPS]	0	529.598	-83.931	0	327.837	0	0	
0	[SLPS]	0	529.598	-83.931	0	327.837	0	0	
0	[SLPS]	0	529.388	-83.581	0	327.856	0	0	
0	[SLPS]	0	529.170	-83.237	0	327.832	0	0	
0	[SLPS]	0	529.170	-83.237	0	327.832	0	0	
0	[SLPS]	0	528.741	-82.549	0	327.818	0	0	
0	[SLPS]	0	528.741	-82.549	0	327.818	0	0	
0	[SLPS]	0	528.521	-82.200	0	327.804	0	0	
0	[SLPS]	0	528.303	-81.850	0	327.803	0	0	
0	[SLPS]	0	528.303	-81.850	0	327.803	0	0	
0	[SLPS]	0	527.865	-81.150	0	327.797	0	0	
0	[SLPS]	0	527.865	-81.150	0	327.797	0	0	
0	[SLPS]	0	527.644	-80.804	0	327.782	0	0	
0	[SLPS]	0	527.427	-80.450	0	327.790	0	0	
0	[SLPS]	0	527.427	-80.450	0	327.790	0	0	
0	[SLPS]	0	526.986	-79.750	0	327.779	0	0	
0	[SLPS]	0	526.986	-79.750	0	327.779	0	0	
0	[SLPS]	0	526.763	-79.397	0	327.770	0	0	
0	[SLPS]	0	526.542	-79.047	0	327.749	0	0	
0	[SLPS]	0	526.542	-79.047	0	327.749	0	0	
0	[SLPS]	0	526.100	-78.348	0	327.714	0	0	
0	[SLPS]	0	526.100	-78.348	0	327.714	0	0	
0	[SLPS]	0	525.874	-77.996	0	327.692	0	0	
0	[SLPS]	0	525.656	-77.636	0	327.716	0	0	
0	[SLPS]	0	525.656	-77.636	0	327.716	0	0	
0	[SLPS]	0	525.215	-76.927	0	327.729	0	0	
0	[SLPS]	0	525.215	-76.927	0	327.729	0	0	
0	[SLPS]	0	524.988	-76.574	0	327.720	0	0	
0	[SLPS]	0	524.763	-76.217	0	327.704	0	0	
0	[SLPS]	0	524.763	-76.217	0	327.704	0	0	
0	[SLPS]	0	524.308	-75.503	0	327.674	0	0	
0	[SLPS]	0	524.308	-75.503	0	327.674	0	0	
0	[SLPS]	0	524.074	-75.147	0	327.647	0	0	
0	[SLPS]	0	523.841	-74.782	0	327.650	0	0	
0	[SLPS]	0	523.841	-74.782	0	327.650	0	0	
0	[SLPS]	0	523.388	-74.060	0	327.662	0	0	
0	[SLPS]	0	523.388	-74.060	0	327.662	0	0	
0	[SLPS]	0	522.918	-73.329	0	327.632	0	0	
0	[SLPS]	0	522.918	-73.329	0	327.632	0	0	
0	[SLPS]	0	522.686	-72.965	0	327.625	0	0	
0	[SLPS]	0	522.470	-72.601	0	327.636	0	0	
0	[SLPS]	0	522.470	-72.601	0	327.636	0	0	
0	[SLPS]	0	522.008	-71.870	0	327.613	0	0	
0	[SLPS]	0	522.008	-71.870	0	327.613	0	0	
0	[SLPS]	0	521.774	-71.504	0	327.597	0	0	
0	[SLPS]	0	521.545	-71.136	0	327.601	0	0	
0	[SLPS]	0	521.545	-71.136	0	327.601	0	0	
0	[SLPS]	0	521.077	-70.398	0	327.588	0	0	
0	[SLPS]	0	521.077	-70.398	0	327.588	0	0	
0	[SLPS]	0	520.843	-70.027	0	327.578	0	0	
0	[SLPS]	0	520.608	-69.661	0	327.562	0	0	
0	[SLPS]	0	520.608	-69.661	0	327.562	0	0	
0	[SLPS]	0	520.139	-68.922	0	327.546	0	0	
0	[SLPS]	0	520.139	-68.922	0	327.546	0	0	
0	[SLPS]	0	519.907	-68.555	0	327.538	0	0	
0	[SLPS]	0	519.675	-68.187	0	327.531	0	0	
0	[SLPS]	0	519.675	-68.187	0	327.531	0	0	
0	[SLPS]	0	519.207	-67.439	0	327.526	0	0	
0	[SLPS]	0	519.207	-67.439	0	327.526	0	0	
0	[SLPS]	0	518.967	-67.061	0	327.522	0	0	
0	[SLPS]	0	518.729	-66.691	0	327.513	0	0	
0	[SLPS]	0	518.729	-66.691	0	327.513	0	0	
0	[SLPS]	0	518.256	-65.944	0	327.510	0	0	
0	[SLPS]	0	518.256	-65.944	0	327.510	0	0	
0	[SLPS]	0	518.020	-65.570	0	327.503	0	0	
0	[SLPS]	0	517.788	-65.201	0	327.500	0	0	
0	[SLPS]	0	517.788	-65.201	0	327.500	0	0	
0	[SLPS]	0	517.318	-64.449	0	327.494	0	0	
0	[SLPS]	0	517.318	-64.449	0	327.494	0	0	
0	[SLPS]	0	517.083	-64.075	0	327.484	0	0	
0	[SLPS]	0	516.848	-63.711	0	327.469	0	0	
0	[SLPS]	0	516.848	-63.711	0	327.469	0	0	
0	[SLPS]	0	516.376	-62.965	0	327.451	0	0	
0	[SLPS]	0	516.376	-62.965	0	327.451	0	0	
0	[SLPS]	0	516.141	-62.593	0	327.446	0	0	
0	[SLPS]	0	515.906	-62.230	0	327.439	0	0	
0	[SLPS]	0	515.906	-62.230	0	327.439	0	0	
0	[SLPS]	0	515.430	-61.488	0	327.424	0	0	
0	[SLPS]	0	515.430	-61.488	0	327.424	0	0	
0	[SLPS]	0	515.195	-61.121	0	327.414	0	0	
0	[SLPS]	0	514.962	-60.751	0	327.406	0	0	
0	[SLPS]	0	514.962	-60.751	0	327.406	0	0	
0	[SLPS]	0	514.487	-60.016	0	327.387	0	0	
0	[SLPS]	0	514.487	-60.016	0	327.387	0	0	
0	[SLPS]	0	514.022	-59.278	0	327.386	0	0	
0	[SLPS]	0	514.022	-59.278	0	327.386	0	0	
0	[SLPS]	0	513.790	-58.911	0	327.379	0	0	
0	[SLPS]	0	513.552	-58.548	0	327.365	0	0	
0	[SLPS]	0	513.552	-58.548	0	327.365	0	0	
0	[SLPS]	0	513.094	-57.819	0	327.356	0	0	
0	[SLPS]	0	513.094	-57.819	0	327.356	0	0	
0	[SLPS]	0	512.861	-57.460	0	327.348	0	0	
0	[SLPS]	0	512.628	-57.103	0	327.340	0	0	
0	[SLPS]	0	512.628	-57.103	0	327.340	0	0	
0	[SLPS]	0	512.172	-56.391	0	327.321	0	0	
0	[SLPS]	0	512.172	-56.391	0	327.321	0	0	
0	[SLPS]	0	511.942	-56.032	0	327.305	0	0	
0	[SLPS]	0	511.711	-55.673	0	327.299	0	0	
0	[SLPS]	0	511.711	-55.673	0	327.299	0	0	
0	[SLPS]	0	511.251	-54.961	0	327.288	0	0	
0	[SLPS]	0	511.251	-54.961	0	327.288	0	0	
0	[SLPS]	0	511.031	-54.602	0	327.305	0	0	
0	[SLPS]	0	510.804	-54.249	0	327.290	0	0	
0	[SLPS]	0	510.804	-54.249	0	327.290	0	0	
0	[SLPS]	0	510.347	-53.536	0	327.280	0	0	
0	[SLPS]	0	510.347	-53.536	0	327.280	0	0	
0	[SLPS]	0	510.124	-53.187	0	327.281	0	0	
0	[SLPS]	0	509.896	-52.833	0	327.278	0	0	
0	[SLPS]	0	509.670	-52.477	0	327.279	0	0	
0	[SLPS]	0	509.443	-52.124	0	327.265	0	0	
0	[SLPS]	0	509.443	-52.124	0	327.265	0	0	
0	[SLPS]	0	509.001	-51.417	0	327.255	0	0	
0	[SLPS]	0	509.001	-51.417	0	327.255	0	0	
0	[SLPS]	0	508.778	-51.068	0	327.248	0	0	
0	[SLPS]	0	508.553	-50.720	0	327.240	0	0	
0	[SLPS]	0	508.553	-50.720	0	327.240	0	0	
0	[SLPS]	0	508.105	-50.032	0	327.222	0	0	
0	[SLPS]	0	508.105	-50.032	0	327.222	0	0	
0	[SLPS]	0	507.883	-49.687	0	327.213	0	0	
0	[SLPS]	0	507.651	-49.352	0	327.180	0	0	
0	[SLPS]	0	507.651	-49.352	0	327.180	0	0	
0	[SLPS]	0	507.210	-48.662	0	327.128	0	0	
0	[SLPS]	0	507.210	-48.662	0	327.128	0	0	
0	[SLPS]	0	506.988	-48.320	0	327.079	0	0	
0	[SLPS]	0	506.766	-47.981	0	327.028	0	0	
0	[SLPS]	0	506.766	-47.981	0	327.028	0	0	
0	[SLPS]	0	506.329	-47.302	0	326.898	0	0	
0	[SLPS]	0	506.329	-47.302	0	326.898	0	0	
0	[SLPS]	0	506.111	-46.964	0	326.837	0	0	
0	[SLPS]	0	505.888	-46.633	0	326.783	0	0	
0	[SLPS]	0	505.888	-46.633	0	326.783	0	0	
0	[SLPS]	0	505.451	-45.964	0	326.662	0	0	
0	[SLPS]	0	505.451	-45.964	0	326.662	0	0	
0	[SLPS]	0	505.232	-45.631	0	326.599	0	0	
0	[SLPS]	0	505.004	-45.308	0	326.536	0	0	
0	[SLPS]	0	505.004	-45.308	0	326.536	0	0	
0	[SLPS]	0	504.560	-44.656	0	326.420	0	0	
0	[SLPS]	0	504.560	-44.656	0	326.420	0	0	
0	[SLPS]	0	504.341	-44.332	0	326.362	0	0	
0	[SLPS]	0	504.126	-44.019	0	326.305	0	0	
0	[SLPS]	0	503.907	-43.698	0	326.253	0	0	
0	[SLPS]	0	503.695	-43.386	0	326.197	0	0	
0	[SLPS]	0	503.695	-43.386	0	326.197	0	0	
0	[SLPS]	0	503.275	-42.768	0	326.100	0	0	
0	[SLPS]	0	503.275	-42.768	0	326.100	0	0	
0	[SLPS]	0	503.071	-42.455	0	326.064	0	0	
0	[SLPS]	0	502.859	-42.149	0	326.018	0	0	
0	[SLPS]	0	502.859	-42.149	0	326.018	0	0	
0	[SLPS]	0	502.650	-41.835	0	325.981	0	0	
0	[SLPS]	0	502.447	-41.533	0	325.937	0	0	
0	[SLPS]	0	502.241	-41.227	0	325.886	0	0	
0	[SLPS]	0	502.038	-40.921	0	325.848	0	0	
0	[SLPS]	0	502.038	-40.921	0	325.848	0	0	
0	[SLPS]	0	501.657	-40.315	0	325.800	0	0	
0	[SLPS]	0	501.657	-40.315	0	325.800	0	0	
0	[SLPS]	0	501.456	-40.023	0	325.755	0	0	
0	[SLPS]	0	501.263	-39.718	0	325.737	0	0	
0	[SLPS]	0	501.263	-39.718	0	325.737	0	0	
0	[SLPS]	0	500.879	-39.148	0	325.684	0	0	
0	[SLPS]	0	500.879	-39.148	0	325.684	0	0	
0	[SLPS]	0	500.682	-38.862	0	325.655	0	0	
0	[SLPS]	0	500.485	-38.576	0	325.624	0	0	
0	[SLPS]	0	500.485	-38.576	0	325.624	0	0	
0	[SLPS]	0	500.094	-38.031	0	325.542	0	0	
0	[SLPS]	0	500.094	-38.031	0	325.542	0	0	
0	[SLPS]	0	499.899	-37.745	0	325.513	0	0	
0	[SLPS]	0	499.701	-37.471	0	325.484	0	0	
0	[SLPS]	0	499.701	-37.471	0	325.484	0	0	
0	[SLPS]	0	499.331	-36.926	0	325.457	0	0	
0	[SLPS]	0	499.331	-36.926	0	325.457	0	0	
0	[SLPS]	0	498.955	-36.378	0	325.411	0	0	
0	[SLPS]	0	498.955	-36.378	0	325.411	0	0	
0	[SLPS]	0	498.769	-36.108	0	325.384	0	0	
0	[SLPS]	0	498.581	-35.844	0	325.348	0	0	
0	[SLPS]	0	498.581	-35.844	0	325.348	0	0	
0	[SLPS]	0	498.213	-35.301	0	325.312	0	0	
0	[SLPS]	0	498.213	-35.301	0	325.312	0	0	
0	[SLPS]	0	498.037	-35.031	0	325.295	0	0	
0	[SLPS]	0	497.852	-34.766	0	325.262	0	0	
0	[SLPS]	0	497.852	-34.766	0	325.262	0	0	
0	[SLPS]	0	497.494	-34.235	0	325.210	0	0	
0	[SLPS]	0	497.494	-34.235	0	325.210	0	0	
0	[SLPS]	0	497.319	-33.981	0	325.188	0	0	
0	[SLPS]	0	497.133	-33.721	0	325.171	0	0	
0	[SLPS]	0	497.133	-33.721	0	325.171	0	0	
0	[SLPS]	0	496.769	-33.206	0	325.158	0	0	
0	[SLPS]	0	496.769	-33.206	0	325.158	0	0	
0	[SLPS]	0	496.590	-32.949	0	325.169	0	0	
0	[SLPS]	0	496.402	-32.698	0	325.185	0	0	
0	[SLPS]	0	496.402	-32.698	0	325.185	0	0	
0	[SLPS]	0	496.029	-32.193	0	325.239	0	0	
0	[SLPS]	0	496.029	-32.193	0	325.239	0	0	
0	[SLPS]	0	495.848	-31.940	0	325.270	0	0	
0	[SLPS]	0	495.661	-31.681	0	325.325	0	0	
0	[SLPS]	0	495.473	-31.439	0	325.336	0	0	
0	[SLPS]	0	495.291	-31.188	0	325.381	0	0	
0	[SLPS]	0	495.291	-31.188	0	325.381	0	0	
0	[SLPS]	0	494.939	-30.687	0	325.424	0	0	
0	[SLPS]	0	494.939	-30.687	0	325.424	0	0	
0	[SLPS]	0	494.754	-30.440	0	325.437	0	0	
0	[SLPS]	0	494.576	-30.190	0	325.476	0	0	
0	[SLPS]	0	494.576	-30.190	0	325.476	0	0	
0	[SLPS]	0	494.397	-29.943	0	325.505	0	0	
0	[SLPS]	0	494.239	-29.679	0	325.535	0	0	
0	[SLPS]	0	494.239	-29.679	0	325.535	0	0	
0	[SLPS]	0	493.895	-29.159	0	325.580	0	0	
0	[SLPS]	0	493.895	-29.159	0	325.580	0	0	
0	[SLPS]	0	493.737	-28.902	0	325.611	0	0	
0	[SLPS]	0	493.572	-28.648	0	325.632	0	0	
0	[SLPS]	0	493.402	-28.388	0	325.659	0	0	
0	[SLPS]	0	493.231	-28.129	0	325.682	0	0	
0	[SLPS]	0	493.231	-28.129	0	325.682	0	0	
0	[SLPS]	0	493.061	-27.877	0	325.702	0	0	
0	[SLPS]	0	492.905	-27.635	0	325.719	0	0	
0	[SLPS]	0	492.736	-27.383	0	325.732	0	0	
0	[SLPS]	0	492.574	-27.133	0	325.752	0	0	
0	[SLPS]	0	492.574	-27.133	0	325.752	0	0	
0	[SLPS]	0	492.239	-26.646	0	325.766	0	0	
0	[SLPS]	0	492.239	-26.646	0	325.766	0	0	
0	[SLPS]	0	492.073	-26.398	0	325.778	0	0	
0	[SLPS]	0	491.912	-26.151	0	325.787	0	0	
0	[SLPS]	0	491.912	-26.151	0	325.787	0	0	
0	[SLPS]	0	491.573	-25.665	0	325.790	0	0	
0	[SLPS]	0	491.573	-25.665	0	325.790	0	0	
0	[SLPS]	0	491.405	-25.416	0	325.797	0	0	
0	[SLPS]	0	491.252	-25.176	0	325.814	0	0	
0	[SLPS]	0	491.252	-25.176	0	325.814	0	0	
0	[SLPS]	0	490.917	-24.682	0	325.811	0	0	
0	[SLPS]	0	490.917	-24.682	0	325.811	0	0	
0	[SLPS]	0	490.747	-24.437	0	325.797	0	0	
0	[SLPS]	0	490.582	-24.192	0	325.782	0	0	
0	[SLPS]	0	490.582	-24.192	0	325.782	0	0	
0	[SLPS]	0	490.255	-23.693	0	325.792	0	0	
0	[SLPS]	0	490.255	-23.693	0	325.792	0	0	
0	[SLPS]	0	490.094	-23.445	0	325.797	0	0	
0	[SLPS]	0	489.925	-23.197	0	325.796	0	0	
0	[SLPS]	0	489.925	-23.197	0	325.796	0	0	
0	[SLPS]	0	489.595	-22.707	0	325.784	0	0	
0	[SLPS]	0	489.595	-22.707	0	325.784	0	0	
0	[SLPS]	0	489.434	-22.461	0	325.774	0	0	
0	[SLPS]	0	489.265	-22.214	0	325.760	0	0	
0	[SLPS]	0	489.100	-21.969	0	325.752	0	0	
0	[SLPS]	0	488.933	-21.723	0	325.746	0	0	
0	[SLPS]	0	488.933	-21.723	0	325.746	0	0	
0	[SLPS]	0	488.766	-21.488	0	325.733	0	0	
0	[SLPS]	0	488.600	-21.236	0	325.729	0	0	
0	[SLPS]	0	488.600	-21.236	0	325.729	0	0	
0	[SLPS]	0	488.254	-20.748	0	325.680	0	0	
0	[SLPS]	0	488.254	-20.748	0	325.680	0	0	
0	[SLPS]	0	488.101	-20.503	0	325.674	0	0	
0	[SLPS]	0	487.929	-20.264	0	325.642	0	0	
0	[SLPS]	0	487.929	-20.264	0	325.642	0	0	
0	[SLPS]	0	487.598	-19.772	0	325.576	0	0	
0	[SLPS]	0	487.598	-19.772	0	325.576	0	0	
0	[SLPS]	0	487.432	-19.528	0	325.560	0	0	
0	[SLPS]	0	487.277	-19.276	0	325.544	0	0	
0	[SLPS]	0	487.104	-19.043	0	325.499	0	0	
0	[SLPS]	0	486.945	-18.798	0	325.476	0	0	
0	[SLPS]	0	486.945	-18.798	0	325.476	0	0	
0	[SLPS]	0	486.778	-18.561	0	325.443	0	0	
0	[SLPS]	0	486.614	-18.322	0	325.419	0	0	
0	[SLPS]	0	486.450	-18.083	0	325.399	0	0	
0	[SLPS]	0	486.304	-17.853	0	325.377	0	0	
0	[SLPS]	0	486.304	-17.853	0	325.377	0	0	
0	[SLPS]	0	485.980	-17.385	0	325.319	0	0	
0	[SLPS]	0	485.980	-17.385	0	325.319	0	0	
0	[SLPS]	0	485.821	-17.152	0	325.294	0	0	
0	[SLPS]	0	485.665	-16.925	0	325.270	0	0	
0	[SLPS]	0	485.665	-16.925	0	325.270	0	0	
0	[SLPS]	0	485.355	-16.474	0	325.214	0	0	
0	[SLPS]	0	485.355	-16.474	0	325.214	0	0	
0	[SLPS]	0	485.198	-16.247	0	325.196	0	0	
0	[SLPS]	0	485.060	-16.023	0	325.210	0	0	
0	[SLPS]	0	485.060	-16.023	0	325.210	0	0	
0	[SLPS]	0	484.760	-15.596	0	325.129	0	0	
0	[SLPS]	0	484.760	-15.596	0	325.129	0	0	
0	[SLPS]	0	484.609	-15.378	0	325.091	0	0	
0	[SLPS]	0	484.473	-15.154	0	325.084	0	0	
0	[SLPS]	0	484.322	-14.936	0	325.041	0	0	
0	[SLPS]	0	484.192	-14.701	0	325.037	0	0	
0	[SLPS]	0	484.192	-14.701	0	325.037	0	0	
0	[SLPS]	0	483.888	-14.249	0	325.004	0	0	
0	[SLPS]	0	483.888	-14.249	0	325.004	0	0	
0	[SLPS]	0	483.738	-14.030	0	324.984	0	0	
0	[SLPS]	0	483.583	-13.818	0	324.961	0	0	
0	[SLPS]	0	483.583	-13.818	0	324.961	0	0	
0	[SLPS]	0	483.277	-13.388	0	324.923	0	0	
0	[SLPS]	0	483.277	-13.388	0	324.923	0	0	
0	[SLPS]	0	483.118	-13.180	0	324.909	0	0	
0	[SLPS]	0	482.960	-12.973	0	324.890	0	0	
0	[SLPS]	0	482.960	-12.973	0	324.890	0	0	
0	[SLPS]	0	482.649	-12.554	0	324.860	0	0	
0	[SLPS]	0	482.649	-12.554	0	324.860	0	0	
0	[SLPS]	0	482.506	-12.344	0	324.853	0	0	
0	[SLPS]	0	482.350	-12.140	0	324.828	0	0	
0	[SLPS]	0	482.350	-12.140	0	324.828	0	0	
0	[SLPS]	0	482.046	-11.740	0	324.776	0	0	
0	[SLPS]	0	482.046	-11.740	0	324.776	0	0	
0	[SLPS]	0	481.903	-11.532	0	324.770	0	0	
0	[SLPS]	0	481.760	-11.328	0	324.761	0	0	
0	[SLPS]	0	481.608	-11.129	0	324.741	0	0	
0	[SLPS]	0	481.468	-10.916	0	324.735	0	0	
0	[SLPS]	0	481.468	-10.916	0	324.735	0	0	
0	[SLPS]	0	481.317	-10.715	0	324.714	0	0	
0	[SLPS]	0	481.171	-10.519	0	324.705	0	0	
0	[SLPS]	0	481.026	-10.318	0	324.707	0	0	
0	[SLPS]	0	480.883	-10.116	0	324.713	0	0	
0	[SLPS]	0	480.883	-10.116	0	324.713	0	0	
0	[SLPS]	0	480.598	-9.709	0	324.736	0	0	
0	[SLPS]	0	480.598	-9.709	0	324.736	0	0	
0	[SLPS]	0	480.456	-9.507	0	324.739	0	0	
0	[SLPS]	0	480.313	-9.299	0	324.742	0	0	
0	[SLPS]	0	480.313	-9.299	0	324.742	0	0	
0	[SLPS]	0	480.021	-8.879	0	324.744	0	0	
0	[SLPS]	0	480.021	-8.879	0	324.744	0	0	
0	[SLPS]	0	479.877	-8.674	0	324.740	0	0	
0	[SLPS]	0	479.732	-8.481	0	324.733	0	0	
0	[SLPS]	0	479.732	-8.481	0	324.733	0	0	
0	[SLPS]	0	479.440	-8.059	0	324.752	0	0	
0	[SLPS]	0	479.440	-8.059	0	324.752	0	0	
0	[SLPS]	0	479.295	-7.853	0	324.765	0	0	
0	[SLPS]	0	479.145	-7.653	0	324.763	0	0	
0	[SLPS]	0	479.145	-7.653	0	324.763	0	0	
0	[SLPS]	0	478.853	-7.244	0	324.780	0	0	
0	[SLPS]	0	478.853	-7.244	0	324.780	0	0	
0	[SLPS]	0	478.710	-7.026	0	324.805	0	0	
0	[SLPS]	0	478.556	-6.813	0	324.823	0	0	
0	[SLPS]	0	478.556	-6.813	0	324.823	0	0	
0	[SLPS]	0	478.260	-6.374	0	324.868	0	0	
0	[SLPS]	0	478.260	-6.374	0	324.868	0	0	
0	[SLPS]	0	478.104	-6.158	0	324.880	0	0	
0	[SLPS]	0	477.940	-5.936	0	324.891	0	0	
0	[SLPS]	0	477.940	-5.936	0	324.891	0	0	
0	[SLPS]	0	477.646	-5.502	0	324.930	0	0	
0	[SLPS]	0	477.646	-5.502	0	324.930	0	0	
0	[SLPS]	0	477.494	-5.281	0	324.941	0	0	
0	[SLPS]	0	477.331	-5.055	0	324.951	0	0	
0	[SLPS]	0	477.331	-5.055	0	324.951	0	0	
0	[SLPS]	0	477.015	-4.612	0	324.986	0	0	
0	[SLPS]	0	477.015	-4.612	0	324.986	0	0	
0	[SLPS]	0	476.855	-4.385	0	325.005	0	0	
0	[SLPS]	0	476.703	-4.158	0	325.028	0	0	
0	[SLPS]	0	476.703	-4.158	0	325.028	0	0	
0	[SLPS]	0	476.376	-3.698	0	325.047	0	0	
0	[SLPS]	0	476.376	-3.698	0	325.047	0	0	
0	[SLPS]	0	476.215	-3.466	0	325.060	0	0	
0	[SLPS]	0	476.052	-3.232	0	325.071	0	0	
0	[SLPS]	0	475.887	-2.999	0	325.086	0	0	
0	[SLPS]	0	475.718	-2.768	0	325.098	0	0	
0	[SLPS]	0	475.718	-2.768	0	325.098	0	0	
0	[SLPS]	0	475.410	-2.291	0	325.147	0	0	
0	[SLPS]	0	475.410	-2.291	0	325.147	0	0	
0	[SLPS]	0	475.232	-2.055	0	325.131	0	0	
0	[SLPS]	0	475.066	-1.814	0	325.137	0	0	
0	[SLPS]	0	475.066	-1.814	0	325.137	0	0	
0	[SLPS]	0	474.733	-1.336	0	325.148	0	0	
0	[SLPS]	0	474.733	-1.336	0	325.148	0	0	
0	[SLPS]	0	474.566	-1.093	0	325.157	0	0	
0	[SLPS]	0	474.400	-0.846	0	325.167	0	0	
0	[SLPS]	0	474.400	-0.846	0	325.167	0	0	
0	[SLPS]	0	474.054	-0.357	0	325.171	0	0	
0	[SLPS]	0	474.054	-0.357	0	325.171	0	0	
0	[SLPS]	0	473.887	-0.113	0	325.181	0	0	
0	[SLPS]	0	473.719	0.137	0	325.190	0	0	
0	[SLPS]	0	473.719	0.137	0	325.190	0	0	
0	[SLPS]	0	473.377	0.647	0	325.208	0	0	
0	[SLPS]	0	473.377	0.647	0	325.208	0	0	
0	[SLPS]	0	473.194	0.889	0	325.191	0	0	
0	[SLPS]	0	473.017	1.140	0	325.192	0	0	
0	[SLPS]	0	473.017	1.140	0	325.192	0	0	
0	[SLPS]	0	472.667	1.650	0	325.203	0	0	
0	[SLPS]	0	472.667	1.650	0	325.203	0	0	
0	[SLPS]	0	472.484	1.904	0	325.206	0	0	
0	[SLPS]	0	472.295	2.153	0	325.197	0	0	
0	[SLPS]	0	472.128	2.412	0	325.216	0	0	
0	[SLPS]	0	471.948	2.672	0	325.222	0	0	
0	[SLPS]	0	471.948	2.672	0	325.222	0	0	
0	[SLPS]	0	471.775	2.937	0	325.241	0	0	
0	[SLPS]	0	471.608	3.195	0	325.247	0	0	
0	[SLPS]	0	471.428	3.455	0	325.242	0	0	
0	[SLPS]	0	471.255	3.702	0	325.237	0	0	
0	[SLPS]	0	471.255	3.702	0	325.237	0	0	
0	[SLPS]	0	470.892	4.216	0	325.219	0	0	
0	[SLPS]	0	470.892	4.216	0	325.219	0	0	
0	[SLPS]	0	470.716	4.471	0	325.219	0	0	
0	[SLPS]	0	470.540	4.714	0	325.220	0	0	
0	[SLPS]	0	470.540	4.714	0	325.220	0	0	
0	[SLPS]	0	470.184	5.220	0	325.220	0	0	
0	[SLPS]	0	470.184	5.220	0	325.220	0	0	
0	[SLPS]	0	470.008	5.473	0	325.218	0	0	
0	[SLPS]	0	469.831	5.710	0	325.204	0	0	
0	[SLPS]	0	469.831	5.710	0	325.204	0	0	
0	[SLPS]	0	469.475	6.210	0	325.181	0	0	
0	[SLPS]	0	469.475	6.210	0	325.181	0	0	
0	[SLPS]	0	469.299	6.459	0	325.175	0	0	
0	[SLPS]	0	469.132	6.720	0	325.179	0	0	
0	[SLPS]	0	469.132	6.720	0	325.179	0	0	
0	[SLPS]	0	468.783	7.217	0	325.163	0	0	
0	[SLPS]	0	468.783	7.217	0	325.163	0	0	
0	[SLPS]	0	468.619	7.470	0	325.159	0	0	
0	[SLPS]	0	468.452	7.724	0	325.158	0	0	
0	[SLPS]	0	468.452	7.724	0	325.158	0	0	
0	[SLPS]	0	468.110	8.229	0	325.156	0	0	
0	[SLPS]	0	468.110	8.229	0	325.156	0	0	
0	[SLPS]	0	467.940	8.479	0	325.153	0	0	
0	[SLPS]	0	467.768	8.722	0	325.144	0	0	
0	[SLPS]	0	467.597	8.970	0	325.137	0	0	
0	[SLPS]	0	467.420	9.218	0	325.129	0	0	
0	[SLPS]	0	467.420	9.218	0	325.129	0	0	
0	[SLPS]	0	467.074	9.704	0	325.134	0	0	
0	[SLPS]	0	467.074	9.704	0	325.134	0	0	
0	[SLPS]	0	466.901	9.952	0	325.131	0	0	
0	[SLPS]	0	466.730	10.198	0	325.128	0	0	
0	[SLPS]	0	466.730	10.198	0	325.128	0	0	
0	[SLPS]	0	466.388	10.670	0	325.107	0	0	
0	[SLPS]	0	466.388	10.670	0	325.107	0	0	
0	[SLPS]	0	466.210	10.908	0	325.086	0	0	
0	[SLPS]	0	466.046	11.150	0	325.092	0	0	
0	[SLPS]	0	466.046	11.150	0	325.092	0	0	
0	[SLPS]	0	465.719	11.616	0	325.088	0	0	
0	[SLPS]	0	465.719	11.616	0	325.088	0	0	
0	[SLPS]	0	465.547	11.848	0	325.075	0	0	
0	[SLPS]	0	465.398	12.094	0	325.088	0	0	
0	[SLPS]	0	465.398	12.094	0	325.088	0	0	
0	[SLPS]	0	465.059	12.556	0	325.063	0	0	
0	[SLPS]	0	465.059	12.556	0	325.063	0	0	
0	[SLPS]	0	464.903	12.786	0	325.061	0	0	
0	[SLPS]	0	464.753	13.024	0	325.079	0	0	
0	[SLPS]	0	464.753	13.024	0	325.079	0	0	
0	[SLPS]	0	464.415	13.475	0	325.069	0	0	
0	[SLPS]	0	464.415	13.475	0	325.069	0	0	
0	[SLPS]	0	464.260	13.699	0	325.070	0	0	
0	[SLPS]	0	464.109	13.937	0	325.091	0	0	
0	[SLPS]	0	464.109	13.937	0	325.091	0	0	
0	[SLPS]	0	463.790	14.382	0	325.134	0	0	
0	[SLPS]	0	463.790	14.382	0	325.134	0	0	
0	[SLPS]	0	463.648	14.613	0	325.188	0	0	
0	[SLPS]	0	463.494	14.836	0	325.231	0	0	
0	[SLPS]	0	463.494	14.836	0	325.231	0	0	
0	[SLPS]	0	463.208	15.288	0	325.372	0	0	
0	[SLPS]	0	463.208	15.288	0	325.372	0	0	
0	[SLPS]	0	463.059	15.510	0	325.457	0	0	
0	[SLPS]	0	462.920	15.736	0	325.541	0	0	
0	[SLPS]	0	462.920	15.736	0	325.541	0	0	
0	[SLPS]	0	462.636	16.173	0	325.756	0	0	
0	[SLPS]	0	462.636	16.173	0	325.756	0	0	
0	[SLPS]	0	462.494	16.390	0	325.894	0	0	
0	[SLPS]	0	462.354	16.607	0	326.042	0	0	
0	[SLPS]	0	462.354	16.607	0	326.042	0	0	
0	[SLPS]	0	462.056	17.033	0	326.345	0	0	
0	[SLPS]	0	462.056	17.033	0	326.345	0	0	
0	[SLPS]	0	461.914	17.246	0	326.502	0	0	
0	[SLPS]	0	461.777	17.464	0	326.667	0	0	
0	[SLPS]	0	461.777	17.464	0	326.667	0	0	
0	[SLPS]	0	461.490	17.875	0	327.040	0	0	
0	[SLPS]	0	461.490	17.875	0	327.040	0	0	
0	[SLPS]	0	461.355	18.084	0	327.258	0	0	
0	[SLPS]	0	461.234	18.298	0	327.495	0	0	
0	[SLPS]	0	461.104	18.507	0	327.745	0	0	
0	[SLPS]	0	460.964	18.697	0	328.010	0	0	
0	[SLPS]	0	460.964	18.697	0	328.010	0	0	
0	[SLPS]	0	460.716	19.114	0	328.591	0	0	
0	[SLPS]	0	460.716	19.114	0	328.591	0	0	
0	[SLPS]	0	460.592	19.319	0	328.911	0	0	
0	[SLPS]	0	460.480	19.519	0	329.255	0	0	
0	[SLPS]	0	460.480	19.519	0	329.255	0	0	
0	[SLPS]	0	460.257	19.930	0	330.001	0	0	
0	[SLPS]	0	460.257	19.930	0	330.001	0	0	
0	[SLPS]	0	460.144	20.134	0	330.404	0	0	
0	[SLPS]	0	460.033	20.345	0	330.825	0	0	
0	[SLPS]	0	460.033	20.345	0	330.825	0	0	
0	[SLPS]	0	459.825	20.756	0	331.721	0	0	
0	[SLPS]	0	459.825	20.756	0	331.721	0	0	
0	[SLPS]	0	459.723	20.968	0	332.188	0	0	
0	[SLPS]	0	459.623	21.177	0	332.675	0	0	
0	[SLPS]	0	459.623	21.177	0	332.675	0	0	
0	[SLPS]	0	459.427	21.588	0	333.714	0	0	
0	[SLPS]	0	459.427	21.588	0	333.714	0	0	
0	[SLPS]	0	459.336	21.800	0	334.270	0	0	
0	[SLPS]	0	459.246	22.007	0	334.851	0	0	
0	[SLPS]	0	459.246	22.007	0	334.851	0	0	
0	[SLPS]	0	459.071	22.416	0	336.070	0	0	
0	[SLPS]	0	459.071	22.416	0	336.070	0	0	
0	[SLPS]	0	458.987	22.622	0	336.709	0	0	
0	[SLPS]	0	458.912	22.835	0	337.354	0	0	
0	[SLPS]	0	458.912	22.835	0	337.354	0	0	
0	[SLPS]	0	458.763	23.255	0	338.698	0	0	
0	[SLPS]	0	458.763	23.255	0	338.698	0	0	
0	[SLPS]	0	458.691	23.464	0	339.376	0	0	
0	[SLPS]	0	458.627	23.679	0	340.064	0	0	
0	[SLPS]	0	458.627	23.679	0	340.064	0	0	
0	[SLPS]	0	458.504	24.103	0	341.475	0	0	
0	[SLPS]	0	458.504	24.103	0	341.475	0	0	
0	[SLPS]	0	458.445	24.315	0	342.190	0	0	
0	[SLPS]	0	458.389	24.525	0	342.924	0	0	
0	[SLPS]	0	458.340	24.737	0	343.670	0	0	
0	[SLPS]	0	458.294	24.948	0	344.427	0	0	
0	[SLPS]	0	458.294	24.948	0	344.427	0	0	
0	[SLPS]	0	458.246	25.158	0	345.200	0	0	
0	[SLPS]	0	458.203	25.368	0	345.986	0	0	
0	[SLPS]	0	458.203	25.368	0	345.986	0	0	
0	[SLPS]	0	458.121	25.790	0	347.607	0	0	
0	[SLPS]	0	458.121	25.790	0	347.607	0	0	
0	[SLPS]	0	458.086	25.998	0	348.434	0	0	
0	[SLPS]	0	458.056	26.207	0	349.280	0	0	
0	[SLPS]	0	458.056	26.207	0	349.280	0	0	
0	[SLPS]	0	457.997	26.631	0	351.034	0	0	
0	[SLPS]	0	457.997	26.631	0	351.034	0	0	
0	[SLPS]	0	457.974	26.841	0	351.920	0	0	
0	[SLPS]	0	457.961	27.045	0	352.815	0	0	
0	[SLPS]	0	457.947	27.259	0	353.720	0	0	
0	[SLPS]	0	457.936	27.468	0	354.635	0	0	
0	[SLPS]	0	457.936	27.468	0	354.635	0	0	
0	[SLPS]	0	457.927	27.678	0	355.565	0	0	
0	[SLPS]	0	457.925	27.894	0	356.512	0	0	
0	[SLPS]	0	457.925	27.894	0	356.512	0	0	
0	[SLPS]	0	457.927	28.319	0	358.468	0	0	
0	[SLPS]	0	457.927	28.319	0	358.468	0	0	
0	[SLPS]	0	457.939	28.531	0	359.463	0	0	
0	[SLPS]	0	457.950	28.740	0	0.465	0	0	
0	[SLPS]	0	457.968	28.952	0	1.475	0	0	
0	[SLPS]	0	457.991	29.157	0	2.494	0	0	
0	[SLPS]	0	457.991	29.157	0	2.494	0	0	
0	[SLPS]	0	458.021	29.363	0	3.521	0	0	
0	[SLPS]	0	458.051	29.569	0	4.552	0	0	
0	[SLPS]	0	458.084	29.777	0	5.586	0	0	
0	[SLPS]	0	458.118	29.982	0	6.622	0	0	
0	[SLPS]	0	458.118	29.982	0	6.622	0	0	
0	[SLPS]	0	458.154	30.185	0	7.658	0	0	
0	[SLPS]	0	458.195	30.384	0	8.693	0	0	
0	[SLPS]	0	458.242	30.587	0	9.721	0	0	
0	[SLPS]	0	458.294	30.786	0	10.740	0	0	
0	[SLPS]	0	458.294	30.786	0	10.740	0	0	
0	[SLPS]	0	458.398	31.174	0	12.749	0	0	
0	[SLPS]	0	458.398	31.174	0	12.749	0	0	
0	[SLPS]	0	458.461	31.367	0	13.739	0	0	
0	[SLPS]	0	458.528	31.561	0	14.719	0	0	
0	[SLPS]	0	458.528	31.561	0	14.719	0	0	
0	[SLPS]	0	458.661	31.938	0	16.635	0	0	
0	[SLPS]	0	458.661	31.938	0	16.635	0	0	
0	[SLPS]	0	458.728	32.132	0	17.566	0	0	
0	[SLPS]	0	458.798	32.319	0	18.476	0	0	
0	[SLPS]	0	458.798	32.319	0	18.476	0	0	
0	[SLPS]	0	458.948	32.688	0	20.238	0	0	
0	[SLPS]	0	458.948	32.688	0	20.238	0	0	
0	[SLPS]	0	459.030	32.875	0	21.092	0	0	
0	[SLPS]	0	459.113	33.062	0	21.933	0	0	
0	[SLPS]	0	459.113	33.062	0	21.933	0	0	
0	[SLPS]	0	459.291	33.423	0	23.596	0	0	
0	[SLPS]	0	459.291	33.423	0	23.596	0	0	
0	[SLPS]	0	459.387	33.602	0	24.425	0	0	
0	[SLPS]	0	459.480	33.782	0	25.279	0	0	
0	[SLPS]	0	459.480	33.782	0	25.279	0	0	
0	[SLPS]	0	459.673	34.127	0	26.943	0	0	
0	[SLPS]	0	459.673	34.127	0	26.943	0	0	
0	[SLPS]	0	459.773	34.300	0	27.765	0	0	
0	[SLPS]	0	459.875	34.469	0	28.579	0	0	
0	[SLPS]	0	459.875	34.469	0	28.579	0	0	
0	[SLPS]	0	460.091	34.802	0	30.212	0	0	
0	[SLPS]	0	460.091	34.802	0	30.212	0	0	
0	[SLPS]	0	460.201	34.968	0	31.022	0	0	
0	[SLPS]	0	460.313	35.136	0	31.810	0	0	
0	[SLPS]	0	460.313	35.136	0	31.810	0	0	
0	[SLPS]	0	460.544	35.462	0	33.345	0	0	
0	[SLPS]	0	460.544	35.462	0	33.345	0	0	
0	[SLPS]	0	460.661	35.622	0	34.109	0	0	
0	[SLPS]	0	460.778	35.783	0	34.860	0	0	
0	[SLPS]	0	460.900	35.941	0	35.588	0	0	
0	[SLPS]	0	461.021	36.103	0	36.309	0	0	
0	[SLPS]	0	461.021	36.103	0	36.309	0	0	
0	[SLPS]	0	461.152	36.263	0	37.014	0	0	
0	[SLPS]	0	461.277	36.411	0	37.702	0	0	
0	[SLPS]	0	461.404	36.568	0	38.375	0	0	
0	[SLPS]	0	461.537	36.721	0	39.036	0	0	
0	[SLPS]	0	461.537	36.721	0	39.036	0	0	
0	[SLPS]	0	461.808	37.015	0	40.362	0	0	
0	[SLPS]	0	461.808	37.015	0	40.362	0	0	
0	[SLPS]	0	461.945	37.164	0	41.015	0	0	
0	[SLPS]	0	462.084	37.308	0	41.652	0	0	
0	[SLPS]	0	462.084	37.308	0	41.652	0	0	
0	[SLPS]	0	462.372	37.600	0	42.893	0	0	
0	[SLPS]	0	462.372	37.600	0	42.893	0	0	
0	[SLPS]	0	462.517	37.744	0	43.519	0	0	
0	[SLPS]	0	462.666	37.882	0	44.140	0	0	
0	[SLPS]	0	462.666	37.882	0	44.140	0	0	
0	[SLPS]	0	462.968	38.165	0	45.336	0	0	
0	[SLPS]	0	462.968	38.165	0	45.336	0	0	
0	[SLPS]	0	463.121	38.304	0	45.916	0	0	
0	[SLPS]	0	463.269	38.440	0	46.475	0	0	
0	[SLPS]	0	463.425	38.579	0	47.018	0	0	
0	[SLPS]	0	463.587	38.717	0	47.571	0	0	
0	[SLPS]	0	463.587	38.717	0	47.571	0	0	
0	[SLPS]	0	463.902	38.986	0	48.683	0	0	
0	[SLPS]	0	463.902	38.986	0	48.683	0	0	
0	[SLPS]	0	464.069	39.119	0	49.219	0	0	
0	[SLPS]	0	464.237	39.251	0	49.747	0	0	
0	[SLPS]	0	464.237	39.251	0	49.747	0	0	
0	[SLPS]	0	464.563	39.514	0	50.764	0	0	
0	[SLPS]	0	464.563	39.514	0	50.764	0	0	
0	[SLPS]	0	464.739	39.640	0	51.264	0	0	
0	[SLPS]	0	464.911	39.767	0	51.764	0	0	
0	[SLPS]	0	464.911	39.767	0	51.764	0	0	
0	[SLPS]	0	465.244	40.016	0	52.743	0	0	
0	[SLPS]	0	465.244	40.016	0	52.743	0	0	
0	[SLPS]	0	465.415	40.142	0	53.174	0	0	
0	[SLPS]	0	465.587	40.267	0	53.540	0	0	
0	[SLPS]	0	465.587	40.267	0	53.540	0	0	
0	[SLPS]	0	465.947	40.501	0	54.168	0	0	
0	[SLPS]	0	465.947	40.501	0	54.168	0	0	
0	[SLPS]	0	466.129	40.619	0	54.445	0	0	
0	[SLPS]	0	466.312	40.741	0	54.703	0	0	
0	[SLPS]	0	466.312	40.741	0	54.703	0	0	
0	[SLPS]	0	466.673	40.991	0	55.166	0	0	
0	[SLPS]	0	466.673	40.991	0	55.166	0	0	
0	[SLPS]	0	466.855	41.115	0	55.385	0	0	
0	[SLPS]	0	467.039	41.241	0	55.595	0	0	
0	[SLPS]	0	467.039	41.241	0	55.595	0	0	
0	[SLPS]	0	467.224	41.363	0	55.793	0	0	
0	[SLPS]	0	467.400	41.491	0	55.978	0	0	
0	[SLPS]	0	467.400	41.491	0	55.978	0	0	
0	[SLPS]	0	467.776	41.741	0	56.267	0	0	
0	[SLPS]	0	467.776	41.741	0	56.267	0	0	
0	[SLPS]	0	467.964	41.860	0	56.387	0	0	
0	[SLPS]	0	468.153	41.983	0	56.520	0	0	
0	[SLPS]	0	468.345	42.109	0	56.669	0	0	
0	[SLPS]	0	468.537	42.230	0	56.820	0	0	
0	[SLPS]	0	468.537	42.230	0	56.820	0	0	
0	[SLPS]	0	468.929	42.469	0	57.110	0	0	
0	[SLPS]	0	468.929	42.469	0	57.110	0	0	
0	[SLPS]	0	469.121	42.600	0	57.252	0	0	
0	[SLPS]	0	469.320	42.722	0	57.385	0	0	
0	[SLPS]	0	469.320	42.722	0	57.385	0	0	
0	[SLPS]	0	469.711	42.972	0	57.649	0	0	
0	[SLPS]	0	469.711	42.972	0	57.649	0	0	
0	[SLPS]	0	469.914	43.101	0	57.782	0	0	
0	[SLPS]	0	470.117	43.224	0	57.899	0	0	
0	[SLPS]	0	470.117	43.224	0	57.899	0	0	
0	[SLPS]	0	470.522	43.476	0	58.078	0	0	
0	[SLPS]	0	470.522	43.476	0	58.078	0	0	
0	[SLPS]	0	470.727	43.600	0	58.154	0	0	
0	[SLPS]	0	470.936	43.727	0	58.237	0	0	
0	[SLPS]	0	470.936	43.727	0	58.237	0	0	
0	[SLPS]	0	471.354	43.988	0	58.424	0	0	
0	[SLPS]	0	471.354	43.988	0	58.424	0	0	
0	[SLPS]	0	471.562	44.111	0	58.513	0	0	
0	[SLPS]	0	471.781	44.246	0	58.592	0	0	
0	[SLPS]	0	471.781	44.246	0	58.592	0	0	
0	[SLPS]	0	472.214	44.503	0	58.727	0	0	
0	[SLPS]	0	472.214	44.503	0	58.727	0	0	
0	[SLPS]	0	472.427	44.630	0	58.797	0	0	
0	[SLPS]	0	472.645	44.763	0	58.862	0	0	
0	[SLPS]	0	472.864	44.891	0	58.926	0	0	
0	[SLPS]	0	473.082	45.020	0	58.986	0	0	
0	[SLPS]	0	473.082	45.020	0	58.986	0	0	
0	[SLPS]	0	473.530	45.295	0	59.089	0	0	
0	[SLPS]	0	473.530	45.295	0	59.089	0	0	
0	[SLPS]	0	473.754	45.429	0	59.140	0	0	
0	[SLPS]	0	473.976	45.562	0	59.200	0	0	
0	[SLPS]	0	473.976	45.562	0	59.200	0	0	
0	[SLPS]	0	474.437	45.836	0	59.310	0	0	
0	[SLPS]	0	474.437	45.836	0	59.310	0	0	
0	[SLPS]	0	474.667	45.972	0	59.362	0	0	
0	[SLPS]	0	474.901	46.102	0	59.415	0	0	
0	[SLPS]	0	474.901	46.102	0	59.415	0	0	
0	[SLPS]	0	475.369	46.375	0	59.522	0	0	
0	[SLPS]	0	475.369	46.375	0	59.522	0	0	
0	[SLPS]	0	475.606	46.513	0	59.570	0	0	
0	[SLPS]	0	475.841	46.655	0	59.600	0	0	
0	[SLPS]	0	475.841	46.655	0	59.600	0	0	
0	[SLPS]	0	476.333	46.931	0	59.725	0	0	
0	[SLPS]	0	476.333	46.931	0	59.725	0	0	
0	[SLPS]	0	476.814	47.214	0	59.803	0	0	
0	[SLPS]	0	476.814	47.214	0	59.803	0	0	
0	[SLPS]	0	477.059	47.366	0	59.809	0	0	
0	[SLPS]	0	477.312	47.498	0	59.868	0	0	
0	[SLPS]	0	477.312	47.498	0	59.868	0	0	
0	[SLPS]	0	477.807	47.783	0	59.966	0	0	
0	[SLPS]	0	477.807	47.783	0	59.966	0	0	
0	[SLPS]	0	478.054	47.928	0	60.000	0	0	
0	[SLPS]	0	478.315	48.074	0	60.028	0	0	
0	[SLPS]	0	478.315	48.074	0	60.028	0	0	
0	[SLPS]	0	478.838	48.370	0	60.099	0	0	
0	[SLPS]	0	478.838	48.370	0	60.099	0	0	
0	[SLPS]	0	479.096	48.518	0	60.144	0	0	
0	[SLPS]	0	479.360	48.668	0	60.187	0	0	
0	[SLPS]	0	479.360	48.668	0	60.187	0	0	
0	[SLPS]	0	479.895	48.968	0	60.271	0	0	
0	[SLPS]	0	479.895	48.968	0	60.271	0	0	
0	[SLPS]	0	480.155	49.125	0	60.292	0	0	
0	[SLPS]	0	480.429	49.274	0	60.339	0	0	
0	[SLPS]	0	480.429	49.274	0	60.339	0	0	
0	[SLPS]	0	480.963	49.581	0	60.421	0	0	
0	[SLPS]	0	480.963	49.581	0	60.421	0	0	
0	[SLPS]	0	481.243	49.738	0	60.473	0	0	
0	[SLPS]	0	481.515	49.900	0	60.496	0	0	
0	[SLPS]	0	481.515	49.900	0	60.496	0	0	
0	[SLPS]	0	482.071	50.212	0	60.589	0	0	
0	[SLPS]	0	482.071	50.212	0	60.589	0	0	
0	[SLPS]	0	482.349	50.372	0	60.622	0	0	
0	[SLPS]	0	482.626	50.527	0	60.670	0	0	
0	[SLPS]	0	482.626	50.527	0	60.670	0	0	
0	[SLPS]	0	483.193	50.841	0	60.751	0	0	
0	[SLPS]	0	483.193	50.841	0	60.751	0	0	
0	[SLPS]	0	483.473	51.005	0	60.775	0	0	
0	[SLPS]	0	483.770	51.173	0	60.821	0	0	
0	[SLPS]	0	483.770	51.173	0	60.821	0	0	
0	[SLPS]	0	484.337	51.492	0	60.874	0	0	
0	[SLPS]	0	484.337	51.492	0	60.874	0	0	
0	[SLPS]	0	484.632	51.651	0	60.885	0	0	
0	[SLPS]	0	484.928	51.823	0	60.855	0	0	
0	[SLPS]	0	484.928	51.823	0	60.855	0	0	
0	[SLPS]	0	485.520	52.155	0	60.775	0	0	
0	[SLPS]	0	485.520	52.155	0	60.775	0	0	
0	[SLPS]	0	485.819	52.318	0	60.739	0	0	
0	[SLPS]	0	486.138	52.482	0	60.687	0	0	
0	[SLPS]	0	486.440	52.651	0	60.632	0	0	
0	[SLPS]	0	486.736	52.821	0	60.564	0	0	
0	[SLPS]	0	486.736	52.821	0	60.564	0	0	
0	[SLPS]	0	487.327	53.186	0	60.438	0	0	
0	[SLPS]	0	487.327	53.186	0	60.438	0	0	
0	[SLPS]	0	487.636	53.356	0	60.381	0	0	
0	[SLPS]	0	487.934	53.520	0	60.318	0	0	
0	[SLPS]	0	487.934	53.520	0	60.318	0	0	
0	[SLPS]	0	488.548	53.863	0	60.176	0	0	
0	[SLPS]	0	488.548	53.863	0	60.176	0	0	
0	[SLPS]	0	488.850	54.040	0	60.093	0	0	
0	[SLPS]	0	489.151	54.219	0	60.002	0	0	
0	[SLPS]	0	489.151	54.219	0	60.002	0	0	
0	[SLPS]	0	489.771	54.589	0	59.810	0	0	
0	[SLPS]	0	489.771	54.589	0	59.810	0	0	
0	[SLPS]	0	490.086	54.775	0	59.714	0	0	
0	[SLPS]	0	490.391	54.956	0	59.623	0	0	
0	[SLPS]	0	490.391	54.956	0	59.623	0	0	
0	[SLPS]	0	491.007	55.328	0	59.437	0	0	
0	[SLPS]	0	491.007	55.328	0	59.437	0	0	
0	[SLPS]	0	491.612	55.699	0	59.244	0	0	
0	[SLPS]	0	491.612	55.699	0	59.244	0	0	
0	[SLPS]	0	491.925	55.884	0	59.149	0	0	
0	[SLPS]	0	492.230	56.069	0	59.054	0	0	
0	[SLPS]	0	492.230	56.069	0	59.054	0	0	
0	[SLPS]	0	492.837	56.445	0	58.859	0	0	
0	[SLPS]	0	492.837	56.445	0	58.859	0	0	
0	[SLPS]	0	493.146	56.637	0	58.763	0	0	
0	[SLPS]	0	493.456	56.829	0	58.663	0	0	
0	[SLPS]	0	493.456	56.829	0	58.663	0	0	
0	[SLPS]	0	494.074	57.204	0	58.465	0	0	
0	[SLPS]	0	494.074	57.204	0	58.465	0	0	
0	[SLPS]	0	494.374	57.400	0	58.363	0	0	
0	[SLPS]	0	494.690	57.592	0	58.255	0	0	
0	[SLPS]	0	494.690	57.592	0	58.255	0	0	
0	[SLPS]	0	495.296	57.992	0	58.033	0	0	
0	[SLPS]	0	495.296	57.992	0	58.033	0	0	
0	[SLPS]	0	495.602	58.204	0	57.918	0	0	
0	[SLPS]	0	495.911	58.404	0	57.802	0	0	
0	[SLPS]	0	495.911	58.404	0	57.802	0	0	
0	[SLPS]	0	496.528	58.796	0	57.571	0	0	
0	[SLPS]	0	496.528	58.796	0	57.571	0	0	
0	[SLPS]	0	496.844	58.993	0	57.457	0	0	
0	[SLPS]	0	497.154	59.193	0	57.343	0	0	
0	[SLPS]	0	497.154	59.193	0	57.343	0	0	
0	[SLPS]	0	497.783	59.588	0	57.109	0	0	
0	[SLPS]	0	497.783	59.588	0	57.109	0	0	
0	[SLPS]	0	498.095	59.788	0	56.991	0	0	
0	[SLPS]	0	498.405	59.997	0	56.874	0	0	
0	[SLPS]	0	498.717	60.203	0	56.757	0	0	
0	[SLPS]	0	499.025	60.418	0	56.639	0	0	
0	[SLPS]	0	499.025	60.418	0	56.639	0	0	
0	[SLPS]	0	499.642	60.840	0	56.403	0	0	
0	[SLPS]	0	499.642	60.840	0	56.403	0	0	
0	[SLPS]	0	499.954	61.049	0	56.286	0	0	
0	[SLPS]	0	500.266	61.266	0	56.171	0	0	
0	[SLPS]	0	500.266	61.266	0	56.171	0	0	
0	[SLPS]	0	500.887	61.688	0	55.951	0	0	
0	[SLPS]	0	500.887	61.688	0	55.951	0	0	
0	[SLPS]	0	501.203	61.908	0	55.849	0	0	
0	[SLPS]	0	501.517	62.124	0	55.757	0	0	
0	[SLPS]	0	501.517	62.124	0	55.757	0	0	
0	[SLPS]	0	502.142	62.557	0	55.592	0	0	
0	[SLPS]	0	502.142	62.557	0	55.592	0	0	
0	[SLPS]	0	502.455	62.775	0	55.523	0	0	
0	[SLPS]	0	502.775	62.989	0	55.468	0	0	
0	[SLPS]	0	502.775	62.989	0	55.468	0	0	
0	[SLPS]	0	503.405	63.430	0	55.378	0	0	
0	[SLPS]	0	503.405	63.430	0	55.378	0	0	
0	[SLPS]	0	503.724	63.655	0	55.322	0	0	
0	[SLPS]	0	504.043	63.871	0	55.291	0	0	
0	[SLPS]	0	504.043	63.871	0	55.291	0	0	
0	[SLPS]	0	504.673	64.319	0	55.181	0	0	
0	[SLPS]	0	504.673	64.319	0	55.181	0	0	
0	[SLPS]	0	504.995	64.538	0	55.170	0	0	
0	[SLPS]	0	505.308	64.760	0	55.142	0	0	
0	[SLPS]	0	505.628	64.988	0	55.131	0	0	
0	[SLPS]	0	505.948	65.216	0	55.140	0	0	
0	[SLPS]	0	505.948	65.216	0	55.140	0	0	
0	[SLPS]	0	506.269	65.434	0	55.176	0	0	
0	[SLPS]	0	506.589	65.662	0	55.195	0	0	
0	[SLPS]	0	506.914	65.886	0	55.240	0	0	
0	[SLPS]	0	507.240	66.112	0	55.290	0	0	
0	[SLPS]	0	507.240	66.112	0	55.290	0	0	
0	[SLPS]	0	507.885	66.565	0	55.426	0	0	
0	[SLPS]	0	507.885	66.565	0	55.426	0	0	
0	[SLPS]	0	508.214	66.788	0	55.503	0	0	
0	[SLPS]	0	508.547	67.010	0	55.587	0	0	
0	[SLPS]	0	508.547	67.010	0	55.587	0	0	
0	[SLPS]	0	509.200	67.452	0	55.775	0	0	
0	[SLPS]	0	509.200	67.452	0	55.775	0	0	
0	[SLPS]	0	509.530	67.671	0	55.869	0	0	
0	[SLPS]	0	509.867	67.892	0	55.955	0	0	
0	[SLPS]	0	509.867	67.892	0	55.955	0	0	
0	[SLPS]	0	510.526	68.334	0	56.118	0	0	
0	[SLPS]	0	510.526	68.334	0	56.118	0	0	
0	[SLPS]	0	510.860	68.557	0	56.197	0	0	
0	[SLPS]	0	511.196	68.779	0	56.268	0	0	
0	[SLPS]	0	511.196	68.779	0	56.268	0	0	
0	[SLPS]	0	511.862	69.223	0	56.388	0	0	
0	[SLPS]	0	511.862	69.223	0	56.388	0	0	
0	[SLPS]	0	512.202	69.445	0	56.439	0	0	
0	[SLPS]	0	512.545	69.668	0	56.501	0	0	
0	[SLPS]	0	512.545	69.668	0	56.501	0	0	
0	[SLPS]	0	513.225	70.114	0	56.614	0	0	
0	[SLPS]	0	513.225	70.114	0	56.614	0	0	
0	[SLPS]	0	513.563	70.339	0	56.662	0	0	
0	[SLPS]	0	513.905	70.562	0	56.719	0	0	
0	[SLPS]	0	514.246	70.781	0	56.773	0	0	
0	[SLPS]	0	514.591	71.004	0	56.835	0	0	
0	[SLPS]	0	514.591	71.004	0	56.835	0	0	
0	[SLPS]	0	515.267	71.450	0	56.944	0	0	
0	[SLPS]	0	515.267	71.450	0	56.944	0	0	
0	[SLPS]	0	515.267	71.450	0	56.944	0	0	
0	[SLPS]	0	515.957	71.891	0	57.051	0	0	
0	[SLPS]	0	515.957	71.891	0	57.051	0	0	
0	[SLPS]	0	516.303	72.110	0	57.107	0	0	
0	[SLPS]	0	516.649	72.338	0	57.158	0	0	
0	[SLPS]	0	516.991	72.562	0	57.213	0	0	
0	[SLPS]	0	517.338	72.785	0	57.263	0	0	
0	[SLPS]	0	517.338	72.785	0	57.263	0	0	
0	[SLPS]	0	517.686	73.010	0	57.307	0	0	
0	[SLPS]	0	518.034	73.232	0	57.360	0	0	
0	[SLPS]	0	518.384	73.458	0	57.403	0	0	
0	[SLPS]	0	518.730	73.686	0	57.435	0	0	
0	[SLPS]	0	518.730	73.686	0	57.435	0	0	
0	[SLPS]	0	519.442	74.133	0	57.525	0	0	
0	[SLPS]	0	519.442	74.133	0	57.525	0	0	
0	[SLPS]	0	519.791	74.357	0	57.547	0	0	
0	[SLPS]	0	520.147	74.578	0	57.590	0	0	
0	[SLPS]	0	520.147	74.578	0	57.590	0	0	
0	[SLPS]	0	520.844	75.039	0	57.591	0	0	
0	[SLPS]	0	520.844	75.039	0	57.591	0	0	
0	[SLPS]	0	521.191	75.262	0	57.620	0	0	
0	[SLPS]	0	521.545	75.488	0	57.650	0	0	
0	[SLPS]	0	521.545	75.488	0	57.650	0	0	
0	[SLPS]	0	522.259	75.942	0	57.711	0	0	
0	[SLPS]	0	522.259	75.942	0	57.711	0	0	
0	[SLPS]	0	522.614	76.169	0	57.736	0	0	
0	[SLPS]	0	522.963	76.397	0	57.744	0	0	
0	[SLPS]	0	522.963	76.397	0	57.744	0	0	
0	[SLPS]	0	523.682	76.854	0	57.796	0	0	
0	[SLPS]	0	523.682	76.854	0	57.796	0	0	
0	[SLPS]	0	524.039	77.082	0	57.820	0	0	
0	[SLPS]	0	524.395	77.301	0	57.849	0	0	
0	[SLPS]	0	524.395	77.301	0	57.849	0	0	
0	[SLPS]	0	525.118	77.758	0	57.894	0	0	
0	[SLPS]	0	525.118	77.758	0	57.894	0	0	
0	[SLPS]	0	525.478	77.986	0	57.923	0	0	
0	[SLPS]	0	525.846	78.210	0	57.960	0	0	
0	[SLPS]	0	525.846	78.210	0	57.960	0	0	
0	[SLPS]	0	526.573	78.667	0	58.013	0	0	
0	[SLPS]	0	526.573	78.667	0	58.013	0	0	
0	[SLPS]	0	526.940	78.888	0	58.066	0	0	
0	[SLPS]	0	527.306	79.117	0	58.099	0	0	
0	[SLPS]	0	527.306	79.117	0	58.099	0	0	
0	[SLPS]	0	528.044	79.566	0	58.173	0	0	
0	[SLPS]	0	528.044	79.566	0	58.173	0	0	
0	[SLPS]	0	528.778	80.018	0	58.263	0	0	
0	[SLPS]	0	528.778	80.018	0	58.263	0	0	
0	[SLPS]	0	529.146	80.251	0	58.322	0	0	
0	[SLPS]	0	529.518	80.476	0	58.381	0	0	
0	[SLPS]	0	529.518	80.476	0	58.381	0	0	
0	[SLPS]	0	530.255	80.923	0	58.499	0	0	
0	[SLPS]	0	530.255	80.923	0	58.499	0	0	
0	[SLPS]	0	530.622	81.154	0	58.567	0	0	
0	[SLPS]	0	530.990	81.378	0	58.636	0	0	
0	[SLPS]	0	530.990	81.378	0	58.636	0	0	
0	[SLPS]	0	531.350	81.600	0	58.700	0	0	
0	[SLPS]	0	531.729	81.825	0	58.754	0	0	
0	[SLPS]	0	531.729	81.825	0	58.754	0	0	
0	[SLPS]	0	532.469	82.276	0	58.879	0	0	
0	[SLPS]	0	532.469	82.276	0	58.879	0	0	
0	[SLPS]	0	532.839	82.504	0	58.944	0	0	
0	[SLPS]	0	533.216	82.724	0	59.005	0	0	
0	[SLPS]	0	533.216	82.724	0	59.005	0	0	
0	[SLPS]	0	533.969	83.171	0	59.129	0	0	
0	[SLPS]	0	533.969	83.171	0	59.129	0	0	
0	[SLPS]	0	534.343	83.407	0	59.185	0	0	
0	[SLPS]	0	534.728	83.629	0	59.244	0	0	
0	[SLPS]	0	534.728	83.629	0	59.244	0	0	
0	[SLPS]	0	535.492	84.084	0	59.359	0	0	
0	[SLPS]	0	535.492	84.084	0	59.359	0	0	
0	[SLPS]	0	535.866	84.310	0	59.410	0	0	
0	[SLPS]	0	536.247	84.539	0	59.464	0	0	
0	[SLPS]	0	536.247	84.539	0	59.464	0	0	
0	[SLPS]	0	537.018	84.989	0	59.574	0	0	
0	[SLPS]	0	537.018	84.989	0	59.574	0	0	
0	[SLPS]	0	537.401	85.215	0	59.615	0	0	
0	[SLPS]	0	537.782	85.436	0	59.654	0	0	
0	[SLPS]	0	538.170	85.660	0	59.679	0	0	
0	[SLPS]	0	538.553	85.886	0	59.685	0	0	
0	[SLPS]	0	538.553	85.886	0	59.685	0	0	
0	[SLPS]	0	539.325	86.337	0	59.688	0	0	
0	[SLPS]	0	539.325	86.337	0	59.688	0	0	
0	[SLPS]	0	539.711	86.563	0	59.694	0	0	
0	[SLPS]	0	540.100	86.788	0	59.703	0	0	
0	[SLPS]	0	540.100	86.788	0	59.703	0	0	
0	[SLPS]	0	540.485	87.014	0	59.710	0	0	
0	[SLPS]	0	540.849	87.236	0	59.706	0	0	
0	[SLPS]	0	541.237	87.471	0	59.701	0	0	
0	[SLPS]	0	541.622	87.688	0	59.721	0	0	
0	[SLPS]	0	541.622	87.688	0	59.721	0	0	
0	[SLPS]	0	542.367	88.132	0	59.713	0	0	
0	[SLPS]	0	542.367	88.132	0	59.713	0	0	
0	[SLPS]	0	542.735	88.348	0	59.720	0	0	
0	[SLPS]	0	543.103	88.569	0	59.712	0	0	
0	[SLPS]	0	543.103	88.569	0	59.712	0	0	
0	[SLPS]	0	543.828	88.989	0	59.738	0	0	
0	[SLPS]	0	543.828	88.989	0	59.738	0	0	
0	[SLPS]	0	544.185	89.198	0	59.744	0	0	
0	[SLPS]	0	544.542	89.407	0	59.749	0	0	
0	[SLPS]	0	544.542	89.407	0	59.749	0	0	
0	[SLPS]	0	545.250	89.815	0	59.763	0	0	
0	[SLPS]	0	545.250	89.815	0	59.763	0	0	
0	[SLPS]	0	545.606	90.022	0	59.779	0	0	
0	[SLPS]	0	545.952	90.225	0	59.788	0	0	
0	[SLPS]	0	545.952	90.225	0	59.788	0	0	
0	[SLPS]	0	546.645	90.630	0	59.824	0	0	
0	[SLPS]	0	546.645	90.630	0	59.824	0	0	
0	[SLPS]	0	546.986	90.831	0	59.864	0	0	
0	[SLPS]	0	547.328	91.030	0	59.917	0	0	
0	[SLPS]	0	547.328	91.030	0	59.917	0	0	
0	[SLPS]	0	547.994	91.422	0	60.022	0	0	
0	[SLPS]	0	547.994	91.422	0	60.022	0	0	
0	[SLPS]	0	548.336	91.613	0	60.084	0	0	
0	[SLPS]	0	548.678	91.792	0	60.143	0	0	
0	[SLPS]	0	548.997	91.991	0	60.199	0	0	
0	[SLPS]	0	549.328	92.179	0	60.262	0	0	
0	[SLPS]	0	549.328	92.179	0	60.262	0	0	
0	[SLPS]	0	549.957	92.550	0	60.393	0	0	
0	[SLPS]	0	549.957	92.550	0	60.393	0	0	
0	[SLPS]	0	550.270	92.733	0	60.461	0	0	
