0	[SLPS]	0	516.498	77.235	0	242.991	0	0	
0	[SLPS]	0	516.498	77.233	0	242.991	0	0	
0	[SLPS]	0	516.498	77.233	0	242.991	0	0	
0	[SLPS]	0	516.498	77.233	0	242.991	0	0	
0	[SLPS]	0	516.499	77.233	0	242.988	0	0	
0	[SLPS]	0	516.496	77.232	0	242.988	0	0	
0	[SLPS]	0	516.496	77.231	0	242.988	0	0	
0	[SLPS]	0	516.496	77.231	0	242.988	0	0	
0	[SLPS]	0	516.497	77.231	0	242.987	0	0	
0	[SLPS]	0	516.501	77.238	0	242.988	0	0	
0	[SLPS]	0	516.502	77.240	0	242.988	0	0	
0	[SLPS]	0	516.501	77.240	0	242.985	0	0	
0	[SLPS]	0	516.501	77.240	0	242.985	0	0	
0	[SLPS]	0	516.501	77.240	0	242.984	0	0	
0	[SLPS]	0	516.501	77.240	0	242.984	0	0	
0	[SLPS]	0	516.503	77.240	0	242.974	0	0	
0	[SLPS]	0	516.502	77.239	0	242.971	0	0	
0	[SLPS]	0	516.502	77.239	0	242.971	0	0	
0	[SLPS]	0	516.500	77.240	0	242.966	0	0	
0	[SLPS]	0	516.500	77.240	0	242.966	0	0	
0	[SLPS]	0	516.498	77.239	0	242.965	0	0	
0	[SLPS]	0	516.498	77.238	0	242.963	0	0	
0	[SLPS]	0	516.498	77.238	0	242.963	0	0	
0	[SLPS]	0	516.495	77.233	0	242.960	0	0	
0	[SLPS]	0	516.495	77.233	0	242.960	0	0	
0	[SLPS]	0	516.491	77.233	0	242.959	0	0	
0	[SLPS]	0	516.492	77.234	0	242.959	0	0	
0	[SLPS]	0	516.492	77.234	0	242.959	0	0	
0	[SLPS]	0	516.490	77.231	0	242.958	0	0	
0	[SLPS]	0	516.490	77.231	0	242.958	0	0	
0	[SLPS]	0	516.482	77.226	0	242.960	0	0	
0	[SLPS]	0	516.482	77.226	0	242.960	0	0	
0	[SLPS]	0	516.475	77.223	0	242.962	0	0	
0	[SLPS]	0	516.459	77.214	0	242.963	0	0	
0	[SLPS]	0	516.459	77.214	0	242.963	0	0	
0	[SLPS]	0	516.420	77.195	0	242.965	0	0	
0	[SLPS]	0	516.420	77.195	0	242.965	0	0	
0	[SLPS]	0	516.399	77.183	0	242.964	0	0	
0	[SLPS]	0	516.372	77.169	0	242.963	0	0	
0	[SLPS]	0	516.372	77.169	0	242.963	0	0	
0	[SLPS]	0	516.314	77.137	0	242.960	0	0	
0	[SLPS]	0	516.314	77.137	0	242.960	0	0	
0	[SLPS]	0	516.280	77.123	0	242.964	0	0	
0	[SLPS]	0	516.246	77.104	0	242.967	0	0	
0	[SLPS]	0	516.246	77.104	0	242.967	0	0	
0	[SLPS]	0	516.177	77.073	0	242.987	0	0	
0	[SLPS]	0	516.177	77.073	0	242.987	0	0	
0	[SLPS]	0	516.141	77.055	0	243.002	0	0	
0	[SLPS]	0	516.103	77.033	0	243.022	0	0	
0	[SLPS]	0	516.063	77.009	0	243.044	0	0	
0	[SLPS]	0	516.019	76.987	0	243.068	0	0	
0	[SLPS]	0	516.019	76.987	0	243.068	0	0	
0	[SLPS]	0	515.975	76.962	0	243.094	0	0	
0	[SLPS]	0	515.923	76.935	0	243.121	0	0	
0	[SLPS]	0	515.873	76.911	0	243.152	0	0	
0	[SLPS]	0	515.818	76.882	0	243.183	0	0	
0	[SLPS]	0	515.818	76.882	0	243.183	0	0	
0	[SLPS]	0	515.764	76.854	0	243.218	0	0	
0	[SLPS]	0	515.708	76.827	0	243.259	0	0	
0	[SLPS]	0	515.708	76.827	0	243.259	0	0	
0	[SLPS]	0	515.581	76.760	0	243.339	0	0	
0	[SLPS]	0	515.581	76.760	0	243.339	0	0	
0	[SLPS]	0	515.516	76.727	0	243.381	0	0	
0	[SLPS]	0	515.451	76.692	0	243.423	0	0	
0	[SLPS]	0	515.382	76.657	0	243.476	0	0	
0	[SLPS]	0	515.309	76.616	0	243.525	0	0	
0	[SLPS]	0	515.309	76.616	0	243.525	0	0	
0	[SLPS]	0	515.234	76.578	0	243.574	0	0	
0	[SLPS]	0	515.146	76.542	0	243.631	0	0	
0	[SLPS]	0	515.069	76.504	0	243.687	0	0	
0	[SLPS]	0	514.984	76.461	0	243.727	0	0	
0	[SLPS]	0	514.984	76.461	0	243.727	0	0	
0	[SLPS]	0	514.807	76.374	0	243.782	0	0	
0	[SLPS]	0	514.807	76.374	0	243.782	0	0	
0	[SLPS]	0	514.714	76.327	0	243.800	0	0	
0	[SLPS]	0	514.615	76.281	0	243.830	0	0	
0	[SLPS]	0	514.615	76.281	0	243.830	0	0	
0	[SLPS]	0	514.414	76.185	0	243.889	0	0	
0	[SLPS]	0	514.414	76.185	0	243.889	0	0	
0	[SLPS]	0	514.305	76.130	0	243.909	0	0	
0	[SLPS]	0	514.195	76.068	0	243.910	0	0	
0	[SLPS]	0	514.195	76.068	0	243.910	0	0	
0	[SLPS]	0	513.957	75.966	0	244.017	0	0	
0	[SLPS]	0	513.957	75.966	0	244.017	0	0	
0	[SLPS]	0	513.832	75.905	0	244.037	0	0	
0	[SLPS]	0	513.703	75.843	0	244.055	0	0	
0	[SLPS]	0	513.703	75.843	0	244.055	0	0	
0	[SLPS]	0	513.446	75.714	0	244.100	0	0	
0	[SLPS]	0	513.446	75.714	0	244.100	0	0	
0	[SLPS]	0	513.308	75.651	0	244.158	0	0	
0	[SLPS]	0	513.164	75.582	0	244.200	0	0	
0	[SLPS]	0	513.164	75.582	0	244.200	0	0	
0	[SLPS]	0	512.872	75.447	0	244.301	0	0	
0	[SLPS]	0	512.872	75.447	0	244.301	0	0	
0	[SLPS]	0	512.721	75.376	0	244.332	0	0	
0	[SLPS]	0	512.564	75.299	0	244.382	0	0	
0	[SLPS]	0	512.564	75.299	0	244.382	0	0	
0	[SLPS]	0	512.241	75.151	0	244.496	0	0	
0	[SLPS]	0	512.241	75.151	0	244.496	0	0	
0	[SLPS]	0	512.073	75.073	0	244.560	0	0	
0	[SLPS]	0	511.904	74.989	0	244.622	0	0	
0	[SLPS]	0	511.904	74.989	0	244.622	0	0	
0	[SLPS]	0	511.574	74.829	0	244.735	0	0	
0	[SLPS]	0	511.574	74.829	0	244.735	0	0	
0	[SLPS]	0	511.405	74.742	0	244.793	0	0	
0	[SLPS]	0	511.247	74.652	0	244.851	0	0	
0	[SLPS]	0	511.247	74.652	0	244.851	0	0	
0	[SLPS]	0	510.899	74.486	0	244.967	0	0	
0	[SLPS]	0	510.899	74.486	0	244.967	0	0	
0	[SLPS]	0	510.723	74.404	0	245.032	0	0	
0	[SLPS]	0	510.541	74.316	0	245.097	0	0	
0	[SLPS]	0	510.541	74.316	0	245.097	0	0	
0	[SLPS]	0	510.179	74.142	0	245.221	0	0	
0	[SLPS]	0	510.179	74.142	0	245.221	0	0	
0	[SLPS]	0	509.989	74.058	0	245.283	0	0	
0	[SLPS]	0	509.801	73.966	0	245.344	0	0	
0	[SLPS]	0	509.801	73.966	0	245.344	0	0	
0	[SLPS]	0	509.412	73.791	0	245.475	0	0	
0	[SLPS]	0	509.412	73.791	0	245.475	0	0	
0	[SLPS]	0	509.208	73.700	0	245.543	0	0	
0	[SLPS]	0	509.006	73.604	0	245.609	0	0	
0	[SLPS]	0	509.006	73.604	0	245.609	0	0	
0	[SLPS]	0	508.585	73.420	0	245.749	0	0	
0	[SLPS]	0	508.585	73.420	0	245.749	0	0	
0	[SLPS]	0	508.157	73.216	0	245.872	0	0	
0	[SLPS]	0	508.157	73.216	0	245.872	0	0	
0	[SLPS]	0	507.934	73.124	0	245.945	0	0	
0	[SLPS]	0	507.718	73.021	0	246.020	0	0	
0	[SLPS]	0	507.718	73.021	0	246.020	0	0	
0	[SLPS]	0	507.261	72.824	0	246.166	0	0	
0	[SLPS]	0	507.261	72.824	0	246.166	0	0	
0	[SLPS]	0	507.032	72.724	0	246.230	0	0	
0	[SLPS]	0	506.796	72.629	0	246.293	0	0	
0	[SLPS]	0	506.796	72.629	0	246.293	0	0	
0	[SLPS]	0	506.330	72.408	0	246.427	0	0	
0	[SLPS]	0	506.330	72.408	0	246.427	0	0	
0	[SLPS]	0	506.089	72.307	0	246.492	0	0	
0	[SLPS]	0	505.846	72.201	0	246.560	0	0	
0	[SLPS]	0	505.846	72.201	0	246.560	0	0	
0	[SLPS]	0	505.349	71.987	0	246.666	0	0	
0	[SLPS]	0	505.349	71.987	0	246.666	0	0	
0	[SLPS]	0	505.104	71.885	0	246.717	0	0	
0	[SLPS]	0	504.850	71.774	0	246.725	0	0	
0	[SLPS]	0	504.850	71.774	0	246.725	0	0	
0	[SLPS]	0	504.335	71.542	0	246.685	0	0	
0	[SLPS]	0	504.335	71.542	0	246.685	0	0	
0	[SLPS]	0	504.082	71.427	0	246.672	0	0	
0	[SLPS]	0	503.819	71.311	0	246.704	0	0	
0	[SLPS]	0	503.819	71.311	0	246.704	0	0	
0	[SLPS]	0	503.300	71.083	0	246.759	0	0	
0	[SLPS]	0	503.300	71.083	0	246.759	0	0	
0	[SLPS]	0	503.033	70.978	0	246.870	0	0	
0	[SLPS]	0	502.776	70.854	0	246.759	0	0	
0	[SLPS]	0	502.776	70.854	0	246.759	0	0	
0	[SLPS]	0	502.253	70.624	0	246.741	0	0	
0	[SLPS]	0	502.253	70.624	0	246.741	0	0	
0	[SLPS]	0	501.988	70.508	0	246.730	0	0	
0	[SLPS]	0	501.730	70.404	0	246.777	0	0	
0	[SLPS]	0	501.466	70.291	0	246.756	0	0	
0	[SLPS]	0	501.202	70.172	0	246.699	0	0	
0	[SLPS]	0	501.202	70.172	0	246.699	0	0	
0	[SLPS]	0	500.936	70.057	0	246.654	0	0	
0	[SLPS]	0	500.675	69.945	0	246.585	0	0	
0	[SLPS]	0	500.410	69.824	0	246.503	0	0	
0	[SLPS]	0	500.143	69.707	0	246.444	0	0	
0	[SLPS]	0	500.143	69.707	0	246.444	0	0	
0	[SLPS]	0	499.615	69.475	0	246.327	0	0	
0	[SLPS]	0	499.615	69.475	0	246.327	0	0	
0	[SLPS]	0	499.351	69.358	0	246.263	0	0	
0	[SLPS]	0	499.081	69.238	0	246.190	0	0	
0	[SLPS]	0	499.081	69.238	0	246.190	0	0	
0	[SLPS]	0	498.553	69.000	0	246.024	0	0	
0	[SLPS]	0	498.553	69.000	0	246.024	0	0	
0	[SLPS]	0	498.283	68.890	0	245.926	0	0	
0	[SLPS]	0	498.022	68.763	0	245.817	0	0	
0	[SLPS]	0	498.022	68.763	0	245.817	0	0	
0	[SLPS]	0	497.501	68.526	0	245.575	0	0	
0	[SLPS]	0	497.501	68.526	0	245.575	0	0	
0	[SLPS]	0	497.235	68.399	0	245.438	0	0	
0	[SLPS]	0	496.975	68.274	0	245.291	0	0	
0	[SLPS]	0	496.975	68.274	0	245.291	0	0	
0	[SLPS]	0	496.464	68.031	0	244.987	0	0	
0	[SLPS]	0	496.464	68.031	0	244.987	0	0	
0	[SLPS]	0	496.207	67.910	0	244.839	0	0	
0	[SLPS]	0	495.954	67.784	0	244.698	0	0	
0	[SLPS]	0	495.704	67.656	0	244.555	0	0	
0	[SLPS]	0	495.453	67.531	0	244.415	0	0	
0	[SLPS]	0	495.453	67.531	0	244.415	0	0	
0	[SLPS]	0	495.205	67.408	0	244.272	0	0	
0	[SLPS]	0	494.950	67.284	0	244.135	0	0	
0	[SLPS]	0	494.702	67.159	0	244.016	0	0	
0	[SLPS]	0	494.457	67.037	0	243.912	0	0	
0	[SLPS]	0	494.457	67.037	0	243.912	0	0	
0	[SLPS]	0	493.973	66.791	0	243.739	0	0	
0	[SLPS]	0	493.973	66.791	0	243.739	0	0	
0	[SLPS]	0	493.733	66.669	0	243.669	0	0	
0	[SLPS]	0	493.495	66.546	0	243.596	0	0	
0	[SLPS]	0	493.495	66.546	0	243.596	0	0	
0	[SLPS]	0	493.016	66.306	0	243.437	0	0	
0	[SLPS]	0	493.016	66.306	0	243.437	0	0	
0	[SLPS]	0	492.777	66.190	0	243.359	0	0	
0	[SLPS]	0	492.544	66.069	0	243.288	0	0	
0	[SLPS]	0	492.544	66.069	0	243.288	0	0	
0	[SLPS]	0	492.072	65.833	0	243.163	0	0	
0	[SLPS]	0	492.072	65.833	0	243.163	0	0	
0	[SLPS]	0	491.838	65.719	0	243.095	0	0	
0	[SLPS]	0	491.606	65.603	0	243.025	0	0	
0	[SLPS]	0	491.606	65.603	0	243.025	0	0	
0	[SLPS]	0	491.142	65.361	0	242.874	0	0	
0	[SLPS]	0	491.142	65.361	0	242.874	0	0	
0	[SLPS]	0	490.913	65.242	0	242.796	0	0	
0	[SLPS]	0	490.687	65.123	0	242.715	0	0	
0	[SLPS]	0	490.687	65.123	0	242.715	0	0	
0	[SLPS]	0	490.225	64.886	0	242.555	0	0	
0	[SLPS]	0	490.225	64.886	0	242.555	0	0	
0	[SLPS]	0	489.997	64.760	0	242.462	0	0	
0	[SLPS]	0	489.772	64.638	0	242.360	0	0	
0	[SLPS]	0	489.772	64.638	0	242.360	0	0	
0	[SLPS]	0	489.311	64.397	0	242.139	0	0	
0	[SLPS]	0	489.311	64.397	0	242.139	0	0	
0	[SLPS]	0	489.083	64.266	0	242.030	0	0	
0	[SLPS]	0	488.856	64.139	0	241.922	0	0	
0	[SLPS]	0	488.631	64.013	0	241.819	0	0	
0	[SLPS]	0	488.409	63.887	0	241.716	0	0	
0	[SLPS]	0	488.409	63.887	0	241.716	0	0	
0	[SLPS]	0	487.953	63.637	0	241.510	0	0	
0	[SLPS]	0	487.953	63.637	0	241.510	0	0	
0	[SLPS]	0	487.726	63.512	0	241.411	0	0	
0	[SLPS]	0	487.503	63.385	0	241.321	0	0	
0	[SLPS]	0	487.503	63.385	0	241.321	0	0	
0	[SLPS]	0	487.054	63.136	0	241.171	0	0	
0	[SLPS]	0	487.054	63.136	0	241.171	0	0	
0	[SLPS]	0	486.830	63.007	0	241.111	0	0	
0	[SLPS]	0	486.595	62.877	0	241.057	0	0	
0	[SLPS]	0	486.595	62.877	0	241.057	0	0	
0	[SLPS]	0	486.147	62.627	0	240.958	0	0	
0	[SLPS]	0	486.147	62.627	0	240.958	0	0	
0	[SLPS]	0	485.909	62.513	0	240.905	0	0	
0	[SLPS]	0	485.683	62.389	0	240.855	0	0	
0	[SLPS]	0	485.683	62.389	0	240.855	0	0	
0	[SLPS]	0	485.226	62.143	0	240.796	0	0	
0	[SLPS]	0	485.226	62.143	0	240.796	0	0	
0	[SLPS]	0	485.004	62.017	0	240.723	0	0	
0	[SLPS]	0	484.786	61.892	0	240.670	0	0	
0	[SLPS]	0	484.551	61.775	0	240.715	0	0	
0	[SLPS]	0	484.333	61.643	0	240.627	0	0	
0	[SLPS]	0	484.333	61.643	0	240.627	0	0	
0	[SLPS]	0	484.096	61.523	0	240.658	0	0	
0	[SLPS]	0	483.886	61.391	0	240.544	0	0	
0	[SLPS]	0	483.667	61.266	0	240.498	0	0	
0	[SLPS]	0	483.439	61.137	0	240.476	0	0	
0	[SLPS]	0	483.439	61.137	0	240.476	0	0	
0	[SLPS]	0	483.013	60.876	0	240.336	0	0	
0	[SLPS]	0	483.013	60.876	0	240.336	0	0	
0	[SLPS]	0	482.794	60.749	0	240.290	0	0	
0	[SLPS]	0	482.575	60.610	0	240.220	0	0	
0	[SLPS]	0	482.575	60.610	0	240.220	0	0	
0	[SLPS]	0	482.145	60.353	0	240.143	0	0	
0	[SLPS]	0	482.145	60.353	0	240.143	0	0	
0	[SLPS]	0	481.927	60.224	0	240.099	0	0	
0	[SLPS]	0	481.702	60.096	0	240.049	0	0	
0	[SLPS]	0	481.702	60.096	0	240.049	0	0	
0	[SLPS]	0	481.268	59.833	0	239.932	0	0	
0	[SLPS]	0	481.268	59.833	0	239.932	0	0	
0	[SLPS]	0	481.048	59.702	0	239.885	0	0	
0	[SLPS]	0	480.827	59.571	0	239.838	0	0	
0	[SLPS]	0	480.827	59.571	0	239.838	0	0	
0	[SLPS]	0	480.385	59.319	0	239.734	0	0	
0	[SLPS]	0	480.385	59.319	0	239.734	0	0	
0	[SLPS]	0	480.165	59.197	0	239.708	0	0	
0	[SLPS]	0	479.945	59.066	0	239.650	0	0	
0	[SLPS]	0	479.727	58.938	0	239.694	0	0	
0	[SLPS]	0	479.513	58.809	0	239.627	0	0	
0	[SLPS]	0	479.513	58.809	0	239.627	0	0	
0	[SLPS]	0	479.293	58.685	0	239.595	0	0	
0	[SLPS]	0	479.075	58.555	0	239.551	0	0	
0	[SLPS]	0	478.857	58.434	0	239.548	0	0	
0	[SLPS]	0	478.648	58.304	0	239.485	0	0	
0	[SLPS]	0	478.648	58.304	0	239.485	0	0	
0	[SLPS]	0	478.211	58.055	0	239.416	0	0	
0	[SLPS]	0	478.211	58.055	0	239.416	0	0	
0	[SLPS]	0	477.996	57.929	0	239.382	0	0	
0	[SLPS]	0	477.779	57.792	0	239.357	0	0	
0	[SLPS]	0	477.779	57.792	0	239.357	0	0	
0	[SLPS]	0	477.363	57.523	0	239.413	0	0	
0	[SLPS]	0	477.363	57.523	0	239.413	0	0	
0	[SLPS]	0	477.157	57.395	0	239.439	0	0	
0	[SLPS]	0	476.942	57.266	0	239.476	0	0	
0	[SLPS]	0	476.942	57.266	0	239.476	0	0	
0	[SLPS]	0	476.513	57.019	0	239.552	0	0	
0	[SLPS]	0	476.513	57.019	0	239.552	0	0	
0	[SLPS]	0	476.293	56.901	0	239.597	0	0	
0	[SLPS]	0	476.076	56.777	0	239.619	0	0	
0	[SLPS]	0	476.076	56.777	0	239.619	0	0	
0	[SLPS]	0	475.647	56.533	0	239.658	0	0	
0	[SLPS]	0	475.647	56.533	0	239.658	0	0	
0	[SLPS]	0	475.437	56.402	0	239.640	0	0	
0	[SLPS]	0	475.225	56.274	0	239.647	0	0	
0	[SLPS]	0	475.225	56.274	0	239.647	0	0	
0	[SLPS]	0	474.801	56.023	0	239.685	0	0	
0	[SLPS]	0	474.801	56.023	0	239.685	0	0	
0	[SLPS]	0	474.586	55.890	0	239.686	0	0	
0	[SLPS]	0	474.377	55.765	0	239.682	0	0	
0	[SLPS]	0	474.166	55.640	0	239.670	0	0	
0	[SLPS]	0	473.969	55.513	0	239.629	0	0	
0	[SLPS]	0	473.969	55.513	0	239.629	0	0	
0	[SLPS]	0	473.540	55.272	0	239.618	0	0	
0	[SLPS]	0	473.540	55.272	0	239.618	0	0	
0	[SLPS]	0	473.330	55.147	0	239.594	0	0	
0	[SLPS]	0	473.115	55.015	0	239.544	0	0	
0	[SLPS]	0	473.115	55.015	0	239.544	0	0	
0	[SLPS]	0	472.685	54.767	0	239.493	0	0	
0	[SLPS]	0	472.685	54.767	0	239.493	0	0	
0	[SLPS]	0	472.473	54.648	0	239.484	0	0	
0	[SLPS]	0	472.267	54.516	0	239.417	0	0	
0	[SLPS]	0	472.267	54.516	0	239.417	0	0	
0	[SLPS]	0	471.845	54.262	0	239.307	0	0	
0	[SLPS]	0	471.845	54.262	0	239.307	0	0	
0	[SLPS]	0	471.643	54.134	0	239.251	0	0	
0	[SLPS]	0	471.434	54.007	0	239.223	0	0	
0	[SLPS]	0	471.434	54.007	0	239.223	0	0	
0	[SLPS]	0	470.985	53.765	0	239.221	0	0	
0	[SLPS]	0	470.985	53.765	0	239.221	0	0	
0	[SLPS]	0	470.768	53.641	0	239.179	0	0	
0	[SLPS]	0	470.550	53.517	0	239.143	0	0	
0	[SLPS]	0	470.550	53.517	0	239.143	0	0	
0	[SLPS]	0	470.118	53.269	0	239.072	0	0	
0	[SLPS]	0	470.118	53.269	0	239.072	0	0	
0	[SLPS]	0	469.905	53.145	0	239.011	0	0	
0	[SLPS]	0	469.700	53.009	0	238.955	0	0	
0	[SLPS]	0	469.486	52.884	0	238.908	0	0	
0	[SLPS]	0	469.277	52.760	0	238.887	0	0	
0	[SLPS]	0	469.277	52.760	0	238.887	0	0	
0	[SLPS]	0	468.860	52.501	0	238.812	0	0	
0	[SLPS]	0	468.860	52.501	0	238.812	0	0	
0	[SLPS]	0	468.655	52.376	0	238.754	0	0	
0	[SLPS]	0	468.453	52.248	0	238.698	0	0	
0	[SLPS]	0	468.453	52.248	0	238.698	0	0	
0	[SLPS]	0	468.042	51.989	0	238.604	0	0	
0	[SLPS]	0	468.042	51.989	0	238.604	0	0	
0	[SLPS]	0	467.841	51.864	0	238.556	0	0	
0	[SLPS]	0	467.635	51.737	0	238.506	0	0	
0	[SLPS]	0	467.635	51.737	0	238.506	0	0	
0	[SLPS]	0	467.231	51.482	0	238.399	0	0	
0	[SLPS]	0	467.231	51.482	0	238.399	0	0	
0	[SLPS]	0	467.028	51.356	0	238.346	0	0	
0	[SLPS]	0	466.823	51.230	0	238.302	0	0	
0	[SLPS]	0	466.823	51.230	0	238.302	0	0	
0	[SLPS]	0	466.421	50.977	0	238.210	0	0	
0	[SLPS]	0	466.421	50.977	0	238.210	0	0	
0	[SLPS]	0	466.223	50.844	0	238.142	0	0	
0	[SLPS]	0	466.019	50.712	0	238.087	0	0	
0	[SLPS]	0	466.019	50.712	0	238.087	0	0	
0	[SLPS]	0	465.614	50.465	0	237.994	0	0	
0	[SLPS]	0	465.614	50.465	0	237.994	0	0	
0	[SLPS]	0	465.418	50.342	0	237.949	0	0	
0	[SLPS]	0	465.224	50.222	0	237.906	0	0	
0	[SLPS]	0	465.224	50.222	0	237.906	0	0	
0	[SLPS]	0	464.854	49.989	0	237.795	0	0	
0	[SLPS]	0	464.854	49.989	0	237.795	0	0	
0	[SLPS]	0	464.676	49.873	0	237.745	0	0	
0	[SLPS]	0	464.500	49.762	0	237.708	0	0	
0	[SLPS]	0	464.500	49.762	0	237.708	0	0	
0	[SLPS]	0	464.162	49.546	0	237.630	0	0	
0	[SLPS]	0	464.162	49.546	0	237.630	0	0	
0	[SLPS]	0	463.838	49.340	0	237.526	0	0	
0	[SLPS]	0	463.838	49.340	0	237.526	0	0	
0	[SLPS]	0	463.673	49.238	0	237.484	0	0	
0	[SLPS]	0	463.512	49.142	0	237.453	0	0	
0	[SLPS]	0	463.512	49.142	0	237.453	0	0	
0	[SLPS]	0	463.203	48.945	0	237.384	0	0	
0	[SLPS]	0	463.203	48.945	0	237.384	0	0	
0	[SLPS]	0	463.061	48.846	0	237.343	0	0	
0	[SLPS]	0	462.915	48.754	0	237.314	0	0	
0	[SLPS]	0	462.915	48.754	0	237.314	0	0	
0	[SLPS]	0	462.635	48.570	0	237.237	0	0	
0	[SLPS]	0	462.635	48.570	0	237.237	0	0	
0	[SLPS]	0	462.635	48.570	0	237.237	0	0	
0	[SLPS]	0	462.375	48.405	0	237.144	0	0	
0	[SLPS]	0	462.375	48.405	0	237.144	0	0	
0	[SLPS]	0	462.254	48.323	0	237.110	0	0	
0	[SLPS]	0	462.126	48.242	0	237.084	0	0	
0	[SLPS]	0	462.009	48.168	0	237.052	0	0	
0	[SLPS]	0	461.891	48.098	0	237.020	0	0	
0	[SLPS]	0	461.891	48.098	0	237.020	0	0	
0	[SLPS]	0	461.668	47.956	0	236.966	0	0	
0	[SLPS]	0	461.668	47.956	0	236.966	0	0	
0	[SLPS]	0	461.668	47.956	0	236.966	0	0	
0	[SLPS]	0	461.460	47.811	0	236.908	0	0	
0	[SLPS]	0	461.460	47.811	0	236.908	0	0	
0	[SLPS]	0	461.354	47.750	0	236.889	0	0	
0	[SLPS]	0	461.260	47.684	0	236.844	0	0	
0	[SLPS]	0	461.260	47.684	0	236.844	0	0	
0	[SLPS]	0	461.079	47.550	0	236.770	0	0	
0	[SLPS]	0	461.079	47.550	0	236.770	0	0	
0	[SLPS]	0	460.978	47.491	0	236.769	0	0	
0	[SLPS]	0	460.897	47.440	0	236.763	0	0	
0	[SLPS]	0	460.897	47.440	0	236.763	0	0	
0	[SLPS]	0	460.727	47.327	0	236.719	0	0	
0	[SLPS]	0	460.727	47.327	0	236.719	0	0	
0	[SLPS]	0	460.647	47.267	0	236.678	0	0	
0	[SLPS]	0	460.567	47.216	0	236.648	0	0	
0	[SLPS]	0	460.567	47.216	0	236.648	0	0	
0	[SLPS]	0	460.409	47.120	0	236.613	0	0	
0	[SLPS]	0	460.409	47.120	0	236.613	0	0	
0	[SLPS]	0	460.258	47.020	0	236.591	0	0	
0	[SLPS]	0	460.258	47.020	0	236.591	0	0	
0	[SLPS]	0	460.188	46.974	0	236.586	0	0	
0	[SLPS]	0	460.119	46.929	0	236.581	0	0	
0	[SLPS]	0	460.119	46.929	0	236.581	0	0	
0	[SLPS]	0	459.983	46.839	0	236.582	0	0	
0	[SLPS]	0	459.983	46.839	0	236.582	0	0	
0	[SLPS]	0	459.921	46.798	0	236.580	0	0	
0	[SLPS]	0	459.863	46.754	0	236.575	0	0	
0	[SLPS]	0	459.863	46.754	0	236.575	0	0	
0	[SLPS]	0	459.748	46.676	0	236.574	0	0	
0	[SLPS]	0	459.748	46.676	0	236.574	0	0	
0	[SLPS]	0	459.697	46.642	0	236.571	0	0	
0	[SLPS]	0	459.650	46.597	0	236.564	0	0	
0	[SLPS]	0	459.650	46.597	0	236.564	0	0	
0	[SLPS]	0	459.547	46.546	0	236.578	0	0	
0	[SLPS]	0	459.547	46.546	0	236.578	0	0	
0	[SLPS]	0	459.502	46.511	0	236.575	0	0	
0	[SLPS]	0	459.452	46.475	0	236.571	0	0	
0	[SLPS]	0	459.452	46.475	0	236.571	0	0	
0	[SLPS]	0	459.358	46.419	0	236.558	0	0	
0	[SLPS]	0	459.358	46.419	0	236.558	0	0	
0	[SLPS]	0	459.268	46.363	0	236.569	0	0	
0	[SLPS]	0	459.268	46.363	0	236.569	0	0	
0	[SLPS]	0	459.221	46.336	0	236.576	0	0	
0	[SLPS]	0	459.178	46.307	0	236.572	0	0	
0	[SLPS]	0	459.178	46.307	0	236.572	0	0	
0	[SLPS]	0	459.095	46.255	0	236.551	0	0	
0	[SLPS]	0	459.095	46.255	0	236.551	0	0	
0	[SLPS]	0	459.056	46.231	0	236.545	0	0	
0	[SLPS]	0	459.017	46.204	0	236.549	0	0	
0	[SLPS]	0	459.017	46.204	0	236.549	0	0	
0	[SLPS]	0	458.983	46.182	0	236.556	0	0	
0	[SLPS]	0	458.951	46.159	0	236.559	0	0	
0	[SLPS]	0	458.919	46.137	0	236.555	0	0	
0	[SLPS]	0	458.887	46.116	0	236.550	0	0	
0	[SLPS]	0	458.887	46.116	0	236.550	0	0	
0	[SLPS]	0	458.829	46.083	0	236.540	0	0	
0	[SLPS]	0	458.829	46.083	0	236.540	0	0	
0	[SLPS]	0	458.800	46.058	0	236.537	0	0	
0	[SLPS]	0	458.775	46.042	0	236.534	0	0	
0	[SLPS]	0	458.775	46.042	0	236.534	0	0	
0	[SLPS]	0	458.728	46.012	0	236.535	0	0	
0	[SLPS]	0	458.728	46.012	0	236.535	0	0	
0	[SLPS]	0	458.707	45.995	0	236.536	0	0	
0	[SLPS]	0	458.685	45.983	0	236.534	0	0	
0	[SLPS]	0	458.685	45.983	0	236.534	0	0	
0	[SLPS]	0	458.648	45.957	0	236.531	0	0	
0	[SLPS]	0	458.648	45.957	0	236.531	0	0	
0	[SLPS]	0	458.632	45.942	0	236.527	0	0	
0	[SLPS]	0	458.613	45.930	0	236.523	0	0	
0	[SLPS]	0	458.613	45.930	0	236.523	0	0	
0	[SLPS]	0	458.568	45.904	0	236.524	0	0	
0	[SLPS]	0	458.568	45.904	0	236.524	0	0	
0	[SLPS]	0	458.522	45.873	0	236.527	0	0	
0	[SLPS]	0	458.522	45.873	0	236.527	0	0	
0	[SLPS]	0	458.497	45.855	0	236.522	0	0	
0	[SLPS]	0	458.470	45.839	0	236.518	0	0	
0	[SLPS]	0	458.470	45.839	0	236.518	0	0	
0	[SLPS]	0	458.410	45.803	0	236.526	0	0	
0	[SLPS]	0	458.410	45.803	0	236.526	0	0	
0	[SLPS]	0	458.377	45.781	0	236.536	0	0	
0	[SLPS]	0	458.344	45.758	0	236.547	0	0	
0	[SLPS]	0	458.344	45.758	0	236.547	0	0	
0	[SLPS]	0	458.270	45.705	0	236.579	0	0	
0	[SLPS]	0	458.270	45.705	0	236.579	0	0	
0	[SLPS]	0	458.233	45.679	0	236.600	0	0	
0	[SLPS]	0	458.189	45.651	0	236.628	0	0	
0	[SLPS]	0	458.189	45.651	0	236.628	0	0	
0	[SLPS]	0	458.106	45.597	0	236.707	0	0	
0	[SLPS]	0	458.106	45.597	0	236.707	0	0	
0	[SLPS]	0	458.064	45.570	0	236.756	0	0	
0	[SLPS]	0	458.021	45.541	0	236.808	0	0	
0	[SLPS]	0	458.021	45.541	0	236.808	0	0	
0	[SLPS]	0	457.931	45.489	0	236.922	0	0	
0	[SLPS]	0	457.931	45.489	0	236.922	0	0	
0	[SLPS]	0	457.885	45.460	0	236.999	0	0	
0	[SLPS]	0	457.842	45.430	0	237.091	0	0	
0	[SLPS]	0	457.842	45.430	0	237.091	0	0	
0	[SLPS]	0	457.748	45.376	0	237.299	0	0	
0	[SLPS]	0	457.748	45.376	0	237.299	0	0	
0	[SLPS]	0	457.702	45.344	0	237.413	0	0	
0	[SLPS]	0	457.653	45.313	0	237.533	0	0	
0	[SLPS]	0	457.653	45.313	0	237.533	0	0	
0	[SLPS]	0	457.548	45.249	0	237.794	0	0	
0	[SLPS]	0	457.548	45.249	0	237.794	0	0	
0	[SLPS]	0	457.498	45.218	0	237.938	0	0	
0	[SLPS]	0	457.445	45.185	0	238.092	0	0	
0	[SLPS]	0	457.445	45.185	0	238.092	0	0	
0	[SLPS]	0	457.332	45.119	0	238.428	0	0	
0	[SLPS]	0	457.332	45.119	0	238.428	0	0	
0	[SLPS]	0	457.277	45.085	0	238.602	0	0	
0	[SLPS]	0	457.219	45.048	0	238.785	0	0	
0	[SLPS]	0	457.160	45.016	0	238.976	0	0	
0	[SLPS]	0	457.098	44.980	0	239.183	0	0	
0	[SLPS]	0	457.098	44.980	0	239.183	0	0	
0	[SLPS]	0	457.038	44.945	0	239.406	0	0	
0	[SLPS]	0	456.973	44.908	0	239.640	0	0	
0	[SLPS]	0	456.973	44.908	0	239.640	0	0	
0	[SLPS]	0	456.849	44.844	0	240.138	0	0	
0	[SLPS]	0	456.849	44.844	0	240.138	0	0	
0	[SLPS]	0	456.715	44.770	0	240.663	0	0	
0	[SLPS]	0	456.715	44.770	0	240.663	0	0	
0	[SLPS]	0	456.646	44.731	0	240.943	0	0	
0	[SLPS]	0	456.572	44.691	0	241.239	0	0	
0	[SLPS]	0	456.572	44.691	0	241.239	0	0	
0	[SLPS]	0	456.424	44.615	0	241.869	0	0	
0	[SLPS]	0	456.424	44.615	0	241.869	0	0	
0	[SLPS]	0	456.341	44.571	0	242.200	0	0	
0	[SLPS]	0	456.259	44.524	0	242.544	0	0	
0	[SLPS]	0	456.259	44.524	0	242.544	0	0	
0	[SLPS]	0	456.076	44.442	0	243.266	0	0	
0	[SLPS]	0	456.076	44.442	0	243.266	0	0	
0	[SLPS]	0	455.984	44.394	0	243.645	0	0	
0	[SLPS]	0	455.886	44.346	0	244.038	0	0	
0	[SLPS]	0	455.886	44.346	0	244.038	0	0	
0	[SLPS]	0	455.671	44.256	0	244.876	0	0	
0	[SLPS]	0	455.671	44.256	0	244.876	0	0	
0	[SLPS]	0	455.571	44.210	0	245.317	0	0	
0	[SLPS]	0	455.452	44.162	0	245.769	0	0	
0	[SLPS]	0	455.452	44.162	0	245.769	0	0	
0	[SLPS]	0	455.218	44.057	0	246.716	0	0	
0	[SLPS]	0	455.218	44.057	0	246.716	0	0	
0	[SLPS]	0	455.097	44.004	0	247.222	0	0	
0	[SLPS]	0	454.966	43.957	0	247.749	0	0	
0	[SLPS]	0	454.966	43.957	0	247.749	0	0	
0	[SLPS]	0	454.700	43.861	0	248.862	0	0	
0	[SLPS]	0	454.700	43.861	0	248.862	0	0	
0	[SLPS]	0	454.554	43.808	0	249.452	0	0	
0	[SLPS]	0	454.410	43.760	0	250.063	0	0	
0	[SLPS]	0	454.410	43.760	0	250.063	0	0	
0	[SLPS]	0	454.089	43.662	0	251.363	0	0	
0	[SLPS]	0	454.089	43.662	0	251.363	0	0	
0	[SLPS]	0	453.924	43.612	0	252.043	0	0	
0	[SLPS]	0	453.748	43.570	0	252.737	0	0	
0	[SLPS]	0	453.748	43.570	0	252.737	0	0	
0	[SLPS]	0	453.384	43.482	0	254.200	0	0	
0	[SLPS]	0	453.384	43.482	0	254.200	0	0	
0	[SLPS]	0	453.196	43.444	0	254.963	0	0	
0	[SLPS]	0	453.001	43.413	0	255.731	0	0	
0	[SLPS]	0	453.001	43.413	0	255.731	0	0	
0	[SLPS]	0	452.626	43.342	0	257.256	0	0	
0	[SLPS]	0	452.626	43.342	0	257.256	0	0	
0	[SLPS]	0	452.431	43.318	0	258.019	0	0	
0	[SLPS]	0	452.244	43.288	0	258.807	0	0	
0	[SLPS]	0	452.244	43.288	0	258.807	0	0	
0	[SLPS]	0	451.878	43.240	0	260.386	0	0	
0	[SLPS]	0	451.878	43.240	0	260.386	0	0	
0	[SLPS]	0	451.698	43.222	0	261.185	0	0	
0	[SLPS]	0	451.509	43.205	0	261.978	0	0	
0	[SLPS]	0	451.320	43.190	0	262.761	0	0	
0	[SLPS]	0	451.151	43.179	0	263.526	0	0	
0	[SLPS]	0	451.151	43.179	0	263.526	0	0	
0	[SLPS]	0	450.794	43.173	0	265.049	0	0	
0	[SLPS]	0	450.794	43.173	0	265.049	0	0	
0	[SLPS]	0	450.624	43.168	0	265.826	0	0	
0	[SLPS]	0	450.450	43.164	0	266.599	0	0	
0	[SLPS]	0	450.450	43.164	0	266.599	0	0	
0	[SLPS]	0	450.096	43.166	0	268.091	0	0	
0	[SLPS]	0	450.096	43.166	0	268.091	0	0	
0	[SLPS]	0	449.921	43.162	0	268.796	0	0	
0	[SLPS]	0	449.747	43.175	0	269.482	0	0	
0	[SLPS]	0	449.747	43.175	0	269.482	0	0	
0	[SLPS]	0	449.392	43.197	0	270.831	0	0	
0	[SLPS]	0	449.392	43.197	0	270.831	0	0	
0	[SLPS]	0	449.213	43.209	0	271.488	0	0	
0	[SLPS]	0	449.031	43.224	0	272.127	0	0	
0	[SLPS]	0	449.031	43.224	0	272.127	0	0	
0	[SLPS]	0	448.655	43.266	0	273.353	0	0	
0	[SLPS]	0	448.655	43.266	0	273.353	0	0	
0	[SLPS]	0	448.472	43.288	0	273.939	0	0	
0	[SLPS]	0	448.287	43.302	0	274.522	0	0	
0	[SLPS]	0	448.095	43.323	0	275.095	0	0	
0	[SLPS]	0	447.911	43.346	0	275.649	0	0	
0	[SLPS]	0	447.911	43.346	0	275.649	0	0	
0	[SLPS]	0	447.725	43.375	0	276.183	0	0	
0	[SLPS]	0	447.534	43.402	0	276.702	0	0	
0	[SLPS]	0	447.344	43.434	0	277.211	0	0	
0	[SLPS]	0	447.155	43.467	0	277.720	0	0	
0	[SLPS]	0	447.155	43.467	0	277.720	0	0	
0	[SLPS]	0	446.777	43.534	0	278.757	0	0	
0	[SLPS]	0	446.777	43.534	0	278.757	0	0	
0	[SLPS]	0	446.585	43.567	0	279.277	0	0	
0	[SLPS]	0	446.391	43.601	0	279.783	0	0	
0	[SLPS]	0	446.391	43.601	0	279.783	0	0	
0	[SLPS]	0	446.014	43.681	0	280.780	0	0	
0	[SLPS]	0	446.014	43.681	0	280.780	0	0	
0	[SLPS]	0	445.816	43.732	0	281.264	0	0	
0	[SLPS]	0	445.620	43.774	0	281.735	0	0	
0	[SLPS]	0	445.620	43.774	0	281.735	0	0	
0	[SLPS]	0	445.226	43.881	0	282.674	0	0	
0	[SLPS]	0	445.226	43.881	0	282.674	0	0	
0	[SLPS]	0	445.026	43.933	0	283.153	0	0	
0	[SLPS]	0	444.831	43.988	0	283.641	0	0	
0	[SLPS]	0	444.831	43.988	0	283.641	0	0	
0	[SLPS]	0	444.427	44.103	0	284.606	0	0	
0	[SLPS]	0	444.427	44.103	0	284.606	0	0	
0	[SLPS]	0	444.221	44.164	0	285.089	0	0	
0	[SLPS]	0	444.012	44.232	0	285.579	0	0	
0	[SLPS]	0	444.012	44.232	0	285.579	0	0	
0	[SLPS]	0	443.595	44.363	0	286.590	0	0	
0	[SLPS]	0	443.595	44.363	0	286.590	0	0	
0	[SLPS]	0	443.385	44.435	0	287.122	0	0	
0	[SLPS]	0	443.173	44.509	0	287.675	0	0	
0	[SLPS]	0	443.173	44.509	0	287.675	0	0	
0	[SLPS]	0	442.749	44.672	0	288.819	0	0	
0	[SLPS]	0	442.749	44.672	0	288.819	0	0	
0	[SLPS]	0	442.321	44.845	0	289.974	0	0	
0	[SLPS]	0	442.321	44.845	0	289.974	0	0	
0	[SLPS]	0	442.103	44.929	0	290.571	0	0	
0	[SLPS]	0	441.879	45.024	0	291.177	0	0	
0	[SLPS]	0	441.879	45.024	0	291.177	0	0	
0	[SLPS]	0	441.433	45.222	0	292.403	0	0	
0	[SLPS]	0	441.433	45.222	0	292.403	0	0	
0	[SLPS]	0	441.206	45.330	0	293.017	0	0	
0	[SLPS]	0	440.980	45.442	0	293.632	0	0	
0	[SLPS]	0	440.980	45.442	0	293.632	0	0	
0	[SLPS]	0	440.518	45.673	0	294.877	0	0	
0	[SLPS]	0	440.518	45.673	0	294.877	0	0	
0	[SLPS]	0	440.288	45.793	0	295.509	0	0	
0	[SLPS]	0	440.050	45.925	0	296.147	0	0	
0	[SLPS]	0	440.050	45.925	0	296.147	0	0	
0	[SLPS]	0	439.574	46.189	0	297.416	0	0	
0	[SLPS]	0	439.574	46.189	0	297.416	0	0	
0	[SLPS]	0	439.335	46.328	0	298.032	0	0	
0	[SLPS]	0	439.095	46.469	0	298.629	0	0	
0	[SLPS]	0	438.856	46.615	0	299.229	0	0	
0	[SLPS]	0	438.615	46.770	0	299.844	0	0	
0	[SLPS]	0	438.615	46.770	0	299.844	0	0	
0	[SLPS]	0	438.373	46.925	0	300.477	0	0	
0	[SLPS]	0	438.139	47.093	0	301.125	0	0	
0	[SLPS]	0	437.902	47.255	0	301.773	0	0	
0	[SLPS]	0	437.658	47.423	0	302.421	0	0	
0	[SLPS]	0	437.658	47.423	0	302.421	0	0	
0	[SLPS]	0	437.174	47.770	0	303.757	0	0	
0	[SLPS]	0	437.174	47.770	0	303.757	0	0	
0	[SLPS]	0	436.931	47.950	0	304.430	0	0	
0	[SLPS]	0	436.684	48.141	0	305.108	0	0	
0	[SLPS]	0	436.684	48.141	0	305.108	0	0	
0	[SLPS]	0	436.194	48.525	0	306.477	0	0	
0	[SLPS]	0	436.194	48.525	0	306.477	0	0	
0	[SLPS]	0	435.948	48.721	0	307.161	0	0	
0	[SLPS]	0	435.706	48.921	0	307.853	0	0	
0	[SLPS]	0	435.706	48.921	0	307.853	0	0	
0	[SLPS]	0	435.224	49.330	0	309.237	0	0	
0	[SLPS]	0	435.224	49.330	0	309.237	0	0	
0	[SLPS]	0	434.984	49.547	0	309.920	0	0	
0	[SLPS]	0	434.744	49.769	0	310.583	0	0	
0	[SLPS]	0	434.744	49.769	0	310.583	0	0	
0	[SLPS]	0	434.267	50.224	0	311.837	0	0	
0	[SLPS]	0	434.267	50.224	0	311.837	0	0	
0	[SLPS]	0	434.030	50.462	0	312.440	0	0	
0	[SLPS]	0	433.793	50.703	0	313.015	0	0	
0	[SLPS]	0	433.557	50.950	0	313.582	0	0	
0	[SLPS]	0	433.313	51.208	0	314.133	0	0	
0	[SLPS]	0	433.313	51.208	0	314.133	0	0	
0	[SLPS]	0	432.832	51.722	0	315.174	0	0	
0	[SLPS]	0	432.832	51.722	0	315.174	0	0	
0	[SLPS]	0	432.589	51.990	0	315.658	0	0	
0	[SLPS]	0	432.346	52.261	0	316.128	0	0	
0	[SLPS]	0	432.346	52.261	0	316.128	0	0	
0	[SLPS]	0	431.862	52.821	0	317.015	0	0	
0	[SLPS]	0	431.862	52.821	0	317.015	0	0	
0	[SLPS]	0	431.622	53.106	0	317.431	0	0	
0	[SLPS]	0	431.385	53.397	0	317.816	0	0	
0	[SLPS]	0	431.385	53.397	0	317.816	0	0	
0	[SLPS]	0	430.900	53.976	0	318.482	0	0	
0	[SLPS]	0	430.900	53.976	0	318.482	0	0	
0	[SLPS]	0	430.660	54.273	0	318.771	0	0	
0	[SLPS]	0	430.421	54.556	0	319.033	0	0	
0	[SLPS]	0	430.421	54.556	0	319.033	0	0	
0	[SLPS]	0	429.936	55.146	0	319.513	0	0	
0	[SLPS]	0	429.936	55.146	0	319.513	0	0	
0	[SLPS]	0	429.695	55.439	0	319.717	0	0	
0	[SLPS]	0	429.451	55.737	0	319.908	0	0	
0	[SLPS]	0	429.451	55.737	0	319.908	0	0	
0	[SLPS]	0	428.967	56.339	0	320.229	0	0	
0	[SLPS]	0	428.967	56.339	0	320.229	0	0	
0	[SLPS]	0	428.482	56.947	0	320.498	0	0	
0	[SLPS]	0	428.482	56.947	0	320.498	0	0	
0	[SLPS]	0	428.238	57.248	0	320.604	0	0	
0	[SLPS]	0	427.997	57.554	0	320.701	0	0	
0	[SLPS]	0	427.997	57.554	0	320.701	0	0	
0	[SLPS]	0	427.519	58.162	0	320.883	0	0	
0	[SLPS]	0	427.519	58.162	0	320.883	0	0	
0	[SLPS]	0	427.283	58.474	0	320.972	0	0	
0	[SLPS]	0	427.045	58.777	0	321.052	0	0	
0	[SLPS]	0	427.045	58.777	0	321.052	0	0	
0	[SLPS]	0	426.561	59.391	0	321.199	0	0	
0	[SLPS]	0	426.561	59.391	0	321.199	0	0	
0	[SLPS]	0	426.320	59.705	0	321.270	0	0	
0	[SLPS]	0	426.079	60.019	0	321.348	0	0	
0	[SLPS]	0	426.079	60.019	0	321.348	0	0	
0	[SLPS]	0	425.593	60.643	0	321.495	0	0	
0	[SLPS]	0	425.593	60.643	0	321.495	0	0	
0	[SLPS]	0	425.348	60.958	0	321.568	0	0	
0	[SLPS]	0	425.109	61.275	0	321.638	0	0	
0	[SLPS]	0	425.109	61.275	0	321.638	0	0	
0	[SLPS]	0	424.627	61.911	0	321.786	0	0	
0	[SLPS]	0	424.627	61.911	0	321.786	0	0	
0	[SLPS]	0	424.385	62.231	0	321.862	0	0	
0	[SLPS]	0	424.143	62.552	0	321.932	0	0	
0	[SLPS]	0	424.143	62.552	0	321.932	0	0	
0	[SLPS]	0	423.660	63.192	0	322.065	0	0	
0	[SLPS]	0	423.660	63.192	0	322.065	0	0	
0	[SLPS]	0	423.419	63.524	0	322.130	0	0	
0	[SLPS]	0	423.178	63.847	0	322.198	0	0	
0	[SLPS]	0	422.933	64.166	0	322.257	0	0	
0	[SLPS]	0	422.697	64.491	0	322.311	0	0	
0	[SLPS]	0	422.697	64.491	0	322.311	0	0	
0	[SLPS]	0	422.467	64.820	0	322.362	0	0	
0	[SLPS]	0	422.234	65.141	0	322.417	0	0	
0	[SLPS]	0	421.997	65.466	0	322.473	0	0	
0	[SLPS]	0	421.755	65.788	0	322.529	0	0	
0	[SLPS]	0	421.755	65.788	0	322.529	0	0	
0	[SLPS]	0	421.512	66.112	0	322.583	0	0	
0	[SLPS]	0	421.265	66.434	0	322.635	0	0	
0	[SLPS]	0	421.026	66.759	0	322.684	0	0	
0	[SLPS]	0	420.788	67.072	0	322.802	0	0	
0	[SLPS]	0	420.788	67.072	0	322.802	0	0	
0	[SLPS]	0	420.304	67.717	0	322.922	0	0	
0	[SLPS]	0	420.304	67.717	0	322.922	0	0	
0	[SLPS]	0	420.069	68.041	0	323.008	0	0	
0	[SLPS]	0	419.829	68.373	0	323.083	0	0	
0	[SLPS]	0	419.829	68.373	0	323.083	0	0	
0	[SLPS]	0	419.352	69.017	0	323.137	0	0	
0	[SLPS]	0	419.352	69.017	0	323.137	0	0	
0	[SLPS]	0	419.106	69.334	0	323.098	0	0	
0	[SLPS]	0	418.871	69.663	0	323.152	0	0	
0	[SLPS]	0	418.871	69.663	0	323.152	0	0	
0	[SLPS]	0	418.400	70.313	0	323.199	0	0	
0	[SLPS]	0	418.400	70.313	0	323.199	0	0	
0	[SLPS]	0	418.161	70.632	0	323.176	0	0	
0	[SLPS]	0	417.917	70.949	0	323.137	0	0	
0	[SLPS]	0	417.917	70.949	0	323.137	0	0	
0	[SLPS]	0	417.439	71.596	0	323.111	0	0	
0	[SLPS]	0	417.439	71.596	0	323.111	0	0	
0	[SLPS]	0	416.969	72.242	0	323.137	0	0	
0	[SLPS]	0	416.969	72.242	0	323.137	0	0	
0	[SLPS]	0	416.730	72.560	0	323.108	0	0	
0	[SLPS]	0	416.489	72.881	0	323.087	0	0	
0	[SLPS]	0	416.489	72.881	0	323.087	0	0	
0	[SLPS]	0	416.013	73.516	0	323.047	0	0	
0	[SLPS]	0	416.013	73.516	0	323.047	0	0	
0	[SLPS]	0	415.776	73.841	0	323.056	0	0	
0	[SLPS]	0	415.536	74.157	0	323.020	0	0	
0	[SLPS]	0	415.536	74.157	0	323.020	0	0	
0	[SLPS]	0	415.063	74.798	0	323.008	0	0	
0	[SLPS]	0	415.063	74.798	0	323.008	0	0	
0	[SLPS]	0	414.823	75.117	0	322.980	0	0	
0	[SLPS]	0	414.591	75.434	0	322.974	0	0	
0	[SLPS]	0	414.591	75.434	0	322.974	0	0	
0	[SLPS]	0	414.117	76.066	0	322.918	0	0	
0	[SLPS]	0	414.117	76.066	0	322.918	0	0	
0	[SLPS]	0	413.875	76.386	0	322.893	0	0	
0	[SLPS]	0	413.636	76.708	0	322.884	0	0	
0	[SLPS]	0	413.636	76.708	0	322.884	0	0	
0	[SLPS]	0	413.162	77.346	0	322.864	0	0	
0	[SLPS]	0	413.162	77.346	0	322.864	0	0	
0	[SLPS]	0	412.920	77.665	0	322.832	0	0	
0	[SLPS]	0	412.681	77.982	0	322.806	0	0	
0	[SLPS]	0	412.681	77.982	0	322.806	0	0	
0	[SLPS]	0	412.208	78.617	0	322.774	0	0	
0	[SLPS]	0	412.208	78.617	0	322.774	0	0	
0	[SLPS]	0	411.966	78.936	0	322.755	0	0	
0	[SLPS]	0	411.724	79.255	0	322.733	0	0	
0	[SLPS]	0	411.485	79.573	0	322.707	0	0	
0	[SLPS]	0	411.246	79.891	0	322.698	0	0	
0	[SLPS]	0	411.246	79.891	0	322.698	0	0	
0	[SLPS]	0	410.762	80.536	0	322.673	0	0	
0	[SLPS]	0	410.762	80.536	0	322.673	0	0	
0	[SLPS]	0	410.521	80.849	0	322.644	0	0	
0	[SLPS]	0	410.280	81.168	0	322.626	0	0	
0	[SLPS]	0	410.280	81.168	0	322.626	0	0	
0	[SLPS]	0	409.801	81.812	0	322.610	0	0	
0	[SLPS]	0	409.801	81.812	0	322.610	0	0	
0	[SLPS]	0	409.556	82.120	0	322.580	0	0	
0	[SLPS]	0	409.313	82.441	0	322.587	0	0	
0	[SLPS]	0	409.313	82.441	0	322.587	0	0	
0	[SLPS]	0	408.833	83.080	0	322.616	0	0	
0	[SLPS]	0	408.833	83.080	0	322.616	0	0	
0	[SLPS]	0	408.595	83.397	0	322.632	0	0	
0	[SLPS]	0	408.356	83.713	0	322.634	0	0	
0	[SLPS]	0	408.115	84.029	0	322.633	0	0	
0	[SLPS]	0	407.870	84.340	0	322.618	0	0	
0	[SLPS]	0	407.870	84.340	0	322.618	0	0	
0	[SLPS]	0	407.390	84.981	0	322.639	0	0	
0	[SLPS]	0	407.390	84.981	0	322.639	0	0	
0	[SLPS]	0	407.147	85.296	0	322.641	0	0	
0	[SLPS]	0	406.906	85.618	0	322.664	0	0	
0	[SLPS]	0	406.906	85.618	0	322.664	0	0	
0	[SLPS]	0	406.426	86.252	0	322.715	0	0	
0	[SLPS]	0	406.426	86.252	0	322.715	0	0	
0	[SLPS]	0	406.186	86.576	0	322.764	0	0	
0	[SLPS]	0	405.944	86.893	0	322.803	0	0	
0	[SLPS]	0	405.944	86.893	0	322.803	0	0	
0	[SLPS]	0	405.469	87.533	0	322.926	0	0	
0	[SLPS]	0	405.469	87.533	0	322.926	0	0	
0	[SLPS]	0	405.231	87.855	0	322.992	0	0	
0	[SLPS]	0	404.995	88.175	0	323.060	0	0	
0	[SLPS]	0	404.995	88.175	0	323.060	0	0	
0	[SLPS]	0	404.523	88.811	0	323.180	0	0	
0	[SLPS]	0	404.523	88.811	0	323.180	0	0	
0	[SLPS]	0	404.289	89.131	0	323.240	0	0	
0	[SLPS]	0	404.057	89.450	0	323.301	0	0	
0	[SLPS]	0	404.057	89.450	0	323.301	0	0	
0	[SLPS]	0	403.582	90.083	0	323.425	0	0	
0	[SLPS]	0	403.582	90.083	0	323.425	0	0	
0	[SLPS]	0	403.355	90.406	0	323.487	0	0	
0	[SLPS]	0	403.122	90.725	0	323.547	0	0	
0	[SLPS]	0	403.122	90.725	0	323.547	0	0	
0	[SLPS]	0	402.661	91.366	0	323.674	0	0	
0	[SLPS]	0	402.661	91.366	0	323.674	0	0	
0	[SLPS]	0	402.433	91.693	0	323.744	0	0	
0	[SLPS]	0	402.202	92.010	0	323.815	0	0	
0	[SLPS]	0	401.973	92.329	0	323.886	0	0	
0	[SLPS]	0	401.749	92.644	0	323.956	0	0	
0	[SLPS]	0	401.749	92.644	0	323.956	0	0	
0	[SLPS]	0	401.295	93.282	0	324.106	0	0	
0	[SLPS]	0	401.295	93.282	0	324.106	0	0	
0	[SLPS]	0	401.072	93.599	0	324.186	0	0	
0	[SLPS]	0	400.845	93.917	0	324.262	0	0	
0	[SLPS]	0	400.845	93.917	0	324.262	0	0	
0	[SLPS]	0	400.393	94.557	0	324.411	0	0	
0	[SLPS]	0	400.393	94.557	0	324.411	0	0	
0	[SLPS]	0	400.170	94.876	0	324.482	0	0	
0	[SLPS]	0	399.942	95.194	0	324.554	0	0	
0	[SLPS]	0	399.942	95.194	0	324.554	0	0	
0	[SLPS]	0	399.500	95.840	0	324.699	0	0	
0	[SLPS]	0	399.500	95.840	0	324.699	0	0	
0	[SLPS]	0	399.279	96.157	0	324.765	0	0	
0	[SLPS]	0	399.060	96.480	0	324.828	0	0	
0	[SLPS]	0	399.060	96.480	0	324.828	0	0	
0	[SLPS]	0	398.618	97.119	0	324.950	0	0	
0	[SLPS]	0	398.618	97.119	0	324.950	0	0	
0	[SLPS]	0	398.395	97.436	0	325.013	0	0	
0	[SLPS]	0	398.178	97.757	0	325.081	0	0	
0	[SLPS]	0	398.178	97.757	0	325.081	0	0	
0	[SLPS]	0	397.741	98.389	0	325.219	0	0	
0	[SLPS]	0	397.741	98.389	0	325.219	0	0	
0	[SLPS]	0	397.523	98.707	0	325.288	0	0	
0	[SLPS]	0	397.305	99.025	0	325.351	0	0	
0	[SLPS]	0	397.305	99.025	0	325.351	0	0	
0	[SLPS]	0	396.875	99.664	0	325.490	0	0	
0	[SLPS]	0	396.875	99.664	0	325.490	0	0	
0	[SLPS]	0	396.660	99.983	0	325.558	0	0	
0	[SLPS]	0	396.453	100.300	0	325.626	0	0	
0	[SLPS]	0	396.453	100.300	0	325.626	0	0	
0	[SLPS]	0	396.027	100.940	0	325.755	0	0	
0	[SLPS]	0	396.027	100.940	0	325.755	0	0	
0	[SLPS]	0	395.815	101.259	0	325.816	0	0	
0	[SLPS]	0	395.605	101.573	0	325.879	0	0	
0	[SLPS]	0	395.605	101.573	0	325.879	0	0	
0	[SLPS]	0	395.184	102.207	0	326.005	0	0	
0	[SLPS]	0	395.184	102.207	0	326.005	0	0	
0	[SLPS]	0	394.978	102.523	0	326.072	0	0	
0	[SLPS]	0	394.765	102.840	0	326.141	0	0	
0	[SLPS]	0	394.559	103.159	0	326.204	0	0	
0	[SLPS]	0	394.339	103.481	0	326.258	0	0	
0	[SLPS]	0	394.339	103.481	0	326.258	0	0	
0	[SLPS]	0	393.927	104.118	0	326.368	0	0	
0	[SLPS]	0	393.927	104.118	0	326.368	0	0	
0	[SLPS]	0	393.721	104.433	0	326.432	0	0	
0	[SLPS]	0	393.511	104.750	0	326.497	0	0	
0	[SLPS]	0	393.511	104.750	0	326.497	0	0	
0	[SLPS]	0	393.097	105.388	0	326.629	0	0	
0	[SLPS]	0	393.097	105.388	0	326.629	0	0	
0	[SLPS]	0	392.891	105.710	0	326.687	0	0	
0	[SLPS]	0	392.685	106.023	0	326.746	0	0	
0	[SLPS]	0	392.685	106.023	0	326.746	0	0	
0	[SLPS]	0	392.279	106.655	0	326.830	0	0	
0	[SLPS]	0	392.279	106.655	0	326.830	0	0	
0	[SLPS]	0	392.073	106.972	0	326.842	0	0	
0	[SLPS]	0	391.868	107.290	0	326.845	0	0	
0	[SLPS]	0	391.868	107.290	0	326.845	0	0	
0	[SLPS]	0	391.463	107.927	0	326.835	0	0	
0	[SLPS]	0	391.463	107.927	0	326.835	0	0	
0	[SLPS]	0	391.260	108.246	0	326.844	0	0	
0	[SLPS]	0	391.051	108.560	0	326.836	0	0	
0	[SLPS]	0	391.051	108.560	0	326.836	0	0	
0	[SLPS]	0	390.638	109.195	0	326.837	0	0	
0	[SLPS]	0	390.638	109.195	0	326.837	0	0	
0	[SLPS]	0	390.429	109.512	0	326.824	0	0	
0	[SLPS]	0	390.223	109.830	0	326.805	0	0	
0	[SLPS]	0	390.223	109.830	0	326.805	0	0	
0	[SLPS]	0	389.813	110.462	0	326.808	0	0	
0	[SLPS]	0	389.813	110.462	0	326.808	0	0	
0	[SLPS]	0	389.606	110.778	0	326.800	0	0	
0	[SLPS]	0	389.401	111.094	0	326.788	0	0	
0	[SLPS]	0	389.401	111.094	0	326.788	0	0	
0	[SLPS]	0	388.997	111.722	0	326.755	0	0	
0	[SLPS]	0	388.997	111.722	0	326.755	0	0	
0	[SLPS]	0	388.589	112.350	0	326.713	0	0	
0	[SLPS]	0	388.589	112.350	0	326.713	0	0	
0	[SLPS]	0	388.384	112.664	0	326.681	0	0	
0	[SLPS]	0	388.173	112.964	0	326.623	0	0	
0	[SLPS]	0	388.173	112.964	0	326.623	0	0	
0	[SLPS]	0	387.768	113.592	0	326.591	0	0	
0	[SLPS]	0	387.768	113.592	0	326.591	0	0	
0	[SLPS]	0	387.562	113.903	0	326.573	0	0	
0	[SLPS]	0	387.358	114.220	0	326.558	0	0	
0	[SLPS]	0	387.358	114.220	0	326.558	0	0	
0	[SLPS]	0	387.152	114.534	0	326.519	0	0	
0	[SLPS]	0	386.937	114.853	0	326.461	0	0	
0	[SLPS]	0	386.734	115.167	0	326.422	0	0	
0	[SLPS]	0	386.525	115.474	0	326.363	0	0	
0	[SLPS]	0	386.525	115.474	0	326.363	0	0	
0	[SLPS]	0	386.117	116.107	0	326.308	0	0	
0	[SLPS]	0	386.117	116.107	0	326.308	0	0	
0	[SLPS]	0	385.910	116.417	0	326.270	0	0	
0	[SLPS]	0	385.703	116.735	0	326.246	0	0	
0	[SLPS]	0	385.703	116.735	0	326.246	0	0	
0	[SLPS]	0	385.281	117.364	0	326.154	0	0	
0	[SLPS]	0	385.281	117.364	0	326.154	0	0	
0	[SLPS]	0	385.073	117.677	0	326.104	0	0	
0	[SLPS]	0	384.868	117.978	0	326.051	0	0	
0	[SLPS]	0	384.868	117.978	0	326.051	0	0	
0	[SLPS]	0	384.452	118.604	0	325.937	0	0	
0	[SLPS]	0	384.452	118.604	0	325.937	0	0	
0	[SLPS]	0	384.030	119.223	0	325.814	0	0	
0	[SLPS]	0	384.030	119.223	0	325.814	0	0	
0	[SLPS]	0	383.822	119.532	0	325.749	0	0	
0	[SLPS]	0	383.612	119.839	0	325.687	0	0	
0	[SLPS]	0	383.612	119.839	0	325.687	0	0	
0	[SLPS]	0	383.186	120.455	0	325.557	0	0	
0	[SLPS]	0	383.186	120.455	0	325.557	0	0	
0	[SLPS]	0	382.974	120.763	0	325.488	0	0	
0	[SLPS]	0	382.761	121.074	0	325.422	0	0	
0	[SLPS]	0	382.761	121.074	0	325.422	0	0	
0	[SLPS]	0	382.331	121.691	0	325.280	0	0	
0	[SLPS]	0	382.331	121.691	0	325.280	0	0	
0	[SLPS]	0	382.118	121.999	0	325.214	0	0	
0	[SLPS]	0	381.906	122.307	0	325.153	0	0	
0	[SLPS]	0	381.906	122.307	0	325.153	0	0	
0	[SLPS]	0	381.481	122.919	0	325.034	0	0	
0	[SLPS]	0	381.481	122.919	0	325.034	0	0	
0	[SLPS]	0	381.263	123.227	0	324.968	0	0	
0	[SLPS]	0	381.046	123.534	0	324.900	0	0	
0	[SLPS]	0	381.046	123.534	0	324.900	0	0	
0	[SLPS]	0	380.621	124.142	0	324.766	0	0	
0	[SLPS]	0	380.621	124.142	0	324.766	0	0	
0	[SLPS]	0	380.407	124.446	0	324.713	0	0	
0	[SLPS]	0	380.192	124.751	0	324.656	0	0	
0	[SLPS]	0	380.192	124.751	0	324.656	0	0	
0	[SLPS]	0	379.765	125.354	0	324.538	0	0	
0	[SLPS]	0	379.765	125.354	0	324.538	0	0	
0	[SLPS]	0	379.550	125.663	0	324.477	0	0	
0	[SLPS]	0	379.335	125.963	0	324.410	0	0	
0	[SLPS]	0	379.118	126.268	0	324.347	0	0	
0	[SLPS]	0	378.899	126.573	0	324.278	0	0	
0	[SLPS]	0	378.899	126.573	0	324.278	0	0	
0	[SLPS]	0	378.463	127.172	0	324.151	0	0	
0	[SLPS]	0	378.463	127.172	0	324.151	0	0	
0	[SLPS]	0	378.245	127.471	0	324.089	0	0	
0	[SLPS]	0	378.026	127.772	0	324.029	0	0	
0	[SLPS]	0	378.026	127.772	0	324.029	0	0	
0	[SLPS]	0	377.596	128.372	0	323.902	0	0	
0	[SLPS]	0	377.596	128.372	0	323.902	0	0	
0	[SLPS]	0	377.377	128.671	0	323.836	0	0	
0	[SLPS]	0	377.155	128.972	0	323.773	0	0	
0	[SLPS]	0	377.155	128.972	0	323.773	0	0	
0	[SLPS]	0	376.714	129.570	0	323.645	0	0	
0	[SLPS]	0	376.714	129.570	0	323.645	0	0	
0	[SLPS]	0	376.494	129.869	0	323.584	0	0	
0	[SLPS]	0	376.281	130.168	0	323.520	0	0	
0	[SLPS]	0	376.281	130.168	0	323.520	0	0	
0	[SLPS]	0	375.833	130.758	0	323.395	0	0	
0	[SLPS]	0	375.833	130.758	0	323.395	0	0	
0	[SLPS]	0	375.614	131.055	0	323.330	0	0	
0	[SLPS]	0	375.391	131.346	0	323.261	0	0	
0	[SLPS]	0	375.170	131.646	0	323.192	0	0	
0	[SLPS]	0	374.951	131.943	0	323.124	0	0	
0	[SLPS]	0	374.951	131.943	0	323.124	0	0	
0	[SLPS]	0	374.507	132.533	0	323.000	0	0	
0	[SLPS]	0	374.507	132.533	0	323.000	0	0	
0	[SLPS]	0	374.273	132.826	0	322.942	0	0	
0	[SLPS]	0	374.049	133.120	0	322.882	0	0	
0	[SLPS]	0	374.049	133.120	0	322.882	0	0	
0	[SLPS]	0	373.594	133.694	0	322.756	0	0	
0	[SLPS]	0	373.594	133.694	0	322.756	0	0	
0	[SLPS]	0	373.365	133.989	0	322.696	0	0	
0	[SLPS]	0	373.133	134.278	0	322.641	0	0	
0	[SLPS]	0	373.133	134.278	0	322.641	0	0	
0	[SLPS]	0	372.695	134.856	0	322.568	0	0	
0	[SLPS]	0	372.695	134.856	0	322.568	0	0	
0	[SLPS]	0	372.478	135.144	0	322.539	0	0	
0	[SLPS]	0	372.250	135.436	0	322.498	0	0	
0	[SLPS]	0	372.250	135.436	0	322.498	0	0	
0	[SLPS]	0	371.817	136.020	0	322.455	0	0	
0	[SLPS]	0	371.817	136.020	0	322.455	0	0	
0	[SLPS]	0	371.609	136.318	0	322.457	0	0	
0	[SLPS]	0	371.392	136.609	0	322.427	0	0	
0	[SLPS]	0	371.392	136.609	0	322.427	0	0	
0	[SLPS]	0	370.949	137.202	0	322.381	0	0	
0	[SLPS]	0	370.949	137.202	0	322.381	0	0	
0	[SLPS]	0	370.726	137.496	0	322.352	0	0	
0	[SLPS]	0	370.506	137.786	0	322.331	0	0	
0	[SLPS]	0	370.506	137.786	0	322.331	0	0	
0	[SLPS]	0	370.068	138.361	0	322.284	0	0	
0	[SLPS]	0	370.068	138.361	0	322.284	0	0	
0	[SLPS]	0	369.621	138.937	0	322.227	0	0	
0	[SLPS]	0	369.621	138.937	0	322.227	0	0	
0	[SLPS]	0	369.397	139.222	0	322.198	0	0	
0	[SLPS]	0	369.182	139.511	0	322.183	0	0	
0	[SLPS]	0	369.182	139.511	0	322.183	0	0	
0	[SLPS]	0	368.733	140.078	0	322.138	0	0	
0	[SLPS]	0	368.733	140.078	0	322.138	0	0	
0	[SLPS]	0	368.513	140.362	0	322.131	0	0	
0	[SLPS]	0	368.289	140.649	0	322.141	0	0	
0	[SLPS]	0	368.289	140.649	0	322.141	0	0	
0	[SLPS]	0	367.845	141.213	0	322.159	0	0	
0	[SLPS]	0	367.845	141.213	0	322.159	0	0	
0	[SLPS]	0	367.624	141.496	0	322.163	0	0	
0	[SLPS]	0	367.414	141.782	0	322.187	0	0	
0	[SLPS]	0	367.414	141.782	0	322.187	0	0	
0	[SLPS]	0	366.992	142.350	0	322.198	0	0	
0	[SLPS]	0	366.992	142.350	0	322.198	0	0	
0	[SLPS]	0	366.562	142.914	0	322.206	0	0	
0	[SLPS]	0	366.562	142.914	0	322.206	0	0	
0	[SLPS]	0	366.351	143.190	0	322.211	0	0	
0	[SLPS]	0	366.142	143.472	0	322.232	0	0	
0	[SLPS]	0	366.142	143.472	0	322.232	0	0	
0	[SLPS]	0	365.716	144.025	0	322.234	0	0	
0	[SLPS]	0	365.716	144.025	0	322.234	0	0	
0	[SLPS]	0	365.502	144.298	0	322.226	0	0	
0	[SLPS]	0	365.293	144.572	0	322.236	0	0	
0	[SLPS]	0	365.293	144.572	0	322.236	0	0	
0	[SLPS]	0	364.874	145.115	0	322.257	0	0	
0	[SLPS]	0	364.874	145.115	0	322.257	0	0	
0	[SLPS]	0	364.649	145.384	0	322.236	0	0	
0	[SLPS]	0	364.436	145.655	0	322.236	0	0	
0	[SLPS]	0	364.436	145.655	0	322.236	0	0	
0	[SLPS]	0	364.024	146.196	0	322.252	0	0	
0	[SLPS]	0	364.024	146.196	0	322.252	0	0	
0	[SLPS]	0	363.812	146.466	0	322.265	0	0	
0	[SLPS]	0	363.604	146.736	0	322.279	0	0	
0	[SLPS]	0	363.604	146.736	0	322.279	0	0	
0	[SLPS]	0	363.187	147.274	0	322.277	0	0	
0	[SLPS]	0	363.187	147.274	0	322.277	0	0	
0	[SLPS]	0	362.979	147.542	0	322.276	0	0	
0	[SLPS]	0	362.773	147.813	0	322.279	0	0	
0	[SLPS]	0	362.566	148.081	0	322.287	0	0	
0	[SLPS]	0	362.361	148.357	0	322.309	0	0	
0	[SLPS]	0	362.361	148.357	0	322.309	0	0	
0	[SLPS]	0	362.159	148.625	0	322.315	0	0	
0	[SLPS]	0	361.951	148.896	0	322.310	0	0	
0	[SLPS]	0	361.744	149.171	0	322.307	0	0	
0	[SLPS]	0	361.537	149.439	0	322.299	0	0	
0	[SLPS]	0	361.537	149.439	0	322.299	0	0	
0	[SLPS]	0	361.118	149.987	0	322.309	0	0	
0	[SLPS]	0	361.118	149.987	0	322.309	0	0	
0	[SLPS]	0	360.919	150.258	0	322.318	0	0	
0	[SLPS]	0	360.700	150.523	0	322.292	0	0	
0	[SLPS]	0	360.700	150.523	0	322.292	0	0	
0	[SLPS]	0	360.292	151.061	0	322.292	0	0	
0	[SLPS]	0	360.292	151.061	0	322.292	0	0	
0	[SLPS]	0	360.085	151.327	0	322.290	0	0	
0	[SLPS]	0	359.885	151.591	0	322.303	0	0	
0	[SLPS]	0	359.885	151.591	0	322.303	0	0	
0	[SLPS]	0	359.487	152.109	0	322.325	0	0	
0	[SLPS]	0	359.487	152.109	0	322.325	0	0	
0	[SLPS]	0	359.287	152.369	0	322.337	0	0	
0	[SLPS]	0	359.086	152.622	0	322.329	0	0	
0	[SLPS]	0	359.086	152.622	0	322.329	0	0	
0	[SLPS]	0	358.690	153.134	0	322.342	0	0	
0	[SLPS]	0	358.690	153.134	0	322.342	0	0	
0	[SLPS]	0	358.500	153.393	0	322.362	0	0	
0	[SLPS]	0	358.305	153.651	0	322.373	0	0	
0	[SLPS]	0	358.305	153.651	0	322.373	0	0	
0	[SLPS]	0	357.916	154.163	0	322.392	0	0	
0	[SLPS]	0	357.916	154.163	0	322.392	0	0	
0	[SLPS]	0	357.727	154.423	0	322.409	0	0	
0	[SLPS]	0	357.526	154.674	0	322.408	0	0	
0	[SLPS]	0	357.526	154.674	0	322.408	0	0	
0	[SLPS]	0	357.139	155.174	0	322.426	0	0	
0	[SLPS]	0	357.139	155.174	0	322.426	0	0	
0	[SLPS]	0	356.950	155.430	0	322.443	0	0	
0	[SLPS]	0	356.756	155.680	0	322.451	0	0	
0	[SLPS]	0	356.571	155.935	0	322.471	0	0	
0	[SLPS]	0	356.384	156.185	0	322.480	0	0	
0	[SLPS]	0	356.384	156.185	0	322.480	0	0	
0	[SLPS]	0	356.192	156.426	0	322.478	0	0	
0	[SLPS]	0	356.005	156.683	0	322.493	0	0	
0	[SLPS]	0	355.818	156.933	0	322.504	0	0	
0	[SLPS]	0	355.634	157.182	0	322.525	0	0	
0	[SLPS]	0	355.634	157.182	0	322.525	0	0	
0	[SLPS]	0	355.268	157.670	0	322.560	0	0	
0	[SLPS]	0	355.268	157.670	0	322.560	0	0	
0	[SLPS]	0	355.081	157.919	0	322.585	0	0	
0	[SLPS]	0	354.908	158.160	0	322.613	0	0	
0	[SLPS]	0	354.908	158.160	0	322.613	0	0	
0	[SLPS]	0	354.538	158.630	0	322.650	0	0	
0	[SLPS]	0	354.538	158.630	0	322.650	0	0	
0	[SLPS]	0	354.351	158.866	0	322.691	0	0	
0	[SLPS]	0	354.174	159.109	0	322.750	0	0	
0	[SLPS]	0	354.174	159.109	0	322.750	0	0	
0	[SLPS]	0	353.821	159.583	0	322.914	0	0	
0	[SLPS]	0	353.821	159.583	0	322.914	0	0	
0	[SLPS]	0	353.646	159.821	0	323.026	0	0	
0	[SLPS]	0	353.470	160.056	0	323.157	0	0	
0	[SLPS]	0	353.470	160.056	0	323.157	0	0	
0	[SLPS]	0	353.125	160.524	0	323.449	0	0	
0	[SLPS]	0	353.125	160.524	0	323.449	0	0	
0	[SLPS]	0	352.958	160.763	0	323.638	0	0	
0	[SLPS]	0	352.785	160.993	0	323.833	0	0	
0	[SLPS]	0	352.624	161.228	0	324.044	0	0	
0	[SLPS]	0	352.445	161.460	0	324.273	0	0	
0	[SLPS]	0	352.445	161.460	0	324.273	0	0	
0	[SLPS]	0	352.123	161.926	0	324.770	0	0	
0	[SLPS]	0	352.123	161.926	0	324.770	0	0	
0	[SLPS]	0	351.962	162.157	0	325.029	0	0	
0	[SLPS]	0	351.802	162.386	0	325.321	0	0	
0	[SLPS]	0	351.802	162.386	0	325.321	0	0	
0	[SLPS]	0	351.501	162.853	0	325.982	0	0	
0	[SLPS]	0	351.501	162.853	0	325.982	0	0	
0	[SLPS]	0	351.353	163.081	0	326.331	0	0	
0	[SLPS]	0	351.211	163.313	0	326.688	0	0	
0	[SLPS]	0	351.211	163.313	0	326.688	0	0	
0	[SLPS]	0	350.920	163.781	0	327.455	0	0	
0	[SLPS]	0	350.920	163.781	0	327.455	0	0	
0	[SLPS]	0	350.793	164.014	0	327.872	0	0	
0	[SLPS]	0	350.654	164.243	0	328.309	0	0	
0	[SLPS]	0	350.654	164.243	0	328.309	0	0	
0	[SLPS]	0	350.392	164.708	0	329.262	0	0	
0	[SLPS]	0	350.392	164.708	0	329.262	0	0	
0	[SLPS]	0	350.263	164.940	0	329.780	0	0	
0	[SLPS]	0	350.150	165.185	0	330.317	0	0	
0	[SLPS]	0	350.039	165.434	0	330.886	0	0	
0	[SLPS]	0	349.913	165.667	0	331.471	0	0	
0	[SLPS]	0	349.913	165.667	0	331.471	0	0	
0	[SLPS]	0	349.690	166.143	0	332.710	0	0	
0	[SLPS]	0	349.690	166.143	0	332.710	0	0	
0	[SLPS]	0	349.584	166.376	0	333.358	0	0	
0	[SLPS]	0	349.470	166.603	0	334.014	0	0	
0	[SLPS]	0	349.470	166.603	0	334.014	0	0	
0	[SLPS]	0	349.267	167.062	0	335.350	0	0	
0	[SLPS]	0	349.267	167.062	0	335.350	0	0	
0	[SLPS]	0	349.173	167.293	0	336.051	0	0	
0	[SLPS]	0	349.082	167.525	0	336.772	0	0	
0	[SLPS]	0	349.082	167.525	0	336.772	0	0	
0	[SLPS]	0	348.913	167.987	0	338.262	0	0	
0	[SLPS]	0	348.913	167.987	0	338.262	0	0	
0	[SLPS]	0	348.832	168.224	0	339.039	0	0	
0	[SLPS]	0	348.759	168.456	0	339.839	0	0	
0	[SLPS]	0	348.759	168.456	0	339.839	0	0	
0	[SLPS]	0	348.621	168.916	0	341.499	0	0	
0	[SLPS]	0	348.621	168.916	0	341.499	0	0	
0	[SLPS]	0	348.562	169.151	0	342.349	0	0	
0	[SLPS]	0	348.500	169.383	0	343.217	0	0	
0	[SLPS]	0	348.453	169.619	0	344.115	0	0	
0	[SLPS]	0	348.407	169.852	0	345.040	0	0	
0	[SLPS]	0	348.407	169.852	0	345.040	0	0	
0	[SLPS]	0	348.323	170.318	0	346.942	0	0	
0	[SLPS]	0	348.323	170.318	0	346.942	0	0	
0	[SLPS]	0	348.292	170.553	0	347.882	0	0	
0	[SLPS]	0	348.257	170.785	0	348.804	0	0	
0	[SLPS]	0	348.257	170.785	0	348.804	0	0	
0	[SLPS]	0	348.205	171.241	0	350.620	0	0	
0	[SLPS]	0	348.205	171.241	0	350.620	0	0	
0	[SLPS]	0	348.183	171.469	0	351.531	0	0	
0	[SLPS]	0	348.167	171.696	0	352.441	0	0	
0	[SLPS]	0	348.167	171.696	0	352.441	0	0	
0	[SLPS]	0	348.150	172.153	0	354.278	0	0	
0	[SLPS]	0	348.150	172.153	0	354.278	0	0	
0	[SLPS]	0	348.142	172.379	0	355.214	0	0	
0	[SLPS]	0	348.138	172.606	0	356.144	0	0	
0	[SLPS]	0	348.138	172.606	0	356.144	0	0	
0	[SLPS]	0	348.134	173.060	0	357.956	0	0	
0	[SLPS]	0	348.134	173.060	0	357.956	0	0	
0	[SLPS]	0	348.139	173.286	0	358.855	0	0	
0	[SLPS]	0	348.146	173.514	0	359.755	0	0	
0	[SLPS]	0	348.146	173.514	0	359.755	0	0	
0	[SLPS]	0	348.174	173.971	0	1.602	0	0	
0	[SLPS]	0	348.174	173.971	0	1.602	0	0	
0	[SLPS]	0	348.193	174.195	0	2.529	0	0	
0	[SLPS]	0	348.210	174.416	0	3.474	0	0	
0	[SLPS]	0	348.210	174.416	0	3.474	0	0	
0	[SLPS]	0	348.278	174.865	0	5.424	0	0	
0	[SLPS]	0	348.278	174.865	0	5.424	0	0	
0	[SLPS]	0	348.315	175.081	0	6.441	0	0	
0	[SLPS]	0	348.356	175.300	0	7.460	0	0	
0	[SLPS]	0	348.356	175.300	0	7.460	0	0	
0	[SLPS]	0	348.444	175.737	0	9.432	0	0	
0	[SLPS]	0	348.444	175.737	0	9.432	0	0	
0	[SLPS]	0	348.493	175.954	0	10.395	0	0	
0	[SLPS]	0	348.544	176.179	0	11.352	0	0	
0	[SLPS]	0	348.602	176.395	0	12.318	0	0	
0	[SLPS]	0	348.665	176.611	0	13.290	0	0	
0	[SLPS]	0	348.665	176.611	0	13.290	0	0	
0	[SLPS]	0	348.732	176.825	0	14.264	0	0	
0	[SLPS]	0	348.807	177.039	0	15.240	0	0	
0	[SLPS]	0	348.807	177.039	0	15.240	0	0	
0	[SLPS]	0	348.961	177.465	0	17.176	0	0	
0	[SLPS]	0	348.961	177.465	0	17.176	0	0	
0	[SLPS]	0	349.039	177.675	0	18.123	0	0	
0	[SLPS]	0	349.129	177.885	0	19.073	0	0	
0	[SLPS]	0	349.219	178.095	0	20.014	0	0	
0	[SLPS]	0	349.308	178.302	0	20.939	0	0	
0	[SLPS]	0	349.308	178.302	0	20.939	0	0	
0	[SLPS]	0	349.406	178.507	0	21.855	0	0	
0	[SLPS]	0	349.509	178.713	0	22.768	0	0	
0	[SLPS]	0	349.623	178.920	0	23.674	0	0	
0	[SLPS]	0	349.730	179.124	0	24.570	0	0	
0	[SLPS]	0	349.730	179.124	0	24.570	0	0	
0	[SLPS]	0	349.834	179.324	0	25.450	0	0	
0	[SLPS]	0	349.944	179.525	0	26.326	0	0	
0	[SLPS]	0	349.944	179.525	0	26.326	0	0	
0	[SLPS]	0	350.184	179.927	0	28.094	0	0	
0	[SLPS]	0	350.184	179.927	0	28.094	0	0	
0	[SLPS]	0	350.429	180.318	0	29.875	0	0	
0	[SLPS]	0	350.429	180.318	0	29.875	0	0	
0	[SLPS]	0	350.557	180.515	0	30.751	0	0	
0	[SLPS]	0	350.688	180.708	0	31.628	0	0	
0	[SLPS]	0	350.688	180.708	0	31.628	0	0	
0	[SLPS]	0	350.958	181.085	0	33.442	0	0	
0	[SLPS]	0	350.958	181.085	0	33.442	0	0	
0	[SLPS]	0	351.099	181.268	0	34.366	0	0	
0	[SLPS]	0	351.240	181.460	0	35.301	0	0	
0	[SLPS]	0	351.240	181.460	0	35.301	0	0	
0	[SLPS]	0	351.536	181.836	0	37.125	0	0	
0	[SLPS]	0	351.536	181.836	0	37.125	0	0	
0	[SLPS]	0	351.690	182.011	0	38.025	0	0	
0	[SLPS]	0	351.847	182.191	0	38.928	0	0	
0	[SLPS]	0	351.847	182.191	0	38.928	0	0	
0	[SLPS]	0	352.176	182.541	0	40.747	0	0	
0	[SLPS]	0	352.176	182.541	0	40.747	0	0	
0	[SLPS]	0	352.341	182.714	0	41.659	0	0	
0	[SLPS]	0	352.513	182.871	0	42.580	0	0	
0	[SLPS]	0	352.513	182.871	0	42.580	0	0	
0	[SLPS]	0	352.866	183.198	0	44.467	0	0	
0	[SLPS]	0	352.866	183.198	0	44.467	0	0	
0	[SLPS]	0	353.042	183.350	0	45.393	0	0	
0	[SLPS]	0	353.232	183.510	0	46.303	0	0	
0	[SLPS]	0	353.232	183.510	0	46.303	0	0	
0	[SLPS]	0	353.616	183.827	0	48.039	0	0	
0	[SLPS]	0	353.616	183.827	0	48.039	0	0	
0	[SLPS]	0	353.802	183.982	0	48.870	0	0	
0	[SLPS]	0	354.003	184.139	0	49.667	0	0	
0	[SLPS]	0	354.003	184.139	0	49.667	0	0	
0	[SLPS]	0	354.406	184.434	0	51.164	0	0	
0	[SLPS]	0	354.406	184.434	0	51.164	0	0	
0	[SLPS]	0	354.607	184.585	0	51.851	0	0	
0	[SLPS]	0	354.831	184.726	0	52.491	0	0	
0	[SLPS]	0	354.831	184.726	0	52.491	0	0	
0	[SLPS]	0	355.245	185.014	0	53.646	0	0	
0	[SLPS]	0	355.245	185.014	0	53.646	0	0	
0	[SLPS]	0	355.459	185.163	0	54.171	0	0	
0	[SLPS]	0	355.668	185.299	0	54.670	0	0	
0	[SLPS]	0	355.668	185.299	0	54.670	0	0	
0	[SLPS]	0	356.102	185.584	0	55.580	0	0	
0	[SLPS]	0	356.102	185.584	0	55.580	0	0	
0	[SLPS]	0	356.333	185.717	0	55.983	0	0	
0	[SLPS]	0	356.545	185.856	0	56.334	0	0	
0	[SLPS]	0	356.755	185.987	0	56.621	0	0	
0	[SLPS]	0	356.965	186.131	0	56.855	0	0	
0	[SLPS]	0	356.965	186.131	0	56.855	0	0	
0	[SLPS]	0	357.192	186.267	0	57.059	0	0	
0	[SLPS]	0	357.402	186.400	0	57.246	0	0	
0	[SLPS]	0	357.402	186.400	0	57.246	0	0	
0	[SLPS]	0	357.839	186.676	0	57.588	0	0	
0	[SLPS]	0	357.839	186.676	0	57.588	0	0	
0	[SLPS]	0	358.066	186.812	0	57.745	0	0	
0	[SLPS]	0	358.285	186.962	0	57.877	0	0	
0	[SLPS]	0	358.514	187.105	0	57.982	0	0	
0	[SLPS]	0	358.740	187.235	0	58.061	0	0	
0	[SLPS]	0	358.740	187.235	0	58.061	0	0	
0	[SLPS]	0	359.200	187.510	0	58.183	0	0	
0	[SLPS]	0	359.200	187.510	0	58.183	0	0	
0	[SLPS]	0	359.429	187.661	0	58.241	0	0	
0	[SLPS]	0	359.664	187.796	0	58.298	0	0	
0	[SLPS]	0	359.664	187.796	0	58.298	0	0	
0	[SLPS]	0	359.908	187.942	0	58.357	0	0	
0	[SLPS]	0	360.143	188.083	0	58.413	0	0	
0	[SLPS]	0	360.377	188.236	0	58.441	0	0	
0	[SLPS]	0	360.627	188.384	0	58.488	0	0	
0	[SLPS]	0	360.627	188.384	0	58.488	0	0	
0	[SLPS]	0	361.116	188.666	0	58.596	0	0	
0	[SLPS]	0	361.116	188.666	0	58.596	0	0	
0	[SLPS]	0	361.380	188.814	0	58.665	0	0	
0	[SLPS]	0	361.621	188.959	0	58.686	0	0	
0	[SLPS]	0	361.621	188.959	0	58.686	0	0	
0	[SLPS]	0	362.137	189.284	0	58.698	0	0	
0	[SLPS]	0	362.137	189.284	0	58.698	0	0	
0	[SLPS]	0	362.394	189.439	0	58.712	0	0	
0	[SLPS]	0	362.655	189.577	0	58.779	0	0	
0	[SLPS]	0	362.912	189.737	0	58.791	0	0	
0	[SLPS]	0	363.177	189.898	0	58.819	0	0	
0	[SLPS]	0	363.177	189.898	0	58.819	0	0	
0	[SLPS]	0	363.442	190.055	0	58.839	0	0	
0	[SLPS]	0	363.707	190.216	0	58.871	0	0	
0	[SLPS]	0	363.707	190.216	0	58.871	0	0	
0	[SLPS]	0	364.246	190.543	0	58.994	0	0	
0	[SLPS]	0	364.246	190.543	0	58.994	0	0	
0	[SLPS]	0	364.516	190.702	0	59.088	0	0	
0	[SLPS]	0	364.782	190.878	0	59.185	0	0	
0	[SLPS]	0	365.071	191.039	0	59.294	0	0	
0	[SLPS]	0	365.352	191.208	0	59.398	0	0	
0	[SLPS]	0	365.352	191.208	0	59.398	0	0	
0	[SLPS]	0	365.929	191.535	0	59.573	0	0	
0	[SLPS]	0	365.929	191.535	0	59.573	0	0	
0	[SLPS]	0	366.226	191.697	0	59.645	0	0	
0	[SLPS]	0	366.512	191.864	0	59.716	0	0	
0	[SLPS]	0	366.512	191.864	0	59.716	0	0	
0	[SLPS]	0	367.115	192.196	0	59.832	0	0	
0	[SLPS]	0	367.115	192.196	0	59.832	0	0	
0	[SLPS]	0	367.419	192.368	0	59.877	0	0	
0	[SLPS]	0	367.720	192.536	0	59.935	0	0	
0	[SLPS]	0	367.720	192.536	0	59.935	0	0	
0	[SLPS]	0	368.318	192.890	0	60.029	0	0	
0	[SLPS]	0	368.318	192.890	0	60.029	0	0	
0	[SLPS]	0	368.617	193.059	0	60.078	0	0	
0	[SLPS]	0	368.930	193.235	0	60.138	0	0	
0	[SLPS]	0	368.930	193.235	0	60.138	0	0	
0	[SLPS]	0	369.531	193.590	0	60.229	0	0	
0	[SLPS]	0	369.531	193.590	0	60.229	0	0	
0	[SLPS]	0	369.851	193.751	0	60.328	0	0	
0	[SLPS]	0	370.155	193.920	0	60.394	0	0	
0	[SLPS]	0	370.155	193.920	0	60.394	0	0	
0	[SLPS]	0	370.784	194.282	0	60.534	0	0	
0	[SLPS]	0	370.784	194.282	0	60.534	0	0	
0	[SLPS]	0	371.101	194.459	0	60.589	0	0	
0	[SLPS]	0	371.418	194.637	0	60.645	0	0	
0	[SLPS]	0	371.418	194.637	0	60.645	0	0	
0	[SLPS]	0	372.046	194.981	0	60.717	0	0	
0	[SLPS]	0	372.046	194.981	0	60.717	0	0	
0	[SLPS]	0	372.376	195.157	0	60.781	0	0	
0	[SLPS]	0	372.704	195.312	0	60.834	0	0	
0	[SLPS]	0	372.704	195.312	0	60.834	0	0	
0	[SLPS]	0	373.329	195.661	0	60.928	0	0	
0	[SLPS]	0	373.329	195.661	0	60.928	0	0	
0	[SLPS]	0	373.654	195.842	0	60.988	0	0	
0	[SLPS]	0	373.972	196.031	0	61.041	0	0	
0	[SLPS]	0	374.294	196.207	0	61.091	0	0	
0	[SLPS]	0	374.600	196.397	0	61.146	0	0	
0	[SLPS]	0	374.600	196.397	0	61.146	0	0	
0	[SLPS]	0	374.927	196.556	0	61.206	0	0	
0	[SLPS]	0	375.264	196.735	0	61.264	0	0	
0	[SLPS]	0	375.264	196.735	0	61.264	0	0	
0	[SLPS]	0	375.917	197.065	0	61.406	0	0	
0	[SLPS]	0	375.917	197.065	0	61.406	0	0	
0	[SLPS]	0	376.238	197.252	0	61.413	0	0	
0	[SLPS]	0	376.565	197.424	0	61.456	0	0	
0	[SLPS]	0	376.565	197.424	0	61.456	0	0	
0	[SLPS]	0	377.211	197.788	0	61.523	0	0	
0	[SLPS]	0	377.211	197.788	0	61.523	0	0	
0	[SLPS]	0	377.856	198.153	0	61.591	0	0	
0	[SLPS]	0	377.856	198.153	0	61.591	0	0	
0	[SLPS]	0	378.182	198.330	0	61.592	0	0	
0	[SLPS]	0	378.506	198.507	0	61.581	0	0	
0	[SLPS]	0	378.506	198.507	0	61.581	0	0	
0	[SLPS]	0	379.168	198.855	0	61.601	0	0	
0	[SLPS]	0	379.168	198.855	0	61.601	0	0	
0	[SLPS]	0	379.495	199.032	0	61.609	0	0	
0	[SLPS]	0	379.822	199.225	0	61.582	0	0	
0	[SLPS]	0	379.822	199.225	0	61.582	0	0	
0	[SLPS]	0	380.478	199.588	0	61.557	0	0	
0	[SLPS]	0	380.478	199.588	0	61.557	0	0	
0	[SLPS]	0	380.806	199.768	0	61.551	0	0	
0	[SLPS]	0	381.143	199.962	0	61.534	0	0	
0	[SLPS]	0	381.143	199.962	0	61.534	0	0	
0	[SLPS]	0	381.807	200.317	0	61.548	0	0	
0	[SLPS]	0	381.807	200.317	0	61.548	0	0	
0	[SLPS]	0	382.138	200.490	0	61.558	0	0	
0	[SLPS]	0	382.475	200.677	0	61.537	0	0	
0	[SLPS]	0	382.813	200.859	0	61.530	0	0	
0	[SLPS]	0	383.151	201.035	0	61.530	0	0	
0	[SLPS]	0	383.151	201.035	0	61.530	0	0	
0	[SLPS]	0	383.821	201.397	0	61.527	0	0	
0	[SLPS]	0	383.821	201.397	0	61.527	0	0	
0	[SLPS]	0	384.160	201.579	0	61.557	0	0	
0	[SLPS]	0	384.500	201.764	0	61.545	0	0	
0	[SLPS]	0	384.500	201.764	0	61.545	0	0	
0	[SLPS]	0	384.827	201.951	0	61.524	0	0	
0	[SLPS]	0	385.155	202.130	0	61.517	0	0	
0	[SLPS]	0	385.501	202.307	0	61.534	0	0	
0	[SLPS]	0	385.838	202.501	0	61.511	0	0	
0	[SLPS]	0	385.838	202.501	0	61.511	0	0	
0	[SLPS]	0	386.523	202.860	0	61.522	0	0	
0	[SLPS]	0	386.523	202.860	0	61.522	0	0	
0	[SLPS]	0	386.866	203.037	0	61.515	0	0	
0	[SLPS]	0	387.198	203.229	0	61.473	0	0	
0	[SLPS]	0	387.198	203.229	0	61.473	0	0	
0	[SLPS]	0	387.884	203.592	0	61.439	0	0	
0	[SLPS]	0	387.884	203.592	0	61.439	0	0	
0	[SLPS]	0	388.226	203.772	0	61.424	0	0	
0	[SLPS]	0	388.568	203.964	0	61.385	0	0	
0	[SLPS]	0	388.568	203.964	0	61.385	0	0	
0	[SLPS]	0	389.244	204.342	0	61.312	0	0	
0	[SLPS]	0	389.244	204.342	0	61.312	0	0	
0	[SLPS]	0	389.585	204.520	0	61.300	0	0	
0	[SLPS]	0	389.929	204.709	0	61.266	0	0	
0	[SLPS]	0	389.929	204.709	0	61.266	0	0	
0	[SLPS]	0	390.610	205.094	0	61.183	0	0	
0	[SLPS]	0	390.610	205.094	0	61.183	0	0	
0	[SLPS]	0	390.949	205.277	0	61.162	0	0	
0	[SLPS]	0	391.287	205.461	0	61.143	0	0	
0	[SLPS]	0	391.287	205.461	0	61.143	0	0	
0	[SLPS]	0	391.973	205.860	0	61.056	0	0	
0	[SLPS]	0	391.973	205.860	0	61.056	0	0	
0	[SLPS]	0	392.308	206.050	0	61.024	0	0	
0	[SLPS]	0	392.644	206.242	0	60.990	0	0	
0	[SLPS]	0	392.644	206.242	0	60.990	0	0	
0	[SLPS]	0	393.335	206.632	0	60.926	0	0	
0	[SLPS]	0	393.335	206.632	0	60.926	0	0	
0	[SLPS]	0	393.674	206.817	0	60.901	0	0	
0	[SLPS]	0	394.019	207.009	0	60.870	0	0	
0	[SLPS]	0	394.019	207.009	0	60.870	0	0	
0	[SLPS]	0	394.709	207.386	0	60.821	0	0	
0	[SLPS]	0	394.709	207.386	0	60.821	0	0	
0	[SLPS]	0	395.049	207.582	0	60.779	0	0	
0	[SLPS]	0	395.396	207.780	0	60.740	0	0	
0	[SLPS]	0	395.396	207.780	0	60.740	0	0	
0	[SLPS]	0	396.084	208.172	0	60.666	0	0	
0	[SLPS]	0	396.084	208.172	0	60.666	0	0	
0	[SLPS]	0	396.442	208.363	0	60.651	0	0	
0	[SLPS]	0	396.793	208.563	0	60.621	0	0	
0	[SLPS]	0	397.136	208.752	0	60.601	0	0	
0	[SLPS]	0	397.478	208.948	0	60.565	0	0	
0	[SLPS]	0	397.478	208.948	0	60.565	0	0	
0	[SLPS]	0	397.826	209.143	0	60.534	0	0	
0	[SLPS]	0	398.173	209.344	0	60.499	0	0	
0	[SLPS]	0	398.528	209.533	0	60.485	0	0	
0	[SLPS]	0	398.876	209.734	0	60.447	0	0	
0	[SLPS]	0	398.876	209.734	0	60.447	0	0	
0	[SLPS]	0	399.233	209.935	0	60.424	0	0	
0	[SLPS]	0	399.596	210.136	0	60.405	0	0	
0	[SLPS]	0	399.936	210.329	0	60.378	0	0	
0	[SLPS]	0	400.293	210.530	0	60.367	0	0	
0	[SLPS]	0	400.293	210.530	0	60.367	0	0	
0	[SLPS]	0	401.000	210.942	0	60.350	0	0	
0	[SLPS]	0	401.000	210.942	0	60.350	0	0	
0	[SLPS]	0	401.354	211.152	0	60.354	0	0	
0	[SLPS]	0	401.699	211.360	0	60.364	0	0	
0	[SLPS]	0	401.699	211.360	0	60.364	0	0	
0	[SLPS]	0	402.397	211.763	0	60.449	0	0	
0	[SLPS]	0	402.397	211.763	0	60.449	0	0	
0	[SLPS]	0	402.749	211.967	0	60.470	0	0	
0	[SLPS]	0	403.093	212.164	0	60.483	0	0	
0	[SLPS]	0	403.093	212.164	0	60.483	0	0	
0	[SLPS]	0	403.790	212.567	0	60.509	0	0	
