0	[SLPS]	0	578.162	113.780	0	238.874	0	0	
0	[SLPS]	0	577.202	113.190	0	238.844	0	0	
0	[SLPS]	0	577.202	113.190	0	238.844	0	0	
0	[SLPS]	0	576.227	112.608	0	238.838	0	0	
0	[SLPS]	0	576.227	112.608	0	238.838	0	0	
0	[SLPS]	0	575.742	112.313	0	238.835	0	0	
0	[SLPS]	0	575.260	112.015	0	238.834	0	0	
0	[SLPS]	0	575.260	112.015	0	238.834	0	0	
0	[SLPS]	0	574.280	111.419	0	238.870	0	0	
0	[SLPS]	0	574.280	111.419	0	238.870	0	0	
0	[SLPS]	0	573.791	111.130	0	238.901	0	0	
0	[SLPS]	0	573.301	110.834	0	238.925	0	0	
0	[SLPS]	0	573.301	110.834	0	238.925	0	0	
0	[SLPS]	0	572.318	110.238	0	238.956	0	0	
0	[SLPS]	0	572.318	110.238	0	238.956	0	0	
0	[SLPS]	0	571.828	109.941	0	238.975	0	0	
0	[SLPS]	0	571.347	109.650	0	238.992	0	0	
0	[SLPS]	0	571.347	109.650	0	238.992	0	0	
0	[SLPS]	0	570.364	109.061	0	239.029	0	0	
0	[SLPS]	0	570.364	109.061	0	239.029	0	0	
0	[SLPS]	0	569.876	108.768	0	239.046	0	0	
0	[SLPS]	0	569.384	108.473	0	239.057	0	0	
0	[SLPS]	0	569.384	108.473	0	239.057	0	0	
0	[SLPS]	0	568.396	107.885	0	239.050	0	0	
0	[SLPS]	0	568.396	107.885	0	239.050	0	0	
0	[SLPS]	0	567.915	107.586	0	239.033	0	0	
0	[SLPS]	0	567.421	107.294	0	239.033	0	0	
0	[SLPS]	0	567.421	107.294	0	239.033	0	0	
0	[SLPS]	0	566.450	106.710	0	239.027	0	0	
0	[SLPS]	0	566.450	106.710	0	239.027	0	0	
0	[SLPS]	0	565.974	106.417	0	239.019	0	0	
0	[SLPS]	0	565.489	106.124	0	239.017	0	0	
0	[SLPS]	0	565.489	106.124	0	239.017	0	0	
0	[SLPS]	0	564.530	105.539	0	239.000	0	0	
0	[SLPS]	0	564.530	105.539	0	239.000	0	0	
0	[SLPS]	0	564.049	105.249	0	239.000	0	0	
0	[SLPS]	0	563.562	104.948	0	238.990	0	0	
0	[SLPS]	0	563.562	104.948	0	238.990	0	0	
0	[SLPS]	0	562.599	104.369	0	238.981	0	0	
0	[SLPS]	0	562.599	104.369	0	238.981	0	0	
0	[SLPS]	0	561.644	103.792	0	238.972	0	0	
0	[SLPS]	0	561.644	103.792	0	238.972	0	0	
0	[SLPS]	0	561.165	103.507	0	238.973	0	0	
0	[SLPS]	0	560.686	103.224	0	238.976	0	0	
0	[SLPS]	0	560.686	103.224	0	238.976	0	0	
0	[SLPS]	0	559.739	102.643	0	238.955	0	0	
0	[SLPS]	0	559.739	102.643	0	238.955	0	0	
0	[SLPS]	0	559.264	102.359	0	238.950	0	0	
0	[SLPS]	0	558.791	102.067	0	238.939	0	0	
0	[SLPS]	0	558.791	102.067	0	238.939	0	0	
0	[SLPS]	0	557.851	101.494	0	238.922	0	0	
0	[SLPS]	0	557.851	101.494	0	238.922	0	0	
0	[SLPS]	0	557.373	101.215	0	238.927	0	0	
0	[SLPS]	0	556.902	100.930	0	238.927	0	0	
0	[SLPS]	0	556.902	100.930	0	238.927	0	0	
0	[SLPS]	0	555.970	100.362	0	238.911	0	0	
0	[SLPS]	0	555.970	100.362	0	238.911	0	0	
0	[SLPS]	0	555.500	100.079	0	238.910	0	0	
0	[SLPS]	0	555.030	99.801	0	238.914	0	0	
0	[SLPS]	0	555.030	99.801	0	238.914	0	0	
0	[SLPS]	0	554.105	99.238	0	238.902	0	0	
0	[SLPS]	0	554.105	99.238	0	238.902	0	0	
0	[SLPS]	0	553.637	98.958	0	238.904	0	0	
0	[SLPS]	0	553.180	98.677	0	238.902	0	0	
0	[SLPS]	0	553.180	98.677	0	238.902	0	0	
0	[SLPS]	0	552.256	98.116	0	238.888	0	0	
0	[SLPS]	0	552.256	98.116	0	238.888	0	0	
0	[SLPS]	0	551.788	97.839	0	238.887	0	0	
0	[SLPS]	0	551.340	97.559	0	238.880	0	0	
0	[SLPS]	0	551.340	97.559	0	238.880	0	0	
0	[SLPS]	0	550.425	97.005	0	238.877	0	0	
0	[SLPS]	0	550.425	97.005	0	238.877	0	0	
0	[SLPS]	0	549.969	96.731	0	238.876	0	0	
0	[SLPS]	0	549.514	96.457	0	238.875	0	0	
0	[SLPS]	0	549.514	96.457	0	238.875	0	0	
0	[SLPS]	0	548.620	95.906	0	238.859	0	0	
0	[SLPS]	0	548.620	95.906	0	238.859	0	0	
0	[SLPS]	0	548.177	95.635	0	238.860	0	0	
0	[SLPS]	0	547.730	95.366	0	238.870	0	0	
0	[SLPS]	0	547.293	95.098	0	238.877	0	0	
0	[SLPS]	0	546.865	94.819	0	238.876	0	0	
0	[SLPS]	0	546.865	94.819	0	238.876	0	0	
0	[SLPS]	0	546.419	94.549	0	238.897	0	0	
0	[SLPS]	0	545.986	94.283	0	238.923	0	0	
0	[SLPS]	0	545.551	94.018	0	238.954	0	0	
0	[SLPS]	0	545.123	93.749	0	238.977	0	0	
0	[SLPS]	0	545.123	93.749	0	238.977	0	0	
0	[SLPS]	0	544.254	93.241	0	239.050	0	0	
0	[SLPS]	0	544.254	93.241	0	239.050	0	0	
0	[SLPS]	0	543.824	92.981	0	239.087	0	0	
0	[SLPS]	0	543.397	92.716	0	239.114	0	0	
0	[SLPS]	0	543.397	92.716	0	239.114	0	0	
0	[SLPS]	0	542.537	92.213	0	239.199	0	0	
0	[SLPS]	0	542.537	92.213	0	239.199	0	0	
0	[SLPS]	0	542.113	91.956	0	239.235	0	0	
0	[SLPS]	0	541.688	91.705	0	239.274	0	0	
0	[SLPS]	0	541.688	91.705	0	239.274	0	0	
0	[SLPS]	0	540.843	91.203	0	239.347	0	0	
0	[SLPS]	0	540.843	91.203	0	239.347	0	0	
0	[SLPS]	0	540.421	90.956	0	239.388	0	0	
0	[SLPS]	0	540.000	90.709	0	239.427	0	0	
0	[SLPS]	0	540.000	90.709	0	239.427	0	0	
0	[SLPS]	0	539.159	90.217	0	239.498	0	0	
0	[SLPS]	0	539.159	90.217	0	239.498	0	0	
0	[SLPS]	0	538.745	89.975	0	239.536	0	0	
0	[SLPS]	0	538.333	89.734	0	239.571	0	0	
0	[SLPS]	0	538.333	89.734	0	239.571	0	0	
0	[SLPS]	0	537.498	89.241	0	239.642	0	0	
0	[SLPS]	0	537.498	89.241	0	239.642	0	0	
0	[SLPS]	0	537.087	88.995	0	239.679	0	0	
0	[SLPS]	0	536.671	88.757	0	239.717	0	0	
0	[SLPS]	0	536.671	88.757	0	239.717	0	0	
0	[SLPS]	0	535.848	88.274	0	239.783	0	0	
0	[SLPS]	0	535.848	88.274	0	239.783	0	0	
0	[SLPS]	0	535.028	87.792	0	239.855	0	0	
0	[SLPS]	0	535.028	87.792	0	239.855	0	0	
0	[SLPS]	0	534.615	87.554	0	239.893	0	0	
0	[SLPS]	0	534.205	87.319	0	239.923	0	0	
0	[SLPS]	0	534.205	87.319	0	239.923	0	0	
0	[SLPS]	0	533.393	86.853	0	239.973	0	0	
0	[SLPS]	0	533.393	86.853	0	239.973	0	0	
0	[SLPS]	0	532.988	86.611	0	239.978	0	0	
0	[SLPS]	0	532.579	86.380	0	239.982	0	0	
0	[SLPS]	0	532.579	86.380	0	239.982	0	0	
0	[SLPS]	0	531.774	85.913	0	239.980	0	0	
0	[SLPS]	0	531.774	85.913	0	239.980	0	0	
0	[SLPS]	0	531.365	85.675	0	239.976	0	0	
0	[SLPS]	0	530.960	85.440	0	239.969	0	0	
0	[SLPS]	0	530.960	85.440	0	239.969	0	0	
0	[SLPS]	0	530.165	84.970	0	239.941	0	0	
0	[SLPS]	0	530.165	84.970	0	239.941	0	0	
0	[SLPS]	0	529.769	84.734	0	239.933	0	0	
0	[SLPS]	0	529.372	84.501	0	239.926	0	0	
0	[SLPS]	0	529.372	84.501	0	239.926	0	0	
0	[SLPS]	0	528.597	84.041	0	239.912	0	0	
0	[SLPS]	0	528.597	84.041	0	239.912	0	0	
0	[SLPS]	0	528.207	83.816	0	239.910	0	0	
0	[SLPS]	0	527.821	83.592	0	239.901	0	0	
0	[SLPS]	0	527.821	83.592	0	239.901	0	0	
0	[SLPS]	0	527.063	83.145	0	239.868	0	0	
0	[SLPS]	0	527.063	83.145	0	239.868	0	0	
0	[SLPS]	0	526.682	82.927	0	239.860	0	0	
0	[SLPS]	0	526.310	82.704	0	239.846	0	0	
0	[SLPS]	0	526.310	82.704	0	239.846	0	0	
0	[SLPS]	0	525.569	82.269	0	239.826	0	0	
0	[SLPS]	0	525.569	82.269	0	239.826	0	0	
0	[SLPS]	0	525.199	82.054	0	239.817	0	0	
0	[SLPS]	0	524.838	81.839	0	239.808	0	0	
0	[SLPS]	0	524.471	81.632	0	239.797	0	0	
0	[SLPS]	0	524.110	81.419	0	239.774	0	0	
0	[SLPS]	0	524.110	81.419	0	239.774	0	0	
0	[SLPS]	0	523.391	80.990	0	239.709	0	0	
0	[SLPS]	0	523.391	80.990	0	239.709	0	0	
0	[SLPS]	0	523.033	80.786	0	239.676	0	0	
0	[SLPS]	0	522.682	80.574	0	239.627	0	0	
0	[SLPS]	0	522.682	80.574	0	239.627	0	0	
0	[SLPS]	0	522.329	80.369	0	239.585	0	0	
0	[SLPS]	0	521.973	80.162	0	239.539	0	0	
0	[SLPS]	0	521.973	80.162	0	239.539	0	0	
0	[SLPS]	0	521.280	79.749	0	239.454	0	0	
0	[SLPS]	0	521.280	79.749	0	239.454	0	0	
0	[SLPS]	0	520.589	79.334	0	239.366	0	0	
0	[SLPS]	0	520.589	79.334	0	239.366	0	0	
0	[SLPS]	0	520.255	79.127	0	239.311	0	0	
0	[SLPS]	0	519.918	78.921	0	239.257	0	0	
0	[SLPS]	0	519.918	78.921	0	239.257	0	0	
0	[SLPS]	0	519.582	78.719	0	239.210	0	0	
0	[SLPS]	0	519.248	78.517	0	239.160	0	0	
0	[SLPS]	0	518.917	78.315	0	239.117	0	0	
0	[SLPS]	0	518.595	78.118	0	239.072	0	0	
0	[SLPS]	0	518.595	78.118	0	239.072	0	0	
0	[SLPS]	0	517.940	77.715	0	238.967	0	0	
0	[SLPS]	0	517.940	77.715	0	238.967	0	0	
0	[SLPS]	0	517.612	77.523	0	238.903	0	0	
0	[SLPS]	0	517.293	77.316	0	238.833	0	0	
0	[SLPS]	0	517.293	77.316	0	238.833	0	0	
0	[SLPS]	0	516.653	76.920	0	238.687	0	0	
0	[SLPS]	0	516.653	76.920	0	238.687	0	0	
0	[SLPS]	0	516.335	76.728	0	238.604	0	0	
0	[SLPS]	0	516.019	76.531	0	238.515	0	0	
0	[SLPS]	0	516.019	76.531	0	238.515	0	0	
0	[SLPS]	0	515.393	76.125	0	238.318	0	0	
0	[SLPS]	0	515.393	76.125	0	238.318	0	0	
0	[SLPS]	0	515.079	75.933	0	238.213	0	0	
0	[SLPS]	0	514.771	75.734	0	238.102	0	0	
0	[SLPS]	0	514.771	75.734	0	238.102	0	0	
0	[SLPS]	0	514.151	75.339	0	237.871	0	0	
0	[SLPS]	0	514.151	75.339	0	237.871	0	0	
0	[SLPS]	0	513.845	75.142	0	237.745	0	0	
0	[SLPS]	0	513.540	74.953	0	237.611	0	0	
0	[SLPS]	0	513.540	74.953	0	237.611	0	0	
0	[SLPS]	0	512.930	74.560	0	237.310	0	0	
0	[SLPS]	0	512.930	74.560	0	237.310	0	0	
0	[SLPS]	0	512.632	74.365	0	237.145	0	0	
0	[SLPS]	0	512.334	74.174	0	236.982	0	0	
0	[SLPS]	0	512.334	74.174	0	236.982	0	0	
0	[SLPS]	0	511.743	73.776	0	236.638	0	0	
0	[SLPS]	0	511.743	73.776	0	236.638	0	0	
0	[SLPS]	0	511.457	73.577	0	236.466	0	0	
0	[SLPS]	0	511.171	73.373	0	236.284	0	0	
0	[SLPS]	0	511.171	73.373	0	236.284	0	0	
0	[SLPS]	0	510.601	72.979	0	235.918	0	0	
0	[SLPS]	0	510.601	72.979	0	235.918	0	0	
0	[SLPS]	0	510.319	72.770	0	235.740	0	0	
0	[SLPS]	0	510.034	72.572	0	235.568	0	0	
0	[SLPS]	0	509.754	72.373	0	235.389	0	0	
0	[SLPS]	0	509.475	72.174	0	235.212	0	0	
0	[SLPS]	0	509.475	72.174	0	235.212	0	0	
0	[SLPS]	0	509.207	71.973	0	235.043	0	0	
0	[SLPS]	0	508.932	71.782	0	234.864	0	0	
0	[SLPS]	0	508.660	71.586	0	234.694	0	0	
0	[SLPS]	0	508.392	71.389	0	234.533	0	0	
0	[SLPS]	0	508.392	71.389	0	234.533	0	0	
0	[SLPS]	0	508.125	71.191	0	234.384	0	0	
0	[SLPS]	0	507.871	70.995	0	234.243	0	0	
0	[SLPS]	0	507.609	70.798	0	234.123	0	0	
0	[SLPS]	0	507.342	70.599	0	234.012	0	0	
0	[SLPS]	0	507.342	70.599	0	234.012	0	0	
0	[SLPS]	0	506.830	70.205	0	233.798	0	0	
0	[SLPS]	0	506.830	70.205	0	233.798	0	0	
0	[SLPS]	0	506.572	70.011	0	233.693	0	0	
0	[SLPS]	0	506.313	69.817	0	233.585	0	0	
0	[SLPS]	0	506.313	69.817	0	233.585	0	0	
0	[SLPS]	0	505.802	69.434	0	233.372	0	0	
0	[SLPS]	0	505.802	69.434	0	233.372	0	0	
0	[SLPS]	0	505.546	69.238	0	233.269	0	0	
0	[SLPS]	0	505.290	69.041	0	233.172	0	0	
0	[SLPS]	0	505.290	69.041	0	233.172	0	0	
0	[SLPS]	0	504.777	68.657	0	232.997	0	0	
0	[SLPS]	0	504.777	68.657	0	232.997	0	0	
0	[SLPS]	0	504.269	68.272	0	232.860	0	0	
0	[SLPS]	0	504.269	68.272	0	232.860	0	0	
0	[SLPS]	0	504.018	68.083	0	232.808	0	0	
0	[SLPS]	0	503.763	67.893	0	232.765	0	0	
0	[SLPS]	0	503.763	67.893	0	232.765	0	0	
0	[SLPS]	0	503.270	67.510	0	232.687	0	0	
0	[SLPS]	0	503.270	67.510	0	232.687	0	0	
0	[SLPS]	0	503.024	67.321	0	232.669	0	0	
0	[SLPS]	0	502.788	67.137	0	232.672	0	0	
0	[SLPS]	0	502.788	67.137	0	232.672	0	0	
0	[SLPS]	0	502.309	66.761	0	232.723	0	0	
0	[SLPS]	0	502.309	66.761	0	232.723	0	0	
0	[SLPS]	0	502.073	66.580	0	232.769	0	0	
0	[SLPS]	0	501.840	66.396	0	232.814	0	0	
0	[SLPS]	0	501.840	66.396	0	232.814	0	0	
0	[SLPS]	0	501.372	66.033	0	232.906	0	0	
0	[SLPS]	0	501.372	66.033	0	232.906	0	0	
0	[SLPS]	0	501.139	65.856	0	232.963	0	0	
0	[SLPS]	0	500.901	65.675	0	233.033	0	0	
0	[SLPS]	0	500.901	65.675	0	233.033	0	0	
0	[SLPS]	0	500.422	65.323	0	233.180	0	0	
0	[SLPS]	0	500.422	65.323	0	233.180	0	0	
0	[SLPS]	0	500.188	65.145	0	233.259	0	0	
0	[SLPS]	0	499.948	64.968	0	233.328	0	0	
0	[SLPS]	0	499.948	64.968	0	233.328	0	0	
0	[SLPS]	0	499.471	64.615	0	233.463	0	0	
0	[SLPS]	0	499.471	64.615	0	233.463	0	0	
0	[SLPS]	0	499.226	64.452	0	233.536	0	0	
0	[SLPS]	0	498.988	64.279	0	233.624	0	0	
0	[SLPS]	0	498.754	64.104	0	233.719	0	0	
0	[SLPS]	0	498.514	63.930	0	233.825	0	0	
0	[SLPS]	0	498.514	63.930	0	233.825	0	0	
0	[SLPS]	0	498.044	63.584	0	234.081	0	0	
0	[SLPS]	0	498.044	63.584	0	234.081	0	0	
0	[SLPS]	0	497.811	63.414	0	234.220	0	0	
0	[SLPS]	0	497.576	63.242	0	234.366	0	0	
0	[SLPS]	0	497.576	63.242	0	234.366	0	0	
0	[SLPS]	0	497.108	62.906	0	234.662	0	0	
0	[SLPS]	0	497.108	62.906	0	234.662	0	0	
0	[SLPS]	0	496.876	62.741	0	234.808	0	0	
0	[SLPS]	0	496.639	62.579	0	234.956	0	0	
0	[SLPS]	0	496.639	62.579	0	234.956	0	0	
0	[SLPS]	0	496.170	62.258	0	235.236	0	0	
0	[SLPS]	0	496.170	62.258	0	235.236	0	0	
0	[SLPS]	0	495.934	62.097	0	235.383	0	0	
0	[SLPS]	0	495.696	61.939	0	235.532	0	0	
0	[SLPS]	0	495.696	61.939	0	235.532	0	0	
0	[SLPS]	0	495.235	61.620	0	235.807	0	0	
0	[SLPS]	0	495.235	61.620	0	235.807	0	0	
0	[SLPS]	0	494.992	61.466	0	235.942	0	0	
0	[SLPS]	0	494.769	61.310	0	236.075	0	0	
0	[SLPS]	0	494.769	61.310	0	236.075	0	0	
0	[SLPS]	0	494.313	61.002	0	236.336	0	0	
0	[SLPS]	0	494.313	61.002	0	236.336	0	0	
0	[SLPS]	0	494.080	60.850	0	236.459	0	0	
0	[SLPS]	0	493.848	60.699	0	236.583	0	0	
0	[SLPS]	0	493.848	60.699	0	236.583	0	0	
0	[SLPS]	0	493.391	60.398	0	236.793	0	0	
0	[SLPS]	0	493.391	60.398	0	236.793	0	0	
0	[SLPS]	0	493.163	60.247	0	236.880	0	0	
0	[SLPS]	0	492.929	60.095	0	236.957	0	0	
0	[SLPS]	0	492.929	60.095	0	236.957	0	0	
0	[SLPS]	0	492.473	59.803	0	237.104	0	0	
0	[SLPS]	0	492.473	59.803	0	237.104	0	0	
0	[SLPS]	0	492.245	59.651	0	237.169	0	0	
0	[SLPS]	0	492.018	59.510	0	237.229	0	0	
0	[SLPS]	0	491.793	59.354	0	237.290	0	0	
0	[SLPS]	0	491.570	59.208	0	237.349	0	0	
0	[SLPS]	0	491.570	59.208	0	237.349	0	0	
0	[SLPS]	0	491.347	59.065	0	237.412	0	0	
0	[SLPS]	0	491.114	58.922	0	237.477	0	0	
0	[SLPS]	0	491.114	58.922	0	237.477	0	0	
0	[SLPS]	0	490.666	58.645	0	237.606	0	0	
0	[SLPS]	0	490.666	58.645	0	237.606	0	0	
0	[SLPS]	0	490.445	58.497	0	237.672	0	0	
0	[SLPS]	0	490.218	58.362	0	237.742	0	0	
0	[SLPS]	0	490.218	58.362	0	237.742	0	0	
0	[SLPS]	0	489.773	58.069	0	237.879	0	0	
0	[SLPS]	0	489.773	58.069	0	237.879	0	0	
0	[SLPS]	0	489.328	57.790	0	238.001	0	0	
0	[SLPS]	0	489.328	57.790	0	238.001	0	0	
0	[SLPS]	0	489.106	57.650	0	238.057	0	0	
0	[SLPS]	0	488.886	57.513	0	238.115	0	0	
0	[SLPS]	0	488.886	57.513	0	238.115	0	0	
0	[SLPS]	0	488.661	57.370	0	238.178	0	0	
0	[SLPS]	0	488.439	57.231	0	238.244	0	0	
0	[SLPS]	0	488.217	57.092	0	238.299	0	0	
0	[SLPS]	0	487.995	56.958	0	238.356	0	0	
0	[SLPS]	0	487.995	56.958	0	238.356	0	0	
0	[SLPS]	0	487.547	56.682	0	238.447	0	0	
0	[SLPS]	0	487.547	56.682	0	238.447	0	0	
0	[SLPS]	0	487.326	56.549	0	238.492	0	0	
0	[SLPS]	0	487.110	56.412	0	238.538	0	0	
0	[SLPS]	0	487.110	56.412	0	238.538	0	0	
0	[SLPS]	0	486.650	56.141	0	238.664	0	0	
0	[SLPS]	0	486.650	56.141	0	238.664	0	0	
0	[SLPS]	0	486.433	55.997	0	238.730	0	0	
0	[SLPS]	0	486.209	55.854	0	238.791	0	0	
0	[SLPS]	0	486.209	55.854	0	238.791	0	0	
0	[SLPS]	0	485.757	55.572	0	238.894	0	0	
0	[SLPS]	0	485.757	55.572	0	238.894	0	0	
0	[SLPS]	0	485.529	55.436	0	238.948	0	0	
0	[SLPS]	0	485.301	55.297	0	239.003	0	0	
0	[SLPS]	0	485.301	55.297	0	239.003	0	0	
0	[SLPS]	0	484.836	55.017	0	239.119	0	0	
0	[SLPS]	0	484.836	55.017	0	239.119	0	0	
0	[SLPS]	0	484.606	54.877	0	239.176	0	0	
0	[SLPS]	0	484.373	54.742	0	239.235	0	0	
0	[SLPS]	0	484.373	54.742	0	239.235	0	0	
0	[SLPS]	0	483.900	54.461	0	239.348	0	0	
0	[SLPS]	0	483.900	54.461	0	239.348	0	0	
0	[SLPS]	0	483.671	54.323	0	239.399	0	0	
0	[SLPS]	0	483.431	54.185	0	239.449	0	0	
0	[SLPS]	0	483.431	54.185	0	239.449	0	0	
0	[SLPS]	0	482.945	53.896	0	239.508	0	0	
0	[SLPS]	0	482.945	53.896	0	239.508	0	0	
0	[SLPS]	0	482.711	53.752	0	239.509	0	0	
0	[SLPS]	0	482.469	53.612	0	239.514	0	0	
0	[SLPS]	0	482.225	53.471	0	239.525	0	0	
0	[SLPS]	0	481.983	53.321	0	239.519	0	0	
0	[SLPS]	0	481.983	53.321	0	239.519	0	0	
0	[SLPS]	0	481.741	53.177	0	239.527	0	0	
0	[SLPS]	0	481.485	53.026	0	239.536	0	0	
0	[SLPS]	0	481.241	52.877	0	239.539	0	0	
0	[SLPS]	0	480.991	52.731	0	239.547	0	0	
0	[SLPS]	0	480.991	52.731	0	239.547	0	0	
0	[SLPS]	0	480.487	52.426	0	239.536	0	0	
0	[SLPS]	0	480.487	52.426	0	239.536	0	0	
0	[SLPS]	0	480.238	52.277	0	239.530	0	0	
0	[SLPS]	0	479.982	52.126	0	239.532	0	0	
0	[SLPS]	0	479.982	52.126	0	239.532	0	0	
0	[SLPS]	0	479.481	51.820	0	239.539	0	0	
0	[SLPS]	0	479.481	51.820	0	239.539	0	0	
0	[SLPS]	0	479.225	51.670	0	239.550	0	0	
0	[SLPS]	0	478.968	51.519	0	239.556	0	0	
0	[SLPS]	0	478.968	51.519	0	239.556	0	0	
0	[SLPS]	0	478.460	51.215	0	239.571	0	0	
0	[SLPS]	0	478.460	51.215	0	239.571	0	0	
0	[SLPS]	0	478.200	51.058	0	239.567	0	0	
0	[SLPS]	0	477.945	50.905	0	239.573	0	0	
0	[SLPS]	0	477.945	50.905	0	239.573	0	0	
0	[SLPS]	0	477.419	50.593	0	239.583	0	0	
0	[SLPS]	0	477.419	50.593	0	239.583	0	0	
0	[SLPS]	0	476.894	50.278	0	239.605	0	0	
0	[SLPS]	0	476.894	50.278	0	239.605	0	0	
0	[SLPS]	0	476.622	50.129	0	239.619	0	0	
0	[SLPS]	0	476.354	49.973	0	239.639	0	0	
0	[SLPS]	0	476.354	49.973	0	239.639	0	0	
0	[SLPS]	0	475.819	49.656	0	239.671	0	0	
0	[SLPS]	0	475.819	49.656	0	239.671	0	0	
0	[SLPS]	0	475.551	49.498	0	239.702	0	0	
0	[SLPS]	0	475.279	49.345	0	239.747	0	0	
0	[SLPS]	0	475.279	49.345	0	239.747	0	0	
0	[SLPS]	0	474.722	49.028	0	239.836	0	0	
0	[SLPS]	0	474.722	49.028	0	239.836	0	0	
0	[SLPS]	0	474.446	48.867	0	239.875	0	0	
0	[SLPS]	0	474.175	48.703	0	239.905	0	0	
0	[SLPS]	0	474.175	48.703	0	239.905	0	0	
0	[SLPS]	0	473.897	48.537	0	239.928	0	0	
0	[SLPS]	0	473.615	48.377	0	239.970	0	0	
0	[SLPS]	0	473.350	48.207	0	239.982	0	0	
0	[SLPS]	0	473.072	48.048	0	240.003	0	0	
0	[SLPS]	0	473.072	48.048	0	240.003	0	0	
0	[SLPS]	0	472.788	47.900	0	240.045	0	0	
0	[SLPS]	0	472.512	47.735	0	240.069	0	0	
0	[SLPS]	0	472.245	47.580	0	240.093	0	0	
0	[SLPS]	0	471.963	47.418	0	240.110	0	0	
0	[SLPS]	0	471.963	47.418	0	240.110	0	0	
0	[SLPS]	0	471.419	47.109	0	240.142	0	0	
0	[SLPS]	0	471.419	47.109	0	240.142	0	0	
0	[SLPS]	0	471.148	46.952	0	240.131	0	0	
0	[SLPS]	0	470.875	46.790	0	240.144	0	0	
0	[SLPS]	0	470.875	46.790	0	240.144	0	0	
0	[SLPS]	0	470.344	46.485	0	240.158	0	0	
0	[SLPS]	0	470.344	46.485	0	240.158	0	0	
0	[SLPS]	0	470.078	46.329	0	240.166	0	0	
0	[SLPS]	0	469.808	46.168	0	240.171	0	0	
0	[SLPS]	0	469.808	46.168	0	240.171	0	0	
0	[SLPS]	0	469.274	45.857	0	240.191	0	0	
0	[SLPS]	0	469.274	45.857	0	240.191	0	0	
0	[SLPS]	0	469.007	45.702	0	240.202	0	0	
0	[SLPS]	0	468.743	45.552	0	240.206	0	0	
0	[SLPS]	0	468.743	45.552	0	240.206	0	0	
0	[SLPS]	0	468.202	45.243	0	240.213	0	0	
0	[SLPS]	0	468.202	45.243	0	240.213	0	0	
0	[SLPS]	0	467.935	45.089	0	240.210	0	0	
0	[SLPS]	0	467.670	44.940	0	240.211	0	0	
0	[SLPS]	0	467.670	44.940	0	240.211	0	0	
0	[SLPS]	0	467.132	44.622	0	240.192	0	0	
0	[SLPS]	0	467.132	44.622	0	240.192	0	0	
0	[SLPS]	0	466.864	44.463	0	240.164	0	0	
0	[SLPS]	0	466.598	44.304	0	240.133	0	0	
0	[SLPS]	0	466.598	44.304	0	240.133	0	0	
0	[SLPS]	0	466.060	43.988	0	240.067	0	0	
0	[SLPS]	0	466.060	43.988	0	240.067	0	0	
0	[SLPS]	0	465.787	43.836	0	240.030	0	0	
0	[SLPS]	0	465.517	43.681	0	239.982	0	0	
0	[SLPS]	0	465.517	43.681	0	239.982	0	0	
0	[SLPS]	0	464.976	43.360	0	239.849	0	0	
0	[SLPS]	0	464.976	43.360	0	239.849	0	0	
0	[SLPS]	0	464.713	43.203	0	239.749	0	0	
0	[SLPS]	0	464.442	43.039	0	239.649	0	0	
0	[SLPS]	0	464.442	43.039	0	239.649	0	0	
0	[SLPS]	0	463.899	42.717	0	239.405	0	0	
0	[SLPS]	0	463.899	42.717	0	239.405	0	0	
0	[SLPS]	0	463.629	42.555	0	239.265	0	0	
0	[SLPS]	0	463.360	42.377	0	239.114	0	0	
0	[SLPS]	0	463.360	42.377	0	239.114	0	0	
0	[SLPS]	0	462.821	42.041	0	238.770	0	0	
0	[SLPS]	0	462.821	42.041	0	238.770	0	0	
0	[SLPS]	0	462.550	41.874	0	238.556	0	0	
0	[SLPS]	0	462.284	41.699	0	238.317	0	0	
0	[SLPS]	0	462.284	41.699	0	238.317	0	0	
0	[SLPS]	0	461.745	41.339	0	237.781	0	0	
0	[SLPS]	0	461.745	41.339	0	237.781	0	0	
0	[SLPS]	0	461.480	41.162	0	237.475	0	0	
0	[SLPS]	0	461.217	40.987	0	237.159	0	0	
0	[SLPS]	0	461.217	40.987	0	237.159	0	0	
0	[SLPS]	0	460.693	40.629	0	236.511	0	0	
0	[SLPS]	0	460.693	40.629	0	236.511	0	0	
0	[SLPS]	0	460.437	40.446	0	236.165	0	0	
0	[SLPS]	0	460.179	40.262	0	235.823	0	0	
0	[SLPS]	0	459.921	40.079	0	235.469	0	0	
0	[SLPS]	0	459.671	39.893	0	235.108	0	0	
0	[SLPS]	0	459.671	39.893	0	235.108	0	0	
0	[SLPS]	0	459.171	39.511	0	234.383	0	0	
0	[SLPS]	0	459.171	39.511	0	234.383	0	0	
0	[SLPS]	0	458.912	39.327	0	234.030	0	0	
0	[SLPS]	0	458.662	39.131	0	233.676	0	0	
0	[SLPS]	0	458.662	39.131	0	233.676	0	0	
0	[SLPS]	0	458.169	38.737	0	232.956	0	0	
0	[SLPS]	0	458.169	38.737	0	232.956	0	0	
0	[SLPS]	0	457.922	38.538	0	232.582	0	0	
0	[SLPS]	0	457.676	38.333	0	232.194	0	0	
0	[SLPS]	0	457.676	38.333	0	232.194	0	0	
0	[SLPS]	0	457.185	37.924	0	231.367	0	0	
0	[SLPS]	0	457.185	37.924	0	231.367	0	0	
0	[SLPS]	0	456.938	37.718	0	230.933	0	0	
0	[SLPS]	0	456.690	37.511	0	230.491	0	0	
0	[SLPS]	0	456.690	37.511	0	230.491	0	0	
0	[SLPS]	0	456.215	37.088	0	229.530	0	0	
0	[SLPS]	0	456.215	37.088	0	229.530	0	0	
0	[SLPS]	0	455.980	36.870	0	229.012	0	0	
0	[SLPS]	0	455.739	36.652	0	228.476	0	0	
0	[SLPS]	0	455.739	36.652	0	228.476	0	0	
0	[SLPS]	0	455.276	36.208	0	227.347	0	0	
0	[SLPS]	0	455.276	36.208	0	227.347	0	0	
0	[SLPS]	0	455.047	35.984	0	226.760	0	0	
0	[SLPS]	0	454.824	35.759	0	226.155	0	0	
0	[SLPS]	0	454.824	35.759	0	226.155	0	0	
0	[SLPS]	0	454.398	35.299	0	224.878	0	0	
0	[SLPS]	0	454.398	35.299	0	224.878	0	0	
0	[SLPS]	0	454.186	35.071	0	224.204	0	0	
0	[SLPS]	0	453.986	34.832	0	223.511	0	0	
0	[SLPS]	0	453.986	34.832	0	223.511	0	0	
0	[SLPS]	0	453.583	34.356	0	222.116	0	0	
0	[SLPS]	0	453.583	34.356	0	222.116	0	0	
0	[SLPS]	0	453.388	34.120	0	221.391	0	0	
0	[SLPS]	0	453.190	33.873	0	220.647	0	0	
0	[SLPS]	0	453.001	33.631	0	219.915	0	0	
0	[SLPS]	0	452.820	33.381	0	219.170	0	0	
0	[SLPS]	0	452.820	33.381	0	219.170	0	0	
0	[SLPS]	0	452.644	33.130	0	218.406	0	0	
0	[SLPS]	0	452.469	32.873	0	217.647	0	0	
0	[SLPS]	0	452.299	32.619	0	216.895	0	0	
0	[SLPS]	0	452.128	32.365	0	216.136	0	0	
0	[SLPS]	0	452.128	32.365	0	216.136	0	0	
0	[SLPS]	0	451.962	32.108	0	215.375	0	0	
0	[SLPS]	0	451.797	31.850	0	214.617	0	0	
0	[SLPS]	0	451.642	31.587	0	213.857	0	0	
0	[SLPS]	0	451.487	31.325	0	213.086	0	0	
0	[SLPS]	0	451.487	31.325	0	213.086	0	0	
0	[SLPS]	0	451.188	30.794	0	211.491	0	0	
0	[SLPS]	0	451.188	30.794	0	211.491	0	0	
0	[SLPS]	0	451.047	30.523	0	210.670	0	0	
0	[SLPS]	0	450.905	30.254	0	209.856	0	0	
0	[SLPS]	0	450.905	30.254	0	209.856	0	0	
0	[SLPS]	0	450.642	29.706	0	208.218	0	0	
0	[SLPS]	0	450.642	29.706	0	208.218	0	0	
0	[SLPS]	0	450.515	29.430	0	207.397	0	0	
0	[SLPS]	0	450.394	29.161	0	206.575	0	0	
0	[SLPS]	0	450.394	29.161	0	206.575	0	0	
0	[SLPS]	0	450.163	28.609	0	204.926	0	0	
0	[SLPS]	0	450.163	28.609	0	204.926	0	0	
0	[SLPS]	0	449.955	28.051	0	203.262	0	0	
0	[SLPS]	0	449.955	28.051	0	203.262	0	0	
0	[SLPS]	0	449.856	27.772	0	202.432	0	0	
0	[SLPS]	0	449.759	27.496	0	201.607	0	0	
0	[SLPS]	0	449.759	27.496	0	201.607	0	0	
0	[SLPS]	0	449.581	26.933	0	199.954	0	0	
0	[SLPS]	0	449.581	26.933	0	199.954	0	0	
0	[SLPS]	0	449.499	26.650	0	199.124	0	0	
0	[SLPS]	0	449.417	26.366	0	198.294	0	0	
0	[SLPS]	0	449.417	26.366	0	198.294	0	0	
0	[SLPS]	0	449.274	25.789	0	196.658	0	0	
0	[SLPS]	0	449.274	25.789	0	196.658	0	0	
0	[SLPS]	0	449.210	25.501	0	195.838	0	0	
0	[SLPS]	0	449.146	25.211	0	195.015	0	0	
0	[SLPS]	0	449.146	25.211	0	195.015	0	0	
0	[SLPS]	0	449.029	24.644	0	193.376	0	0	
0	[SLPS]	0	449.029	24.644	0	193.376	0	0	
0	[SLPS]	0	448.976	24.352	0	192.561	0	0	
0	[SLPS]	0	448.926	24.058	0	191.732	0	0	
0	[SLPS]	0	448.882	23.768	0	190.919	0	0	
0	[SLPS]	0	448.842	23.480	0	190.103	0	0	
0	[SLPS]	0	448.842	23.480	0	190.103	0	0	
0	[SLPS]	0	448.808	23.191	0	189.285	0	0	
0	[SLPS]	0	448.782	22.899	0	188.468	0	0	
0	[SLPS]	0	448.754	22.608	0	187.651	0	0	
0	[SLPS]	0	448.736	22.314	0	186.840	0	0	
0	[SLPS]	0	448.736	22.314	0	186.840	0	0	
0	[SLPS]	0	448.711	21.729	0	185.244	0	0	
0	[SLPS]	0	448.711	21.729	0	185.244	0	0	
0	[SLPS]	0	448.705	21.441	0	184.455	0	0	
0	[SLPS]	0	448.702	21.150	0	183.675	0	0	
0	[SLPS]	0	448.702	21.150	0	183.675	0	0	
0	[SLPS]	0	448.691	20.561	0	182.160	0	0	
0	[SLPS]	0	448.691	20.561	0	182.160	0	0	
0	[SLPS]	0	448.697	20.275	0	181.440	0	0	
0	[SLPS]	0	448.703	19.980	0	180.732	0	0	
0	[SLPS]	0	448.703	19.980	0	180.732	0	0	
0	[SLPS]	0	448.734	19.398	0	179.340	0	0	
0	[SLPS]	0	448.734	19.398	0	179.340	0	0	
0	[SLPS]	0	448.757	19.109	0	178.652	0	0	
0	[SLPS]	0	448.782	18.816	0	177.969	0	0	
0	[SLPS]	0	448.808	18.526	0	177.290	0	0	
0	[SLPS]	0	448.837	18.236	0	176.631	0	0	
0	[SLPS]	0	448.837	18.236	0	176.631	0	0	
0	[SLPS]	0	448.896	17.657	0	175.361	0	0	
0	[SLPS]	0	448.896	17.657	0	175.361	0	0	
0	[SLPS]	0	448.929	17.368	0	174.731	0	0	
0	[SLPS]	0	448.967	17.082	0	174.095	0	0	
0	[SLPS]	0	448.967	17.082	0	174.095	0	0	
0	[SLPS]	0	449.062	16.515	0	172.819	0	0	
0	[SLPS]	0	449.062	16.515	0	172.819	0	0	
0	[SLPS]	0	449.115	16.231	0	172.164	0	0	
0	[SLPS]	0	449.168	15.944	0	171.495	0	0	
0	[SLPS]	0	449.168	15.944	0	171.495	0	0	
0	[SLPS]	0	449.280	15.379	0	170.195	0	0	
0	[SLPS]	0	449.280	15.379	0	170.195	0	0	
0	[SLPS]	0	449.339	15.095	0	169.577	0	0	
0	[SLPS]	0	449.404	14.811	0	168.984	0	0	
0	[SLPS]	0	449.404	14.811	0	168.984	0	0	
0	[SLPS]	0	449.542	14.243	0	167.798	0	0	
0	[SLPS]	0	449.542	14.243	0	167.798	0	0	
0	[SLPS]	0	449.623	13.957	0	167.187	0	0	
0	[SLPS]	0	449.704	13.668	0	166.572	0	0	
0	[SLPS]	0	449.704	13.668	0	166.572	0	0	
0	[SLPS]	0	449.876	13.089	0	165.411	0	0	
0	[SLPS]	0	449.876	13.089	0	165.411	0	0	
0	[SLPS]	0	449.970	12.810	0	164.877	0	0	
0	[SLPS]	0	450.060	12.522	0	164.340	0	0	
0	[SLPS]	0	450.060	12.522	0	164.340	0	0	
0	[SLPS]	0	450.246	11.949	0	163.274	0	0	
0	[SLPS]	0	450.246	11.949	0	163.274	0	0	
0	[SLPS]	0	450.345	11.665	0	162.733	0	0	
0	[SLPS]	0	450.449	11.378	0	162.186	0	0	
0	[SLPS]	0	450.449	11.378	0	162.186	0	0	
0	[SLPS]	0	450.660	10.797	0	161.121	0	0	
0	[SLPS]	0	450.660	10.797	0	161.121	0	0	
0	[SLPS]	0	450.772	10.507	0	160.584	0	0	
0	[SLPS]	0	450.889	10.219	0	160.035	0	0	
0	[SLPS]	0	451.005	9.933	0	159.484	0	0	
0	[SLPS]	0	451.124	9.640	0	158.960	0	0	
0	[SLPS]	0	451.124	9.640	0	158.960	0	0	
0	[SLPS]	0	451.377	9.066	0	157.970	0	0	
0	[SLPS]	0	451.377	9.066	0	157.970	0	0	
0	[SLPS]	0	451.508	8.779	0	157.488	0	0	
0	[SLPS]	0	451.639	8.490	0	157.035	0	0	
0	[SLPS]	0	451.639	8.490	0	157.035	0	0	
0	[SLPS]	0	451.924	7.909	0	156.150	0	0	
0	[SLPS]	0	451.924	7.909	0	156.150	0	0	
0	[SLPS]	0	452.057	7.620	0	155.739	0	0	
0	[SLPS]	0	452.196	7.326	0	155.367	0	0	
0	[SLPS]	0	452.196	7.326	0	155.367	0	0	
0	[SLPS]	0	452.495	6.747	0	154.664	0	0	
0	[SLPS]	0	452.495	6.747	0	154.664	0	0	
0	[SLPS]	0	452.646	6.457	0	154.327	0	0	
0	[SLPS]	0	452.785	6.166	0	153.978	0	0	
0	[SLPS]	0	452.785	6.166	0	153.978	0	0	
0	[SLPS]	0	453.094	5.591	0	153.270	0	0	
0	[SLPS]	0	453.094	5.591	0	153.270	0	0	
0	[SLPS]	0	453.251	5.301	0	152.937	0	0	
0	[SLPS]	0	453.396	5.011	0	152.623	0	0	
0	[SLPS]	0	453.396	5.011	0	152.623	0	0	
0	[SLPS]	0	453.718	4.432	0	152.014	0	0	
0	[SLPS]	0	453.718	4.432	0	152.014	0	0	
0	[SLPS]	0	453.881	4.145	0	151.691	0	0	
0	[SLPS]	0	454.050	3.854	0	151.362	0	0	
0	[SLPS]	0	454.213	3.560	0	151.034	0	0	
0	[SLPS]	0	454.394	3.284	0	150.717	0	0	
0	[SLPS]	0	454.394	3.284	0	150.717	0	0	
0	[SLPS]	0	454.564	2.980	0	150.401	0	0	
0	[SLPS]	0	454.747	2.703	0	150.102	0	0	
0	[SLPS]	0	454.926	2.411	0	149.811	0	0	
0	[SLPS]	0	455.119	2.126	0	149.526	0	0	
0	[SLPS]	0	455.119	2.126	0	149.526	0	0	
0	[SLPS]	0	455.291	1.833	0	149.251	0	0	
0	[SLPS]	0	455.476	1.550	0	148.999	0	0	
0	[SLPS]	0	455.662	1.258	0	148.764	0	0	
0	[SLPS]	0	455.846	0.963	0	148.548	0	0	
0	[SLPS]	0	455.846	0.963	0	148.548	0	0	
0	[SLPS]	0	456.034	0.674	0	148.349	0	0	
0	[SLPS]	0	456.224	0.388	0	148.175	0	0	
0	[SLPS]	0	456.415	0.096	0	148.021	0	0	
0	[SLPS]	0	456.609	-0.194	0	147.892	0	0	
0	[SLPS]	0	456.609	-0.194	0	147.892	0	0	
0	[SLPS]	0	456.800	-0.487	0	147.782	0	0	
0	[SLPS]	0	456.997	-0.783	0	147.694	0	0	
0	[SLPS]	0	457.195	-1.074	0	147.622	0	0	
0	[SLPS]	0	457.390	-1.369	0	147.565	0	0	
0	[SLPS]	0	457.390	-1.369	0	147.565	0	0	
0	[SLPS]	0	457.777	-1.973	0	147.461	0	0	
0	[SLPS]	0	457.777	-1.973	0	147.461	0	0	
0	[SLPS]	0	457.978	-2.270	0	147.379	0	0	
0	[SLPS]	0	458.175	-2.571	0	147.318	0	0	
0	[SLPS]	0	458.175	-2.571	0	147.318	0	0	
0	[SLPS]	0	458.553	-3.174	0	147.213	0	0	
0	[SLPS]	0	458.553	-3.174	0	147.213	0	0	
0	[SLPS]	0	458.754	-3.478	0	147.155	0	0	
0	[SLPS]	0	458.945	-3.782	0	147.103	0	0	
0	[SLPS]	0	458.945	-3.782	0	147.103	0	0	
0	[SLPS]	0	459.333	-4.387	0	147.012	0	0	
0	[SLPS]	0	459.333	-4.387	0	147.012	0	0	
0	[SLPS]	0	459.535	-4.691	0	146.949	0	0	
0	[SLPS]	0	459.739	-4.996	0	146.890	0	0	
0	[SLPS]	0	459.739	-4.996	0	146.890	0	0	
0	[SLPS]	0	460.142	-5.603	0	146.808	0	0	
0	[SLPS]	0	460.142	-5.603	0	146.808	0	0	
0	[SLPS]	0	460.345	-5.914	0	146.788	0	0	
0	[SLPS]	0	460.554	-6.218	0	146.745	0	0	
0	[SLPS]	0	460.554	-6.218	0	146.745	0	0	
0	[SLPS]	0	460.970	-6.825	0	146.669	0	0	
0	[SLPS]	0	460.970	-6.825	0	146.669	0	0	
0	[SLPS]	0	461.172	-7.136	0	146.656	0	0	
0	[SLPS]	0	461.381	-7.441	0	146.623	0	0	
0	[SLPS]	0	461.381	-7.441	0	146.623	0	0	
0	[SLPS]	0	461.800	-8.070	0	146.571	0	0	
0	[SLPS]	0	461.800	-8.070	0	146.571	0	0	
0	[SLPS]	0	462.012	-8.378	0	146.529	0	0	
0	[SLPS]	0	462.225	-8.692	0	146.493	0	0	
0	[SLPS]	0	462.225	-8.692	0	146.493	0	0	
0	[SLPS]	0	462.654	-9.321	0	146.415	0	0	
0	[SLPS]	0	462.654	-9.321	0	146.415	0	0	
0	[SLPS]	0	462.865	-9.639	0	146.397	0	0	
0	[SLPS]	0	463.080	-9.959	0	146.375	0	0	
0	[SLPS]	0	463.080	-9.959	0	146.375	0	0	
0	[SLPS]	0	463.506	-10.597	0	146.324	0	0	
0	[SLPS]	0	463.506	-10.597	0	146.324	0	0	
0	[SLPS]	0	463.727	-10.918	0	146.277	0	0	
0	[SLPS]	0	463.945	-11.237	0	146.227	0	0	
0	[SLPS]	0	464.162	-11.557	0	146.192	0	0	
0	[SLPS]	0	464.378	-11.877	0	146.142	0	0	
0	[SLPS]	0	464.378	-11.877	0	146.142	0	0	
0	[SLPS]	0	464.820	-12.526	0	146.055	0	0	
0	[SLPS]	0	464.820	-12.526	0	146.055	0	0	
0	[SLPS]	0	465.040	-12.846	0	146.006	0	0	
0	[SLPS]	0	465.262	-13.172	0	145.965	0	0	
0	[SLPS]	0	465.262	-13.172	0	145.965	0	0	
0	[SLPS]	0	465.717	-13.831	0	145.865	0	0	
0	[SLPS]	0	465.717	-13.831	0	145.865	0	0	
0	[SLPS]	0	465.939	-14.156	0	145.826	0	0	
0	[SLPS]	0	466.167	-14.482	0	145.769	0	0	
0	[SLPS]	0	466.167	-14.482	0	145.769	0	0	
0	[SLPS]	0	466.620	-15.144	0	145.686	0	0	
0	[SLPS]	0	466.620	-15.144	0	145.686	0	0	
0	[SLPS]	0	466.843	-15.477	0	145.657	0	0	
0	[SLPS]	0	467.075	-15.812	0	145.615	0	0	
0	[SLPS]	0	467.075	-15.812	0	145.615	0	0	
0	[SLPS]	0	467.539	-16.478	0	145.510	0	0	
0	[SLPS]	0	467.539	-16.478	0	145.510	0	0	
0	[SLPS]	0	467.762	-16.808	0	145.472	0	0	
0	[SLPS]	0	467.987	-17.148	0	145.449	0	0	
0	[SLPS]	0	467.987	-17.148	0	145.449	0	0	
0	[SLPS]	0	468.465	-17.816	0	145.334	0	0	
0	[SLPS]	0	468.465	-17.816	0	145.334	0	0	
0	[SLPS]	0	468.699	-18.152	0	145.290	0	0	
0	[SLPS]	0	468.941	-18.489	0	145.229	0	0	
0	[SLPS]	0	468.941	-18.489	0	145.229	0	0	
0	[SLPS]	0	469.416	-19.159	0	145.152	0	0	
0	[SLPS]	0	469.416	-19.159	0	145.152	0	0	
0	[SLPS]	0	469.654	-19.497	0	145.129	0	0	
0	[SLPS]	0	469.899	-19.849	0	145.120	0	0	
0	[SLPS]	0	470.141	-20.192	0	145.114	0	0	
0	[SLPS]	0	470.379	-20.535	0	145.119	0	0	
0	[SLPS]	0	470.379	-20.535	0	145.119	0	0	
0	[SLPS]	0	470.869	-21.224	0	145.093	0	0	
0	[SLPS]	0	470.869	-21.224	0	145.093	0	0	
0	[SLPS]	0	471.107	-21.565	0	145.079	0	0	
0	[SLPS]	0	471.349	-21.910	0	145.065	0	0	
0	[SLPS]	0	471.349	-21.910	0	145.065	0	0	
0	[SLPS]	0	471.834	-22.605	0	145.061	0	0	
0	[SLPS]	0	471.834	-22.605	0	145.061	0	0	
0	[SLPS]	0	472.078	-22.955	0	145.054	0	0	
0	[SLPS]	0	472.321	-23.305	0	145.054	0	0	
0	[SLPS]	0	472.321	-23.305	0	145.054	0	0	
0	[SLPS]	0	472.809	-24.011	0	145.075	0	0	
0	[SLPS]	0	472.809	-24.011	0	145.075	0	0	
0	[SLPS]	0	473.059	-24.361	0	145.078	0	0	
0	[SLPS]	0	473.309	-24.714	0	145.086	0	0	
0	[SLPS]	0	473.309	-24.714	0	145.086	0	0	
0	[SLPS]	0	473.811	-25.424	0	145.111	0	0	
0	[SLPS]	0	473.811	-25.424	0	145.111	0	0	
0	[SLPS]	0	474.062	-25.783	0	145.130	0	0	
0	[SLPS]	0	474.306	-26.142	0	145.150	0	0	
0	[SLPS]	0	474.306	-26.142	0	145.150	0	0	
0	[SLPS]	0	474.799	-26.857	0	145.179	0	0	
0	[SLPS]	0	474.799	-26.857	0	145.179	0	0	
0	[SLPS]	0	475.305	-27.577	0	145.187	0	0	
0	[SLPS]	0	475.305	-27.577	0	145.187	0	0	
0	[SLPS]	0	475.551	-27.932	0	145.198	0	0	
0	[SLPS]	0	475.802	-28.293	0	145.211	0	0	
0	[SLPS]	0	475.802	-28.293	0	145.211	0	0	
0	[SLPS]	0	476.300	-29.018	0	145.249	0	0	
0	[SLPS]	0	476.300	-29.018	0	145.249	0	0	
0	[SLPS]	0	476.543	-29.380	0	145.276	0	0	
0	[SLPS]	0	476.785	-29.739	0	145.299	0	0	
0	[SLPS]	0	476.785	-29.739	0	145.299	0	0	
0	[SLPS]	0	477.274	-30.466	0	145.330	0	0	
0	[SLPS]	0	477.274	-30.466	0	145.330	0	0	
0	[SLPS]	0	477.522	-30.824	0	145.327	0	0	
0	[SLPS]	0	477.770	-31.193	0	145.348	0	0	
0	[SLPS]	0	477.770	-31.193	0	145.348	0	0	
0	[SLPS]	0	478.278	-31.927	0	145.365	0	0	
0	[SLPS]	0	478.278	-31.927	0	145.365	0	0	
0	[SLPS]	0	478.529	-32.294	0	145.380	0	0	
0	[SLPS]	0	478.798	-32.664	0	145.376	0	0	
0	[SLPS]	0	478.798	-32.664	0	145.376	0	0	
0	[SLPS]	0	479.320	-33.415	0	145.415	0	0	
0	[SLPS]	0	479.320	-33.415	0	145.415	0	0	
0	[SLPS]	0	479.576	-33.787	0	145.427	0	0	
0	[SLPS]	0	479.840	-34.161	0	145.430	0	0	
0	[SLPS]	0	479.840	-34.161	0	145.430	0	0	
0	[SLPS]	0	480.355	-34.919	0	145.421	0	0	
0	[SLPS]	0	480.355	-34.919	0	145.421	0	0	
0	[SLPS]	0	480.614	-35.291	0	145.390	0	0	
0	[SLPS]	0	480.872	-35.665	0	145.361	0	0	
0	[SLPS]	0	480.872	-35.665	0	145.361	0	0	
0	[SLPS]	0	481.395	-36.426	0	145.313	0	0	
0	[SLPS]	0	481.395	-36.426	0	145.313	0	0	
0	[SLPS]	0	481.662	-36.793	0	145.281	0	0	
0	[SLPS]	0	481.929	-37.167	0	145.256	0	0	
0	[SLPS]	0	481.929	-37.167	0	145.256	0	0	
0	[SLPS]	0	482.468	-37.923	0	145.207	0	0	
0	[SLPS]	0	482.468	-37.923	0	145.207	0	0	
0	[SLPS]	0	482.733	-38.305	0	145.193	0	0	
0	[SLPS]	0	483.001	-38.691	0	145.174	0	0	
0	[SLPS]	0	483.001	-38.691	0	145.174	0	0	
0	[SLPS]	0	483.541	-39.463	0	145.126	0	0	
0	[SLPS]	0	483.541	-39.463	0	145.126	0	0	
0	[SLPS]	0	484.080	-40.240	0	145.085	0	0	
0	[SLPS]	0	484.080	-40.240	0	145.085	0	0	
0	[SLPS]	0	484.350	-40.630	0	145.068	0	0	
0	[SLPS]	0	484.629	-41.021	0	145.042	0	0	
0	[SLPS]	0	484.629	-41.021	0	145.042	0	0	
0	[SLPS]	0	485.167	-41.803	0	145.036	0	0	
0	[SLPS]	0	485.167	-41.803	0	145.036	0	0	
0	[SLPS]	0	485.445	-42.202	0	145.048	0	0	
0	[SLPS]	0	485.718	-42.596	0	145.060	0	0	
0	[SLPS]	0	485.718	-42.596	0	145.060	0	0	
0	[SLPS]	0	486.268	-43.383	0	145.059	0	0	
0	[SLPS]	0	486.268	-43.383	0	145.059	0	0	
0	[SLPS]	0	486.544	-43.781	0	145.064	0	0	
0	[SLPS]	0	486.819	-44.178	0	145.066	0	0	
0	[SLPS]	0	486.819	-44.178	0	145.066	0	0	
0	[SLPS]	0	487.376	-44.979	0	145.075	0	0	
0	[SLPS]	0	487.376	-44.979	0	145.075	0	0	
0	[SLPS]	0	487.376	-44.979	0	145.075	0	0	
0	[SLPS]	0	487.926	-45.789	0	145.084	0	0	
0	[SLPS]	0	487.926	-45.789	0	145.084	0	0	
0	[SLPS]	0	488.484	-46.598	0	145.069	0	0	
0	[SLPS]	0	488.484	-46.598	0	145.069	0	0	
0	[SLPS]	0	488.767	-47.005	0	145.066	0	0	
0	[SLPS]	0	489.059	-47.421	0	145.058	0	0	
0	[SLPS]	0	489.059	-47.421	0	145.058	0	0	
0	[SLPS]	0	489.631	-48.244	0	145.052	0	0	
0	[SLPS]	0	489.631	-48.244	0	145.052	0	0	
0	[SLPS]	0	489.919	-48.650	0	145.042	0	0	
0	[SLPS]	0	490.208	-49.056	0	145.037	0	0	
0	[SLPS]	0	490.208	-49.056	0	145.037	0	0	
0	[SLPS]	0	490.781	-49.880	0	145.044	0	0	
0	[SLPS]	0	490.781	-49.880	0	145.044	0	0	
0	[SLPS]	0	491.072	-50.289	0	145.032	0	0	
0	[SLPS]	0	491.360	-50.699	0	145.025	0	0	
0	[SLPS]	0	491.360	-50.699	0	145.025	0	0	
0	[SLPS]	0	491.927	-51.527	0	145.018	0	0	
0	[SLPS]	0	491.927	-51.527	0	145.018	0	0	
0	[SLPS]	0	492.222	-51.940	0	144.999	0	0	
0	[SLPS]	0	492.514	-52.359	0	144.997	0	0	
0	[SLPS]	0	492.514	-52.359	0	144.997	0	0	
0	[SLPS]	0	493.093	-53.195	0	145.007	0	0	
0	[SLPS]	0	493.093	-53.195	0	145.007	0	0	
0	[SLPS]	0	493.678	-54.024	0	145.004	0	0	
0	[SLPS]	0	493.678	-54.024	0	145.004	0	0	
0	[SLPS]	0	493.966	-54.439	0	145.002	0	0	
0	[SLPS]	0	494.263	-54.859	0	144.991	0	0	
0	[SLPS]	0	494.263	-54.859	0	144.991	0	0	
0	[SLPS]	0	494.838	-55.693	0	144.982	0	0	
0	[SLPS]	0	494.838	-55.693	0	144.982	0	0	
0	[SLPS]	0	495.129	-56.110	0	144.979	0	0	
0	[SLPS]	0	495.423	-56.521	0	144.968	0	0	
0	[SLPS]	0	495.423	-56.521	0	144.968	0	0	
0	[SLPS]	0	496.001	-57.364	0	144.974	0	0	
0	[SLPS]	0	496.001	-57.364	0	144.974	0	0	
0	[SLPS]	0	496.293	-57.777	0	144.961	0	0	
0	[SLPS]	0	496.583	-58.195	0	144.963	0	0	
0	[SLPS]	0	496.583	-58.195	0	144.963	0	0	
0	[SLPS]	0	497.166	-59.031	0	144.945	0	0	
0	[SLPS]	0	497.166	-59.031	0	144.945	0	0	
0	[SLPS]	0	497.456	-59.443	0	144.937	0	0	
0	[SLPS]	0	497.746	-59.866	0	144.945	0	0	
0	[SLPS]	0	497.746	-59.866	0	144.945	0	0	
0	[SLPS]	0	498.337	-60.700	0	144.940	0	0	
0	[SLPS]	0	498.337	-60.700	0	144.940	0	0	
0	[SLPS]	0	498.624	-61.118	0	144.941	0	0	
0	[SLPS]	0	498.917	-61.536	0	144.936	0	0	
0	[SLPS]	0	498.917	-61.536	0	144.936	0	0	
0	[SLPS]	0	499.505	-62.378	0	144.923	0	0	
0	[SLPS]	0	499.505	-62.378	0	144.923	0	0	
0	[SLPS]	0	499.794	-62.793	0	144.915	0	0	
0	[SLPS]	0	500.087	-63.213	0	144.907	0	0	
0	[SLPS]	0	500.381	-63.629	0	144.903	0	0	
0	[SLPS]	0	500.673	-64.046	0	144.902	0	0	
0	[SLPS]	0	500.673	-64.046	0	144.902	0	0	
0	[SLPS]	0	501.257	-64.878	0	144.901	0	0	
0	[SLPS]	0	501.257	-64.878	0	144.901	0	0	
0	[SLPS]	0	501.548	-65.297	0	144.900	0	0	
0	[SLPS]	0	501.842	-65.713	0	144.895	0	0	
0	[SLPS]	0	501.842	-65.713	0	144.895	0	0	
0	[SLPS]	0	502.428	-66.548	0	144.886	0	0	
0	[SLPS]	0	502.428	-66.548	0	144.886	0	0	
0	[SLPS]	0	502.717	-66.968	0	144.898	0	0	
0	[SLPS]	0	503.013	-67.388	0	144.906	0	0	
0	[SLPS]	0	503.013	-67.388	0	144.906	0	0	
0	[SLPS]	0	503.595	-68.219	0	144.930	0	0	
0	[SLPS]	0	503.595	-68.219	0	144.930	0	0	
0	[SLPS]	0	503.882	-68.635	0	144.954	0	0	
0	[SLPS]	0	504.175	-69.048	0	144.973	0	0	
0	[SLPS]	0	504.175	-69.048	0	144.973	0	0	
0	[SLPS]	0	504.757	-69.882	0	145.020	0	0	
0	[SLPS]	0	504.757	-69.882	0	145.020	0	0	
0	[SLPS]	0	505.047	-70.303	0	145.046	0	0	
0	[SLPS]	0	505.340	-70.721	0	145.066	0	0	
0	[SLPS]	0	505.340	-70.721	0	145.066	0	0	
0	[SLPS]	0	505.917	-71.559	0	145.116	0	0	
0	[SLPS]	0	505.917	-71.559	0	145.116	0	0	
0	[SLPS]	0	506.210	-71.979	0	145.139	0	0	
0	[SLPS]	0	506.502	-72.399	0	145.160	0	0	
0	[SLPS]	0	506.791	-72.816	0	145.173	0	0	
0	[SLPS]	0	507.082	-73.232	0	145.167	0	0	
0	[SLPS]	0	507.082	-73.232	0	145.167	0	0	
0	[SLPS]	0	507.656	-74.073	0	145.157	0	0	
0	[SLPS]	0	507.656	-74.073	0	145.157	0	0	
0	[SLPS]	0	507.941	-74.490	0	145.145	0	0	
0	[SLPS]	0	508.229	-74.908	0	145.132	0	0	
0	[SLPS]	0	508.229	-74.908	0	145.132	0	0	
0	[SLPS]	0	508.808	-75.752	0	145.123	0	0	
0	[SLPS]	0	508.808	-75.752	0	145.123	0	0	
0	[SLPS]	0	509.098	-76.167	0	145.116	0	0	
0	[SLPS]	0	509.389	-76.582	0	145.100	0	0	
0	[SLPS]	0	509.389	-76.582	0	145.100	0	0	
0	[SLPS]	0	509.972	-77.416	0	145.073	0	0	
0	[SLPS]	0	509.972	-77.416	0	145.073	0	0	
0	[SLPS]	0	510.260	-77.837	0	145.066	0	0	
0	[SLPS]	0	510.551	-78.252	0	145.053	0	0	
0	[SLPS]	0	510.551	-78.252	0	145.053	0	0	
0	[SLPS]	0	511.131	-79.082	0	145.027	0	0	
0	[SLPS]	0	511.131	-79.082	0	145.027	0	0	
0	[SLPS]	0	511.414	-79.495	0	145.024	0	0	
0	[SLPS]	0	511.709	-79.906	0	145.000	0	0	
0	[SLPS]	0	511.709	-79.906	0	145.000	0	0	
0	[SLPS]	0	512.289	-80.734	0	144.967	0	0	
0	[SLPS]	0	512.289	-80.734	0	144.967	0	0	
0	[SLPS]	0	512.577	-81.145	0	144.961	0	0	
0	[SLPS]	0	512.858	-81.543	0	144.954	0	0	
0	[SLPS]	0	512.858	-81.543	0	144.954	0	0	
0	[SLPS]	0	513.431	-82.351	0	144.914	0	0	
0	[SLPS]	0	513.431	-82.351	0	144.914	0	0	
0	[SLPS]	0	513.716	-82.757	0	144.896	0	0	
0	[SLPS]	0	513.994	-83.162	0	144.887	0	0	
0	[SLPS]	0	513.994	-83.162	0	144.887	0	0	
0	[SLPS]	0	514.564	-83.973	0	144.857	0	0	
0	[SLPS]	0	514.564	-83.973	0	144.857	0	0	
0	[SLPS]	0	514.846	-84.380	0	144.839	0	0	
0	[SLPS]	0	515.125	-84.788	0	144.834	0	0	
0	[SLPS]	0	515.409	-85.191	0	144.826	0	0	
0	[SLPS]	0	515.692	-85.594	0	144.812	0	0	
0	[SLPS]	0	515.692	-85.594	0	144.812	0	0	
0	[SLPS]	0	516.253	-86.390	0	144.790	0	0	
0	[SLPS]	0	516.253	-86.390	0	144.790	0	0	
0	[SLPS]	0	516.532	-86.787	0	144.779	0	0	
0	[SLPS]	0	516.805	-87.184	0	144.773	0	0	
0	[SLPS]	0	516.805	-87.184	0	144.773	0	0	
0	[SLPS]	0	517.358	-87.980	0	144.758	0	0	
0	[SLPS]	0	517.358	-87.980	0	144.758	0	0	
0	[SLPS]	0	517.635	-88.373	0	144.747	0	0	
0	[SLPS]	0	517.913	-88.767	0	144.738	0	0	
0	[SLPS]	0	517.913	-88.767	0	144.738	0	0	
0	[SLPS]	0	518.461	-89.549	0	144.723	0	0	
0	[SLPS]	0	518.461	-89.549	0	144.723	0	0	
0	[SLPS]	0	518.738	-89.934	0	144.711	0	0	
0	[SLPS]	0	519.010	-90.323	0	144.703	0	0	
0	[SLPS]	0	519.010	-90.323	0	144.703	0	0	
0	[SLPS]	0	519.541	-91.083	0	144.685	0	0	
0	[SLPS]	0	519.541	-91.083	0	144.685	0	0	
0	[SLPS]	0	519.811	-91.463	0	144.677	0	0	
0	[SLPS]	0	520.076	-91.835	0	144.666	0	0	
0	[SLPS]	0	520.076	-91.835	0	144.666	0	0	
0	[SLPS]	0	520.599	-92.586	0	144.654	0	0	
0	[SLPS]	0	520.599	-92.586	0	144.654	0	0	
0	[SLPS]	0	520.859	-92.949	0	144.640	0	0	
0	[SLPS]	0	521.115	-93.315	0	144.637	0	0	
0	[SLPS]	0	521.115	-93.315	0	144.637	0	0	
0	[SLPS]	0	521.630	-94.035	0	144.611	0	0	
0	[SLPS]	0	521.630	-94.035	0	144.611	0	0	
0	[SLPS]	0	521.888	-94.398	0	144.601	0	0	
0	[SLPS]	0	522.145	-94.757	0	144.590	0	0	
0	[SLPS]	0	522.145	-94.757	0	144.590	0	0	
0	[SLPS]	0	522.648	-95.467	0	144.576	0	0	
0	[SLPS]	0	522.648	-95.467	0	144.576	0	0	
0	[SLPS]	0	522.894	-95.823	0	144.574	0	0	
0	[SLPS]	0	523.147	-96.170	0	144.564	0	0	
0	[SLPS]	0	523.147	-96.170	0	144.564	0	0	
0	[SLPS]	0	523.649	-96.854	0	144.538	0	0	
0	[SLPS]	0	523.649	-96.854	0	144.538	0	0	
0	[SLPS]	0	523.890	-97.206	0	144.534	0	0	
0	[SLPS]	0	524.137	-97.546	0	144.523	0	0	
0	[SLPS]	0	524.380	-97.886	0	144.519	0	0	
0	[SLPS]	0	524.612	-98.224	0	144.521	0	0	
0	[SLPS]	0	524.612	-98.224	0	144.521	0	0	
0	[SLPS]	0	525.096	-98.901	0	144.507	0	0	
0	[SLPS]	0	525.096	-98.901	0	144.507	0	0	
0	[SLPS]	0	525.330	-99.235	0	144.498	0	0	
0	[SLPS]	0	525.567	-99.572	0	144.491	0	0	
0	[SLPS]	0	525.567	-99.572	0	144.491	0	0	
0	[SLPS]	0	526.039	-100.232	0	144.470	0	0	
0	[SLPS]	0	526.039	-100.232	0	144.470	0	0	
0	[SLPS]	0	526.274	-100.566	0	144.460	0	0	
0	[SLPS]	0	526.509	-100.896	0	144.450	0	0	
0	[SLPS]	0	526.509	-100.896	0	144.450	0	0	
0	[SLPS]	0	526.967	-101.549	0	144.447	0	0	
0	[SLPS]	0	526.967	-101.549	0	144.447	0	0	
0	[SLPS]	0	527.198	-101.874	0	144.444	0	0	
0	[SLPS]	0	527.428	-102.199	0	144.440	0	0	
0	[SLPS]	0	527.428	-102.199	0	144.440	0	0	
0	[SLPS]	0	527.885	-102.842	0	144.424	0	0	
0	[SLPS]	0	527.885	-102.842	0	144.424	0	0	
0	[SLPS]	0	528.111	-103.161	0	144.419	0	0	
0	[SLPS]	0	528.337	-103.482	0	144.409	0	0	
0	[SLPS]	0	528.337	-103.482	0	144.409	0	0	
0	[SLPS]	0	528.796	-104.116	0	144.381	0	0	
0	[SLPS]	0	528.796	-104.116	0	144.381	0	0	
0	[SLPS]	0	529.019	-104.433	0	144.371	0	0	
0	[SLPS]	0	529.245	-104.759	0	144.369	0	0	
0	[SLPS]	0	529.245	-104.759	0	144.369	0	0	
0	[SLPS]	0	529.697	-105.381	0	144.360	0	0	
0	[SLPS]	0	529.697	-105.381	0	144.360	0	0	
0	[SLPS]	0	529.915	-105.690	0	144.352	0	0	
0	[SLPS]	0	530.134	-105.999	0	144.345	0	0	
0	[SLPS]	0	530.355	-106.305	0	144.338	0	0	
0	[SLPS]	0	530.572	-106.609	0	144.329	0	0	
0	[SLPS]	0	530.572	-106.609	0	144.329	0	0	
0	[SLPS]	0	530.787	-106.908	0	144.317	0	0	
0	[SLPS]	0	531.002	-107.209	0	144.309	0	0	
0	[SLPS]	0	531.208	-107.511	0	144.306	0	0	
0	[SLPS]	0	531.420	-107.811	0	144.300	0	0	
0	[SLPS]	0	531.420	-107.811	0	144.300	0	0	
0	[SLPS]	0	531.624	-108.107	0	144.304	0	0	
0	[SLPS]	0	531.835	-108.404	0	144.301	0	0	
0	[SLPS]	0	532.044	-108.697	0	144.297	0	0	
0	[SLPS]	0	532.258	-108.986	0	144.289	0	0	
0	[SLPS]	0	532.258	-108.986	0	144.289	0	0	
0	[SLPS]	0	532.679	-109.566	0	144.269	0	0	
0	[SLPS]	0	532.679	-109.566	0	144.269	0	0	
0	[SLPS]	0	532.885	-109.853	0	144.264	0	0	
0	[SLPS]	0	533.096	-110.141	0	144.250	0	0	
0	[SLPS]	0	533.096	-110.141	0	144.250	0	0	
0	[SLPS]	0	533.507	-110.713	0	144.245	0	0	
0	[SLPS]	0	533.507	-110.713	0	144.245	0	0	
0	[SLPS]	0	533.709	-111.002	0	144.243	0	0	
0	[SLPS]	0	533.912	-111.287	0	144.240	0	0	
0	[SLPS]	0	533.912	-111.287	0	144.240	0	0	
0	[SLPS]	0	534.315	-111.850	0	144.242	0	0	
0	[SLPS]	0	534.315	-111.850	0	144.242	0	0	
0	[SLPS]	0	534.517	-112.128	0	144.231	0	0	
0	[SLPS]	0	534.716	-112.407	0	144.225	0	0	
0	[SLPS]	0	534.716	-112.407	0	144.225	0	0	
0	[SLPS]	0	535.111	-112.967	0	144.256	0	0	
0	[SLPS]	0	535.111	-112.967	0	144.256	0	0	
0	[SLPS]	0	535.308	-113.243	0	144.291	0	0	
0	[SLPS]	0	535.505	-113.518	0	144.325	0	0	
0	[SLPS]	0	535.505	-113.518	0	144.325	0	0	
0	[SLPS]	0	535.893	-114.061	0	144.370	0	0	
0	[SLPS]	0	535.893	-114.061	0	144.370	0	0	
0	[SLPS]	0	536.083	-114.329	0	144.387	0	0	
0	[SLPS]	0	536.272	-114.597	0	144.413	0	0	
0	[SLPS]	0	536.272	-114.597	0	144.413	0	0	
0	[SLPS]	0	536.645	-115.119	0	144.474	0	0	
0	[SLPS]	0	536.645	-115.119	0	144.474	0	0	
0	[SLPS]	0	536.834	-115.385	0	144.505	0	0	
0	[SLPS]	0	537.020	-115.647	0	144.533	0	0	
0	[SLPS]	0	537.020	-115.647	0	144.533	0	0	
0	[SLPS]	0	537.379	-116.162	0	144.579	0	0	
0	[SLPS]	0	537.379	-116.162	0	144.579	0	0	
0	[SLPS]	0	537.558	-116.419	0	144.607	0	0	
0	[SLPS]	0	537.740	-116.676	0	144.636	0	0	
0	[SLPS]	0	537.740	-116.676	0	144.636	0	0	
0	[SLPS]	0	538.097	-117.181	0	144.685	0	0	
0	[SLPS]	0	538.097	-117.181	0	144.685	0	0	
0	[SLPS]	0	538.270	-117.432	0	144.717	0	0	
0	[SLPS]	0	538.452	-117.681	0	144.743	0	0	
0	[SLPS]	0	538.626	-117.929	0	144.772	0	0	
0	[SLPS]	0	538.797	-118.187	0	144.804	0	0	
0	[SLPS]	0	538.797	-118.187	0	144.804	0	0	
0	[SLPS]	0	538.965	-118.435	0	144.836	0	0	
0	[SLPS]	0	539.138	-118.677	0	144.855	0	0	
0	[SLPS]	0	539.302	-118.920	0	144.886	0	0	
0	[SLPS]	0	539.468	-119.157	0	144.913	0	0	
0	[SLPS]	0	539.468	-119.157	0	144.913	0	0	
0	[SLPS]	0	539.630	-119.399	0	144.945	0	0	
0	[SLPS]	0	539.795	-119.636	0	144.987	0	0	
0	[SLPS]	0	539.958	-119.873	0	145.034	0	0	
0	[SLPS]	0	540.123	-120.105	0	145.095	0	0	
0	[SLPS]	0	540.123	-120.105	0	145.095	0	0	
0	[SLPS]	0	540.448	-120.570	0	145.245	0	0	
0	[SLPS]	0	540.448	-120.570	0	145.245	0	0	
0	[SLPS]	0	540.606	-120.800	0	145.331	0	0	
0	[SLPS]	0	540.755	-121.028	0	145.427	0	0	
0	[SLPS]	0	540.755	-121.028	0	145.427	0	0	
0	[SLPS]	0	541.056	-121.479	0	145.654	0	0	
0	[SLPS]	0	541.056	-121.479	0	145.654	0	0	
0	[SLPS]	0	541.205	-121.701	0	145.778	0	0	
0	[SLPS]	0	541.355	-121.923	0	145.911	0	0	
0	[SLPS]	0	541.355	-121.923	0	145.911	0	0	
0	[SLPS]	0	541.639	-122.363	0	146.224	0	0	
0	[SLPS]	0	541.639	-122.363	0	146.224	0	0	
0	[SLPS]	0	541.782	-122.569	0	146.394	0	0	
0	[SLPS]	0	541.921	-122.780	0	146.574	0	0	
0	[SLPS]	0	541.921	-122.780	0	146.574	0	0	
0	[SLPS]	0	542.192	-123.197	0	146.995	0	0	
0	[SLPS]	0	542.192	-123.197	0	146.995	0	0	
0	[SLPS]	0	542.324	-123.406	0	147.241	0	0	
0	[SLPS]	0	542.458	-123.617	0	147.509	0	0	
0	[SLPS]	0	542.458	-123.617	0	147.509	0	0	
0	[SLPS]	0	542.719	-124.040	0	148.105	0	0	
0	[SLPS]	0	542.719	-124.040	0	148.105	0	0	
0	[SLPS]	0	542.842	-124.252	0	148.441	0	0	
0	[SLPS]	0	542.962	-124.461	0	148.813	0	0	
0	[SLPS]	0	543.078	-124.674	0	149.226	0	0	
0	[SLPS]	0	543.191	-124.888	0	149.659	0	0	
0	[SLPS]	0	543.191	-124.888	0	149.659	0	0	
0	[SLPS]	0	543.307	-125.098	0	150.095	0	0	
0	[SLPS]	0	543.417	-125.313	0	150.548	0	0	
