0	[SLPS]	0	474.917	-187.036	0	239.250	0	0	
0	[SLPS]	0	474.705	-187.169	0	239.256	0	0	
0	[SLPS]	0	474.481	-187.294	0	239.292	0	0	
0	[SLPS]	0	474.481	-187.294	0	239.292	0	0	
0	[SLPS]	0	474.051	-187.560	0	239.304	0	0	
0	[SLPS]	0	474.051	-187.560	0	239.304	0	0	
0	[SLPS]	0	473.832	-187.687	0	239.329	0	0	
0	[SLPS]	0	473.604	-187.814	0	239.359	0	0	
0	[SLPS]	0	473.604	-187.814	0	239.359	0	0	
0	[SLPS]	0	473.173	-188.076	0	239.380	0	0	
0	[SLPS]	0	473.173	-188.076	0	239.380	0	0	
0	[SLPS]	0	472.963	-188.204	0	239.393	0	0	
0	[SLPS]	0	472.742	-188.323	0	239.430	0	0	
0	[SLPS]	0	472.742	-188.323	0	239.430	0	0	
0	[SLPS]	0	472.305	-188.580	0	239.459	0	0	
0	[SLPS]	0	472.305	-188.580	0	239.459	0	0	
0	[SLPS]	0	472.085	-188.695	0	239.498	0	0	
0	[SLPS]	0	471.869	-188.824	0	239.510	0	0	
0	[SLPS]	0	471.869	-188.824	0	239.510	0	0	
0	[SLPS]	0	471.441	-189.075	0	239.533	0	0	
0	[SLPS]	0	471.441	-189.075	0	239.533	0	0	
0	[SLPS]	0	471.216	-189.216	0	239.533	0	0	
0	[SLPS]	0	470.998	-189.345	0	239.546	0	0	
0	[SLPS]	0	470.998	-189.345	0	239.546	0	0	
0	[SLPS]	0	470.562	-189.606	0	239.572	0	0	
0	[SLPS]	0	470.562	-189.606	0	239.572	0	0	
0	[SLPS]	0	470.349	-189.733	0	239.581	0	0	
0	[SLPS]	0	470.130	-189.866	0	239.587	0	0	
0	[SLPS]	0	469.915	-189.981	0	239.624	0	0	
0	[SLPS]	0	469.698	-190.114	0	239.636	0	0	
0	[SLPS]	0	469.698	-190.114	0	239.636	0	0	
0	[SLPS]	0	469.480	-190.243	0	239.655	0	0	
0	[SLPS]	0	469.258	-190.375	0	239.671	0	0	
0	[SLPS]	0	469.040	-190.504	0	239.689	0	0	
0	[SLPS]	0	468.826	-190.633	0	239.704	0	0	
0	[SLPS]	0	468.826	-190.633	0	239.704	0	0	
0	[SLPS]	0	468.394	-190.891	0	239.720	0	0	
0	[SLPS]	0	468.394	-190.891	0	239.720	0	0	
0	[SLPS]	0	468.177	-191.017	0	239.726	0	0	
0	[SLPS]	0	467.959	-191.145	0	239.755	0	0	
0	[SLPS]	0	467.959	-191.145	0	239.755	0	0	
0	[SLPS]	0	467.529	-191.415	0	239.716	0	0	
0	[SLPS]	0	467.529	-191.415	0	239.716	0	0	
0	[SLPS]	0	467.302	-191.535	0	239.711	0	0	
0	[SLPS]	0	467.086	-191.666	0	239.695	0	0	
0	[SLPS]	0	467.086	-191.666	0	239.695	0	0	
0	[SLPS]	0	466.643	-191.919	0	239.680	0	0	
0	[SLPS]	0	466.643	-191.919	0	239.680	0	0	
0	[SLPS]	0	466.421	-192.048	0	239.660	0	0	
0	[SLPS]	0	466.202	-192.178	0	239.639	0	0	
0	[SLPS]	0	465.976	-192.303	0	239.638	0	0	
0	[SLPS]	0	465.748	-192.433	0	239.643	0	0	
0	[SLPS]	0	465.748	-192.433	0	239.643	0	0	
0	[SLPS]	0	465.527	-192.556	0	239.651	0	0	
0	[SLPS]	0	465.309	-192.686	0	239.645	0	0	
0	[SLPS]	0	465.091	-192.815	0	239.624	0	0	
0	[SLPS]	0	464.860	-192.946	0	239.609	0	0	
0	[SLPS]	0	464.860	-192.946	0	239.609	0	0	
0	[SLPS]	0	464.429	-193.218	0	239.557	0	0	
0	[SLPS]	0	464.429	-193.218	0	239.557	0	0	
0	[SLPS]	0	464.205	-193.348	0	239.554	0	0	
0	[SLPS]	0	463.987	-193.488	0	239.532	0	0	
0	[SLPS]	0	463.987	-193.488	0	239.532	0	0	
0	[SLPS]	0	463.541	-193.745	0	239.532	0	0	
0	[SLPS]	0	463.541	-193.745	0	239.532	0	0	
0	[SLPS]	0	463.318	-193.881	0	239.515	0	0	
0	[SLPS]	0	463.095	-194.008	0	239.508	0	0	
0	[SLPS]	0	463.095	-194.008	0	239.508	0	0	
0	[SLPS]	0	462.647	-194.270	0	239.472	0	0	
0	[SLPS]	0	462.647	-194.270	0	239.472	0	0	
0	[SLPS]	0	462.424	-194.406	0	239.456	0	0	
0	[SLPS]	0	462.201	-194.535	0	239.446	0	0	
0	[SLPS]	0	462.201	-194.535	0	239.446	0	0	
0	[SLPS]	0	461.747	-194.796	0	239.426	0	0	
0	[SLPS]	0	461.747	-194.796	0	239.426	0	0	
0	[SLPS]	0	461.521	-194.928	0	239.418	0	0	
0	[SLPS]	0	461.296	-195.061	0	239.406	0	0	
0	[SLPS]	0	461.296	-195.061	0	239.406	0	0	
0	[SLPS]	0	460.842	-195.332	0	239.388	0	0	
0	[SLPS]	0	460.842	-195.332	0	239.388	0	0	
0	[SLPS]	0	460.612	-195.462	0	239.408	0	0	
0	[SLPS]	0	460.381	-195.597	0	239.422	0	0	
0	[SLPS]	0	460.161	-195.729	0	239.424	0	0	
0	[SLPS]	0	459.935	-195.868	0	239.422	0	0	
0	[SLPS]	0	459.935	-195.868	0	239.422	0	0	
0	[SLPS]	0	459.707	-196.002	0	239.434	0	0	
0	[SLPS]	0	459.482	-196.141	0	239.433	0	0	
0	[SLPS]	0	459.482	-196.141	0	239.433	0	0	
0	[SLPS]	0	459.020	-196.405	0	239.463	0	0	
0	[SLPS]	0	459.020	-196.405	0	239.463	0	0	
0	[SLPS]	0	458.790	-196.538	0	239.478	0	0	
0	[SLPS]	0	458.563	-196.676	0	239.490	0	0	
0	[SLPS]	0	458.563	-196.676	0	239.490	0	0	
0	[SLPS]	0	458.112	-196.952	0	239.474	0	0	
0	[SLPS]	0	458.112	-196.952	0	239.474	0	0	
0	[SLPS]	0	457.882	-197.083	0	239.491	0	0	
0	[SLPS]	0	457.651	-197.218	0	239.504	0	0	
0	[SLPS]	0	457.415	-197.351	0	239.522	0	0	
0	[SLPS]	0	457.181	-197.483	0	239.536	0	0	
0	[SLPS]	0	457.181	-197.483	0	239.536	0	0	
0	[SLPS]	0	456.720	-197.756	0	239.552	0	0	
0	[SLPS]	0	456.720	-197.756	0	239.552	0	0	
0	[SLPS]	0	456.720	-197.756	0	239.552	0	0	
0	[SLPS]	0	456.260	-198.019	0	239.588	0	0	
0	[SLPS]	0	456.260	-198.019	0	239.588	0	0	
0	[SLPS]	0	456.031	-198.154	0	239.598	0	0	
0	[SLPS]	0	455.799	-198.292	0	239.606	0	0	
0	[SLPS]	0	455.567	-198.425	0	239.625	0	0	
0	[SLPS]	0	455.333	-198.564	0	239.645	0	0	
0	[SLPS]	0	455.333	-198.564	0	239.645	0	0	
0	[SLPS]	0	454.868	-198.834	0	239.721	0	0	
0	[SLPS]	0	454.868	-198.834	0	239.721	0	0	
0	[SLPS]	0	454.642	-198.975	0	239.743	0	0	
0	[SLPS]	0	454.404	-199.102	0	239.794	0	0	
0	[SLPS]	0	454.404	-199.102	0	239.794	0	0	
0	[SLPS]	0	454.181	-199.249	0	239.802	0	0	
0	[SLPS]	0	453.932	-199.380	0	239.853	0	0	
0	[SLPS]	0	453.932	-199.380	0	239.853	0	0	
0	[SLPS]	0	453.462	-199.644	0	239.933	0	0	
0	[SLPS]	0	453.462	-199.644	0	239.933	0	0	
0	[SLPS]	0	453.231	-199.787	0	239.952	0	0	
0	[SLPS]	0	452.988	-199.914	0	240.003	0	0	
0	[SLPS]	0	452.988	-199.914	0	240.003	0	0	
0	[SLPS]	0	452.520	-200.192	0	240.048	0	0	
0	[SLPS]	0	452.520	-200.192	0	240.048	0	0	
0	[SLPS]	0	452.284	-200.331	0	240.079	0	0	
0	[SLPS]	0	452.050	-200.470	0	240.102	0	0	
0	[SLPS]	0	451.815	-200.609	0	240.133	0	0	
0	[SLPS]	0	451.577	-200.742	0	240.171	0	0	
0	[SLPS]	0	451.577	-200.742	0	240.171	0	0	
0	[SLPS]	0	451.344	-200.879	0	240.194	0	0	
0	[SLPS]	0	451.104	-201.019	0	240.207	0	0	
0	[SLPS]	0	451.104	-201.019	0	240.207	0	0	
0	[SLPS]	0	450.630	-201.288	0	240.222	0	0	
0	[SLPS]	0	450.630	-201.288	0	240.222	0	0	
0	[SLPS]	0	450.388	-201.412	0	240.259	0	0	
0	[SLPS]	0	450.149	-201.549	0	240.269	0	0	
0	[SLPS]	0	449.914	-201.687	0	240.269	0	0	
0	[SLPS]	0	449.670	-201.833	0	240.257	0	0	
0	[SLPS]	0	449.670	-201.833	0	240.257	0	0	
0	[SLPS]	0	449.178	-202.096	0	240.251	0	0	
0	[SLPS]	0	449.178	-202.096	0	240.251	0	0	
0	[SLPS]	0	448.930	-202.235	0	240.215	0	0	
0	[SLPS]	0	448.686	-202.385	0	240.162	0	0	
0	[SLPS]	0	448.686	-202.385	0	240.162	0	0	
0	[SLPS]	0	448.217	-202.661	0	240.089	0	0	
0	[SLPS]	0	448.217	-202.661	0	240.089	0	0	
0	[SLPS]	0	447.974	-202.806	0	240.052	0	0	
0	[SLPS]	0	447.734	-202.944	0	240.023	0	0	
0	[SLPS]	0	447.734	-202.944	0	240.023	0	0	
0	[SLPS]	0	447.251	-203.224	0	239.975	0	0	
0	[SLPS]	0	447.251	-203.224	0	239.975	0	0	
0	[SLPS]	0	447.010	-203.366	0	239.943	0	0	
0	[SLPS]	0	446.767	-203.512	0	239.914	0	0	
0	[SLPS]	0	446.767	-203.512	0	239.914	0	0	
0	[SLPS]	0	446.284	-203.799	0	239.845	0	0	
0	[SLPS]	0	446.284	-203.799	0	239.845	0	0	
0	[SLPS]	0	446.041	-203.940	0	239.813	0	0	
0	[SLPS]	0	445.794	-204.083	0	239.784	0	0	
0	[SLPS]	0	445.794	-204.083	0	239.784	0	0	
0	[SLPS]	0	445.295	-204.366	0	239.744	0	0	
0	[SLPS]	0	445.295	-204.366	0	239.744	0	0	
0	[SLPS]	0	445.054	-204.510	0	239.721	0	0	
0	[SLPS]	0	444.806	-204.654	0	239.706	0	0	
0	[SLPS]	0	444.806	-204.654	0	239.706	0	0	
0	[SLPS]	0	444.299	-204.955	0	239.662	0	0	
0	[SLPS]	0	444.299	-204.955	0	239.662	0	0	
0	[SLPS]	0	444.052	-205.103	0	239.630	0	0	
0	[SLPS]	0	443.796	-205.250	0	239.615	0	0	
0	[SLPS]	0	443.796	-205.250	0	239.615	0	0	
0	[SLPS]	0	443.283	-205.552	0	239.573	0	0	
0	[SLPS]	0	443.283	-205.552	0	239.573	0	0	
0	[SLPS]	0	443.028	-205.703	0	239.558	0	0	
0	[SLPS]	0	442.767	-205.849	0	239.547	0	0	
0	[SLPS]	0	442.767	-205.849	0	239.547	0	0	
0	[SLPS]	0	442.256	-206.150	0	239.506	0	0	
0	[SLPS]	0	442.256	-206.150	0	239.506	0	0	
0	[SLPS]	0	441.993	-206.301	0	239.488	0	0	
0	[SLPS]	0	441.735	-206.451	0	239.474	0	0	
0	[SLPS]	0	441.469	-206.605	0	239.459	0	0	
0	[SLPS]	0	441.210	-206.762	0	239.442	0	0	
0	[SLPS]	0	441.210	-206.762	0	239.442	0	0	
0	[SLPS]	0	440.694	-207.081	0	239.417	0	0	
0	[SLPS]	0	440.694	-207.081	0	239.417	0	0	
0	[SLPS]	0	440.436	-207.242	0	239.418	0	0	
0	[SLPS]	0	440.170	-207.390	0	239.439	0	0	
0	[SLPS]	0	440.170	-207.390	0	239.439	0	0	
0	[SLPS]	0	439.638	-207.711	0	239.438	0	0	
0	[SLPS]	0	439.638	-207.711	0	239.438	0	0	
0	[SLPS]	0	439.374	-207.868	0	239.435	0	0	
0	[SLPS]	0	439.108	-208.022	0	239.435	0	0	
0	[SLPS]	0	439.108	-208.022	0	239.435	0	0	
0	[SLPS]	0	438.572	-208.347	0	239.423	0	0	
0	[SLPS]	0	438.572	-208.347	0	239.423	0	0	
0	[SLPS]	0	438.301	-208.503	0	239.428	0	0	
0	[SLPS]	0	438.026	-208.663	0	239.430	0	0	
0	[SLPS]	0	437.754	-208.824	0	239.425	0	0	
0	[SLPS]	0	437.487	-208.992	0	239.412	0	0	
0	[SLPS]	0	437.487	-208.992	0	239.412	0	0	
0	[SLPS]	0	436.941	-209.314	0	239.395	0	0	
0	[SLPS]	0	436.941	-209.314	0	239.395	0	0	
0	[SLPS]	0	436.662	-209.479	0	239.392	0	0	
0	[SLPS]	0	436.378	-209.635	0	239.408	0	0	
0	[SLPS]	0	436.378	-209.635	0	239.408	0	0	
0	[SLPS]	0	435.816	-209.959	0	239.418	0	0	
0	[SLPS]	0	435.816	-209.959	0	239.418	0	0	
0	[SLPS]	0	435.546	-210.123	0	239.410	0	0	
0	[SLPS]	0	435.276	-210.304	0	239.382	0	0	
0	[SLPS]	0	435.276	-210.304	0	239.382	0	0	
0	[SLPS]	0	434.699	-210.627	0	239.457	0	0	
0	[SLPS]	0	434.699	-210.627	0	239.457	0	0	
0	[SLPS]	0	434.422	-210.797	0	239.496	0	0	
0	[SLPS]	0	434.138	-210.964	0	239.546	0	0	
0	[SLPS]	0	434.138	-210.964	0	239.546	0	0	
0	[SLPS]	0	433.548	-211.300	0	239.637	0	0	
0	[SLPS]	0	433.548	-211.300	0	239.637	0	0	
0	[SLPS]	0	433.276	-211.475	0	239.646	0	0	
0	[SLPS]	0	432.991	-211.646	0	239.672	0	0	
0	[SLPS]	0	432.991	-211.646	0	239.672	0	0	
0	[SLPS]	0	432.403	-211.985	0	239.745	0	0	
0	[SLPS]	0	432.403	-211.985	0	239.745	0	0	
0	[SLPS]	0	432.121	-212.154	0	239.766	0	0	
0	[SLPS]	0	431.830	-212.327	0	239.790	0	0	
0	[SLPS]	0	431.537	-212.497	0	239.811	0	0	
0	[SLPS]	0	431.244	-212.668	0	239.832	0	0	
0	[SLPS]	0	431.244	-212.668	0	239.832	0	0	
0	[SLPS]	0	430.662	-213.015	0	239.859	0	0	
0	[SLPS]	0	430.662	-213.015	0	239.859	0	0	
0	[SLPS]	0	430.366	-213.182	0	239.882	0	0	
0	[SLPS]	0	430.071	-213.356	0	239.893	0	0	
0	[SLPS]	0	430.071	-213.356	0	239.893	0	0	
0	[SLPS]	0	429.482	-213.700	0	239.915	0	0	
0	[SLPS]	0	429.482	-213.700	0	239.915	0	0	
0	[SLPS]	0	429.186	-213.861	0	239.938	0	0	
0	[SLPS]	0	428.882	-214.036	0	239.935	0	0	
0	[SLPS]	0	428.882	-214.036	0	239.935	0	0	
0	[SLPS]	0	428.288	-214.379	0	239.917	0	0	
0	[SLPS]	0	428.288	-214.379	0	239.917	0	0	
0	[SLPS]	0	427.987	-214.550	0	239.906	0	0	
0	[SLPS]	0	427.685	-214.720	0	239.895	0	0	
0	[SLPS]	0	427.685	-214.720	0	239.895	0	0	
0	[SLPS]	0	427.091	-215.071	0	239.865	0	0	
0	[SLPS]	0	427.091	-215.071	0	239.865	0	0	
0	[SLPS]	0	426.797	-215.238	0	239.861	0	0	
0	[SLPS]	0	426.493	-215.414	0	239.843	0	0	
0	[SLPS]	0	426.493	-215.414	0	239.843	0	0	
0	[SLPS]	0	425.897	-215.769	0	239.809	0	0	
0	[SLPS]	0	425.897	-215.769	0	239.809	0	0	
0	[SLPS]	0	425.600	-215.943	0	239.802	0	0	
0	[SLPS]	0	425.306	-216.117	0	239.787	0	0	
0	[SLPS]	0	425.306	-216.117	0	239.787	0	0	
0	[SLPS]	0	424.714	-216.467	0	239.756	0	0	
0	[SLPS]	0	424.714	-216.467	0	239.756	0	0	
0	[SLPS]	0	424.417	-216.651	0	239.726	0	0	
0	[SLPS]	0	424.118	-216.828	0	239.712	0	0	
0	[SLPS]	0	423.820	-217.006	0	239.699	0	0	
0	[SLPS]	0	423.519	-217.180	0	239.698	0	0	
0	[SLPS]	0	423.519	-217.180	0	239.698	0	0	
0	[SLPS]	0	422.919	-217.533	0	239.691	0	0	
0	[SLPS]	0	422.919	-217.533	0	239.691	0	0	
0	[SLPS]	0	422.625	-217.705	0	239.690	0	0	
0	[SLPS]	0	422.316	-217.874	0	239.698	0	0	
0	[SLPS]	0	422.316	-217.874	0	239.698	0	0	
0	[SLPS]	0	421.708	-218.224	0	239.706	0	0	
0	[SLPS]	0	421.708	-218.224	0	239.706	0	0	
0	[SLPS]	0	421.407	-218.396	0	239.731	0	0	
0	[SLPS]	0	421.102	-218.569	0	239.768	0	0	
0	[SLPS]	0	421.102	-218.569	0	239.768	0	0	
0	[SLPS]	0	420.499	-218.927	0	239.835	0	0	
0	[SLPS]	0	420.499	-218.927	0	239.835	0	0	
0	[SLPS]	0	420.196	-219.103	0	239.862	0	0	
0	[SLPS]	0	419.900	-219.287	0	239.875	0	0	
0	[SLPS]	0	419.900	-219.287	0	239.875	0	0	
0	[SLPS]	0	419.291	-219.646	0	239.916	0	0	
0	[SLPS]	0	419.291	-219.646	0	239.916	0	0	
0	[SLPS]	0	418.985	-219.819	0	239.946	0	0	
0	[SLPS]	0	418.682	-220.001	0	239.947	0	0	
0	[SLPS]	0	418.682	-220.001	0	239.947	0	0	
0	[SLPS]	0	418.064	-220.359	0	239.931	0	0	
0	[SLPS]	0	418.064	-220.359	0	239.931	0	0	
0	[SLPS]	0	417.761	-220.535	0	239.914	0	0	
0	[SLPS]	0	417.450	-220.716	0	239.890	0	0	
0	[SLPS]	0	417.450	-220.716	0	239.890	0	0	
0	[SLPS]	0	416.838	-221.061	0	239.852	0	0	
0	[SLPS]	0	416.838	-221.061	0	239.852	0	0	
0	[SLPS]	0	416.542	-221.239	0	239.815	0	0	
0	[SLPS]	0	416.235	-221.414	0	239.792	0	0	
0	[SLPS]	0	415.932	-221.590	0	239.767	0	0	
0	[SLPS]	0	415.629	-221.768	0	239.748	0	0	
0	[SLPS]	0	415.629	-221.768	0	239.748	0	0	
0	[SLPS]	0	415.339	-221.946	0	239.725	0	0	
0	[SLPS]	0	415.044	-222.128	0	239.699	0	0	
0	[SLPS]	0	415.044	-222.128	0	239.699	0	0	
0	[SLPS]	0	414.445	-222.491	0	239.634	0	0	
0	[SLPS]	0	414.445	-222.491	0	239.634	0	0	
0	[SLPS]	0	414.147	-222.670	0	239.608	0	0	
0	[SLPS]	0	413.855	-222.844	0	239.588	0	0	
0	[SLPS]	0	413.855	-222.844	0	239.588	0	0	
0	[SLPS]	0	413.251	-223.189	0	239.559	0	0	
0	[SLPS]	0	413.251	-223.189	0	239.559	0	0	
0	[SLPS]	0	412.965	-223.379	0	239.509	0	0	
0	[SLPS]	0	412.659	-223.553	0	239.492	0	0	
0	[SLPS]	0	412.360	-223.719	0	239.479	0	0	
0	[SLPS]	0	412.052	-223.897	0	239.456	0	0	
0	[SLPS]	0	412.052	-223.897	0	239.456	0	0	
0	[SLPS]	0	411.461	-224.246	0	239.417	0	0	
0	[SLPS]	0	411.461	-224.246	0	239.417	0	0	
0	[SLPS]	0	411.172	-224.434	0	239.379	0	0	
0	[SLPS]	0	410.872	-224.616	0	239.360	0	0	
0	[SLPS]	0	410.872	-224.616	0	239.360	0	0	
0	[SLPS]	0	410.286	-224.983	0	239.304	0	0	
0	[SLPS]	0	410.286	-224.983	0	239.304	0	0	
0	[SLPS]	0	409.981	-225.153	0	239.294	0	0	
0	[SLPS]	0	409.680	-225.329	0	239.270	0	0	
0	[SLPS]	0	409.680	-225.329	0	239.270	0	0	
0	[SLPS]	0	409.094	-225.697	0	239.207	0	0	
0	[SLPS]	0	409.094	-225.697	0	239.207	0	0	
0	[SLPS]	0	408.796	-225.866	0	239.195	0	0	
0	[SLPS]	0	408.494	-226.045	0	239.178	0	0	
0	[SLPS]	0	408.494	-226.045	0	239.178	0	0	
0	[SLPS]	0	407.902	-226.402	0	239.126	0	0	
0	[SLPS]	0	407.902	-226.402	0	239.126	0	0	
0	[SLPS]	0	407.611	-226.584	0	239.092	0	0	
0	[SLPS]	0	407.301	-226.771	0	239.066	0	0	
0	[SLPS]	0	407.301	-226.771	0	239.066	0	0	
0	[SLPS]	0	406.705	-227.103	0	239.052	0	0	
0	[SLPS]	0	406.705	-227.103	0	239.052	0	0	
0	[SLPS]	0	406.410	-227.289	0	239.015	0	0	
0	[SLPS]	0	406.113	-227.469	0	238.988	0	0	
0	[SLPS]	0	405.808	-227.637	0	238.977	0	0	
0	[SLPS]	0	405.499	-227.816	0	238.957	0	0	
0	[SLPS]	0	405.499	-227.816	0	238.957	0	0	
0	[SLPS]	0	404.909	-228.185	0	238.902	0	0	
0	[SLPS]	0	404.909	-228.185	0	238.902	0	0	
0	[SLPS]	0	404.609	-228.362	0	238.888	0	0	
0	[SLPS]	0	404.314	-228.548	0	238.857	0	0	
0	[SLPS]	0	404.314	-228.548	0	238.857	0	0	
0	[SLPS]	0	404.016	-228.746	0	238.822	0	0	
0	[SLPS]	0	403.715	-228.925	0	238.807	0	0	
0	[SLPS]	0	403.418	-229.105	0	238.782	0	0	
0	[SLPS]	0	403.115	-229.290	0	238.765	0	0	
0	[SLPS]	0	403.115	-229.290	0	238.765	0	0	
0	[SLPS]	0	402.506	-229.646	0	238.729	0	0	
0	[SLPS]	0	402.506	-229.646	0	238.729	0	0	
0	[SLPS]	0	402.205	-229.830	0	238.707	0	0	
0	[SLPS]	0	401.904	-230.007	0	238.682	0	0	
0	[SLPS]	0	401.904	-230.007	0	238.682	0	0	
0	[SLPS]	0	401.294	-230.375	0	238.628	0	0	
0	[SLPS]	0	401.294	-230.375	0	238.628	0	0	
0	[SLPS]	0	400.991	-230.559	0	238.609	0	0	
0	[SLPS]	0	400.696	-230.743	0	238.590	0	0	
0	[SLPS]	0	400.696	-230.743	0	238.590	0	0	
0	[SLPS]	0	400.096	-231.116	0	238.550	0	0	
0	[SLPS]	0	400.096	-231.116	0	238.550	0	0	
0	[SLPS]	0	399.799	-231.300	0	238.527	0	0	
0	[SLPS]	0	399.500	-231.491	0	238.496	0	0	
0	[SLPS]	0	399.500	-231.491	0	238.496	0	0	
0	[SLPS]	0	398.906	-231.866	0	238.446	0	0	
0	[SLPS]	0	398.906	-231.866	0	238.446	0	0	
0	[SLPS]	0	398.605	-232.056	0	238.421	0	0	
0	[SLPS]	0	398.316	-232.246	0	238.386	0	0	
0	[SLPS]	0	398.013	-232.427	0	238.368	0	0	
0	[SLPS]	0	397.714	-232.606	0	238.355	0	0	
0	[SLPS]	0	397.714	-232.606	0	238.355	0	0	
0	[SLPS]	0	397.121	-232.985	0	238.304	0	0	
0	[SLPS]	0	397.121	-232.985	0	238.304	0	0	
0	[SLPS]	0	396.822	-233.168	0	238.285	0	0	
0	[SLPS]	0	396.519	-233.361	0	238.253	0	0	
0	[SLPS]	0	396.519	-233.361	0	238.253	0	0	
0	[SLPS]	0	396.222	-233.548	0	238.228	0	0	
0	[SLPS]	0	395.927	-233.735	0	238.198	0	0	
0	[SLPS]	0	395.631	-233.911	0	238.183	0	0	
0	[SLPS]	0	395.333	-234.100	0	238.156	0	0	
0	[SLPS]	0	395.333	-234.100	0	238.156	0	0	
0	[SLPS]	0	394.737	-234.474	0	238.109	0	0	
0	[SLPS]	0	394.737	-234.474	0	238.109	0	0	
0	[SLPS]	0	394.441	-234.656	0	238.085	0	0	
0	[SLPS]	0	394.144	-234.846	0	238.060	0	0	
0	[SLPS]	0	394.144	-234.846	0	238.060	0	0	
0	[SLPS]	0	393.551	-235.218	0	238.009	0	0	
0	[SLPS]	0	393.551	-235.218	0	238.009	0	0	
0	[SLPS]	0	393.254	-235.407	0	237.981	0	0	
0	[SLPS]	0	392.956	-235.593	0	237.954	0	0	
0	[SLPS]	0	392.956	-235.593	0	237.954	0	0	
0	[SLPS]	0	392.662	-235.775	0	237.931	0	0	
0	[SLPS]	0	392.364	-235.967	0	237.905	0	0	
0	[SLPS]	0	392.072	-236.154	0	237.882	0	0	
0	[SLPS]	0	391.777	-236.339	0	237.859	0	0	
0	[SLPS]	0	391.777	-236.339	0	237.859	0	0	
0	[SLPS]	0	391.492	-236.519	0	237.830	0	0	
0	[SLPS]	0	391.206	-236.704	0	237.802	0	0	
0	[SLPS]	0	390.919	-236.890	0	237.776	0	0	
0	[SLPS]	0	390.631	-237.070	0	237.756	0	0	
0	[SLPS]	0	390.631	-237.070	0	237.756	0	0	
0	[SLPS]	0	390.065	-237.430	0	237.724	0	0	
0	[SLPS]	0	390.065	-237.430	0	237.724	0	0	
0	[SLPS]	0	389.779	-237.608	0	237.703	0	0	
0	[SLPS]	0	389.499	-237.791	0	237.670	0	0	
0	[SLPS]	0	389.499	-237.791	0	237.670	0	0	
0	[SLPS]	0	388.945	-238.140	0	237.623	0	0	
0	[SLPS]	0	388.945	-238.140	0	237.623	0	0	
0	[SLPS]	0	388.672	-238.320	0	237.601	0	0	
0	[SLPS]	0	388.393	-238.502	0	237.584	0	0	
0	[SLPS]	0	388.393	-238.502	0	237.584	0	0	
0	[SLPS]	0	387.848	-238.853	0	237.582	0	0	
0	[SLPS]	0	387.848	-238.853	0	237.582	0	0	
0	[SLPS]	0	387.566	-239.025	0	237.612	0	0	
0	[SLPS]	0	387.291	-239.205	0	237.633	0	0	
0	[SLPS]	0	387.291	-239.205	0	237.633	0	0	
0	[SLPS]	0	386.746	-239.554	0	237.702	0	0	
0	[SLPS]	0	386.746	-239.554	0	237.702	0	0	
0	[SLPS]	0	386.471	-239.726	0	237.750	0	0	
0	[SLPS]	0	386.200	-239.904	0	237.802	0	0	
0	[SLPS]	0	386.200	-239.904	0	237.802	0	0	
0	[SLPS]	0	385.647	-240.243	0	237.938	0	0	
0	[SLPS]	0	385.647	-240.243	0	237.938	0	0	
0	[SLPS]	0	385.376	-240.409	0	238.018	0	0	
0	[SLPS]	0	385.107	-240.582	0	238.108	0	0	
0	[SLPS]	0	385.107	-240.582	0	238.108	0	0	
0	[SLPS]	0	384.572	-240.911	0	238.307	0	0	
0	[SLPS]	0	384.572	-240.911	0	238.307	0	0	
0	[SLPS]	0	384.035	-241.232	0	238.558	0	0	
0	[SLPS]	0	384.035	-241.232	0	238.558	0	0	
0	[SLPS]	0	383.776	-241.392	0	238.713	0	0	
0	[SLPS]	0	383.508	-241.546	0	238.894	0	0	
0	[SLPS]	0	383.508	-241.546	0	238.894	0	0	
0	[SLPS]	0	383.247	-241.706	0	239.102	0	0	
0	[SLPS]	0	382.981	-241.858	0	239.335	0	0	
0	[SLPS]	0	382.718	-242.010	0	239.599	0	0	
0	[SLPS]	0	382.456	-242.162	0	239.886	0	0	
0	[SLPS]	0	382.456	-242.162	0	239.886	0	0	
0	[SLPS]	0	381.929	-242.458	0	240.537	0	0	
0	[SLPS]	0	381.929	-242.458	0	240.537	0	0	
0	[SLPS]	0	381.667	-242.600	0	240.905	0	0	
0	[SLPS]	0	381.401	-242.739	0	241.293	0	0	
0	[SLPS]	0	381.401	-242.739	0	241.293	0	0	
0	[SLPS]	0	380.868	-243.012	0	242.117	0	0	
0	[SLPS]	0	380.868	-243.012	0	242.117	0	0	
0	[SLPS]	0	380.607	-243.140	0	242.553	0	0	
0	[SLPS]	0	380.342	-243.266	0	243.008	0	0	
0	[SLPS]	0	380.342	-243.266	0	243.008	0	0	
0	[SLPS]	0	379.819	-243.503	0	243.991	0	0	
0	[SLPS]	0	379.819	-243.503	0	243.991	0	0	
0	[SLPS]	0	379.560	-243.621	0	244.516	0	0	
0	[SLPS]	0	379.306	-243.729	0	245.068	0	0	
0	[SLPS]	0	379.048	-243.842	0	245.644	0	0	
0	[SLPS]	0	378.800	-243.944	0	246.240	0	0	
0	[SLPS]	0	378.800	-243.944	0	246.240	0	0	
0	[SLPS]	0	378.294	-244.140	0	247.534	0	0	
0	[SLPS]	0	378.294	-244.140	0	247.534	0	0	
0	[SLPS]	0	378.043	-244.231	0	248.235	0	0	
0	[SLPS]	0	377.791	-244.317	0	248.972	0	0	
0	[SLPS]	0	377.791	-244.317	0	248.972	0	0	
0	[SLPS]	0	377.286	-244.479	0	250.522	0	0	
0	[SLPS]	0	377.286	-244.479	0	250.522	0	0	
0	[SLPS]	0	377.031	-244.550	0	251.343	0	0	
0	[SLPS]	0	376.779	-244.619	0	252.193	0	0	
0	[SLPS]	0	376.779	-244.619	0	252.193	0	0	
0	[SLPS]	0	376.274	-244.752	0	253.965	0	0	
0	[SLPS]	0	376.274	-244.752	0	253.965	0	0	
0	[SLPS]	0	376.021	-244.810	0	254.867	0	0	
0	[SLPS]	0	375.771	-244.859	0	255.800	0	0	
0	[SLPS]	0	375.771	-244.859	0	255.800	0	0	
0	[SLPS]	0	375.271	-244.951	0	257.727	0	0	
0	[SLPS]	0	375.271	-244.951	0	257.727	0	0	
0	[SLPS]	0	375.023	-244.987	0	258.716	0	0	
0	[SLPS]	0	374.774	-245.013	0	259.738	0	0	
0	[SLPS]	0	374.774	-245.013	0	259.738	0	0	
0	[SLPS]	0	374.283	-245.059	0	261.898	0	0	
0	[SLPS]	0	374.283	-245.059	0	261.898	0	0	
0	[SLPS]	0	373.792	-245.085	0	264.152	0	0	
0	[SLPS]	0	373.792	-245.085	0	264.152	0	0	
0	[SLPS]	0	373.555	-245.094	0	265.304	0	0	
0	[SLPS]	0	373.312	-245.090	0	266.480	0	0	
0	[SLPS]	0	373.312	-245.090	0	266.480	0	0	
0	[SLPS]	0	372.837	-245.073	0	268.901	0	0	
0	[SLPS]	0	372.837	-245.073	0	268.901	0	0	
0	[SLPS]	0	372.602	-245.054	0	270.148	0	0	
0	[SLPS]	0	372.364	-245.034	0	271.412	0	0	
0	[SLPS]	0	372.364	-245.034	0	271.412	0	0	
0	[SLPS]	0	371.906	-244.970	0	273.962	0	0	
0	[SLPS]	0	371.906	-244.970	0	273.962	0	0	
0	[SLPS]	0	371.678	-244.934	0	275.263	0	0	
0	[SLPS]	0	371.458	-244.887	0	276.580	0	0	
0	[SLPS]	0	371.458	-244.887	0	276.580	0	0	
0	[SLPS]	0	371.011	-244.787	0	279.222	0	0	
0	[SLPS]	0	371.011	-244.787	0	279.222	0	0	
0	[SLPS]	0	370.587	-244.686	0	281.868	0	0	
0	[SLPS]	0	370.587	-244.686	0	281.868	0	0	
0	[SLPS]	0	370.369	-244.627	0	283.186	0	0	
0	[SLPS]	0	370.151	-244.565	0	284.511	0	0	
0	[SLPS]	0	370.151	-244.565	0	284.511	0	0	
0	[SLPS]	0	369.741	-244.406	0	287.172	0	0	
0	[SLPS]	0	369.741	-244.406	0	287.172	0	0	
0	[SLPS]	0	369.535	-244.320	0	288.521	0	0	
0	[SLPS]	0	369.330	-244.219	0	289.883	0	0	
0	[SLPS]	0	369.330	-244.219	0	289.883	0	0	
0	[SLPS]	0	368.938	-244.014	0	292.612	0	0	
0	[SLPS]	0	368.938	-244.014	0	292.612	0	0	
0	[SLPS]	0	368.750	-243.903	0	293.960	0	0	
0	[SLPS]	0	368.548	-243.808	0	295.303	0	0	
0	[SLPS]	0	368.548	-243.808	0	295.303	0	0	
0	[SLPS]	0	368.172	-243.578	0	298.012	0	0	
0	[SLPS]	0	368.172	-243.578	0	298.012	0	0	
0	[SLPS]	0	367.987	-243.460	0	299.340	0	0	
0	[SLPS]	0	367.806	-243.332	0	300.650	0	0	
0	[SLPS]	0	367.806	-243.332	0	300.650	0	0	
0	[SLPS]	0	367.450	-243.069	0	303.208	0	0	
0	[SLPS]	0	367.450	-243.069	0	303.208	0	0	
0	[SLPS]	0	367.283	-242.926	0	304.471	0	0	
0	[SLPS]	0	367.124	-242.789	0	305.722	0	0	
0	[SLPS]	0	366.958	-242.648	0	306.962	0	0	
0	[SLPS]	0	366.788	-242.498	0	308.179	0	0	
0	[SLPS]	0	366.788	-242.498	0	308.179	0	0	
0	[SLPS]	0	366.472	-242.191	0	310.512	0	0	
0	[SLPS]	0	366.472	-242.191	0	310.512	0	0	
0	[SLPS]	0	366.316	-242.033	0	311.592	0	0	
0	[SLPS]	0	366.157	-241.877	0	312.622	0	0	
0	[SLPS]	0	366.157	-241.877	0	312.622	0	0	
0	[SLPS]	0	365.859	-241.542	0	314.580	0	0	
0	[SLPS]	0	365.859	-241.542	0	314.580	0	0	
0	[SLPS]	0	365.718	-241.373	0	315.526	0	0	
0	[SLPS]	0	365.575	-241.201	0	316.441	0	0	
0	[SLPS]	0	365.575	-241.201	0	316.441	0	0	
0	[SLPS]	0	365.301	-240.860	0	318.139	0	0	
0	[SLPS]	0	365.301	-240.860	0	318.139	0	0	
0	[SLPS]	0	365.164	-240.689	0	318.921	0	0	
0	[SLPS]	0	365.023	-240.515	0	319.661	0	0	
0	[SLPS]	0	365.023	-240.515	0	319.661	0	0	
0	[SLPS]	0	364.761	-240.158	0	321.013	0	0	
0	[SLPS]	0	364.761	-240.158	0	321.013	0	0	
0	[SLPS]	0	364.630	-239.979	0	321.625	0	0	
0	[SLPS]	0	364.503	-239.795	0	322.197	0	0	
0	[SLPS]	0	364.503	-239.795	0	322.197	0	0	
0	[SLPS]	0	364.252	-239.415	0	323.197	0	0	
0	[SLPS]	0	364.252	-239.415	0	323.197	0	0	
0	[SLPS]	0	364.129	-239.224	0	323.609	0	0	
0	[SLPS]	0	364.018	-239.031	0	323.958	0	0	
0	[SLPS]	0	363.890	-238.838	0	324.262	0	0	
0	[SLPS]	0	363.757	-238.635	0	324.531	0	0	
0	[SLPS]	0	363.757	-238.635	0	324.531	0	0	
0	[SLPS]	0	363.510	-238.252	0	324.997	0	0	
0	[SLPS]	0	363.510	-238.252	0	324.997	0	0	
0	[SLPS]	0	363.375	-238.056	0	325.195	0	0	
0	[SLPS]	0	363.231	-237.854	0	325.357	0	0	
0	[SLPS]	0	363.231	-237.854	0	325.357	0	0	
0	[SLPS]	0	362.952	-237.453	0	325.578	0	0	
0	[SLPS]	0	362.952	-237.453	0	325.578	0	0	
0	[SLPS]	0	362.806	-237.242	0	325.649	0	0	
0	[SLPS]	0	362.664	-237.033	0	325.695	0	0	
0	[SLPS]	0	362.664	-237.033	0	325.695	0	0	
0	[SLPS]	0	362.372	-236.605	0	325.734	0	0	
0	[SLPS]	0	362.372	-236.605	0	325.734	0	0	
0	[SLPS]	0	362.227	-236.385	0	325.747	0	0	
0	[SLPS]	0	362.075	-236.169	0	325.750	0	0	
0	[SLPS]	0	362.075	-236.169	0	325.750	0	0	
0	[SLPS]	0	361.776	-235.732	0	325.764	0	0	
0	[SLPS]	0	361.776	-235.732	0	325.764	0	0	
0	[SLPS]	0	361.624	-235.507	0	325.776	0	0	
0	[SLPS]	0	361.469	-235.284	0	325.786	0	0	
0	[SLPS]	0	361.469	-235.284	0	325.786	0	0	
0	[SLPS]	0	361.165	-234.824	0	325.796	0	0	
0	[SLPS]	0	361.165	-234.824	0	325.796	0	0	
0	[SLPS]	0	361.010	-234.593	0	325.802	0	0	
0	[SLPS]	0	360.852	-234.359	0	325.808	0	0	
0	[SLPS]	0	360.695	-234.124	0	325.816	0	0	
0	[SLPS]	0	360.536	-233.883	0	325.834	0	0	
0	[SLPS]	0	360.536	-233.883	0	325.834	0	0	
0	[SLPS]	0	360.377	-233.642	0	325.835	0	0	
0	[SLPS]	0	360.216	-233.389	0	325.835	0	0	
0	[SLPS]	0	360.057	-233.145	0	325.821	0	0	
0	[SLPS]	0	359.883	-232.900	0	325.785	0	0	
0	[SLPS]	0	359.883	-232.900	0	325.785	0	0	
0	[SLPS]	0	359.551	-232.396	0	325.771	0	0	
0	[SLPS]	0	359.551	-232.396	0	325.771	0	0	
0	[SLPS]	0	359.385	-232.140	0	325.776	0	0	
0	[SLPS]	0	359.204	-231.884	0	325.757	0	0	
0	[SLPS]	0	359.204	-231.884	0	325.757	0	0	
0	[SLPS]	0	358.858	-231.358	0	325.750	0	0	
0	[SLPS]	0	358.858	-231.358	0	325.750	0	0	
0	[SLPS]	0	358.685	-231.095	0	325.731	0	0	
0	[SLPS]	0	358.501	-230.842	0	325.700	0	0	
0	[SLPS]	0	358.501	-230.842	0	325.700	0	0	
0	[SLPS]	0	358.129	-230.304	0	325.673	0	0	
0	[SLPS]	0	358.129	-230.304	0	325.673	0	0	
0	[SLPS]	0	357.942	-230.042	0	325.659	0	0	
0	[SLPS]	0	357.750	-229.767	0	325.652	0	0	
0	[SLPS]	0	357.750	-229.767	0	325.652	0	0	
0	[SLPS]	0	357.371	-229.204	0	325.640	0	0	
0	[SLPS]	0	357.371	-229.204	0	325.640	0	0	
0	[SLPS]	0	357.177	-228.921	0	325.629	0	0	
0	[SLPS]	0	356.976	-228.635	0	325.605	0	0	
0	[SLPS]	0	356.783	-228.333	0	325.614	0	0	
0	[SLPS]	0	356.584	-228.037	0	325.598	0	0	
0	[SLPS]	0	356.584	-228.037	0	325.598	0	0	
0	[SLPS]	0	356.182	-227.441	0	325.562	0	0	
0	[SLPS]	0	356.182	-227.441	0	325.562	0	0	
0	[SLPS]	0	355.986	-227.145	0	325.546	0	0	
0	[SLPS]	0	355.770	-226.847	0	325.509	0	0	
0	[SLPS]	0	355.770	-226.847	0	325.509	0	0	
0	[SLPS]	0	355.369	-226.237	0	325.504	0	0	
0	[SLPS]	0	355.369	-226.237	0	325.504	0	0	
0	[SLPS]	0	355.162	-225.936	0	325.488	0	0	
0	[SLPS]	0	354.955	-225.633	0	325.474	0	0	
0	[SLPS]	0	354.955	-225.633	0	325.474	0	0	
0	[SLPS]	0	354.545	-225.019	0	325.454	0	0	
0	[SLPS]	0	354.545	-225.019	0	325.454	0	0	
0	[SLPS]	0	354.326	-224.717	0	325.430	0	0	
0	[SLPS]	0	354.113	-224.411	0	325.409	0	0	
0	[SLPS]	0	354.113	-224.411	0	325.409	0	0	
0	[SLPS]	0	353.688	-223.782	0	325.374	0	0	
0	[SLPS]	0	353.688	-223.782	0	325.374	0	0	
0	[SLPS]	0	353.477	-223.470	0	325.361	0	0	
0	[SLPS]	0	353.255	-223.155	0	325.338	0	0	
0	[SLPS]	0	353.255	-223.155	0	325.338	0	0	
0	[SLPS]	0	352.830	-222.518	0	325.338	0	0	
0	[SLPS]	0	352.830	-222.518	0	325.338	0	0	
0	[SLPS]	0	352.610	-222.196	0	325.322	0	0	
0	[SLPS]	0	352.382	-221.873	0	325.291	0	0	
0	[SLPS]	0	352.382	-221.873	0	325.291	0	0	
0	[SLPS]	0	351.941	-221.230	0	325.258	0	0	
0	[SLPS]	0	351.941	-221.230	0	325.258	0	0	
0	[SLPS]	0	351.722	-220.901	0	325.257	0	0	
0	[SLPS]	0	351.488	-220.571	0	325.236	0	0	
0	[SLPS]	0	351.253	-220.248	0	325.203	0	0	
0	[SLPS]	0	351.035	-219.913	0	325.210	0	0	
0	[SLPS]	0	351.035	-219.913	0	325.210	0	0	
0	[SLPS]	0	350.561	-219.242	0	325.172	0	0	
0	[SLPS]	0	350.561	-219.242	0	325.172	0	0	
0	[SLPS]	0	350.343	-218.904	0	325.179	0	0	
0	[SLPS]	0	350.103	-218.567	0	325.149	0	0	
0	[SLPS]	0	350.103	-218.567	0	325.149	0	0	
0	[SLPS]	0	349.619	-217.882	0	325.114	0	0	
0	[SLPS]	0	349.619	-217.882	0	325.114	0	0	
0	[SLPS]	0	349.385	-217.538	0	325.129	0	0	
0	[SLPS]	0	349.155	-217.192	0	325.165	0	0	
0	[SLPS]	0	349.155	-217.192	0	325.165	0	0	
0	[SLPS]	0	348.671	-216.489	0	325.205	0	0	
0	[SLPS]	0	348.671	-216.489	0	325.205	0	0	
0	[SLPS]	0	348.431	-216.139	0	325.216	0	0	
0	[SLPS]	0	348.199	-215.788	0	325.237	0	0	
0	[SLPS]	0	348.199	-215.788	0	325.237	0	0	
0	[SLPS]	0	347.709	-215.075	0	325.260	0	0	
0	[SLPS]	0	347.709	-215.075	0	325.260	0	0	
0	[SLPS]	0	347.466	-214.718	0	325.277	0	0	
0	[SLPS]	0	347.221	-214.362	0	325.294	0	0	
0	[SLPS]	0	347.221	-214.362	0	325.294	0	0	
0	[SLPS]	0	346.727	-213.633	0	325.335	0	0	
0	[SLPS]	0	346.727	-213.633	0	325.335	0	0	
0	[SLPS]	0	346.478	-213.269	0	325.341	0	0	
0	[SLPS]	0	346.237	-212.912	0	325.354	0	0	
0	[SLPS]	0	346.237	-212.912	0	325.354	0	0	
0	[SLPS]	0	345.726	-212.173	0	325.366	0	0	
0	[SLPS]	0	345.726	-212.173	0	325.366	0	0	
0	[SLPS]	0	345.467	-211.805	0	325.367	0	0	
0	[SLPS]	0	345.219	-211.440	0	325.375	0	0	
0	[SLPS]	0	345.219	-211.440	0	325.375	0	0	
0	[SLPS]	0	344.721	-210.713	0	325.346	0	0	
0	[SLPS]	0	344.721	-210.713	0	325.346	0	0	
0	[SLPS]	0	344.458	-210.349	0	325.315	0	0	
0	[SLPS]	0	344.211	-209.988	0	325.299	0	0	
0	[SLPS]	0	344.211	-209.988	0	325.299	0	0	
0	[SLPS]	0	343.711	-209.255	0	325.276	0	0	
0	[SLPS]	0	343.711	-209.255	0	325.276	0	0	
0	[SLPS]	0	343.458	-208.887	0	325.257	0	0	
0	[SLPS]	0	343.213	-208.528	0	325.244	0	0	
0	[SLPS]	0	342.960	-208.150	0	325.239	0	0	
0	[SLPS]	0	342.706	-207.780	0	325.222	0	0	
0	[SLPS]	0	342.706	-207.780	0	325.222	0	0	
0	[SLPS]	0	342.196	-207.044	0	325.180	0	0	
0	[SLPS]	0	342.196	-207.044	0	325.180	0	0	
0	[SLPS]	0	341.949	-206.673	0	325.180	0	0	
0	[SLPS]	0	341.693	-206.295	0	325.175	0	0	
0	[SLPS]	0	341.693	-206.295	0	325.175	0	0	
0	[SLPS]	0	341.177	-205.545	0	325.122	0	0	
0	[SLPS]	0	341.177	-205.545	0	325.122	0	0	
0	[SLPS]	0	340.930	-205.179	0	325.112	0	0	
0	[SLPS]	0	340.667	-204.807	0	325.089	0	0	
0	[SLPS]	0	340.667	-204.807	0	325.089	0	0	
0	[SLPS]	0	340.158	-204.058	0	325.068	0	0	
0	[SLPS]	0	340.158	-204.058	0	325.068	0	0	
0	[SLPS]	0	339.897	-203.693	0	325.048	0	0	
0	[SLPS]	0	339.640	-203.313	0	325.047	0	0	
0	[SLPS]	0	339.640	-203.313	0	325.047	0	0	
0	[SLPS]	0	339.119	-202.561	0	325.031	0	0	
0	[SLPS]	0	339.119	-202.561	0	325.031	0	0	
0	[SLPS]	0	338.853	-202.200	0	325.015	0	0	
0	[SLPS]	0	338.586	-201.824	0	325.019	0	0	
0	[SLPS]	0	338.586	-201.824	0	325.019	0	0	
0	[SLPS]	0	338.061	-201.071	0	325.050	0	0	
0	[SLPS]	0	338.061	-201.071	0	325.050	0	0	
0	[SLPS]	0	337.789	-200.690	0	325.047	0	0	
0	[SLPS]	0	337.524	-200.311	0	325.050	0	0	
0	[SLPS]	0	337.524	-200.311	0	325.050	0	0	
0	[SLPS]	0	336.999	-199.541	0	325.074	0	0	
0	[SLPS]	0	336.999	-199.541	0	325.074	0	0	
0	[SLPS]	0	336.734	-199.157	0	325.081	0	0	
0	[SLPS]	0	336.463	-198.768	0	325.081	0	0	
0	[SLPS]	0	336.463	-198.768	0	325.081	0	0	
0	[SLPS]	0	335.931	-197.991	0	325.102	0	0	
0	[SLPS]	0	335.931	-197.991	0	325.102	0	0	
0	[SLPS]	0	335.666	-197.603	0	325.115	0	0	
0	[SLPS]	0	335.395	-197.215	0	325.116	0	0	
0	[SLPS]	0	335.395	-197.215	0	325.116	0	0	
0	[SLPS]	0	334.855	-196.445	0	325.119	0	0	
0	[SLPS]	0	334.855	-196.445	0	325.119	0	0	
0	[SLPS]	0	334.578	-196.057	0	325.123	0	0	
0	[SLPS]	0	334.301	-195.665	0	325.129	0	0	
0	[SLPS]	0	334.301	-195.665	0	325.129	0	0	
0	[SLPS]	0	333.769	-194.884	0	325.149	0	0	
0	[SLPS]	0	333.769	-194.884	0	325.149	0	0	
0	[SLPS]	0	333.499	-194.493	0	325.156	0	0	
0	[SLPS]	0	333.230	-194.100	0	325.163	0	0	
0	[SLPS]	0	333.230	-194.100	0	325.163	0	0	
0	[SLPS]	0	332.686	-193.318	0	325.159	0	0	
0	[SLPS]	0	332.686	-193.318	0	325.159	0	0	
0	[SLPS]	0	332.416	-192.920	0	325.180	0	0	
0	[SLPS]	0	332.147	-192.527	0	325.208	0	0	
0	[SLPS]	0	332.147	-192.527	0	325.208	0	0	
0	[SLPS]	0	331.608	-191.736	0	325.267	0	0	
0	[SLPS]	0	331.608	-191.736	0	325.267	0	0	
0	[SLPS]	0	331.333	-191.338	0	325.283	0	0	
0	[SLPS]	0	331.060	-190.943	0	325.302	0	0	
0	[SLPS]	0	330.787	-190.546	0	325.326	0	0	
0	[SLPS]	0	330.514	-190.152	0	325.349	0	0	
0	[SLPS]	0	330.514	-190.152	0	325.349	0	0	
0	[SLPS]	0	329.966	-189.346	0	325.407	0	0	
0	[SLPS]	0	329.966	-189.346	0	325.407	0	0	
0	[SLPS]	0	329.688	-188.941	0	325.427	0	0	
0	[SLPS]	0	329.408	-188.539	0	325.444	0	0	
0	[SLPS]	0	329.408	-188.539	0	325.444	0	0	
0	[SLPS]	0	328.850	-187.734	0	325.483	0	0	
0	[SLPS]	0	328.850	-187.734	0	325.483	0	0	
0	[SLPS]	0	328.569	-187.339	0	325.499	0	0	
0	[SLPS]	0	328.293	-186.933	0	325.528	0	0	
0	[SLPS]	0	328.293	-186.933	0	325.528	0	0	
0	[SLPS]	0	327.744	-186.116	0	325.575	0	0	
0	[SLPS]	0	327.744	-186.116	0	325.575	0	0	
0	[SLPS]	0	327.465	-185.714	0	325.587	0	0	
0	[SLPS]	0	327.190	-185.307	0	325.613	0	0	
0	[SLPS]	0	327.190	-185.307	0	325.613	0	0	
0	[SLPS]	0	326.641	-184.489	0	325.660	0	0	
0	[SLPS]	0	326.641	-184.489	0	325.660	0	0	
0	[SLPS]	0	326.364	-184.081	0	325.672	0	0	
0	[SLPS]	0	326.083	-183.665	0	325.690	0	0	
0	[SLPS]	0	325.807	-183.251	0	325.717	0	0	
0	[SLPS]	0	325.524	-182.844	0	325.731	0	0	
0	[SLPS]	0	325.524	-182.844	0	325.731	0	0	
0	[SLPS]	0	325.246	-182.433	0	325.748	0	0	
0	[SLPS]	0	324.970	-182.015	0	325.779	0	0	
0	[SLPS]	0	324.688	-181.605	0	325.795	0	0	
0	[SLPS]	0	324.404	-181.190	0	325.811	0	0	
0	[SLPS]	0	324.404	-181.190	0	325.811	0	0	
0	[SLPS]	0	324.123	-180.768	0	325.835	0	0	
0	[SLPS]	0	323.850	-180.351	0	325.860	0	0	
0	[SLPS]	0	323.562	-179.933	0	325.873	0	0	
0	[SLPS]	0	323.274	-179.510	0	325.892	0	0	
0	[SLPS]	0	323.274	-179.510	0	325.892	0	0	
0	[SLPS]	0	322.997	-179.085	0	325.922	0	0	
0	[SLPS]	0	322.712	-178.666	0	325.935	0	0	
0	[SLPS]	0	322.427	-178.247	0	325.951	0	0	
0	[SLPS]	0	322.144	-177.825	0	325.970	0	0	
0	[SLPS]	0	322.144	-177.825	0	325.970	0	0	
0	[SLPS]	0	321.861	-177.403	0	325.992	0	0	
0	[SLPS]	0	321.581	-176.983	0	326.017	0	0	
0	[SLPS]	0	321.290	-176.567	0	326.026	0	0	
0	[SLPS]	0	321.002	-176.145	0	326.038	0	0	
0	[SLPS]	0	321.002	-176.145	0	326.038	0	0	
0	[SLPS]	0	320.445	-175.294	0	326.076	0	0	
0	[SLPS]	0	320.445	-175.294	0	326.076	0	0	
0	[SLPS]	0	320.161	-174.867	0	326.092	0	0	
0	[SLPS]	0	319.870	-174.445	0	326.099	0	0	
0	[SLPS]	0	319.870	-174.445	0	326.099	0	0	
0	[SLPS]	0	319.291	-173.571	0	326.134	0	0	
0	[SLPS]	0	319.291	-173.571	0	326.134	0	0	
0	[SLPS]	0	319.008	-173.137	0	326.156	0	0	
0	[SLPS]	0	318.718	-172.705	0	326.164	0	0	
0	[SLPS]	0	318.718	-172.705	0	326.164	0	0	
0	[SLPS]	0	318.160	-171.840	0	326.203	0	0	
0	[SLPS]	0	318.160	-171.840	0	326.203	0	0	
0	[SLPS]	0	317.876	-171.406	0	326.211	0	0	
0	[SLPS]	0	317.592	-170.971	0	326.220	0	0	
0	[SLPS]	0	317.304	-170.543	0	326.218	0	0	
0	[SLPS]	0	317.009	-170.104	0	326.218	0	0	
0	[SLPS]	0	317.009	-170.104	0	326.218	0	0	
0	[SLPS]	0	316.430	-169.228	0	326.216	0	0	
0	[SLPS]	0	316.430	-169.228	0	326.216	0	0	
0	[SLPS]	0	316.141	-168.791	0	326.209	0	0	
0	[SLPS]	0	315.835	-168.365	0	326.190	0	0	
0	[SLPS]	0	315.835	-168.365	0	326.190	0	0	
0	[SLPS]	0	315.252	-167.486	0	326.196	0	0	
0	[SLPS]	0	315.252	-167.486	0	326.196	0	0	
0	[SLPS]	0	314.959	-167.047	0	326.197	0	0	
0	[SLPS]	0	314.663	-166.613	0	326.189	0	0	
0	[SLPS]	0	314.663	-166.613	0	326.189	0	0	
0	[SLPS]	0	314.079	-165.725	0	326.188	0	0	
0	[SLPS]	0	314.079	-165.725	0	326.188	0	0	
0	[SLPS]	0	313.783	-165.289	0	326.183	0	0	
0	[SLPS]	0	313.485	-164.849	0	326.177	0	0	
0	[SLPS]	0	313.485	-164.849	0	326.177	0	0	
0	[SLPS]	0	312.899	-163.957	0	326.168	0	0	
0	[SLPS]	0	312.899	-163.957	0	326.168	0	0	
0	[SLPS]	0	312.604	-163.517	0	326.173	0	0	
0	[SLPS]	0	312.313	-163.077	0	326.175	0	0	
0	[SLPS]	0	312.313	-163.077	0	326.175	0	0	
0	[SLPS]	0	311.721	-162.177	0	326.171	0	0	
0	[SLPS]	0	311.721	-162.177	0	326.171	0	0	
0	[SLPS]	0	311.427	-161.736	0	326.167	0	0	
0	[SLPS]	0	311.123	-161.286	0	326.159	0	0	
0	[SLPS]	0	310.829	-160.835	0	326.157	0	0	
0	[SLPS]	0	310.533	-160.387	0	326.156	0	0	
0	[SLPS]	0	310.533	-160.387	0	326.156	0	0	
0	[SLPS]	0	310.236	-159.940	0	326.158	0	0	
0	[SLPS]	0	309.941	-159.505	0	326.149	0	0	
0	[SLPS]	0	309.642	-159.051	0	326.143	0	0	
0	[SLPS]	0	309.343	-158.601	0	326.141	0	0	
0	[SLPS]	0	309.343	-158.601	0	326.141	0	0	
0	[SLPS]	0	308.740	-157.702	0	326.141	0	0	
0	[SLPS]	0	308.740	-157.702	0	326.141	0	0	
0	[SLPS]	0	308.740	-157.702	0	326.141	0	0	
0	[SLPS]	0	308.130	-156.801	0	326.130	0	0	
0	[SLPS]	0	308.130	-156.801	0	326.130	0	0	
0	[SLPS]	0	307.838	-156.361	0	326.130	0	0	
0	[SLPS]	0	307.532	-155.915	0	326.118	0	0	
0	[SLPS]	0	307.532	-155.915	0	326.118	0	0	
0	[SLPS]	0	306.930	-155.015	0	326.110	0	0	
0	[SLPS]	0	306.930	-155.015	0	326.110	0	0	
0	[SLPS]	0	306.635	-154.575	0	326.103	0	0	
0	[SLPS]	0	306.338	-154.124	0	326.105	0	0	
0	[SLPS]	0	306.338	-154.124	0	326.105	0	0	
0	[SLPS]	0	305.734	-153.236	0	326.087	0	0	
0	[SLPS]	0	305.734	-153.236	0	326.087	0	0	
0	[SLPS]	0	305.446	-152.790	0	326.091	0	0	
0	[SLPS]	0	305.144	-152.344	0	326.083	0	0	
0	[SLPS]	0	305.144	-152.344	0	326.083	0	0	
0	[SLPS]	0	304.549	-151.457	0	326.075	0	0	
0	[SLPS]	0	304.549	-151.457	0	326.075	0	0	
0	[SLPS]	0	303.949	-150.578	0	326.050	0	0	
0	[SLPS]	0	303.949	-150.578	0	326.050	0	0	
0	[SLPS]	0	303.657	-150.134	0	326.047	0	0	
0	[SLPS]	0	303.362	-149.686	0	326.045	0	0	
0	[SLPS]	0	303.362	-149.686	0	326.045	0	0	
0	[SLPS]	0	303.066	-149.244	0	326.039	0	0	
0	[SLPS]	0	302.770	-148.806	0	326.031	0	0	
0	[SLPS]	0	302.770	-148.806	0	326.031	0	0	
0	[SLPS]	0	302.174	-147.919	0	326.022	0	0	
0	[SLPS]	0	302.174	-147.919	0	326.022	0	0	
0	[SLPS]	0	301.878	-147.476	0	326.017	0	0	
0	[SLPS]	0	301.576	-147.033	0	326.007	0	0	
0	[SLPS]	0	301.285	-146.587	0	326.011	0	0	
0	[SLPS]	0	300.984	-146.145	0	326.003	0	0	
0	[SLPS]	0	300.984	-146.145	0	326.003	0	0	
0	[SLPS]	0	300.687	-145.696	0	326.001	0	0	
0	[SLPS]	0	300.391	-145.257	0	325.997	0	0	
0	[SLPS]	0	300.092	-144.821	0	325.989	0	0	
0	[SLPS]	0	299.804	-144.381	0	325.995	0	0	
0	[SLPS]	0	299.804	-144.381	0	325.995	0	0	
0	[SLPS]	0	299.214	-143.518	0	325.983	0	0	
0	[SLPS]	0	299.214	-143.518	0	325.983	0	0	
0	[SLPS]	0	298.921	-143.087	0	325.978	0	0	
0	[SLPS]	0	298.629	-142.656	0	325.971	0	0	
0	[SLPS]	0	298.629	-142.656	0	325.971	0	0	
0	[SLPS]	0	298.057	-141.796	0	325.964	0	0	
0	[SLPS]	0	298.057	-141.796	0	325.964	0	0	
0	[SLPS]	0	297.756	-141.352	0	325.956	0	0	
0	[SLPS]	0	297.472	-140.923	0	325.953	0	0	
0	[SLPS]	0	297.472	-140.923	0	325.953	0	0	
0	[SLPS]	0	296.905	-140.073	0	325.946	0	0	
0	[SLPS]	0	296.905	-140.073	0	325.946	0	0	
0	[SLPS]	0	296.614	-139.643	0	325.936	0	0	
0	[SLPS]	0	296.330	-139.217	0	325.925	0	0	
0	[SLPS]	0	296.330	-139.217	0	325.925	0	0	
0	[SLPS]	0	295.764	-138.371	0	325.921	0	0	
0	[SLPS]	0	295.764	-138.371	0	325.921	0	0	
0	[SLPS]	0	295.474	-137.947	0	325.916	0	0	
0	[SLPS]	0	295.189	-137.527	0	325.911	0	0	
0	[SLPS]	0	295.189	-137.527	0	325.911	0	0	
0	[SLPS]	0	294.612	-136.691	0	325.896	0	0	
0	[SLPS]	0	294.612	-136.691	0	325.896	0	0	
0	[SLPS]	0	294.331	-136.267	0	325.897	0	0	
0	[SLPS]	0	294.043	-135.848	0	325.889	0	0	
0	[SLPS]	0	294.043	-135.848	0	325.889	0	0	
0	[SLPS]	0	293.481	-135.015	0	325.885	0	0	
0	[SLPS]	0	293.481	-135.015	0	325.885	0	0	
0	[SLPS]	0	293.196	-134.593	0	325.880	0	0	
0	[SLPS]	0	292.911	-134.183	0	325.865	0	0	
0	[SLPS]	0	292.911	-134.183	0	325.865	0	0	
0	[SLPS]	0	292.359	-133.358	0	325.839	0	0	
0	[SLPS]	0	292.359	-133.358	0	325.839	0	0	
0	[SLPS]	0	292.075	-132.943	0	325.824	0	0	
0	[SLPS]	0	291.800	-132.530	0	325.808	0	0	
0	[SLPS]	0	291.800	-132.530	0	325.808	0	0	
0	[SLPS]	0	291.242	-131.722	0	325.751	0	0	
0	[SLPS]	0	291.242	-131.722	0	325.751	0	0	
0	[SLPS]	0	290.969	-131.317	0	325.730	0	0	
0	[SLPS]	0	290.689	-130.909	0	325.698	0	0	
0	[SLPS]	0	290.689	-130.909	0	325.698	0	0	
0	[SLPS]	0	290.146	-130.104	0	325.649	0	0	
0	[SLPS]	0	290.146	-130.104	0	325.649	0	0	
0	[SLPS]	0	289.869	-129.695	0	325.616	0	0	
0	[SLPS]	0	289.598	-129.287	0	325.590	0	0	
0	[SLPS]	0	289.598	-129.287	0	325.590	0	0	
0	[SLPS]	0	289.048	-128.480	0	325.535	0	0	
0	[SLPS]	0	289.048	-128.480	0	325.535	0	0	
0	[SLPS]	0	288.764	-128.072	0	325.503	0	0	
0	[SLPS]	0	288.488	-127.673	0	325.477	0	0	
0	[SLPS]	0	288.219	-127.288	0	325.451	0	0	
0	[SLPS]	0	287.954	-126.887	0	325.438	0	0	
0	[SLPS]	0	287.954	-126.887	0	325.438	0	0	
0	[SLPS]	0	287.405	-126.081	0	325.393	0	0	
0	[SLPS]	0	287.405	-126.081	0	325.393	0	0	
0	[SLPS]	0	287.138	-125.695	0	325.363	0	0	
0	[SLPS]	0	286.868	-125.302	0	325.328	0	0	
0	[SLPS]	0	286.868	-125.302	0	325.328	0	0	
0	[SLPS]	0	286.327	-124.517	0	325.280	0	0	
0	[SLPS]	0	286.327	-124.517	0	325.280	0	0	
0	[SLPS]	0	286.053	-124.131	0	325.254	0	0	
0	[SLPS]	0	285.783	-123.738	0	325.243	0	0	
0	[SLPS]	0	285.783	-123.738	0	325.243	0	0	
0	[SLPS]	0	285.257	-122.972	0	325.271	0	0	
0	[SLPS]	0	285.257	-122.972	0	325.271	0	0	
0	[SLPS]	0	284.987	-122.588	0	325.289	0	0	
0	[SLPS]	0	284.722	-122.195	0	325.311	0	0	
0	[SLPS]	0	284.722	-122.195	0	325.311	0	0	
0	[SLPS]	0	284.187	-121.424	0	325.335	0	0	
0	[SLPS]	0	284.187	-121.424	0	325.335	0	0	
0	[SLPS]	0	283.926	-121.038	0	325.346	0	0	
0	[SLPS]	0	283.665	-120.656	0	325.360	0	0	
0	[SLPS]	0	283.665	-120.656	0	325.360	0	0	
0	[SLPS]	0	283.149	-119.900	0	325.390	0	0	
0	[SLPS]	0	283.149	-119.900	0	325.390	0	0	
0	[SLPS]	0	282.897	-119.525	0	325.419	0	0	
0	[SLPS]	0	282.643	-119.151	0	325.445	0	0	
0	[SLPS]	0	282.394	-118.787	0	325.458	0	0	
0	[SLPS]	0	282.135	-118.414	0	325.462	0	0	
0	[SLPS]	0	282.135	-118.414	0	325.462	0	0	
0	[SLPS]	0	281.882	-118.046	0	325.472	0	0	
0	[SLPS]	0	281.630	-117.688	0	325.485	0	0	
0	[SLPS]	0	281.380	-117.325	0	325.503	0	0	
0	[SLPS]	0	281.121	-116.959	0	325.507	0	0	
0	[SLPS]	0	281.121	-116.959	0	325.507	0	0	
0	[SLPS]	0	280.869	-116.603	0	325.504	0	0	
0	[SLPS]	0	280.629	-116.244	0	325.511	0	0	
0	[SLPS]	0	280.381	-115.892	0	325.500	0	0	
0	[SLPS]	0	280.142	-115.531	0	325.486	0	0	
0	[SLPS]	0	280.142	-115.531	0	325.486	0	0	
0	[SLPS]	0	279.658	-114.819	0	325.439	0	0	
0	[SLPS]	0	279.658	-114.819	0	325.439	0	0	
0	[SLPS]	0	279.410	-114.471	0	325.417	0	0	
0	[SLPS]	0	279.171	-114.119	0	325.409	0	0	
0	[SLPS]	0	279.171	-114.119	0	325.409	0	0	
0	[SLPS]	0	278.692	-113.431	0	325.377	0	0	
0	[SLPS]	0	278.692	-113.431	0	325.377	0	0	
0	[SLPS]	0	278.452	-113.081	0	325.368	0	0	
0	[SLPS]	0	278.210	-112.736	0	325.349	0	0	
0	[SLPS]	0	278.210	-112.736	0	325.349	0	0	
0	[SLPS]	0	277.733	-112.049	0	325.322	0	0	
0	[SLPS]	0	277.733	-112.049	0	325.322	0	0	
0	[SLPS]	0	277.497	-111.705	0	325.310	0	0	
0	[SLPS]	0	277.265	-111.353	0	325.308	0	0	
0	[SLPS]	0	277.265	-111.353	0	325.308	0	0	
0	[SLPS]	0	276.798	-110.678	0	325.284	0	0	
0	[SLPS]	0	276.798	-110.678	0	325.284	0	0	
0	[SLPS]	0	276.561	-110.332	0	325.271	0	0	
0	[SLPS]	0	276.327	-109.988	0	325.262	0	0	
0	[SLPS]	0	276.327	-109.988	0	325.262	0	0	
0	[SLPS]	0	275.865	-109.320	0	325.242	0	0	
0	[SLPS]	0	275.865	-109.320	0	325.242	0	0	
0	[SLPS]	0	275.631	-108.986	0	325.227	0	0	
0	[SLPS]	0	275.401	-108.649	0	325.213	0	0	
0	[SLPS]	0	275.401	-108.649	0	325.213	0	0	
0	[SLPS]	0	274.943	-107.994	0	325.187	0	0	
0	[SLPS]	0	274.943	-107.994	0	325.187	0	0	
0	[SLPS]	0	274.712	-107.663	0	325.176	0	0	
0	[SLPS]	0	274.483	-107.329	0	325.167	0	0	
0	[SLPS]	0	274.264	-107.010	0	325.156	0	0	
0	[SLPS]	0	274.039	-106.679	0	325.145	0	0	
0	[SLPS]	0	274.039	-106.679	0	325.145	0	0	
0	[SLPS]	0	273.811	-106.353	0	325.132	0	0	
0	[SLPS]	0	273.580	-106.029	0	325.116	0	0	
0	[SLPS]	0	273.362	-105.701	0	325.109	0	0	
0	[SLPS]	0	273.137	-105.378	0	325.094	0	0	
0	[SLPS]	0	273.137	-105.378	0	325.094	0	0	
0	[SLPS]	0	272.689	-104.733	0	325.071	0	0	
0	[SLPS]	0	272.689	-104.733	0	325.071	0	0	
0	[SLPS]	0	272.468	-104.417	0	325.065	0	0	
0	[SLPS]	0	272.243	-104.105	0	325.049	0	0	
0	[SLPS]	0	272.243	-104.105	0	325.049	0	0	
0	[SLPS]	0	271.802	-103.466	0	325.027	0	0	
0	[SLPS]	0	271.802	-103.466	0	325.027	0	0	
0	[SLPS]	0	271.579	-103.160	0	325.014	0	0	
0	[SLPS]	0	271.359	-102.853	0	325.009	0	0	
0	[SLPS]	0	271.359	-102.853	0	325.009	0	0	
0	[SLPS]	0	270.934	-102.232	0	325.000	0	0	
0	[SLPS]	0	270.934	-102.232	0	325.000	0	0	
0	[SLPS]	0	270.718	-101.924	0	324.991	0	0	
0	[SLPS]	0	270.498	-101.620	0	324.972	0	0	
0	[SLPS]	0	270.498	-101.620	0	324.972	0	0	
0	[SLPS]	0	270.070	-101.008	0	324.945	0	0	
0	[SLPS]	0	270.070	-101.008	0	324.945	0	0	
0	[SLPS]	0	269.865	-100.706	0	324.937	0	0	
0	[SLPS]	0	269.658	-100.404	0	324.934	0	0	
0	[SLPS]	0	269.452	-100.102	0	324.933	0	0	
0	[SLPS]	0	269.245	-99.809	0	324.924	0	0	
0	[SLPS]	0	269.245	-99.809	0	324.924	0	0	
0	[SLPS]	0	268.837	-99.231	0	324.921	0	0	
0	[SLPS]	0	268.837	-99.231	0	324.921	0	0	
0	[SLPS]	0	268.638	-98.935	0	324.926	0	0	
0	[SLPS]	0	268.437	-98.643	0	324.934	0	0	
0	[SLPS]	0	268.437	-98.643	0	324.934	0	0	
0	[SLPS]	0	268.045	-98.076	0	324.984	0	0	
0	[SLPS]	0	268.045	-98.076	0	324.984	0	0	
0	[SLPS]	0	267.847	-97.797	0	325.030	0	0	
0	[SLPS]	0	267.651	-97.514	0	325.101	0	0	
0	[SLPS]	0	267.651	-97.514	0	325.101	0	0	
0	[SLPS]	0	267.273	-96.965	0	325.281	0	0	
0	[SLPS]	0	267.273	-96.965	0	325.281	0	0	
0	[SLPS]	0	267.083	-96.691	0	325.394	0	0	
0	[SLPS]	0	266.903	-96.423	0	325.525	0	0	
0	[SLPS]	0	266.903	-96.423	0	325.525	0	0	
0	[SLPS]	0	266.543	-95.885	0	325.846	0	0	
0	[SLPS]	0	266.543	-95.885	0	325.846	0	0	
0	[SLPS]	0	266.365	-95.611	0	326.022	0	0	
0	[SLPS]	0	266.181	-95.346	0	326.222	0	0	
0	[SLPS]	0	266.181	-95.346	0	326.222	0	0	
0	[SLPS]	0	265.833	-94.812	0	326.648	0	0	
0	[SLPS]	0	265.833	-94.812	0	326.648	0	0	
0	[SLPS]	0	265.660	-94.540	0	326.893	0	0	
0	[SLPS]	0	265.488	-94.273	0	327.160	0	0	
0	[SLPS]	0	265.488	-94.273	0	327.160	0	0	
0	[SLPS]	0	265.326	-94.009	0	327.448	0	0	
0	[SLPS]	0	265.167	-93.743	0	327.762	0	0	
0	[SLPS]	0	265.013	-93.486	0	328.103	0	0	
0	[SLPS]	0	264.858	-93.218	0	328.461	0	0	
0	[SLPS]	0	264.858	-93.218	0	328.461	0	0	
0	[SLPS]	0	264.703	-92.958	0	328.834	0	0	
0	[SLPS]	0	264.564	-92.695	0	329.230	0	0	
0	[SLPS]	0	264.415	-92.442	0	329.643	0	0	
0	[SLPS]	0	264.276	-92.182	0	330.075	0	0	
0	[SLPS]	0	264.276	-92.182	0	330.075	0	0	
0	[SLPS]	0	264.135	-91.926	0	330.532	0	0	
0	[SLPS]	0	264.005	-91.662	0	331.023	0	0	
0	[SLPS]	0	263.873	-91.405	0	331.555	0	0	
0	[SLPS]	0	263.742	-91.150	0	332.137	0	0	
0	[SLPS]	0	263.742	-91.150	0	332.137	0	0	
0	[SLPS]	0	263.494	-90.635	0	333.420	0	0	
0	[SLPS]	0	263.494	-90.635	0	333.420	0	0	
0	[SLPS]	0	263.383	-90.372	0	334.091	0	0	
0	[SLPS]	0	263.276	-90.114	0	334.794	0	0	
0	[SLPS]	0	263.276	-90.114	0	334.794	0	0	
0	[SLPS]	0	263.071	-89.599	0	336.322	0	0	
0	[SLPS]	0	263.071	-89.599	0	336.322	0	0	
0	[SLPS]	0	262.973	-89.336	0	337.149	0	0	
0	[SLPS]	0	262.874	-89.075	0	338.012	0	0	
0	[SLPS]	0	262.874	-89.075	0	338.012	0	0	
0	[SLPS]	0	262.698	-88.550	0	339.822	0	0	
0	[SLPS]	0	262.698	-88.550	0	339.822	0	0	
0	[SLPS]	0	262.614	-88.284	0	340.761	0	0	
0	[SLPS]	0	262.542	-88.020	0	341.709	0	0	
0	[SLPS]	0	262.542	-88.020	0	341.709	0	0	
0	[SLPS]	0	262.422	-87.493	0	343.650	0	0	
0	[SLPS]	0	262.422	-87.493	0	343.650	0	0	
0	[SLPS]	0	262.370	-87.227	0	344.649	0	0	
0	[SLPS]	0	262.320	-86.967	0	345.659	0	0	
0	[SLPS]	0	262.320	-86.967	0	345.659	0	0	
0	[SLPS]	0	262.228	-86.444	0	347.731	0	0	
0	[SLPS]	0	262.228	-86.444	0	347.731	0	0	
0	[SLPS]	0	262.197	-86.184	0	348.785	0	0	
0	[SLPS]	0	262.168	-85.919	0	349.854	0	0	
0	[SLPS]	0	262.168	-85.919	0	349.854	0	0	
0	[SLPS]	0	262.126	-85.406	0	352.044	0	0	
0	[SLPS]	0	262.126	-85.406	0	352.044	0	0	
0	[SLPS]	0	262.111	-85.150	0	353.166	0	0	
0	[SLPS]	0	262.095	-84.894	0	354.302	0	0	
0	[SLPS]	0	262.095	-84.894	0	354.302	0	0	
0	[SLPS]	0	262.087	-84.392	0	356.635	0	0	
0	[SLPS]	0	262.087	-84.392	0	356.635	0	0	
0	[SLPS]	0	262.092	-84.140	0	357.815	0	0	
0	[SLPS]	0	262.110	-83.885	0	358.993	0	0	
0	[SLPS]	0	262.117	-83.642	0	0.170	0	0	
0	[SLPS]	0	262.143	-83.385	0	1.341	0	0	
0	[SLPS]	0	262.143	-83.385	0	1.341	0	0	
0	[SLPS]	0	262.175	-83.137	0	2.525	0	0	
0	[SLPS]	0	262.211	-82.879	0	3.714	0	0	
0	[SLPS]	0	262.248	-82.631	0	4.897	0	0	
0	[SLPS]	0	262.277	-82.398	0	6.068	0	0	
0	[SLPS]	0	262.277	-82.398	0	6.068	0	0	
0	[SLPS]	0	262.379	-81.914	0	8.447	0	0	
0	[SLPS]	0	262.379	-81.914	0	8.447	0	0	
0	[SLPS]	0	262.433	-81.674	0	9.644	0	0	
0	[SLPS]	0	262.482	-81.437	0	10.861	0	0	
0	[SLPS]	0	262.482	-81.437	0	10.861	0	0	
0	[SLPS]	0	262.608	-80.967	0	13.243	0	0	
0	[SLPS]	0	262.608	-80.967	0	13.243	0	0	
0	[SLPS]	0	262.681	-80.739	0	14.444	0	0	
0	[SLPS]	0	262.768	-80.510	0	15.657	0	0	
0	[SLPS]	0	262.768	-80.510	0	15.657	0	0	
0	[SLPS]	0	262.932	-80.076	0	18.063	0	0	
0	[SLPS]	0	262.932	-80.076	0	18.063	0	0	
0	[SLPS]	0	263.027	-79.860	0	19.265	0	0	
0	[SLPS]	0	263.131	-79.644	0	20.462	0	0	
0	[SLPS]	0	263.131	-79.644	0	20.462	0	0	
0	[SLPS]	0	263.340	-79.221	0	22.809	0	0	
0	[SLPS]	0	263.340	-79.221	0	22.809	0	0	
0	[SLPS]	0	263.444	-79.021	0	23.970	0	0	
0	[SLPS]	0	263.554	-78.819	0	25.131	0	0	
0	[SLPS]	0	263.671	-78.619	0	26.288	0	0	
0	[SLPS]	0	263.796	-78.420	0	27.444	0	0	
0	[SLPS]	0	263.796	-78.420	0	27.444	0	0	
0	[SLPS]	0	264.054	-78.025	0	29.743	0	0	
0	[SLPS]	0	264.054	-78.025	0	29.743	0	0	
0	[SLPS]	0	264.186	-77.828	0	30.891	0	0	
0	[SLPS]	0	264.329	-77.635	0	32.032	0	0	
0	[SLPS]	0	264.329	-77.635	0	32.032	0	0	
0	[SLPS]	0	264.613	-77.267	0	34.267	0	0	
0	[SLPS]	0	264.613	-77.267	0	34.267	0	0	
0	[SLPS]	0	264.762	-77.081	0	35.357	0	0	
0	[SLPS]	0	264.914	-76.902	0	36.422	0	0	
0	[SLPS]	0	264.914	-76.902	0	36.422	0	0	
0	[SLPS]	0	265.227	-76.552	0	38.466	0	0	
0	[SLPS]	0	265.227	-76.552	0	38.466	0	0	
0	[SLPS]	0	265.375	-76.377	0	39.445	0	0	
0	[SLPS]	0	265.541	-76.210	0	40.407	0	0	
0	[SLPS]	0	265.541	-76.210	0	40.407	0	0	
0	[SLPS]	0	265.871	-75.884	0	42.293	0	0	
0	[SLPS]	0	265.871	-75.884	0	42.293	0	0	
0	[SLPS]	0	266.034	-75.727	0	43.197	0	0	
0	[SLPS]	0	266.204	-75.567	0	44.069	0	0	
0	[SLPS]	0	266.204	-75.567	0	44.069	0	0	
0	[SLPS]	0	266.553	-75.258	0	45.742	0	0	
0	[SLPS]	0	266.553	-75.258	0	45.742	0	0	
0	[SLPS]	0	266.901	-74.963	0	47.344	0	0	
0	[SLPS]	0	266.901	-74.963	0	47.344	0	0	
0	[SLPS]	0	267.077	-74.814	0	48.113	0	0	
0	[SLPS]	0	267.265	-74.663	0	48.860	0	0	
0	[SLPS]	0	267.265	-74.663	0	48.860	0	0	
0	[SLPS]	0	267.630	-74.376	0	50.231	0	0	
0	[SLPS]	0	267.630	-74.376	0	50.231	0	0	
0	[SLPS]	0	267.813	-74.236	0	50.880	0	0	
0	[SLPS]	0	267.999	-74.091	0	51.495	0	0	
0	[SLPS]	0	267.999	-74.091	0	51.495	0	0	
0	[SLPS]	0	268.383	-73.813	0	52.626	0	0	
0	[SLPS]	0	268.383	-73.813	0	52.626	0	0	
0	[SLPS]	0	268.579	-73.677	0	53.148	0	0	
0	[SLPS]	0	268.767	-73.534	0	53.644	0	0	
0	[SLPS]	0	268.767	-73.534	0	53.644	0	0	
0	[SLPS]	0	269.176	-73.263	0	54.568	0	0	
0	[SLPS]	0	269.176	-73.263	0	54.568	0	0	
0	[SLPS]	0	269.373	-73.125	0	54.994	0	0	
0	[SLPS]	0	269.579	-72.994	0	55.403	0	0	
0	[SLPS]	0	269.790	-72.860	0	55.789	0	0	
0	[SLPS]	0	269.999	-72.722	0	56.154	0	0	
0	[SLPS]	0	269.999	-72.722	0	56.154	0	0	
0	[SLPS]	0	270.438	-72.461	0	56.809	0	0	
0	[SLPS]	0	270.438	-72.461	0	56.809	0	0	
0	[SLPS]	0	270.662	-72.330	0	57.099	0	0	
0	[SLPS]	0	270.872	-72.192	0	57.351	0	0	
0	[SLPS]	0	270.872	-72.192	0	57.351	0	0	
0	[SLPS]	0	271.313	-71.922	0	57.763	0	0	
0	[SLPS]	0	271.313	-71.922	0	57.763	0	0	
0	[SLPS]	0	271.543	-71.783	0	57.932	0	0	
0	[SLPS]	0	271.777	-71.634	0	58.079	0	0	
0	[SLPS]	0	271.777	-71.634	0	58.079	0	0	
0	[SLPS]	0	272.244	-71.360	0	58.294	0	0	
0	[SLPS]	0	272.244	-71.360	0	58.294	0	0	
0	[SLPS]	0	272.483	-71.219	0	58.381	0	0	
0	[SLPS]	0	272.723	-71.061	0	58.459	0	0	
0	[SLPS]	0	272.723	-71.061	0	58.459	0	0	
0	[SLPS]	0	272.960	-70.932	0	58.533	0	0	
0	[SLPS]	0	273.210	-70.792	0	58.591	0	0	
0	[SLPS]	0	273.457	-70.637	0	58.634	0	0	
0	[SLPS]	0	273.714	-70.490	0	58.690	0	0	
0	[SLPS]	0	273.714	-70.490	0	58.690	0	0	
0	[SLPS]	0	273.969	-70.341	0	58.718	0	0	
0	[SLPS]	0	274.228	-70.190	0	58.776	0	0	
0	[SLPS]	0	274.499	-70.016	0	58.812	0	0	
0	[SLPS]	0	274.765	-69.847	0	58.842	0	0	
0	[SLPS]	0	274.765	-69.847	0	58.842	0	0	
0	[SLPS]	0	275.304	-69.531	0	58.889	0	0	
0	[SLPS]	0	275.304	-69.531	0	58.889	0	0	
0	[SLPS]	0	275.561	-69.378	0	58.922	0	0	
0	[SLPS]	0	275.836	-69.214	0	58.928	0	0	
0	[SLPS]	0	275.836	-69.214	0	58.928	0	0	
0	[SLPS]	0	276.380	-68.908	0	59.004	0	0	
0	[SLPS]	0	276.380	-68.908	0	59.004	0	0	
0	[SLPS]	0	276.662	-68.742	0	59.032	0	0	
0	[SLPS]	0	276.939	-68.565	0	59.050	0	0	
0	[SLPS]	0	277.242	-68.400	0	59.092	0	0	
0	[SLPS]	0	277.536	-68.234	0	59.130	0	0	
0	[SLPS]	0	277.536	-68.234	0	59.130	0	0	
0	[SLPS]	0	278.133	-67.884	0	59.168	0	0	
0	[SLPS]	0	278.133	-67.884	0	59.168	0	0	
0	[SLPS]	0	278.441	-67.703	0	59.190	0	0	
0	[SLPS]	0	278.748	-67.524	0	59.201	0	0	
0	[SLPS]	0	278.748	-67.524	0	59.201	0	0	
0	[SLPS]	0	279.368	-67.160	0	59.238	0	0	
0	[SLPS]	0	279.368	-67.160	0	59.238	0	0	
0	[SLPS]	0	279.684	-66.964	0	59.244	0	0	
0	[SLPS]	0	280.011	-66.774	0	59.272	0	0	
0	[SLPS]	0	280.011	-66.774	0	59.272	0	0	
0	[SLPS]	0	280.666	-66.398	0	59.329	0	0	
0	[SLPS]	0	280.666	-66.398	0	59.329	0	0	
0	[SLPS]	0	280.988	-66.194	0	59.326	0	0	
0	[SLPS]	0	281.317	-66.002	0	59.347	0	0	
0	[SLPS]	0	281.649	-65.806	0	59.366	0	0	
0	[SLPS]	0	281.985	-65.598	0	59.384	0	0	
0	[SLPS]	0	281.985	-65.598	0	59.384	0	0	
0	[SLPS]	0	282.664	-65.201	0	59.449	0	0	
0	[SLPS]	0	282.664	-65.201	0	59.449	0	0	
0	[SLPS]	0	283.006	-64.996	0	59.472	0	0	
0	[SLPS]	0	283.344	-64.800	0	59.495	0	0	
0	[SLPS]	0	283.344	-64.800	0	59.495	0	0	
0	[SLPS]	0	284.034	-64.393	0	59.527	0	0	
0	[SLPS]	0	284.034	-64.393	0	59.527	0	0	
0	[SLPS]	0	284.381	-64.186	0	59.542	0	0	
0	[SLPS]	0	284.731	-63.977	0	59.553	0	0	
0	[SLPS]	0	284.731	-63.977	0	59.553	0	0	
0	[SLPS]	0	285.427	-63.574	0	59.596	0	0	
0	[SLPS]	0	285.427	-63.574	0	59.596	0	0	
0	[SLPS]	0	285.780	-63.363	0	59.614	0	0	
0	[SLPS]	0	286.124	-63.163	0	59.638	0	0	
0	[SLPS]	0	286.124	-63.163	0	59.638	0	0	
0	[SLPS]	0	286.841	-62.751	0	59.688	0	0	
0	[SLPS]	0	286.841	-62.751	0	59.688	0	0	
0	[SLPS]	0	287.211	-62.532	0	59.697	0	0	
0	[SLPS]	0	287.566	-62.326	0	59.711	0	0	
0	[SLPS]	0	287.566	-62.326	0	59.711	0	0	
0	[SLPS]	0	288.304	-61.891	0	59.732	0	0	
0	[SLPS]	0	288.304	-61.891	0	59.732	0	0	
0	[SLPS]	0	288.677	-61.669	0	59.743	0	0	
0	[SLPS]	0	289.049	-61.445	0	59.753	0	0	
0	[SLPS]	0	289.421	-61.232	0	59.781	0	0	
0	[SLPS]	0	289.804	-61.009	0	59.799	0	0	
0	[SLPS]	0	289.804	-61.009	0	59.799	0	0	
0	[SLPS]	0	290.191	-60.791	0	59.824	0	0	
0	[SLPS]	0	290.571	-60.568	0	59.831	0	0	
0	[SLPS]	0	290.571	-60.568	0	59.831	0	0	
0	[SLPS]	0	291.344	-60.117	0	59.844	0	0	
0	[SLPS]	0	291.344	-60.117	0	59.844	0	0	
0	[SLPS]	0	292.119	-59.670	0	59.863	0	0	
0	[SLPS]	0	292.119	-59.670	0	59.863	0	0	
0	[SLPS]	0	292.501	-59.448	0	59.878	0	0	
0	[SLPS]	0	292.888	-59.218	0	59.881	0	0	
0	[SLPS]	0	292.888	-59.218	0	59.881	0	0	
0	[SLPS]	0	293.669	-58.770	0	59.909	0	0	
0	[SLPS]	0	293.669	-58.770	0	59.909	0	0	
0	[SLPS]	0	294.054	-58.547	0	59.921	0	0	
0	[SLPS]	0	294.439	-58.319	0	59.927	0	0	
0	[SLPS]	0	294.439	-58.319	0	59.927	0	0	
0	[SLPS]	0	295.208	-57.849	0	59.919	0	0	
0	[SLPS]	0	295.208	-57.849	0	59.919	0	0	
0	[SLPS]	0	295.595	-57.626	0	59.938	0	0	
0	[SLPS]	0	295.987	-57.396	0	59.947	0	0	
0	[SLPS]	0	295.987	-57.396	0	59.947	0	0	
0	[SLPS]	0	296.766	-56.934	0	59.958	0	0	
0	[SLPS]	0	296.766	-56.934	0	59.958	0	0	
0	[SLPS]	0	297.164	-56.701	0	59.966	0	0	
0	[SLPS]	0	297.563	-56.471	0	59.982	0	0	
0	[SLPS]	0	297.563	-56.471	0	59.982	0	0	
0	[SLPS]	0	298.371	-56.008	0	60.006	0	0	
0	[SLPS]	0	298.371	-56.008	0	60.006	0	0	
0	[SLPS]	0	298.768	-55.780	0	60.009	0	0	
0	[SLPS]	0	299.173	-55.548	0	60.016	0	0	
0	[SLPS]	0	299.173	-55.548	0	60.016	0	0	
0	[SLPS]	0	299.986	-55.084	0	60.039	0	0	
0	[SLPS]	0	299.986	-55.084	0	60.039	0	0	
0	[SLPS]	0	300.386	-54.851	0	60.051	0	0	
0	[SLPS]	0	300.787	-54.608	0	60.048	0	0	
0	[SLPS]	0	300.787	-54.608	0	60.048	0	0	
0	[SLPS]	0	301.632	-54.135	0	60.088	0	0	
0	[SLPS]	0	301.632	-54.135	0	60.088	0	0	
0	[SLPS]	0	302.030	-53.893	0	60.077	0	0	
0	[SLPS]	0	302.455	-53.654	0	60.093	0	0	
0	[SLPS]	0	302.455	-53.654	0	60.093	0	0	
0	[SLPS]	0	303.298	-53.189	0	60.129	0	0	
0	[SLPS]	0	303.298	-53.189	0	60.129	0	0	
0	[SLPS]	0	303.705	-52.950	0	60.123	0	0	
0	[SLPS]	0	304.123	-52.715	0	60.131	0	0	
0	[SLPS]	0	304.123	-52.715	0	60.131	0	0	
0	[SLPS]	0	304.964	-52.234	0	60.130	0	0	
0	[SLPS]	0	304.964	-52.234	0	60.130	0	0	
0	[SLPS]	0	305.378	-51.991	0	60.112	0	0	
0	[SLPS]	0	305.797	-51.748	0	60.099	0	0	
0	[SLPS]	0	305.797	-51.748	0	60.099	0	0	
0	[SLPS]	0	306.632	-51.267	0	60.084	0	0	
0	[SLPS]	0	306.632	-51.267	0	60.084	0	0	
0	[SLPS]	0	307.043	-51.023	0	60.073	0	0	
0	[SLPS]	0	307.466	-50.778	0	60.071	0	0	
0	[SLPS]	0	307.466	-50.778	0	60.071	0	0	
0	[SLPS]	0	308.295	-50.288	0	60.043	0	0	
0	[SLPS]	0	308.295	-50.288	0	60.043	0	0	
0	[SLPS]	0	308.718	-50.034	0	60.021	0	0	
0	[SLPS]	0	309.132	-49.789	0	60.008	0	0	
0	[SLPS]	0	309.132	-49.789	0	60.008	0	0	
0	[SLPS]	0	309.978	-49.303	0	60.002	0	0	
0	[SLPS]	0	309.978	-49.303	0	60.002	0	0	
0	[SLPS]	0	310.391	-49.052	0	59.975	0	0	
0	[SLPS]	0	310.812	-48.806	0	59.967	0	0	
0	[SLPS]	0	310.812	-48.806	0	59.967	0	0	
0	[SLPS]	0	311.658	-48.313	0	59.948	0	0	
0	[SLPS]	0	311.658	-48.313	0	59.948	0	0	
0	[SLPS]	0	312.073	-48.067	0	59.931	0	0	
0	[SLPS]	0	312.501	-47.827	0	59.930	0	0	
0	[SLPS]	0	312.501	-47.827	0	59.930	0	0	
0	[SLPS]	0	313.358	-47.332	0	59.903	0	0	
0	[SLPS]	0	313.358	-47.332	0	59.903	0	0	
0	[SLPS]	0	313.783	-47.084	0	59.892	0	0	
0	[SLPS]	0	314.200	-46.844	0	59.880	0	0	
0	[SLPS]	0	314.200	-46.844	0	59.880	0	0	
0	[SLPS]	0	315.064	-46.348	0	59.872	0	0	
0	[SLPS]	0	315.064	-46.348	0	59.872	0	0	
0	[SLPS]	0	315.490	-46.101	0	59.863	0	0	
0	[SLPS]	0	315.920	-45.856	0	59.856	0	0	
0	[SLPS]	0	316.346	-45.603	0	59.834	0	0	
0	[SLPS]	0	316.777	-45.348	0	59.811	0	0	
0	[SLPS]	0	316.777	-45.348	0	59.811	0	0	
0	[SLPS]	0	317.638	-44.843	0	59.787	0	0	
0	[SLPS]	0	317.638	-44.843	0	59.787	0	0	
0	[SLPS]	0	318.069	-44.597	0	59.786	0	0	
0	[SLPS]	0	318.510	-44.347	0	59.781	0	0	
0	[SLPS]	0	318.510	-44.347	0	59.781	0	0	
0	[SLPS]	0	319.366	-43.848	0	59.749	0	0	
0	[SLPS]	0	319.366	-43.848	0	59.749	0	0	
0	[SLPS]	0	319.792	-43.594	0	59.727	0	0	
0	[SLPS]	0	320.228	-43.343	0	59.716	0	0	
0	[SLPS]	0	320.228	-43.343	0	59.716	0	0	
0	[SLPS]	0	321.088	-42.843	0	59.689	0	0	
0	[SLPS]	0	321.088	-42.843	0	59.689	0	0	
0	[SLPS]	0	321.518	-42.591	0	59.671	0	0	
0	[SLPS]	0	321.958	-42.337	0	59.664	0	0	
0	[SLPS]	0	321.958	-42.337	0	59.664	0	0	
0	[SLPS]	0	322.809	-41.824	0	59.631	0	0	
0	[SLPS]	0	322.809	-41.824	0	59.631	0	0	
0	[SLPS]	0	323.244	-41.570	0	59.627	0	0	
0	[SLPS]	0	323.676	-41.309	0	59.611	0	0	
0	[SLPS]	0	323.676	-41.309	0	59.611	0	0	
0	[SLPS]	0	324.535	-40.793	0	59.593	0	0	
0	[SLPS]	0	324.535	-40.793	0	59.593	0	0	
0	[SLPS]	0	324.960	-40.540	0	59.592	0	0	
0	[SLPS]	0	325.400	-40.285	0	59.595	0	0	
0	[SLPS]	0	325.400	-40.285	0	59.595	0	0	
0	[SLPS]	0	326.270	-39.774	0	59.611	0	0	
0	[SLPS]	0	326.270	-39.774	0	59.611	0	0	
0	[SLPS]	0	326.699	-39.514	0	59.614	0	0	
0	[SLPS]	0	327.140	-39.260	0	59.634	0	0	
0	[SLPS]	0	327.140	-39.260	0	59.634	0	0	
0	[SLPS]	0	328.013	-38.756	0	59.671	0	0	
0	[SLPS]	0	328.013	-38.756	0	59.671	0	0	
0	[SLPS]	0	328.447	-38.495	0	59.676	0	0	
0	[SLPS]	0	328.887	-38.238	0	59.684	0	0	
0	[SLPS]	0	328.887	-38.238	0	59.684	0	0	
0	[SLPS]	0	329.746	-37.739	0	59.713	0	0	
0	[SLPS]	0	329.746	-37.739	0	59.713	0	0	
0	[SLPS]	0	330.180	-37.478	0	59.719	0	0	
0	[SLPS]	0	330.611	-37.226	0	59.734	0	0	
0	[SLPS]	0	330.611	-37.226	0	59.734	0	0	
0	[SLPS]	0	331.481	-36.728	0	59.767	0	0	
0	[SLPS]	0	331.481	-36.728	0	59.767	0	0	
0	[SLPS]	0	331.920	-36.474	0	59.783	0	0	
0	[SLPS]	0	332.349	-36.216	0	59.786	0	0	
0	[SLPS]	0	332.349	-36.216	0	59.786	0	0	
0	[SLPS]	0	333.222	-35.708	0	59.816	0	0	
0	[SLPS]	0	333.222	-35.708	0	59.816	0	0	
0	[SLPS]	0	333.649	-35.446	0	59.822	0	0	
0	[SLPS]	0	334.086	-35.201	0	59.844	0	0	
0	[SLPS]	0	334.518	-34.956	0	59.863	0	0	
0	[SLPS]	0	334.940	-34.691	0	59.855	0	0	
0	[SLPS]	0	334.940	-34.691	0	59.855	0	0	
0	[SLPS]	0	335.809	-34.193	0	59.918	0	0	
0	[SLPS]	0	335.809	-34.193	0	59.918	0	0	
0	[SLPS]	0	336.234	-33.937	0	59.924	0	0	
0	[SLPS]	0	336.672	-33.695	0	59.950	0	0	
0	[SLPS]	0	336.672	-33.695	0	59.950	0	0	
0	[SLPS]	0	337.532	-33.182	0	59.960	0	0	
0	[SLPS]	0	337.532	-33.182	0	59.960	0	0	
0	[SLPS]	0	337.952	-32.947	0	59.981	0	0	
0	[SLPS]	0	338.390	-32.694	0	59.989	0	0	
0	[SLPS]	0	338.390	-32.694	0	59.989	0	0	
0	[SLPS]	0	339.254	-32.200	0	60.009	0	0	
0	[SLPS]	0	339.254	-32.200	0	60.009	0	0	
0	[SLPS]	0	339.679	-31.953	0	60.001	0	0	
0	[SLPS]	0	340.108	-31.707	0	59.994	0	0	
0	[SLPS]	0	340.108	-31.707	0	59.994	0	0	
0	[SLPS]	0	340.974	-31.205	0	59.964	0	0	
0	[SLPS]	0	340.974	-31.205	0	59.964	0	0	
0	[SLPS]	0	341.400	-30.957	0	59.954	0	0	
0	[SLPS]	0	341.838	-30.710	0	59.949	0	0	
0	[SLPS]	0	341.838	-30.710	0	59.949	0	0	
0	[SLPS]	0	342.701	-30.204	0	59.920	0	0	
0	[SLPS]	0	342.701	-30.204	0	59.920	0	0	
0	[SLPS]	0	343.124	-29.959	0	59.913	0	0	
0	[SLPS]	0	343.541	-29.715	0	59.898	0	0	
0	[SLPS]	0	343.541	-29.715	0	59.898	0	0	
0	[SLPS]	0	344.388	-29.227	0	59.854	0	0	
0	[SLPS]	0	344.388	-29.227	0	59.854	0	0	
0	[SLPS]	0	344.804	-28.981	0	59.837	0	0	
0	[SLPS]	0	345.223	-28.737	0	59.824	0	0	
0	[SLPS]	0	345.653	-28.491	0	59.816	0	0	
0	[SLPS]	0	346.082	-28.247	0	59.807	0	0	
0	[SLPS]	0	346.082	-28.247	0	59.807	0	0	
0	[SLPS]	0	346.918	-27.747	0	59.776	0	0	
0	[SLPS]	0	346.918	-27.747	0	59.776	0	0	
0	[SLPS]	0	347.340	-27.496	0	59.765	0	0	
0	[SLPS]	0	347.757	-27.240	0	59.745	0	0	
0	[SLPS]	0	347.757	-27.240	0	59.745	0	0	
0	[SLPS]	0	348.614	-26.741	0	59.721	0	0	
0	[SLPS]	0	348.614	-26.741	0	59.721	0	0	
0	[SLPS]	0	349.028	-26.496	0	59.710	0	0	
0	[SLPS]	0	349.455	-26.259	0	59.712	0	0	
0	[SLPS]	0	349.455	-26.259	0	59.712	0	0	
0	[SLPS]	0	350.281	-25.750	0	59.668	0	0	
0	[SLPS]	0	350.281	-25.750	0	59.668	0	0	
0	[SLPS]	0	350.704	-25.515	0	59.672	0	0	
0	[SLPS]	0	351.124	-25.271	0	59.670	0	0	
0	[SLPS]	0	351.124	-25.271	0	59.670	0	0	
0	[SLPS]	0	351.952	-24.781	0	59.671	0	0	
0	[SLPS]	0	351.952	-24.781	0	59.671	0	0	
0	[SLPS]	0	352.372	-24.538	0	59.682	0	0	
0	[SLPS]	0	352.784	-24.285	0	59.683	0	0	
0	[SLPS]	0	352.784	-24.285	0	59.683	0	0	
0	[SLPS]	0	353.613	-23.803	0	59.708	0	0	
0	[SLPS]	0	353.613	-23.803	0	59.708	0	0	
0	[SLPS]	0	354.024	-23.559	0	59.721	0	0	
0	[SLPS]	0	354.439	-23.312	0	59.735	0	0	
0	[SLPS]	0	354.439	-23.312	0	59.735	0	0	
0	[SLPS]	0	355.263	-22.841	0	59.793	0	0	
0	[SLPS]	0	355.263	-22.841	0	59.793	0	0	
0	[SLPS]	0	355.674	-22.600	0	59.817	0	0	
0	[SLPS]	0	356.083	-22.356	0	59.847	0	0	
0	[SLPS]	0	356.492	-22.116	0	59.888	0	0	
0	[SLPS]	0	356.898	-21.882	0	59.932	0	0	
0	[SLPS]	0	356.898	-21.882	0	59.932	0	0	
0	[SLPS]	0	357.721	-21.400	0	60.015	0	0	
0	[SLPS]	0	357.721	-21.400	0	60.015	0	0	
0	[SLPS]	0	358.124	-21.170	0	60.058	0	0	
0	[SLPS]	0	358.538	-20.923	0	60.094	0	0	
0	[SLPS]	0	358.538	-20.923	0	60.094	0	0	
0	[SLPS]	0	359.367	-20.461	0	60.196	0	0	
0	[SLPS]	0	359.367	-20.461	0	60.196	0	0	
0	[SLPS]	0	359.769	-20.228	0	60.233	0	0	
0	[SLPS]	0	360.168	-19.996	0	60.275	0	0	
0	[SLPS]	0	360.168	-19.996	0	60.275	0	0	
0	[SLPS]	0	360.987	-19.534	0	60.367	0	0	
0	[SLPS]	0	360.987	-19.534	0	60.367	0	0	
0	[SLPS]	0	361.799	-19.064	0	60.487	0	0	
0	[SLPS]	0	361.799	-19.064	0	60.487	0	0	
0	[SLPS]	0	362.210	-18.831	0	60.560	0	0	
0	[SLPS]	0	362.620	-18.598	0	60.635	0	0	
0	[SLPS]	0	362.620	-18.598	0	60.635	0	0	
0	[SLPS]	0	363.439	-18.124	0	60.777	0	0	
0	[SLPS]	0	363.439	-18.124	0	60.777	0	0	
0	[SLPS]	0	363.855	-17.903	0	60.842	0	0	
0	[SLPS]	0	364.267	-17.679	0	60.907	0	0	
0	[SLPS]	0	364.267	-17.679	0	60.907	0	0	
0	[SLPS]	0	365.073	-17.234	0	61.040	0	0	
0	[SLPS]	0	365.073	-17.234	0	61.040	0	0	
0	[SLPS]	0	365.484	-17.016	0	61.105	0	0	
0	[SLPS]	0	365.895	-16.793	0	61.179	0	0	
0	[SLPS]	0	365.895	-16.793	0	61.179	0	0	
0	[SLPS]	0	366.702	-16.351	0	61.322	0	0	
0	[SLPS]	0	366.702	-16.351	0	61.322	0	0	
0	[SLPS]	0	367.107	-16.129	0	61.391	0	0	
0	[SLPS]	0	367.518	-15.909	0	61.459	0	0	
0	[SLPS]	0	367.923	-15.694	0	61.533	0	0	
0	[SLPS]	0	368.320	-15.475	0	61.606	0	0	
0	[SLPS]	0	368.320	-15.475	0	61.606	0	0	
0	[SLPS]	0	368.724	-15.256	0	61.677	0	0	
0	[SLPS]	0	369.135	-15.036	0	61.747	0	0	
0	[SLPS]	0	369.538	-14.822	0	61.823	0	0	
0	[SLPS]	0	369.957	-14.606	0	61.896	0	0	
0	[SLPS]	0	369.957	-14.606	0	61.896	0	0	
0	[SLPS]	0	370.770	-14.172	0	62.033	0	0	
0	[SLPS]	0	370.770	-14.172	0	62.033	0	0	
0	[SLPS]	0	371.179	-13.964	0	62.100	0	0	
0	[SLPS]	0	371.589	-13.750	0	62.172	0	0	
0	[SLPS]	0	371.589	-13.750	0	62.172	0	0	
0	[SLPS]	0	372.406	-13.327	0	62.318	0	0	
0	[SLPS]	0	372.406	-13.327	0	62.318	0	0	
0	[SLPS]	0	372.801	-13.111	0	62.385	0	0	
0	[SLPS]	0	373.205	-12.887	0	62.454	0	0	
0	[SLPS]	0	373.205	-12.887	0	62.454	0	0	
0	[SLPS]	0	374.022	-12.468	0	62.597	0	0	
0	[SLPS]	0	374.022	-12.468	0	62.597	0	0	
0	[SLPS]	0	374.420	-12.259	0	62.666	0	0	
0	[SLPS]	0	374.837	-12.062	0	62.735	0	0	
0	[SLPS]	0	374.837	-12.062	0	62.735	0	0	
0	[SLPS]	0	375.646	-11.641	0	62.871	0	0	
0	[SLPS]	0	375.646	-11.641	0	62.871	0	0	
0	[SLPS]	0	376.040	-11.422	0	62.934	0	0	
0	[SLPS]	0	376.447	-11.210	0	62.999	0	0	
0	[SLPS]	0	376.447	-11.210	0	62.999	0	0	
0	[SLPS]	0	377.247	-10.801	0	63.130	0	0	
0	[SLPS]	0	377.247	-10.801	0	63.130	0	0	
0	[SLPS]	0	377.645	-10.597	0	63.192	0	0	
0	[SLPS]	0	378.045	-10.393	0	63.248	0	0	
0	[SLPS]	0	378.045	-10.393	0	63.248	0	0	
0	[SLPS]	0	378.863	-9.998	0	63.346	0	0	
0	[SLPS]	0	378.863	-9.998	0	63.346	0	0	
0	[SLPS]	0	379.255	-9.803	0	63.376	0	0	
0	[SLPS]	0	379.663	-9.609	0	63.393	0	0	
0	[SLPS]	0	380.053	-9.411	0	63.380	0	0	
0	[SLPS]	0	380.444	-9.210	0	63.356	0	0	
0	[SLPS]	0	380.444	-9.210	0	63.356	0	0	
0	[SLPS]	0	380.837	-9.012	0	63.321	0	0	
0	[SLPS]	0	381.215	-8.805	0	63.275	0	0	
0	[SLPS]	0	381.602	-8.604	0	63.232	0	0	
0	[SLPS]	0	381.992	-8.397	0	63.186	0	0	
0	[SLPS]	0	381.992	-8.397	0	63.186	0	0	
0	[SLPS]	0	382.761	-8.004	0	63.108	0	0	
0	[SLPS]	0	382.761	-8.004	0	63.108	0	0	
0	[SLPS]	0	383.153	-7.797	0	63.063	0	0	
0	[SLPS]	0	383.539	-7.599	0	63.013	0	0	
0	[SLPS]	0	383.539	-7.599	0	63.013	0	0	
0	[SLPS]	0	384.308	-7.206	0	62.901	0	0	
0	[SLPS]	0	384.308	-7.206	0	62.901	0	0	
0	[SLPS]	0	384.697	-7.000	0	62.833	0	0	
0	[SLPS]	0	385.070	-6.818	0	62.768	0	0	
0	[SLPS]	0	385.070	-6.818	0	62.768	0	0	
0	[SLPS]	0	385.840	-6.407	0	62.622	0	0	
0	[SLPS]	0	385.840	-6.407	0	62.622	0	0	
0	[SLPS]	0	386.219	-6.204	0	62.549	0	0	
0	[SLPS]	0	386.596	-6.004	0	62.476	0	0	
0	[SLPS]	0	386.596	-6.004	0	62.476	0	0	
0	[SLPS]	0	387.336	-5.586	0	62.330	0	0	
0	[SLPS]	0	387.336	-5.586	0	62.330	0	0	
0	[SLPS]	0	387.715	-5.394	0	62.259	0	0	
0	[SLPS]	0	388.087	-5.185	0	62.187	0	0	
0	[SLPS]	0	388.453	-4.983	0	62.114	0	0	
0	[SLPS]	0	388.818	-4.787	0	62.040	0	0	
0	[SLPS]	0	388.818	-4.787	0	62.040	0	0	
0	[SLPS]	0	389.553	-4.394	0	61.859	0	0	
0	[SLPS]	0	389.553	-4.394	0	61.859	0	0	
0	[SLPS]	0	389.918	-4.193	0	61.761	0	0	
0	[SLPS]	0	390.276	-3.999	0	61.661	0	0	
0	[SLPS]	0	390.276	-3.999	0	61.661	0	0	
0	[SLPS]	0	390.997	-3.593	0	61.446	0	0	
0	[SLPS]	0	390.997	-3.593	0	61.446	0	0	
0	[SLPS]	0	391.358	-3.394	0	61.339	0	0	
0	[SLPS]	0	391.712	-3.209	0	61.246	0	0	
0	[SLPS]	0	391.712	-3.209	0	61.246	0	0	
0	[SLPS]	0	392.441	-2.816	0	61.126	0	0	
0	[SLPS]	0	392.441	-2.816	0	61.126	0	0	
0	[SLPS]	0	392.787	-2.611	0	61.088	0	0	
0	[SLPS]	0	393.142	-2.412	0	61.079	0	0	
0	[SLPS]	0	393.142	-2.412	0	61.079	0	0	
0	[SLPS]	0	393.855	-2.020	0	61.087	0	0	
0	[SLPS]	0	393.855	-2.020	0	61.087	0	0	
0	[SLPS]	0	394.209	-1.824	0	61.066	0	0	
0	[SLPS]	0	394.568	-1.622	0	61.019	0	0	
0	[SLPS]	0	394.568	-1.622	0	61.019	0	0	
0	[SLPS]	0	395.269	-1.240	0	60.867	0	0	
0	[SLPS]	0	395.269	-1.240	0	60.867	0	0	
0	[SLPS]	0	395.618	-1.045	0	60.776	0	0	
0	[SLPS]	0	395.963	-0.863	0	60.697	0	0	
0	[SLPS]	0	395.963	-0.863	0	60.697	0	0	
0	[SLPS]	0	396.662	-0.461	0	60.550	0	0	
0	[SLPS]	0	396.662	-0.461	0	60.550	0	0	
0	[SLPS]	0	397.004	-0.277	0	60.476	0	0	
0	[SLPS]	0	397.337	-0.079	0	60.395	0	0	
0	[SLPS]	0	397.337	-0.079	0	60.395	0	0	
0	[SLPS]	0	398.018	0.320	0	60.259	0	0	
0	[SLPS]	0	398.018	0.320	0	60.259	0	0	
0	[SLPS]	0	398.361	0.510	0	60.199	0	0	
0	[SLPS]	0	398.688	0.721	0	60.139	0	0	
0	[SLPS]	0	398.688	0.721	0	60.139	0	0	
0	[SLPS]	0	399.364	1.108	0	60.012	0	0	
0	[SLPS]	0	399.364	1.108	0	60.012	0	0	
0	[SLPS]	0	399.687	1.303	0	59.960	0	0	
0	[SLPS]	0	400.018	1.500	0	59.902	0	0	
0	[SLPS]	0	400.018	1.500	0	59.902	0	0	
0	[SLPS]	0	400.677	1.888	0	59.780	0	0	
0	[SLPS]	0	400.677	1.888	0	59.780	0	0	
0	[SLPS]	0	401.003	2.082	0	59.722	0	0	
0	[SLPS]	0	401.339	2.278	0	59.663	0	0	
0	[SLPS]	0	401.667	2.470	0	59.606	0	0	
0	[SLPS]	0	402.000	2.656	0	59.550	0	0	
0	[SLPS]	0	402.000	2.656	0	59.550	0	0	
0	[SLPS]	0	402.651	3.047	0	59.438	0	0	
0	[SLPS]	0	402.651	3.047	0	59.438	0	0	
0	[SLPS]	0	402.962	3.250	0	59.390	0	0	
0	[SLPS]	0	403.291	3.452	0	59.349	0	0	
0	[SLPS]	0	403.291	3.452	0	59.349	0	0	
0	[SLPS]	0	403.918	3.835	0	59.295	0	0	
0	[SLPS]	0	403.918	3.835	0	59.295	0	0	
0	[SLPS]	0	404.233	4.028	0	59.304	0	0	
0	[SLPS]	0	404.557	4.212	0	59.305	0	0	
0	[SLPS]	0	404.557	4.212	0	59.305	0	0	
0	[SLPS]	0	405.178	4.611	0	59.274	0	0	
0	[SLPS]	0	405.178	4.611	0	59.274	0	0	
0	[SLPS]	0	405.499	4.815	0	59.248	0	0	
0	[SLPS]	0	405.810	5.007	0	59.247	0	0	
0	[SLPS]	0	405.810	5.007	0	59.247	0	0	
0	[SLPS]	0	406.439	5.363	0	59.253	0	0	
0	[SLPS]	0	406.439	5.363	0	59.253	0	0	
0	[SLPS]	0	406.752	5.544	0	59.252	0	0	
0	[SLPS]	0	407.058	5.724	0	59.248	0	0	
0	[SLPS]	0	407.058	5.724	0	59.248	0	0	
0	[SLPS]	0	407.670	6.090	0	59.219	0	0	
0	[SLPS]	0	407.670	6.090	0	59.219	0	0	
0	[SLPS]	0	407.974	6.273	0	59.189	0	0	
0	[SLPS]	0	408.277	6.452	0	59.186	0	0	
0	[SLPS]	0	408.277	6.452	0	59.186	0	0	
0	[SLPS]	0	408.875	6.794	0	59.195	0	0	
0	[SLPS]	0	408.875	6.794	0	59.195	0	0	
0	[SLPS]	0	409.170	6.973	0	59.181	0	0	
0	[SLPS]	0	409.459	7.138	0	59.174	0	0	
0	[SLPS]	0	409.738	7.310	0	59.163	0	0	
0	[SLPS]	0	410.021	7.487	0	59.156	0	0	
0	[SLPS]	0	410.021	7.487	0	59.156	0	0	
0	[SLPS]	0	410.309	7.658	0	59.160	0	0	
0	[SLPS]	0	410.597	7.829	0	59.160	0	0	
0	[SLPS]	0	410.863	7.998	0	59.149	0	0	
0	[SLPS]	0	411.142	8.158	0	59.150	0	0	
0	[SLPS]	0	411.142	8.158	0	59.150	0	0	
0	[SLPS]	0	411.695	8.496	0	59.126	0	0	
0	[SLPS]	0	411.695	8.496	0	59.126	0	0	
0	[SLPS]	0	411.961	8.657	0	59.118	0	0	
0	[SLPS]	0	412.230	8.820	0	59.114	0	0	
0	[SLPS]	0	412.230	8.820	0	59.114	0	0	
0	[SLPS]	0	412.781	9.119	0	59.128	0	0	
0	[SLPS]	0	412.781	9.119	0	59.128	0	0	
0	[SLPS]	0	413.048	9.287	0	59.112	0	0	
0	[SLPS]	0	413.317	9.441	0	59.114	0	0	
0	[SLPS]	0	413.317	9.441	0	59.114	0	0	
0	[SLPS]	0	413.853	9.750	0	59.117	0	0	
0	[SLPS]	0	413.853	9.750	0	59.117	0	0	
0	[SLPS]	0	414.117	9.906	0	59.119	0	0	
0	[SLPS]	0	414.378	10.058	0	59.125	0	0	
0	[SLPS]	0	414.378	10.058	0	59.125	0	0	
0	[SLPS]	0	414.900	10.377	0	59.133	0	0	
0	[SLPS]	0	414.900	10.377	0	59.133	0	0	
0	[SLPS]	0	415.166	10.535	0	59.137	0	0	
0	[SLPS]	0	415.431	10.702	0	59.145	0	0	
0	[SLPS]	0	415.431	10.702	0	59.145	0	0	
0	[SLPS]	0	415.960	11.028	0	59.154	0	0	
0	[SLPS]	0	415.960	11.028	0	59.154	0	0	
0	[SLPS]	0	416.219	11.184	0	59.158	0	0	
0	[SLPS]	0	416.477	11.347	0	59.165	0	0	
0	[SLPS]	0	416.477	11.347	0	59.165	0	0	
0	[SLPS]	0	416.989	11.657	0	59.213	0	0	
0	[SLPS]	0	416.989	11.657	0	59.213	0	0	
0	[SLPS]	0	417.252	11.814	0	59.253	0	0	
0	[SLPS]	0	417.510	11.969	0	59.317	0	0	
0	[SLPS]	0	417.752	12.132	0	59.348	0	0	
0	[SLPS]	0	417.998	12.294	0	59.377	0	0	
0	[SLPS]	0	417.998	12.294	0	59.377	0	0	
0	[SLPS]	0	418.523	12.600	0	59.482	0	0	
0	[SLPS]	0	418.523	12.600	0	59.482	0	0	
0	[SLPS]	0	418.774	12.743	0	59.548	0	0	
0	[SLPS]	0	419.031	12.895	0	59.624	0	0	
0	[SLPS]	0	419.031	12.895	0	59.624	0	0	
0	[SLPS]	0	419.286	13.043	0	59.710	0	0	
0	[SLPS]	0	419.542	13.191	0	59.801	0	0	
0	[SLPS]	0	419.802	13.326	0	59.897	0	0	
0	[SLPS]	0	420.054	13.473	0	60.002	0	0	
0	[SLPS]	0	420.054	13.473	0	60.002	0	0	
0	[SLPS]	0	420.564	13.762	0	60.233	0	0	
0	[SLPS]	0	420.564	13.762	0	60.233	0	0	
0	[SLPS]	0	420.823	13.896	0	60.361	0	0	
0	[SLPS]	0	421.080	14.032	0	60.510	0	0	
0	[SLPS]	0	421.080	14.032	0	60.510	0	0	
0	[SLPS]	0	421.585	14.315	0	60.848	0	0	
0	[SLPS]	0	421.585	14.315	0	60.848	0	0	
0	[SLPS]	0	421.834	14.461	0	61.046	0	0	
0	[SLPS]	0	422.090	14.604	0	61.280	0	0	
0	[SLPS]	0	422.090	14.604	0	61.280	0	0	
0	[SLPS]	0	422.590	14.876	0	61.815	0	0	
0	[SLPS]	0	422.590	14.876	0	61.815	0	0	
0	[SLPS]	0	422.840	15.014	0	62.136	0	0	
0	[SLPS]	0	423.089	15.145	0	62.489	0	0	
0	[SLPS]	0	423.089	15.145	0	62.489	0	0	
0	[SLPS]	0	423.589	15.399	0	63.260	0	0	
0	[SLPS]	0	423.589	15.399	0	63.260	0	0	
0	[SLPS]	0	424.096	15.641	0	64.120	0	0	
0	[SLPS]	0	424.096	15.641	0	64.120	0	0	
0	[SLPS]	0	424.352	15.763	0	64.604	0	0	
0	[SLPS]	0	424.607	15.862	0	65.102	0	0	
0	[SLPS]	0	424.607	15.862	0	65.102	0	0	
0	[SLPS]	0	425.119	16.073	0	66.192	0	0	
0	[SLPS]	0	425.119	16.073	0	66.192	0	0	
0	[SLPS]	0	425.372	16.177	0	66.777	0	0	
0	[SLPS]	0	425.626	16.259	0	67.381	0	0	
0	[SLPS]	0	425.626	16.259	0	67.381	0	0	
0	[SLPS]	0	426.143	16.439	0	68.648	0	0	
0	[SLPS]	0	426.143	16.439	0	68.648	0	0	
0	[SLPS]	0	426.400	16.524	0	69.309	0	0	
0	[SLPS]	0	426.654	16.604	0	69.997	0	0	
0	[SLPS]	0	426.654	16.604	0	69.997	0	0	
0	[SLPS]	0	427.159	16.749	0	71.433	0	0	
0	[SLPS]	0	427.159	16.749	0	71.433	0	0	
0	[SLPS]	0	427.668	16.891	0	72.930	0	0	
0	[SLPS]	0	427.668	16.891	0	72.930	0	0	
0	[SLPS]	0	427.917	16.940	0	73.708	0	0	
0	[SLPS]	0	428.173	16.998	0	74.517	0	0	
0	[SLPS]	0	428.173	16.998	0	74.517	0	0	
0	[SLPS]	0	428.438	17.055	0	75.356	0	0	
0	[SLPS]	0	428.697	17.101	0	76.214	0	0	
0	[SLPS]	0	428.955	17.151	0	77.080	0	0	
0	[SLPS]	0	429.213	17.198	0	77.955	0	0	
0	[SLPS]	0	429.213	17.198	0	77.955	0	0	
0	[SLPS]	0	429.469	17.238	0	78.832	0	0	
0	[SLPS]	0	429.727	17.270	0	79.718	0	0	
0	[SLPS]	0	429.988	17.303	0	80.614	0	0	
0	[SLPS]	0	430.248	17.331	0	81.508	0	0	
0	[SLPS]	0	430.248	17.331	0	81.508	0	0	
0	[SLPS]	0	430.759	17.370	0	83.322	0	0	
0	[SLPS]	0	430.759	17.370	0	83.322	0	0	
0	[SLPS]	0	431.014	17.385	0	84.236	0	0	
0	[SLPS]	0	431.266	17.397	0	85.144	0	0	
0	[SLPS]	0	431.266	17.397	0	85.144	0	0	
0	[SLPS]	0	431.769	17.402	0	86.944	0	0	
0	[SLPS]	0	431.769	17.402	0	86.944	0	0	
0	[SLPS]	0	432.019	17.395	0	87.844	0	0	
0	[SLPS]	0	432.272	17.388	0	88.747	0	0	
0	[SLPS]	0	432.272	17.388	0	88.747	0	0	
0	[SLPS]	0	432.757	17.374	0	90.561	0	0	
0	[SLPS]	0	432.757	17.374	0	90.561	0	0	
0	[SLPS]	0	433.008	17.362	0	91.456	0	0	
0	[SLPS]	0	433.255	17.344	0	92.347	0	0	
0	[SLPS]	0	433.255	17.344	0	92.347	0	0	
0	[SLPS]	0	433.746	17.288	0	94.134	0	0	
0	[SLPS]	0	433.746	17.288	0	94.134	0	0	
0	[SLPS]	0	433.992	17.252	0	95.027	0	0	
0	[SLPS]	0	434.238	17.210	0	95.917	0	0	
0	[SLPS]	0	434.238	17.210	0	95.917	0	0	
0	[SLPS]	0	434.721	17.125	0	97.695	0	0	
0	[SLPS]	0	434.721	17.125	0	97.695	0	0	
0	[SLPS]	0	434.966	17.073	0	98.586	0	0	
0	[SLPS]	0	435.210	17.018	0	99.475	0	0	
0	[SLPS]	0	435.210	17.018	0	99.475	0	0	
0	[SLPS]	0	435.695	16.908	0	101.242	0	0	
0	[SLPS]	0	435.695	16.908	0	101.242	0	0	
0	[SLPS]	0	435.936	16.843	0	102.132	0	0	
0	[SLPS]	0	436.178	16.776	0	103.032	0	0	
0	[SLPS]	0	436.178	16.776	0	103.032	0	0	
0	[SLPS]	0	436.650	16.627	0	104.879	0	0	
0	[SLPS]	0	436.650	16.627	0	104.879	0	0	
0	[SLPS]	0	436.881	16.547	0	105.826	0	0	
0	[SLPS]	0	437.112	16.463	0	106.770	0	0	
0	[SLPS]	0	437.343	16.378	0	107.709	0	0	
0	[SLPS]	0	437.571	16.291	0	108.640	0	0	
0	[SLPS]	0	437.571	16.291	0	108.640	0	0	
0	[SLPS]	0	437.799	16.197	0	109.568	0	0	
0	[SLPS]	0	438.025	16.101	0	110.498	0	0	
0	[SLPS]	0	438.250	16.007	0	111.423	0	0	
0	[SLPS]	0	438.473	15.898	0	112.340	0	0	
0	[SLPS]	0	438.473	15.898	0	112.340	0	0	
0	[SLPS]	0	438.917	15.676	0	114.192	0	0	
0	[SLPS]	0	438.917	15.676	0	114.192	0	0	
0	[SLPS]	0	439.137	15.562	0	115.144	0	0	
0	[SLPS]	0	439.352	15.435	0	116.104	0	0	
0	[SLPS]	0	439.352	15.435	0	116.104	0	0	
0	[SLPS]	0	439.791	15.176	0	118.014	0	0	
0	[SLPS]	0	439.791	15.176	0	118.014	0	0	
0	[SLPS]	0	440.007	15.045	0	118.967	0	0	
0	[SLPS]	0	440.221	14.906	0	119.923	0	0	
0	[SLPS]	0	440.221	14.906	0	119.923	0	0	
0	[SLPS]	0	440.654	14.610	0	121.846	0	0	
0	[SLPS]	0	440.654	14.610	0	121.846	0	0	
0	[SLPS]	0	440.864	14.459	0	122.819	0	0	
0	[SLPS]	0	441.075	14.298	0	123.807	0	0	
0	[SLPS]	0	441.075	14.298	0	123.807	0	0	
0	[SLPS]	0	441.504	13.960	0	125.796	0	0	
0	[SLPS]	0	441.504	13.960	0	125.796	0	0	
0	[SLPS]	0	441.918	13.606	0	127.766	0	0	
0	[SLPS]	0	441.918	13.606	0	127.766	0	0	
0	[SLPS]	0	442.133	13.419	0	128.753	0	0	
0	[SLPS]	0	442.343	13.227	0	129.700	0	0	
0	[SLPS]	0	442.343	13.227	0	129.700	0	0	
0	[SLPS]	0	442.547	13.031	0	130.639	0	0	
0	[SLPS]	0	442.749	12.833	0	131.568	0	0	
0	[SLPS]	0	442.749	12.833	0	131.568	0	0	
0	[SLPS]	0	443.143	12.417	0	133.375	0	0	
0	[SLPS]	0	443.143	12.417	0	133.375	0	0	
0	[SLPS]	0	443.340	12.206	0	134.248	0	0	
0	[SLPS]	0	443.528	12.002	0	135.094	0	0	
0	[SLPS]	0	443.717	11.781	0	135.920	0	0	
0	[SLPS]	0	443.908	11.562	0	136.732	0	0	
0	[SLPS]	0	443.908	11.562	0	136.732	0	0	
0	[SLPS]	0	444.283	11.110	0	138.296	0	0	
0	[SLPS]	0	444.283	11.110	0	138.296	0	0	
0	[SLPS]	0	444.463	10.877	0	139.054	0	0	
0	[SLPS]	0	444.638	10.642	0	139.791	0	0	
0	[SLPS]	0	444.638	10.642	0	139.791	0	0	
0	[SLPS]	0	445.007	10.174	0	141.160	0	0	
0	[SLPS]	0	445.007	10.174	0	141.160	0	0	
0	[SLPS]	0	445.183	9.929	0	141.792	0	0	
0	[SLPS]	0	445.357	9.679	0	142.378	0	0	
0	[SLPS]	0	445.357	9.679	0	142.378	0	0	
0	[SLPS]	0	445.714	9.181	0	143.437	0	0	
0	[SLPS]	0	445.714	9.181	0	143.437	0	0	
0	[SLPS]	0	445.887	8.926	0	143.895	0	0	
0	[SLPS]	0	446.071	8.662	0	144.310	0	0	
0	[SLPS]	0	446.071	8.662	0	144.310	0	0	
0	[SLPS]	0	446.426	8.137	0	144.996	0	0	
0	[SLPS]	0	446.426	8.137	0	144.996	0	0	
0	[SLPS]	0	446.602	7.866	0	145.274	0	0	
0	[SLPS]	0	446.781	7.594	0	145.511	0	0	
0	[SLPS]	0	446.956	7.325	0	145.709	0	0	
0	[SLPS]	0	447.136	7.047	0	145.869	0	0	
0	[SLPS]	0	447.136	7.047	0	145.869	0	0	
0	[SLPS]	0	447.499	6.493	0	146.119	0	0	
0	[SLPS]	0	447.499	6.493	0	146.119	0	0	
0	[SLPS]	0	447.686	6.224	0	146.239	0	0	
0	[SLPS]	0	447.870	5.947	0	146.346	0	0	
0	[SLPS]	0	447.870	5.947	0	146.346	0	0	
0	[SLPS]	0	448.259	5.374	0	146.536	0	0	
0	[SLPS]	0	448.259	5.374	0	146.536	0	0	
0	[SLPS]	0	448.445	5.085	0	146.606	0	0	
0	[SLPS]	0	448.637	4.791	0	146.653	0	0	
0	[SLPS]	0	448.637	4.791	0	146.653	0	0	
0	[SLPS]	0	449.016	4.193	0	146.704	0	0	
0	[SLPS]	0	449.016	4.193	0	146.704	0	0	
0	[SLPS]	0	449.211	3.899	0	146.684	0	0	
0	[SLPS]	0	449.405	3.589	0	146.667	0	0	
0	[SLPS]	0	449.405	3.589	0	146.667	0	0	
0	[SLPS]	0	449.801	2.989	0	146.556	0	0	
0	[SLPS]	0	449.801	2.989	0	146.556	0	0	
0	[SLPS]	0	449.992	2.673	0	146.510	0	0	
0	[SLPS]	0	450.199	2.364	0	146.458	0	0	
0	[SLPS]	0	450.199	2.364	0	146.458	0	0	
0	[SLPS]	0	450.603	1.759	0	146.382	0	0	
0	[SLPS]	0	450.603	1.759	0	146.382	0	0	
0	[SLPS]	0	450.807	1.448	0	146.339	0	0	
0	[SLPS]	0	451.034	1.140	0	146.272	0	0	
0	[SLPS]	0	451.034	1.140	0	146.272	0	0	
0	[SLPS]	0	451.465	0.511	0	146.158	0	0	
0	[SLPS]	0	451.465	0.511	0	146.158	0	0	
0	[SLPS]	0	451.679	0.195	0	146.143	0	0	
0	[SLPS]	0	451.883	-0.117	0	146.117	0	0	
0	[SLPS]	0	452.094	-0.442	0	146.093	0	0	
0	[SLPS]	0	452.317	-0.746	0	146.025	0	0	
0	[SLPS]	0	452.317	-0.746	0	146.025	0	0	
0	[SLPS]	0	452.528	-1.064	0	145.989	0	0	
0	[SLPS]	0	452.734	-1.380	0	145.954	0	0	
0	[SLPS]	0	452.964	-1.705	0	145.898	0	0	
0	[SLPS]	0	453.179	-2.027	0	145.865	0	0	
0	[SLPS]	0	453.179	-2.027	0	145.865	0	0	
0	[SLPS]	0	453.623	-2.688	0	145.791	0	0	
0	[SLPS]	0	453.623	-2.688	0	145.791	0	0	
0	[SLPS]	0	453.845	-3.017	0	145.796	0	0	
0	[SLPS]	0	454.081	-3.346	0	145.738	0	0	
0	[SLPS]	0	454.081	-3.346	0	145.738	0	0	
0	[SLPS]	0	454.544	-4.018	0	145.658	0	0	
0	[SLPS]	0	454.544	-4.018	0	145.658	0	0	
0	[SLPS]	0	454.784	-4.354	0	145.610	0	0	
0	[SLPS]	0	455.013	-4.695	0	145.590	0	0	
0	[SLPS]	0	455.013	-4.695	0	145.590	0	0	
0	[SLPS]	0	455.454	-5.377	0	145.549	0	0	
0	[SLPS]	0	455.454	-5.377	0	145.549	0	0	
0	[SLPS]	0	455.694	-5.720	0	145.498	0	0	
0	[SLPS]	0	455.924	-6.057	0	145.464	0	0	
0	[SLPS]	0	455.924	-6.057	0	145.464	0	0	
0	[SLPS]	0	456.379	-6.758	0	145.450	0	0	
0	[SLPS]	0	456.379	-6.758	0	145.450	0	0	
0	[SLPS]	0	456.611	-7.105	0	145.435	0	0	
0	[SLPS]	0	456.858	-7.453	0	145.398	0	0	
0	[SLPS]	0	456.858	-7.453	0	145.398	0	0	
0	[SLPS]	0	457.317	-8.152	0	145.355	0	0	
0	[SLPS]	0	457.317	-8.152	0	145.355	0	0	
0	[SLPS]	0	457.551	-8.509	0	145.356	0	0	
0	[SLPS]	0	457.792	-8.862	0	145.340	0	0	
0	[SLPS]	0	457.792	-8.862	0	145.340	0	0	
0	[SLPS]	0	458.274	-9.559	0	145.306	0	0	
0	[SLPS]	0	458.274	-9.559	0	145.306	0	0	
0	[SLPS]	0	458.523	-9.908	0	145.280	0	0	
0	[SLPS]	0	458.782	-10.268	0	145.259	0	0	
0	[SLPS]	0	458.782	-10.268	0	145.259	0	0	
0	[SLPS]	0	459.275	-10.973	0	145.227	0	0	
