0	[SLPS]	0	-41.654	-21.440	0	62.869	0	0	
0	[SLPS]	0	-41.654	-21.440	0	62.869	0	0	
0	[SLPS]	0	-41.594	-21.409	0	62.872	0	0	
0	[SLPS]	0	-41.594	-21.409	0	62.872	0	0	
0	[SLPS]	0	-41.563	-21.394	0	62.872	0	0	
0	[SLPS]	0	-41.533	-21.377	0	62.872	0	0	
0	[SLPS]	0	-41.533	-21.377	0	62.872	0	0	
0	[SLPS]	0	-41.467	-21.346	0	62.868	0	0	
0	[SLPS]	0	-41.467	-21.346	0	62.868	0	0	
0	[SLPS]	0	-41.432	-21.328	0	62.872	0	0	
0	[SLPS]	0	-41.395	-21.309	0	62.874	0	0	
0	[SLPS]	0	-41.395	-21.309	0	62.874	0	0	
0	[SLPS]	0	-41.318	-21.268	0	62.878	0	0	
0	[SLPS]	0	-41.318	-21.268	0	62.878	0	0	
0	[SLPS]	0	-41.274	-21.247	0	62.879	0	0	
0	[SLPS]	0	-41.227	-21.226	0	62.877	0	0	
0	[SLPS]	0	-41.227	-21.226	0	62.877	0	0	
0	[SLPS]	0	-41.133	-21.176	0	62.888	0	0	
0	[SLPS]	0	-41.133	-21.176	0	62.888	0	0	
0	[SLPS]	0	-41.083	-21.152	0	62.891	0	0	
0	[SLPS]	0	-41.033	-21.126	0	62.892	0	0	
0	[SLPS]	0	-41.033	-21.126	0	62.892	0	0	
0	[SLPS]	0	-40.925	-21.070	0	62.889	0	0	
0	[SLPS]	0	-40.925	-21.070	0	62.889	0	0	
0	[SLPS]	0	-40.870	-21.039	0	62.889	0	0	
0	[SLPS]	0	-40.808	-21.010	0	62.898	0	0	
0	[SLPS]	0	-40.808	-21.010	0	62.898	0	0	
0	[SLPS]	0	-40.686	-20.947	0	62.885	0	0	
0	[SLPS]	0	-40.686	-20.947	0	62.885	0	0	
0	[SLPS]	0	-40.622	-20.917	0	62.906	0	0	
0	[SLPS]	0	-40.553	-20.882	0	62.899	0	0	
0	[SLPS]	0	-40.553	-20.882	0	62.899	0	0	
0	[SLPS]	0	-40.421	-20.812	0	62.875	0	0	
0	[SLPS]	0	-40.421	-20.812	0	62.875	0	0	
0	[SLPS]	0	-40.267	-20.734	0	62.889	0	0	
0	[SLPS]	0	-40.267	-20.734	0	62.889	0	0	
0	[SLPS]	0	-40.190	-20.696	0	62.886	0	0	
0	[SLPS]	0	-40.109	-20.659	0	62.919	0	0	
0	[SLPS]	0	-40.109	-20.659	0	62.919	0	0	
0	[SLPS]	0	-39.951	-20.576	0	62.879	0	0	
0	[SLPS]	0	-39.951	-20.576	0	62.879	0	0	
0	[SLPS]	0	-39.865	-20.529	0	62.856	0	0	
0	[SLPS]	0	-39.772	-20.486	0	62.897	0	0	
0	[SLPS]	0	-39.772	-20.486	0	62.897	0	0	
0	[SLPS]	0	-39.586	-20.389	0	62.896	0	0	
0	[SLPS]	0	-39.586	-20.389	0	62.896	0	0	
0	[SLPS]	0	-39.491	-20.341	0	62.886	0	0	
0	[SLPS]	0	-39.395	-20.294	0	62.896	0	0	
0	[SLPS]	0	-39.395	-20.294	0	62.896	0	0	
0	[SLPS]	0	-39.191	-20.194	0	62.911	0	0	
0	[SLPS]	0	-39.191	-20.194	0	62.911	0	0	
0	[SLPS]	0	-39.086	-20.142	0	62.899	0	0	
0	[SLPS]	0	-38.978	-20.088	0	62.897	0	0	
0	[SLPS]	0	-38.978	-20.088	0	62.897	0	0	
0	[SLPS]	0	-38.758	-19.976	0	62.884	0	0	
0	[SLPS]	0	-38.758	-19.976	0	62.884	0	0	
0	[SLPS]	0	-38.644	-19.919	0	62.882	0	0	
0	[SLPS]	0	-38.529	-19.859	0	62.880	0	0	
0	[SLPS]	0	-38.529	-19.859	0	62.880	0	0	
0	[SLPS]	0	-38.291	-19.733	0	62.825	0	0	
0	[SLPS]	0	-38.291	-19.733	0	62.825	0	0	
0	[SLPS]	0	-38.169	-19.671	0	62.814	0	0	
0	[SLPS]	0	-38.046	-19.605	0	62.802	0	0	
0	[SLPS]	0	-38.046	-19.605	0	62.802	0	0	
0	[SLPS]	0	-37.788	-19.468	0	62.768	0	0	
0	[SLPS]	0	-37.788	-19.468	0	62.768	0	0	
0	[SLPS]	0	-37.656	-19.400	0	62.752	0	0	
0	[SLPS]	0	-37.520	-19.339	0	62.812	0	0	
0	[SLPS]	0	-37.520	-19.339	0	62.812	0	0	
0	[SLPS]	0	-37.244	-19.198	0	62.808	0	0	
0	[SLPS]	0	-37.244	-19.198	0	62.808	0	0	
0	[SLPS]	0	-37.104	-19.127	0	62.794	0	0	
0	[SLPS]	0	-36.965	-19.048	0	62.707	0	0	
0	[SLPS]	0	-36.819	-18.974	0	62.700	0	0	
0	[SLPS]	0	-36.667	-18.899	0	62.713	0	0	
0	[SLPS]	0	-36.667	-18.899	0	62.713	0	0	
0	[SLPS]	0	-36.365	-18.744	0	62.667	0	0	
0	[SLPS]	0	-36.365	-18.744	0	62.667	0	0	
0	[SLPS]	0	-36.365	-18.744	0	62.667	0	0	
0	[SLPS]	0	-36.052	-18.583	0	62.583	0	0	
0	[SLPS]	0	-36.052	-18.583	0	62.583	0	0	
0	[SLPS]	0	-35.892	-18.501	0	62.540	0	0	
0	[SLPS]	0	-35.735	-18.414	0	62.480	0	0	
0	[SLPS]	0	-35.735	-18.414	0	62.480	0	0	
0	[SLPS]	0	-35.397	-18.235	0	62.449	0	0	
0	[SLPS]	0	-35.397	-18.235	0	62.449	0	0	
0	[SLPS]	0	-35.061	-18.054	0	62.449	0	0	
0	[SLPS]	0	-35.061	-18.054	0	62.449	0	0	
0	[SLPS]	0	-34.885	-17.963	0	62.477	0	0	
0	[SLPS]	0	-34.704	-17.871	0	62.517	0	0	
0	[SLPS]	0	-34.704	-17.871	0	62.517	0	0	
0	[SLPS]	0	-34.350	-17.683	0	62.516	0	0	
0	[SLPS]	0	-34.350	-17.683	0	62.516	0	0	
0	[SLPS]	0	-34.165	-17.592	0	62.577	0	0	
0	[SLPS]	0	-33.982	-17.501	0	62.626	0	0	
0	[SLPS]	0	-33.982	-17.501	0	62.626	0	0	
0	[SLPS]	0	-33.612	-17.311	0	62.647	0	0	
0	[SLPS]	0	-33.612	-17.311	0	62.647	0	0	
0	[SLPS]	0	-33.423	-17.213	0	62.640	0	0	
0	[SLPS]	0	-33.230	-17.119	0	62.691	0	0	
0	[SLPS]	0	-33.230	-17.119	0	62.691	0	0	
0	[SLPS]	0	-32.852	-16.919	0	62.652	0	0	
0	[SLPS]	0	-32.852	-16.919	0	62.652	0	0	
0	[SLPS]	0	-32.655	-16.819	0	62.686	0	0	
0	[SLPS]	0	-32.457	-16.717	0	62.690	0	0	
0	[SLPS]	0	-32.457	-16.717	0	62.690	0	0	
0	[SLPS]	0	-32.059	-16.515	0	62.745	0	0	
0	[SLPS]	0	-32.059	-16.515	0	62.745	0	0	
0	[SLPS]	0	-31.855	-16.408	0	62.735	0	0	
0	[SLPS]	0	-31.649	-16.304	0	62.753	0	0	
0	[SLPS]	0	-31.649	-16.304	0	62.753	0	0	
0	[SLPS]	0	-31.229	-16.086	0	62.767	0	0	
0	[SLPS]	0	-31.229	-16.086	0	62.767	0	0	
0	[SLPS]	0	-30.803	-15.869	0	62.796	0	0	
0	[SLPS]	0	-30.803	-15.869	0	62.796	0	0	
0	[SLPS]	0	-30.590	-15.760	0	62.805	0	0	
0	[SLPS]	0	-30.378	-15.650	0	62.824	0	0	
0	[SLPS]	0	-30.378	-15.650	0	62.824	0	0	
0	[SLPS]	0	-29.950	-15.428	0	62.850	0	0	
0	[SLPS]	0	-29.950	-15.428	0	62.850	0	0	
0	[SLPS]	0	-29.733	-15.317	0	62.862	0	0	
0	[SLPS]	0	-29.521	-15.203	0	62.854	0	0	
0	[SLPS]	0	-29.521	-15.203	0	62.854	0	0	
0	[SLPS]	0	-29.090	-14.978	0	62.857	0	0	
0	[SLPS]	0	-29.090	-14.978	0	62.857	0	0	
0	[SLPS]	0	-28.872	-14.865	0	62.858	0	0	
0	[SLPS]	0	-28.660	-14.754	0	62.841	0	0	
0	[SLPS]	0	-28.660	-14.754	0	62.841	0	0	
0	[SLPS]	0	-28.224	-14.539	0	62.889	0	0	
0	[SLPS]	0	-28.224	-14.539	0	62.889	0	0	
0	[SLPS]	0	-28.005	-14.427	0	62.893	0	0	
0	[SLPS]	0	-27.791	-14.322	0	62.909	0	0	
0	[SLPS]	0	-27.791	-14.322	0	62.909	0	0	
0	[SLPS]	0	-27.352	-14.095	0	62.873	0	0	
0	[SLPS]	0	-27.352	-14.095	0	62.873	0	0	
0	[SLPS]	0	-27.130	-13.982	0	62.854	0	0	
0	[SLPS]	0	-26.912	-13.861	0	62.810	0	0	
0	[SLPS]	0	-26.912	-13.861	0	62.810	0	0	
0	[SLPS]	0	-26.450	-13.628	0	62.821	0	0	
0	[SLPS]	0	-26.450	-13.628	0	62.821	0	0	
0	[SLPS]	0	-26.222	-13.511	0	62.802	0	0	
0	[SLPS]	0	-25.990	-13.392	0	62.781	0	0	
0	[SLPS]	0	-25.990	-13.392	0	62.781	0	0	
0	[SLPS]	0	-25.525	-13.159	0	62.756	0	0	
0	[SLPS]	0	-25.525	-13.159	0	62.756	0	0	
0	[SLPS]	0	-25.292	-13.040	0	62.729	0	0	
0	[SLPS]	0	-25.058	-12.909	0	62.661	0	0	
0	[SLPS]	0	-25.058	-12.909	0	62.661	0	0	
0	[SLPS]	0	-24.580	-12.653	0	62.590	0	0	
0	[SLPS]	0	-24.580	-12.653	0	62.590	0	0	
0	[SLPS]	0	-24.339	-12.527	0	62.576	0	0	
0	[SLPS]	0	-24.094	-12.405	0	62.600	0	0	
0	[SLPS]	0	-24.094	-12.405	0	62.600	0	0	
0	[SLPS]	0	-23.598	-12.148	0	62.620	0	0	
0	[SLPS]	0	-23.598	-12.148	0	62.620	0	0	
0	[SLPS]	0	-23.349	-12.020	0	62.624	0	0	
0	[SLPS]	0	-23.095	-11.885	0	62.609	0	0	
0	[SLPS]	0	-23.095	-11.885	0	62.609	0	0	
0	[SLPS]	0	-22.577	-11.617	0	62.609	0	0	
0	[SLPS]	0	-22.577	-11.617	0	62.609	0	0	
0	[SLPS]	0	-22.319	-11.483	0	62.616	0	0	
0	[SLPS]	0	-22.056	-11.347	0	62.624	0	0	
0	[SLPS]	0	-22.056	-11.347	0	62.624	0	0	
0	[SLPS]	0	-21.522	-11.073	0	62.655	0	0	
0	[SLPS]	0	-21.522	-11.073	0	62.655	0	0	
0	[SLPS]	0	-21.254	-10.935	0	62.661	0	0	
0	[SLPS]	0	-20.988	-10.794	0	62.657	0	0	
0	[SLPS]	0	-20.712	-10.652	0	62.672	0	0	
0	[SLPS]	0	-20.438	-10.509	0	62.680	0	0	
0	[SLPS]	0	-20.438	-10.509	0	62.680	0	0	
0	[SLPS]	0	-19.887	-10.223	0	62.692	0	0	
0	[SLPS]	0	-19.887	-10.223	0	62.692	0	0	
0	[SLPS]	0	-19.606	-10.079	0	62.710	0	0	
0	[SLPS]	0	-19.322	-9.936	0	62.730	0	0	
0	[SLPS]	0	-19.322	-9.936	0	62.730	0	0	
0	[SLPS]	0	-18.762	-9.643	0	62.736	0	0	
0	[SLPS]	0	-18.762	-9.643	0	62.736	0	0	
0	[SLPS]	0	-18.474	-9.493	0	62.739	0	0	
0	[SLPS]	0	-18.183	-9.346	0	62.757	0	0	
0	[SLPS]	0	-18.183	-9.346	0	62.757	0	0	
0	[SLPS]	0	-17.608	-9.048	0	62.767	0	0	
0	[SLPS]	0	-17.608	-9.048	0	62.767	0	0	
0	[SLPS]	0	-17.317	-8.895	0	62.768	0	0	
0	[SLPS]	0	-17.019	-8.744	0	62.803	0	0	
0	[SLPS]	0	-17.019	-8.744	0	62.803	0	0	
0	[SLPS]	0	-16.428	-8.445	0	62.864	0	0	
0	[SLPS]	0	-16.428	-8.445	0	62.864	0	0	
0	[SLPS]	0	-16.126	-8.292	0	62.881	0	0	
0	[SLPS]	0	-15.832	-8.133	0	62.865	0	0	
0	[SLPS]	0	-15.832	-8.133	0	62.865	0	0	
0	[SLPS]	0	-15.224	-7.821	0	62.893	0	0	
0	[SLPS]	0	-15.224	-7.821	0	62.893	0	0	
0	[SLPS]	0	-14.913	-7.666	0	62.916	0	0	
0	[SLPS]	0	-14.603	-7.511	0	62.938	0	0	
0	[SLPS]	0	-14.603	-7.511	0	62.938	0	0	
0	[SLPS]	0	-13.983	-7.194	0	62.957	0	0	
0	[SLPS]	0	-13.983	-7.194	0	62.957	0	0	
0	[SLPS]	0	-13.669	-7.032	0	62.971	0	0	
0	[SLPS]	0	-13.342	-6.870	0	63.008	0	0	
0	[SLPS]	0	-13.025	-6.709	0	63.027	0	0	
0	[SLPS]	0	-12.713	-6.549	0	63.040	0	0	
0	[SLPS]	0	-12.713	-6.549	0	63.040	0	0	
0	[SLPS]	0	-12.073	-6.216	0	63.046	0	0	
0	[SLPS]	0	-12.073	-6.216	0	63.046	0	0	
0	[SLPS]	0	-11.752	-6.053	0	63.053	0	0	
0	[SLPS]	0	-11.436	-5.894	0	63.078	0	0	
0	[SLPS]	0	-11.436	-5.894	0	63.078	0	0	
0	[SLPS]	0	-10.786	-5.566	0	63.122	0	0	
0	[SLPS]	0	-10.786	-5.566	0	63.122	0	0	
0	[SLPS]	0	-10.461	-5.402	0	63.148	0	0	
0	[SLPS]	0	-10.142	-5.242	0	63.167	0	0	
0	[SLPS]	0	-10.142	-5.242	0	63.167	0	0	
0	[SLPS]	0	-9.488	-4.907	0	63.180	0	0	
0	[SLPS]	0	-9.488	-4.907	0	63.180	0	0	
0	[SLPS]	0	-9.160	-4.741	0	63.176	0	0	
0	[SLPS]	0	-8.835	-4.564	0	63.138	0	0	
0	[SLPS]	0	-8.835	-4.564	0	63.138	0	0	
0	[SLPS]	0	-8.173	-4.224	0	63.111	0	0	
0	[SLPS]	0	-8.173	-4.224	0	63.111	0	0	
0	[SLPS]	0	-7.843	-4.054	0	63.105	0	0	
0	[SLPS]	0	-7.514	-3.884	0	63.100	0	0	
0	[SLPS]	0	-7.514	-3.884	0	63.100	0	0	
0	[SLPS]	0	-6.851	-3.544	0	63.096	0	0	
0	[SLPS]	0	-6.851	-3.544	0	63.096	0	0	
0	[SLPS]	0	-6.519	-3.374	0	63.087	0	0	
0	[SLPS]	0	-6.186	-3.207	0	63.080	0	0	
0	[SLPS]	0	-6.186	-3.207	0	63.080	0	0	
0	[SLPS]	0	-5.517	-2.867	0	63.062	0	0	
0	[SLPS]	0	-5.517	-2.867	0	63.062	0	0	
0	[SLPS]	0	-5.182	-2.696	0	63.051	0	0	
0	[SLPS]	0	-4.855	-2.531	0	63.039	0	0	
0	[SLPS]	0	-4.855	-2.531	0	63.039	0	0	
0	[SLPS]	0	-4.179	-2.187	0	63.027	0	0	
0	[SLPS]	0	-4.179	-2.187	0	63.027	0	0	
0	[SLPS]	0	-3.843	-2.015	0	63.018	0	0	
0	[SLPS]	0	-3.506	-1.844	0	63.011	0	0	
0	[SLPS]	0	-3.506	-1.844	0	63.011	0	0	
0	[SLPS]	0	-2.829	-1.497	0	62.989	0	0	
0	[SLPS]	0	-2.829	-1.497	0	62.989	0	0	
0	[SLPS]	0	-2.490	-1.324	0	62.979	0	0	
0	[SLPS]	0	-2.146	-1.148	0	62.981	0	0	
0	[SLPS]	0	-1.795	-0.967	0	62.989	0	0	
0	[SLPS]	0	-1.453	-0.787	0	63.001	0	0	
0	[SLPS]	0	-1.453	-0.787	0	63.001	0	0	
0	[SLPS]	0	-0.772	-0.438	0	63.035	0	0	
0	[SLPS]	0	-0.772	-0.438	0	63.035	0	0	
0	[SLPS]	0	-0.425	-0.262	0	63.042	0	0	
0	[SLPS]	0	-0.078	-0.085	0	63.050	0	0	
0	[SLPS]	0	-0.078	-0.085	0	63.050	0	0	
0	[SLPS]	0	0.613	0.264	0	63.067	0	0	
0	[SLPS]	0	0.613	0.264	0	63.067	0	0	
0	[SLPS]	0	0.960	0.439	0	63.085	0	0	
0	[SLPS]	0	1.310	0.616	0	63.099	0	0	
0	[SLPS]	0	1.310	0.616	0	63.099	0	0	
0	[SLPS]	0	2.003	0.973	0	63.104	0	0	
0	[SLPS]	0	2.003	0.973	0	63.104	0	0	
0	[SLPS]	0	2.357	1.150	0	63.115	0	0	
0	[SLPS]	0	2.708	1.328	0	63.116	0	0	
0	[SLPS]	0	2.708	1.328	0	63.116	0	0	
0	[SLPS]	0	3.407	1.688	0	63.134	0	0	
0	[SLPS]	0	3.407	1.688	0	63.134	0	0	
0	[SLPS]	0	3.761	1.870	0	63.145	0	0	
0	[SLPS]	0	4.115	2.051	0	63.144	0	0	
0	[SLPS]	0	4.115	2.051	0	63.144	0	0	
0	[SLPS]	0	4.818	2.409	0	63.155	0	0	
0	[SLPS]	0	4.818	2.409	0	63.155	0	0	
0	[SLPS]	0	5.178	2.593	0	63.158	0	0	
0	[SLPS]	0	5.535	2.775	0	63.165	0	0	
0	[SLPS]	0	5.535	2.775	0	63.165	0	0	
0	[SLPS]	0	6.247	3.135	0	63.182	0	0	
0	[SLPS]	0	6.247	3.135	0	63.182	0	0	
0	[SLPS]	0	6.608	3.318	0	63.186	0	0	
0	[SLPS]	0	6.969	3.500	0	63.195	0	0	
0	[SLPS]	0	7.329	3.683	0	63.199	0	0	
0	[SLPS]	0	7.691	3.863	0	63.213	0	0	
0	[SLPS]	0	7.691	3.863	0	63.213	0	0	
0	[SLPS]	0	8.416	4.232	0	63.222	0	0	
0	[SLPS]	0	8.416	4.232	0	63.222	0	0	
0	[SLPS]	0	8.778	4.416	0	63.224	0	0	
0	[SLPS]	0	9.140	4.597	0	63.231	0	0	
0	[SLPS]	0	9.140	4.597	0	63.231	0	0	
0	[SLPS]	0	9.872	4.968	0	63.238	0	0	
0	[SLPS]	0	9.872	4.968	0	63.238	0	0	
0	[SLPS]	0	10.238	5.152	0	63.240	0	0	
0	[SLPS]	0	10.603	5.337	0	63.242	0	0	
0	[SLPS]	0	10.603	5.337	0	63.242	0	0	
0	[SLPS]	0	11.339	5.717	0	63.221	0	0	
0	[SLPS]	0	11.339	5.717	0	63.221	0	0	
0	[SLPS]	0	11.705	5.902	0	63.217	0	0	
0	[SLPS]	0	12.076	6.090	0	63.217	0	0	
0	[SLPS]	0	12.076	6.090	0	63.217	0	0	
0	[SLPS]	0	12.822	6.461	0	63.231	0	0	
0	[SLPS]	0	12.822	6.461	0	63.231	0	0	
0	[SLPS]	0	13.192	6.649	0	63.236	0	0	
0	[SLPS]	0	13.554	6.836	0	63.227	0	0	
0	[SLPS]	0	13.554	6.836	0	63.227	0	0	
0	[SLPS]	0	14.302	7.218	0	63.210	0	0	
0	[SLPS]	0	14.302	7.218	0	63.210	0	0	
0	[SLPS]	0	14.674	7.407	0	63.195	0	0	
0	[SLPS]	0	15.041	7.595	0	63.182	0	0	
0	[SLPS]	0	15.041	7.595	0	63.182	0	0	
0	[SLPS]	0	15.796	7.975	0	63.191	0	0	
0	[SLPS]	0	15.796	7.975	0	63.191	0	0	
0	[SLPS]	0	16.171	8.165	0	63.193	0	0	
0	[SLPS]	0	16.543	8.359	0	63.185	0	0	
0	[SLPS]	0	16.921	8.554	0	63.179	0	0	
0	[SLPS]	0	17.303	8.745	0	63.181	0	0	
0	[SLPS]	0	17.303	8.745	0	63.181	0	0	
0	[SLPS]	0	17.681	8.937	0	63.175	0	0	
0	[SLPS]	0	18.066	9.129	0	63.179	0	0	
0	[SLPS]	0	18.450	9.320	0	63.188	0	0	
0	[SLPS]	0	18.837	9.515	0	63.197	0	0	
0	[SLPS]	0	18.837	9.515	0	63.197	0	0	
0	[SLPS]	0	19.603	9.905	0	63.191	0	0	
0	[SLPS]	0	19.603	9.905	0	63.191	0	0	
0	[SLPS]	0	19.988	10.097	0	63.188	0	0	
0	[SLPS]	0	20.373	10.296	0	63.185	0	0	
0	[SLPS]	0	20.373	10.296	0	63.185	0	0	
0	[SLPS]	0	21.141	10.689	0	63.189	0	0	
0	[SLPS]	0	21.141	10.689	0	63.189	0	0	
0	[SLPS]	0	21.527	10.886	0	63.191	0	0	
0	[SLPS]	0	21.918	11.085	0	63.193	0	0	
0	[SLPS]	0	21.918	11.085	0	63.193	0	0	
0	[SLPS]	0	22.690	11.477	0	63.212	0	0	
0	[SLPS]	0	22.690	11.477	0	63.212	0	0	
0	[SLPS]	0	23.080	11.676	0	63.218	0	0	
0	[SLPS]	0	23.465	11.872	0	63.224	0	0	
0	[SLPS]	0	23.465	11.872	0	63.224	0	0	
0	[SLPS]	0	24.244	12.265	0	63.235	0	0	
0	[SLPS]	0	24.244	12.265	0	63.235	0	0	
0	[SLPS]	0	24.631	12.464	0	63.240	0	0	
0	[SLPS]	0	25.019	12.659	0	63.247	0	0	
0	[SLPS]	0	25.019	12.659	0	63.247	0	0	
0	[SLPS]	0	25.787	13.048	0	63.240	0	0	
0	[SLPS]	0	25.787	13.048	0	63.240	0	0	
0	[SLPS]	0	26.177	13.240	0	63.238	0	0	
0	[SLPS]	0	26.562	13.437	0	63.222	0	0	
0	[SLPS]	0	26.949	13.633	0	63.209	0	0	
0	[SLPS]	0	27.337	13.828	0	63.200	0	0	
0	[SLPS]	0	27.337	13.828	0	63.200	0	0	
0	[SLPS]	0	27.725	14.026	0	63.192	0	0	
0	[SLPS]	0	28.115	14.228	0	63.175	0	0	
0	[SLPS]	0	28.502	14.425	0	63.150	0	0	
0	[SLPS]	0	28.886	14.626	0	63.136	0	0	
0	[SLPS]	0	28.886	14.626	0	63.136	0	0	
0	[SLPS]	0	29.663	15.021	0	63.125	0	0	
0	[SLPS]	0	29.663	15.021	0	63.125	0	0	
0	[SLPS]	0	30.049	15.219	0	63.121	0	0	
0	[SLPS]	0	30.433	15.415	0	63.107	0	0	
0	[SLPS]	0	30.433	15.415	0	63.107	0	0	
0	[SLPS]	0	31.204	15.811	0	63.075	0	0	
0	[SLPS]	0	31.204	15.811	0	63.075	0	0	
0	[SLPS]	0	31.589	16.009	0	63.066	0	0	
0	[SLPS]	0	31.970	16.199	0	63.063	0	0	
0	[SLPS]	0	31.970	16.199	0	63.063	0	0	
0	[SLPS]	0	32.746	16.592	0	63.041	0	0	
0	[SLPS]	0	32.746	16.592	0	63.041	0	0	
0	[SLPS]	0	33.131	16.789	0	63.030	0	0	
0	[SLPS]	0	33.517	16.983	0	63.023	0	0	
0	[SLPS]	0	33.517	16.983	0	63.023	0	0	
0	[SLPS]	0	34.292	17.381	0	63.023	0	0	
0	[SLPS]	0	34.292	17.381	0	63.023	0	0	
0	[SLPS]	0	34.679	17.579	0	63.029	0	0	
0	[SLPS]	0	35.067	17.778	0	63.030	0	0	
0	[SLPS]	0	35.457	17.979	0	63.036	0	0	
0	[SLPS]	0	35.847	18.176	0	63.044	0	0	
0	[SLPS]	0	35.847	18.176	0	63.044	0	0	
0	[SLPS]	0	36.621	18.570	0	63.058	0	0	
0	[SLPS]	0	36.621	18.570	0	63.058	0	0	
0	[SLPS]	0	37.012	18.767	0	63.064	0	0	
0	[SLPS]	0	37.400	18.965	0	63.066	0	0	
0	[SLPS]	0	37.400	18.965	0	63.066	0	0	
0	[SLPS]	0	37.796	19.167	0	63.066	0	0	
0	[SLPS]	0	38.182	19.365	0	63.064	0	0	
0	[SLPS]	0	38.572	19.566	0	63.062	0	0	
0	[SLPS]	0	38.964	19.765	0	63.068	0	0	
0	[SLPS]	0	38.964	19.765	0	63.068	0	0	
0	[SLPS]	0	39.736	20.162	0	63.077	0	0	
0	[SLPS]	0	39.736	20.162	0	63.077	0	0	
0	[SLPS]	0	40.124	20.361	0	63.080	0	0	
0	[SLPS]	0	40.514	20.560	0	63.083	0	0	
0	[SLPS]	0	40.514	20.560	0	63.083	0	0	
0	[SLPS]	0	41.287	20.954	0	63.098	0	0	
0	[SLPS]	0	41.287	20.954	0	63.098	0	0	
0	[SLPS]	0	41.681	21.154	0	63.108	0	0	
0	[SLPS]	0	42.075	21.352	0	63.120	0	0	
0	[SLPS]	0	42.075	21.352	0	63.120	0	0	
0	[SLPS]	0	42.856	21.751	0	63.140	0	0	
0	[SLPS]	0	42.856	21.751	0	63.140	0	0	
0	[SLPS]	0	43.247	21.953	0	63.149	0	0	
0	[SLPS]	0	43.641	22.155	0	63.159	0	0	
0	[SLPS]	0	43.641	22.155	0	63.159	0	0	
0	[SLPS]	0	44.419	22.549	0	63.207	0	0	
0	[SLPS]	0	44.419	22.549	0	63.207	0	0	
0	[SLPS]	0	44.809	22.751	0	63.229	0	0	
0	[SLPS]	0	45.201	22.949	0	63.251	0	0	
0	[SLPS]	0	45.201	22.949	0	63.251	0	0	
0	[SLPS]	0	45.978	23.339	0	63.276	0	0	
0	[SLPS]	0	45.978	23.339	0	63.276	0	0	
0	[SLPS]	0	46.368	23.535	0	63.288	0	0	
0	[SLPS]	0	46.762	23.732	0	63.306	0	0	
0	[SLPS]	0	46.762	23.732	0	63.306	0	0	
0	[SLPS]	0	47.537	24.125	0	63.344	0	0	
0	[SLPS]	0	47.537	24.125	0	63.344	0	0	
0	[SLPS]	0	47.930	24.321	0	63.368	0	0	
0	[SLPS]	0	48.322	24.517	0	63.384	0	0	
0	[SLPS]	0	48.713	24.713	0	63.397	0	0	
0	[SLPS]	0	49.102	24.906	0	63.405	0	0	
0	[SLPS]	0	49.102	24.906	0	63.405	0	0	
0	[SLPS]	0	49.891	25.299	0	63.406	0	0	
0	[SLPS]	0	49.891	25.299	0	63.406	0	0	
0	[SLPS]	0	50.283	25.495	0	63.396	0	0	
0	[SLPS]	0	50.676	25.692	0	63.384	0	0	
0	[SLPS]	0	50.676	25.692	0	63.384	0	0	
0	[SLPS]	0	51.069	25.891	0	63.359	0	0	
0	[SLPS]	0	51.471	26.096	0	63.330	0	0	
0	[SLPS]	0	51.471	26.096	0	63.330	0	0	
0	[SLPS]	0	52.250	26.496	0	63.269	0	0	
0	[SLPS]	0	52.250	26.496	0	63.269	0	0	
0	[SLPS]	0	52.645	26.693	0	63.237	0	0	
0	[SLPS]	0	53.039	26.894	0	63.198	0	0	
0	[SLPS]	0	53.427	27.098	0	63.152	0	0	
0	[SLPS]	0	53.821	27.301	0	63.101	0	0	
0	[SLPS]	0	53.821	27.301	0	63.101	0	0	
0	[SLPS]	0	54.212	27.502	0	63.047	0	0	
0	[SLPS]	0	54.603	27.704	0	62.997	0	0	
0	[SLPS]	0	54.993	27.907	0	62.951	0	0	
0	[SLPS]	0	55.388	28.108	0	62.923	0	0	
0	[SLPS]	0	55.388	28.108	0	62.923	0	0	
0	[SLPS]	0	56.173	28.514	0	62.865	0	0	
0	[SLPS]	0	56.173	28.514	0	62.865	0	0	
0	[SLPS]	0	56.565	28.718	0	62.843	0	0	
0	[SLPS]	0	56.951	28.918	0	62.828	0	0	
0	[SLPS]	0	56.951	28.918	0	62.828	0	0	
0	[SLPS]	0	57.736	29.328	0	62.842	0	0	
0	[SLPS]	0	57.736	29.328	0	62.842	0	0	
0	[SLPS]	0	58.127	29.532	0	62.852	0	0	
0	[SLPS]	0	58.514	29.734	0	62.854	0	0	
0	[SLPS]	0	58.514	29.734	0	62.854	0	0	
0	[SLPS]	0	59.306	30.136	0	62.857	0	0	
0	[SLPS]	0	59.306	30.136	0	62.857	0	0	
0	[SLPS]	0	59.698	30.339	0	62.865	0	0	
0	[SLPS]	0	60.090	30.537	0	62.873	0	0	
0	[SLPS]	0	60.090	30.537	0	62.873	0	0	
0	[SLPS]	0	60.880	30.942	0	62.876	0	0	
0	[SLPS]	0	60.880	30.942	0	62.876	0	0	
0	[SLPS]	0	61.273	31.145	0	62.878	0	0	
0	[SLPS]	0	61.664	31.345	0	62.880	0	0	
0	[SLPS]	0	61.664	31.345	0	62.880	0	0	
0	[SLPS]	0	62.452	31.749	0	62.887	0	0	
0	[SLPS]	0	62.452	31.749	0	62.887	0	0	
0	[SLPS]	0	62.844	31.950	0	62.895	0	0	
0	[SLPS]	0	63.230	32.147	0	62.900	0	0	
0	[SLPS]	0	63.230	32.147	0	62.900	0	0	
0	[SLPS]	0	64.007	32.547	0	62.904	0	0	
0	[SLPS]	0	64.007	32.547	0	62.904	0	0	
0	[SLPS]	0	64.395	32.746	0	62.896	0	0	
0	[SLPS]	0	64.772	32.939	0	62.893	0	0	
0	[SLPS]	0	64.772	32.939	0	62.893	0	0	
0	[SLPS]	0	65.548	33.339	0	62.898	0	0	
0	[SLPS]	0	65.548	33.339	0	62.898	0	0	
0	[SLPS]	0	65.928	33.536	0	62.901	0	0	
0	[SLPS]	0	66.312	33.732	0	62.905	0	0	
0	[SLPS]	0	66.694	33.930	0	62.905	0	0	
0	[SLPS]	0	67.078	34.126	0	62.913	0	0	
0	[SLPS]	0	67.078	34.126	0	62.913	0	0	
0	[SLPS]	0	67.458	34.322	0	62.917	0	0	
0	[SLPS]	0	67.834	34.518	0	62.913	0	0	
0	[SLPS]	0	68.218	34.713	0	62.913	0	0	
0	[SLPS]	0	68.600	34.910	0	62.916	0	0	
0	[SLPS]	0	68.600	34.910	0	62.916	0	0	
0	[SLPS]	0	69.361	35.302	0	62.934	0	0	
0	[SLPS]	0	69.361	35.302	0	62.934	0	0	
0	[SLPS]	0	69.746	35.497	0	62.940	0	0	
0	[SLPS]	0	70.128	35.693	0	62.942	0	0	
0	[SLPS]	0	70.128	35.693	0	62.942	0	0	
0	[SLPS]	0	70.882	36.082	0	62.952	0	0	
0	[SLPS]	0	70.882	36.082	0	62.952	0	0	
0	[SLPS]	0	71.261	36.272	0	62.949	0	0	
0	[SLPS]	0	71.637	36.466	0	62.956	0	0	
0	[SLPS]	0	71.637	36.466	0	62.956	0	0	
0	[SLPS]	0	72.390	36.854	0	62.950	0	0	
0	[SLPS]	0	72.390	36.854	0	62.950	0	0	
0	[SLPS]	0	72.768	37.045	0	62.954	0	0	
0	[SLPS]	0	73.142	37.239	0	62.949	0	0	
0	[SLPS]	0	73.142	37.239	0	62.949	0	0	
0	[SLPS]	0	73.895	37.624	0	62.964	0	0	
0	[SLPS]	0	73.895	37.624	0	62.964	0	0	
0	[SLPS]	0	74.273	37.816	0	62.977	0	0	
0	[SLPS]	0	74.647	38.009	0	62.979	0	0	
0	[SLPS]	0	74.647	38.009	0	62.979	0	0	
0	[SLPS]	0	75.385	38.388	0	62.976	0	0	
0	[SLPS]	0	75.385	38.388	0	62.976	0	0	
0	[SLPS]	0	75.756	38.578	0	62.975	0	0	
0	[SLPS]	0	76.131	38.768	0	62.981	0	0	
0	[SLPS]	0	76.131	38.768	0	62.981	0	0	
0	[SLPS]	0	76.873	39.148	0	62.989	0	0	
0	[SLPS]	0	76.873	39.148	0	62.989	0	0	
0	[SLPS]	0	77.244	39.338	0	62.992	0	0	
0	[SLPS]	0	77.615	39.526	0	62.999	0	0	
0	[SLPS]	0	77.615	39.526	0	62.999	0	0	
0	[SLPS]	0	78.360	39.909	0	63.000	0	0	
0	[SLPS]	0	78.360	39.909	0	63.000	0	0	
0	[SLPS]	0	78.732	40.098	0	63.006	0	0	
0	[SLPS]	0	79.101	40.287	0	63.010	0	0	
0	[SLPS]	0	79.467	40.475	0	63.008	0	0	
0	[SLPS]	0	79.837	40.669	0	63.002	0	0	
0	[SLPS]	0	79.837	40.669	0	63.002	0	0	
0	[SLPS]	0	80.209	40.859	0	63.009	0	0	
0	[SLPS]	0	80.580	41.044	0	63.014	0	0	
0	[SLPS]	0	80.948	41.236	0	63.022	0	0	
0	[SLPS]	0	81.316	41.426	0	63.025	0	0	
0	[SLPS]	0	81.316	41.426	0	63.025	0	0	
0	[SLPS]	0	82.054	41.802	0	63.023	0	0	
0	[SLPS]	0	82.054	41.802	0	63.023	0	0	
0	[SLPS]	0	82.421	41.990	0	63.028	0	0	
0	[SLPS]	0	82.782	42.175	0	63.034	0	0	
0	[SLPS]	0	82.782	42.175	0	63.034	0	0	
0	[SLPS]	0	83.147	42.363	0	63.037	0	0	
0	[SLPS]	0	83.511	42.550	0	63.036	0	0	
0	[SLPS]	0	83.875	42.737	0	63.035	0	0	
0	[SLPS]	0	84.237	42.923	0	63.030	0	0	
0	[SLPS]	0	84.237	42.923	0	63.030	0	0	
0	[SLPS]	0	84.970	43.291	0	63.051	0	0	
0	[SLPS]	0	84.970	43.291	0	63.051	0	0	
0	[SLPS]	0	85.333	43.476	0	63.064	0	0	
0	[SLPS]	0	85.690	43.659	0	63.079	0	0	
0	[SLPS]	0	85.690	43.659	0	63.079	0	0	
0	[SLPS]	0	86.419	44.031	0	63.139	0	0	
0	[SLPS]	0	86.419	44.031	0	63.139	0	0	
0	[SLPS]	0	86.782	44.216	0	63.167	0	0	
0	[SLPS]	0	87.139	44.400	0	63.189	0	0	
0	[SLPS]	0	87.139	44.400	0	63.189	0	0	
0	[SLPS]	0	87.865	44.766	0	63.246	0	0	
0	[SLPS]	0	87.865	44.766	0	63.246	0	0	
0	[SLPS]	0	88.227	44.949	0	63.280	0	0	
0	[SLPS]	0	88.586	45.129	0	63.318	0	0	
0	[SLPS]	0	88.586	45.129	0	63.318	0	0	
0	[SLPS]	0	89.314	45.494	0	63.357	0	0	
0	[SLPS]	0	89.314	45.494	0	63.357	0	0	
0	[SLPS]	0	90.037	45.855	0	63.392	0	0	
0	[SLPS]	0	90.037	45.855	0	63.392	0	0	
0	[SLPS]	0	90.400	46.037	0	63.408	0	0	
0	[SLPS]	0	90.760	46.219	0	63.419	0	0	
0	[SLPS]	0	90.760	46.219	0	63.419	0	0	
0	[SLPS]	0	91.491	46.588	0	63.440	0	0	
0	[SLPS]	0	91.491	46.588	0	63.440	0	0	
0	[SLPS]	0	91.854	46.769	0	63.452	0	0	
0	[SLPS]	0	92.216	46.946	0	63.467	0	0	
0	[SLPS]	0	92.216	46.946	0	63.467	0	0	
0	[SLPS]	0	92.936	47.309	0	63.465	0	0	
0	[SLPS]	0	92.936	47.309	0	63.465	0	0	
0	[SLPS]	0	93.295	47.491	0	63.457	0	0	
0	[SLPS]	0	93.659	47.672	0	63.455	0	0	
0	[SLPS]	0	93.659	47.672	0	63.455	0	0	
0	[SLPS]	0	94.378	48.033	0	63.446	0	0	
0	[SLPS]	0	94.378	48.033	0	63.446	0	0	
0	[SLPS]	0	94.740	48.220	0	63.435	0	0	
0	[SLPS]	0	95.104	48.403	0	63.429	0	0	
0	[SLPS]	0	95.104	48.403	0	63.429	0	0	
0	[SLPS]	0	95.829	48.765	0	63.430	0	0	
0	[SLPS]	0	95.829	48.765	0	63.430	0	0	
0	[SLPS]	0	96.191	48.948	0	63.430	0	0	
0	[SLPS]	0	96.556	49.131	0	63.425	0	0	
0	[SLPS]	0	96.556	49.131	0	63.425	0	0	
0	[SLPS]	0	97.277	49.498	0	63.407	0	0	
0	[SLPS]	0	97.277	49.498	0	63.407	0	0	
0	[SLPS]	0	97.642	49.683	0	63.399	0	0	
0	[SLPS]	0	98.007	49.869	0	63.397	0	0	
0	[SLPS]	0	98.007	49.869	0	63.397	0	0	
0	[SLPS]	0	98.730	50.230	0	63.383	0	0	
0	[SLPS]	0	98.730	50.230	0	63.383	0	0	
0	[SLPS]	0	99.095	50.414	0	63.378	0	0	
0	[SLPS]	0	99.458	50.596	0	63.364	0	0	
0	[SLPS]	0	99.458	50.596	0	63.364	0	0	
0	[SLPS]	0	100.181	50.964	0	63.334	0	0	
0	[SLPS]	0	100.181	50.964	0	63.334	0	0	
0	[SLPS]	0	100.545	51.149	0	63.310	0	0	
0	[SLPS]	0	100.909	51.334	0	63.290	0	0	
0	[SLPS]	0	100.909	51.334	0	63.290	0	0	
0	[SLPS]	0	101.632	51.697	0	63.271	0	0	
0	[SLPS]	0	101.632	51.697	0	63.271	0	0	
0	[SLPS]	0	101.997	51.884	0	63.262	0	0	
0	[SLPS]	0	102.362	52.070	0	63.256	0	0	
0	[SLPS]	0	102.362	52.070	0	63.256	0	0	
0	[SLPS]	0	103.083	52.436	0	63.250	0	0	
0	[SLPS]	0	103.083	52.436	0	63.250	0	0	
0	[SLPS]	0	103.448	52.623	0	63.251	0	0	
0	[SLPS]	0	103.811	52.809	0	63.251	0	0	
0	[SLPS]	0	103.811	52.809	0	63.251	0	0	
0	[SLPS]	0	104.533	53.174	0	63.245	0	0	
0	[SLPS]	0	104.533	53.174	0	63.245	0	0	
0	[SLPS]	0	104.894	53.356	0	63.240	0	0	
0	[SLPS]	0	105.250	53.539	0	63.232	0	0	
0	[SLPS]	0	105.608	53.721	0	63.238	0	0	
0	[SLPS]	0	105.955	53.894	0	63.242	0	0	
0	[SLPS]	0	105.955	53.894	0	63.242	0	0	
0	[SLPS]	0	106.669	54.257	0	63.231	0	0	
0	[SLPS]	0	106.669	54.257	0	63.231	0	0	
0	[SLPS]	0	107.023	54.436	0	63.228	0	0	
0	[SLPS]	0	107.374	54.611	0	63.230	0	0	
0	[SLPS]	0	107.374	54.611	0	63.230	0	0	
0	[SLPS]	0	108.075	54.963	0	63.235	0	0	
0	[SLPS]	0	108.075	54.963	0	63.235	0	0	
0	[SLPS]	0	108.422	55.138	0	63.232	0	0	
0	[SLPS]	0	108.754	55.312	0	63.219	0	0	
0	[SLPS]	0	108.754	55.312	0	63.219	0	0	
0	[SLPS]	0	109.098	55.487	0	63.205	0	0	
0	[SLPS]	0	109.434	55.656	0	63.199	0	0	
0	[SLPS]	0	109.768	55.825	0	63.187	0	0	
0	[SLPS]	0	110.102	55.996	0	63.175	0	0	
0	[SLPS]	0	110.102	55.996	0	63.175	0	0	
0	[SLPS]	0	110.436	56.167	0	63.158	0	0	
0	[SLPS]	0	110.766	56.335	0	63.139	0	0	
0	[SLPS]	0	111.095	56.503	0	63.125	0	0	
0	[SLPS]	0	111.414	56.669	0	63.108	0	0	
0	[SLPS]	0	111.414	56.669	0	63.108	0	0	
0	[SLPS]	0	112.055	56.997	0	63.064	0	0	
0	[SLPS]	0	112.055	56.997	0	63.064	0	0	
0	[SLPS]	0	112.373	57.160	0	63.046	0	0	
0	[SLPS]	0	112.679	57.317	0	63.034	0	0	
0	[SLPS]	0	112.679	57.317	0	63.034	0	0	
0	[SLPS]	0	113.296	57.632	0	63.010	0	0	
0	[SLPS]	0	113.296	57.632	0	63.010	0	0	
0	[SLPS]	0	113.603	57.789	0	62.992	0	0	
0	[SLPS]	0	113.902	57.944	0	62.967	0	0	
0	[SLPS]	0	113.902	57.944	0	62.967	0	0	
0	[SLPS]	0	114.503	58.253	0	62.928	0	0	
0	[SLPS]	0	114.503	58.253	0	62.928	0	0	
0	[SLPS]	0	114.800	58.407	0	62.920	0	0	
0	[SLPS]	0	115.092	58.557	0	62.908	0	0	
0	[SLPS]	0	115.092	58.557	0	62.908	0	0	
0	[SLPS]	0	115.686	58.863	0	62.869	0	0	
0	[SLPS]	0	115.686	58.863	0	62.869	0	0	
0	[SLPS]	0	115.975	59.013	0	62.847	0	0	
0	[SLPS]	0	116.263	59.158	0	62.829	0	0	
0	[SLPS]	0	116.550	59.307	0	62.820	0	0	
0	[SLPS]	0	116.834	59.455	0	62.810	0	0	
0	[SLPS]	0	116.834	59.455	0	62.810	0	0	
0	[SLPS]	0	117.398	59.743	0	62.783	0	0	
0	[SLPS]	0	117.398	59.743	0	62.783	0	0	
0	[SLPS]	0	117.681	59.890	0	62.770	0	0	
0	[SLPS]	0	117.967	60.037	0	62.754	0	0	
0	[SLPS]	0	117.967	60.037	0	62.754	0	0	
0	[SLPS]	0	118.528	60.332	0	62.725	0	0	
0	[SLPS]	0	118.528	60.332	0	62.725	0	0	
0	[SLPS]	0	118.811	60.481	0	62.704	0	0	
0	[SLPS]	0	119.093	60.632	0	62.675	0	0	
0	[SLPS]	0	119.093	60.632	0	62.675	0	0	
0	[SLPS]	0	119.652	60.922	0	62.629	0	0	
0	[SLPS]	0	119.652	60.922	0	62.629	0	0	
0	[SLPS]	0	119.934	61.068	0	62.620	0	0	
0	[SLPS]	0	120.212	61.212	0	62.621	0	0	
0	[SLPS]	0	120.212	61.212	0	62.621	0	0	
0	[SLPS]	0	120.761	61.500	0	62.603	0	0	
0	[SLPS]	0	120.761	61.500	0	62.603	0	0	
0	[SLPS]	0	121.034	61.645	0	62.582	0	0	
0	[SLPS]	0	121.303	61.788	0	62.556	0	0	
0	[SLPS]	0	121.303	61.788	0	62.556	0	0	
0	[SLPS]	0	121.829	62.063	0	62.516	0	0	
0	[SLPS]	0	121.829	62.063	0	62.516	0	0	
0	[SLPS]	0	122.089	62.196	0	62.511	0	0	
0	[SLPS]	0	122.346	62.332	0	62.504	0	0	
0	[SLPS]	0	122.346	62.332	0	62.504	0	0	
0	[SLPS]	0	122.842	62.594	0	62.474	0	0	
0	[SLPS]	0	122.842	62.594	0	62.474	0	0	
0	[SLPS]	0	123.087	62.722	0	62.447	0	0	
0	[SLPS]	0	123.335	62.852	0	62.425	0	0	
0	[SLPS]	0	123.335	62.852	0	62.425	0	0	
0	[SLPS]	0	123.822	63.105	0	62.400	0	0	
0	[SLPS]	0	123.822	63.105	0	62.400	0	0	
0	[SLPS]	0	124.062	63.234	0	62.394	0	0	
0	[SLPS]	0	124.301	63.361	0	62.388	0	0	
0	[SLPS]	0	124.539	63.487	0	62.374	0	0	
0	[SLPS]	0	124.776	63.607	0	62.353	0	0	
0	[SLPS]	0	124.776	63.607	0	62.353	0	0	
0	[SLPS]	0	125.249	63.861	0	62.314	0	0	
0	[SLPS]	0	125.249	63.861	0	62.314	0	0	
0	[SLPS]	0	125.479	63.983	0	62.301	0	0	
0	[SLPS]	0	125.710	64.107	0	62.292	0	0	
0	[SLPS]	0	125.710	64.107	0	62.292	0	0	
0	[SLPS]	0	125.940	64.229	0	62.281	0	0	
0	[SLPS]	0	126.168	64.350	0	62.266	0	0	
0	[SLPS]	0	126.393	64.469	0	62.255	0	0	
0	[SLPS]	0	126.616	64.585	0	62.239	0	0	
0	[SLPS]	0	126.616	64.585	0	62.239	0	0	
0	[SLPS]	0	126.836	64.702	0	62.220	0	0	
0	[SLPS]	0	127.057	64.818	0	62.196	0	0	
0	[SLPS]	0	127.274	64.934	0	62.192	0	0	
0	[SLPS]	0	127.487	65.046	0	62.188	0	0	
0	[SLPS]	0	127.487	65.046	0	62.188	0	0	
0	[SLPS]	0	127.696	65.159	0	62.178	0	0	
0	[SLPS]	0	127.908	65.272	0	62.172	0	0	
0	[SLPS]	0	127.908	65.272	0	62.172	0	0	
0	[SLPS]	0	128.318	65.488	0	62.148	0	0	
0	[SLPS]	0	128.318	65.488	0	62.148	0	0	
0	[SLPS]	0	128.521	65.596	0	62.131	0	0	
0	[SLPS]	0	128.724	65.705	0	62.117	0	0	
0	[SLPS]	0	128.724	65.705	0	62.117	0	0	
0	[SLPS]	0	129.122	65.917	0	62.087	0	0	
0	[SLPS]	0	129.122	65.917	0	62.087	0	0	
0	[SLPS]	0	129.319	66.020	0	62.094	0	0	
0	[SLPS]	0	129.519	66.127	0	62.109	0	0	
0	[SLPS]	0	129.713	66.232	0	62.111	0	0	
0	[SLPS]	0	129.907	66.332	0	62.112	0	0	
0	[SLPS]	0	129.907	66.332	0	62.112	0	0	
0	[SLPS]	0	130.288	66.533	0	62.107	0	0	
0	[SLPS]	0	130.288	66.533	0	62.107	0	0	
0	[SLPS]	0	130.474	66.634	0	62.098	0	0	
0	[SLPS]	0	130.660	66.734	0	62.088	0	0	
0	[SLPS]	0	130.660	66.734	0	62.088	0	0	
0	[SLPS]	0	131.029	66.929	0	62.088	0	0	
0	[SLPS]	0	131.029	66.929	0	62.088	0	0	
0	[SLPS]	0	131.209	67.026	0	62.092	0	0	
0	[SLPS]	0	131.387	67.123	0	62.088	0	0	
0	[SLPS]	0	131.387	67.123	0	62.088	0	0	
0	[SLPS]	0	131.738	67.312	0	62.075	0	0	
0	[SLPS]	0	131.738	67.312	0	62.075	0	0	
0	[SLPS]	0	131.912	67.405	0	62.072	0	0	
0	[SLPS]	0	132.081	67.494	0	62.073	0	0	
0	[SLPS]	0	132.081	67.494	0	62.073	0	0	
0	[SLPS]	0	132.425	67.676	0	62.088	0	0	
0	[SLPS]	0	132.425	67.676	0	62.088	0	0	
0	[SLPS]	0	132.592	67.766	0	62.096	0	0	
0	[SLPS]	0	132.757	67.852	0	62.106	0	0	
0	[SLPS]	0	132.757	67.852	0	62.106	0	0	
0	[SLPS]	0	133.088	68.035	0	62.095	0	0	
0	[SLPS]	0	133.088	68.035	0	62.095	0	0	
0	[SLPS]	0	133.252	68.123	0	62.102	0	0	
0	[SLPS]	0	133.421	68.205	0	62.120	0	0	
0	[SLPS]	0	133.589	68.292	0	62.130	0	0	
0	[SLPS]	0	133.756	68.381	0	62.146	0	0	
0	[SLPS]	0	133.756	68.381	0	62.146	0	0	
0	[SLPS]	0	134.093	68.559	0	62.152	0	0	
0	[SLPS]	0	134.093	68.559	0	62.152	0	0	
0	[SLPS]	0	134.261	68.647	0	62.151	0	0	
0	[SLPS]	0	134.428	68.736	0	62.161	0	0	
0	[SLPS]	0	134.428	68.736	0	62.161	0	0	
0	[SLPS]	0	134.593	68.824	0	62.185	0	0	
0	[SLPS]	0	134.762	68.912	0	62.220	0	0	
0	[SLPS]	0	134.928	69.003	0	62.260	0	0	
0	[SLPS]	0	135.090	69.092	0	62.292	0	0	
0	[SLPS]	0	135.090	69.092	0	62.292	0	0	
0	[SLPS]	0	135.255	69.179	0	62.312	0	0	
0	[SLPS]	0	135.421	69.264	0	62.327	0	0	
0	[SLPS]	0	135.586	69.348	0	62.350	0	0	
0	[SLPS]	0	135.753	69.430	0	62.373	0	0	
0	[SLPS]	0	135.753	69.430	0	62.373	0	0	
0	[SLPS]	0	135.917	69.515	0	62.399	0	0	
0	[SLPS]	0	136.082	69.600	0	62.422	0	0	
0	[SLPS]	0	136.244	69.685	0	62.440	0	0	
0	[SLPS]	0	136.407	69.768	0	62.457	0	0	
0	[SLPS]	0	136.407	69.768	0	62.457	0	0	
0	[SLPS]	0	136.726	69.942	0	62.482	0	0	
0	[SLPS]	0	136.726	69.942	0	62.482	0	0	
0	[SLPS]	0	136.885	70.026	0	62.483	0	0	
0	[SLPS]	0	137.046	70.112	0	62.486	0	0	
0	[SLPS]	0	137.046	70.112	0	62.486	0	0	
0	[SLPS]	0	137.371	70.283	0	62.509	0	0	
0	[SLPS]	0	137.371	70.283	0	62.509	0	0	
0	[SLPS]	0	137.532	70.367	0	62.530	0	0	
0	[SLPS]	0	137.698	70.455	0	62.546	0	0	
0	[SLPS]	0	137.698	70.455	0	62.546	0	0	
0	[SLPS]	0	138.031	70.622	0	62.573	0	0	
0	[SLPS]	0	138.031	70.622	0	62.573	0	0	
0	[SLPS]	0	138.197	70.705	0	62.591	0	0	
0	[SLPS]	0	138.363	70.795	0	62.619	0	0	
0	[SLPS]	0	138.363	70.795	0	62.619	0	0	
0	[SLPS]	0	138.692	70.967	0	62.683	0	0	
0	[SLPS]	0	138.692	70.967	0	62.683	0	0	
0	[SLPS]	0	138.859	71.056	0	62.708	0	0	
0	[SLPS]	0	139.027	71.143	0	62.729	0	0	
0	[SLPS]	0	139.195	71.229	0	62.752	0	0	
0	[SLPS]	0	139.362	71.316	0	62.773	0	0	
0	[SLPS]	0	139.362	71.316	0	62.773	0	0	
0	[SLPS]	0	139.707	71.494	0	62.820	0	0	
0	[SLPS]	0	139.707	71.494	0	62.820	0	0	
0	[SLPS]	0	139.880	71.583	0	62.839	0	0	
0	[SLPS]	0	140.051	71.672	0	62.856	0	0	
0	[SLPS]	0	140.051	71.672	0	62.856	0	0	
0	[SLPS]	0	140.409	71.860	0	62.885	0	0	
0	[SLPS]	0	140.409	71.860	0	62.885	0	0	
0	[SLPS]	0	140.586	71.953	0	62.905	0	0	
0	[SLPS]	0	140.767	72.050	0	62.921	0	0	
0	[SLPS]	0	140.767	72.050	0	62.921	0	0	
0	[SLPS]	0	140.952	72.146	0	62.931	0	0	
0	[SLPS]	0	141.137	72.242	0	62.940	0	0	
0	[SLPS]	0	141.322	72.338	0	62.952	0	0	
0	[SLPS]	0	141.507	72.431	0	62.963	0	0	
0	[SLPS]	0	141.507	72.431	0	62.963	0	0	
0	[SLPS]	0	141.888	72.624	0	62.984	0	0	
0	[SLPS]	0	141.888	72.624	0	62.984	0	0	
0	[SLPS]	0	142.079	72.721	0	63.011	0	0	
0	[SLPS]	0	142.277	72.815	0	63.038	0	0	
0	[SLPS]	0	142.277	72.815	0	63.038	0	0	
0	[SLPS]	0	142.676	73.018	0	63.071	0	0	
0	[SLPS]	0	142.676	73.018	0	63.071	0	0	
0	[SLPS]	0	142.876	73.120	0	63.086	0	0	
0	[SLPS]	0	143.072	73.224	0	63.094	0	0	
0	[SLPS]	0	143.072	73.224	0	63.094	0	0	
0	[SLPS]	0	143.489	73.438	0	63.111	0	0	
0	[SLPS]	0	143.489	73.438	0	63.111	0	0	
0	[SLPS]	0	143.698	73.544	0	63.113	0	0	
0	[SLPS]	0	143.912	73.654	0	63.121	0	0	
0	[SLPS]	0	143.912	73.654	0	63.121	0	0	
0	[SLPS]	0	144.350	73.874	0	63.145	0	0	
0	[SLPS]	0	144.350	73.874	0	63.145	0	0	
0	[SLPS]	0	144.573	73.987	0	63.154	0	0	
0	[SLPS]	0	144.795	74.094	0	63.172	0	0	
0	[SLPS]	0	144.795	74.094	0	63.172	0	0	
0	[SLPS]	0	145.249	74.326	0	63.171	0	0	
0	[SLPS]	0	145.249	74.326	0	63.171	0	0	
0	[SLPS]	0	145.478	74.442	0	63.175	0	0	
0	[SLPS]	0	145.704	74.557	0	63.178	0	0	
0	[SLPS]	0	145.704	74.557	0	63.178	0	0	
0	[SLPS]	0	146.169	74.795	0	63.186	0	0	
0	[SLPS]	0	146.169	74.795	0	63.186	0	0	
0	[SLPS]	0	146.405	74.915	0	63.187	0	0	
0	[SLPS]	0	146.640	75.037	0	63.182	0	0	
0	[SLPS]	0	146.882	75.159	0	63.176	0	0	
0	[SLPS]	0	147.125	75.282	0	63.174	0	0	
0	[SLPS]	0	147.125	75.282	0	63.174	0	0	
0	[SLPS]	0	147.605	75.527	0	63.181	0	0	
0	[SLPS]	0	147.605	75.527	0	63.181	0	0	
0	[SLPS]	0	147.848	75.654	0	63.181	0	0	
0	[SLPS]	0	148.096	75.781	0	63.181	0	0	
0	[SLPS]	0	148.096	75.781	0	63.181	0	0	
0	[SLPS]	0	148.343	75.907	0	63.178	0	0	
0	[SLPS]	0	148.588	76.031	0	63.180	0	0	
0	[SLPS]	0	148.840	76.161	0	63.171	0	0	
0	[SLPS]	0	149.090	76.290	0	63.158	0	0	
0	[SLPS]	0	149.090	76.290	0	63.158	0	0	
0	[SLPS]	0	149.592	76.542	0	63.154	0	0	
0	[SLPS]	0	149.592	76.542	0	63.154	0	0	
0	[SLPS]	0	149.845	76.672	0	63.157	0	0	
0	[SLPS]	0	150.101	76.800	0	63.170	0	0	
0	[SLPS]	0	150.101	76.800	0	63.170	0	0	
0	[SLPS]	0	150.613	77.061	0	63.175	0	0	
0	[SLPS]	0	150.613	77.061	0	63.175	0	0	
0	[SLPS]	0	150.870	77.193	0	63.174	0	0	
0	[SLPS]	0	151.129	77.325	0	63.174	0	0	
0	[SLPS]	0	151.129	77.325	0	63.174	0	0	
0	[SLPS]	0	151.648	77.586	0	63.177	0	0	
0	[SLPS]	0	151.648	77.586	0	63.177	0	0	
0	[SLPS]	0	151.909	77.718	0	63.190	0	0	
0	[SLPS]	0	152.174	77.850	0	63.209	0	0	
0	[SLPS]	0	152.174	77.850	0	63.209	0	0	
0	[SLPS]	0	152.698	78.115	0	63.245	0	0	
0	[SLPS]	0	152.698	78.115	0	63.245	0	0	
0	[SLPS]	0	152.965	78.250	0	63.258	0	0	
0	[SLPS]	0	153.235	78.387	0	63.270	0	0	
0	[SLPS]	0	153.235	78.387	0	63.270	0	0	
0	[SLPS]	0	153.768	78.655	0	63.305	0	0	
0	[SLPS]	0	153.768	78.655	0	63.305	0	0	
0	[SLPS]	0	154.037	78.790	0	63.330	0	0	
0	[SLPS]	0	154.303	78.924	0	63.354	0	0	
0	[SLPS]	0	154.571	79.058	0	63.371	0	0	
0	[SLPS]	0	154.833	79.191	0	63.389	0	0	
0	[SLPS]	0	154.833	79.191	0	63.389	0	0	
0	[SLPS]	0	155.369	79.463	0	63.423	0	0	
0	[SLPS]	0	155.369	79.463	0	63.423	0	0	
0	[SLPS]	0	155.637	79.598	0	63.437	0	0	
0	[SLPS]	0	155.902	79.727	0	63.465	0	0	
0	[SLPS]	0	155.902	79.727	0	63.465	0	0	
0	[SLPS]	0	156.443	79.999	0	63.521	0	0	
0	[SLPS]	0	156.443	79.999	0	63.521	0	0	
0	[SLPS]	0	156.713	80.135	0	63.529	0	0	
0	[SLPS]	0	156.983	80.271	0	63.548	0	0	
0	[SLPS]	0	156.983	80.271	0	63.548	0	0	
0	[SLPS]	0	157.532	80.546	0	63.584	0	0	
0	[SLPS]	0	157.532	80.546	0	63.584	0	0	
0	[SLPS]	0	157.805	80.682	0	63.610	0	0	
0	[SLPS]	0	158.079	80.812	0	63.642	0	0	
0	[SLPS]	0	158.079	80.812	0	63.642	0	0	
0	[SLPS]	0	158.636	81.078	0	63.702	0	0	
0	[SLPS]	0	158.636	81.078	0	63.702	0	0	
0	[SLPS]	0	158.913	81.213	0	63.728	0	0	
0	[SLPS]	0	159.188	81.355	0	63.742	0	0	
0	[SLPS]	0	159.188	81.355	0	63.742	0	0	
0	[SLPS]	0	159.747	81.632	0	63.751	0	0	
0	[SLPS]	0	159.747	81.632	0	63.751	0	0	
0	[SLPS]	0	160.027	81.769	0	63.754	0	0	
0	[SLPS]	0	160.307	81.913	0	63.760	0	0	
0	[SLPS]	0	160.307	81.913	0	63.760	0	0	
0	[SLPS]	0	160.881	82.189	0	63.783	0	0	
0	[SLPS]	0	160.881	82.189	0	63.783	0	0	
0	[SLPS]	0	161.440	82.460	0	63.788	0	0	
0	[SLPS]	0	161.440	82.460	0	63.788	0	0	
0	[SLPS]	0	161.719	82.595	0	63.786	0	0	
0	[SLPS]	0	162.006	82.742	0	63.771	0	0	
0	[SLPS]	0	162.006	82.742	0	63.771	0	0	
0	[SLPS]	0	162.573	83.026	0	63.725	0	0	
0	[SLPS]	0	162.573	83.026	0	63.725	0	0	
0	[SLPS]	0	162.865	83.174	0	63.711	0	0	
0	[SLPS]	0	163.153	83.319	0	63.706	0	0	
0	[SLPS]	0	163.153	83.319	0	63.706	0	0	
0	[SLPS]	0	163.721	83.603	0	63.717	0	0	
0	[SLPS]	0	163.721	83.603	0	63.717	0	0	
0	[SLPS]	0	164.010	83.745	0	63.743	0	0	
0	[SLPS]	0	164.295	83.888	0	63.767	0	0	
0	[SLPS]	0	164.295	83.888	0	63.767	0	0	
0	[SLPS]	0	164.870	84.173	0	63.782	0	0	
0	[SLPS]	0	164.870	84.173	0	63.782	0	0	
0	[SLPS]	0	165.155	84.314	0	63.787	0	0	
0	[SLPS]	0	165.437	84.456	0	63.785	0	0	
0	[SLPS]	0	165.437	84.456	0	63.785	0	0	
0	[SLPS]	0	166.006	84.736	0	63.804	0	0	
0	[SLPS]	0	166.006	84.736	0	63.804	0	0	
0	[SLPS]	0	166.288	84.871	0	63.804	0	0	
0	[SLPS]	0	166.568	85.010	0	63.794	0	0	
0	[SLPS]	0	166.850	85.149	0	63.783	0	0	
0	[SLPS]	0	167.133	85.287	0	63.778	0	0	
0	[SLPS]	0	167.133	85.287	0	63.778	0	0	
0	[SLPS]	0	167.701	85.569	0	63.777	0	0	
0	[SLPS]	0	167.701	85.569	0	63.777	0	0	
0	[SLPS]	0	167.983	85.708	0	63.769	0	0	
0	[SLPS]	0	168.255	85.843	0	63.751	0	0	
0	[SLPS]	0	168.255	85.843	0	63.751	0	0	
0	[SLPS]	0	168.813	86.120	0	63.730	0	0	
0	[SLPS]	0	168.813	86.120	0	63.730	0	0	
0	[SLPS]	0	169.091	86.258	0	63.721	0	0	
0	[SLPS]	0	169.370	86.398	0	63.719	0	0	
0	[SLPS]	0	169.370	86.398	0	63.719	0	0	
0	[SLPS]	0	169.926	86.673	0	63.721	0	0	
0	[SLPS]	0	169.926	86.673	0	63.721	0	0	
0	[SLPS]	0	170.204	86.811	0	63.715	0	0	
0	[SLPS]	0	170.470	86.945	0	63.698	0	0	
0	[SLPS]	0	170.470	86.945	0	63.698	0	0	
0	[SLPS]	0	171.024	87.218	0	63.681	0	0	
0	[SLPS]	0	171.024	87.218	0	63.681	0	0	
0	[SLPS]	0	171.299	87.355	0	63.670	0	0	
0	[SLPS]	0	171.582	87.494	0	63.666	0	0	
0	[SLPS]	0	171.582	87.494	0	63.666	0	0	
0	[SLPS]	0	172.142	87.775	0	63.640	0	0	
0	[SLPS]	0	172.142	87.775	0	63.640	0	0	
0	[SLPS]	0	172.420	87.913	0	63.627	0	0	
0	[SLPS]	0	172.692	88.052	0	63.613	0	0	
0	[SLPS]	0	172.980	88.194	0	63.607	0	0	
0	[SLPS]	0	173.261	88.336	0	63.597	0	0	
0	[SLPS]	0	173.261	88.336	0	63.597	0	0	
0	[SLPS]	0	173.820	88.613	0	63.570	0	0	
0	[SLPS]	0	173.820	88.613	0	63.570	0	0	
0	[SLPS]	0	174.106	88.757	0	63.558	0	0	
0	[SLPS]	0	174.383	88.902	0	63.544	0	0	
0	[SLPS]	0	174.383	88.902	0	63.544	0	0	
0	[SLPS]	0	174.944	89.184	0	63.530	0	0	
0	[SLPS]	0	174.944	89.184	0	63.530	0	0	
0	[SLPS]	0	175.235	89.328	0	63.524	0	0	
0	[SLPS]	0	175.523	89.471	0	63.518	0	0	
0	[SLPS]	0	175.523	89.471	0	63.518	0	0	
0	[SLPS]	0	175.808	89.613	0	63.507	0	0	
0	[SLPS]	0	176.092	89.755	0	63.495	0	0	
0	[SLPS]	0	176.380	89.899	0	63.486	0	0	
0	[SLPS]	0	176.670	90.034	0	63.487	0	0	
0	[SLPS]	0	176.670	90.034	0	63.487	0	0	
0	[SLPS]	0	176.958	90.177	0	63.482	0	0	
0	[SLPS]	0	177.238	90.329	0	63.460	0	0	
0	[SLPS]	0	177.532	90.466	0	63.466	0	0	
0	[SLPS]	0	177.826	90.616	0	63.447	0	0	
0	[SLPS]	0	177.826	90.616	0	63.447	0	0	
0	[SLPS]	0	178.405	90.910	0	63.420	0	0	
0	[SLPS]	0	178.405	90.910	0	63.420	0	0	
0	[SLPS]	0	178.698	91.060	0	63.408	0	0	
0	[SLPS]	0	178.990	91.203	0	63.409	0	0	
0	[SLPS]	0	178.990	91.203	0	63.409	0	0	
0	[SLPS]	0	179.576	91.499	0	63.397	0	0	
0	[SLPS]	0	179.576	91.499	0	63.397	0	0	
0	[SLPS]	0	179.873	91.651	0	63.380	0	0	
0	[SLPS]	0	180.172	91.804	0	63.366	0	0	
0	[SLPS]	0	180.172	91.804	0	63.366	0	0	
0	[SLPS]	0	180.762	92.096	0	63.355	0	0	
0	[SLPS]	0	180.762	92.096	0	63.355	0	0	
0	[SLPS]	0	181.061	92.248	0	63.348	0	0	
0	[SLPS]	0	181.360	92.398	0	63.345	0	0	
0	[SLPS]	0	181.360	92.398	0	63.345	0	0	
0	[SLPS]	0	181.961	92.706	0	63.323	0	0	
0	[SLPS]	0	181.961	92.706	0	63.323	0	0	
0	[SLPS]	0	182.262	92.864	0	63.315	0	0	
0	[SLPS]	0	182.563	93.017	0	63.319	0	0	
0	[SLPS]	0	182.563	93.017	0	63.319	0	0	
0	[SLPS]	0	183.168	93.324	0	63.355	0	0	
0	[SLPS]	0	183.168	93.324	0	63.355	0	0	
0	[SLPS]	0	183.473	93.481	0	63.358	0	0	
0	[SLPS]	0	183.780	93.636	0	63.357	0	0	
0	[SLPS]	0	183.780	93.636	0	63.357	0	0	
0	[SLPS]	0	184.399	93.937	0	63.371	0	0	
0	[SLPS]	0	184.399	93.937	0	63.371	0	0	
0	[SLPS]	0	184.712	94.091	0	63.376	0	0	
0	[SLPS]	0	185.025	94.250	0	63.376	0	0	
0	[SLPS]	0	185.025	94.250	0	63.376	0	0	
0	[SLPS]	0	185.656	94.562	0	63.374	0	0	
0	[SLPS]	0	185.656	94.562	0	63.374	0	0	
0	[SLPS]	0	185.976	94.725	0	63.359	0	0	
0	[SLPS]	0	186.302	94.888	0	63.347	0	0	
0	[SLPS]	0	186.625	95.050	0	63.345	0	0	
0	[SLPS]	0	186.945	95.215	0	63.349	0	0	
0	[SLPS]	0	186.945	95.215	0	63.349	0	0	
0	[SLPS]	0	187.277	95.382	0	63.356	0	0	
0	[SLPS]	0	187.609	95.551	0	63.346	0	0	
0	[SLPS]	0	187.609	95.551	0	63.346	0	0	
0	[SLPS]	0	188.271	95.886	0	63.326	0	0	
0	[SLPS]	0	188.271	95.886	0	63.326	0	0	
0	[SLPS]	0	188.609	96.058	0	63.321	0	0	
0	[SLPS]	0	188.946	96.232	0	63.315	0	0	
0	[SLPS]	0	189.284	96.404	0	63.311	0	0	
0	[SLPS]	0	189.625	96.571	0	63.313	0	0	
0	[SLPS]	0	189.625	96.571	0	63.313	0	0	
0	[SLPS]	0	189.969	96.746	0	63.307	0	0	
0	[SLPS]	0	190.314	96.921	0	63.297	0	0	
0	[SLPS]	0	190.659	97.095	0	63.283	0	0	
0	[SLPS]	0	191.002	97.274	0	63.274	0	0	
0	[SLPS]	0	191.002	97.274	0	63.274	0	0	
0	[SLPS]	0	191.701	97.629	0	63.255	0	0	
0	[SLPS]	0	191.701	97.629	0	63.255	0	0	
0	[SLPS]	0	192.051	97.807	0	63.251	0	0	
0	[SLPS]	0	192.395	97.980	0	63.245	0	0	
0	[SLPS]	0	192.395	97.980	0	63.245	0	0	
0	[SLPS]	0	193.099	98.337	0	63.237	0	0	
0	[SLPS]	0	193.099	98.337	0	63.237	0	0	
0	[SLPS]	0	193.452	98.517	0	63.243	0	0	
0	[SLPS]	0	193.806	98.692	0	63.250	0	0	
0	[SLPS]	0	193.806	98.692	0	63.250	0	0	
0	[SLPS]	0	194.517	99.053	0	63.245	0	0	
0	[SLPS]	0	194.517	99.053	0	63.245	0	0	
0	[SLPS]	0	194.882	99.238	0	63.240	0	0	
0	[SLPS]	0	195.235	99.413	0	63.239	0	0	
0	[SLPS]	0	195.235	99.413	0	63.239	0	0	
0	[SLPS]	0	195.961	99.778	0	63.233	0	0	
0	[SLPS]	0	195.961	99.778	0	63.233	0	0	
0	[SLPS]	0	196.323	99.961	0	63.229	0	0	
0	[SLPS]	0	196.685	100.140	0	63.232	0	0	
0	[SLPS]	0	197.055	100.325	0	63.229	0	0	
0	[SLPS]	0	197.424	100.514	0	63.224	0	0	
0	[SLPS]	0	197.424	100.514	0	63.224	0	0	
0	[SLPS]	0	197.792	100.699	0	63.219	0	0	
0	[SLPS]	0	198.155	100.885	0	63.211	0	0	
0	[SLPS]	0	198.155	100.885	0	63.211	0	0	
0	[SLPS]	0	198.900	101.261	0	63.214	0	0	
0	[SLPS]	0	198.900	101.261	0	63.214	0	0	
0	[SLPS]	0	199.272	101.449	0	63.208	0	0	
0	[SLPS]	0	199.640	101.635	0	63.207	0	0	
0	[SLPS]	0	199.640	101.635	0	63.207	0	0	
0	[SLPS]	0	200.390	102.022	0	63.175	0	0	
0	[SLPS]	0	200.390	102.022	0	63.175	0	0	
0	[SLPS]	0	200.766	102.213	0	63.174	0	0	
0	[SLPS]	0	201.143	102.401	0	63.176	0	0	
0	[SLPS]	0	201.143	102.401	0	63.176	0	0	
0	[SLPS]	0	201.903	102.789	0	63.167	0	0	
0	[SLPS]	0	201.903	102.789	0	63.167	0	0	
0	[SLPS]	0	202.284	102.982	0	63.157	0	0	
0	[SLPS]	0	202.658	103.174	0	63.149	0	0	
0	[SLPS]	0	203.046	103.372	0	63.141	0	0	
0	[SLPS]	0	203.434	103.565	0	63.142	0	0	
0	[SLPS]	0	203.434	103.565	0	63.142	0	0	
0	[SLPS]	0	204.203	103.960	0	63.137	0	0	
0	[SLPS]	0	204.203	103.960	0	63.137	0	0	
0	[SLPS]	0	204.595	104.161	0	63.137	0	0	
0	[SLPS]	0	204.985	104.364	0	63.131	0	0	
0	[SLPS]	0	204.985	104.364	0	63.131	0	0	
0	[SLPS]	0	205.772	104.761	0	63.131	0	0	
0	[SLPS]	0	205.772	104.761	0	63.131	0	0	
0	[SLPS]	0	206.165	104.964	0	63.121	0	0	
0	[SLPS]	0	206.559	105.165	0	63.123	0	0	
0	[SLPS]	0	206.559	105.165	0	63.123	0	0	
0	[SLPS]	0	207.336	105.556	0	63.115	0	0	
0	[SLPS]	0	207.336	105.556	0	63.115	0	0	
0	[SLPS]	0	207.730	105.754	0	63.116	0	0	
0	[SLPS]	0	208.130	105.958	0	63.104	0	0	
0	[SLPS]	0	208.130	105.958	0	63.104	0	0	
0	[SLPS]	0	208.911	106.355	0	63.098	0	0	
0	[SLPS]	0	208.911	106.355	0	63.098	0	0	
0	[SLPS]	0	209.309	106.542	0	63.115	0	0	
0	[SLPS]	0	209.705	106.758	0	63.101	0	0	
0	[SLPS]	0	209.705	106.758	0	63.101	0	0	
0	[SLPS]	0	210.499	107.155	0	63.106	0	0	
0	[SLPS]	0	210.499	107.155	0	63.106	0	0	
0	[SLPS]	0	210.902	107.363	0	63.090	0	0	
0	[SLPS]	0	211.310	107.574	0	63.080	0	0	
0	[SLPS]	0	211.310	107.574	0	63.080	0	0	
0	[SLPS]	0	212.113	107.988	0	63.071	0	0	
0	[SLPS]	0	212.113	107.988	0	63.071	0	0	
0	[SLPS]	0	212.525	108.197	0	63.075	0	0	
0	[SLPS]	0	212.936	108.405	0	63.074	0	0	
0	[SLPS]	0	212.936	108.405	0	63.074	0	0	
0	[SLPS]	0	213.752	108.824	0	63.041	0	0	
0	[SLPS]	0	213.752	108.824	0	63.041	0	0	
0	[SLPS]	0	214.168	109.034	0	63.028	0	0	
0	[SLPS]	0	214.580	109.243	0	63.016	0	0	
0	[SLPS]	0	214.580	109.243	0	63.016	0	0	
0	[SLPS]	0	215.401	109.668	0	62.971	0	0	
0	[SLPS]	0	215.401	109.668	0	62.971	0	0	
0	[SLPS]	0	215.819	109.879	0	62.941	0	0	
0	[SLPS]	0	216.237	110.097	0	62.907	0	0	
0	[SLPS]	0	216.237	110.097	0	62.907	0	0	
0	[SLPS]	0	217.064	110.525	0	62.846	0	0	
0	[SLPS]	0	217.064	110.525	0	62.846	0	0	
0	[SLPS]	0	217.488	110.742	0	62.824	0	0	
0	[SLPS]	0	217.905	110.962	0	62.791	0	0	
0	[SLPS]	0	218.325	111.179	0	62.769	0	0	
0	[SLPS]	0	218.739	111.394	0	62.754	0	0	
0	[SLPS]	0	218.739	111.394	0	62.754	0	0	
0	[SLPS]	0	219.587	111.836	0	62.753	0	0	
0	[SLPS]	0	219.587	111.836	0	62.753	0	0	
0	[SLPS]	0	220.011	112.057	0	62.766	0	0	
0	[SLPS]	0	220.432	112.275	0	62.774	0	0	
0	[SLPS]	0	220.432	112.275	0	62.774	0	0	
0	[SLPS]	0	221.288	112.719	0	62.775	0	0	
0	[SLPS]	0	221.288	112.719	0	62.775	0	0	
0	[SLPS]	0	221.715	112.941	0	62.772	0	0	
0	[SLPS]	0	222.137	113.161	0	62.770	0	0	
0	[SLPS]	0	222.137	113.161	0	62.770	0	0	
0	[SLPS]	0	223.008	113.614	0	62.782	0	0	
0	[SLPS]	0	223.008	113.614	0	62.782	0	0	
0	[SLPS]	0	223.439	113.837	0	62.784	0	0	
0	[SLPS]	0	223.871	114.054	0	62.795	0	0	
0	[SLPS]	0	223.871	114.054	0	62.795	0	0	
0	[SLPS]	0	224.751	114.505	0	62.795	0	0	
0	[SLPS]	0	224.751	114.505	0	62.795	0	0	
0	[SLPS]	0	225.188	114.730	0	62.792	0	0	
0	[SLPS]	0	225.618	114.955	0	62.785	0	0	
0	[SLPS]	0	225.618	114.955	0	62.785	0	0	
0	[SLPS]	0	226.500	115.400	0	62.801	0	0	
0	[SLPS]	0	226.500	115.400	0	62.801	0	0	
0	[SLPS]	0	226.940	115.626	0	62.821	0	0	
0	[SLPS]	0	227.386	115.856	0	62.842	0	0	
0	[SLPS]	0	227.831	116.087	0	62.849	0	0	
0	[SLPS]	0	228.276	116.316	0	62.855	0	0	
0	[SLPS]	0	228.276	116.316	0	62.855	0	0	
0	[SLPS]	0	229.165	116.773	0	62.888	0	0	
0	[SLPS]	0	229.165	116.773	0	62.888	0	0	
0	[SLPS]	0	229.615	117.003	0	62.913	0	0	
0	[SLPS]	0	230.065	117.232	0	62.937	0	0	
0	[SLPS]	0	230.065	117.232	0	62.937	0	0	
0	[SLPS]	0	230.514	117.461	0	62.954	0	0	
0	[SLPS]	0	230.958	117.688	0	62.972	0	0	
0	[SLPS]	0	231.412	117.919	0	62.990	0	0	
0	[SLPS]	0	231.864	118.149	0	63.006	0	0	
0	[SLPS]	0	231.864	118.149	0	63.006	0	0	
0	[SLPS]	0	232.764	118.602	0	63.047	0	0	
0	[SLPS]	0	232.764	118.602	0	63.047	0	0	
0	[SLPS]	0	233.218	118.832	0	63.059	0	0	
0	[SLPS]	0	233.679	119.066	0	63.073	0	0	
0	[SLPS]	0	233.679	119.066	0	63.073	0	0	
0	[SLPS]	0	234.583	119.525	0	63.108	0	0	
0	[SLPS]	0	234.583	119.525	0	63.108	0	0	
0	[SLPS]	0	235.037	119.761	0	63.115	0	0	
0	[SLPS]	0	235.496	119.996	0	63.128	0	0	
0	[SLPS]	0	235.496	119.996	0	63.128	0	0	
0	[SLPS]	0	236.407	120.465	0	63.160	0	0	
0	[SLPS]	0	236.407	120.465	0	63.160	0	0	
0	[SLPS]	0	236.865	120.702	0	63.177	0	0	
0	[SLPS]	0	237.326	120.937	0	63.197	0	0	
0	[SLPS]	0	237.326	120.937	0	63.197	0	0	
0	[SLPS]	0	238.237	121.393	0	63.230	0	0	
0	[SLPS]	0	238.237	121.393	0	63.230	0	0	
0	[SLPS]	0	238.710	121.628	0	63.244	0	0	
0	[SLPS]	0	239.168	121.869	0	63.247	0	0	
0	[SLPS]	0	239.168	121.869	0	63.247	0	0	
0	[SLPS]	0	240.080	122.326	0	63.291	0	0	
0	[SLPS]	0	240.080	122.326	0	63.291	0	0	
0	[SLPS]	0	240.546	122.552	0	63.321	0	0	
0	[SLPS]	0	241.005	122.787	0	63.334	0	0	
0	[SLPS]	0	241.465	123.018	0	63.349	0	0	
0	[SLPS]	0	241.926	123.240	0	63.371	0	0	
0	[SLPS]	0	241.926	123.240	0	63.371	0	0	
0	[SLPS]	0	242.853	123.701	0	63.411	0	0	
0	[SLPS]	0	242.853	123.701	0	63.411	0	0	
0	[SLPS]	0	243.314	123.930	0	63.431	0	0	
0	[SLPS]	0	243.766	124.163	0	63.442	0	0	
0	[SLPS]	0	243.766	124.163	0	63.442	0	0	
0	[SLPS]	0	244.680	124.624	0	63.466	0	0	
0	[SLPS]	0	244.680	124.624	0	63.466	0	0	
0	[SLPS]	0	245.138	124.854	0	63.465	0	0	
0	[SLPS]	0	245.596	125.084	0	63.460	0	0	
0	[SLPS]	0	245.596	125.084	0	63.460	0	0	
0	[SLPS]	0	246.514	125.548	0	63.416	0	0	
0	[SLPS]	0	246.514	125.548	0	63.416	0	0	
0	[SLPS]	0	246.971	125.778	0	63.391	0	0	
0	[SLPS]	0	247.416	126.012	0	63.361	0	0	
0	[SLPS]	0	247.416	126.012	0	63.361	0	0	
0	[SLPS]	0	247.868	126.244	0	63.339	0	0	
0	[SLPS]	0	248.329	126.473	0	63.320	0	0	
0	[SLPS]	0	248.783	126.704	0	63.297	0	0	
0	[SLPS]	0	249.228	126.939	0	63.269	0	0	
0	[SLPS]	0	249.228	126.939	0	63.269	0	0	
0	[SLPS]	0	250.141	127.404	0	63.225	0	0	
0	[SLPS]	0	250.141	127.404	0	63.225	0	0	
0	[SLPS]	0	250.593	127.635	0	63.198	0	0	
0	[SLPS]	0	251.048	127.860	0	63.178	0	0	
0	[SLPS]	0	251.048	127.860	0	63.178	0	0	
0	[SLPS]	0	251.959	128.321	0	63.112	0	0	
0	[SLPS]	0	251.959	128.321	0	63.112	0	0	
0	[SLPS]	0	252.411	128.552	0	63.075	0	0	
0	[SLPS]	0	252.857	128.777	0	63.044	0	0	
0	[SLPS]	0	252.857	128.777	0	63.044	0	0	
0	[SLPS]	0	253.766	129.239	0	62.991	0	0	
0	[SLPS]	0	253.766	129.239	0	62.991	0	0	
0	[SLPS]	0	254.216	129.469	0	62.960	0	0	
0	[SLPS]	0	254.682	129.692	0	62.944	0	0	
0	[SLPS]	0	254.682	129.692	0	62.944	0	0	
0	[SLPS]	0	255.593	130.156	0	62.918	0	0	
0	[SLPS]	0	255.593	130.156	0	62.918	0	0	
0	[SLPS]	0	256.044	130.386	0	62.922	0	0	
0	[SLPS]	0	256.486	130.618	0	62.926	0	0	
0	[SLPS]	0	256.486	130.618	0	62.926	0	0	
0	[SLPS]	0	257.388	131.083	0	62.946	0	0	
0	[SLPS]	0	257.388	131.083	0	62.946	0	0	
0	[SLPS]	0	257.837	131.313	0	62.942	0	0	
0	[SLPS]	0	258.280	131.545	0	62.944	0	0	
0	[SLPS]	0	258.280	131.545	0	62.944	0	0	
0	[SLPS]	0	259.180	132.005	0	62.951	0	0	
0	[SLPS]	0	259.180	132.005	0	62.951	0	0	
0	[SLPS]	0	259.628	132.234	0	62.953	0	0	
0	[SLPS]	0	260.073	132.460	0	62.954	0	0	
0	[SLPS]	0	260.523	132.690	0	62.955	0	0	
0	[SLPS]	0	260.971	132.916	0	62.962	0	0	
0	[SLPS]	0	260.971	132.916	0	62.962	0	0	
0	[SLPS]	0	261.856	133.374	0	62.946	0	0	
0	[SLPS]	0	261.856	133.374	0	62.946	0	0	
0	[SLPS]	0	262.303	133.603	0	62.945	0	0	
0	[SLPS]	0	262.751	133.833	0	62.943	0	0	
0	[SLPS]	0	262.751	133.833	0	62.943	0	0	
0	[SLPS]	0	263.196	134.062	0	62.936	0	0	
0	[SLPS]	0	263.635	134.286	0	62.941	0	0	
0	[SLPS]	0	264.085	134.516	0	62.946	0	0	
0	[SLPS]	0	264.532	134.748	0	62.943	0	0	
0	[SLPS]	0	264.532	134.748	0	62.943	0	0	
0	[SLPS]	0	265.417	135.200	0	62.933	0	0	
0	[SLPS]	0	265.417	135.200	0	62.933	0	0	
0	[SLPS]	0	265.859	135.426	0	62.938	0	0	
0	[SLPS]	0	266.298	135.650	0	62.945	0	0	
0	[SLPS]	0	266.298	135.650	0	62.945	0	0	
0	[SLPS]	0	267.162	136.098	0	62.943	0	0	
0	[SLPS]	0	267.162	136.098	0	62.943	0	0	
0	[SLPS]	0	267.597	136.324	0	62.932	0	0	
0	[SLPS]	0	268.030	136.548	0	62.929	0	0	
0	[SLPS]	0	268.464	136.771	0	62.930	0	0	
0	[SLPS]	0	268.897	136.985	0	62.940	0	0	
0	[SLPS]	0	268.897	136.985	0	62.940	0	0	
0	[SLPS]	0	269.764	137.431	0	62.950	0	0	
0	[SLPS]	0	269.764	137.431	0	62.950	0	0	
0	[SLPS]	0	270.203	137.657	0	62.954	0	0	
0	[SLPS]	0	270.626	137.871	0	62.957	0	0	
0	[SLPS]	0	270.626	137.871	0	62.957	0	0	
0	[SLPS]	0	271.483	138.312	0	62.943	0	0	
0	[SLPS]	0	271.483	138.312	0	62.943	0	0	
0	[SLPS]	0	271.911	138.526	0	62.943	0	0	
0	[SLPS]	0	272.342	138.745	0	62.947	0	0	
0	[SLPS]	0	272.342	138.745	0	62.947	0	0	
0	[SLPS]	0	273.200	139.182	0	62.956	0	0	
0	[SLPS]	0	273.200	139.182	0	62.956	0	0	
0	[SLPS]	0	273.623	139.397	0	62.961	0	0	
0	[SLPS]	0	274.051	139.619	0	62.962	0	0	
0	[SLPS]	0	274.051	139.619	0	62.962	0	0	
0	[SLPS]	0	274.898	140.050	0	62.986	0	0	
0	[SLPS]	0	274.898	140.050	0	62.986	0	0	
0	[SLPS]	0	275.320	140.265	0	62.996	0	0	
0	[SLPS]	0	275.732	140.475	0	63.003	0	0	
0	[SLPS]	0	275.732	140.475	0	63.003	0	0	
0	[SLPS]	0	276.572	140.905	0	63.006	0	0	
0	[SLPS]	0	276.572	140.905	0	63.006	0	0	
0	[SLPS]	0	276.990	141.118	0	63.007	0	0	
0	[SLPS]	0	277.401	141.328	0	63.013	0	0	
0	[SLPS]	0	277.401	141.328	0	63.013	0	0	
0	[SLPS]	0	278.236	141.756	0	63.033	0	0	
0	[SLPS]	0	278.236	141.756	0	63.033	0	0	
0	[SLPS]	0	278.650	141.968	0	63.039	0	0	
0	[SLPS]	0	279.057	142.176	0	63.042	0	0	
0	[SLPS]	0	279.057	142.176	0	63.042	0	0	
0	[SLPS]	0	279.878	142.601	0	63.040	0	0	
0	[SLPS]	0	279.878	142.601	0	63.040	0	0	
0	[SLPS]	0	280.287	142.811	0	63.041	0	0	
0	[SLPS]	0	280.697	143.017	0	63.047	0	0	
0	[SLPS]	0	280.697	143.017	0	63.047	0	0	
0	[SLPS]	0	281.510	143.440	0	63.047	0	0	
0	[SLPS]	0	281.510	143.440	0	63.047	0	0	
0	[SLPS]	0	281.915	143.649	0	63.035	0	0	
0	[SLPS]	0	282.319	143.850	0	63.031	0	0	
0	[SLPS]	0	282.319	143.850	0	63.031	0	0	
0	[SLPS]	0	283.135	144.267	0	63.015	0	0	
0	[SLPS]	0	283.135	144.267	0	63.015	0	0	
0	[SLPS]	0	283.538	144.474	0	63.014	0	0	
0	[SLPS]	0	283.937	144.676	0	63.007	0	0	
0	[SLPS]	0	284.343	144.882	0	63.004	0	0	
0	[SLPS]	0	284.753	145.091	0	63.001	0	0	
0	[SLPS]	0	284.753	145.091	0	63.001	0	0	
0	[SLPS]	0	285.547	145.499	0	62.976	0	0	
0	[SLPS]	0	285.547	145.499	0	62.976	0	0	
0	[SLPS]	0	285.949	145.701	0	62.965	0	0	
0	[SLPS]	0	286.347	145.905	0	62.949	0	0	
0	[SLPS]	0	286.347	145.905	0	62.949	0	0	
0	[SLPS]	0	287.134	146.307	0	62.921	0	0	
0	[SLPS]	0	287.134	146.307	0	62.921	0	0	
0	[SLPS]	0	287.529	146.513	0	62.907	0	0	
0	[SLPS]	0	287.928	146.716	0	62.889	0	0	
0	[SLPS]	0	287.928	146.716	0	62.889	0	0	
0	[SLPS]	0	288.708	147.121	0	62.856	0	0	
0	[SLPS]	0	288.708	147.121	0	62.856	0	0	
0	[SLPS]	0	289.102	147.322	0	62.842	0	0	
0	[SLPS]	0	289.491	147.528	0	62.822	0	0	
0	[SLPS]	0	289.491	147.528	0	62.822	0	0	
0	[SLPS]	0	290.266	147.928	0	62.784	0	0	
0	[SLPS]	0	290.266	147.928	0	62.784	0	0	
0	[SLPS]	0	290.655	148.130	0	62.760	0	0	
0	[SLPS]	0	291.042	148.329	0	62.751	0	0	
0	[SLPS]	0	291.042	148.329	0	62.751	0	0	
0	[SLPS]	0	291.811	148.728	0	62.720	0	0	
0	[SLPS]	0	291.811	148.728	0	62.720	0	0	
0	[SLPS]	0	292.193	148.928	0	62.698	0	0	
0	[SLPS]	0	292.578	149.129	0	62.670	0	0	
0	[SLPS]	0	292.578	149.129	0	62.670	0	0	
0	[SLPS]	0	293.333	149.521	0	62.629	0	0	
0	[SLPS]	0	293.333	149.521	0	62.629	0	0	
0	[SLPS]	0	293.716	149.719	0	62.612	0	0	
0	[SLPS]	0	294.095	149.914	0	62.601	0	0	
0	[SLPS]	0	294.095	149.914	0	62.601	0	0	
0	[SLPS]	0	294.845	150.308	0	62.570	0	0	
0	[SLPS]	0	294.845	150.308	0	62.570	0	0	
0	[SLPS]	0	295.224	150.508	0	62.549	0	0	
0	[SLPS]	0	295.600	150.705	0	62.527	0	0	
0	[SLPS]	0	295.600	150.705	0	62.527	0	0	
0	[SLPS]	0	296.345	151.088	0	62.501	0	0	
0	[SLPS]	0	296.345	151.088	0	62.501	0	0	
0	[SLPS]	0	296.718	151.281	0	62.492	0	0	
0	[SLPS]	0	297.091	151.475	0	62.480	0	0	
0	[SLPS]	0	297.091	151.475	0	62.480	0	0	
0	[SLPS]	0	297.824	151.861	0	62.443	0	0	
0	[SLPS]	0	297.824	151.861	0	62.443	0	0	
0	[SLPS]	0	298.203	152.061	0	62.412	0	0	
0	[SLPS]	0	298.569	152.258	0	62.389	0	0	
0	[SLPS]	0	298.569	152.258	0	62.389	0	0	
0	[SLPS]	0	299.296	152.640	0	62.357	0	0	
0	[SLPS]	0	299.296	152.640	0	62.357	0	0	
0	[SLPS]	0	299.661	152.834	0	62.346	0	0	
0	[SLPS]	0	300.026	153.026	0	62.334	0	0	
0	[SLPS]	0	300.026	153.026	0	62.334	0	0	
0	[SLPS]	0	300.744	153.406	0	62.294	0	0	
0	[SLPS]	0	300.744	153.406	0	62.294	0	0	
0	[SLPS]	0	301.104	153.596	0	62.273	0	0	
0	[SLPS]	0	301.475	153.783	0	62.261	0	0	
0	[SLPS]	0	301.835	153.973	0	62.238	0	0	
0	[SLPS]	0	302.185	154.163	0	62.207	0	0	
0	[SLPS]	0	302.185	154.163	0	62.207	0	0	
0	[SLPS]	0	302.901	154.546	0	62.128	0	0	
0	[SLPS]	0	302.901	154.546	0	62.128	0	0	
0	[SLPS]	0	303.257	154.735	0	62.073	0	0	
0	[SLPS]	0	303.610	154.917	0	62.028	0	0	
0	[SLPS]	0	303.610	154.917	0	62.028	0	0	
0	[SLPS]	0	304.322	155.299	0	61.952	0	0	
0	[SLPS]	0	304.322	155.299	0	61.952	0	0	
0	[SLPS]	0	304.673	155.488	0	61.901	0	0	
0	[SLPS]	0	305.016	155.682	0	61.835	0	0	
0	[SLPS]	0	305.016	155.682	0	61.835	0	0	
0	[SLPS]	0	305.722	156.061	0	61.733	0	0	
0	[SLPS]	0	305.722	156.061	0	61.733	0	0	
0	[SLPS]	0	306.070	156.251	0	61.705	0	0	
0	[SLPS]	0	306.413	156.435	0	61.663	0	0	
0	[SLPS]	0	306.413	156.435	0	61.663	0	0	
0	[SLPS]	0	306.761	156.623	0	61.607	0	0	
0	[SLPS]	0	307.108	156.811	0	61.545	0	0	
0	[SLPS]	0	307.452	156.999	0	61.485	0	0	
0	[SLPS]	0	307.789	157.189	0	61.430	0	0	
0	[SLPS]	0	307.789	157.189	0	61.430	0	0	
0	[SLPS]	0	308.476	157.561	0	61.321	0	0	
0	[SLPS]	0	308.476	157.561	0	61.321	0	0	
0	[SLPS]	0	308.816	157.748	0	61.263	0	0	
0	[SLPS]	0	309.147	157.938	0	61.210	0	0	
0	[SLPS]	0	309.147	157.938	0	61.210	0	0	
0	[SLPS]	0	309.822	158.314	0	61.110	0	0	
0	[SLPS]	0	309.822	158.314	0	61.110	0	0	
0	[SLPS]	0	310.157	158.501	0	61.055	0	0	
0	[SLPS]	0	310.484	158.689	0	61.003	0	0	
0	[SLPS]	0	310.484	158.689	0	61.003	0	0	
0	[SLPS]	0	311.158	159.066	0	60.919	0	0	
0	[SLPS]	0	311.158	159.066	0	60.919	0	0	
0	[SLPS]	0	311.488	159.252	0	60.884	0	0	
0	[SLPS]	0	311.813	159.433	0	60.837	0	0	
0	[SLPS]	0	311.813	159.433	0	60.837	0	0	
0	[SLPS]	0	312.468	159.803	0	60.731	0	0	
0	[SLPS]	0	312.468	159.803	0	60.731	0	0	
0	[SLPS]	0	312.794	159.988	0	60.675	0	0	
0	[SLPS]	0	313.118	160.172	0	60.626	0	0	
0	[SLPS]	0	313.118	160.172	0	60.626	0	0	
0	[SLPS]	0	313.768	160.540	0	60.535	0	0	
0	[SLPS]	0	313.768	160.540	0	60.535	0	0	
0	[SLPS]	0	314.089	160.723	0	60.488	0	0	
0	[SLPS]	0	314.405	160.899	0	60.450	0	0	
0	[SLPS]	0	314.405	160.899	0	60.450	0	0	
0	[SLPS]	0	315.041	161.263	0	60.364	0	0	
0	[SLPS]	0	315.041	161.263	0	60.364	0	0	
0	[SLPS]	0	315.358	161.445	0	60.329	0	0	
0	[SLPS]	0	315.672	161.629	0	60.291	0	0	
0	[SLPS]	0	315.672	161.629	0	60.291	0	0	
0	[SLPS]	0	316.305	161.996	0	60.221	0	0	
0	[SLPS]	0	316.305	161.996	0	60.221	0	0	
0	[SLPS]	0	316.620	162.179	0	60.189	0	0	
0	[SLPS]	0	316.939	162.366	0	60.152	0	0	
0	[SLPS]	0	317.254	162.549	0	60.118	0	0	
0	[SLPS]	0	317.574	162.733	0	60.084	0	0	
0	[SLPS]	0	317.574	162.733	0	60.084	0	0	
0	[SLPS]	0	317.888	162.915	0	60.053	0	0	
0	[SLPS]	0	318.196	163.097	0	60.015	0	0	
0	[SLPS]	0	318.508	163.279	0	59.973	0	0	
0	[SLPS]	0	318.830	163.468	0	59.926	0	0	
0	[SLPS]	0	318.830	163.468	0	59.926	0	0	
0	[SLPS]	0	319.143	163.651	0	59.881	0	0	
0	[SLPS]	0	319.449	163.826	0	59.846	0	0	
0	[SLPS]	0	319.761	164.009	0	59.815	0	0	
0	[SLPS]	0	320.071	164.190	0	59.781	0	0	
0	[SLPS]	0	320.071	164.190	0	59.781	0	0	
0	[SLPS]	0	320.380	164.372	0	59.741	0	0	
0	[SLPS]	0	320.686	164.549	0	59.695	0	0	
0	[SLPS]	0	320.995	164.731	0	59.659	0	0	
0	[SLPS]	0	321.305	164.913	0	59.618	0	0	
0	[SLPS]	0	321.305	164.913	0	59.618	0	0	
0	[SLPS]	0	321.918	165.283	0	59.543	0	0	
0	[SLPS]	0	321.918	165.283	0	59.543	0	0	
0	[SLPS]	0	322.226	165.465	0	59.506	0	0	
0	[SLPS]	0	322.534	165.648	0	59.477	0	0	
0	[SLPS]	0	322.534	165.648	0	59.477	0	0	
0	[SLPS]	0	323.139	166.013	0	59.418	0	0	
0	[SLPS]	0	323.139	166.013	0	59.418	0	0	
0	[SLPS]	0	323.447	166.197	0	59.386	0	0	
0	[SLPS]	0	323.754	166.383	0	59.344	0	0	
0	[SLPS]	0	323.754	166.383	0	59.344	0	0	
0	[SLPS]	0	324.363	166.750	0	59.257	0	0	
0	[SLPS]	0	324.363	166.750	0	59.257	0	0	
0	[SLPS]	0	324.670	166.934	0	59.227	0	0	
0	[SLPS]	0	324.980	167.117	0	59.205	0	0	
0	[SLPS]	0	324.980	167.117	0	59.205	0	0	
0	[SLPS]	0	325.590	167.484	0	59.168	0	0	
0	[SLPS]	0	325.590	167.484	0	59.168	0	0	
0	[SLPS]	0	325.898	167.669	0	59.140	0	0	
0	[SLPS]	0	326.206	167.855	0	59.111	0	0	
0	[SLPS]	0	326.511	168.039	0	59.085	0	0	
0	[SLPS]	0	326.808	168.222	0	59.069	0	0	
0	[SLPS]	0	326.808	168.222	0	59.069	0	0	
0	[SLPS]	0	327.417	168.589	0	59.071	0	0	
0	[SLPS]	0	327.417	168.589	0	59.071	0	0	
0	[SLPS]	0	327.720	168.773	0	59.067	0	0	
0	[SLPS]	0	328.021	168.953	0	59.057	0	0	
0	[SLPS]	0	328.021	168.953	0	59.057	0	0	
0	[SLPS]	0	328.628	169.314	0	59.049	0	0	
0	[SLPS]	0	328.628	169.314	0	59.049	0	0	
0	[SLPS]	0	328.930	169.495	0	59.055	0	0	
0	[SLPS]	0	329.234	169.677	0	59.052	0	0	
0	[SLPS]	0	329.234	169.677	0	59.052	0	0	
0	[SLPS]	0	329.844	170.043	0	59.029	0	0	
0	[SLPS]	0	329.844	170.043	0	59.029	0	0	
0	[SLPS]	0	330.145	170.227	0	59.024	0	0	
0	[SLPS]	0	330.451	170.407	0	59.026	0	0	
0	[SLPS]	0	330.451	170.407	0	59.026	0	0	
0	[SLPS]	0	331.061	170.775	0	59.032	0	0	
0	[SLPS]	0	331.061	170.775	0	59.032	0	0	
0	[SLPS]	0	331.364	170.957	0	59.030	0	0	
0	[SLPS]	0	331.669	171.142	0	59.030	0	0	
0	[SLPS]	0	331.669	171.142	0	59.030	0	0	
0	[SLPS]	0	332.275	171.507	0	59.029	0	0	
0	[SLPS]	0	332.275	171.507	0	59.029	0	0	
0	[SLPS]	0	332.582	171.692	0	59.028	0	0	
0	[SLPS]	0	332.879	171.871	0	59.025	0	0	
0	[SLPS]	0	332.879	171.871	0	59.025	0	0	
0	[SLPS]	0	333.476	172.233	0	59.010	0	0	
0	[SLPS]	0	333.476	172.233	0	59.010	0	0	
0	[SLPS]	0	333.776	172.414	0	59.002	0	0	
0	[SLPS]	0	334.063	172.588	0	59.001	0	0	
0	[SLPS]	0	334.063	172.588	0	59.001	0	0	
0	[SLPS]	0	334.666	172.951	0	58.986	0	0	
0	[SLPS]	0	334.666	172.951	0	58.986	0	0	
0	[SLPS]	0	334.966	173.132	0	58.991	0	0	
0	[SLPS]	0	335.260	173.311	0	58.993	0	0	
0	[SLPS]	0	335.260	173.311	0	58.993	0	0	
0	[SLPS]	0	335.869	173.681	0	59.004	0	0	
0	[SLPS]	0	335.869	173.681	0	59.004	0	0	
0	[SLPS]	0	336.171	173.864	0	59.012	0	0	
0	[SLPS]	0	336.475	174.051	0	59.013	0	0	
0	[SLPS]	0	336.787	174.237	0	59.029	0	0	
0	[SLPS]	0	337.093	174.421	0	59.054	0	0	
0	[SLPS]	0	337.093	174.421	0	59.054	0	0	
0	[SLPS]	0	337.708	174.787	0	59.085	0	0	
0	[SLPS]	0	337.708	174.787	0	59.085	0	0	
0	[SLPS]	0	338.023	174.975	0	59.099	0	0	
0	[SLPS]	0	338.340	175.162	0	59.105	0	0	
0	[SLPS]	0	338.340	175.162	0	59.105	0	0	
0	[SLPS]	0	338.652	175.348	0	59.104	0	0	
0	[SLPS]	0	338.966	175.537	0	59.108	0	0	
0	[SLPS]	0	338.966	175.537	0	59.108	0	0	
0	[SLPS]	0	339.601	175.918	0	59.122	0	0	
0	[SLPS]	0	339.601	175.918	0	59.122	0	0	
0	[SLPS]	0	340.227	176.290	0	59.171	0	0	
0	[SLPS]	0	340.227	176.290	0	59.171	0	0	
0	[SLPS]	0	340.541	176.480	0	59.189	0	0	
0	[SLPS]	0	340.855	176.667	0	59.218	0	0	
0	[SLPS]	0	340.855	176.667	0	59.218	0	0	
0	[SLPS]	0	341.169	176.854	0	59.238	0	0	
0	[SLPS]	0	341.468	177.032	0	59.253	0	0	
0	[SLPS]	0	341.776	177.216	0	59.267	0	0	
0	[SLPS]	0	342.087	177.401	0	59.278	0	0	
0	[SLPS]	0	342.087	177.401	0	59.278	0	0	
0	[SLPS]	0	342.703	177.767	0	59.282	0	0	
0	[SLPS]	0	342.703	177.767	0	59.282	0	0	
0	[SLPS]	0	343.017	177.946	0	59.281	0	0	
0	[SLPS]	0	343.338	178.132	0	59.288	0	0	
0	[SLPS]	0	343.338	178.132	0	59.288	0	0	
0	[SLPS]	0	343.954	178.502	0	59.322	0	0	
0	[SLPS]	0	343.954	178.502	0	59.322	0	0	
0	[SLPS]	0	344.258	178.684	0	59.325	0	0	
0	[SLPS]	0	344.563	178.871	0	59.309	0	0	
0	[SLPS]	0	344.563	178.871	0	59.309	0	0	
0	[SLPS]	0	345.165	179.234	0	59.331	0	0	
0	[SLPS]	0	345.165	179.234	0	59.331	0	0	
0	[SLPS]	0	345.468	179.410	0	59.395	0	0	
0	[SLPS]	0	345.768	179.592	0	59.472	0	0	
0	[SLPS]	0	345.768	179.592	0	59.472	0	0	
0	[SLPS]	0	346.374	179.950	0	59.593	0	0	
0	[SLPS]	0	346.374	179.950	0	59.593	0	0	
0	[SLPS]	0	346.681	180.128	0	59.630	0	0	
0	[SLPS]	0	346.989	180.305	0	59.662	0	0	
0	[SLPS]	0	346.989	180.305	0	59.662	0	0	
0	[SLPS]	0	347.597	180.656	0	59.741	0	0	
0	[SLPS]	0	347.597	180.656	0	59.741	0	0	
0	[SLPS]	0	347.908	180.832	0	59.792	0	0	
0	[SLPS]	0	348.218	181.010	0	59.841	0	0	
0	[SLPS]	0	348.524	181.186	0	59.876	0	0	
0	[SLPS]	0	348.828	181.360	0	59.911	0	0	
0	[SLPS]	0	348.828	181.360	0	59.911	0	0	
0	[SLPS]	0	349.435	181.708	0	59.969	0	0	
0	[SLPS]	0	349.435	181.708	0	59.969	0	0	
0	[SLPS]	0	349.739	181.883	0	59.997	0	0	
0	[SLPS]	0	350.042	182.061	0	60.028	0	0	
0	[SLPS]	0	350.042	182.061	0	60.028	0	0	
0	[SLPS]	0	350.654	182.420	0	60.052	0	0	
0	[SLPS]	0	350.654	182.420	0	60.052	0	0	
0	[SLPS]	0	350.959	182.597	0	60.070	0	0	
0	[SLPS]	0	351.253	182.772	0	60.073	0	0	
0	[SLPS]	0	351.253	182.772	0	60.073	0	0	
0	[SLPS]	0	351.868	183.123	0	60.091	0	0	
0	[SLPS]	0	351.868	183.123	0	60.091	0	0	
0	[SLPS]	0	352.172	183.299	0	60.101	0	0	
0	[SLPS]	0	352.462	183.472	0	60.110	0	0	
0	[SLPS]	0	352.462	183.472	0	60.110	0	0	
