0	[SLPS]	0	-54.452	-23.666	0	63.543	0	0	
0	[SLPS]	0	-54.364	-23.618	0	63.510	0	0	
0	[SLPS]	0	-54.364	-23.618	0	63.510	0	0	
0	[SLPS]	0	-54.318	-23.596	0	63.492	0	0	
0	[SLPS]	0	-54.273	-23.573	0	63.472	0	0	
0	[SLPS]	0	-54.273	-23.573	0	63.472	0	0	
0	[SLPS]	0	-54.183	-23.524	0	63.439	0	0	
0	[SLPS]	0	-54.183	-23.524	0	63.439	0	0	
0	[SLPS]	0	-54.136	-23.501	0	63.423	0	0	
0	[SLPS]	0	-54.088	-23.474	0	63.413	0	0	
0	[SLPS]	0	-54.088	-23.474	0	63.413	0	0	
0	[SLPS]	0	-53.991	-23.423	0	63.396	0	0	
0	[SLPS]	0	-53.991	-23.423	0	63.396	0	0	
0	[SLPS]	0	-53.939	-23.397	0	63.387	0	0	
0	[SLPS]	0	-53.887	-23.371	0	63.380	0	0	
0	[SLPS]	0	-53.887	-23.371	0	63.380	0	0	
0	[SLPS]	0	-53.785	-23.315	0	63.376	0	0	
0	[SLPS]	0	-53.785	-23.315	0	63.376	0	0	
0	[SLPS]	0	-53.731	-23.287	0	63.376	0	0	
0	[SLPS]	0	-53.679	-23.260	0	63.378	0	0	
0	[SLPS]	0	-53.679	-23.260	0	63.378	0	0	
0	[SLPS]	0	-53.570	-23.205	0	63.359	0	0	
0	[SLPS]	0	-53.570	-23.205	0	63.359	0	0	
0	[SLPS]	0	-53.515	-23.178	0	63.365	0	0	
0	[SLPS]	0	-53.456	-23.150	0	63.377	0	0	
0	[SLPS]	0	-53.456	-23.150	0	63.377	0	0	
0	[SLPS]	0	-53.340	-23.090	0	63.392	0	0	
0	[SLPS]	0	-53.340	-23.090	0	63.392	0	0	
0	[SLPS]	0	-53.281	-23.061	0	63.400	0	0	
0	[SLPS]	0	-53.217	-23.027	0	63.403	0	0	
0	[SLPS]	0	-53.217	-23.027	0	63.403	0	0	
0	[SLPS]	0	-53.086	-22.962	0	63.436	0	0	
0	[SLPS]	0	-53.086	-22.962	0	63.436	0	0	
0	[SLPS]	0	-53.019	-22.928	0	63.451	0	0	
0	[SLPS]	0	-52.949	-22.894	0	63.466	0	0	
0	[SLPS]	0	-52.949	-22.894	0	63.466	0	0	
0	[SLPS]	0	-52.807	-22.823	0	63.484	0	0	
0	[SLPS]	0	-52.807	-22.823	0	63.484	0	0	
0	[SLPS]	0	-52.654	-22.746	0	63.505	0	0	
0	[SLPS]	0	-52.654	-22.746	0	63.505	0	0	
0	[SLPS]	0	-52.577	-22.708	0	63.518	0	0	
0	[SLPS]	0	-52.497	-22.667	0	63.531	0	0	
0	[SLPS]	0	-52.497	-22.667	0	63.531	0	0	
0	[SLPS]	0	-52.327	-22.578	0	63.541	0	0	
0	[SLPS]	0	-52.327	-22.578	0	63.541	0	0	
0	[SLPS]	0	-52.240	-22.535	0	63.533	0	0	
0	[SLPS]	0	-52.149	-22.489	0	63.548	0	0	
0	[SLPS]	0	-52.149	-22.489	0	63.548	0	0	
0	[SLPS]	0	-51.963	-22.394	0	63.561	0	0	
0	[SLPS]	0	-51.963	-22.394	0	63.561	0	0	
0	[SLPS]	0	-51.867	-22.347	0	63.567	0	0	
0	[SLPS]	0	-51.765	-22.292	0	63.565	0	0	
0	[SLPS]	0	-51.765	-22.292	0	63.565	0	0	
0	[SLPS]	0	-51.556	-22.185	0	63.581	0	0	
0	[SLPS]	0	-51.556	-22.185	0	63.581	0	0	
0	[SLPS]	0	-51.449	-22.131	0	63.592	0	0	
0	[SLPS]	0	-51.333	-22.072	0	63.603	0	0	
0	[SLPS]	0	-51.221	-22.015	0	63.612	0	0	
0	[SLPS]	0	-51.105	-21.957	0	63.622	0	0	
0	[SLPS]	0	-51.105	-21.957	0	63.622	0	0	
0	[SLPS]	0	-50.867	-21.843	0	63.654	0	0	
0	[SLPS]	0	-50.867	-21.843	0	63.654	0	0	
0	[SLPS]	0	-50.743	-21.780	0	63.657	0	0	
0	[SLPS]	0	-50.615	-21.721	0	63.686	0	0	
0	[SLPS]	0	-50.615	-21.721	0	63.686	0	0	
0	[SLPS]	0	-50.358	-21.594	0	63.706	0	0	
0	[SLPS]	0	-50.358	-21.594	0	63.706	0	0	
0	[SLPS]	0	-50.230	-21.525	0	63.695	0	0	
0	[SLPS]	0	-50.092	-21.458	0	63.715	0	0	
0	[SLPS]	0	-50.092	-21.458	0	63.715	0	0	
0	[SLPS]	0	-49.813	-21.316	0	63.715	0	0	
0	[SLPS]	0	-49.813	-21.316	0	63.715	0	0	
0	[SLPS]	0	-49.668	-21.246	0	63.734	0	0	
0	[SLPS]	0	-49.522	-21.172	0	63.744	0	0	
0	[SLPS]	0	-49.522	-21.172	0	63.744	0	0	
0	[SLPS]	0	-49.221	-21.023	0	63.766	0	0	
0	[SLPS]	0	-49.221	-21.023	0	63.766	0	0	
0	[SLPS]	0	-49.063	-20.945	0	63.776	0	0	
0	[SLPS]	0	-48.898	-20.864	0	63.797	0	0	
0	[SLPS]	0	-48.898	-20.864	0	63.797	0	0	
0	[SLPS]	0	-48.570	-20.702	0	63.815	0	0	
0	[SLPS]	0	-48.570	-20.702	0	63.815	0	0	
0	[SLPS]	0	-48.402	-20.617	0	63.823	0	0	
0	[SLPS]	0	-48.231	-20.531	0	63.835	0	0	
0	[SLPS]	0	-48.231	-20.531	0	63.835	0	0	
0	[SLPS]	0	-47.889	-20.362	0	63.886	0	0	
0	[SLPS]	0	-47.889	-20.362	0	63.886	0	0	
0	[SLPS]	0	-47.713	-20.274	0	63.903	0	0	
0	[SLPS]	0	-47.536	-20.183	0	63.899	0	0	
0	[SLPS]	0	-47.536	-20.183	0	63.899	0	0	
0	[SLPS]	0	-47.174	-20.004	0	63.898	0	0	
0	[SLPS]	0	-47.174	-20.004	0	63.898	0	0	
0	[SLPS]	0	-46.990	-19.914	0	63.904	0	0	
0	[SLPS]	0	-46.801	-19.822	0	63.911	0	0	
0	[SLPS]	0	-46.801	-19.822	0	63.911	0	0	
0	[SLPS]	0	-46.419	-19.629	0	63.877	0	0	
0	[SLPS]	0	-46.419	-19.629	0	63.877	0	0	
0	[SLPS]	0	-46.223	-19.530	0	63.870	0	0	
0	[SLPS]	0	-46.026	-19.432	0	63.859	0	0	
0	[SLPS]	0	-45.826	-19.333	0	63.856	0	0	
0	[SLPS]	0	-45.626	-19.238	0	63.874	0	0	
0	[SLPS]	0	-45.626	-19.238	0	63.874	0	0	
0	[SLPS]	0	-45.207	-19.030	0	63.871	0	0	
0	[SLPS]	0	-45.207	-19.030	0	63.871	0	0	
0	[SLPS]	0	-44.996	-18.926	0	63.876	0	0	
0	[SLPS]	0	-44.785	-18.820	0	63.865	0	0	
0	[SLPS]	0	-44.785	-18.820	0	63.865	0	0	
0	[SLPS]	0	-44.347	-18.605	0	63.874	0	0	
0	[SLPS]	0	-44.347	-18.605	0	63.874	0	0	
0	[SLPS]	0	-44.126	-18.497	0	63.875	0	0	
0	[SLPS]	0	-43.906	-18.380	0	63.834	0	0	
0	[SLPS]	0	-43.906	-18.380	0	63.834	0	0	
0	[SLPS]	0	-43.452	-18.157	0	63.830	0	0	
0	[SLPS]	0	-43.452	-18.157	0	63.830	0	0	
0	[SLPS]	0	-43.222	-18.044	0	63.824	0	0	
0	[SLPS]	0	-42.992	-17.926	0	63.812	0	0	
0	[SLPS]	0	-42.992	-17.926	0	63.812	0	0	
0	[SLPS]	0	-42.514	-17.688	0	63.787	0	0	
0	[SLPS]	0	-42.514	-17.688	0	63.787	0	0	
0	[SLPS]	0	-42.275	-17.569	0	63.784	0	0	
0	[SLPS]	0	-42.035	-17.453	0	63.773	0	0	
0	[SLPS]	0	-42.035	-17.453	0	63.773	0	0	
0	[SLPS]	0	-41.536	-17.204	0	63.751	0	0	
0	[SLPS]	0	-41.536	-17.204	0	63.751	0	0	
0	[SLPS]	0	-41.289	-17.081	0	63.737	0	0	
0	[SLPS]	0	-41.046	-16.963	0	63.729	0	0	
0	[SLPS]	0	-41.046	-16.963	0	63.729	0	0	
0	[SLPS]	0	-40.544	-16.707	0	63.676	0	0	
0	[SLPS]	0	-40.544	-16.707	0	63.676	0	0	
0	[SLPS]	0	-40.292	-16.582	0	63.660	0	0	
0	[SLPS]	0	-40.043	-16.462	0	63.671	0	0	
0	[SLPS]	0	-40.043	-16.462	0	63.671	0	0	
0	[SLPS]	0	-39.537	-16.204	0	63.625	0	0	
0	[SLPS]	0	-39.537	-16.204	0	63.625	0	0	
0	[SLPS]	0	-39.281	-16.076	0	63.611	0	0	
0	[SLPS]	0	-39.033	-15.950	0	63.597	0	0	
0	[SLPS]	0	-39.033	-15.950	0	63.597	0	0	
0	[SLPS]	0	-38.517	-15.689	0	63.593	0	0	
0	[SLPS]	0	-38.517	-15.689	0	63.593	0	0	
0	[SLPS]	0	-38.257	-15.559	0	63.612	0	0	
0	[SLPS]	0	-37.995	-15.427	0	63.630	0	0	
0	[SLPS]	0	-37.995	-15.427	0	63.630	0	0	
0	[SLPS]	0	-37.455	-15.160	0	63.674	0	0	
0	[SLPS]	0	-37.455	-15.160	0	63.674	0	0	
0	[SLPS]	0	-37.185	-15.026	0	63.690	0	0	
0	[SLPS]	0	-36.909	-14.887	0	63.687	0	0	
0	[SLPS]	0	-36.909	-14.887	0	63.687	0	0	
0	[SLPS]	0	-36.349	-14.607	0	63.706	0	0	
0	[SLPS]	0	-36.349	-14.607	0	63.706	0	0	
0	[SLPS]	0	-36.070	-14.468	0	63.708	0	0	
0	[SLPS]	0	-35.785	-14.326	0	63.711	0	0	
0	[SLPS]	0	-35.503	-14.187	0	63.720	0	0	
0	[SLPS]	0	-35.214	-14.046	0	63.738	0	0	
0	[SLPS]	0	-35.214	-14.046	0	63.738	0	0	
0	[SLPS]	0	-34.644	-13.769	0	63.781	0	0	
0	[SLPS]	0	-34.644	-13.769	0	63.781	0	0	
0	[SLPS]	0	-34.354	-13.628	0	63.787	0	0	
0	[SLPS]	0	-34.061	-13.482	0	63.765	0	0	
0	[SLPS]	0	-34.061	-13.482	0	63.765	0	0	
0	[SLPS]	0	-33.475	-13.198	0	63.742	0	0	
0	[SLPS]	0	-33.475	-13.198	0	63.742	0	0	
0	[SLPS]	0	-33.179	-13.052	0	63.719	0	0	
0	[SLPS]	0	-32.878	-12.900	0	63.679	0	0	
0	[SLPS]	0	-32.878	-12.900	0	63.679	0	0	
0	[SLPS]	0	-32.271	-12.594	0	63.612	0	0	
0	[SLPS]	0	-32.271	-12.594	0	63.612	0	0	
0	[SLPS]	0	-31.963	-12.444	0	63.596	0	0	
0	[SLPS]	0	-31.657	-12.292	0	63.572	0	0	
0	[SLPS]	0	-31.657	-12.292	0	63.572	0	0	
0	[SLPS]	0	-31.044	-11.976	0	63.459	0	0	
0	[SLPS]	0	-31.044	-11.976	0	63.459	0	0	
0	[SLPS]	0	-30.730	-11.816	0	63.408	0	0	
0	[SLPS]	0	-30.417	-11.657	0	63.366	0	0	
0	[SLPS]	0	-30.103	-11.498	0	63.317	0	0	
0	[SLPS]	0	-29.790	-11.335	0	63.262	0	0	
0	[SLPS]	0	-29.790	-11.335	0	63.262	0	0	
0	[SLPS]	0	-29.154	-11.010	0	63.167	0	0	
0	[SLPS]	0	-29.154	-11.010	0	63.167	0	0	
0	[SLPS]	0	-28.835	-10.847	0	63.121	0	0	
0	[SLPS]	0	-28.517	-10.686	0	63.086	0	0	
0	[SLPS]	0	-28.517	-10.686	0	63.086	0	0	
0	[SLPS]	0	-27.867	-10.350	0	62.989	0	0	
0	[SLPS]	0	-27.867	-10.350	0	62.989	0	0	
0	[SLPS]	0	-27.541	-10.183	0	62.940	0	0	
0	[SLPS]	0	-27.209	-10.018	0	62.917	0	0	
0	[SLPS]	0	-27.209	-10.018	0	62.917	0	0	
0	[SLPS]	0	-26.544	-9.675	0	62.877	0	0	
0	[SLPS]	0	-26.544	-9.675	0	62.877	0	0	
0	[SLPS]	0	-26.211	-9.503	0	62.877	0	0	
0	[SLPS]	0	-25.874	-9.327	0	62.875	0	0	
0	[SLPS]	0	-25.874	-9.327	0	62.875	0	0	
0	[SLPS]	0	-25.201	-8.979	0	62.861	0	0	
0	[SLPS]	0	-25.201	-8.979	0	62.861	0	0	
0	[SLPS]	0	-24.863	-8.805	0	62.865	0	0	
0	[SLPS]	0	-24.523	-8.635	0	62.879	0	0	
0	[SLPS]	0	-24.523	-8.635	0	62.879	0	0	
0	[SLPS]	0	-23.844	-8.284	0	62.871	0	0	
0	[SLPS]	0	-23.844	-8.284	0	62.871	0	0	
0	[SLPS]	0	-23.501	-8.108	0	62.867	0	0	
0	[SLPS]	0	-23.162	-7.935	0	62.866	0	0	
0	[SLPS]	0	-23.162	-7.935	0	62.866	0	0	
0	[SLPS]	0	-22.468	-7.584	0	62.880	0	0	
0	[SLPS]	0	-22.468	-7.584	0	62.880	0	0	
0	[SLPS]	0	-22.120	-7.407	0	62.881	0	0	
0	[SLPS]	0	-21.772	-7.229	0	62.883	0	0	
0	[SLPS]	0	-21.421	-7.047	0	62.879	0	0	
0	[SLPS]	0	-21.064	-6.869	0	62.891	0	0	
0	[SLPS]	0	-21.064	-6.869	0	62.891	0	0	
0	[SLPS]	0	-20.352	-6.499	0	62.877	0	0	
0	[SLPS]	0	-20.352	-6.499	0	62.877	0	0	
0	[SLPS]	0	-19.993	-6.314	0	62.876	0	0	
0	[SLPS]	0	-19.632	-6.128	0	62.874	0	0	
0	[SLPS]	0	-19.632	-6.128	0	62.874	0	0	
0	[SLPS]	0	-18.912	-5.759	0	62.890	0	0	
0	[SLPS]	0	-18.912	-5.759	0	62.890	0	0	
0	[SLPS]	0	-18.546	-5.570	0	62.892	0	0	
0	[SLPS]	0	-18.182	-5.379	0	62.887	0	0	
0	[SLPS]	0	-18.182	-5.379	0	62.887	0	0	
0	[SLPS]	0	-17.456	-4.999	0	62.884	0	0	
0	[SLPS]	0	-17.456	-4.999	0	62.884	0	0	
0	[SLPS]	0	-17.085	-4.812	0	62.901	0	0	
0	[SLPS]	0	-16.724	-4.617	0	62.888	0	0	
0	[SLPS]	0	-16.724	-4.617	0	62.888	0	0	
0	[SLPS]	0	-15.991	-4.243	0	62.912	0	0	
0	[SLPS]	0	-15.991	-4.243	0	62.912	0	0	
0	[SLPS]	0	-15.619	-4.050	0	62.920	0	0	
0	[SLPS]	0	-15.249	-3.853	0	62.906	0	0	
0	[SLPS]	0	-15.249	-3.853	0	62.906	0	0	
0	[SLPS]	0	-14.501	-3.475	0	62.921	0	0	
0	[SLPS]	0	-14.501	-3.475	0	62.921	0	0	
0	[SLPS]	0	-14.118	-3.278	0	62.920	0	0	
0	[SLPS]	0	-13.731	-3.086	0	62.938	0	0	
0	[SLPS]	0	-13.731	-3.086	0	62.938	0	0	
0	[SLPS]	0	-12.968	-2.700	0	62.949	0	0	
0	[SLPS]	0	-12.968	-2.700	0	62.949	0	0	
0	[SLPS]	0	-12.579	-2.500	0	62.947	0	0	
0	[SLPS]	0	-12.187	-2.302	0	62.951	0	0	
0	[SLPS]	0	-12.187	-2.302	0	62.951	0	0	
0	[SLPS]	0	-11.413	-1.905	0	62.960	0	0	
0	[SLPS]	0	-11.413	-1.905	0	62.960	0	0	
0	[SLPS]	0	-11.021	-1.705	0	62.966	0	0	
0	[SLPS]	0	-10.627	-1.505	0	62.972	0	0	
0	[SLPS]	0	-10.627	-1.505	0	62.972	0	0	
0	[SLPS]	0	-9.850	-1.099	0	62.957	0	0	
0	[SLPS]	0	-9.850	-1.099	0	62.957	0	0	
0	[SLPS]	0	-9.456	-0.901	0	62.965	0	0	
0	[SLPS]	0	-9.068	-0.700	0	62.953	0	0	
0	[SLPS]	0	-9.068	-0.700	0	62.953	0	0	
0	[SLPS]	0	-8.287	-0.302	0	62.954	0	0	
0	[SLPS]	0	-8.287	-0.302	0	62.954	0	0	
0	[SLPS]	0	-7.893	-0.101	0	62.959	0	0	
0	[SLPS]	0	-7.491	0.107	0	62.961	0	0	
0	[SLPS]	0	-7.491	0.107	0	62.961	0	0	
0	[SLPS]	0	-6.708	0.508	0	62.960	0	0	
0	[SLPS]	0	-6.708	0.508	0	62.960	0	0	
0	[SLPS]	0	-6.313	0.710	0	62.966	0	0	
0	[SLPS]	0	-5.916	0.914	0	62.969	0	0	
0	[SLPS]	0	-5.916	0.914	0	62.969	0	0	
0	[SLPS]	0	-5.117	1.323	0	62.970	0	0	
0	[SLPS]	0	-5.117	1.323	0	62.970	0	0	
0	[SLPS]	0	-4.710	1.525	0	62.983	0	0	
0	[SLPS]	0	-4.306	1.727	0	62.983	0	0	
0	[SLPS]	0	-4.306	1.727	0	62.983	0	0	
0	[SLPS]	0	-3.501	2.135	0	62.982	0	0	
0	[SLPS]	0	-3.501	2.135	0	62.982	0	0	
0	[SLPS]	0	-2.687	2.550	0	62.987	0	0	
0	[SLPS]	0	-2.687	2.550	0	62.987	0	0	
0	[SLPS]	0	-2.687	2.550	0	62.987	0	0	
0	[SLPS]	0	-1.884	2.964	0	63.015	0	0	
0	[SLPS]	0	-1.884	2.964	0	63.015	0	0	
0	[SLPS]	0	-1.475	3.175	0	63.033	0	0	
0	[SLPS]	0	-1.067	3.386	0	63.045	0	0	
0	[SLPS]	0	-0.659	3.594	0	63.059	0	0	
0	[SLPS]	0	-0.254	3.804	0	63.073	0	0	
0	[SLPS]	0	-0.254	3.804	0	63.073	0	0	
0	[SLPS]	0	0.564	4.218	0	63.118	0	0	
0	[SLPS]	0	0.564	4.218	0	63.118	0	0	
0	[SLPS]	0	0.976	4.427	0	63.142	0	0	
0	[SLPS]	0	1.390	4.631	0	63.178	0	0	
0	[SLPS]	0	1.390	4.631	0	63.178	0	0	
0	[SLPS]	0	2.222	5.052	0	63.226	0	0	
0	[SLPS]	0	2.222	5.052	0	63.226	0	0	
0	[SLPS]	0	2.637	5.261	0	63.246	0	0	
0	[SLPS]	0	3.054	5.472	0	63.260	0	0	
0	[SLPS]	0	3.054	5.472	0	63.260	0	0	
0	[SLPS]	0	3.472	5.683	0	63.286	0	0	
0	[SLPS]	0	3.893	5.891	0	63.316	0	0	
0	[SLPS]	0	4.311	6.100	0	63.341	0	0	
0	[SLPS]	0	4.729	6.308	0	63.369	0	0	
0	[SLPS]	0	4.729	6.308	0	63.369	0	0	
0	[SLPS]	0	5.569	6.731	0	63.418	0	0	
0	[SLPS]	0	5.569	6.731	0	63.418	0	0	
0	[SLPS]	0	5.989	6.941	0	63.436	0	0	
0	[SLPS]	0	6.419	7.156	0	63.454	0	0	
0	[SLPS]	0	6.419	7.156	0	63.454	0	0	
0	[SLPS]	0	7.270	7.575	0	63.490	0	0	
0	[SLPS]	0	7.270	7.575	0	63.490	0	0	
0	[SLPS]	0	7.692	7.784	0	63.490	0	0	
0	[SLPS]	0	8.109	7.995	0	63.480	0	0	
0	[SLPS]	0	8.109	7.995	0	63.480	0	0	
0	[SLPS]	0	8.962	8.419	0	63.470	0	0	
0	[SLPS]	0	8.962	8.419	0	63.470	0	0	
0	[SLPS]	0	9.385	8.630	0	63.467	0	0	
0	[SLPS]	0	9.796	8.838	0	63.467	0	0	
0	[SLPS]	0	10.222	9.054	0	63.464	0	0	
0	[SLPS]	0	10.647	9.269	0	63.460	0	0	
0	[SLPS]	0	10.647	9.269	0	63.460	0	0	
0	[SLPS]	0	11.496	9.693	0	63.448	0	0	
0	[SLPS]	0	11.496	9.693	0	63.448	0	0	
0	[SLPS]	0	11.923	9.910	0	63.425	0	0	
0	[SLPS]	0	12.349	10.121	0	63.407	0	0	
0	[SLPS]	0	12.349	10.121	0	63.407	0	0	
0	[SLPS]	0	13.191	10.553	0	63.361	0	0	
0	[SLPS]	0	13.191	10.553	0	63.361	0	0	
0	[SLPS]	0	13.618	10.768	0	63.351	0	0	
0	[SLPS]	0	14.042	10.981	0	63.340	0	0	
0	[SLPS]	0	14.042	10.981	0	63.340	0	0	
0	[SLPS]	0	14.892	11.416	0	63.296	0	0	
0	[SLPS]	0	14.892	11.416	0	63.296	0	0	
0	[SLPS]	0	15.319	11.631	0	63.272	0	0	
0	[SLPS]	0	15.748	11.845	0	63.252	0	0	
0	[SLPS]	0	15.748	11.845	0	63.252	0	0	
0	[SLPS]	0	16.595	12.274	0	63.214	0	0	
0	[SLPS]	0	16.595	12.274	0	63.214	0	0	
0	[SLPS]	0	17.026	12.492	0	63.202	0	0	
0	[SLPS]	0	17.453	12.709	0	63.193	0	0	
0	[SLPS]	0	17.880	12.925	0	63.198	0	0	
0	[SLPS]	0	18.303	13.141	0	63.214	0	0	
0	[SLPS]	0	18.303	13.141	0	63.214	0	0	
0	[SLPS]	0	18.734	13.358	0	63.241	0	0	
0	[SLPS]	0	19.163	13.578	0	63.252	0	0	
0	[SLPS]	0	19.163	13.578	0	63.252	0	0	
0	[SLPS]	0	20.023	14.013	0	63.272	0	0	
0	[SLPS]	0	20.023	14.013	0	63.272	0	0	
0	[SLPS]	0	20.453	14.230	0	63.281	0	0	
0	[SLPS]	0	20.885	14.449	0	63.287	0	0	
0	[SLPS]	0	20.885	14.449	0	63.287	0	0	
0	[SLPS]	0	21.753	14.883	0	63.283	0	0	
0	[SLPS]	0	21.753	14.883	0	63.283	0	0	
0	[SLPS]	0	22.187	15.102	0	63.268	0	0	
0	[SLPS]	0	22.618	15.317	0	63.260	0	0	
0	[SLPS]	0	23.050	15.534	0	63.252	0	0	
0	[SLPS]	0	23.487	15.764	0	63.239	0	0	
0	[SLPS]	0	23.487	15.764	0	63.239	0	0	
0	[SLPS]	0	24.362	16.205	0	63.238	0	0	
0	[SLPS]	0	24.362	16.205	0	63.238	0	0	
0	[SLPS]	0	24.796	16.425	0	63.232	0	0	
0	[SLPS]	0	25.226	16.651	0	63.217	0	0	
0	[SLPS]	0	25.226	16.651	0	63.217	0	0	
0	[SLPS]	0	26.102	17.095	0	63.205	0	0	
0	[SLPS]	0	26.102	17.095	0	63.205	0	0	
0	[SLPS]	0	26.538	17.317	0	63.208	0	0	
0	[SLPS]	0	26.971	17.533	0	63.207	0	0	
0	[SLPS]	0	26.971	17.533	0	63.207	0	0	
0	[SLPS]	0	27.851	17.973	0	63.204	0	0	
0	[SLPS]	0	27.851	17.973	0	63.204	0	0	
0	[SLPS]	0	28.289	18.195	0	63.195	0	0	
0	[SLPS]	0	28.721	18.413	0	63.186	0	0	
0	[SLPS]	0	28.721	18.413	0	63.186	0	0	
0	[SLPS]	0	29.601	18.859	0	63.167	0	0	
0	[SLPS]	0	29.601	18.859	0	63.167	0	0	
0	[SLPS]	0	30.039	19.080	0	63.146	0	0	
0	[SLPS]	0	30.482	19.299	0	63.120	0	0	
0	[SLPS]	0	30.482	19.299	0	63.120	0	0	
0	[SLPS]	0	31.367	19.751	0	63.035	0	0	
0	[SLPS]	0	31.367	19.751	0	63.035	0	0	
0	[SLPS]	0	31.807	19.975	0	62.987	0	0	
0	[SLPS]	0	32.241	20.205	0	62.937	0	0	
0	[SLPS]	0	32.683	20.432	0	62.902	0	0	
0	[SLPS]	0	33.126	20.660	0	62.867	0	0	
0	[SLPS]	0	33.126	20.660	0	62.867	0	0	
0	[SLPS]	0	34.004	21.117	0	62.792	0	0	
0	[SLPS]	0	34.004	21.117	0	62.792	0	0	
0	[SLPS]	0	34.446	21.347	0	62.754	0	0	
0	[SLPS]	0	34.888	21.579	0	62.721	0	0	
0	[SLPS]	0	34.888	21.579	0	62.721	0	0	
0	[SLPS]	0	35.329	21.809	0	62.697	0	0	
0	[SLPS]	0	35.765	22.039	0	62.671	0	0	
0	[SLPS]	0	36.203	22.267	0	62.652	0	0	
0	[SLPS]	0	36.655	22.503	0	62.643	0	0	
0	[SLPS]	0	36.655	22.503	0	62.643	0	0	
0	[SLPS]	0	37.536	22.961	0	62.624	0	0	
0	[SLPS]	0	37.536	22.961	0	62.624	0	0	
0	[SLPS]	0	37.980	23.192	0	62.623	0	0	
0	[SLPS]	0	38.428	23.420	0	62.635	0	0	
0	[SLPS]	0	38.428	23.420	0	62.635	0	0	
0	[SLPS]	0	39.308	23.879	0	62.641	0	0	
0	[SLPS]	0	39.308	23.879	0	62.641	0	0	
0	[SLPS]	0	39.757	24.115	0	62.632	0	0	
0	[SLPS]	0	40.203	24.345	0	62.626	0	0	
0	[SLPS]	0	40.203	24.345	0	62.626	0	0	
0	[SLPS]	0	41.096	24.804	0	62.649	0	0	
0	[SLPS]	0	41.096	24.804	0	62.649	0	0	
0	[SLPS]	0	41.547	25.034	0	62.658	0	0	
0	[SLPS]	0	41.994	25.270	0	62.652	0	0	
0	[SLPS]	0	41.994	25.270	0	62.652	0	0	
0	[SLPS]	0	42.890	25.738	0	62.643	0	0	
0	[SLPS]	0	42.890	25.738	0	62.643	0	0	
0	[SLPS]	0	43.341	25.972	0	62.642	0	0	
0	[SLPS]	0	43.796	26.204	0	62.650	0	0	
0	[SLPS]	0	44.245	26.437	0	62.658	0	0	
0	[SLPS]	0	44.691	26.666	0	62.668	0	0	
0	[SLPS]	0	44.691	26.666	0	62.668	0	0	
0	[SLPS]	0	45.584	27.134	0	62.666	0	0	
0	[SLPS]	0	45.584	27.134	0	62.666	0	0	
0	[SLPS]	0	46.034	27.367	0	62.664	0	0	
0	[SLPS]	0	46.487	27.596	0	62.677	0	0	
0	[SLPS]	0	46.487	27.596	0	62.677	0	0	
0	[SLPS]	0	47.394	28.064	0	62.699	0	0	
0	[SLPS]	0	47.394	28.064	0	62.699	0	0	
0	[SLPS]	0	47.845	28.298	0	62.710	0	0	
0	[SLPS]	0	48.296	28.533	0	62.717	0	0	
0	[SLPS]	0	48.296	28.533	0	62.717	0	0	
0	[SLPS]	0	49.209	29.002	0	62.752	0	0	
0	[SLPS]	0	49.209	29.002	0	62.752	0	0	
0	[SLPS]	0	49.663	29.236	0	62.765	0	0	
0	[SLPS]	0	50.116	29.468	0	62.782	0	0	
0	[SLPS]	0	50.116	29.468	0	62.782	0	0	
0	[SLPS]	0	51.029	29.939	0	62.797	0	0	
0	[SLPS]	0	51.029	29.939	0	62.797	0	0	
0	[SLPS]	0	51.483	30.173	0	62.799	0	0	
0	[SLPS]	0	51.933	30.405	0	62.804	0	0	
0	[SLPS]	0	51.933	30.405	0	62.804	0	0	
0	[SLPS]	0	52.856	30.879	0	62.818	0	0	
0	[SLPS]	0	52.856	30.879	0	62.818	0	0	
0	[SLPS]	0	53.312	31.114	0	62.823	0	0	
0	[SLPS]	0	53.772	31.353	0	62.821	0	0	
0	[SLPS]	0	53.772	31.353	0	62.821	0	0	
0	[SLPS]	0	54.699	31.821	0	62.831	0	0	
0	[SLPS]	0	54.699	31.821	0	62.831	0	0	
0	[SLPS]	0	55.158	32.056	0	62.835	0	0	
0	[SLPS]	0	55.618	32.293	0	62.833	0	0	
0	[SLPS]	0	55.618	32.293	0	62.833	0	0	
0	[SLPS]	0	56.542	32.769	0	62.832	0	0	
0	[SLPS]	0	56.542	32.769	0	62.832	0	0	
0	[SLPS]	0	57.460	33.240	0	62.844	0	0	
0	[SLPS]	0	57.460	33.240	0	62.844	0	0	
0	[SLPS]	0	57.921	33.476	0	62.852	0	0	
0	[SLPS]	0	58.380	33.716	0	62.847	0	0	
0	[SLPS]	0	58.380	33.716	0	62.847	0	0	
0	[SLPS]	0	59.301	34.186	0	62.849	0	0	
0	[SLPS]	0	59.301	34.186	0	62.849	0	0	
0	[SLPS]	0	59.763	34.423	0	62.854	0	0	
0	[SLPS]	0	60.224	34.658	0	62.861	0	0	
0	[SLPS]	0	60.224	34.658	0	62.861	0	0	
0	[SLPS]	0	61.144	35.132	0	62.862	0	0	
0	[SLPS]	0	61.144	35.132	0	62.862	0	0	
0	[SLPS]	0	61.605	35.368	0	62.866	0	0	
0	[SLPS]	0	62.065	35.607	0	62.865	0	0	
0	[SLPS]	0	62.065	35.607	0	62.865	0	0	
0	[SLPS]	0	62.982	36.078	0	62.885	0	0	
0	[SLPS]	0	62.982	36.078	0	62.885	0	0	
0	[SLPS]	0	63.442	36.316	0	62.893	0	0	
0	[SLPS]	0	63.903	36.552	0	62.893	0	0	
0	[SLPS]	0	63.903	36.552	0	62.893	0	0	
0	[SLPS]	0	64.825	37.023	0	62.899	0	0	
0	[SLPS]	0	64.825	37.023	0	62.899	0	0	
0	[SLPS]	0	65.288	37.259	0	62.906	0	0	
0	[SLPS]	0	65.750	37.498	0	62.908	0	0	
0	[SLPS]	0	65.750	37.498	0	62.908	0	0	
0	[SLPS]	0	66.668	37.967	0	62.913	0	0	
0	[SLPS]	0	66.668	37.967	0	62.913	0	0	
0	[SLPS]	0	67.133	38.200	0	62.922	0	0	
0	[SLPS]	0	67.599	38.438	0	62.933	0	0	
0	[SLPS]	0	67.599	38.438	0	62.933	0	0	
0	[SLPS]	0	68.528	38.917	0	62.934	0	0	
0	[SLPS]	0	68.528	38.917	0	62.934	0	0	
0	[SLPS]	0	68.994	39.152	0	62.941	0	0	
0	[SLPS]	0	69.458	39.390	0	62.944	0	0	
0	[SLPS]	0	69.919	39.627	0	62.955	0	0	
0	[SLPS]	0	70.364	39.858	0	62.953	0	0	
0	[SLPS]	0	70.364	39.858	0	62.953	0	0	
0	[SLPS]	0	70.826	40.094	0	62.950	0	0	
0	[SLPS]	0	71.289	40.330	0	62.960	0	0	
0	[SLPS]	0	71.749	40.566	0	62.963	0	0	
0	[SLPS]	0	72.204	40.799	0	62.965	0	0	
0	[SLPS]	0	72.204	40.799	0	62.965	0	0	
0	[SLPS]	0	72.671	41.039	0	62.950	0	0	
0	[SLPS]	0	73.133	41.271	0	62.945	0	0	
0	[SLPS]	0	73.593	41.506	0	62.957	0	0	
0	[SLPS]	0	74.050	41.736	0	62.964	0	0	
0	[SLPS]	0	74.050	41.736	0	62.964	0	0	
0	[SLPS]	0	74.972	42.211	0	62.962	0	0	
0	[SLPS]	0	74.972	42.211	0	62.962	0	0	
0	[SLPS]	0	75.431	42.446	0	62.959	0	0	
0	[SLPS]	0	75.888	42.678	0	62.964	0	0	
0	[SLPS]	0	75.888	42.678	0	62.964	0	0	
0	[SLPS]	0	76.806	43.151	0	62.958	0	0	
0	[SLPS]	0	76.806	43.151	0	62.958	0	0	
0	[SLPS]	0	77.263	43.386	0	62.953	0	0	
0	[SLPS]	0	77.717	43.614	0	62.952	0	0	
0	[SLPS]	0	77.717	43.614	0	62.952	0	0	
0	[SLPS]	0	78.636	44.087	0	62.960	0	0	
0	[SLPS]	0	78.636	44.087	0	62.960	0	0	
0	[SLPS]	0	79.093	44.321	0	62.959	0	0	
0	[SLPS]	0	79.550	44.555	0	62.957	0	0	
0	[SLPS]	0	79.550	44.555	0	62.957	0	0	
0	[SLPS]	0	80.471	45.022	0	62.957	0	0	
0	[SLPS]	0	80.471	45.022	0	62.957	0	0	
0	[SLPS]	0	80.928	45.256	0	62.958	0	0	
0	[SLPS]	0	81.380	45.489	0	62.954	0	0	
0	[SLPS]	0	81.380	45.489	0	62.954	0	0	
0	[SLPS]	0	82.298	45.959	0	62.949	0	0	
0	[SLPS]	0	82.298	45.959	0	62.949	0	0	
0	[SLPS]	0	83.208	46.422	0	62.958	0	0	
0	[SLPS]	0	83.208	46.422	0	62.958	0	0	
0	[SLPS]	0	83.664	46.653	0	62.963	0	0	
0	[SLPS]	0	84.123	46.885	0	62.963	0	0	
0	[SLPS]	0	84.123	46.885	0	62.963	0	0	
0	[SLPS]	0	84.588	47.122	0	62.960	0	0	
0	[SLPS]	0	85.040	47.353	0	62.957	0	0	
0	[SLPS]	0	85.040	47.353	0	62.957	0	0	
0	[SLPS]	0	85.957	47.818	0	62.982	0	0	
0	[SLPS]	0	85.957	47.818	0	62.982	0	0	
0	[SLPS]	0	86.412	48.050	0	62.991	0	0	
0	[SLPS]	0	86.857	48.283	0	62.993	0	0	
0	[SLPS]	0	87.316	48.514	0	63.007	0	0	
0	[SLPS]	0	87.774	48.748	0	63.018	0	0	
0	[SLPS]	0	87.774	48.748	0	63.018	0	0	
0	[SLPS]	0	88.229	48.980	0	63.029	0	0	
0	[SLPS]	0	88.681	49.211	0	63.038	0	0	
0	[SLPS]	0	89.140	49.446	0	63.041	0	0	
0	[SLPS]	0	89.598	49.680	0	63.047	0	0	
0	[SLPS]	0	89.598	49.680	0	63.047	0	0	
0	[SLPS]	0	90.503	50.138	0	63.058	0	0	
0	[SLPS]	0	90.503	50.138	0	63.058	0	0	
0	[SLPS]	0	90.961	50.372	0	63.068	0	0	
0	[SLPS]	0	91.419	50.606	0	63.072	0	0	
0	[SLPS]	0	91.419	50.606	0	63.072	0	0	
0	[SLPS]	0	92.325	51.072	0	63.084	0	0	
0	[SLPS]	0	92.325	51.072	0	63.084	0	0	
0	[SLPS]	0	92.780	51.307	0	63.084	0	0	
0	[SLPS]	0	93.234	51.538	0	63.096	0	0	
0	[SLPS]	0	93.234	51.538	0	63.096	0	0	
0	[SLPS]	0	94.142	51.994	0	63.112	0	0	
0	[SLPS]	0	94.142	51.994	0	63.112	0	0	
0	[SLPS]	0	94.595	52.227	0	63.116	0	0	
0	[SLPS]	0	95.045	52.458	0	63.112	0	0	
0	[SLPS]	0	95.496	52.688	0	63.116	0	0	
0	[SLPS]	0	95.943	52.912	0	63.119	0	0	
0	[SLPS]	0	95.943	52.912	0	63.119	0	0	
0	[SLPS]	0	96.845	53.371	0	63.138	0	0	
0	[SLPS]	0	96.845	53.371	0	63.138	0	0	
0	[SLPS]	0	97.292	53.598	0	63.138	0	0	
0	[SLPS]	0	97.736	53.824	0	63.141	0	0	
0	[SLPS]	0	97.736	53.824	0	63.141	0	0	
0	[SLPS]	0	98.630	54.282	0	63.139	0	0	
0	[SLPS]	0	98.630	54.282	0	63.139	0	0	
0	[SLPS]	0	99.075	54.508	0	63.147	0	0	
0	[SLPS]	0	99.517	54.729	0	63.158	0	0	
0	[SLPS]	0	99.517	54.729	0	63.158	0	0	
0	[SLPS]	0	100.409	55.185	0	63.157	0	0	
0	[SLPS]	0	100.409	55.185	0	63.157	0	0	
0	[SLPS]	0	100.851	55.409	0	63.156	0	0	
0	[SLPS]	0	101.295	55.627	0	63.165	0	0	
0	[SLPS]	0	101.295	55.627	0	63.165	0	0	
0	[SLPS]	0	102.183	56.073	0	63.163	0	0	
0	[SLPS]	0	102.183	56.073	0	63.163	0	0	
0	[SLPS]	0	102.624	56.295	0	63.151	0	0	
0	[SLPS]	0	103.066	56.513	0	63.150	0	0	
0	[SLPS]	0	103.066	56.513	0	63.150	0	0	
0	[SLPS]	0	103.948	56.962	0	63.138	0	0	
0	[SLPS]	0	103.948	56.962	0	63.138	0	0	
0	[SLPS]	0	104.387	57.184	0	63.138	0	0	
0	[SLPS]	0	104.822	57.403	0	63.128	0	0	
0	[SLPS]	0	104.822	57.403	0	63.128	0	0	
0	[SLPS]	0	105.702	57.856	0	63.092	0	0	
0	[SLPS]	0	105.702	57.856	0	63.092	0	0	
0	[SLPS]	0	106.140	58.079	0	63.077	0	0	
0	[SLPS]	0	106.572	58.300	0	63.055	0	0	
0	[SLPS]	0	106.572	58.300	0	63.055	0	0	
0	[SLPS]	0	107.443	58.748	0	63.013	0	0	
0	[SLPS]	0	107.443	58.748	0	63.013	0	0	
0	[SLPS]	0	107.877	58.971	0	63.007	0	0	
0	[SLPS]	0	108.309	59.192	0	62.995	0	0	
0	[SLPS]	0	108.744	59.417	0	62.974	0	0	
0	[SLPS]	0	109.179	59.640	0	62.950	0	0	
0	[SLPS]	0	109.179	59.640	0	62.950	0	0	
0	[SLPS]	0	110.042	60.085	0	62.916	0	0	
0	[SLPS]	0	110.042	60.085	0	62.916	0	0	
0	[SLPS]	0	110.476	60.309	0	62.908	0	0	
0	[SLPS]	0	110.909	60.531	0	62.910	0	0	
0	[SLPS]	0	110.909	60.531	0	62.910	0	0	
0	[SLPS]	0	111.763	60.971	0	62.906	0	0	
0	[SLPS]	0	111.763	60.971	0	62.906	0	0	
0	[SLPS]	0	112.194	61.192	0	62.903	0	0	
0	[SLPS]	0	112.625	61.415	0	62.896	0	0	
0	[SLPS]	0	112.625	61.415	0	62.896	0	0	
0	[SLPS]	0	113.478	61.851	0	62.896	0	0	
0	[SLPS]	0	113.478	61.851	0	62.896	0	0	
0	[SLPS]	0	113.909	62.069	0	62.898	0	0	
0	[SLPS]	0	114.337	62.288	0	62.901	0	0	
0	[SLPS]	0	114.337	62.288	0	62.901	0	0	
0	[SLPS]	0	115.191	62.723	0	62.898	0	0	
0	[SLPS]	0	115.191	62.723	0	62.898	0	0	
0	[SLPS]	0	115.629	62.944	0	62.899	0	0	
0	[SLPS]	0	116.056	63.161	0	62.900	0	0	
0	[SLPS]	0	116.056	63.161	0	62.900	0	0	
0	[SLPS]	0	116.902	63.601	0	62.894	0	0	
0	[SLPS]	0	116.902	63.601	0	62.894	0	0	
0	[SLPS]	0	117.326	63.819	0	62.900	0	0	
0	[SLPS]	0	117.752	64.034	0	62.920	0	0	
0	[SLPS]	0	117.752	64.034	0	62.920	0	0	
0	[SLPS]	0	118.594	64.472	0	62.956	0	0	
0	[SLPS]	0	118.594	64.472	0	62.956	0	0	
0	[SLPS]	0	119.018	64.689	0	62.969	0	0	
0	[SLPS]	0	119.444	64.911	0	62.977	0	0	
0	[SLPS]	0	119.444	64.911	0	62.977	0	0	
0	[SLPS]	0	120.287	65.334	0	63.019	0	0	
0	[SLPS]	0	120.287	65.334	0	63.019	0	0	
0	[SLPS]	0	120.708	65.549	0	63.038	0	0	
0	[SLPS]	0	121.133	65.768	0	63.049	0	0	
0	[SLPS]	0	121.554	65.982	0	63.055	0	0	
0	[SLPS]	0	121.973	66.190	0	63.067	0	0	
0	[SLPS]	0	121.973	66.190	0	63.067	0	0	
0	[SLPS]	0	122.397	66.404	0	63.071	0	0	
0	[SLPS]	0	122.820	66.620	0	63.073	0	0	
0	[SLPS]	0	123.241	66.833	0	63.070	0	0	
0	[SLPS]	0	123.661	67.047	0	63.059	0	0	
0	[SLPS]	0	123.661	67.047	0	63.059	0	0	
0	[SLPS]	0	124.506	67.475	0	63.052	0	0	
0	[SLPS]	0	124.506	67.475	0	63.052	0	0	
0	[SLPS]	0	124.926	67.688	0	63.052	0	0	
0	[SLPS]	0	125.343	67.904	0	63.059	0	0	
0	[SLPS]	0	125.343	67.904	0	63.059	0	0	
0	[SLPS]	0	126.182	68.333	0	63.046	0	0	
0	[SLPS]	0	126.182	68.333	0	63.046	0	0	
0	[SLPS]	0	126.601	68.547	0	63.041	0	0	
0	[SLPS]	0	127.011	68.756	0	63.028	0	0	
0	[SLPS]	0	127.011	68.756	0	63.028	0	0	
0	[SLPS]	0	127.848	69.180	0	62.984	0	0	
0	[SLPS]	0	127.848	69.180	0	62.984	0	0	
0	[SLPS]	0	128.265	69.392	0	62.961	0	0	
0	[SLPS]	0	128.675	69.599	0	62.935	0	0	
0	[SLPS]	0	128.675	69.599	0	62.935	0	0	
0	[SLPS]	0	129.507	70.027	0	62.903	0	0	
0	[SLPS]	0	129.507	70.027	0	62.903	0	0	
0	[SLPS]	0	129.921	70.241	0	62.881	0	0	
0	[SLPS]	0	130.339	70.475	0	62.845	0	0	
0	[SLPS]	0	130.339	70.475	0	62.845	0	0	
0	[SLPS]	0	131.182	70.906	0	62.845	0	0	
0	[SLPS]	0	131.182	70.906	0	62.845	0	0	
0	[SLPS]	0	131.598	71.123	0	62.865	0	0	
0	[SLPS]	0	132.017	71.349	0	62.860	0	0	
0	[SLPS]	0	132.017	71.349	0	62.860	0	0	
0	[SLPS]	0	132.868	71.778	0	62.809	0	0	
0	[SLPS]	0	132.868	71.778	0	62.809	0	0	
0	[SLPS]	0	133.703	72.193	0	62.810	0	0	
0	[SLPS]	0	133.703	72.193	0	62.810	0	0	
0	[SLPS]	0	134.123	72.409	0	62.818	0	0	
0	[SLPS]	0	134.534	72.635	0	62.807	0	0	
0	[SLPS]	0	134.534	72.635	0	62.807	0	0	
0	[SLPS]	0	134.951	72.849	0	62.771	0	0	
0	[SLPS]	0	135.362	73.063	0	62.736	0	0	
0	[SLPS]	0	135.780	73.265	0	62.772	0	0	
0	[SLPS]	0	136.195	73.475	0	62.813	0	0	
0	[SLPS]	0	136.195	73.475	0	62.813	0	0	
0	[SLPS]	0	137.020	73.910	0	62.784	0	0	
0	[SLPS]	0	137.020	73.910	0	62.784	0	0	
0	[SLPS]	0	137.432	74.128	0	62.731	0	0	
0	[SLPS]	0	137.846	74.343	0	62.694	0	0	
0	[SLPS]	0	137.846	74.343	0	62.694	0	0	
0	[SLPS]	0	138.681	74.766	0	62.700	0	0	
0	[SLPS]	0	138.681	74.766	0	62.700	0	0	
0	[SLPS]	0	139.103	74.982	0	62.735	0	0	
0	[SLPS]	0	139.528	75.194	0	62.772	0	0	
0	[SLPS]	0	139.528	75.194	0	62.772	0	0	
0	[SLPS]	0	140.359	75.632	0	62.817	0	0	
0	[SLPS]	0	140.359	75.632	0	62.817	0	0	
0	[SLPS]	0	140.782	75.850	0	62.817	0	0	
0	[SLPS]	0	141.202	76.067	0	62.824	0	0	
0	[SLPS]	0	141.202	76.067	0	62.824	0	0	
0	[SLPS]	0	142.035	76.487	0	62.892	0	0	
0	[SLPS]	0	142.035	76.487	0	62.892	0	0	
0	[SLPS]	0	142.457	76.704	0	62.915	0	0	
0	[SLPS]	0	142.878	76.920	0	62.929	0	0	
0	[SLPS]	0	142.878	76.920	0	62.929	0	0	
0	[SLPS]	0	143.709	77.343	0	62.957	0	0	
0	[SLPS]	0	143.709	77.343	0	62.957	0	0	
0	[SLPS]	0	144.131	77.560	0	62.975	0	0	
0	[SLPS]	0	144.560	77.779	0	62.990	0	0	
0	[SLPS]	0	144.560	77.779	0	62.990	0	0	
0	[SLPS]	0	145.415	78.212	0	63.050	0	0	
0	[SLPS]	0	145.415	78.212	0	63.050	0	0	
0	[SLPS]	0	145.843	78.433	0	63.074	0	0	
0	[SLPS]	0	146.272	78.653	0	63.093	0	0	
0	[SLPS]	0	146.272	78.653	0	63.093	0	0	
0	[SLPS]	0	147.121	79.082	0	63.126	0	0	
0	[SLPS]	0	147.121	79.082	0	63.126	0	0	
0	[SLPS]	0	147.549	79.299	0	63.145	0	0	
0	[SLPS]	0	147.979	79.515	0	63.167	0	0	
0	[SLPS]	0	147.979	79.515	0	63.167	0	0	
0	[SLPS]	0	148.835	79.945	0	63.202	0	0	
0	[SLPS]	0	148.835	79.945	0	63.202	0	0	
0	[SLPS]	0	149.263	80.164	0	63.202	0	0	
0	[SLPS]	0	149.695	80.382	0	63.214	0	0	
0	[SLPS]	0	150.124	80.598	0	63.232	0	0	
0	[SLPS]	0	150.555	80.809	0	63.265	0	0	
0	[SLPS]	0	150.555	80.809	0	63.265	0	0	
0	[SLPS]	0	151.416	81.247	0	63.281	0	0	
0	[SLPS]	0	151.416	81.247	0	63.281	0	0	
0	[SLPS]	0	151.847	81.464	0	63.272	0	0	
0	[SLPS]	0	152.281	81.684	0	63.264	0	0	
0	[SLPS]	0	152.281	81.684	0	63.264	0	0	
0	[SLPS]	0	153.148	82.120	0	63.266	0	0	
0	[SLPS]	0	153.148	82.120	0	63.266	0	0	
0	[SLPS]	0	153.580	82.339	0	63.266	0	0	
0	[SLPS]	0	154.012	82.559	0	63.264	0	0	
0	[SLPS]	0	154.012	82.559	0	63.264	0	0	
0	[SLPS]	0	154.881	83.000	0	63.257	0	0	
0	[SLPS]	0	154.881	83.000	0	63.257	0	0	
0	[SLPS]	0	155.314	83.219	0	63.253	0	0	
0	[SLPS]	0	155.746	83.435	0	63.249	0	0	
0	[SLPS]	0	156.185	83.657	0	63.243	0	0	
0	[SLPS]	0	156.622	83.878	0	63.229	0	0	
0	[SLPS]	0	156.622	83.878	0	63.229	0	0	
0	[SLPS]	0	157.487	84.314	0	63.212	0	0	
0	[SLPS]	0	157.487	84.314	0	63.212	0	0	
0	[SLPS]	0	157.924	84.536	0	63.200	0	0	
0	[SLPS]	0	158.359	84.762	0	63.189	0	0	
0	[SLPS]	0	158.359	84.762	0	63.189	0	0	
0	[SLPS]	0	159.232	85.205	0	63.163	0	0	
0	[SLPS]	0	159.232	85.205	0	63.163	0	0	
0	[SLPS]	0	159.682	85.432	0	63.160	0	0	
0	[SLPS]	0	160.122	85.657	0	63.152	0	0	
0	[SLPS]	0	160.122	85.657	0	63.152	0	0	
0	[SLPS]	0	160.991	86.100	0	63.096	0	0	
0	[SLPS]	0	160.991	86.100	0	63.096	0	0	
0	[SLPS]	0	161.430	86.327	0	63.067	0	0	
0	[SLPS]	0	161.866	86.549	0	63.026	0	0	
0	[SLPS]	0	161.866	86.549	0	63.026	0	0	
0	[SLPS]	0	162.743	86.991	0	62.972	0	0	
0	[SLPS]	0	162.743	86.991	0	62.972	0	0	
0	[SLPS]	0	163.184	87.218	0	62.931	0	0	
0	[SLPS]	0	163.625	87.444	0	62.894	0	0	
0	[SLPS]	0	163.625	87.444	0	62.894	0	0	
0	[SLPS]	0	164.502	87.898	0	62.804	0	0	
0	[SLPS]	0	164.502	87.898	0	62.804	0	0	
0	[SLPS]	0	164.942	88.126	0	62.782	0	0	
0	[SLPS]	0	165.381	88.360	0	62.779	0	0	
0	[SLPS]	0	165.820	88.589	0	62.796	0	0	
0	[SLPS]	0	166.260	88.813	0	62.801	0	0	
0	[SLPS]	0	166.260	88.813	0	62.801	0	0	
0	[SLPS]	0	167.145	89.277	0	62.802	0	0	
0	[SLPS]	0	167.145	89.277	0	62.802	0	0	
0	[SLPS]	0	167.587	89.506	0	62.803	0	0	
0	[SLPS]	0	168.026	89.731	0	62.805	0	0	
0	[SLPS]	0	168.026	89.731	0	62.805	0	0	
0	[SLPS]	0	168.469	89.961	0	62.807	0	0	
0	[SLPS]	0	168.921	90.184	0	62.838	0	0	
0	[SLPS]	0	169.366	90.412	0	62.860	0	0	
0	[SLPS]	0	169.802	90.643	0	62.878	0	0	
0	[SLPS]	0	169.802	90.643	0	62.878	0	0	
0	[SLPS]	0	170.697	91.101	0	62.938	0	0	
0	[SLPS]	0	170.697	91.101	0	62.938	0	0	
0	[SLPS]	0	171.143	91.330	0	62.978	0	0	
0	[SLPS]	0	171.584	91.556	0	63.018	0	0	
0	[SLPS]	0	171.584	91.556	0	63.018	0	0	
0	[SLPS]	0	172.480	92.011	0	63.071	0	0	
0	[SLPS]	0	172.480	92.011	0	63.071	0	0	
0	[SLPS]	0	172.927	92.238	0	63.088	0	0	
0	[SLPS]	0	173.371	92.462	0	63.109	0	0	
0	[SLPS]	0	173.371	92.462	0	63.109	0	0	
0	[SLPS]	0	174.277	92.909	0	63.139	0	0	
0	[SLPS]	0	174.277	92.909	0	63.139	0	0	
0	[SLPS]	0	174.726	93.135	0	63.144	0	0	
0	[SLPS]	0	175.176	93.375	0	63.136	0	0	
0	[SLPS]	0	175.176	93.375	0	63.136	0	0	
0	[SLPS]	0	176.080	93.834	0	63.115	0	0	
0	[SLPS]	0	176.080	93.834	0	63.115	0	0	
0	[SLPS]	0	176.530	94.062	0	63.099	0	0	
0	[SLPS]	0	176.967	94.288	0	63.083	0	0	
0	[SLPS]	0	176.967	94.288	0	63.083	0	0	
0	[SLPS]	0	177.871	94.749	0	63.068	0	0	
0	[SLPS]	0	177.871	94.749	0	63.068	0	0	
0	[SLPS]	0	178.320	94.973	0	63.052	0	0	
0	[SLPS]	0	178.774	95.205	0	63.030	0	0	
0	[SLPS]	0	178.774	95.205	0	63.030	0	0	
0	[SLPS]	0	179.681	95.662	0	63.003	0	0	
0	[SLPS]	0	179.681	95.662	0	63.003	0	0	
0	[SLPS]	0	180.132	95.892	0	62.996	0	0	
0	[SLPS]	0	180.582	96.125	0	62.987	0	0	
0	[SLPS]	0	180.582	96.125	0	62.987	0	0	
0	[SLPS]	0	181.486	96.593	0	62.979	0	0	
0	[SLPS]	0	181.486	96.593	0	62.979	0	0	
0	[SLPS]	0	181.938	96.824	0	62.981	0	0	
0	[SLPS]	0	182.387	97.051	0	62.993	0	0	
0	[SLPS]	0	182.387	97.051	0	62.993	0	0	
0	[SLPS]	0	183.298	97.519	0	63.008	0	0	
0	[SLPS]	0	183.298	97.519	0	63.008	0	0	
0	[SLPS]	0	183.751	97.751	0	63.016	0	0	
0	[SLPS]	0	184.195	97.978	0	63.031	0	0	
0	[SLPS]	0	184.195	97.978	0	63.031	0	0	
0	[SLPS]	0	185.108	98.444	0	63.090	0	0	
0	[SLPS]	0	185.108	98.444	0	63.090	0	0	
0	[SLPS]	0	185.562	98.675	0	63.122	0	0	
0	[SLPS]	0	186.019	98.905	0	63.152	0	0	
0	[SLPS]	0	186.019	98.905	0	63.152	0	0	
0	[SLPS]	0	186.940	99.372	0	63.202	0	0	
0	[SLPS]	0	186.940	99.372	0	63.202	0	0	
0	[SLPS]	0	187.397	99.604	0	63.227	0	0	
0	[SLPS]	0	187.853	99.836	0	63.258	0	0	
0	[SLPS]	0	187.853	99.836	0	63.258	0	0	
0	[SLPS]	0	188.777	100.299	0	63.309	0	0	
0	[SLPS]	0	188.777	100.299	0	63.309	0	0	
0	[SLPS]	0	189.237	100.530	0	63.331	0	0	
0	[SLPS]	0	189.691	100.763	0	63.338	0	0	
0	[SLPS]	0	190.152	100.995	0	63.346	0	0	
0	[SLPS]	0	190.614	101.226	0	63.347	0	0	
0	[SLPS]	0	190.614	101.226	0	63.347	0	0	
0	[SLPS]	0	191.084	101.462	0	63.341	0	0	
0	[SLPS]	0	191.548	101.693	0	63.330	0	0	
0	[SLPS]	0	192.013	101.927	0	63.314	0	0	
0	[SLPS]	0	192.474	102.157	0	63.296	0	0	
0	[SLPS]	0	192.474	102.157	0	63.296	0	0	
0	[SLPS]	0	193.385	102.623	0	63.256	0	0	
0	[SLPS]	0	193.385	102.623	0	63.256	0	0	
0	[SLPS]	0	193.851	102.856	0	63.244	0	0	
0	[SLPS]	0	194.314	103.090	0	63.235	0	0	
0	[SLPS]	0	194.314	103.090	0	63.235	0	0	
0	[SLPS]	0	195.232	103.559	0	63.198	0	0	
0	[SLPS]	0	195.232	103.559	0	63.198	0	0	
0	[SLPS]	0	195.698	103.797	0	63.182	0	0	
0	[SLPS]	0	196.162	104.032	0	63.167	0	0	
0	[SLPS]	0	196.162	104.032	0	63.167	0	0	
0	[SLPS]	0	197.089	104.503	0	63.142	0	0	
0	[SLPS]	0	197.089	104.503	0	63.142	0	0	
0	[SLPS]	0	197.555	104.739	0	63.124	0	0	
0	[SLPS]	0	198.021	104.979	0	63.110	0	0	
0	[SLPS]	0	198.485	105.216	0	63.100	0	0	
0	[SLPS]	0	198.945	105.450	0	63.093	0	0	
0	[SLPS]	0	198.945	105.450	0	63.093	0	0	
0	[SLPS]	0	199.878	105.925	0	63.061	0	0	
0	[SLPS]	0	199.878	105.925	0	63.061	0	0	
0	[SLPS]	0	200.343	106.162	0	63.047	0	0	
0	[SLPS]	0	200.804	106.402	0	63.030	0	0	
0	[SLPS]	0	200.804	106.402	0	63.030	0	0	
0	[SLPS]	0	201.736	106.881	0	62.990	0	0	
0	[SLPS]	0	201.736	106.881	0	62.990	0	0	
0	[SLPS]	0	202.200	107.119	0	62.974	0	0	
0	[SLPS]	0	202.664	107.357	0	62.963	0	0	
0	[SLPS]	0	202.664	107.357	0	62.963	0	0	
0	[SLPS]	0	203.599	107.837	0	62.927	0	0	
0	[SLPS]	0	203.599	107.837	0	62.927	0	0	
0	[SLPS]	0	204.065	108.077	0	62.909	0	0	
0	[SLPS]	0	204.529	108.313	0	62.891	0	0	
0	[SLPS]	0	204.529	108.313	0	62.891	0	0	
0	[SLPS]	0	205.466	108.793	0	62.858	0	0	
0	[SLPS]	0	205.466	108.793	0	62.858	0	0	
0	[SLPS]	0	205.933	109.030	0	62.847	0	0	
0	[SLPS]	0	206.403	109.276	0	62.831	0	0	
0	[SLPS]	0	206.403	109.276	0	62.831	0	0	
0	[SLPS]	0	207.353	109.762	0	62.798	0	0	
0	[SLPS]	0	207.353	109.762	0	62.798	0	0	
0	[SLPS]	0	208.286	110.249	0	62.752	0	0	
0	[SLPS]	0	208.286	110.249	0	62.752	0	0	
0	[SLPS]	0	208.756	110.493	0	62.732	0	0	
0	[SLPS]	0	209.227	110.735	0	62.721	0	0	
0	[SLPS]	0	209.227	110.735	0	62.721	0	0	
0	[SLPS]	0	210.158	111.222	0	62.719	0	0	
0	[SLPS]	0	210.158	111.222	0	62.719	0	0	
0	[SLPS]	0	210.629	111.464	0	62.711	0	0	
0	[SLPS]	0	211.102	111.709	0	62.714	0	0	
0	[SLPS]	0	211.102	111.709	0	62.714	0	0	
0	[SLPS]	0	212.042	112.192	0	62.738	0	0	
0	[SLPS]	0	212.042	112.192	0	62.738	0	0	
0	[SLPS]	0	212.515	112.439	0	62.738	0	0	
0	[SLPS]	0	212.989	112.682	0	62.743	0	0	
0	[SLPS]	0	212.989	112.682	0	62.743	0	0	
0	[SLPS]	0	213.930	113.167	0	62.745	0	0	
0	[SLPS]	0	213.930	113.167	0	62.745	0	0	
0	[SLPS]	0	214.401	113.412	0	62.743	0	0	
0	[SLPS]	0	214.879	113.656	0	62.749	0	0	
0	[SLPS]	0	214.879	113.656	0	62.749	0	0	
0	[SLPS]	0	215.818	114.143	0	62.756	0	0	
0	[SLPS]	0	215.818	114.143	0	62.756	0	0	
0	[SLPS]	0	216.293	114.390	0	62.750	0	0	
0	[SLPS]	0	216.767	114.634	0	62.750	0	0	
0	[SLPS]	0	216.767	114.634	0	62.750	0	0	
0	[SLPS]	0	217.711	115.121	0	62.757	0	0	
0	[SLPS]	0	217.711	115.121	0	62.757	0	0	
0	[SLPS]	0	218.187	115.368	0	62.755	0	0	
0	[SLPS]	0	218.663	115.612	0	62.748	0	0	
0	[SLPS]	0	218.663	115.612	0	62.748	0	0	
0	[SLPS]	0	219.609	116.106	0	62.740	0	0	
0	[SLPS]	0	219.609	116.106	0	62.740	0	0	
0	[SLPS]	0	220.086	116.354	0	62.742	0	0	
0	[SLPS]	0	220.564	116.600	0	62.748	0	0	
0	[SLPS]	0	220.564	116.600	0	62.748	0	0	
0	[SLPS]	0	221.515	117.092	0	62.756	0	0	
0	[SLPS]	0	221.515	117.092	0	62.756	0	0	
0	[SLPS]	0	221.993	117.338	0	62.752	0	0	
0	[SLPS]	0	222.473	117.586	0	62.753	0	0	
0	[SLPS]	0	222.473	117.586	0	62.753	0	0	
0	[SLPS]	0	223.420	118.074	0	62.746	0	0	
0	[SLPS]	0	223.420	118.074	0	62.746	0	0	
0	[SLPS]	0	223.910	118.326	0	62.742	0	0	
0	[SLPS]	0	224.391	118.573	0	62.743	0	0	
0	[SLPS]	0	224.391	118.573	0	62.743	0	0	
0	[SLPS]	0	225.346	119.070	0	62.747	0	0	
0	[SLPS]	0	225.346	119.070	0	62.747	0	0	
0	[SLPS]	0	225.825	119.320	0	62.754	0	0	
0	[SLPS]	0	226.306	119.569	0	62.776	0	0	
0	[SLPS]	0	226.786	119.815	0	62.813	0	0	
0	[SLPS]	0	227.267	120.064	0	62.846	0	0	
0	[SLPS]	0	227.267	120.064	0	62.846	0	0	
0	[SLPS]	0	228.237	120.565	0	62.908	0	0	
0	[SLPS]	0	228.237	120.565	0	62.908	0	0	
0	[SLPS]	0	228.718	120.813	0	62.942	0	0	
0	[SLPS]	0	229.199	121.050	0	62.983	0	0	
0	[SLPS]	0	229.199	121.050	0	62.983	0	0	
0	[SLPS]	0	230.171	121.541	0	63.021	0	0	
0	[SLPS]	0	230.171	121.541	0	63.021	0	0	
0	[SLPS]	0	230.654	121.786	0	63.035	0	0	
0	[SLPS]	0	231.136	122.025	0	63.049	0	0	
0	[SLPS]	0	231.136	122.025	0	63.049	0	0	
0	[SLPS]	0	232.105	122.521	0	63.064	0	0	
0	[SLPS]	0	232.105	122.521	0	63.064	0	0	
0	[SLPS]	0	232.589	122.767	0	63.083	0	0	
0	[SLPS]	0	233.074	123.008	0	63.104	0	0	
0	[SLPS]	0	233.074	123.008	0	63.104	0	0	
0	[SLPS]	0	234.044	123.505	0	63.134	0	0	
0	[SLPS]	0	234.044	123.505	0	63.134	0	0	
0	[SLPS]	0	234.529	123.751	0	63.148	0	0	
0	[SLPS]	0	235.011	123.999	0	63.164	0	0	
0	[SLPS]	0	235.011	123.999	0	63.164	0	0	
0	[SLPS]	0	235.982	124.496	0	63.182	0	0	
0	[SLPS]	0	235.982	124.496	0	63.182	0	0	
0	[SLPS]	0	236.466	124.742	0	63.184	0	0	
0	[SLPS]	0	236.936	124.984	0	63.183	0	0	
0	[SLPS]	0	236.936	124.984	0	63.183	0	0	
0	[SLPS]	0	237.425	125.227	0	63.179	0	0	
0	[SLPS]	0	237.907	125.477	0	63.164	0	0	
0	[SLPS]	0	238.390	125.723	0	63.157	0	0	
0	[SLPS]	0	238.875	125.966	0	63.150	0	0	
0	[SLPS]	0	238.875	125.966	0	63.150	0	0	
0	[SLPS]	0	239.845	126.460	0	63.140	0	0	
0	[SLPS]	0	239.845	126.460	0	63.140	0	0	
0	[SLPS]	0	240.328	126.706	0	63.129	0	0	
0	[SLPS]	0	240.817	126.958	0	63.114	0	0	
0	[SLPS]	0	240.817	126.958	0	63.114	0	0	
0	[SLPS]	0	241.785	127.448	0	63.100	0	0	
0	[SLPS]	0	241.785	127.448	0	63.100	0	0	
0	[SLPS]	0	242.266	127.694	0	63.098	0	0	
0	[SLPS]	0	242.742	127.935	0	63.097	0	0	
0	[SLPS]	0	242.742	127.935	0	63.097	0	0	
0	[SLPS]	0	243.707	128.428	0	63.074	0	0	
0	[SLPS]	0	243.707	128.428	0	63.074	0	0	
0	[SLPS]	0	244.187	128.674	0	63.068	0	0	
0	[SLPS]	0	244.670	128.907	0	63.081	0	0	
0	[SLPS]	0	244.670	128.907	0	63.081	0	0	
0	[SLPS]	0	245.634	129.396	0	63.096	0	0	
0	[SLPS]	0	245.634	129.396	0	63.096	0	0	
0	[SLPS]	0	246.111	129.637	0	63.107	0	0	
0	[SLPS]	0	246.593	129.879	0	63.111	0	0	
0	[SLPS]	0	246.593	129.879	0	63.111	0	0	
0	[SLPS]	0	247.554	130.364	0	63.128	0	0	
0	[SLPS]	0	247.554	130.364	0	63.128	0	0	
0	[SLPS]	0	248.032	130.606	0	63.125	0	0	
0	[SLPS]	0	248.510	130.850	0	63.125	0	0	
0	[SLPS]	0	248.510	130.850	0	63.125	0	0	
0	[SLPS]	0	249.467	131.336	0	63.136	0	0	
0	[SLPS]	0	249.467	131.336	0	63.136	0	0	
0	[SLPS]	0	249.944	131.578	0	63.145	0	0	
0	[SLPS]	0	250.417	131.822	0	63.160	0	0	
0	[SLPS]	0	250.896	132.061	0	63.170	0	0	
0	[SLPS]	0	251.373	132.303	0	63.182	0	0	
0	[SLPS]	0	251.373	132.303	0	63.182	0	0	
0	[SLPS]	0	252.314	132.787	0	63.189	0	0	
0	[SLPS]	0	252.314	132.787	0	63.189	0	0	
0	[SLPS]	0	252.795	133.028	0	63.194	0	0	
0	[SLPS]	0	253.271	133.268	0	63.203	0	0	
0	[SLPS]	0	253.271	133.268	0	63.203	0	0	
0	[SLPS]	0	254.220	133.747	0	63.236	0	0	
0	[SLPS]	0	254.220	133.747	0	63.236	0	0	
0	[SLPS]	0	254.695	133.989	0	63.242	0	0	
0	[SLPS]	0	255.169	134.228	0	63.247	0	0	
0	[SLPS]	0	255.169	134.228	0	63.247	0	0	
0	[SLPS]	0	256.107	134.697	0	63.258	0	0	
0	[SLPS]	0	256.107	134.697	0	63.258	0	0	
0	[SLPS]	0	256.577	134.935	0	63.269	0	0	
0	[SLPS]	0	257.041	135.172	0	63.268	0	0	
0	[SLPS]	0	257.517	135.412	0	63.272	0	0	
0	[SLPS]	0	257.982	135.641	0	63.288	0	0	
0	[SLPS]	0	257.982	135.641	0	63.288	0	0	
0	[SLPS]	0	258.912	136.111	0	63.305	0	0	
0	[SLPS]	0	258.912	136.111	0	63.305	0	0	
0	[SLPS]	0	259.374	136.344	0	63.305	0	0	
0	[SLPS]	0	259.827	136.574	0	63.307	0	0	
0	[SLPS]	0	259.827	136.574	0	63.307	0	0	
0	[SLPS]	0	260.752	137.035	0	63.324	0	0	
0	[SLPS]	0	260.752	137.035	0	63.324	0	0	
0	[SLPS]	0	261.212	137.271	0	63.331	0	0	
0	[SLPS]	0	261.670	137.501	0	63.330	0	0	
0	[SLPS]	0	261.670	137.501	0	63.330	0	0	
0	[SLPS]	0	262.588	137.965	0	63.323	0	0	
0	[SLPS]	0	262.588	137.965	0	63.323	0	0	
0	[SLPS]	0	263.043	138.195	0	63.330	0	0	
0	[SLPS]	0	263.495	138.425	0	63.334	0	0	
0	[SLPS]	0	263.495	138.425	0	63.334	0	0	
0	[SLPS]	0	264.412	138.883	0	63.336	0	0	
0	[SLPS]	0	264.412	138.883	0	63.336	0	0	
0	[SLPS]	0	264.867	139.112	0	63.333	0	0	
0	[SLPS]	0	265.317	139.339	0	63.331	0	0	
0	[SLPS]	0	265.317	139.339	0	63.331	0	0	
0	[SLPS]	0	266.232	139.796	0	63.325	0	0	
0	[SLPS]	0	266.232	139.796	0	63.325	0	0	
0	[SLPS]	0	266.686	140.024	0	63.318	0	0	
0	[SLPS]	0	267.144	140.254	0	63.308	0	0	
0	[SLPS]	0	267.144	140.254	0	63.308	0	0	
0	[SLPS]	0	268.060	140.712	0	63.288	0	0	
0	[SLPS]	0	268.060	140.712	0	63.288	0	0	
0	[SLPS]	0	268.514	140.942	0	63.293	0	0	
0	[SLPS]	0	268.961	141.166	0	63.298	0	0	
0	[SLPS]	0	268.961	141.166	0	63.298	0	0	
0	[SLPS]	0	269.864	141.626	0	63.281	0	0	
0	[SLPS]	0	269.864	141.626	0	63.281	0	0	
0	[SLPS]	0	270.316	141.855	0	63.277	0	0	
0	[SLPS]	0	270.764	142.082	0	63.270	0	0	
0	[SLPS]	0	270.764	142.082	0	63.270	0	0	
0	[SLPS]	0	271.675	142.545	0	63.249	0	0	
0	[SLPS]	0	271.675	142.545	0	63.249	0	0	
0	[SLPS]	0	272.127	142.773	0	63.236	0	0	
0	[SLPS]	0	272.575	143.004	0	63.222	0	0	
0	[SLPS]	0	273.029	143.233	0	63.211	0	0	
0	[SLPS]	0	273.490	143.467	0	63.204	0	0	
0	[SLPS]	0	273.490	143.467	0	63.204	0	0	
0	[SLPS]	0	274.386	143.925	0	63.199	0	0	
0	[SLPS]	0	274.386	143.925	0	63.199	0	0	
0	[SLPS]	0	274.840	144.156	0	63.190	0	0	
0	[SLPS]	0	275.291	144.384	0	63.184	0	0	
0	[SLPS]	0	275.291	144.384	0	63.184	0	0	
0	[SLPS]	0	276.185	144.838	0	63.166	0	0	
0	[SLPS]	0	276.185	144.838	0	63.166	0	0	
0	[SLPS]	0	276.635	145.069	0	63.156	0	0	
0	[SLPS]	0	277.084	145.295	0	63.147	0	0	
0	[SLPS]	0	277.084	145.295	0	63.147	0	0	
0	[SLPS]	0	277.984	145.748	0	63.137	0	0	
0	[SLPS]	0	277.984	145.748	0	63.137	0	0	
0	[SLPS]	0	278.434	145.980	0	63.144	0	0	
0	[SLPS]	0	278.884	146.207	0	63.159	0	0	
0	[SLPS]	0	278.884	146.207	0	63.159	0	0	
0	[SLPS]	0	279.780	146.659	0	63.193	0	0	
0	[SLPS]	0	279.780	146.659	0	63.193	0	0	
0	[SLPS]	0	280.234	146.886	0	63.218	0	0	
0	[SLPS]	0	280.685	147.115	0	63.246	0	0	
0	[SLPS]	0	280.685	147.115	0	63.246	0	0	
0	[SLPS]	0	281.582	147.571	0	63.286	0	0	
0	[SLPS]	0	281.582	147.571	0	63.286	0	0	
0	[SLPS]	0	282.035	147.796	0	63.307	0	0	
0	[SLPS]	0	282.483	148.022	0	63.314	0	0	
0	[SLPS]	0	282.483	148.022	0	63.314	0	0	
0	[SLPS]	0	283.381	148.476	0	63.328	0	0	
0	[SLPS]	0	283.381	148.476	0	63.328	0	0	
0	[SLPS]	0	283.829	148.699	0	63.323	0	0	
0	[SLPS]	0	284.274	148.928	0	63.309	0	0	
0	[SLPS]	0	284.722	149.153	0	63.290	0	0	
0	[SLPS]	0	285.171	149.375	0	63.290	0	0	
0	[SLPS]	0	285.171	149.375	0	63.290	0	0	
0	[SLPS]	0	286.068	149.831	0	63.277	0	0	
0	[SLPS]	0	286.068	149.831	0	63.277	0	0	
0	[SLPS]	0	286.515	150.058	0	63.271	0	0	
0	[SLPS]	0	286.959	150.282	0	63.257	0	0	
0	[SLPS]	0	286.959	150.282	0	63.257	0	0	
0	[SLPS]	0	287.857	150.739	0	63.228	0	0	
0	[SLPS]	0	287.857	150.739	0	63.228	0	0	
0	[SLPS]	0	288.303	150.966	0	63.223	0	0	
0	[SLPS]	0	288.758	151.195	0	63.228	0	0	
0	[SLPS]	0	288.758	151.195	0	63.228	0	0	
0	[SLPS]	0	289.654	151.647	0	63.218	0	0	
0	[SLPS]	0	289.654	151.647	0	63.218	0	0	
0	[SLPS]	0	290.100	151.873	0	63.203	0	0	
0	[SLPS]	0	290.542	152.098	0	63.190	0	0	
0	[SLPS]	0	290.542	152.098	0	63.190	0	0	
0	[SLPS]	0	291.432	152.547	0	63.175	0	0	
0	[SLPS]	0	291.432	152.547	0	63.175	0	0	
0	[SLPS]	0	291.877	152.772	0	63.166	0	0	
0	[SLPS]	0	292.319	152.991	0	63.162	0	0	
0	[SLPS]	0	292.319	152.991	0	63.162	0	0	
0	[SLPS]	0	293.211	153.450	0	63.139	0	0	
0	[SLPS]	0	293.211	153.450	0	63.139	0	0	
0	[SLPS]	0	293.655	153.675	0	63.120	0	0	
0	[SLPS]	0	294.095	153.903	0	63.108	0	0	
0	[SLPS]	0	294.541	154.131	0	63.092	0	0	
0	[SLPS]	0	294.991	154.356	0	63.083	0	0	
0	[SLPS]	0	294.991	154.356	0	63.083	0	0	
0	[SLPS]	0	295.868	154.808	0	63.033	0	0	
0	[SLPS]	0	295.868	154.808	0	63.033	0	0	
0	[SLPS]	0	296.312	155.034	0	63.000	0	0	
0	[SLPS]	0	296.758	155.260	0	62.971	0	0	
0	[SLPS]	0	296.758	155.260	0	62.971	0	0	
0	[SLPS]	0	297.642	155.713	0	62.926	0	0	
0	[SLPS]	0	297.642	155.713	0	62.926	0	0	
0	[SLPS]	0	298.084	155.943	0	62.901	0	0	
0	[SLPS]	0	298.527	156.176	0	62.867	0	0	
0	[SLPS]	0	298.527	156.176	0	62.867	0	0	
0	[SLPS]	0	299.406	156.632	0	62.825	0	0	
0	[SLPS]	0	299.406	156.632	0	62.825	0	0	
0	[SLPS]	0	299.848	156.860	0	62.811	0	0	
0	[SLPS]	0	300.287	157.090	0	62.804	0	0	
0	[SLPS]	0	300.287	157.090	0	62.804	0	0	
0	[SLPS]	0	301.167	157.546	0	62.794	0	0	
0	[SLPS]	0	301.167	157.546	0	62.794	0	0	
0	[SLPS]	0	301.611	157.771	0	62.797	0	0	
0	[SLPS]	0	302.048	158.004	0	62.796	0	0	
0	[SLPS]	0	302.048	158.004	0	62.796	0	0	
0	[SLPS]	0	302.924	158.450	0	62.773	0	0	
0	[SLPS]	0	302.924	158.450	0	62.773	0	0	
0	[SLPS]	0	303.366	158.675	0	62.771	0	0	
0	[SLPS]	0	303.810	158.900	0	62.776	0	0	
0	[SLPS]	0	304.259	159.132	0	62.779	0	0	
0	[SLPS]	0	304.700	159.365	0	62.769	0	0	
0	[SLPS]	0	304.700	159.365	0	62.769	0	0	
0	[SLPS]	0	305.588	159.818	0	62.755	0	0	
0	[SLPS]	0	305.588	159.818	0	62.755	0	0	
0	[SLPS]	0	306.029	160.045	0	62.759	0	0	
0	[SLPS]	0	306.462	160.271	0	62.762	0	0	
0	[SLPS]	0	306.462	160.271	0	62.762	0	0	
0	[SLPS]	0	307.352	160.730	0	62.764	0	0	
0	[SLPS]	0	307.352	160.730	0	62.764	0	0	
0	[SLPS]	0	307.794	160.957	0	62.768	0	0	
0	[SLPS]	0	308.232	161.190	0	62.765	0	0	
0	[SLPS]	0	308.232	161.190	0	62.765	0	0	
0	[SLPS]	0	309.129	161.644	0	62.802	0	0	
0	[SLPS]	0	309.129	161.644	0	62.802	0	0	
0	[SLPS]	0	309.573	161.873	0	62.833	0	0	
0	[SLPS]	0	310.012	162.107	0	62.836	0	0	
0	[SLPS]	0	310.012	162.107	0	62.836	0	0	
0	[SLPS]	0	310.901	162.570	0	62.849	0	0	
0	[SLPS]	0	310.901	162.570	0	62.849	0	0	
0	[SLPS]	0	311.345	162.801	0	62.875	0	0	
0	[SLPS]	0	311.783	163.020	0	62.914	0	0	
0	[SLPS]	0	311.783	163.020	0	62.914	0	0	
0	[SLPS]	0	312.678	163.481	0	62.976	0	0	
0	[SLPS]	0	312.678	163.481	0	62.976	0	0	
0	[SLPS]	0	313.124	163.710	0	63.010	0	0	
0	[SLPS]	0	313.565	163.940	0	63.041	0	0	
0	[SLPS]	0	314.016	164.173	0	63.064	0	0	
0	[SLPS]	0	314.470	164.397	0	63.107	0	0	
0	[SLPS]	0	314.470	164.397	0	63.107	0	0	
0	[SLPS]	0	315.379	164.847	0	63.190	0	0	
0	[SLPS]	0	315.379	164.847	0	63.190	0	0	
0	[SLPS]	0	315.835	165.077	0	63.210	0	0	
0	[SLPS]	0	316.291	165.308	0	63.226	0	0	
0	[SLPS]	0	316.291	165.308	0	63.226	0	0	
0	[SLPS]	0	317.207	165.761	0	63.276	0	0	
0	[SLPS]	0	317.207	165.761	0	63.276	0	0	
0	[SLPS]	0	317.661	165.990	0	63.315	0	0	
0	[SLPS]	0	318.118	166.223	0	63.343	0	0	
0	[SLPS]	0	318.118	166.223	0	63.343	0	0	
0	[SLPS]	0	319.024	166.683	0	63.375	0	0	
0	[SLPS]	0	319.024	166.683	0	63.375	0	0	
0	[SLPS]	0	319.480	166.910	0	63.396	0	0	
0	[SLPS]	0	319.949	167.146	0	63.424	0	0	
0	[SLPS]	0	319.949	167.146	0	63.424	0	0	
0	[SLPS]	0	320.855	167.605	0	63.444	0	0	
0	[SLPS]	0	320.855	167.605	0	63.444	0	0	
0	[SLPS]	0	321.316	167.836	0	63.452	0	0	
0	[SLPS]	0	321.780	168.062	0	63.469	0	0	
0	[SLPS]	0	321.780	168.062	0	63.469	0	0	
0	[SLPS]	0	322.690	168.520	0	63.484	0	0	
0	[SLPS]	0	322.690	168.520	0	63.484	0	0	
0	[SLPS]	0	323.150	168.756	0	63.471	0	0	
0	[SLPS]	0	323.616	168.986	0	63.455	0	0	
0	[SLPS]	0	323.616	168.986	0	63.455	0	0	
0	[SLPS]	0	324.534	169.446	0	63.461	0	0	
0	[SLPS]	0	324.534	169.446	0	63.461	0	0	
0	[SLPS]	0	324.996	169.678	0	63.458	0	0	
0	[SLPS]	0	325.458	169.921	0	63.437	0	0	
0	[SLPS]	0	325.458	169.921	0	63.437	0	0	
0	[SLPS]	0	326.385	170.377	0	63.443	0	0	
0	[SLPS]	0	326.385	170.377	0	63.443	0	0	
0	[SLPS]	0	326.849	170.612	0	63.440	0	0	
0	[SLPS]	0	327.316	170.847	0	63.441	0	0	
0	[SLPS]	0	327.316	170.847	0	63.441	0	0	
0	[SLPS]	0	328.241	171.311	0	63.423	0	0	
0	[SLPS]	0	328.241	171.311	0	63.423	0	0	
0	[SLPS]	0	328.704	171.543	0	63.417	0	0	
0	[SLPS]	0	329.169	171.774	0	63.404	0	0	
0	[SLPS]	0	329.169	171.774	0	63.404	0	0	
0	[SLPS]	0	330.098	172.241	0	63.379	0	0	
0	[SLPS]	0	330.098	172.241	0	63.379	0	0	
0	[SLPS]	0	331.040	172.715	0	63.350	0	0	
0	[SLPS]	0	331.040	172.715	0	63.350	0	0	
0	[SLPS]	0	331.508	172.952	0	63.333	0	0	
0	[SLPS]	0	331.978	173.189	0	63.324	0	0	
0	[SLPS]	0	331.978	173.189	0	63.324	0	0	
0	[SLPS]	0	332.924	173.678	0	63.294	0	0	
0	[SLPS]	0	332.924	173.678	0	63.294	0	0	
0	[SLPS]	0	333.395	173.917	0	63.277	0	0	
0	[SLPS]	0	333.862	174.152	0	63.264	0	0	
0	[SLPS]	0	333.862	174.152	0	63.264	0	0	
0	[SLPS]	0	334.806	174.632	0	63.204	0	0	
0	[SLPS]	0	334.806	174.632	0	63.204	0	0	
0	[SLPS]	0	335.277	174.872	0	63.161	0	0	
0	[SLPS]	0	335.747	175.112	0	63.122	0	0	
0	[SLPS]	0	335.747	175.112	0	63.122	0	0	
0	[SLPS]	0	336.715	175.597	0	63.053	0	0	
0	[SLPS]	0	336.715	175.597	0	63.053	0	0	
0	[SLPS]	0	337.189	175.839	0	63.033	0	0	
0	[SLPS]	0	337.659	176.076	0	63.001	0	0	
0	[SLPS]	0	337.659	176.076	0	63.001	0	0	
0	[SLPS]	0	338.605	176.568	0	62.921	0	0	
0	[SLPS]	0	338.605	176.568	0	62.921	0	0	
0	[SLPS]	0	339.078	176.811	0	62.889	0	0	
0	[SLPS]	0	339.544	177.057	0	62.853	0	0	
0	[SLPS]	0	339.544	177.057	0	62.853	0	0	
0	[SLPS]	0	340.502	177.548	0	62.796	0	0	
0	[SLPS]	0	340.502	177.548	0	62.796	0	0	
0	[SLPS]	0	340.977	177.794	0	62.770	0	0	
0	[SLPS]	0	341.451	178.045	0	62.741	0	0	
0	[SLPS]	0	341.451	178.045	0	62.741	0	0	
0	[SLPS]	0	342.400	178.538	0	62.678	0	0	
0	[SLPS]	0	342.400	178.538	0	62.678	0	0	
0	[SLPS]	0	342.874	178.785	0	62.652	0	0	
0	[SLPS]	0	343.345	179.030	0	62.617	0	0	
0	[SLPS]	0	343.345	179.030	0	62.617	0	0	
0	[SLPS]	0	344.306	179.526	0	62.527	0	0	
0	[SLPS]	0	344.306	179.526	0	62.527	0	0	
0	[SLPS]	0	344.784	179.775	0	62.454	0	0	
0	[SLPS]	0	345.259	180.022	0	62.397	0	0	
0	[SLPS]	0	345.259	180.022	0	62.397	0	0	
0	[SLPS]	0	346.205	180.527	0	62.294	0	0	
0	[SLPS]	0	346.205	180.527	0	62.294	0	0	
0	[SLPS]	0	346.680	180.780	0	62.245	0	0	
0	[SLPS]	0	347.150	181.039	0	62.176	0	0	
0	[SLPS]	0	347.150	181.039	0	62.176	0	0	
0	[SLPS]	0	348.105	181.559	0	62.030	0	0	
0	[SLPS]	0	348.105	181.559	0	62.030	0	0	
0	[SLPS]	0	348.582	181.815	0	61.946	0	0	
0	[SLPS]	0	349.065	182.067	0	61.859	0	0	
0	[SLPS]	0	349.549	182.324	0	61.775	0	0	
0	[SLPS]	0	350.022	182.576	0	61.704	0	0	
0	[SLPS]	0	350.022	182.576	0	61.704	0	0	
0	[SLPS]	0	350.975	183.094	0	61.566	0	0	
0	[SLPS]	0	350.975	183.094	0	61.566	0	0	
0	[SLPS]	0	350.975	183.094	0	61.566	0	0	
0	[SLPS]	0	351.932	183.627	0	61.477	0	0	
0	[SLPS]	0	351.932	183.627	0	61.477	0	0	
0	[SLPS]	0	352.411	183.890	0	61.449	0	0	
0	[SLPS]	0	352.893	184.161	0	61.442	0	0	
0	[SLPS]	0	352.893	184.161	0	61.442	0	0	
0	[SLPS]	0	353.852	184.696	0	61.432	0	0	
0	[SLPS]	0	353.852	184.696	0	61.432	0	0	
0	[SLPS]	0	354.330	184.960	0	61.410	0	0	
0	[SLPS]	0	354.796	185.216	0	61.394	0	0	
0	[SLPS]	0	355.281	185.469	0	61.374	0	0	
0	[SLPS]	0	355.750	185.727	0	61.347	0	0	
0	[SLPS]	0	355.750	185.727	0	61.347	0	0	
0	[SLPS]	0	356.705	186.239	0	61.319	0	0	
0	[SLPS]	0	356.705	186.239	0	61.319	0	0	
0	[SLPS]	0	356.705	186.239	0	61.319	0	0	
0	[SLPS]	0	357.660	186.759	0	61.302	0	0	
0	[SLPS]	0	357.660	186.759	0	61.302	0	0	
0	[SLPS]	0	358.134	187.019	0	61.298	0	0	
0	[SLPS]	0	358.602	187.283	0	61.295	0	0	
0	[SLPS]	0	358.602	187.283	0	61.295	0	0	
0	[SLPS]	0	359.547	187.822	0	61.277	0	0	
0	[SLPS]	0	359.547	187.822	0	61.277	0	0	
0	[SLPS]	0	360.019	188.084	0	61.249	0	0	
0	[SLPS]	0	360.490	188.337	0	61.239	0	0	
0	[SLPS]	0	360.490	188.337	0	61.239	0	0	
0	[SLPS]	0	361.442	188.851	0	61.211	0	0	
0	[SLPS]	0	361.442	188.851	0	61.211	0	0	
0	[SLPS]	0	361.914	189.109	0	61.177	0	0	
0	[SLPS]	0	362.378	189.366	0	61.142	0	0	
0	[SLPS]	0	362.858	189.622	0	61.122	0	0	
0	[SLPS]	0	363.333	189.884	0	61.101	0	0	
