0	[SLPS]	0	70.113	31.622	0	62.749	0	0	
0	[SLPS]	0	70.113	31.622	0	62.749	0	0	
0	[SLPS]	0	70.420	31.785	0	62.720	0	0	
0	[SLPS]	0	70.729	31.947	0	62.709	0	0	
0	[SLPS]	0	70.729	31.947	0	62.709	0	0	
0	[SLPS]	0	71.343	32.267	0	62.692	0	0	
0	[SLPS]	0	71.343	32.267	0	62.692	0	0	
0	[SLPS]	0	71.648	32.425	0	62.693	0	0	
0	[SLPS]	0	71.948	32.585	0	62.678	0	0	
0	[SLPS]	0	71.948	32.585	0	62.678	0	0	
0	[SLPS]	0	72.560	32.892	0	62.672	0	0	
0	[SLPS]	0	72.560	32.892	0	62.672	0	0	
0	[SLPS]	0	72.862	33.048	0	62.674	0	0	
0	[SLPS]	0	73.161	33.206	0	62.659	0	0	
0	[SLPS]	0	73.161	33.206	0	62.659	0	0	
0	[SLPS]	0	73.758	33.523	0	62.606	0	0	
0	[SLPS]	0	73.758	33.523	0	62.606	0	0	
0	[SLPS]	0	74.059	33.681	0	62.574	0	0	
0	[SLPS]	0	74.358	33.839	0	62.551	0	0	
0	[SLPS]	0	74.655	33.995	0	62.542	0	0	
0	[SLPS]	0	74.954	34.147	0	62.561	0	0	
0	[SLPS]	0	74.954	34.147	0	62.561	0	0	
0	[SLPS]	0	75.561	34.468	0	62.548	0	0	
0	[SLPS]	0	75.561	34.468	0	62.548	0	0	
0	[SLPS]	0	75.859	34.625	0	62.533	0	0	
0	[SLPS]	0	76.157	34.783	0	62.517	0	0	
0	[SLPS]	0	76.157	34.783	0	62.517	0	0	
0	[SLPS]	0	76.756	35.098	0	62.507	0	0	
0	[SLPS]	0	76.756	35.098	0	62.507	0	0	
0	[SLPS]	0	77.053	35.254	0	62.494	0	0	
0	[SLPS]	0	77.347	35.409	0	62.474	0	0	
0	[SLPS]	0	77.347	35.409	0	62.474	0	0	
0	[SLPS]	0	77.945	35.720	0	62.470	0	0	
0	[SLPS]	0	77.945	35.720	0	62.470	0	0	
0	[SLPS]	0	78.239	35.872	0	62.484	0	0	
0	[SLPS]	0	78.535	36.026	0	62.486	0	0	
0	[SLPS]	0	78.535	36.026	0	62.486	0	0	
0	[SLPS]	0	79.126	36.337	0	62.479	0	0	
0	[SLPS]	0	79.126	36.337	0	62.479	0	0	
0	[SLPS]	0	79.416	36.493	0	62.464	0	0	
0	[SLPS]	0	79.712	36.648	0	62.460	0	0	
0	[SLPS]	0	79.712	36.648	0	62.460	0	0	
0	[SLPS]	0	80.297	36.952	0	62.458	0	0	
0	[SLPS]	0	80.297	36.952	0	62.458	0	0	
0	[SLPS]	0	80.589	37.106	0	62.464	0	0	
0	[SLPS]	0	80.869	37.257	0	62.458	0	0	
0	[SLPS]	0	81.162	37.412	0	62.461	0	0	
0	[SLPS]	0	81.451	37.565	0	62.455	0	0	
0	[SLPS]	0	81.451	37.565	0	62.455	0	0	
0	[SLPS]	0	81.738	37.718	0	62.439	0	0	
0	[SLPS]	0	82.028	37.873	0	62.422	0	0	
0	[SLPS]	0	82.318	38.028	0	62.414	0	0	
0	[SLPS]	0	82.611	38.180	0	62.428	0	0	
0	[SLPS]	0	82.611	38.180	0	62.428	0	0	
0	[SLPS]	0	83.189	38.486	0	62.454	0	0	
0	[SLPS]	0	83.189	38.486	0	62.454	0	0	
0	[SLPS]	0	83.481	38.639	0	62.459	0	0	
0	[SLPS]	0	83.766	38.799	0	62.450	0	0	
0	[SLPS]	0	83.766	38.799	0	62.450	0	0	
0	[SLPS]	0	84.347	39.093	0	62.517	0	0	
0	[SLPS]	0	84.347	39.093	0	62.517	0	0	
0	[SLPS]	0	84.636	39.245	0	62.542	0	0	
0	[SLPS]	0	84.927	39.393	0	62.569	0	0	
0	[SLPS]	0	84.927	39.393	0	62.569	0	0	
0	[SLPS]	0	85.507	39.698	0	62.593	0	0	
0	[SLPS]	0	85.507	39.698	0	62.593	0	0	
0	[SLPS]	0	85.799	39.844	0	62.614	0	0	
0	[SLPS]	0	86.087	39.995	0	62.630	0	0	
0	[SLPS]	0	86.087	39.995	0	62.630	0	0	
0	[SLPS]	0	86.663	40.297	0	62.680	0	0	
0	[SLPS]	0	86.663	40.297	0	62.680	0	0	
0	[SLPS]	0	87.236	40.598	0	62.714	0	0	
0	[SLPS]	0	87.236	40.598	0	62.714	0	0	
0	[SLPS]	0	87.524	40.743	0	62.748	0	0	
0	[SLPS]	0	87.816	40.891	0	62.771	0	0	
0	[SLPS]	0	87.816	40.891	0	62.771	0	0	
0	[SLPS]	0	88.385	41.194	0	62.788	0	0	
0	[SLPS]	0	88.385	41.194	0	62.788	0	0	
0	[SLPS]	0	88.670	41.343	0	62.801	0	0	
0	[SLPS]	0	88.960	41.485	0	62.821	0	0	
0	[SLPS]	0	88.960	41.485	0	62.821	0	0	
0	[SLPS]	0	89.532	41.779	0	62.844	0	0	
0	[SLPS]	0	89.532	41.779	0	62.844	0	0	
0	[SLPS]	0	89.820	41.922	0	62.872	0	0	
0	[SLPS]	0	90.105	42.071	0	62.879	0	0	
0	[SLPS]	0	90.105	42.071	0	62.879	0	0	
0	[SLPS]	0	90.682	42.372	0	62.867	0	0	
0	[SLPS]	0	90.682	42.372	0	62.867	0	0	
0	[SLPS]	0	90.969	42.520	0	62.853	0	0	
0	[SLPS]	0	91.255	42.668	0	62.842	0	0	
0	[SLPS]	0	91.255	42.668	0	62.842	0	0	
0	[SLPS]	0	91.837	42.960	0	62.851	0	0	
0	[SLPS]	0	91.837	42.960	0	62.851	0	0	
0	[SLPS]	0	92.125	43.107	0	62.864	0	0	
0	[SLPS]	0	92.414	43.257	0	62.886	0	0	
0	[SLPS]	0	92.414	43.257	0	62.886	0	0	
0	[SLPS]	0	93.005	43.554	0	62.923	0	0	
0	[SLPS]	0	93.005	43.554	0	62.923	0	0	
0	[SLPS]	0	93.295	43.710	0	62.912	0	0	
0	[SLPS]	0	93.593	43.858	0	62.916	0	0	
0	[SLPS]	0	93.593	43.858	0	62.916	0	0	
0	[SLPS]	0	94.188	44.169	0	62.917	0	0	
0	[SLPS]	0	94.188	44.169	0	62.917	0	0	
0	[SLPS]	0	94.484	44.321	0	62.931	0	0	
0	[SLPS]	0	94.779	44.469	0	62.954	0	0	
0	[SLPS]	0	95.086	44.626	0	62.968	0	0	
0	[SLPS]	0	95.386	44.784	0	62.961	0	0	
0	[SLPS]	0	95.386	44.784	0	62.961	0	0	
0	[SLPS]	0	95.984	45.086	0	62.990	0	0	
0	[SLPS]	0	95.984	45.086	0	62.990	0	0	
0	[SLPS]	0	96.285	45.245	0	62.994	0	0	
0	[SLPS]	0	96.588	45.401	0	63.005	0	0	
0	[SLPS]	0	96.588	45.401	0	63.005	0	0	
0	[SLPS]	0	97.189	45.712	0	63.012	0	0	
0	[SLPS]	0	97.189	45.712	0	63.012	0	0	
0	[SLPS]	0	97.494	45.870	0	63.019	0	0	
0	[SLPS]	0	97.802	46.022	0	63.046	0	0	
0	[SLPS]	0	97.802	46.022	0	63.046	0	0	
0	[SLPS]	0	98.411	46.335	0	63.070	0	0	
0	[SLPS]	0	98.411	46.335	0	63.070	0	0	
0	[SLPS]	0	98.717	46.492	0	63.072	0	0	
0	[SLPS]	0	99.018	46.646	0	63.072	0	0	
0	[SLPS]	0	99.018	46.646	0	63.072	0	0	
0	[SLPS]	0	99.622	46.952	0	63.072	0	0	
0	[SLPS]	0	99.622	46.952	0	63.072	0	0	
0	[SLPS]	0	99.922	47.106	0	63.077	0	0	
0	[SLPS]	0	100.224	47.258	0	63.085	0	0	
0	[SLPS]	0	100.224	47.258	0	63.085	0	0	
0	[SLPS]	0	100.824	47.565	0	63.088	0	0	
0	[SLPS]	0	100.824	47.565	0	63.088	0	0	
0	[SLPS]	0	101.121	47.718	0	63.090	0	0	
0	[SLPS]	0	101.418	47.867	0	63.099	0	0	
0	[SLPS]	0	101.418	47.867	0	63.099	0	0	
0	[SLPS]	0	102.014	48.173	0	63.107	0	0	
0	[SLPS]	0	102.014	48.173	0	63.107	0	0	
0	[SLPS]	0	102.311	48.324	0	63.106	0	0	
0	[SLPS]	0	102.610	48.474	0	63.096	0	0	
0	[SLPS]	0	102.907	48.626	0	63.088	0	0	
0	[SLPS]	0	103.195	48.784	0	63.063	0	0	
0	[SLPS]	0	103.195	48.784	0	63.063	0	0	
0	[SLPS]	0	103.780	49.082	0	63.062	0	0	
0	[SLPS]	0	103.780	49.082	0	63.062	0	0	
0	[SLPS]	0	104.073	49.232	0	63.062	0	0	
0	[SLPS]	0	104.364	49.381	0	63.061	0	0	
0	[SLPS]	0	104.364	49.381	0	63.061	0	0	
0	[SLPS]	0	104.956	49.679	0	63.062	0	0	
0	[SLPS]	0	104.956	49.679	0	63.062	0	0	
0	[SLPS]	0	105.248	49.824	0	63.073	0	0	
0	[SLPS]	0	105.550	49.980	0	63.073	0	0	
0	[SLPS]	0	105.550	49.980	0	63.073	0	0	
0	[SLPS]	0	106.144	50.285	0	63.063	0	0	
0	[SLPS]	0	106.144	50.285	0	63.063	0	0	
0	[SLPS]	0	106.438	50.435	0	63.046	0	0	
0	[SLPS]	0	106.736	50.589	0	63.031	0	0	
0	[SLPS]	0	106.736	50.589	0	63.031	0	0	
0	[SLPS]	0	107.329	50.893	0	63.039	0	0	
0	[SLPS]	0	107.329	50.893	0	63.039	0	0	
0	[SLPS]	0	107.329	50.893	0	63.039	0	0	
0	[SLPS]	0	107.921	51.193	0	63.077	0	0	
0	[SLPS]	0	107.921	51.193	0	63.077	0	0	
0	[SLPS]	0	108.218	51.345	0	63.084	0	0	
0	[SLPS]	0	108.511	51.499	0	63.073	0	0	
0	[SLPS]	0	108.806	51.650	0	63.062	0	0	
0	[SLPS]	0	109.098	51.797	0	63.065	0	0	
0	[SLPS]	0	109.098	51.797	0	63.065	0	0	
0	[SLPS]	0	109.686	52.101	0	63.075	0	0	
0	[SLPS]	0	109.686	52.101	0	63.075	0	0	
0	[SLPS]	0	109.981	52.249	0	63.085	0	0	
0	[SLPS]	0	110.277	52.396	0	63.097	0	0	
0	[SLPS]	0	110.277	52.396	0	63.097	0	0	
0	[SLPS]	0	110.871	52.701	0	63.096	0	0	
0	[SLPS]	0	110.871	52.701	0	63.096	0	0	
0	[SLPS]	0	111.164	52.852	0	63.104	0	0	
0	[SLPS]	0	111.462	53.002	0	63.121	0	0	
0	[SLPS]	0	111.462	53.002	0	63.121	0	0	
0	[SLPS]	0	112.056	53.307	0	63.120	0	0	
0	[SLPS]	0	112.056	53.307	0	63.120	0	0	
0	[SLPS]	0	112.351	53.458	0	63.122	0	0	
0	[SLPS]	0	112.647	53.605	0	63.123	0	0	
0	[SLPS]	0	112.647	53.605	0	63.123	0	0	
0	[SLPS]	0	113.241	53.903	0	63.126	0	0	
0	[SLPS]	0	113.241	53.903	0	63.126	0	0	
0	[SLPS]	0	113.537	54.054	0	63.123	0	0	
0	[SLPS]	0	113.828	54.208	0	63.104	0	0	
0	[SLPS]	0	113.828	54.208	0	63.104	0	0	
0	[SLPS]	0	114.420	54.510	0	63.090	0	0	
0	[SLPS]	0	114.420	54.510	0	63.090	0	0	
0	[SLPS]	0	114.715	54.661	0	63.085	0	0	
0	[SLPS]	0	115.005	54.816	0	63.076	0	0	
0	[SLPS]	0	115.301	54.966	0	63.076	0	0	
0	[SLPS]	0	115.600	55.123	0	63.069	0	0	
0	[SLPS]	0	115.600	55.123	0	63.069	0	0	
0	[SLPS]	0	116.193	55.422	0	63.059	0	0	
0	[SLPS]	0	116.193	55.422	0	63.059	0	0	
0	[SLPS]	0	116.488	55.572	0	63.050	0	0	
0	[SLPS]	0	116.784	55.721	0	63.050	0	0	
0	[SLPS]	0	116.784	55.721	0	63.050	0	0	
0	[SLPS]	0	117.376	56.026	0	63.048	0	0	
0	[SLPS]	0	117.376	56.026	0	63.048	0	0	
0	[SLPS]	0	117.672	56.178	0	63.043	0	0	
0	[SLPS]	0	117.968	56.324	0	63.036	0	0	
0	[SLPS]	0	117.968	56.324	0	63.036	0	0	
0	[SLPS]	0	118.552	56.628	0	63.001	0	0	
0	[SLPS]	0	118.552	56.628	0	63.001	0	0	
0	[SLPS]	0	118.846	56.779	0	62.984	0	0	
0	[SLPS]	0	119.145	56.929	0	62.980	0	0	
0	[SLPS]	0	119.145	56.929	0	62.980	0	0	
0	[SLPS]	0	119.728	57.238	0	62.951	0	0	
0	[SLPS]	0	119.728	57.238	0	62.951	0	0	
0	[SLPS]	0	120.026	57.388	0	62.957	0	0	
0	[SLPS]	0	120.322	57.536	0	62.978	0	0	
0	[SLPS]	0	120.322	57.536	0	62.978	0	0	
0	[SLPS]	0	120.910	57.835	0	63.012	0	0	
0	[SLPS]	0	120.910	57.835	0	63.012	0	0	
0	[SLPS]	0	121.498	58.141	0	62.979	0	0	
0	[SLPS]	0	121.498	58.141	0	62.979	0	0	
0	[SLPS]	0	121.791	58.291	0	62.953	0	0	
0	[SLPS]	0	122.082	58.448	0	62.921	0	0	
0	[SLPS]	0	122.082	58.448	0	62.921	0	0	
0	[SLPS]	0	122.377	58.595	0	62.913	0	0	
0	[SLPS]	0	122.671	58.749	0	62.906	0	0	
0	[SLPS]	0	122.958	58.893	0	62.916	0	0	
0	[SLPS]	0	123.251	59.044	0	62.916	0	0	
0	[SLPS]	0	123.251	59.044	0	62.916	0	0	
0	[SLPS]	0	123.542	59.195	0	62.913	0	0	
0	[SLPS]	0	123.829	59.345	0	62.911	0	0	
0	[SLPS]	0	124.116	59.493	0	62.905	0	0	
0	[SLPS]	0	124.397	59.641	0	62.906	0	0	
0	[SLPS]	0	124.397	59.641	0	62.906	0	0	
0	[SLPS]	0	124.963	59.929	0	62.927	0	0	
0	[SLPS]	0	124.963	59.929	0	62.927	0	0	
0	[SLPS]	0	125.241	60.072	0	62.926	0	0	
0	[SLPS]	0	125.523	60.223	0	62.921	0	0	
0	[SLPS]	0	125.523	60.223	0	62.921	0	0	
0	[SLPS]	0	126.075	60.505	0	62.940	0	0	
0	[SLPS]	0	126.075	60.505	0	62.940	0	0	
0	[SLPS]	0	126.350	60.647	0	62.967	0	0	
0	[SLPS]	0	126.623	60.787	0	62.996	0	0	
0	[SLPS]	0	126.623	60.787	0	62.996	0	0	
0	[SLPS]	0	127.170	61.066	0	63.080	0	0	
0	[SLPS]	0	127.170	61.066	0	63.080	0	0	
0	[SLPS]	0	127.442	61.205	0	63.134	0	0	
0	[SLPS]	0	127.715	61.348	0	63.191	0	0	
0	[SLPS]	0	127.715	61.348	0	63.191	0	0	
0	[SLPS]	0	128.263	61.619	0	63.330	0	0	
0	[SLPS]	0	128.263	61.619	0	63.330	0	0	
0	[SLPS]	0	128.533	61.754	0	63.398	0	0	
0	[SLPS]	0	128.807	61.886	0	63.471	0	0	
0	[SLPS]	0	128.807	61.886	0	63.471	0	0	
0	[SLPS]	0	129.348	62.156	0	63.637	0	0	
0	[SLPS]	0	129.348	62.156	0	63.637	0	0	
0	[SLPS]	0	129.615	62.289	0	63.740	0	0	
0	[SLPS]	0	129.874	62.415	0	63.858	0	0	
0	[SLPS]	0	130.141	62.543	0	63.984	0	0	
0	[SLPS]	0	130.403	62.671	0	64.116	0	0	
0	[SLPS]	0	130.403	62.671	0	64.116	0	0	
0	[SLPS]	0	130.923	62.915	0	64.383	0	0	
0	[SLPS]	0	130.923	62.915	0	64.383	0	0	
0	[SLPS]	0	131.182	63.036	0	64.530	0	0	
0	[SLPS]	0	131.438	63.154	0	64.680	0	0	
0	[SLPS]	0	131.438	63.154	0	64.680	0	0	
0	[SLPS]	0	131.941	63.388	0	65.035	0	0	
0	[SLPS]	0	131.941	63.388	0	65.035	0	0	
0	[SLPS]	0	132.194	63.503	0	65.233	0	0	
0	[SLPS]	0	132.444	63.614	0	65.453	0	0	
0	[SLPS]	0	132.444	63.614	0	65.453	0	0	
0	[SLPS]	0	132.934	63.832	0	65.940	0	0	
0	[SLPS]	0	132.934	63.832	0	65.940	0	0	
0	[SLPS]	0	133.185	63.936	0	66.222	0	0	
0	[SLPS]	0	133.429	64.037	0	66.534	0	0	
0	[SLPS]	0	133.429	64.037	0	66.534	0	0	
0	[SLPS]	0	133.913	64.232	0	67.212	0	0	
0	[SLPS]	0	133.913	64.232	0	67.212	0	0	
0	[SLPS]	0	134.154	64.330	0	67.579	0	0	
0	[SLPS]	0	134.396	64.427	0	67.960	0	0	
0	[SLPS]	0	134.396	64.427	0	67.960	0	0	
0	[SLPS]	0	134.883	64.606	0	68.787	0	0	
0	[SLPS]	0	134.883	64.606	0	68.787	0	0	
0	[SLPS]	0	135.126	64.691	0	69.228	0	0	
0	[SLPS]	0	135.366	64.771	0	69.694	0	0	
0	[SLPS]	0	135.604	64.852	0	70.179	0	0	
0	[SLPS]	0	135.849	64.927	0	70.677	0	0	
0	[SLPS]	0	135.849	64.927	0	70.677	0	0	
0	[SLPS]	0	136.327	65.078	0	71.718	0	0	
0	[SLPS]	0	136.327	65.078	0	71.718	0	0	
0	[SLPS]	0	136.564	65.149	0	72.259	0	0	
0	[SLPS]	0	136.802	65.211	0	72.817	0	0	
0	[SLPS]	0	136.802	65.211	0	72.817	0	0	
0	[SLPS]	0	137.275	65.339	0	73.992	0	0	
0	[SLPS]	0	137.275	65.339	0	73.992	0	0	
0	[SLPS]	0	137.509	65.399	0	74.603	0	0	
0	[SLPS]	0	137.738	65.449	0	75.219	0	0	
0	[SLPS]	0	137.738	65.449	0	75.219	0	0	
0	[SLPS]	0	138.202	65.550	0	76.485	0	0	
0	[SLPS]	0	138.202	65.550	0	76.485	0	0	
0	[SLPS]	0	138.433	65.596	0	77.122	0	0	
0	[SLPS]	0	138.662	65.635	0	77.775	0	0	
0	[SLPS]	0	138.662	65.635	0	77.775	0	0	
0	[SLPS]	0	139.128	65.706	0	79.142	0	0	
0	[SLPS]	0	139.128	65.706	0	79.142	0	0	
0	[SLPS]	0	139.357	65.740	0	79.856	0	0	
0	[SLPS]	0	139.584	65.766	0	80.584	0	0	
0	[SLPS]	0	139.584	65.766	0	80.584	0	0	
0	[SLPS]	0	140.049	65.809	0	82.067	0	0	
0	[SLPS]	0	140.049	65.809	0	82.067	0	0	
0	[SLPS]	0	140.276	65.829	0	82.824	0	0	
0	[SLPS]	0	140.505	65.849	0	83.593	0	0	
0	[SLPS]	0	140.505	65.849	0	83.593	0	0	
0	[SLPS]	0	140.961	65.871	0	85.183	0	0	
0	[SLPS]	0	140.961	65.871	0	85.183	0	0	
0	[SLPS]	0	141.185	65.878	0	86.020	0	0	
0	[SLPS]	0	141.399	65.884	0	86.878	0	0	
0	[SLPS]	0	141.399	65.884	0	86.878	0	0	
0	[SLPS]	0	141.836	65.884	0	88.619	0	0	
0	[SLPS]	0	141.836	65.884	0	88.619	0	0	
0	[SLPS]	0	142.055	65.878	0	89.490	0	0	
0	[SLPS]	0	142.270	65.861	0	90.367	0	0	
0	[SLPS]	0	142.490	65.852	0	91.284	0	0	
0	[SLPS]	0	142.710	65.835	0	92.180	0	0	
0	[SLPS]	0	142.710	65.835	0	92.180	0	0	
0	[SLPS]	0	143.144	65.786	0	93.972	0	0	
0	[SLPS]	0	143.144	65.786	0	93.972	0	0	
0	[SLPS]	0	143.354	65.758	0	94.865	0	0	
0	[SLPS]	0	143.570	65.722	0	95.749	0	0	
0	[SLPS]	0	143.570	65.722	0	95.749	0	0	
0	[SLPS]	0	144.003	65.650	0	97.517	0	0	
0	[SLPS]	0	144.003	65.650	0	97.517	0	0	
0	[SLPS]	0	144.221	65.612	0	98.391	0	0	
0	[SLPS]	0	144.430	65.562	0	99.265	0	0	
0	[SLPS]	0	144.430	65.562	0	99.265	0	0	
0	[SLPS]	0	144.859	65.467	0	101.013	0	0	
0	[SLPS]	0	144.859	65.467	0	101.013	0	0	
0	[SLPS]	0	145.072	65.413	0	101.880	0	0	
0	[SLPS]	0	145.281	65.353	0	102.733	0	0	
0	[SLPS]	0	145.281	65.353	0	102.733	0	0	
0	[SLPS]	0	145.694	65.228	0	104.453	0	0	
0	[SLPS]	0	145.694	65.228	0	104.453	0	0	
0	[SLPS]	0	145.899	65.160	0	105.320	0	0	
0	[SLPS]	0	146.097	65.088	0	106.201	0	0	
0	[SLPS]	0	146.097	65.088	0	106.201	0	0	
0	[SLPS]	0	146.492	64.941	0	107.973	0	0	
0	[SLPS]	0	146.492	64.941	0	107.973	0	0	
0	[SLPS]	0	146.699	64.870	0	108.844	0	0	
0	[SLPS]	0	146.902	64.790	0	109.700	0	0	
0	[SLPS]	0	146.902	64.790	0	109.700	0	0	
0	[SLPS]	0	147.289	64.602	0	111.382	0	0	
0	[SLPS]	0	147.289	64.602	0	111.382	0	0	
0	[SLPS]	0	147.483	64.502	0	112.239	0	0	
0	[SLPS]	0	147.674	64.410	0	113.103	0	0	
0	[SLPS]	0	147.864	64.312	0	113.973	0	0	
0	[SLPS]	0	148.048	64.219	0	114.839	0	0	
0	[SLPS]	0	148.048	64.219	0	114.839	0	0	
0	[SLPS]	0	148.234	64.120	0	115.697	0	0	
0	[SLPS]	0	148.422	64.011	0	116.558	0	0	
0	[SLPS]	0	148.606	63.904	0	117.416	0	0	
0	[SLPS]	0	148.787	63.802	0	118.269	0	0	
0	[SLPS]	0	148.787	63.802	0	118.269	0	0	
0	[SLPS]	0	148.966	63.692	0	119.116	0	0	
0	[SLPS]	0	149.144	63.579	0	119.959	0	0	
0	[SLPS]	0	149.144	63.579	0	119.959	0	0	
0	[SLPS]	0	149.503	63.339	0	121.652	0	0	
0	[SLPS]	0	149.503	63.339	0	121.652	0	0	
0	[SLPS]	0	149.683	63.224	0	122.473	0	0	
0	[SLPS]	0	149.850	63.098	0	123.276	0	0	
0	[SLPS]	0	150.020	62.972	0	124.067	0	0	
0	[SLPS]	0	150.190	62.838	0	124.851	0	0	
0	[SLPS]	0	150.190	62.838	0	124.851	0	0	
0	[SLPS]	0	150.519	62.584	0	126.430	0	0	
0	[SLPS]	0	150.519	62.584	0	126.430	0	0	
0	[SLPS]	0	150.681	62.449	0	127.214	0	0	
0	[SLPS]	0	150.844	62.314	0	128.003	0	0	
0	[SLPS]	0	150.844	62.314	0	128.003	0	0	
0	[SLPS]	0	151.161	62.038	0	129.533	0	0	
0	[SLPS]	0	151.161	62.038	0	129.533	0	0	
0	[SLPS]	0	151.317	61.896	0	130.275	0	0	
0	[SLPS]	0	151.468	61.751	0	131.016	0	0	
0	[SLPS]	0	151.468	61.751	0	131.016	0	0	
0	[SLPS]	0	151.765	61.458	0	132.511	0	0	
0	[SLPS]	0	151.765	61.458	0	132.511	0	0	
0	[SLPS]	0	151.912	61.309	0	133.250	0	0	
0	[SLPS]	0	152.051	61.153	0	133.979	0	0	
0	[SLPS]	0	152.051	61.153	0	133.979	0	0	
0	[SLPS]	0	152.327	60.835	0	135.376	0	0	
0	[SLPS]	0	152.327	60.835	0	135.376	0	0	
0	[SLPS]	0	152.464	60.676	0	136.033	0	0	
0	[SLPS]	0	152.593	60.520	0	136.669	0	0	
0	[SLPS]	0	152.738	60.365	0	137.291	0	0	
0	[SLPS]	0	152.872	60.205	0	137.889	0	0	
0	[SLPS]	0	152.872	60.205	0	137.889	0	0	
0	[SLPS]	0	153.135	59.886	0	139.002	0	0	
0	[SLPS]	0	153.135	59.886	0	139.002	0	0	
0	[SLPS]	0	153.261	59.714	0	139.511	0	0	
0	[SLPS]	0	153.390	59.546	0	139.987	0	0	
0	[SLPS]	0	153.390	59.546	0	139.987	0	0	
0	[SLPS]	0	153.650	59.218	0	140.855	0	0	
0	[SLPS]	0	153.650	59.218	0	140.855	0	0	
0	[SLPS]	0	153.765	59.042	0	141.259	0	0	
0	[SLPS]	0	153.890	58.874	0	141.634	0	0	
0	[SLPS]	0	153.890	58.874	0	141.634	0	0	
0	[SLPS]	0	154.139	58.555	0	142.249	0	0	
0	[SLPS]	0	154.139	58.555	0	142.249	0	0	
0	[SLPS]	0	154.264	58.384	0	142.484	0	0	
0	[SLPS]	0	154.392	58.205	0	142.701	0	0	
0	[SLPS]	0	154.392	58.205	0	142.701	0	0	
0	[SLPS]	0	154.513	58.035	0	142.910	0	0	
0	[SLPS]	0	154.634	57.873	0	143.121	0	0	
0	[SLPS]	0	154.759	57.716	0	143.330	0	0	
0	[SLPS]	0	154.884	57.539	0	143.528	0	0	
0	[SLPS]	0	154.884	57.539	0	143.528	0	0	
0	[SLPS]	0	155.130	57.211	0	143.839	0	0	
0	[SLPS]	0	155.130	57.211	0	143.839	0	0	
0	[SLPS]	0	155.250	57.042	0	143.959	0	0	
0	[SLPS]	0	155.368	56.861	0	144.072	0	0	
0	[SLPS]	0	155.368	56.861	0	144.072	0	0	
0	[SLPS]	0	155.606	56.515	0	144.289	0	0	
0	[SLPS]	0	155.606	56.515	0	144.289	0	0	
0	[SLPS]	0	155.725	56.336	0	144.381	0	0	
0	[SLPS]	0	155.845	56.156	0	144.465	0	0	
0	[SLPS]	0	155.845	56.156	0	144.465	0	0	
0	[SLPS]	0	156.093	55.787	0	144.617	0	0	
0	[SLPS]	0	156.093	55.787	0	144.617	0	0	
0	[SLPS]	0	156.220	55.608	0	144.692	0	0	
0	[SLPS]	0	156.343	55.421	0	144.766	0	0	
0	[SLPS]	0	156.343	55.421	0	144.766	0	0	
0	[SLPS]	0	156.608	55.069	0	144.896	0	0	
0	[SLPS]	0	156.608	55.069	0	144.896	0	0	
0	[SLPS]	0	156.865	54.687	0	145.002	0	0	
0	[SLPS]	0	156.865	54.687	0	145.002	0	0	
0	[SLPS]	0	156.993	54.498	0	145.043	0	0	
0	[SLPS]	0	157.107	54.290	0	145.084	0	0	
0	[SLPS]	0	157.107	54.290	0	145.084	0	0	
0	[SLPS]	0	157.358	53.900	0	145.137	0	0	
0	[SLPS]	0	157.358	53.900	0	145.137	0	0	
0	[SLPS]	0	157.487	53.704	0	145.170	0	0	
0	[SLPS]	0	157.620	53.518	0	145.185	0	0	
0	[SLPS]	0	157.620	53.518	0	145.185	0	0	
0	[SLPS]	0	157.892	53.137	0	145.243	0	0	
0	[SLPS]	0	157.892	53.137	0	145.243	0	0	
0	[SLPS]	0	158.026	52.940	0	145.284	0	0	
0	[SLPS]	0	158.156	52.743	0	145.332	0	0	
0	[SLPS]	0	158.156	52.743	0	145.332	0	0	
0	[SLPS]	0	158.435	52.344	0	145.443	0	0	
0	[SLPS]	0	158.435	52.344	0	145.443	0	0	
0	[SLPS]	0	158.572	52.147	0	145.474	0	0	
0	[SLPS]	0	158.715	51.928	0	145.523	0	0	
0	[SLPS]	0	158.851	51.722	0	145.581	0	0	
0	[SLPS]	0	158.991	51.507	0	145.640	0	0	
0	[SLPS]	0	158.991	51.507	0	145.640	0	0	
0	[SLPS]	0	159.131	51.297	0	145.690	0	0	
0	[SLPS]	0	159.280	51.094	0	145.725	0	0	
0	[SLPS]	0	159.426	50.878	0	145.761	0	0	
0	[SLPS]	0	159.570	50.665	0	145.789	0	0	
0	[SLPS]	0	159.570	50.665	0	145.789	0	0	
0	[SLPS]	0	159.865	50.242	0	145.859	0	0	
0	[SLPS]	0	159.865	50.242	0	145.859	0	0	
0	[SLPS]	0	160.010	50.017	0	145.913	0	0	
0	[SLPS]	0	160.157	49.801	0	145.948	0	0	
0	[SLPS]	0	160.157	49.801	0	145.948	0	0	
0	[SLPS]	0	160.452	49.352	0	146.044	0	0	
0	[SLPS]	0	160.452	49.352	0	146.044	0	0	
0	[SLPS]	0	160.602	49.137	0	146.067	0	0	
0	[SLPS]	0	160.755	48.908	0	146.102	0	0	
0	[SLPS]	0	160.755	48.908	0	146.102	0	0	
0	[SLPS]	0	161.052	48.464	0	146.166	0	0	
0	[SLPS]	0	161.052	48.464	0	146.166	0	0	
0	[SLPS]	0	161.203	48.222	0	146.190	0	0	
0	[SLPS]	0	161.362	47.995	0	146.169	0	0	
0	[SLPS]	0	161.362	47.995	0	146.169	0	0	
0	[SLPS]	0	161.674	47.519	0	146.141	0	0	
0	[SLPS]	0	161.674	47.519	0	146.141	0	0	
0	[SLPS]	0	161.828	47.281	0	146.131	0	0	
0	[SLPS]	0	161.988	47.029	0	146.136	0	0	
0	[SLPS]	0	162.148	46.786	0	146.124	0	0	
0	[SLPS]	0	162.313	46.541	0	146.121	0	0	
0	[SLPS]	0	162.313	46.541	0	146.121	0	0	
0	[SLPS]	0	162.655	46.047	0	146.079	0	0	
0	[SLPS]	0	162.655	46.047	0	146.079	0	0	
0	[SLPS]	0	162.822	45.796	0	146.064	0	0	
0	[SLPS]	0	162.983	45.544	0	146.072	0	0	
0	[SLPS]	0	162.983	45.544	0	146.072	0	0	
0	[SLPS]	0	163.335	45.037	0	146.052	0	0	
0	[SLPS]	0	163.335	45.037	0	146.052	0	0	
0	[SLPS]	0	163.498	44.777	0	146.078	0	0	
0	[SLPS]	0	163.672	44.514	0	146.079	0	0	
0	[SLPS]	0	163.672	44.514	0	146.079	0	0	
0	[SLPS]	0	164.036	43.982	0	146.046	0	0	
0	[SLPS]	0	164.036	43.982	0	146.046	0	0	
0	[SLPS]	0	164.213	43.717	0	146.020	0	0	
0	[SLPS]	0	164.398	43.441	0	146.021	0	0	
0	[SLPS]	0	164.398	43.441	0	146.021	0	0	
0	[SLPS]	0	164.754	42.900	0	146.015	0	0	
0	[SLPS]	0	164.754	42.900	0	146.015	0	0	
0	[SLPS]	0	164.934	42.634	0	145.998	0	0	
0	[SLPS]	0	165.117	42.361	0	145.969	0	0	
0	[SLPS]	0	165.117	42.361	0	145.969	0	0	
0	[SLPS]	0	165.483	41.811	0	145.905	0	0	
0	[SLPS]	0	165.483	41.811	0	145.905	0	0	
0	[SLPS]	0	165.669	41.533	0	145.888	0	0	
0	[SLPS]	0	165.861	41.278	0	145.839	0	0	
0	[SLPS]	0	165.861	41.278	0	145.839	0	0	
0	[SLPS]	0	166.245	40.736	0	145.788	0	0	
0	[SLPS]	0	166.245	40.736	0	145.788	0	0	
0	[SLPS]	0	166.437	40.458	0	145.768	0	0	
0	[SLPS]	0	166.620	40.169	0	145.776	0	0	
0	[SLPS]	0	166.620	40.169	0	145.776	0	0	
0	[SLPS]	0	167.003	39.604	0	145.755	0	0	
0	[SLPS]	0	167.003	39.604	0	145.755	0	0	
0	[SLPS]	0	167.197	39.319	0	145.764	0	0	
0	[SLPS]	0	167.376	39.025	0	145.796	0	0	
0	[SLPS]	0	167.376	39.025	0	145.796	0	0	
0	[SLPS]	0	167.770	38.453	0	145.787	0	0	
0	[SLPS]	0	167.770	38.453	0	145.787	0	0	
0	[SLPS]	0	167.965	38.164	0	145.793	0	0	
0	[SLPS]	0	168.148	37.873	0	145.814	0	0	
0	[SLPS]	0	168.332	37.565	0	145.858	0	0	
0	[SLPS]	0	168.525	37.262	0	145.884	0	0	
0	[SLPS]	0	168.525	37.262	0	145.884	0	0	
0	[SLPS]	0	168.912	36.663	0	145.890	0	0	
0	[SLPS]	0	168.912	36.663	0	145.890	0	0	
0	[SLPS]	0	169.103	36.360	0	145.891	0	0	
0	[SLPS]	0	169.299	36.059	0	145.842	0	0	
0	[SLPS]	0	169.299	36.059	0	145.842	0	0	
0	[SLPS]	0	169.696	35.462	0	145.834	0	0	
0	[SLPS]	0	169.696	35.462	0	145.834	0	0	
0	[SLPS]	0	169.894	35.165	0	145.836	0	0	
0	[SLPS]	0	170.095	34.873	0	145.825	0	0	
0	[SLPS]	0	170.095	34.873	0	145.825	0	0	
0	[SLPS]	0	170.515	34.287	0	145.790	0	0	
0	[SLPS]	0	170.515	34.287	0	145.790	0	0	
0	[SLPS]	0	170.711	33.987	0	145.801	0	0	
0	[SLPS]	0	170.913	33.697	0	145.800	0	0	
0	[SLPS]	0	170.913	33.697	0	145.800	0	0	
0	[SLPS]	0	171.317	33.104	0	145.815	0	0	
0	[SLPS]	0	171.317	33.104	0	145.815	0	0	
0	[SLPS]	0	171.535	32.817	0	145.782	0	0	
0	[SLPS]	0	171.740	32.511	0	145.790	0	0	
0	[SLPS]	0	171.740	32.511	0	145.790	0	0	
0	[SLPS]	0	172.142	31.909	0	145.800	0	0	
0	[SLPS]	0	172.142	31.909	0	145.800	0	0	
0	[SLPS]	0	172.352	31.608	0	145.794	0	0	
0	[SLPS]	0	172.553	31.302	0	145.801	0	0	
0	[SLPS]	0	172.553	31.302	0	145.801	0	0	
0	[SLPS]	0	172.963	30.700	0	145.806	0	0	
0	[SLPS]	0	172.963	30.700	0	145.806	0	0	
0	[SLPS]	0	173.161	30.393	0	145.813	0	0	
0	[SLPS]	0	173.371	30.084	0	145.809	0	0	
0	[SLPS]	0	173.371	30.084	0	145.809	0	0	
0	[SLPS]	0	173.781	29.478	0	145.798	0	0	
0	[SLPS]	0	173.781	29.478	0	145.798	0	0	
0	[SLPS]	0	173.989	29.173	0	145.789	0	0	
0	[SLPS]	0	174.199	28.871	0	145.778	0	0	
0	[SLPS]	0	174.199	28.871	0	145.778	0	0	
0	[SLPS]	0	174.615	28.256	0	145.770	0	0	
0	[SLPS]	0	174.615	28.256	0	145.770	0	0	
0	[SLPS]	0	174.819	27.946	0	145.779	0	0	
0	[SLPS]	0	175.033	27.629	0	145.773	0	0	
0	[SLPS]	0	175.242	27.319	0	145.771	0	0	
0	[SLPS]	0	175.447	27.017	0	145.764	0	0	
0	[SLPS]	0	175.447	27.017	0	145.764	0	0	
0	[SLPS]	0	175.663	26.706	0	145.749	0	0	
0	[SLPS]	0	175.878	26.396	0	145.740	0	0	
0	[SLPS]	0	176.090	26.090	0	145.732	0	0	
0	[SLPS]	0	176.295	25.780	0	145.735	0	0	
0	[SLPS]	0	176.295	25.780	0	145.735	0	0	
0	[SLPS]	0	176.719	25.145	0	145.742	0	0	
0	[SLPS]	0	176.719	25.145	0	145.742	0	0	
0	[SLPS]	0	176.931	24.842	0	145.731	0	0	
0	[SLPS]	0	177.151	24.535	0	145.713	0	0	
0	[SLPS]	0	177.151	24.535	0	145.713	0	0	
0	[SLPS]	0	177.567	23.889	0	145.741	0	0	
0	[SLPS]	0	177.567	23.889	0	145.741	0	0	
0	[SLPS]	0	177.784	23.566	0	145.734	0	0	
0	[SLPS]	0	178.010	23.265	0	145.698	0	0	
0	[SLPS]	0	178.010	23.265	0	145.698	0	0	
0	[SLPS]	0	178.427	22.625	0	145.710	0	0	
0	[SLPS]	0	178.427	22.625	0	145.710	0	0	
0	[SLPS]	0	178.652	22.320	0	145.688	0	0	
0	[SLPS]	0	178.859	21.994	0	145.712	0	0	
0	[SLPS]	0	178.859	21.994	0	145.712	0	0	
0	[SLPS]	0	179.296	21.354	0	145.699	0	0	
0	[SLPS]	0	179.296	21.354	0	145.699	0	0	
0	[SLPS]	0	179.513	21.035	0	145.694	0	0	
0	[SLPS]	0	179.729	20.709	0	145.689	0	0	
0	[SLPS]	0	179.940	20.379	0	145.700	0	0	
0	[SLPS]	0	180.159	20.054	0	145.694	0	0	
0	[SLPS]	0	180.159	20.054	0	145.694	0	0	
0	[SLPS]	0	180.606	19.414	0	145.702	0	0	
0	[SLPS]	0	180.606	19.414	0	145.702	0	0	
0	[SLPS]	0	180.827	19.105	0	145.687	0	0	
0	[SLPS]	0	181.053	18.785	0	145.681	0	0	
0	[SLPS]	0	181.053	18.785	0	145.681	0	0	
0	[SLPS]	0	181.265	18.459	0	145.698	0	0	
0	[SLPS]	0	181.481	18.136	0	145.706	0	0	
0	[SLPS]	0	181.481	18.136	0	145.706	0	0	
0	[SLPS]	0	181.920	17.487	0	145.712	0	0	
0	[SLPS]	0	181.920	17.487	0	145.712	0	0	
0	[SLPS]	0	182.140	17.163	0	145.723	0	0	
0	[SLPS]	0	182.354	16.830	0	145.740	0	0	
0	[SLPS]	0	182.574	16.502	0	145.750	0	0	
0	[SLPS]	0	182.799	16.173	0	145.755	0	0	
0	[SLPS]	0	182.799	16.173	0	145.755	0	0	
0	[SLPS]	0	183.241	15.505	0	145.775	0	0	
0	[SLPS]	0	183.241	15.505	0	145.775	0	0	
0	[SLPS]	0	183.465	15.183	0	145.772	0	0	
0	[SLPS]	0	183.688	14.847	0	145.782	0	0	
0	[SLPS]	0	183.688	14.847	0	145.782	0	0	
0	[SLPS]	0	184.145	14.185	0	145.790	0	0	
0	[SLPS]	0	184.145	14.185	0	145.790	0	0	
0	[SLPS]	0	184.374	13.859	0	145.788	0	0	
0	[SLPS]	0	184.608	13.532	0	145.774	0	0	
0	[SLPS]	0	184.608	13.532	0	145.774	0	0	
0	[SLPS]	0	185.057	12.853	0	145.792	0	0	
0	[SLPS]	0	185.057	12.853	0	145.792	0	0	
0	[SLPS]	0	185.292	12.509	0	145.794	0	0	
0	[SLPS]	0	185.525	12.165	0	145.793	0	0	
0	[SLPS]	0	185.525	12.165	0	145.793	0	0	
0	[SLPS]	0	185.980	11.497	0	145.790	0	0	
0	[SLPS]	0	185.980	11.497	0	145.790	0	0	
0	[SLPS]	0	186.211	11.152	0	145.788	0	0	
0	[SLPS]	0	186.449	10.821	0	145.766	0	0	
0	[SLPS]	0	186.449	10.821	0	145.766	0	0	
0	[SLPS]	0	186.902	10.136	0	145.775	0	0	
0	[SLPS]	0	186.902	10.136	0	145.775	0	0	
0	[SLPS]	0	187.131	9.807	0	145.762	0	0	
0	[SLPS]	0	187.363	9.459	0	145.763	0	0	
0	[SLPS]	0	187.594	9.118	0	145.754	0	0	
0	[SLPS]	0	187.819	8.777	0	145.749	0	0	
0	[SLPS]	0	187.819	8.777	0	145.749	0	0	
0	[SLPS]	0	188.289	8.084	0	145.724	0	0	
0	[SLPS]	0	188.289	8.084	0	145.724	0	0	
0	[SLPS]	0	188.523	7.740	0	145.707	0	0	
0	[SLPS]	0	188.744	7.403	0	145.695	0	0	
0	[SLPS]	0	188.744	7.403	0	145.695	0	0	
0	[SLPS]	0	189.228	6.720	0	145.658	0	0	
0	[SLPS]	0	189.228	6.720	0	145.658	0	0	
0	[SLPS]	0	189.477	6.373	0	145.636	0	0	
0	[SLPS]	0	189.705	6.015	0	145.650	0	0	
0	[SLPS]	0	189.705	6.015	0	145.650	0	0	
0	[SLPS]	0	190.182	5.325	0	145.617	0	0	
0	[SLPS]	0	190.182	5.325	0	145.617	0	0	
0	[SLPS]	0	190.418	4.984	0	145.602	0	0	
0	[SLPS]	0	190.657	4.636	0	145.587	0	0	
0	[SLPS]	0	190.657	4.636	0	145.587	0	0	
0	[SLPS]	0	191.137	3.939	0	145.579	0	0	
0	[SLPS]	0	191.137	3.939	0	145.579	0	0	
0	[SLPS]	0	191.377	3.590	0	145.584	0	0	
0	[SLPS]	0	191.609	3.238	0	145.602	0	0	
0	[SLPS]	0	191.609	3.238	0	145.602	0	0	
0	[SLPS]	0	192.083	2.533	0	145.609	0	0	
0	[SLPS]	0	192.083	2.533	0	145.609	0	0	
0	[SLPS]	0	192.323	2.181	0	145.608	0	0	
0	[SLPS]	0	192.567	1.829	0	145.604	0	0	
0	[SLPS]	0	192.806	1.468	0	145.618	0	0	
0	[SLPS]	0	193.053	1.109	0	145.622	0	0	
0	[SLPS]	0	193.053	1.109	0	145.622	0	0	
0	[SLPS]	0	193.542	0.391	0	145.631	0	0	
0	[SLPS]	0	193.542	0.391	0	145.631	0	0	
0	[SLPS]	0	193.783	0.031	0	145.636	0	0	
0	[SLPS]	0	194.027	-0.341	0	145.648	0	0	
0	[SLPS]	0	194.027	-0.341	0	145.648	0	0	
0	[SLPS]	0	194.516	-1.068	0	145.658	0	0	
0	[SLPS]	0	194.516	-1.068	0	145.658	0	0	
0	[SLPS]	0	194.765	-1.436	0	145.662	0	0	
0	[SLPS]	0	195.013	-1.797	0	145.660	0	0	
0	[SLPS]	0	195.013	-1.797	0	145.660	0	0	
0	[SLPS]	0	195.257	-2.159	0	145.666	0	0	
0	[SLPS]	0	195.501	-2.519	0	145.668	0	0	
0	[SLPS]	0	195.501	-2.519	0	145.668	0	0	
0	[SLPS]	0	196.001	-3.241	0	145.664	0	0	
0	[SLPS]	0	196.001	-3.241	0	145.664	0	0	
0	[SLPS]	0	196.248	-3.603	0	145.665	0	0	
0	[SLPS]	0	196.479	-3.962	0	145.683	0	0	
0	[SLPS]	0	196.479	-3.962	0	145.683	0	0	
0	[SLPS]	0	196.972	-4.681	0	145.686	0	0	
0	[SLPS]	0	196.972	-4.681	0	145.686	0	0	
0	[SLPS]	0	197.214	-5.039	0	145.690	0	0	
0	[SLPS]	0	197.466	-5.403	0	145.691	0	0	
0	[SLPS]	0	197.466	-5.403	0	145.691	0	0	
0	[SLPS]	0	197.965	-6.135	0	145.708	0	0	
0	[SLPS]	0	197.965	-6.135	0	145.708	0	0	
0	[SLPS]	0	198.470	-6.867	0	145.705	0	0	
0	[SLPS]	0	198.470	-6.867	0	145.705	0	0	
0	[SLPS]	0	198.717	-7.242	0	145.716	0	0	
0	[SLPS]	0	198.968	-7.614	0	145.720	0	0	
0	[SLPS]	0	198.968	-7.614	0	145.720	0	0	
0	[SLPS]	0	199.469	-8.353	0	145.723	0	0	
0	[SLPS]	0	199.469	-8.353	0	145.723	0	0	
0	[SLPS]	0	199.723	-8.725	0	145.724	0	0	
0	[SLPS]	0	199.971	-9.099	0	145.734	0	0	
0	[SLPS]	0	199.971	-9.099	0	145.734	0	0	
0	[SLPS]	0	200.473	-9.841	0	145.744	0	0	
0	[SLPS]	0	200.473	-9.841	0	145.744	0	0	
0	[SLPS]	0	200.725	-10.210	0	145.746	0	0	
0	[SLPS]	0	200.982	-10.590	0	145.753	0	0	
0	[SLPS]	0	201.236	-10.965	0	145.759	0	0	
0	[SLPS]	0	201.488	-11.338	0	145.758	0	0	
0	[SLPS]	0	201.488	-11.338	0	145.758	0	0	
0	[SLPS]	0	201.742	-11.715	0	145.763	0	0	
0	[SLPS]	0	202.003	-12.101	0	145.763	0	0	
0	[SLPS]	0	202.258	-12.478	0	145.766	0	0	
0	[SLPS]	0	202.508	-12.853	0	145.771	0	0	
0	[SLPS]	0	202.508	-12.853	0	145.771	0	0	
0	[SLPS]	0	203.023	-13.611	0	145.777	0	0	
0	[SLPS]	0	203.023	-13.611	0	145.777	0	0	
0	[SLPS]	0	203.279	-13.991	0	145.780	0	0	
0	[SLPS]	0	203.547	-14.368	0	145.774	0	0	
0	[SLPS]	0	203.547	-14.368	0	145.774	0	0	
0	[SLPS]	0	204.066	-15.130	0	145.783	0	0	
0	[SLPS]	0	204.066	-15.130	0	145.783	0	0	
0	[SLPS]	0	204.328	-15.513	0	145.786	0	0	
0	[SLPS]	0	204.591	-15.892	0	145.780	0	0	
0	[SLPS]	0	204.850	-16.276	0	145.787	0	0	
0	[SLPS]	0	205.113	-16.660	0	145.787	0	0	
0	[SLPS]	0	205.113	-16.660	0	145.787	0	0	
0	[SLPS]	0	205.631	-17.423	0	145.791	0	0	
0	[SLPS]	0	205.631	-17.423	0	145.791	0	0	
0	[SLPS]	0	205.898	-17.811	0	145.794	0	0	
0	[SLPS]	0	206.157	-18.207	0	145.809	0	0	
0	[SLPS]	0	206.157	-18.207	0	145.809	0	0	
0	[SLPS]	0	206.681	-18.971	0	145.808	0	0	
0	[SLPS]	0	206.681	-18.971	0	145.808	0	0	
0	[SLPS]	0	206.941	-19.363	0	145.810	0	0	
0	[SLPS]	0	207.206	-19.758	0	145.809	0	0	
0	[SLPS]	0	207.206	-19.758	0	145.809	0	0	
0	[SLPS]	0	207.732	-20.529	0	145.789	0	0	
0	[SLPS]	0	207.732	-20.529	0	145.789	0	0	
0	[SLPS]	0	208.000	-20.914	0	145.774	0	0	
0	[SLPS]	0	208.269	-21.299	0	145.756	0	0	
0	[SLPS]	0	208.269	-21.299	0	145.756	0	0	
0	[SLPS]	0	208.789	-22.087	0	145.747	0	0	
0	[SLPS]	0	208.789	-22.087	0	145.747	0	0	
0	[SLPS]	0	209.058	-22.480	0	145.729	0	0	
0	[SLPS]	0	209.324	-22.873	0	145.709	0	0	
0	[SLPS]	0	209.578	-23.272	0	145.709	0	0	
0	[SLPS]	0	209.845	-23.669	0	145.686	0	0	
0	[SLPS]	0	209.845	-23.669	0	145.686	0	0	
0	[SLPS]	0	210.389	-24.461	0	145.651	0	0	
0	[SLPS]	0	210.389	-24.461	0	145.651	0	0	
0	[SLPS]	0	210.659	-24.850	0	145.645	0	0	
0	[SLPS]	0	210.932	-25.252	0	145.654	0	0	
0	[SLPS]	0	210.932	-25.252	0	145.654	0	0	
0	[SLPS]	0	211.200	-25.638	0	145.660	0	0	
0	[SLPS]	0	211.469	-26.035	0	145.671	0	0	
0	[SLPS]	0	211.737	-26.429	0	145.671	0	0	
0	[SLPS]	0	211.997	-26.821	0	145.674	0	0	
0	[SLPS]	0	211.997	-26.821	0	145.674	0	0	
0	[SLPS]	0	212.266	-27.211	0	145.665	0	0	
0	[SLPS]	0	212.533	-27.606	0	145.666	0	0	
0	[SLPS]	0	212.800	-28.000	0	145.670	0	0	
0	[SLPS]	0	213.066	-28.398	0	145.677	0	0	
0	[SLPS]	0	213.066	-28.398	0	145.677	0	0	
0	[SLPS]	0	213.607	-29.186	0	145.674	0	0	
0	[SLPS]	0	213.607	-29.186	0	145.674	0	0	
0	[SLPS]	0	213.877	-29.581	0	145.673	0	0	
0	[SLPS]	0	214.144	-29.974	0	145.671	0	0	
0	[SLPS]	0	214.144	-29.974	0	145.671	0	0	
0	[SLPS]	0	214.685	-30.766	0	145.661	0	0	
0	[SLPS]	0	214.685	-30.766	0	145.661	0	0	
0	[SLPS]	0	214.951	-31.155	0	145.651	0	0	
0	[SLPS]	0	215.230	-31.541	0	145.628	0	0	
0	[SLPS]	0	215.230	-31.541	0	145.628	0	0	
0	[SLPS]	0	215.772	-32.335	0	145.632	0	0	
0	[SLPS]	0	215.772	-32.335	0	145.632	0	0	
0	[SLPS]	0	216.047	-32.723	0	145.615	0	0	
0	[SLPS]	0	216.316	-33.116	0	145.603	0	0	
0	[SLPS]	0	216.316	-33.116	0	145.603	0	0	
0	[SLPS]	0	216.858	-33.911	0	145.579	0	0	
0	[SLPS]	0	216.858	-33.911	0	145.579	0	0	
0	[SLPS]	0	217.130	-34.304	0	145.563	0	0	
0	[SLPS]	0	217.394	-34.690	0	145.548	0	0	
0	[SLPS]	0	217.670	-35.089	0	145.531	0	0	
0	[SLPS]	0	217.935	-35.475	0	145.515	0	0	
0	[SLPS]	0	217.935	-35.475	0	145.515	0	0	
0	[SLPS]	0	218.468	-36.263	0	145.490	0	0	
0	[SLPS]	0	218.468	-36.263	0	145.490	0	0	
0	[SLPS]	0	218.745	-36.644	0	145.464	0	0	
0	[SLPS]	0	219.002	-37.049	0	145.472	0	0	
0	[SLPS]	0	219.002	-37.049	0	145.472	0	0	
0	[SLPS]	0	219.541	-37.828	0	145.435	0	0	
0	[SLPS]	0	219.541	-37.828	0	145.435	0	0	
0	[SLPS]	0	219.809	-38.223	0	145.420	0	0	
0	[SLPS]	0	220.085	-38.623	0	145.403	0	0	
0	[SLPS]	0	220.085	-38.623	0	145.403	0	0	
0	[SLPS]	0	220.621	-39.397	0	145.383	0	0	
0	[SLPS]	0	220.621	-39.397	0	145.383	0	0	
0	[SLPS]	0	220.887	-39.791	0	145.376	0	0	
0	[SLPS]	0	221.161	-40.183	0	145.363	0	0	
0	[SLPS]	0	221.161	-40.183	0	145.363	0	0	
0	[SLPS]	0	221.692	-40.973	0	145.362	0	0	
0	[SLPS]	0	221.692	-40.973	0	145.362	0	0	
0	[SLPS]	0	221.960	-41.370	0	145.366	0	0	
0	[SLPS]	0	222.234	-41.755	0	145.362	0	0	
0	[SLPS]	0	222.234	-41.755	0	145.362	0	0	
0	[SLPS]	0	222.776	-42.535	0	145.362	0	0	
0	[SLPS]	0	222.776	-42.535	0	145.362	0	0	
0	[SLPS]	0	223.043	-42.933	0	145.365	0	0	
0	[SLPS]	0	223.307	-43.324	0	145.366	0	0	
0	[SLPS]	0	223.307	-43.324	0	145.366	0	0	
0	[SLPS]	0	223.851	-44.106	0	145.359	0	0	
0	[SLPS]	0	223.851	-44.106	0	145.359	0	0	
0	[SLPS]	0	224.113	-44.500	0	145.366	0	0	
0	[SLPS]	0	224.390	-44.877	0	145.356	0	0	
0	[SLPS]	0	224.390	-44.877	0	145.356	0	0	
0	[SLPS]	0	224.929	-45.663	0	145.350	0	0	
0	[SLPS]	0	224.929	-45.663	0	145.350	0	0	
0	[SLPS]	0	225.197	-46.052	0	145.348	0	0	
0	[SLPS]	0	225.474	-46.444	0	145.340	0	0	
0	[SLPS]	0	225.474	-46.444	0	145.340	0	0	
0	[SLPS]	0	225.994	-47.230	0	145.347	0	0	
0	[SLPS]	0	225.994	-47.230	0	145.347	0	0	
0	[SLPS]	0	226.268	-47.620	0	145.342	0	0	
0	[SLPS]	0	226.533	-48.010	0	145.346	0	0	
0	[SLPS]	0	226.801	-48.400	0	145.365	0	0	
0	[SLPS]	0	227.067	-48.791	0	145.363	0	0	
0	[SLPS]	0	227.067	-48.791	0	145.363	0	0	
0	[SLPS]	0	227.603	-49.567	0	145.352	0	0	
0	[SLPS]	0	227.603	-49.567	0	145.352	0	0	
0	[SLPS]	0	227.871	-49.956	0	145.349	0	0	
0	[SLPS]	0	228.136	-50.351	0	145.343	0	0	
0	[SLPS]	0	228.136	-50.351	0	145.343	0	0	
0	[SLPS]	0	228.683	-51.131	0	145.348	0	0	
0	[SLPS]	0	228.683	-51.131	0	145.348	0	0	
0	[SLPS]	0	228.942	-51.522	0	145.355	0	0	
0	[SLPS]	0	229.213	-51.913	0	145.348	0	0	
0	[SLPS]	0	229.213	-51.913	0	145.348	0	0	
0	[SLPS]	0	229.760	-52.705	0	145.340	0	0	
0	[SLPS]	0	229.760	-52.705	0	145.340	0	0	
0	[SLPS]	0	230.029	-53.095	0	145.338	0	0	
0	[SLPS]	0	230.299	-53.489	0	145.335	0	0	
0	[SLPS]	0	230.299	-53.489	0	145.335	0	0	
0	[SLPS]	0	230.843	-54.275	0	145.331	0	0	
0	[SLPS]	0	230.843	-54.275	0	145.331	0	0	
0	[SLPS]	0	231.107	-54.662	0	145.331	0	0	
0	[SLPS]	0	231.377	-55.049	0	145.327	0	0	
0	[SLPS]	0	231.649	-55.440	0	145.315	0	0	
0	[SLPS]	0	231.917	-55.831	0	145.302	0	0	
0	[SLPS]	0	231.917	-55.831	0	145.302	0	0	
0	[SLPS]	0	232.462	-56.609	0	145.288	0	0	
0	[SLPS]	0	232.462	-56.609	0	145.288	0	0	
0	[SLPS]	0	232.729	-57.006	0	145.292	0	0	
0	[SLPS]	0	233.004	-57.387	0	145.280	0	0	
0	[SLPS]	0	233.004	-57.387	0	145.280	0	0	
0	[SLPS]	0	233.275	-57.775	0	145.281	0	0	
0	[SLPS]	0	233.540	-58.166	0	145.275	0	0	
0	[SLPS]	0	233.803	-58.564	0	145.268	0	0	
0	[SLPS]	0	234.069	-58.955	0	145.260	0	0	
0	[SLPS]	0	234.069	-58.955	0	145.260	0	0	
0	[SLPS]	0	234.598	-59.733	0	145.264	0	0	
0	[SLPS]	0	234.598	-59.733	0	145.264	0	0	
0	[SLPS]	0	234.877	-60.114	0	145.252	0	0	
0	[SLPS]	0	235.138	-60.503	0	145.257	0	0	
0	[SLPS]	0	235.138	-60.503	0	145.257	0	0	
0	[SLPS]	0	235.670	-61.276	0	145.262	0	0	
0	[SLPS]	0	235.670	-61.276	0	145.262	0	0	
0	[SLPS]	0	235.935	-61.656	0	145.263	0	0	
0	[SLPS]	0	236.199	-62.043	0	145.265	0	0	
0	[SLPS]	0	236.199	-62.043	0	145.265	0	0	
0	[SLPS]	0	236.466	-62.430	0	145.264	0	0	
0	[SLPS]	0	236.735	-62.820	0	145.262	0	0	
0	[SLPS]	0	237.001	-63.207	0	145.255	0	0	
0	[SLPS]	0	237.265	-63.591	0	145.257	0	0	
0	[SLPS]	0	237.265	-63.591	0	145.257	0	0	
0	[SLPS]	0	237.797	-64.350	0	145.262	0	0	
0	[SLPS]	0	237.797	-64.350	0	145.262	0	0	
0	[SLPS]	0	238.057	-64.736	0	145.283	0	0	
0	[SLPS]	0	238.327	-65.117	0	145.282	0	0	
0	[SLPS]	0	238.327	-65.117	0	145.282	0	0	
0	[SLPS]	0	238.865	-65.884	0	145.274	0	0	
0	[SLPS]	0	238.865	-65.884	0	145.274	0	0	
0	[SLPS]	0	239.128	-66.267	0	145.276	0	0	
0	[SLPS]	0	239.397	-66.651	0	145.271	0	0	
0	[SLPS]	0	239.397	-66.651	0	145.271	0	0	
0	[SLPS]	0	239.921	-67.412	0	145.271	0	0	
0	[SLPS]	0	239.921	-67.412	0	145.271	0	0	
0	[SLPS]	0	240.185	-67.790	0	145.260	0	0	
0	[SLPS]	0	240.447	-68.174	0	145.257	0	0	
0	[SLPS]	0	240.447	-68.174	0	145.257	0	0	
0	[SLPS]	0	240.972	-68.933	0	145.259	0	0	
0	[SLPS]	0	240.972	-68.933	0	145.259	0	0	
0	[SLPS]	0	241.234	-69.311	0	145.262	0	0	
0	[SLPS]	0	241.498	-69.686	0	145.263	0	0	
0	[SLPS]	0	241.498	-69.686	0	145.263	0	0	
0	[SLPS]	0	242.022	-70.429	0	145.255	0	0	
0	[SLPS]	0	242.022	-70.429	0	145.255	0	0	
0	[SLPS]	0	242.281	-70.802	0	145.257	0	0	
0	[SLPS]	0	242.539	-71.172	0	145.255	0	0	
0	[SLPS]	0	242.799	-71.543	0	145.244	0	0	
0	[SLPS]	0	243.057	-71.913	0	145.232	0	0	
0	[SLPS]	0	243.057	-71.913	0	145.232	0	0	
0	[SLPS]	0	243.572	-72.658	0	145.220	0	0	
0	[SLPS]	0	243.572	-72.658	0	145.220	0	0	
0	[SLPS]	0	243.829	-73.028	0	145.220	0	0	
0	[SLPS]	0	244.082	-73.400	0	145.235	0	0	
0	[SLPS]	0	244.082	-73.400	0	145.235	0	0	
0	[SLPS]	0	244.595	-74.146	0	145.284	0	0	
0	[SLPS]	0	244.595	-74.146	0	145.284	0	0	
0	[SLPS]	0	244.851	-74.515	0	145.297	0	0	
0	[SLPS]	0	245.108	-74.890	0	145.304	0	0	
0	[SLPS]	0	245.108	-74.890	0	145.304	0	0	
0	[SLPS]	0	245.620	-75.631	0	145.330	0	0	
0	[SLPS]	0	245.620	-75.631	0	145.330	0	0	
0	[SLPS]	0	245.875	-76.000	0	145.352	0	0	
0	[SLPS]	0	246.125	-76.375	0	145.380	0	0	
0	[SLPS]	0	246.125	-76.375	0	145.380	0	0	
0	[SLPS]	0	246.633	-77.110	0	145.415	0	0	
0	[SLPS]	0	246.633	-77.110	0	145.415	0	0	
0	[SLPS]	0	247.141	-77.842	0	145.434	0	0	
0	[SLPS]	0	247.141	-77.842	0	145.434	0	0	
0	[SLPS]	0	247.407	-78.202	0	145.434	0	0	
0	[SLPS]	0	247.658	-78.565	0	145.443	0	0	
0	[SLPS]	0	247.658	-78.565	0	145.443	0	0	
0	[SLPS]	0	248.167	-79.295	0	145.480	0	0	
0	[SLPS]	0	248.167	-79.295	0	145.480	0	0	
0	[SLPS]	0	248.422	-79.661	0	145.501	0	0	
0	[SLPS]	0	248.677	-80.026	0	145.517	0	0	
0	[SLPS]	0	248.677	-80.026	0	145.517	0	0	
0	[SLPS]	0	248.930	-80.390	0	145.538	0	0	
0	[SLPS]	0	249.173	-80.754	0	145.555	0	0	
0	[SLPS]	0	249.422	-81.124	0	145.578	0	0	
0	[SLPS]	0	249.672	-81.492	0	145.593	0	0	
0	[SLPS]	0	249.672	-81.492	0	145.593	0	0	
0	[SLPS]	0	250.164	-82.220	0	145.621	0	0	
0	[SLPS]	0	250.164	-82.220	0	145.621	0	0	
0	[SLPS]	0	250.413	-82.588	0	145.631	0	0	
0	[SLPS]	0	250.661	-82.957	0	145.649	0	0	
0	[SLPS]	0	250.661	-82.957	0	145.649	0	0	
0	[SLPS]	0	250.909	-83.323	0	145.664	0	0	
0	[SLPS]	0	251.153	-83.693	0	145.677	0	0	
0	[SLPS]	0	251.404	-84.056	0	145.684	0	0	
0	[SLPS]	0	251.655	-84.426	0	145.693	0	0	
0	[SLPS]	0	251.655	-84.426	0	145.693	0	0	
0	[SLPS]	0	252.160	-85.160	0	145.714	0	0	
0	[SLPS]	0	252.160	-85.160	0	145.714	0	0	
0	[SLPS]	0	252.412	-85.528	0	145.723	0	0	
0	[SLPS]	0	252.664	-85.894	0	145.732	0	0	
0	[SLPS]	0	252.664	-85.894	0	145.732	0	0	
0	[SLPS]	0	253.161	-86.627	0	145.770	0	0	
0	[SLPS]	0	253.161	-86.627	0	145.770	0	0	
0	[SLPS]	0	253.413	-86.989	0	145.792	0	0	
0	[SLPS]	0	253.660	-87.358	0	145.795	0	0	
0	[SLPS]	0	253.660	-87.358	0	145.795	0	0	
0	[SLPS]	0	254.144	-88.093	0	145.848	0	0	
0	[SLPS]	0	254.144	-88.093	0	145.848	0	0	
0	[SLPS]	0	254.391	-88.461	0	145.868	0	0	
0	[SLPS]	0	254.641	-88.826	0	145.875	0	0	
0	[SLPS]	0	254.641	-88.826	0	145.875	0	0	
0	[SLPS]	0	255.138	-89.556	0	145.876	0	0	
0	[SLPS]	0	255.138	-89.556	0	145.876	0	0	
0	[SLPS]	0	255.378	-89.928	0	145.899	0	0	
0	[SLPS]	0	255.622	-90.295	0	145.927	0	0	
0	[SLPS]	0	255.622	-90.295	0	145.927	0	0	
0	[SLPS]	0	256.119	-91.026	0	145.930	0	0	
0	[SLPS]	0	256.119	-91.026	0	145.930	0	0	
0	[SLPS]	0	256.609	-91.766	0	145.902	0	0	
0	[SLPS]	0	256.609	-91.766	0	145.902	0	0	
0	[SLPS]	0	256.855	-92.132	0	145.887	0	0	
0	[SLPS]	0	257.099	-92.488	0	145.876	0	0	
0	[SLPS]	0	257.099	-92.488	0	145.876	0	0	
0	[SLPS]	0	257.598	-93.218	0	145.865	0	0	
0	[SLPS]	0	257.598	-93.218	0	145.865	0	0	
0	[SLPS]	0	257.844	-93.575	0	145.865	0	0	
0	[SLPS]	0	258.088	-93.941	0	145.865	0	0	
0	[SLPS]	0	258.088	-93.941	0	145.865	0	0	
0	[SLPS]	0	258.588	-94.670	0	145.857	0	0	
0	[SLPS]	0	258.588	-94.670	0	145.857	0	0	
0	[SLPS]	0	258.835	-95.034	0	145.853	0	0	
0	[SLPS]	0	259.075	-95.405	0	145.860	0	0	
0	[SLPS]	0	259.075	-95.405	0	145.860	0	0	
0	[SLPS]	0	259.572	-96.142	0	145.877	0	0	
0	[SLPS]	0	259.572	-96.142	0	145.877	0	0	
0	[SLPS]	0	259.819	-96.507	0	145.886	0	0	
0	[SLPS]	0	260.066	-96.869	0	145.886	0	0	
0	[SLPS]	0	260.317	-97.237	0	145.895	0	0	
0	[SLPS]	0	260.570	-97.599	0	145.898	0	0	
0	[SLPS]	0	260.570	-97.599	0	145.898	0	0	
0	[SLPS]	0	260.819	-97.964	0	145.912	0	0	
0	[SLPS]	0	261.057	-98.333	0	145.922	0	0	
0	[SLPS]	0	261.299	-98.699	0	145.911	0	0	
0	[SLPS]	0	261.545	-99.058	0	145.896	0	0	
0	[SLPS]	0	261.545	-99.058	0	145.896	0	0	
0	[SLPS]	0	261.790	-99.422	0	145.894	0	0	
0	[SLPS]	0	262.033	-99.768	0	145.884	0	0	
0	[SLPS]	0	262.281	-100.130	0	145.879	0	0	
0	[SLPS]	0	262.529	-100.493	0	145.866	0	0	
0	[SLPS]	0	262.529	-100.493	0	145.866	0	0	
0	[SLPS]	0	262.776	-100.850	0	145.838	0	0	
0	[SLPS]	0	263.023	-101.207	0	145.812	0	0	
0	[SLPS]	0	263.263	-101.578	0	145.809	0	0	
0	[SLPS]	0	263.511	-101.943	0	145.800	0	0	
0	[SLPS]	0	263.511	-101.943	0	145.800	0	0	
0	[SLPS]	0	264.009	-102.661	0	145.768	0	0	
0	[SLPS]	0	264.009	-102.661	0	145.768	0	0	
0	[SLPS]	0	264.264	-103.026	0	145.748	0	0	
0	[SLPS]	0	264.521	-103.397	0	145.733	0	0	
0	[SLPS]	0	264.521	-103.397	0	145.733	0	0	
0	[SLPS]	0	265.008	-104.123	0	145.722	0	0	
0	[SLPS]	0	265.008	-104.123	0	145.722	0	0	
0	[SLPS]	0	265.255	-104.482	0	145.710	0	0	
0	[SLPS]	0	265.507	-104.849	0	145.694	0	0	
0	[SLPS]	0	265.507	-104.849	0	145.694	0	0	
0	[SLPS]	0	265.994	-105.583	0	145.686	0	0	
0	[SLPS]	0	265.994	-105.583	0	145.686	0	0	
0	[SLPS]	0	266.246	-105.949	0	145.681	0	0	
0	[SLPS]	0	266.494	-106.321	0	145.689	0	0	
0	[SLPS]	0	266.494	-106.321	0	145.689	0	0	
0	[SLPS]	0	266.988	-107.054	0	145.706	0	0	
0	[SLPS]	0	266.988	-107.054	0	145.706	0	0	
0	[SLPS]	0	267.237	-107.423	0	145.714	0	0	
0	[SLPS]	0	267.486	-107.792	0	145.737	0	0	
0	[SLPS]	0	267.486	-107.792	0	145.737	0	0	
0	[SLPS]	0	267.983	-108.524	0	145.747	0	0	
0	[SLPS]	0	267.983	-108.524	0	145.747	0	0	
0	[SLPS]	0	268.234	-108.889	0	145.756	0	0	
0	[SLPS]	0	268.482	-109.264	0	145.765	0	0	
0	[SLPS]	0	268.482	-109.264	0	145.765	0	0	
0	[SLPS]	0	268.985	-109.993	0	145.767	0	0	
0	[SLPS]	0	268.985	-109.993	0	145.767	0	0	
0	[SLPS]	0	269.236	-110.364	0	145.765	0	0	
0	[SLPS]	0	269.493	-110.736	0	145.766	0	0	
0	[SLPS]	0	269.736	-111.109	0	145.776	0	0	
0	[SLPS]	0	269.997	-111.476	0	145.772	0	0	
0	[SLPS]	0	269.997	-111.476	0	145.772	0	0	
0	[SLPS]	0	270.245	-111.856	0	145.778	0	0	
0	[SLPS]	0	270.500	-112.232	0	145.771	0	0	
0	[SLPS]	0	270.744	-112.610	0	145.774	0	0	
0	[SLPS]	0	271.006	-112.983	0	145.762	0	0	
0	[SLPS]	0	271.006	-112.983	0	145.762	0	0	
0	[SLPS]	0	271.260	-113.359	0	145.758	0	0	
0	[SLPS]	0	271.516	-113.742	0	145.753	0	0	
0	[SLPS]	0	271.770	-114.118	0	145.749	0	0	
0	[SLPS]	0	272.020	-114.488	0	145.749	0	0	
0	[SLPS]	0	272.020	-114.488	0	145.749	0	0	
0	[SLPS]	0	272.538	-115.234	0	145.736	0	0	
0	[SLPS]	0	272.538	-115.234	0	145.736	0	0	
0	[SLPS]	0	272.798	-115.609	0	145.731	0	0	
0	[SLPS]	0	273.064	-115.994	0	145.730	0	0	
0	[SLPS]	0	273.064	-115.994	0	145.730	0	0	
0	[SLPS]	0	273.583	-116.747	0	145.726	0	0	
0	[SLPS]	0	273.583	-116.747	0	145.726	0	0	
0	[SLPS]	0	273.842	-117.125	0	145.717	0	0	
0	[SLPS]	0	274.103	-117.508	0	145.708	0	0	
0	[SLPS]	0	274.103	-117.508	0	145.708	0	0	
0	[SLPS]	0	274.617	-118.267	0	145.709	0	0	
0	[SLPS]	0	274.617	-118.267	0	145.709	0	0	
0	[SLPS]	0	274.878	-118.647	0	145.711	0	0	
0	[SLPS]	0	275.137	-119.034	0	145.701	0	0	
0	[SLPS]	0	275.137	-119.034	0	145.701	0	0	
0	[SLPS]	0	275.658	-119.798	0	145.683	0	0	
0	[SLPS]	0	275.658	-119.798	0	145.683	0	0	
0	[SLPS]	0	275.919	-120.181	0	145.681	0	0	
0	[SLPS]	0	276.180	-120.564	0	145.675	0	0	
0	[SLPS]	0	276.180	-120.564	0	145.675	0	0	
0	[SLPS]	0	276.692	-121.343	0	145.679	0	0	
0	[SLPS]	0	276.692	-121.343	0	145.679	0	0	
0	[SLPS]	0	276.955	-121.718	0	145.670	0	0	
0	[SLPS]	0	277.213	-122.102	0	145.675	0	0	
0	[SLPS]	0	277.473	-122.494	0	145.674	0	0	
0	[SLPS]	0	277.736	-122.888	0	145.676	0	0	
0	[SLPS]	0	277.736	-122.888	0	145.676	0	0	
0	[SLPS]	0	278.003	-123.265	0	145.670	0	0	
0	[SLPS]	0	278.259	-123.657	0	145.678	0	0	
0	[SLPS]	0	278.259	-123.657	0	145.678	0	0	
0	[SLPS]	0	278.797	-124.441	0	145.679	0	0	
0	[SLPS]	0	278.797	-124.441	0	145.679	0	0	
0	[SLPS]	0	279.061	-124.831	0	145.680	0	0	
0	[SLPS]	0	279.325	-125.207	0	145.670	0	0	
0	[SLPS]	0	279.593	-125.600	0	145.675	0	0	
0	[SLPS]	0	279.862	-125.985	0	145.678	0	0	
0	[SLPS]	0	279.862	-125.985	0	145.678	0	0	
0	[SLPS]	0	280.128	-126.374	0	145.687	0	0	
0	[SLPS]	0	280.387	-126.761	0	145.704	0	0	
0	[SLPS]	0	280.650	-127.158	0	145.714	0	0	
0	[SLPS]	0	280.926	-127.547	0	145.712	0	0	
0	[SLPS]	0	280.926	-127.547	0	145.712	0	0	
0	[SLPS]	0	281.190	-127.939	0	145.717	0	0	
0	[SLPS]	0	281.451	-128.334	0	145.725	0	0	
0	[SLPS]	0	281.716	-128.730	0	145.730	0	0	
0	[SLPS]	0	281.993	-129.143	0	145.740	0	0	
0	[SLPS]	0	281.993	-129.143	0	145.740	0	0	
0	[SLPS]	0	282.527	-129.926	0	145.745	0	0	
0	[SLPS]	0	282.527	-129.926	0	145.745	0	0	
0	[SLPS]	0	282.791	-130.328	0	145.759	0	0	
0	[SLPS]	0	283.064	-130.731	0	145.760	0	0	
0	[SLPS]	0	283.064	-130.731	0	145.760	0	0	
0	[SLPS]	0	283.606	-131.524	0	145.767	0	0	
0	[SLPS]	0	283.606	-131.524	0	145.767	0	0	
0	[SLPS]	0	283.880	-131.926	0	145.774	0	0	
0	[SLPS]	0	284.148	-132.323	0	145.780	0	0	
0	[SLPS]	0	284.148	-132.323	0	145.780	0	0	
0	[SLPS]	0	284.690	-133.117	0	145.792	0	0	
0	[SLPS]	0	284.690	-133.117	0	145.792	0	0	
0	[SLPS]	0	284.959	-133.522	0	145.792	0	0	
0	[SLPS]	0	285.239	-133.919	0	145.788	0	0	
0	[SLPS]	0	285.239	-133.919	0	145.788	0	0	
0	[SLPS]	0	285.774	-134.717	0	145.803	0	0	
0	[SLPS]	0	285.774	-134.717	0	145.803	0	0	
0	[SLPS]	0	286.053	-135.120	0	145.798	0	0	
0	[SLPS]	0	286.325	-135.519	0	145.801	0	0	
0	[SLPS]	0	286.325	-135.519	0	145.801	0	0	
0	[SLPS]	0	286.866	-136.314	0	145.810	0	0	
0	[SLPS]	0	286.866	-136.314	0	145.810	0	0	
0	[SLPS]	0	287.144	-136.717	0	145.809	0	0	
0	[SLPS]	0	287.416	-137.125	0	145.810	0	0	
0	[SLPS]	0	287.688	-137.536	0	145.813	0	0	
0	[SLPS]	0	287.963	-137.944	0	145.805	0	0	
0	[SLPS]	0	287.963	-137.944	0	145.805	0	0	
0	[SLPS]	0	288.508	-138.765	0	145.801	0	0	
0	[SLPS]	0	288.508	-138.765	0	145.801	0	0	
0	[SLPS]	0	288.788	-139.167	0	145.789	0	0	
0	[SLPS]	0	289.062	-139.576	0	145.785	0	0	
0	[SLPS]	0	289.062	-139.576	0	145.785	0	0	
0	[SLPS]	0	289.618	-140.399	0	145.778	0	0	
0	[SLPS]	0	289.618	-140.399	0	145.778	0	0	
0	[SLPS]	0	289.895	-140.808	0	145.776	0	0	
0	[SLPS]	0	290.179	-141.207	0	145.760	0	0	
0	[SLPS]	0	290.179	-141.207	0	145.760	0	0	
0	[SLPS]	0	290.731	-142.029	0	145.763	0	0	
0	[SLPS]	0	290.731	-142.029	0	145.763	0	0	
0	[SLPS]	0	291.010	-142.436	0	145.758	0	0	
0	[SLPS]	0	291.292	-142.841	0	145.745	0	0	
0	[SLPS]	0	291.292	-142.841	0	145.745	0	0	
0	[SLPS]	0	291.858	-143.675	0	145.744	0	0	
0	[SLPS]	0	291.858	-143.675	0	145.744	0	0	
0	[SLPS]	0	292.138	-144.086	0	145.743	0	0	
0	[SLPS]	0	292.415	-144.490	0	145.735	0	0	
0	[SLPS]	0	292.415	-144.490	0	145.735	0	0	
0	[SLPS]	0	292.972	-145.324	0	145.738	0	0	
0	[SLPS]	0	292.972	-145.324	0	145.738	0	0	
0	[SLPS]	0	293.257	-145.741	0	145.729	0	0	
0	[SLPS]	0	293.539	-146.159	0	145.721	0	0	
0	[SLPS]	0	293.822	-146.574	0	145.714	0	0	
0	[SLPS]	0	294.104	-146.998	0	145.717	0	0	
0	[SLPS]	0	294.104	-146.998	0	145.717	0	0	
0	[SLPS]	0	294.669	-147.825	0	145.713	0	0	
0	[SLPS]	0	294.669	-147.825	0	145.713	0	0	
0	[SLPS]	0	294.951	-148.247	0	145.711	0	0	
0	[SLPS]	0	295.234	-148.665	0	145.710	0	0	
0	[SLPS]	0	295.234	-148.665	0	145.710	0	0	
0	[SLPS]	0	295.799	-149.482	0	145.707	0	0	
0	[SLPS]	0	295.799	-149.482	0	145.707	0	0	
0	[SLPS]	0	296.084	-149.898	0	145.713	0	0	
0	[SLPS]	0	296.362	-150.312	0	145.727	0	0	
0	[SLPS]	0	296.362	-150.312	0	145.727	0	0	
0	[SLPS]	0	296.935	-151.133	0	145.731	0	0	
0	[SLPS]	0	296.935	-151.133	0	145.731	0	0	
0	[SLPS]	0	297.219	-151.555	0	145.741	0	0	
0	[SLPS]	0	297.499	-151.976	0	145.748	0	0	
0	[SLPS]	0	297.499	-151.976	0	145.748	0	0	
0	[SLPS]	0	298.069	-152.805	0	145.757	0	0	
0	[SLPS]	0	298.069	-152.805	0	145.757	0	0	
0	[SLPS]	0	298.351	-153.225	0	145.760	0	0	
0	[SLPS]	0	298.636	-153.645	0	145.767	0	0	
0	[SLPS]	0	298.636	-153.645	0	145.767	0	0	
0	[SLPS]	0	299.212	-154.484	0	145.779	0	0	
0	[SLPS]	0	299.212	-154.484	0	145.779	0	0	
0	[SLPS]	0	299.494	-154.907	0	145.782	0	0	
0	[SLPS]	0	299.784	-155.329	0	145.783	0	0	
0	[SLPS]	0	299.784	-155.329	0	145.783	0	0	
0	[SLPS]	0	300.353	-156.175	0	145.798	0	0	
0	[SLPS]	0	300.353	-156.175	0	145.798	0	0	
0	[SLPS]	0	300.629	-156.604	0	145.807	0	0	
0	[SLPS]	0	300.920	-157.021	0	145.804	0	0	
0	[SLPS]	0	300.920	-157.021	0	145.804	0	0	
0	[SLPS]	0	301.487	-157.881	0	145.827	0	0	
0	[SLPS]	0	301.487	-157.881	0	145.827	0	0	
0	[SLPS]	0	301.778	-158.303	0	145.827	0	0	
0	[SLPS]	0	302.062	-158.729	0	145.829	0	0	
0	[SLPS]	0	302.062	-158.729	0	145.829	0	0	
0	[SLPS]	0	302.641	-159.576	0	145.830	0	0	
0	[SLPS]	0	302.641	-159.576	0	145.830	0	0	
0	[SLPS]	0	302.925	-160.001	0	145.836	0	0	
0	[SLPS]	0	303.212	-160.432	0	145.848	0	0	
0	[SLPS]	0	303.496	-160.854	0	145.848	0	0	
0	[SLPS]	0	303.785	-161.279	0	145.852	0	0	
0	[SLPS]	0	303.785	-161.279	0	145.852	0	0	
0	[SLPS]	0	304.075	-161.710	0	145.847	0	0	
0	[SLPS]	0	304.366	-162.142	0	145.845	0	0	
0	[SLPS]	0	304.366	-162.142	0	145.845	0	0	
0	[SLPS]	0	304.948	-162.990	0	145.843	0	0	
0	[SLPS]	0	304.948	-162.990	0	145.843	0	0	
0	[SLPS]	0	305.247	-163.416	0	145.840	0	0	
0	[SLPS]	0	305.533	-163.844	0	145.848	0	0	
0	[SLPS]	0	305.824	-164.269	0	145.847	0	0	
0	[SLPS]	0	306.118	-164.696	0	145.847	0	0	
0	[SLPS]	0	306.118	-164.696	0	145.847	0	0	
0	[SLPS]	0	306.694	-165.561	0	145.846	0	0	
0	[SLPS]	0	306.694	-165.561	0	145.846	0	0	
0	[SLPS]	0	306.984	-165.990	0	145.845	0	0	
0	[SLPS]	0	307.275	-166.416	0	145.843	0	0	
0	[SLPS]	0	307.275	-166.416	0	145.843	0	0	
0	[SLPS]	0	307.855	-167.278	0	145.849	0	0	
0	[SLPS]	0	307.855	-167.278	0	145.849	0	0	
0	[SLPS]	0	308.146	-167.708	0	145.850	0	0	
0	[SLPS]	0	308.432	-168.137	0	145.850	0	0	
0	[SLPS]	0	308.432	-168.137	0	145.850	0	0	
0	[SLPS]	0	309.020	-169.002	0	145.851	0	0	
0	[SLPS]	0	309.020	-169.002	0	145.851	0	0	
0	[SLPS]	0	309.313	-169.434	0	145.852	0	0	
0	[SLPS]	0	309.595	-169.858	0	145.853	0	0	
0	[SLPS]	0	309.595	-169.858	0	145.853	0	0	
0	[SLPS]	0	310.180	-170.731	0	145.859	0	0	
0	[SLPS]	0	310.180	-170.731	0	145.859	0	0	
0	[SLPS]	0	310.476	-171.160	0	145.857	0	0	
0	[SLPS]	0	310.772	-171.593	0	145.855	0	0	
0	[SLPS]	0	310.772	-171.593	0	145.855	0	0	
0	[SLPS]	0	311.368	-172.472	0	145.855	0	0	
0	[SLPS]	0	311.368	-172.472	0	145.855	0	0	
0	[SLPS]	0	311.662	-172.899	0	145.856	0	0	
0	[SLPS]	0	311.959	-173.336	0	145.855	0	0	
0	[SLPS]	0	311.959	-173.336	0	145.855	0	0	
0	[SLPS]	0	312.546	-174.211	0	145.867	0	0	
0	[SLPS]	0	312.546	-174.211	0	145.867	0	0	
0	[SLPS]	0	312.840	-174.647	0	145.871	0	0	
0	[SLPS]	0	313.128	-175.085	0	145.873	0	0	
0	[SLPS]	0	313.128	-175.085	0	145.873	0	0	
0	[SLPS]	0	313.723	-175.964	0	145.872	0	0	
0	[SLPS]	0	313.723	-175.964	0	145.872	0	0	
0	[SLPS]	0	314.018	-176.402	0	145.872	0	0	
0	[SLPS]	0	314.306	-176.836	0	145.876	0	0	
0	[SLPS]	0	314.306	-176.836	0	145.876	0	0	
0	[SLPS]	0	314.895	-177.702	0	145.879	0	0	
0	[SLPS]	0	314.895	-177.702	0	145.879	0	0	
0	[SLPS]	0	315.189	-178.140	0	145.880	0	0	
0	[SLPS]	0	315.482	-178.581	0	145.888	0	0	
0	[SLPS]	0	315.482	-178.581	0	145.888	0	0	
0	[SLPS]	0	316.079	-179.451	0	145.897	0	0	
0	[SLPS]	0	316.079	-179.451	0	145.897	0	0	
0	[SLPS]	0	316.669	-180.330	0	145.917	0	0	
0	[SLPS]	0	316.669	-180.330	0	145.917	0	0	
0	[SLPS]	0	316.965	-180.759	0	145.925	0	0	
0	[SLPS]	0	317.258	-181.195	0	145.934	0	0	
0	[SLPS]	0	317.258	-181.195	0	145.934	0	0	
0	[SLPS]	0	317.851	-182.068	0	145.939	0	0	
0	[SLPS]	0	317.851	-182.068	0	145.939	0	0	
0	[SLPS]	0	318.145	-182.509	0	145.950	0	0	
0	[SLPS]	0	318.441	-182.951	0	145.955	0	0	
0	[SLPS]	0	318.441	-182.951	0	145.955	0	0	
0	[SLPS]	0	319.030	-183.810	0	145.963	0	0	
0	[SLPS]	0	319.030	-183.810	0	145.963	0	0	
0	[SLPS]	0	319.331	-184.239	0	145.965	0	0	
0	[SLPS]	0	319.629	-184.678	0	145.976	0	0	
0	[SLPS]	0	319.629	-184.678	0	145.976	0	0	
0	[SLPS]	0	320.223	-185.556	0	145.979	0	0	
0	[SLPS]	0	320.223	-185.556	0	145.979	0	0	
0	[SLPS]	0	320.519	-185.995	0	145.983	0	0	
0	[SLPS]	0	320.817	-186.436	0	145.999	0	0	
0	[SLPS]	0	320.817	-186.436	0	145.999	0	0	
0	[SLPS]	0	321.403	-187.341	0	145.997	0	0	
0	[SLPS]	0	321.403	-187.341	0	145.997	0	0	
0	[SLPS]	0	321.689	-187.796	0	146.012	0	0	
0	[SLPS]	0	321.993	-188.231	0	146.000	0	0	
0	[SLPS]	0	321.993	-188.231	0	146.000	0	0	
0	[SLPS]	0	322.590	-189.128	0	145.993	0	0	
0	[SLPS]	0	322.590	-189.128	0	145.993	0	0	
0	[SLPS]	0	322.884	-189.576	0	145.998	0	0	
0	[SLPS]	0	323.186	-190.018	0	145.996	0	0	
0	[SLPS]	0	323.186	-190.018	0	145.996	0	0	
0	[SLPS]	0	323.787	-190.909	0	145.989	0	0	
0	[SLPS]	0	323.787	-190.909	0	145.989	0	0	
0	[SLPS]	0	324.083	-191.355	0	145.989	0	0	
0	[SLPS]	0	324.384	-191.796	0	145.988	0	0	
0	[SLPS]	0	324.384	-191.796	0	145.988	0	0	
0	[SLPS]	0	324.979	-192.680	0	145.979	0	0	
0	[SLPS]	0	324.979	-192.680	0	145.979	0	0	
0	[SLPS]	0	325.277	-193.126	0	145.979	0	0	
0	[SLPS]	0	325.578	-193.567	0	145.974	0	0	
0	[SLPS]	0	325.578	-193.567	0	145.974	0	0	
0	[SLPS]	0	326.179	-194.444	0	145.953	0	0	
0	[SLPS]	0	326.179	-194.444	0	145.953	0	0	
0	[SLPS]	0	326.468	-194.893	0	145.958	0	0	
0	[SLPS]	0	326.778	-195.328	0	145.939	0	0	
0	[SLPS]	0	327.078	-195.770	0	145.936	0	0	
0	[SLPS]	0	327.373	-196.209	0	145.937	0	0	
0	[SLPS]	0	327.373	-196.209	0	145.937	0	0	
0	[SLPS]	0	327.973	-197.103	0	145.925	0	0	
0	[SLPS]	0	327.973	-197.103	0	145.925	0	0	
0	[SLPS]	0	328.273	-197.546	0	145.925	0	0	
0	[SLPS]	0	328.558	-198.001	0	145.935	0	0	
0	[SLPS]	0	328.558	-198.001	0	145.935	0	0	
0	[SLPS]	0	329.160	-198.894	0	145.921	0	0	
0	[SLPS]	0	329.160	-198.894	0	145.921	0	0	
0	[SLPS]	0	329.458	-199.337	0	145.916	0	0	
0	[SLPS]	0	329.757	-199.789	0	145.912	0	0	
0	[SLPS]	0	329.757	-199.789	0	145.912	0	0	
0	[SLPS]	0	330.365	-200.681	0	145.898	0	0	
0	[SLPS]	0	330.365	-200.681	0	145.898	0	0	
0	[SLPS]	0	330.666	-201.127	0	145.893	0	0	
0	[SLPS]	0	330.972	-201.552	0	145.871	0	0	
0	[SLPS]	0	330.972	-201.552	0	145.871	0	0	
0	[SLPS]	0	331.274	-201.992	0	145.866	0	0	
0	[SLPS]	0	331.583	-202.450	0	145.863	0	0	
0	[SLPS]	0	331.884	-202.893	0	145.854	0	0	
0	[SLPS]	0	332.190	-203.337	0	145.843	0	0	
0	[SLPS]	0	332.190	-203.337	0	145.843	0	0	
0	[SLPS]	0	332.496	-203.782	0	145.828	0	0	
0	[SLPS]	0	332.798	-204.226	0	145.820	0	0	
0	[SLPS]	0	333.100	-204.670	0	145.814	0	0	
0	[SLPS]	0	333.389	-205.120	0	145.813	0	0	
0	[SLPS]	0	333.389	-205.120	0	145.813	0	0	
0	[SLPS]	0	333.996	-206.014	0	145.771	0	0	
0	[SLPS]	0	333.996	-206.014	0	145.771	0	0	
0	[SLPS]	0	334.282	-206.471	0	145.774	0	0	
0	[SLPS]	0	334.594	-206.923	0	145.752	0	0	
0	[SLPS]	0	334.594	-206.923	0	145.752	0	0	
0	[SLPS]	0	335.191	-207.810	0	145.743	0	0	
0	[SLPS]	0	335.191	-207.810	0	145.743	0	0	
0	[SLPS]	0	335.491	-208.255	0	145.736	0	0	
0	[SLPS]	0	335.796	-208.686	0	145.722	0	0	
0	[SLPS]	0	335.796	-208.686	0	145.722	0	0	
0	[SLPS]	0	336.407	-209.568	0	145.690	0	0	
0	[SLPS]	0	336.407	-209.568	0	145.690	0	0	
0	[SLPS]	0	336.708	-210.009	0	145.684	0	0	
0	[SLPS]	0	336.993	-210.454	0	145.684	0	0	
0	[SLPS]	0	336.993	-210.454	0	145.684	0	0	
0	[SLPS]	0	337.590	-211.336	0	145.665	0	0	
0	[SLPS]	0	337.590	-211.336	0	145.665	0	0	
0	[SLPS]	0	337.888	-211.774	0	145.657	0	0	
0	[SLPS]	0	338.183	-212.195	0	145.646	0	0	
0	[SLPS]	0	338.477	-212.642	0	145.644	0	0	
0	[SLPS]	0	338.773	-213.073	0	145.632	0	0	
0	[SLPS]	0	338.773	-213.073	0	145.632	0	0	
0	[SLPS]	0	339.347	-213.933	0	145.603	0	0	
0	[SLPS]	0	339.347	-213.933	0	145.603	0	0	
0	[SLPS]	0	339.632	-214.367	0	145.599	0	0	
0	[SLPS]	0	339.930	-214.793	0	145.583	0	0	
0	[SLPS]	0	339.930	-214.793	0	145.583	0	0	
0	[SLPS]	0	340.522	-215.647	0	145.555	0	0	
0	[SLPS]	0	340.522	-215.647	0	145.555	0	0	
0	[SLPS]	0	340.814	-216.075	0	145.546	0	0	
0	[SLPS]	0	341.100	-216.499	0	145.543	0	0	
0	[SLPS]	0	341.100	-216.499	0	145.543	0	0	
0	[SLPS]	0	341.690	-217.366	0	145.530	0	0	
0	[SLPS]	0	341.690	-217.366	0	145.530	0	0	
0	[SLPS]	0	341.981	-217.791	0	145.506	0	0	
0	[SLPS]	0	342.271	-218.215	0	145.506	0	0	
0	[SLPS]	0	342.271	-218.215	0	145.506	0	0	
0	[SLPS]	0	342.854	-219.061	0	145.477	0	0	
0	[SLPS]	0	342.854	-219.061	0	145.477	0	0	
0	[SLPS]	0	343.143	-219.484	0	145.478	0	0	
0	[SLPS]	0	343.433	-219.905	0	145.464	0	0	
0	[SLPS]	0	343.433	-219.905	0	145.464	0	0	
0	[SLPS]	0	344.008	-220.736	0	145.427	0	0	
0	[SLPS]	0	344.008	-220.736	0	145.427	0	0	
0	[SLPS]	0	344.298	-221.158	0	145.418	0	0	
0	[SLPS]	0	344.587	-221.581	0	145.407	0	0	
0	[SLPS]	0	344.587	-221.581	0	145.407	0	0	
0	[SLPS]	0	345.142	-222.408	0	145.393	0	0	
0	[SLPS]	0	345.142	-222.408	0	145.393	0	0	
0	[SLPS]	0	345.434	-222.823	0	145.378	0	0	
0	[SLPS]	0	345.723	-223.236	0	145.365	0	0	
0	[SLPS]	0	345.723	-223.236	0	145.365	0	0	
0	[SLPS]	0	346.295	-224.059	0	145.337	0	0	
0	[SLPS]	0	346.295	-224.059	0	145.337	0	0	
0	[SLPS]	0	346.582	-224.470	0	145.329	0	0	
0	[SLPS]	0	346.873	-224.881	0	145.320	0	0	
0	[SLPS]	0	347.168	-225.279	0	145.296	0	0	
0	[SLPS]	0	347.455	-225.695	0	145.289	0	0	
0	[SLPS]	0	347.455	-225.695	0	145.289	0	0	
0	[SLPS]	0	347.737	-226.111	0	145.282	0	0	
0	[SLPS]	0	348.022	-226.509	0	145.266	0	0	
0	[SLPS]	0	348.307	-226.916	0	145.257	0	0	
0	[SLPS]	0	348.590	-227.330	0	145.246	0	0	
0	[SLPS]	0	348.590	-227.330	0	145.246	0	0	
0	[SLPS]	0	349.149	-228.163	0	145.234	0	0	
0	[SLPS]	0	349.149	-228.163	0	145.234	0	0	
0	[SLPS]	0	349.434	-228.565	0	145.219	0	0	
0	[SLPS]	0	349.718	-228.963	0	145.205	0	0	
0	[SLPS]	0	349.718	-228.963	0	145.205	0	0	
0	[SLPS]	0	350.280	-229.787	0	145.181	0	0	
0	[SLPS]	0	350.280	-229.787	0	145.181	0	0	
0	[SLPS]	0	350.566	-230.185	0	145.159	0	0	
0	[SLPS]	0	350.850	-230.590	0	145.145	0	0	
0	[SLPS]	0	351.132	-230.994	0	145.140	0	0	
0	[SLPS]	0	351.432	-231.394	0	145.121	0	0	
0	[SLPS]	0	351.432	-231.394	0	145.121	0	0	
0	[SLPS]	0	351.989	-232.201	0	145.091	0	0	
0	[SLPS]	0	351.989	-232.201	0	145.091	0	0	
0	[SLPS]	0	351.989	-232.201	0	145.091	0	0	
0	[SLPS]	0	352.548	-232.986	0	145.055	0	0	
0	[SLPS]	0	352.548	-232.986	0	145.055	0	0	
0	[SLPS]	0	352.822	-233.394	0	145.045	0	0	
0	[SLPS]	0	353.106	-233.785	0	145.034	0	0	
0	[SLPS]	0	353.106	-233.785	0	145.034	0	0	
0	[SLPS]	0	353.655	-234.599	0	145.027	0	0	
0	[SLPS]	0	353.655	-234.599	0	145.027	0	0	
0	[SLPS]	0	353.933	-234.998	0	145.015	0	0	
0	[SLPS]	0	354.227	-235.385	0	144.994	0	0	
0	[SLPS]	0	354.227	-235.385	0	144.994	0	0	
0	[SLPS]	0	354.782	-236.189	0	145.008	0	0	
0	[SLPS]	0	354.782	-236.189	0	145.008	0	0	
0	[SLPS]	0	355.060	-236.586	0	145.024	0	0	
0	[SLPS]	0	355.327	-236.988	0	145.059	0	0	
0	[SLPS]	0	355.600	-237.386	0	145.083	0	0	
0	[SLPS]	0	355.876	-237.783	0	145.117	0	0	
0	[SLPS]	0	355.876	-237.783	0	145.117	0	0	
0	[SLPS]	0	356.150	-238.179	0	145.143	0	0	
0	[SLPS]	0	356.423	-238.574	0	145.165	0	0	
0	[SLPS]	0	356.692	-238.969	0	145.185	0	0	
0	[SLPS]	0	356.965	-239.369	0	145.201	0	0	
0	[SLPS]	0	356.965	-239.369	0	145.201	0	0	
0	[SLPS]	0	357.237	-239.762	0	145.232	0	0	
0	[SLPS]	0	357.504	-240.162	0	145.260	0	0	
0	[SLPS]	0	357.771	-240.552	0	145.281	0	0	
0	[SLPS]	0	358.036	-240.950	0	145.302	0	0	
0	[SLPS]	0	358.036	-240.950	0	145.302	0	0	
0	[SLPS]	0	358.571	-241.737	0	145.341	0	0	
0	[SLPS]	0	358.571	-241.737	0	145.341	0	0	
0	[SLPS]	0	358.837	-242.121	0	145.368	0	0	
0	[SLPS]	0	359.113	-242.502	0	145.377	0	0	
0	[SLPS]	0	359.113	-242.502	0	145.377	0	0	
0	[SLPS]	0	359.647	-243.275	0	145.397	0	0	
0	[SLPS]	0	359.647	-243.275	0	145.397	0	0	
0	[SLPS]	0	359.917	-243.658	0	145.410	0	0	
0	[SLPS]	0	360.185	-244.051	0	145.440	0	0	
0	[SLPS]	0	360.185	-244.051	0	145.440	0	0	
0	[SLPS]	0	360.723	-244.836	0	145.501	0	0	
0	[SLPS]	0	360.723	-244.836	0	145.501	0	0	
0	[SLPS]	0	360.990	-245.224	0	145.512	0	0	
0	[SLPS]	0	361.259	-245.613	0	145.511	0	0	
0	[SLPS]	0	361.521	-246.002	0	145.508	0	0	
0	[SLPS]	0	361.785	-246.387	0	145.517	0	0	
0	[SLPS]	0	361.785	-246.387	0	145.517	0	0	
0	[SLPS]	0	362.309	-247.155	0	145.556	0	0	
0	[SLPS]	0	362.309	-247.155	0	145.556	0	0	
0	[SLPS]	0	362.572	-247.541	0	145.567	0	0	
0	[SLPS]	0	362.836	-247.923	0	145.576	0	0	
0	[SLPS]	0	362.836	-247.923	0	145.576	0	0	
0	[SLPS]	0	363.365	-248.695	0	145.586	0	0	
0	[SLPS]	0	363.365	-248.695	0	145.586	0	0	
0	[SLPS]	0	363.627	-249.078	0	145.600	0	0	
0	[SLPS]	0	363.887	-249.460	0	145.619	0	0	
0	[SLPS]	0	363.887	-249.460	0	145.619	0	0	
0	[SLPS]	0	364.412	-250.225	0	145.639	0	0	
0	[SLPS]	0	364.412	-250.225	0	145.639	0	0	
0	[SLPS]	0	364.671	-250.607	0	145.624	0	0	
0	[SLPS]	0	364.921	-250.984	0	145.596	0	0	
0	[SLPS]	0	364.921	-250.984	0	145.596	0	0	
0	[SLPS]	0	365.433	-251.738	0	145.527	0	0	
0	[SLPS]	0	365.433	-251.738	0	145.527	0	0	
0	[SLPS]	0	365.689	-252.114	0	145.486	0	0	
0	[SLPS]	0	365.947	-252.486	0	145.442	0	0	
0	[SLPS]	0	365.947	-252.486	0	145.442	0	0	
0	[SLPS]	0	366.467	-253.240	0	145.383	0	0	
0	[SLPS]	0	366.467	-253.240	0	145.383	0	0	
0	[SLPS]	0	366.726	-253.614	0	145.365	0	0	
0	[SLPS]	0	366.985	-253.977	0	145.338	0	0	
0	[SLPS]	0	366.985	-253.977	0	145.338	0	0	
0	[SLPS]	0	367.504	-254.716	0	145.288	0	0	
0	[SLPS]	0	367.504	-254.716	0	145.288	0	0	
0	[SLPS]	0	367.761	-255.080	0	145.254	0	0	
0	[SLPS]	0	368.014	-255.450	0	145.229	0	0	
0	[SLPS]	0	368.272	-255.817	0	145.196	0	0	
0	[SLPS]	0	368.529	-256.188	0	145.169	0	0	
0	[SLPS]	0	368.529	-256.188	0	145.169	0	0	
0	[SLPS]	0	369.040	-256.929	0	145.096	0	0	
0	[SLPS]	0	369.040	-256.929	0	145.096	0	0	
0	[SLPS]	0	369.040	-256.929	0	145.096	0	0	
0	[SLPS]	0	369.556	-257.676	0	145.043	0	0	
0	[SLPS]	0	369.556	-257.676	0	145.043	0	0	
0	[SLPS]	0	369.818	-258.052	0	145.029	0	0	
0	[SLPS]	0	370.072	-258.418	0	145.031	0	0	
0	[SLPS]	0	370.331	-258.784	0	145.047	0	0	
0	[SLPS]	0	370.592	-259.152	0	145.060	0	0	
0	[SLPS]	0	370.592	-259.152	0	145.060	0	0	
0	[SLPS]	0	371.109	-259.885	0	145.099	0	0	
0	[SLPS]	0	371.109	-259.885	0	145.099	0	0	
0	[SLPS]	0	371.368	-260.259	0	145.126	0	0	
0	[SLPS]	0	371.623	-260.633	0	145.151	0	0	
0	[SLPS]	0	371.623	-260.633	0	145.151	0	0	
0	[SLPS]	0	372.127	-261.371	0	145.194	0	0	
0	[SLPS]	0	372.127	-261.371	0	145.194	0	0	
0	[SLPS]	0	372.378	-261.737	0	145.211	0	0	
0	[SLPS]	0	372.629	-262.100	0	145.225	0	0	
0	[SLPS]	0	372.629	-262.100	0	145.225	0	0	
0	[SLPS]	0	373.135	-262.833	0	145.255	0	0	
0	[SLPS]	0	373.135	-262.833	0	145.255	0	0	
0	[SLPS]	0	373.385	-263.200	0	145.273	0	0	
0	[SLPS]	0	373.637	-263.569	0	145.309	0	0	
0	[SLPS]	0	373.637	-263.569	0	145.309	0	0	
0	[SLPS]	0	374.145	-264.299	0	145.361	0	0	
0	[SLPS]	0	374.145	-264.299	0	145.361	0	0	
0	[SLPS]	0	374.399	-264.663	0	145.375	0	0	
0	[SLPS]	0	374.647	-265.031	0	145.392	0	0	
0	[SLPS]	0	374.898	-265.396	0	145.420	0	0	
0	[SLPS]	0	375.146	-265.762	0	145.461	0	0	
0	[SLPS]	0	375.146	-265.762	0	145.461	0	0	
0	[SLPS]	0	375.650	-266.494	0	145.527	0	0	
0	[SLPS]	0	375.650	-266.494	0	145.527	0	0	
0	[SLPS]	0	375.895	-266.854	0	145.566	0	0	
0	[SLPS]	0	376.145	-267.222	0	145.600	0	0	
0	[SLPS]	0	376.145	-267.222	0	145.600	0	0	
0	[SLPS]	0	376.641	-267.952	0	145.680	0	0	
0	[SLPS]	0	376.641	-267.952	0	145.680	0	0	
0	[SLPS]	0	376.887	-268.317	0	145.697	0	0	
0	[SLPS]	0	377.128	-268.675	0	145.722	0	0	
0	[SLPS]	0	377.128	-268.675	0	145.722	0	0	
0	[SLPS]	0	377.616	-269.405	0	145.779	0	0	
0	[SLPS]	0	377.616	-269.405	0	145.779	0	0	
0	[SLPS]	0	377.862	-269.761	0	145.794	0	0	
0	[SLPS]	0	378.114	-270.127	0	145.800	0	0	
0	[SLPS]	0	378.114	-270.127	0	145.800	0	0	
0	[SLPS]	0	378.607	-270.853	0	145.810	0	0	
0	[SLPS]	0	378.607	-270.853	0	145.810	0	0	
0	[SLPS]	0	378.853	-271.206	0	145.812	0	0	
0	[SLPS]	0	379.093	-271.576	0	145.827	0	0	
0	[SLPS]	0	379.339	-271.938	0	145.834	0	0	
0	[SLPS]	0	379.586	-272.303	0	145.836	0	0	
0	[SLPS]	0	379.586	-272.303	0	145.836	0	0	
0	[SLPS]	0	380.073	-273.018	0	145.823	0	0	
0	[SLPS]	0	380.073	-273.018	0	145.823	0	0	
0	[SLPS]	0	380.318	-273.376	0	145.822	0	0	
0	[SLPS]	0	380.565	-273.736	0	145.823	0	0	
0	[SLPS]	0	380.565	-273.736	0	145.823	0	0	
0	[SLPS]	0	381.056	-274.447	0	145.820	0	0	
0	[SLPS]	0	381.056	-274.447	0	145.820	0	0	
0	[SLPS]	0	381.295	-274.810	0	145.824	0	0	
0	[SLPS]	0	381.535	-275.165	0	145.823	0	0	
0	[SLPS]	0	381.535	-275.165	0	145.823	0	0	
0	[SLPS]	0	382.028	-275.885	0	145.826	0	0	
0	[SLPS]	0	382.028	-275.885	0	145.826	0	0	
0	[SLPS]	0	382.268	-276.240	0	145.820	0	0	
0	[SLPS]	0	382.508	-276.605	0	145.820	0	0	
0	[SLPS]	0	382.508	-276.605	0	145.820	0	0	
0	[SLPS]	0	382.984	-277.316	0	145.811	0	0	
0	[SLPS]	0	382.984	-277.316	0	145.811	0	0	
0	[SLPS]	0	383.226	-277.677	0	145.811	0	0	
0	[SLPS]	0	383.468	-278.040	0	145.801	0	0	
0	[SLPS]	0	383.468	-278.040	0	145.801	0	0	
0	[SLPS]	0	383.951	-278.747	0	145.778	0	0	
0	[SLPS]	0	383.951	-278.747	0	145.778	0	0	
0	[SLPS]	0	384.186	-279.103	0	145.767	0	0	
0	[SLPS]	0	384.421	-279.468	0	145.774	0	0	
0	[SLPS]	0	384.421	-279.468	0	145.774	0	0	
0	[SLPS]	0	384.911	-280.160	0	145.741	0	0	
0	[SLPS]	0	384.911	-280.160	0	145.741	0	0	
0	[SLPS]	0	385.155	-280.523	0	145.727	0	0	
0	[SLPS]	0	385.398	-280.868	0	145.703	0	0	
0	[SLPS]	0	385.398	-280.868	0	145.703	0	0	
0	[SLPS]	0	385.869	-281.572	0	145.700	0	0	
0	[SLPS]	0	385.869	-281.572	0	145.700	0	0	
0	[SLPS]	0	386.117	-281.929	0	145.690	0	0	
0	[SLPS]	0	386.358	-282.276	0	145.674	0	0	
0	[SLPS]	0	386.603	-282.635	0	145.661	0	0	
0	[SLPS]	0	386.836	-282.977	0	145.654	0	0	
0	[SLPS]	0	386.836	-282.977	0	145.654	0	0	
0	[SLPS]	0	387.324	-283.663	0	145.637	0	0	
0	[SLPS]	0	387.324	-283.663	0	145.637	0	0	
0	[SLPS]	0	387.565	-284.010	0	145.620	0	0	
0	[SLPS]	0	387.806	-284.359	0	145.604	0	0	
0	[SLPS]	0	387.806	-284.359	0	145.604	0	0	
0	[SLPS]	0	388.291	-285.058	0	145.585	0	0	
0	[SLPS]	0	388.291	-285.058	0	145.585	0	0	
0	[SLPS]	0	388.547	-285.406	0	145.567	0	0	
0	[SLPS]	0	388.787	-285.755	0	145.555	0	0	
0	[SLPS]	0	388.787	-285.755	0	145.555	0	0	
0	[SLPS]	0	389.272	-286.457	0	145.523	0	0	
0	[SLPS]	0	389.272	-286.457	0	145.523	0	0	
0	[SLPS]	0	389.514	-286.803	0	145.508	0	0	
0	[SLPS]	0	389.740	-287.153	0	145.494	0	0	
0	[SLPS]	0	389.740	-287.153	0	145.494	0	0	
0	[SLPS]	0	390.217	-287.857	0	145.466	0	0	
0	[SLPS]	0	390.217	-287.857	0	145.466	0	0	
0	[SLPS]	0	390.449	-288.208	0	145.455	0	0	
0	[SLPS]	0	390.690	-288.559	0	145.443	0	0	
0	[SLPS]	0	390.690	-288.559	0	145.443	0	0	
0	[SLPS]	0	391.166	-289.269	0	145.418	0	0	
0	[SLPS]	0	391.166	-289.269	0	145.418	0	0	
0	[SLPS]	0	391.407	-289.617	0	145.401	0	0	
0	[SLPS]	0	391.649	-289.980	0	145.391	0	0	
0	[SLPS]	0	391.649	-289.980	0	145.391	0	0	
0	[SLPS]	0	392.125	-290.678	0	145.365	0	0	
0	[SLPS]	0	392.125	-290.678	0	145.365	0	0	
0	[SLPS]	0	392.612	-291.386	0	145.335	0	0	
0	[SLPS]	0	392.612	-291.386	0	145.335	0	0	
0	[SLPS]	0	392.855	-291.737	0	145.321	0	0	
0	[SLPS]	0	393.106	-292.091	0	145.307	0	0	
0	[SLPS]	0	393.106	-292.091	0	145.307	0	0	
0	[SLPS]	0	393.343	-292.447	0	145.307	0	0	
0	[SLPS]	0	393.587	-292.806	0	145.303	0	0	
0	[SLPS]	0	393.834	-293.155	0	145.292	0	0	
0	[SLPS]	0	394.074	-293.515	0	145.300	0	0	
0	[SLPS]	0	394.074	-293.515	0	145.300	0	0	
0	[SLPS]	0	394.319	-293.870	0	145.309	0	0	
0	[SLPS]	0	394.568	-294.219	0	145.315	0	0	
0	[SLPS]	0	394.815	-294.580	0	145.329	0	0	
0	[SLPS]	0	395.061	-294.935	0	145.335	0	0	
0	[SLPS]	0	395.061	-294.935	0	145.335	0	0	
0	[SLPS]	0	395.554	-295.646	0	145.349	0	0	
0	[SLPS]	0	395.554	-295.646	0	145.349	0	0	
0	[SLPS]	0	395.802	-296.006	0	145.365	0	0	
0	[SLPS]	0	396.039	-296.369	0	145.385	0	0	
0	[SLPS]	0	396.039	-296.369	0	145.385	0	0	
0	[SLPS]	0	396.532	-297.080	0	145.394	0	0	
0	[SLPS]	0	396.532	-297.080	0	145.394	0	0	
0	[SLPS]	0	396.779	-297.442	0	145.399	0	0	
0	[SLPS]	0	397.030	-297.808	0	145.398	0	0	
0	[SLPS]	0	397.030	-297.808	0	145.398	0	0	
0	[SLPS]	0	397.516	-298.532	0	145.410	0	0	
0	[SLPS]	0	397.516	-298.532	0	145.410	0	0	
0	[SLPS]	0	397.764	-298.898	0	145.419	0	0	
0	[SLPS]	0	398.013	-299.264	0	145.424	0	0	
0	[SLPS]	0	398.013	-299.264	0	145.424	0	0	
0	[SLPS]	0	398.509	-299.999	0	145.447	0	0	
0	[SLPS]	0	398.509	-299.999	0	145.447	0	0	
0	[SLPS]	0	398.757	-300.365	0	145.459	0	0	
0	[SLPS]	0	399.013	-300.731	0	145.455	0	0	
0	[SLPS]	0	399.013	-300.731	0	145.455	0	0	
0	[SLPS]	0	399.510	-301.458	0	145.432	0	0	
0	[SLPS]	0	399.510	-301.458	0	145.432	0	0	
0	[SLPS]	0	399.763	-301.829	0	145.419	0	0	
0	[SLPS]	0	400.015	-302.195	0	145.416	0	0	
0	[SLPS]	0	400.266	-302.562	0	145.408	0	0	
0	[SLPS]	0	400.520	-302.924	0	145.396	0	0	
0	[SLPS]	0	400.520	-302.924	0	145.396	0	0	
0	[SLPS]	0	401.029	-303.663	0	145.380	0	0	
0	[SLPS]	0	401.029	-303.663	0	145.380	0	0	
0	[SLPS]	0	401.282	-304.027	0	145.377	0	0	
0	[SLPS]	0	401.543	-304.402	0	145.369	0	0	
0	[SLPS]	0	401.543	-304.402	0	145.369	0	0	
0	[SLPS]	0	402.053	-305.146	0	145.351	0	0	
0	[SLPS]	0	402.053	-305.146	0	145.351	0	0	
0	[SLPS]	0	402.308	-305.518	0	145.347	0	0	
0	[SLPS]	0	402.563	-305.886	0	145.341	0	0	
0	[SLPS]	0	402.563	-305.886	0	145.341	0	0	
0	[SLPS]	0	403.077	-306.629	0	145.334	0	0	
0	[SLPS]	0	403.077	-306.629	0	145.334	0	0	
0	[SLPS]	0	403.334	-307.003	0	145.325	0	0	
0	[SLPS]	0	403.597	-307.387	0	145.313	0	0	
0	[SLPS]	0	403.597	-307.387	0	145.313	0	0	
0	[SLPS]	0	404.120	-308.136	0	145.294	0	0	
0	[SLPS]	0	404.120	-308.136	0	145.294	0	0	
0	[SLPS]	0	404.379	-308.511	0	145.293	0	0	
0	[SLPS]	0	404.631	-308.898	0	145.298	0	0	
0	[SLPS]	0	404.631	-308.898	0	145.298	0	0	
0	[SLPS]	0	405.154	-309.659	0	145.308	0	0	
0	[SLPS]	0	405.154	-309.659	0	145.308	0	0	
0	[SLPS]	0	405.414	-310.038	0	145.314	0	0	
0	[SLPS]	0	405.676	-310.414	0	145.317	0	0	
0	[SLPS]	0	405.676	-310.414	0	145.317	0	0	
0	[SLPS]	0	406.203	-311.162	0	145.320	0	0	
0	[SLPS]	0	406.203	-311.162	0	145.320	0	0	
0	[SLPS]	0	406.466	-311.541	0	145.325	0	0	
0	[SLPS]	0	406.727	-311.922	0	145.335	0	0	
0	[SLPS]	0	406.727	-311.922	0	145.335	0	0	
0	[SLPS]	0	407.245	-312.684	0	145.354	0	0	
0	[SLPS]	0	407.245	-312.684	0	145.354	0	0	
0	[SLPS]	0	407.511	-313.061	0	145.360	0	0	
0	[SLPS]	0	407.785	-313.450	0	145.360	0	0	
0	[SLPS]	0	408.047	-313.833	0	145.365	0	0	
0	[SLPS]	0	408.310	-314.223	0	145.374	0	0	
0	[SLPS]	0	408.310	-314.223	0	145.374	0	0	
0	[SLPS]	0	408.845	-314.987	0	145.383	0	0	
0	[SLPS]	0	408.845	-314.987	0	145.383	0	0	
0	[SLPS]	0	409.111	-315.370	0	145.389	0	0	
0	[SLPS]	0	409.373	-315.759	0	145.403	0	0	
0	[SLPS]	0	409.373	-315.759	0	145.403	0	0	
0	[SLPS]	0	409.902	-316.528	0	145.406	0	0	
0	[SLPS]	0	409.902	-316.528	0	145.406	0	0	
0	[SLPS]	0	410.174	-316.897	0	145.389	0	0	
0	[SLPS]	0	410.442	-317.282	0	145.401	0	0	
0	[SLPS]	0	410.442	-317.282	0	145.401	0	0	
0	[SLPS]	0	410.982	-318.054	0	145.388	0	0	
0	[SLPS]	0	410.982	-318.054	0	145.388	0	0	
0	[SLPS]	0	411.257	-318.435	0	145.380	0	0	
0	[SLPS]	0	411.527	-318.831	0	145.382	0	0	
0	[SLPS]	0	411.527	-318.831	0	145.382	0	0	
0	[SLPS]	0	411.790	-319.219	0	145.383	0	0	
0	[SLPS]	0	412.065	-319.610	0	145.371	0	0	
0	[SLPS]	0	412.331	-320.005	0	145.370	0	0	
0	[SLPS]	0	412.605	-320.417	0	145.368	0	0	
0	[SLPS]	0	412.605	-320.417	0	145.368	0	0	
0	[SLPS]	0	413.129	-321.198	0	145.361	0	0	
0	[SLPS]	0	413.129	-321.198	0	145.361	0	0	
0	[SLPS]	0	413.412	-321.584	0	145.332	0	0	
0	[SLPS]	0	413.670	-321.994	0	145.337	0	0	
0	[SLPS]	0	413.670	-321.994	0	145.337	0	0	
0	[SLPS]	0	414.203	-322.791	0	145.327	0	0	
0	[SLPS]	0	414.203	-322.791	0	145.327	0	0	
0	[SLPS]	0	414.474	-323.188	0	145.324	0	0	
0	[SLPS]	0	414.758	-323.572	0	145.300	0	0	
0	[SLPS]	0	414.758	-323.572	0	145.300	0	0	
0	[SLPS]	0	415.296	-324.370	0	145.293	0	0	
0	[SLPS]	0	415.296	-324.370	0	145.293	0	0	
0	[SLPS]	0	415.850	-325.167	0	145.293	0	0	
0	[SLPS]	0	415.850	-325.167	0	145.293	0	0	
0	[SLPS]	0	416.124	-325.565	0	145.293	0	0	
0	[SLPS]	0	416.392	-325.954	0	145.293	0	0	
0	[SLPS]	0	416.392	-325.954	0	145.293	0	0	
0	[SLPS]	0	416.939	-326.760	0	145.324	0	0	
0	[SLPS]	0	416.939	-326.760	0	145.324	0	0	
0	[SLPS]	0	417.212	-327.160	0	145.348	0	0	
0	[SLPS]	0	417.490	-327.549	0	145.369	0	0	
0	[SLPS]	0	417.490	-327.549	0	145.369	0	0	
0	[SLPS]	0	418.040	-328.347	0	145.417	0	0	
0	[SLPS]	0	418.040	-328.347	0	145.417	0	0	
0	[SLPS]	0	418.314	-328.749	0	145.448	0	0	
0	[SLPS]	0	418.581	-329.151	0	145.480	0	0	
0	[SLPS]	0	418.581	-329.151	0	145.480	0	0	
0	[SLPS]	0	419.132	-329.958	0	145.518	0	0	
0	[SLPS]	0	419.132	-329.958	0	145.518	0	0	
0	[SLPS]	0	419.404	-330.361	0	145.541	0	0	
0	[SLPS]	0	419.677	-330.767	0	145.564	0	0	
0	[SLPS]	0	419.677	-330.767	0	145.564	0	0	
0	[SLPS]	0	420.231	-331.574	0	145.588	0	0	
0	[SLPS]	0	420.231	-331.574	0	145.588	0	0	
0	[SLPS]	0	420.506	-331.979	0	145.595	0	0	
0	[SLPS]	0	420.780	-332.385	0	145.607	0	0	
0	[SLPS]	0	420.780	-332.385	0	145.607	0	0	
0	[SLPS]	0	421.337	-333.199	0	145.611	0	0	
0	[SLPS]	0	421.337	-333.199	0	145.611	0	0	
0	[SLPS]	0	421.614	-333.606	0	145.603	0	0	
0	[SLPS]	0	421.895	-334.016	0	145.591	0	0	
0	[SLPS]	0	421.895	-334.016	0	145.591	0	0	
0	[SLPS]	0	422.455	-334.831	0	145.565	0	0	
0	[SLPS]	0	422.455	-334.831	0	145.565	0	0	
0	[SLPS]	0	422.735	-335.233	0	145.552	0	0	
0	[SLPS]	0	423.012	-335.643	0	145.549	0	0	
0	[SLPS]	0	423.294	-336.051	0	145.542	0	0	
0	[SLPS]	0	423.578	-336.455	0	145.530	0	0	
0	[SLPS]	0	423.578	-336.455	0	145.530	0	0	
0	[SLPS]	0	424.138	-337.275	0	145.534	0	0	
0	[SLPS]	0	424.138	-337.275	0	145.534	0	0	
0	[SLPS]	0	424.418	-337.687	0	145.553	0	0	
0	[SLPS]	0	424.695	-338.099	0	145.577	0	0	
0	[SLPS]	0	424.695	-338.099	0	145.577	0	0	
0	[SLPS]	0	425.260	-338.914	0	145.615	0	0	
0	[SLPS]	0	425.260	-338.914	0	145.615	0	0	
0	[SLPS]	0	425.541	-339.324	0	145.641	0	0	
0	[SLPS]	0	425.820	-339.732	0	145.662	0	0	
0	[SLPS]	0	425.820	-339.732	0	145.662	0	0	
0	[SLPS]	0	426.385	-340.553	0	145.701	0	0	
0	[SLPS]	0	426.385	-340.553	0	145.701	0	0	
0	[SLPS]	0	426.658	-340.966	0	145.729	0	0	
0	[SLPS]	0	426.929	-341.385	0	145.760	0	0	
0	[SLPS]	0	426.929	-341.385	0	145.760	0	0	
0	[SLPS]	0	427.492	-342.215	0	145.806	0	0	
0	[SLPS]	0	427.492	-342.215	0	145.806	0	0	
0	[SLPS]	0	427.761	-342.635	0	145.836	0	0	
0	[SLPS]	0	428.047	-343.047	0	145.849	0	0	
0	[SLPS]	0	428.047	-343.047	0	145.849	0	0	
0	[SLPS]	0	428.595	-343.874	0	145.903	0	0	
0	[SLPS]	0	428.595	-343.874	0	145.903	0	0	
0	[SLPS]	0	428.882	-344.285	0	145.924	0	0	
0	[SLPS]	0	429.166	-344.700	0	145.944	0	0	
0	[SLPS]	0	429.166	-344.700	0	145.944	0	0	
0	[SLPS]	0	429.719	-345.534	0	145.986	0	0	
0	[SLPS]	0	429.719	-345.534	0	145.986	0	0	
0	[SLPS]	0	429.999	-345.951	0	145.980	0	0	
0	[SLPS]	0	430.282	-346.378	0	145.986	0	0	
0	[SLPS]	0	430.282	-346.378	0	145.986	0	0	
0	[SLPS]	0	430.831	-347.220	0	145.984	0	0	
0	[SLPS]	0	430.831	-347.220	0	145.984	0	0	
0	[SLPS]	0	431.114	-347.633	0	145.968	0	0	
0	[SLPS]	0	431.399	-348.063	0	145.957	0	0	
0	[SLPS]	0	431.399	-348.063	0	145.957	0	0	
0	[SLPS]	0	431.947	-348.900	0	145.952	0	0	
0	[SLPS]	0	431.947	-348.900	0	145.952	0	0	
0	[SLPS]	0	432.236	-349.309	0	145.941	0	0	
0	[SLPS]	0	432.522	-349.723	0	145.931	0	0	
0	[SLPS]	0	432.522	-349.723	0	145.931	0	0	
0	[SLPS]	0	433.075	-350.566	0	145.934	0	0	
0	[SLPS]	0	433.075	-350.566	0	145.934	0	0	
0	[SLPS]	0	433.372	-350.978	0	145.910	0	0	
0	[SLPS]	0	433.656	-351.395	0	145.902	0	0	
0	[SLPS]	0	433.656	-351.395	0	145.902	0	0	
0	[SLPS]	0	434.221	-352.236	0	145.893	0	0	
0	[SLPS]	0	434.221	-352.236	0	145.893	0	0	
0	[SLPS]	0	434.503	-352.652	0	145.891	0	0	
0	[SLPS]	0	434.792	-353.076	0	145.880	0	0	
0	[SLPS]	0	435.076	-353.496	0	145.872	0	0	
0	[SLPS]	0	435.359	-353.916	0	145.867	0	0	
0	[SLPS]	0	435.359	-353.916	0	145.867	0	0	
0	[SLPS]	0	435.926	-354.762	0	145.858	0	0	
0	[SLPS]	0	435.926	-354.762	0	145.858	0	0	
0	[SLPS]	0	436.213	-355.183	0	145.848	0	0	
0	[SLPS]	0	436.501	-355.605	0	145.839	0	0	
0	[SLPS]	0	436.501	-355.605	0	145.839	0	0	
0	[SLPS]	0	437.066	-356.451	0	145.841	0	0	
0	[SLPS]	0	437.066	-356.451	0	145.841	0	0	
0	[SLPS]	0	437.351	-356.874	0	145.832	0	0	
0	[SLPS]	0	437.635	-357.288	0	145.820	0	0	
0	[SLPS]	0	437.635	-357.288	0	145.820	0	0	
0	[SLPS]	0	438.206	-358.133	0	145.807	0	0	
0	[SLPS]	0	438.206	-358.133	0	145.807	0	0	
0	[SLPS]	0	438.491	-358.553	0	145.796	0	0	
0	[SLPS]	0	438.774	-358.974	0	145.791	0	0	
0	[SLPS]	0	438.774	-358.974	0	145.791	0	0	
0	[SLPS]	0	439.348	-359.818	0	145.782	0	0	
0	[SLPS]	0	439.348	-359.818	0	145.782	0	0	
0	[SLPS]	0	439.634	-360.241	0	145.777	0	0	
0	[SLPS]	0	439.921	-360.662	0	145.771	0	0	
0	[SLPS]	0	439.921	-360.662	0	145.771	0	0	
0	[SLPS]	0	440.485	-361.517	0	145.770	0	0	
0	[SLPS]	0	440.485	-361.517	0	145.770	0	0	
0	[SLPS]	0	440.772	-361.935	0	145.755	0	0	
0	[SLPS]	0	441.061	-362.363	0	145.748	0	0	
0	[SLPS]	0	441.061	-362.363	0	145.748	0	0	
0	[SLPS]	0	441.358	-362.795	0	145.735	0	0	
0	[SLPS]	0	441.641	-363.224	0	145.729	0	0	
0	[SLPS]	0	441.928	-363.645	0	145.721	0	0	
0	[SLPS]	0	442.215	-364.069	0	145.716	0	0	
0	[SLPS]	0	442.215	-364.069	0	145.716	0	0	
0	[SLPS]	0	442.506	-364.503	0	145.715	0	0	
0	[SLPS]	0	442.795	-364.927	0	145.710	0	0	
0	[SLPS]	0	442.795	-364.927	0	145.710	0	0	
0	[SLPS]	0	443.379	-365.762	0	145.685	0	0	
0	[SLPS]	0	443.379	-365.762	0	145.685	0	0	
0	[SLPS]	0	443.672	-366.180	0	145.675	0	0	
0	[SLPS]	0	443.956	-366.611	0	145.681	0	0	
0	[SLPS]	0	444.247	-367.027	0	145.675	0	0	
0	[SLPS]	0	444.536	-367.450	0	145.668	0	0	
0	[SLPS]	0	444.536	-367.450	0	145.668	0	0	
0	[SLPS]	0	445.116	-368.292	0	145.644	0	0	
0	[SLPS]	0	445.116	-368.292	0	145.644	0	0	
0	[SLPS]	0	445.403	-368.711	0	145.637	0	0	
0	[SLPS]	0	445.684	-369.140	0	145.640	0	0	
0	[SLPS]	0	445.684	-369.140	0	145.640	0	0	
0	[SLPS]	0	446.258	-369.973	0	145.620	0	0	
0	[SLPS]	0	446.258	-369.973	0	145.620	0	0	
0	[SLPS]	0	446.547	-370.387	0	145.611	0	0	
0	[SLPS]	0	446.835	-370.801	0	145.603	0	0	
0	[SLPS]	0	446.835	-370.801	0	145.603	0	0	
0	[SLPS]	0	447.411	-371.628	0	145.590	0	0	
0	[SLPS]	0	447.411	-371.628	0	145.590	0	0	
0	[SLPS]	0	447.694	-372.044	0	145.582	0	0	
0	[SLPS]	0	447.981	-372.460	0	145.573	0	0	
0	[SLPS]	0	447.981	-372.460	0	145.573	0	0	
0	[SLPS]	0	448.554	-373.285	0	145.557	0	0	
0	[SLPS]	0	448.554	-373.285	0	145.557	0	0	
0	[SLPS]	0	448.839	-373.698	0	145.559	0	0	
0	[SLPS]	0	449.111	-374.125	0	145.568	0	0	
0	[SLPS]	0	449.111	-374.125	0	145.568	0	0	
0	[SLPS]	0	449.675	-374.951	0	145.597	0	0	
0	[SLPS]	0	449.675	-374.951	0	145.597	0	0	
0	[SLPS]	0	449.948	-375.377	0	145.630	0	0	
0	[SLPS]	0	450.244	-375.786	0	145.642	0	0	
0	[SLPS]	0	450.244	-375.786	0	145.642	0	0	
0	[SLPS]	0	450.797	-376.619	0	145.708	0	0	
0	[SLPS]	0	450.797	-376.619	0	145.708	0	0	
0	[SLPS]	0	451.085	-377.044	0	145.737	0	0	
0	[SLPS]	0	451.368	-377.453	0	145.767	0	0	
0	[SLPS]	0	451.368	-377.453	0	145.767	0	0	
