[PARKINGID]	0
[PARKING]	-119.946	-118.733	-122.461	-123.687
[PARKING]	119.101	116.792	114.928	117.251
[PARKINGID]	1
[PARKING]	-118.726	-117.52	-121.193	-122.481
[PARKING]	116.805	114.524	112.673	114.907
[PARKINGID]	2
[PARKING]	-117.493	-116.266	-119.918	-121.2
[PARKING]	114.544	112.235	110.426	112.673
[PARKINGID]	3
[PARKING]	-116.266	-115.17	-118.815	-119.912
[PARKING]	112.235	110.008	108.219	110.453
[PARKINGID]	4
[PARKING]	-115.163	-113.909	-117.637	-118.815
[PARKING]	110.008	107.76	105.91	108.24
[PARKINGID]	5
[PARKING]	-113.895	-112.648	-116.43	-117.657
[PARKING]	107.753	105.485	103.621	105.937
