############################
[PARKINGPARELLEL]	1
[PARKINGID]	0
[PARKING]	-120.213	-118.953	-122.582	-123.815
[PARKING]	119.465	117.205	115.302	117.562
[PARKINGID]	0
[PARKING]	-118.961	-117.718	-121.353	-122.585
[PARKING]	117.215	114.854	112.948	115.32
[PARKINGID]	0
[PARKING]	-117.697	-116.444	-120.131	-121.342
[PARKING]	114.854	112.545	110.701	112.938
[PARKINGID]	0
[PARKING]	-116.444	-115.336	-118.94	-120.12
[PARKING]	112.565	110.432	108.527	110.712
[PARKINGID]	0
[PARKING]	-115.295	-114.104	-117.728	-118.94
[PARKING]	110.422	108.082	106.238	108.537
[PARKINGID]	0
[PARKING]	-114.094	-112.851	-116.475	-117.728
[PARKING]	108.092	105.783	103.867	106.249
[PARKINGID]	1
[PARKING]	362.37	365.909	364.129	360.697
[PARKING]	120.366	115.626	114.274	118.822
[PARKINGID]	1
[PARKING]	365.888	369.62	367.947	364.172
[PARKING]	115.583	110.778	109.255	114.21
[PARKINGID]	1
[PARKING]	369.641	373.18	371.293	367.947
[PARKING]	110.671	106.209	104.772	109.212
[PARKINGID]	2
[PARKING]	474.786	477.909	476.212	473.054
[PARKING]	-32.0792	-36.6622	-37.7825	-33.1316
[PARKINGID]	2
[PARKING]	477.824	481.236	479.573	476.229
[PARKING]	-36.6792	-41.398	-42.6881	-37.7825
[PARKINGID]	3
[PARKING]	514.245	510.979	512.742	515.862
[PARKING]	-58.6791	-54.007	-52.8753	-57.4181
[PARKINGID]	3
[PARKING]	510.947	507.471	509.153	512.725
[PARKING]	-54.0231	-48.8983	-47.7504	-52.8753
[PARKINGID]	3
[PARKING]	507.439	504.416	505.968	509.12
[PARKING]	-48.8659	-44.4039	-43.2561	-47.7828
[PARKINGID]	4
[PARKING]	397.516	394.174	395.9	399.338
[PARKING]	101.536	106.152	107.549	103.001
[PARKINGID]	4
[PARKING]	394.146	390.955	392.475	395.9
[PARKING]	106.111	110.686	112.055	107.467
[PARKINGCOUNT]	5
[PARKINGVERTICALDISTANCE]	4
[PARKINGPARELLELDISTANCE]	20