[PARKINGID]	1
[PARKING]	362.182	365.719	364.176	360.74
[PARKING]	120.139	115.498	114.344	118.847
[PARKINGID]	1
[PARKING]	365.694	369.545	367.977	364.114
[PARKING]	115.485	110.694	109.289	114.407
[PARKINGID]	1
[PARKING]	369.545	373.145	371.364	367.927
[PARKING]	110.681	106.241	104.723	109.289
[PARKINGID]	2
[PARKING]	474.822	477.856	476.249	473.006
[PARKING]	-32.0322	-36.6647	-37.8276	-33.0911
[PARKINGID]	2
[PARKING]	477.837	481.194	479.53	476.211
[PARKING]	-36.6931	-41.2216	-42.6019	-37.8087
[PARKINGID]	3
[PARKING]	514.269	511.043	512.663	515.777
[PARKING]	-58.6136	-53.9912	-52.902	-57.3148
[PARKINGID]	3
[PARKING]	511.071	507.524	509.158	512.677
[PARKING]	-54.0052	-48.8662	-47.7211	-52.9159
[PARKINGID]	3
[PARKING]	507.524	504.438	505.974	509.144
[PARKING]	-48.8662	-44.3276	-43.2104	-47.7071
[PARKINGID]	4
[PARKING]	397.562	394.209	395.928	399.305
[PARKING]	101.629	106.24	107.499	103.021
[PARKINGID]	4
[PARKING]	394.221	390.917	392.527	395.94
[PARKING]	106.204	110.695	112.002	107.475
