0	[SLAMPOS]	0	107.050	93.050	0	326.900	0	0	
0	[SLAMPOS]	0	107.030	93.080	0	326.890	0	0	
0	[SLAMPOS]	0	107.000	93.110	0	326.870	0	0	
0	[SLAMPOS]	0	106.940	93.210	0	326.850	0	0	
0	[SLAMPOS]	0	106.930	93.230	0	326.850	0	0	
0	[SLAMPOS]	0	106.890	93.290	0	326.840	0	0	
0	[SLAMPOS]	0	106.860	93.350	0	326.830	0	0	
0	[SLAMPOS]	0	106.840	93.380	0	326.820	0	0	
0	[SLAMPOS]	0	106.800	93.430	0	326.810	0	0	
0	[SLAMPOS]	0	106.760	93.500	0	326.780	0	0	
0	[SLAMPOS]	0	106.740	93.520	0	326.780	0	0	
0	[SLAMPOS]	0	106.700	93.610	0	326.770	0	0	
0	[SLAMPOS]	0	106.660	93.670	0	326.760	0	0	
0	[SLAMPOS]	0	106.660	93.680	0	326.750	0	0	
0	[SLAMPOS]	0	106.620	93.740	0	326.730	0	0	
0	[SLAMPOS]	0	106.570	93.810	0	326.700	0	0	
0	[SLAMPOS]	0	106.560	93.850	0	326.690	0	0	
0	[SLAMPOS]	0	106.490	93.960	0	326.610	0	0	
0	[SLAMPOS]	0	106.480	93.990	0	326.600	0	0	
0	[SLAMPOS]	0	106.450	94.060	0	326.580	0	0	
0	[SLAMPOS]	0	106.410	94.140	0	326.580	0	0	
0	[SLAMPOS]	0	106.380	94.190	0	326.570	0	0	
0	[SLAMPOS]	0	106.340	94.250	0	326.550	0	0	
0	[SLAMPOS]	0	106.280	94.320	0	326.510	0	0	
0	[SLAMPOS]	0	106.270	94.340	0	326.500	0	0	
0	[SLAMPOS]	0	106.200	94.440	0	326.470	0	0	
0	[SLAMPOS]	0	106.170	94.480	0	326.470	0	0	
0	[SLAMPOS]	0	106.130	94.550	0	326.430	0	0	
0	[SLAMPOS]	0	106.060	94.630	0	326.380	0	0	
0	[SLAMPOS]	0	106.050	94.650	0	326.370	0	0	
0	[SLAMPOS]	0	106.000	94.710	0	326.340	0	0	
0	[SLAMPOS]	0	105.930	94.810	0	326.300	0	0	
0	[SLAMPOS]	0	105.900	94.840	0	326.280	0	0	
0	[SLAMPOS]	0	105.800	94.990	0	326.230	0	0	
0	[SLAMPOS]	0	105.760	95.050	0	326.210	0	0	
0	[SLAMPOS]	0	105.720	95.090	0	326.160	0	0	
0	[SLAMPOS]	0	105.620	95.260	0	326.110	0	0	
0	[SLAMPOS]	0	105.590	95.290	0	326.100	0	0	
0	[SLAMPOS]	0	105.540	95.380	0	326.070	0	0	
0	[SLAMPOS]	0	105.530	95.390	0	326.060	0	0	
0	[SLAMPOS]	0	105.470	95.500	0	326.030	0	0	
0	[SLAMPOS]	0	105.420	95.600	0	326.010	0	0	
0	[SLAMPOS]	0	105.380	95.650	0	325.970	0	0	
0	[SLAMPOS]	0	105.260	95.830	0	325.870	0	0	
0	[SLAMPOS]	0	105.220	95.880	0	325.960	0	0	
0	[SLAMPOS]	0	105.110	96.030	0	325.850	0	0	
0	[SLAMPOS]	0	105.030	96.150	0	325.850	0	0	
0	[SLAMPOS]	0	104.920	96.320	0	325.850	0	0	
0	[SLAMPOS]	0	104.900	96.340	0	325.840	0	0	
0	[SLAMPOS]	0	104.800	96.490	0	325.780	0	0	
0	[SLAMPOS]	0	104.680	96.670	0	325.810	0	0	
0	[SLAMPOS]	0	104.660	96.710	0	325.790	0	0	
0	[SLAMPOS]	0	104.570	96.840	0	325.750	0	0	
0	[SLAMPOS]	0	104.540	96.910	0	325.780	0	0	
0	[SLAMPOS]	0	104.360	97.140	0	325.590	0	0	
0	[SLAMPOS]	0	104.300	97.240	0	325.560	0	0	
0	[SLAMPOS]	0	104.250	97.340	0	325.600	0	0	
0	[SLAMPOS]	0	104.110	97.540	0	325.510	0	0	
0	[SLAMPOS]	0	103.970	97.800	0	325.490	0	0	
0	[SLAMPOS]	0	103.930	97.860	0	325.470	0	0	
0	[SLAMPOS]	0	103.810	98.060	0	325.280	0	0	
0	[SLAMPOS]	0	103.710	98.230	0	325.220	0	0	
0	[SLAMPOS]	0	103.660	98.300	0	325.190	0	0	
0	[SLAMPOS]	0	103.480	98.610	0	325.190	0	0	
0	[SLAMPOS]	0	103.370	98.780	0	325.180	0	0	
0	[SLAMPOS]	0	103.300	98.870	0	325.130	0	0	
0	[SLAMPOS]	0	103.130	99.120	0	325.000	0	0	
0	[SLAMPOS]	0	102.980	99.350	0	324.990	0	0	
0	[SLAMPOS]	0	102.730	99.700	0	324.950	0	0	
0	[SLAMPOS]	0	102.680	99.780	0	324.930	0	0	
0	[SLAMPOS]	0	102.510	100.050	0	324.970	0	0	
0	[SLAMPOS]	0	102.300	100.310	0	324.820	0	0	
0	[SLAMPOS]	0	102.260	100.370	0	324.810	0	0	
0	[SLAMPOS]	0	102.090	100.620	0	324.830	0	0	
0	[SLAMPOS]	0	101.930	100.850	0	324.790	0	0	
0	[SLAMPOS]	0	101.860	100.950	0	324.780	0	0	
0	[SLAMPOS]	0	101.670	101.240	0	324.800	0	0	
0	[SLAMPOS]	0	101.450	101.570	0	324.710	0	0	
0	[SLAMPOS]	0	101.420	101.610	0	324.710	0	0	
0	[SLAMPOS]	0	101.210	101.930	0	324.690	0	0	
0	[SLAMPOS]	0	100.990	102.250	0	324.700	0	0	
0	[SLAMPOS]	0	100.750	102.630	0	324.740	0	0	
0	[SLAMPOS]	0	100.700	102.710	0	324.740	0	0	
0	[SLAMPOS]	0	100.500	102.980	0	324.670	0	0	
0	[SLAMPOS]	0	100.350	103.220	0	324.720	0	0	
0	[SLAMPOS]	0	100.230	103.390	0	324.710	0	0	
0	[SLAMPOS]	0	100.050	103.650	0	324.700	0	0	
0	[SLAMPOS]	0	99.900	103.880	0	324.740	0	0	
0	[SLAMPOS]	0	99.810	104.000	0	324.740	0	0	
0	[SLAMPOS]	0	99.510	104.460	0	324.760	0	0	
0	[SLAMPOS]	0	99.420	104.590	0	324.740	0	0	
0	[SLAMPOS]	0	99.230	104.860	0	324.750	0	0	
0	[SLAMPOS]	0	98.970	105.230	0	324.740	0	0	
0	[SLAMPOS]	0	98.840	105.420	0	324.760	0	0	
0	[SLAMPOS]	0	98.670	105.670	0	324.760	0	0	
0	[SLAMPOS]	0	98.460	105.980	0	324.780	0	0	
0	[SLAMPOS]	0	98.180	106.410	0	324.800	0	0	
0	[SLAMPOS]	0	97.910	106.800	0	324.790	0	0	
0	[SLAMPOS]	0	97.850	106.900	0	324.790	0	0	
0	[SLAMPOS]	0	97.610	107.250	0	324.810	0	0	
0	[SLAMPOS]	0	97.340	107.650	0	324.780	0	0	
0	[SLAMPOS]	0	97.140	107.940	0	324.770	0	0	
0	[SLAMPOS]	0	96.990	108.180	0	324.830	0	0	
0	[SLAMPOS]	0	96.710	108.610	0	324.750	0	0	
0	[SLAMPOS]	0	96.530	108.890	0	324.760	0	0	
0	[SLAMPOS]	0	96.320	109.240	0	324.820	0	0	
0	[SLAMPOS]	0	96.120	109.520	0	324.790	0	0	
0	[SLAMPOS]	0	95.910	109.840	0	324.770	0	0	
0	[SLAMPOS]	0	95.710	110.140	0	324.780	0	0	
0	[SLAMPOS]	0	95.580	110.280	0	324.720	0	0	
0	[SLAMPOS]	0	95.270	110.730	0	324.780	0	0	
0	[SLAMPOS]	0	95.070	111.020	0	324.800	0	0	
0	[SLAMPOS]	0	94.920	111.230	0	324.800	0	0	
0	[SLAMPOS]	0	94.610	111.670	0	324.800	0	0	
0	[SLAMPOS]	0	94.880	111.080	0	325.120	0	0	
0	[SLAMPOS]	0	93.980	112.600	0	324.870	0	0	
0	[SLAMPOS]	0	93.930	112.670	0	324.880	0	0	
0	[SLAMPOS]	0	93.660	113.080	0	324.920	0	0	
0	[SLAMPOS]	0	93.590	113.180	0	324.930	0	0	
0	[SLAMPOS]	0	93.320	113.610	0	324.980	0	0	
0	[SLAMPOS]	0	93.080	113.960	0	325.000	0	0	
0	[SLAMPOS]	0	92.960	114.120	0	324.950	0	0	
0	[SLAMPOS]	0	92.550	114.760	0	325.030	0	0	
0	[SLAMPOS]	0	92.450	114.920	0	325.040	0	0	
0	[SLAMPOS]	0	92.190	115.300	0	325.020	0	0	
0	[SLAMPOS]	0	91.920	115.710	0	325.010	0	0	
0	[SLAMPOS]	0	91.820	115.850	0	325.000	0	0	
0	[SLAMPOS]	0	91.520	116.310	0	325.010	0	0	
0	[SLAMPOS]	0	91.270	116.680	0	325.000	0	0	
0	[SLAMPOS]	0	91.150	116.860	0	325.000	0	0	
0	[SLAMPOS]	0	90.860	117.310	0	324.980	0	0	
0	[SLAMPOS]	0	90.580	117.710	0	324.980	0	0	
0	[SLAMPOS]	0	90.460	117.890	0	324.970	0	0	
0	[SLAMPOS]	0	89.990	118.590	0	324.960	0	0	
0	[SLAMPOS]	0	89.850	118.780	0	324.950	0	0	
0	[SLAMPOS]	0	89.580	119.190	0	324.960	0	0	
0	[SLAMPOS]	0	89.260	119.660	0	324.950	0	0	
0	[SLAMPOS]	0	89.170	119.780	0	324.960	0	0	
0	[SLAMPOS]	0	88.840	120.270	0	324.960	0	0	
0	[SLAMPOS]	0	88.520	120.730	0	324.950	0	0	
0	[SLAMPOS]	0	88.430	120.860	0	324.960	0	0	
0	[SLAMPOS]	0	88.110	121.340	0	324.970	0	0	
0	[SLAMPOS]	0	88.020	121.470	0	324.970	0	0	
0	[SLAMPOS]	0	87.700	121.960	0	324.980	0	0	
0	[SLAMPOS]	0	87.410	122.390	0	325.010	0	0	
0	[SLAMPOS]	0	87.280	122.590	0	325.020	0	0	
0	[SLAMPOS]	0	86.770	123.330	0	325.030	0	0	
0	[SLAMPOS]	0	86.640	123.520	0	325.010	0	0	
0	[SLAMPOS]	0	86.500	123.750	0	325.040	0	0	
0	[SLAMPOS]	0	86.010	124.500	0	325.060	0	0	
0	[SLAMPOS]	0	85.870	124.720	0	325.060	0	0	
0	[SLAMPOS]	0	85.570	125.160	0	325.030	0	0	
0	[SLAMPOS]	0	85.230	125.670	0	325.020	0	0	
0	[SLAMPOS]	0	85.130	125.820	0	325.010	0	0	
0	[SLAMPOS]	0	84.790	126.340	0	325.020	0	0	
0	[SLAMPOS]	0	84.480	126.790	0	325.000	0	0	
0	[SLAMPOS]	0	84.340	126.990	0	324.970	0	0	
0	[SLAMPOS]	0	84.020	127.450	0	324.950	0	0	
0	[SLAMPOS]	0	83.660	127.990	0	324.940	0	0	
0	[SLAMPOS]	0	83.540	128.190	0	324.950	0	0	
0	[SLAMPOS]	0	83.000	128.960	0	324.900	0	0	
0	[SLAMPOS]	0	82.860	129.170	0	324.900	0	0	
0	[SLAMPOS]	0	82.560	129.630	0	324.890	0	0	
0	[SLAMPOS]	0	82.190	130.190	0	324.880	0	0	
0	[SLAMPOS]	0	82.080	130.330	0	324.860	0	0	
0	[SLAMPOS]	0	81.740	130.870	0	324.850	0	0	
0	[SLAMPOS]	0	81.640	131.020	0	324.830	0	0	
0	[SLAMPOS]	0	81.270	131.540	0	324.780	0	0	
0	[SLAMPOS]	0	80.900	132.110	0	324.770	0	0	
0	[SLAMPOS]	0	80.810	132.240	0	324.760	0	0	
0	[SLAMPOS]	0	80.440	132.800	0	324.730	0	0	
0	[SLAMPOS]	0	80.110	133.280	0	324.710	0	0	
0	[SLAMPOS]	0	79.720	133.820	0	324.650	0	0	
0	[SLAMPOS]	0	79.370	134.330	0	324.640	0	0	
0	[SLAMPOS]	0	78.990	134.890	0	324.590	0	0	
0	[SLAMPOS]	0	78.900	135.010	0	324.590	0	0	
0	[SLAMPOS]	0	78.520	135.580	0	324.600	0	0	
0	[SLAMPOS]	0	78.410	135.730	0	324.600	0	0	
0	[SLAMPOS]	0	78.030	136.290	0	324.610	0	0	
0	[SLAMPOS]	0	77.650	136.860	0	324.610	0	0	
0	[SLAMPOS]	0	77.540	137.010	0	324.610	0	0	
0	[SLAMPOS]	0	77.160	137.590	0	324.630	0	0	
0	[SLAMPOS]	0	76.790	138.150	0	324.660	0	0	
0	[SLAMPOS]	0	76.640	138.390	0	324.650	0	0	
0	[SLAMPOS]	0	76.270	138.960	0	324.640	0	0	
0	[SLAMPOS]	0	75.940	139.460	0	324.640	0	0	
0	[SLAMPOS]	0	75.780	139.700	0	324.640	0	0	
0	[SLAMPOS]	0	75.210	140.540	0	324.630	0	0	
0	[SLAMPOS]	0	75.040	140.790	0	324.630	0	0	
0	[SLAMPOS]	0	74.700	141.280	0	324.620	0	0	
0	[SLAMPOS]	0	74.300	141.860	0	324.620	0	0	
0	[SLAMPOS]	0	74.200	142.010	0	324.610	0	0	
0	[SLAMPOS]	0	73.790	142.600	0	324.600	0	0	
0	[SLAMPOS]	0	73.580	142.910	0	324.590	0	0	
0	[SLAMPOS]	0	73.270	143.380	0	324.600	0	0	
0	[SLAMPOS]	0	72.880	143.960	0	324.590	0	0	
0	[SLAMPOS]	0	72.770	144.110	0	324.590	0	0	
0	[SLAMPOS]	0	72.360	144.700	0	324.570	0	0	
0	[SLAMPOS]	0	72.020	145.210	0	324.550	0	0	
0	[SLAMPOS]	0	71.860	145.430	0	324.540	0	0	
0	[SLAMPOS]	0	71.260	146.290	0	324.510	0	0	
0	[SLAMPOS]	0	71.080	146.560	0	324.520	0	0	
0	[SLAMPOS]	0	70.970	146.720	0	324.520	0	0	
0	[SLAMPOS]	0	70.370	147.600	0	324.480	0	0	
0	[SLAMPOS]	0	70.160	147.900	0	324.450	0	0	
0	[SLAMPOS]	0	70.020	148.130	0	324.480	0	0	
0	[SLAMPOS]	0	69.470	148.950	0	324.460	0	0	
0	[SLAMPOS]	0	69.300	149.210	0	324.420	0	0	
0	[SLAMPOS]	0	68.990	149.660	0	324.400	0	0	
0	[SLAMPOS]	0	68.900	149.780	0	324.390	0	0	
0	[SLAMPOS]	0	68.530	150.340	0	324.390	0	0	
0	[SLAMPOS]	0	68.160	150.820	0	324.360	0	0	
0	[SLAMPOS]	0	67.790	151.380	0	324.360	0	0	
0	[SLAMPOS]	0	67.620	151.610	0	324.340	0	0	
0	[SLAMPOS]	0	67.070	152.440	0	324.310	0	0	
0	[SLAMPOS]	0	66.800	152.840	0	324.310	0	0	
0	[SLAMPOS]	0	66.520	153.270	0	324.330	0	0	
0	[SLAMPOS]	0	66.160	153.810	0	324.310	0	0	
0	[SLAMPOS]	0	65.980	154.070	0	324.310	0	0	
0	[SLAMPOS]	0	65.660	154.560	0	324.340	0	0	
0	[SLAMPOS]	0	65.600	154.640	0	324.340	0	0	
0	[SLAMPOS]	0	65.150	155.310	0	324.330	0	0	
0	[SLAMPOS]	0	64.710	155.960	0	324.360	0	0	
0	[SLAMPOS]	0	64.310	156.530	0	324.360	0	0	
0	[SLAMPOS]	0	63.940	157.080	0	324.370	0	0	
0	[SLAMPOS]	0	63.680	157.490	0	324.400	0	0	
0	[SLAMPOS]	0	63.260	158.030	0	324.370	0	0	
0	[SLAMPOS]	0	62.870	158.590	0	324.380	0	0	
0	[SLAMPOS]	0	62.720	158.810	0	324.390	0	0	
0	[SLAMPOS]	0	62.260	159.490	0	324.400	0	0	
0	[SLAMPOS]	0	61.770	160.210	0	324.410	0	0	
0	[SLAMPOS]	0	61.350	160.830	0	324.420	0	0	
0	[SLAMPOS]	0	61.240	160.980	0	324.430	0	0	
0	[SLAMPOS]	0	60.810	161.620	0	324.440	0	0	
0	[SLAMPOS]	0	60.360	162.270	0	324.440	0	0	
0	[SLAMPOS]	0	60.080	162.680	0	324.440	0	0	
0	[SLAMPOS]	0	59.820	163.050	0	324.450	0	0	
0	[SLAMPOS]	0	59.370	163.710	0	324.460	0	0	
0	[SLAMPOS]	0	59.010	164.220	0	324.460	0	0	
0	[SLAMPOS]	0	58.830	164.490	0	324.470	0	0	
0	[SLAMPOS]	0	58.410	165.120	0	324.470	0	0	
0	[SLAMPOS]	0	57.910	165.840	0	324.480	0	0	
0	[SLAMPOS]	0	57.490	166.460	0	324.480	0	0	
0	[SLAMPOS]	0	57.320	166.690	0	324.490	0	0	
0	[SLAMPOS]	0	56.900	167.310	0	324.500	0	0	
0	[SLAMPOS]	0	56.480	167.910	0	324.500	0	0	
0	[SLAMPOS]	0	56.210	168.310	0	324.510	0	0	
0	[SLAMPOS]	0	55.870	168.820	0	324.530	0	0	
0	[SLAMPOS]	0	55.470	169.430	0	324.540	0	0	
0	[SLAMPOS]	0	55.240	169.760	0	324.550	0	0	
0	[SLAMPOS]	0	54.740	170.520	0	324.550	0	0	
0	[SLAMPOS]	0	54.390	171.010	0	324.550	0	0	
0	[SLAMPOS]	0	54.200	171.300	0	324.550	0	0	
0	[SLAMPOS]	0	54.000	171.580	0	324.550	0	0	
0	[SLAMPOS]	0	53.360	172.510	0	324.590	0	0	
0	[SLAMPOS]	0	53.190	172.760	0	324.600	0	0	
0	[SLAMPOS]	0	52.810	173.330	0	324.590	0	0	
0	[SLAMPOS]	0	52.410	173.910	0	324.600	0	0	
0	[SLAMPOS]	0	51.950	174.590	0	324.620	0	0	
0	[SLAMPOS]	0	51.790	174.820	0	324.610	0	0	
0	[SLAMPOS]	0	51.460	175.310	0	324.610	0	0	
0	[SLAMPOS]	0	50.890	176.140	0	324.630	0	0	
0	[SLAMPOS]	0	50.750	176.350	0	324.630	0	0	
0	[SLAMPOS]	0	50.490	176.730	0	324.630	0	0	
0	[SLAMPOS]	0	49.880	177.640	0	324.650	0	0	
0	[SLAMPOS]	0	49.680	177.930	0	324.650	0	0	
0	[SLAMPOS]	0	49.240	178.580	0	324.650	0	0	
0	[SLAMPOS]	0	48.890	179.090	0	324.660	0	0	
0	[SLAMPOS]	0	48.820	179.190	0	324.660	0	0	
0	[SLAMPOS]	0	48.420	179.790	0	324.670	0	0	
0	[SLAMPOS]	0	48.060	180.310	0	324.670	0	0	
0	[SLAMPOS]	0	47.850	180.620	0	324.670	0	0	
0	[SLAMPOS]	0	47.450	181.220	0	324.680	0	0	
0	[SLAMPOS]	0	47.100	181.710	0	324.680	0	0	
0	[SLAMPOS]	0	46.930	181.960	0	324.670	0	0	
0	[SLAMPOS]	0	46.300	182.880	0	324.680	0	0	
0	[SLAMPOS]	0	46.130	183.140	0	324.680	0	0	
0	[SLAMPOS]	0	45.760	183.680	0	324.690	0	0	
0	[SLAMPOS]	0	45.320	184.290	0	324.700	0	0	
0	[SLAMPOS]	0	45.190	184.480	0	324.700	0	0	
0	[SLAMPOS]	0	44.790	185.080	0	324.710	0	0	
0	[SLAMPOS]	0	44.320	185.740	0	324.700	0	0	
0	[SLAMPOS]	0	44.200	185.920	0	324.700	0	0	
0	[SLAMPOS]	0	43.870	186.390	0	324.700	0	0	
0	[SLAMPOS]	0	43.710	186.630	0	324.720	0	0	
0	[SLAMPOS]	0	43.270	187.270	0	324.720	0	0	
0	[SLAMPOS]	0	42.840	187.880	0	324.710	0	0	
0	[SLAMPOS]	0	42.390	188.520	0	324.710	0	0	
0	[SLAMPOS]	0	42.180	188.820	0	324.690	0	0	
0	[SLAMPOS]	0	41.600	189.700	0	324.690	0	0	
0	[SLAMPOS]	0	41.430	189.970	0	324.700	0	0	
0	[SLAMPOS]	0	41.040	190.530	0	324.700	0	0	
0	[SLAMPOS]	0	40.640	191.160	0	324.700	0	0	
0	[SLAMPOS]	0	40.170	191.880	0	324.710	0	0	
0	[SLAMPOS]	0	40.010	192.110	0	324.710	0	0	
0	[SLAMPOS]	0	39.490	192.830	0	324.680	0	0	
0	[SLAMPOS]	0	39.110	193.440	0	324.690	0	0	
0	[SLAMPOS]	0	38.660	194.120	0	324.680	0	0	
0	[SLAMPOS]	0	38.360	194.560	0	324.680	0	0	
0	[SLAMPOS]	0	37.890	195.270	0	324.680	0	0	
0	[SLAMPOS]	0	37.520	195.810	0	324.670	0	0	
0	[SLAMPOS]	0	37.360	196.030	0	324.650	0	0	
0	[SLAMPOS]	0	36.880	196.720	0	324.640	0	0	
0	[SLAMPOS]	0	36.500	197.270	0	324.640	0	0	
0	[SLAMPOS]	0	36.340	197.520	0	324.650	0	0	
0	[SLAMPOS]	0	35.830	198.270	0	324.660	0	0	
0	[SLAMPOS]	0	35.530	198.730	0	324.660	0	0	
0	[SLAMPOS]	0	35.050	199.450	0	324.660	0	0	
0	[SLAMPOS]	0	34.850	199.750	0	324.660	0	0	
0	[SLAMPOS]	0	34.470	200.320	0	324.660	0	0	
0	[SLAMPOS]	0	34.020	200.970	0	324.650	0	0	
0	[SLAMPOS]	0	33.780	201.330	0	324.650	0	0	
0	[SLAMPOS]	0	33.610	201.590	0	324.650	0	0	
0	[SLAMPOS]	0	32.960	202.550	0	324.660	0	0	
0	[SLAMPOS]	0	32.780	202.820	0	324.660	0	0	
0	[SLAMPOS]	0	32.430	203.320	0	324.650	0	0	
0	[SLAMPOS]	0	31.930	204.060	0	324.640	0	0	
0	[SLAMPOS]	0	31.690	204.400	0	324.650	0	0	
0	[SLAMPOS]	0	31.220	205.120	0	324.650	0	0	
0	[SLAMPOS]	0	30.880	205.600	0	324.640	0	0	
0	[SLAMPOS]	0	30.470	206.200	0	324.630	0	0	
0	[SLAMPOS]	0	30.340	206.390	0	324.630	0	0	
0	[SLAMPOS]	0	29.960	206.970	0	324.650	0	0	
0	[SLAMPOS]	0	29.500	207.670	0	324.660	0	0	
0	[SLAMPOS]	0	29.360	207.870	0	324.660	0	0	
0	[SLAMPOS]	0	28.960	208.460	0	324.640	0	0	
0	[SLAMPOS]	0	28.470	209.190	0	324.640	0	0	
0	[SLAMPOS]	0	28.340	209.380	0	324.640	0	0	
0	[SLAMPOS]	0	27.890	210.060	0	324.650	0	0	
0	[SLAMPOS]	0	27.460	210.690	0	324.640	0	0	
0	[SLAMPOS]	0	27.110	211.210	0	324.640	0	0	
0	[SLAMPOS]	0	26.880	211.550	0	324.640	0	0	
0	[SLAMPOS]	0	26.420	212.210	0	324.630	0	0	
0	[SLAMPOS]	0	25.890	212.990	0	324.620	0	0	
0	[SLAMPOS]	0	25.490	213.560	0	324.620	0	0	
0	[SLAMPOS]	0	25.230	213.940	0	324.610	0	0	
0	[SLAMPOS]	0	24.840	214.500	0	324.620	0	0	
0	[SLAMPOS]	0	24.450	215.060	0	324.610	0	0	
0	[SLAMPOS]	0	24.290	215.290	0	324.610	0	0	
0	[SLAMPOS]	0	23.780	216.030	0	324.610	0	0	
0	[SLAMPOS]	0	23.420	216.550	0	324.610	0	0	
0	[SLAMPOS]	0	23.300	216.760	0	324.610	0	0	
0	[SLAMPOS]	0	22.720	217.600	0	324.600	0	0	
0	[SLAMPOS]	0	22.700	217.630	0	324.600	0	0	
0	[SLAMPOS]	0	22.340	218.180	0	324.580	0	0	
0	[SLAMPOS]	0	22.230	218.340	0	324.580	0	0	
0	[SLAMPOS]	0	21.820	218.980	0	324.590	0	0	
0	[SLAMPOS]	0	21.460	219.490	0	324.600	0	0	
0	[SLAMPOS]	0	21.070	220.080	0	324.620	0	0	
0	[SLAMPOS]	0	20.710	220.580	0	324.600	0	0	
0	[SLAMPOS]	0	20.320	221.170	0	324.610	0	0	
0	[SLAMPOS]	0	20.190	221.350	0	324.600	0	0	
0	[SLAMPOS]	0	19.800	221.930	0	324.630	0	0	
0	[SLAMPOS]	0	19.620	222.200	0	324.620	0	0	
0	[SLAMPOS]	0	19.240	222.720	0	324.600	0	0	
0	[SLAMPOS]	0	18.850	223.310	0	324.590	0	0	
0	[SLAMPOS]	0	18.730	223.470	0	324.590	0	0	
0	[SLAMPOS]	0	18.330	224.070	0	324.580	0	0	
0	[SLAMPOS]	0	18.010	224.560	0	324.590	0	0	
0	[SLAMPOS]	0	17.850	224.800	0	324.580	0	0	
0	[SLAMPOS]	0	17.260	225.660	0	324.590	0	0	
0	[SLAMPOS]	0	17.090	225.930	0	324.600	0	0	
0	[SLAMPOS]	0	16.940	226.150	0	324.590	0	0	
0	[SLAMPOS]	0	16.370	226.980	0	324.580	0	0	
0	[SLAMPOS]	0	16.230	227.210	0	324.580	0	0	
0	[SLAMPOS]	0	15.890	227.710	0	324.570	0	0	
0	[SLAMPOS]	0	15.510	228.260	0	324.560	0	0	
0	[SLAMPOS]	0	15.400	228.410	0	324.560	0	0	
0	[SLAMPOS]	0	15.020	228.980	0	324.560	0	0	
0	[SLAMPOS]	0	14.670	229.480	0	324.550	0	0	
0	[SLAMPOS]	0	14.530	229.690	0	324.540	0	0	
0	[SLAMPOS]	0	13.940	230.550	0	324.540	0	0	
0	[SLAMPOS]	0	13.810	230.750	0	324.540	0	0	
0	[SLAMPOS]	0	13.470	231.240	0	324.530	0	0	
0	[SLAMPOS]	0	13.070	231.820	0	324.490	0	0	
0	[SLAMPOS]	0	12.970	231.970	0	324.490	0	0	
0	[SLAMPOS]	0	12.580	232.530	0	324.470	0	0	
0	[SLAMPOS]	0	12.210	233.090	0	324.470	0	0	
0	[SLAMPOS]	0	12.100	233.240	0	324.460	0	0	
0	[SLAMPOS]	0	11.710	233.820	0	324.440	0	0	
0	[SLAMPOS]	0	11.620	233.940	0	324.440	0	0	
0	[SLAMPOS]	0	11.250	234.490	0	324.410	0	0	
0	[SLAMPOS]	0	10.910	234.990	0	324.390	0	0	
0	[SLAMPOS]	0	10.760	235.200	0	324.370	0	0	
0	[SLAMPOS]	0	10.210	236.000	0	324.340	0	0	
0	[SLAMPOS]	0	10.070	236.210	0	324.320	0	0	
0	[SLAMPOS]	0	9.720	236.690	0	324.280	0	0	
0	[SLAMPOS]	0	9.360	237.220	0	324.250	0	0	
0	[SLAMPOS]	0	9.160	237.510	0	324.230	0	0	
0	[SLAMPOS]	0	8.830	238.000	0	324.200	0	0	
0	[SLAMPOS]	0	8.450	238.540	0	324.150	0	0	
0	[SLAMPOS]	0	8.370	238.650	0	324.140	0	0	
0	[SLAMPOS]	0	7.980	239.220	0	324.090	0	0	
0	[SLAMPOS]	0	7.670	239.660	0	324.040	0	0	
0	[SLAMPOS]	0	7.540	239.840	0	324.030	0	0	
0	[SLAMPOS]	0	7.140	240.420	0	323.990	0	0	
0	[SLAMPOS]	0	6.780	240.930	0	323.930	0	0	
0	[SLAMPOS]	0	6.580	241.230	0	323.890	0	0	
0	[SLAMPOS]	0	6.120	241.880	0	323.790	0	0	
0	[SLAMPOS]	0	5.630	242.580	0	323.680	0	0	
0	[SLAMPOS]	0	5.240	243.140	0	323.590	0	0	
0	[SLAMPOS]	0	5.160	243.260	0	323.560	0	0	
0	[SLAMPOS]	0	4.790	243.780	0	323.470	0	0	
0	[SLAMPOS]	0	4.690	243.920	0	323.430	0	0	
0	[SLAMPOS]	0	4.270	244.520	0	323.280	0	0	
0	[SLAMPOS]	0	3.860	245.080	0	323.140	0	0	
0	[SLAMPOS]	0	3.760	245.220	0	323.110	0	0	
0	[SLAMPOS]	0	3.350	245.780	0	323.000	0	0	
0	[SLAMPOS]	0	2.800	246.520	0	322.830	0	0	
0	[SLAMPOS]	0	2.710	246.650	0	322.810	0	0	
0	[SLAMPOS]	0	2.340	247.140	0	322.710	0	0	
0	[SLAMPOS]	0	2.200	247.340	0	322.680	0	0	
0	[SLAMPOS]	0	1.850	247.810	0	322.610	0	0	
0	[SLAMPOS]	0	1.430	248.390	0	322.540	0	0	
0	[SLAMPOS]	0	1.330	248.520	0	322.550	0	0	
0	[SLAMPOS]	0	0.960	249.030	0	322.520	0	0	
0	[SLAMPOS]	0	0.540	249.610	0	322.520	0	0	
0	[SLAMPOS]	0	0.080	250.220	0	322.520	0	0	
0	[SLAMPOS]	0	-0.090	250.450	0	322.520	0	0	
0	[SLAMPOS]	0	-0.530	251.070	0	322.520	0	0	
0	[SLAMPOS]	0	-0.870	251.540	0	322.550	0	0	
0	[SLAMPOS]	0	-1.220	252.020	0	322.570	0	0	
0	[SLAMPOS]	0	-1.350	252.190	0	322.580	0	0	
0	[SLAMPOS]	0	-1.970	253.030	0	322.580	0	0	
0	[SLAMPOS]	0	-2.080	253.200	0	322.580	0	0	
0	[SLAMPOS]	0	-2.440	253.680	0	322.570	0	0	
0	[SLAMPOS]	0	-2.850	254.240	0	322.560	0	0	
0	[SLAMPOS]	0	-2.930	254.350	0	322.560	0	0	
0	[SLAMPOS]	0	-3.390	254.970	0	322.520	0	0	
0	[SLAMPOS]	0	-3.790	255.510	0	322.500	0	0	
0	[SLAMPOS]	0	-3.950	255.730	0	322.490	0	0	
0	[SLAMPOS]	0	-4.330	256.240	0	322.470	0	0	
0	[SLAMPOS]	0	-4.820	256.890	0	322.450	0	0	
0	[SLAMPOS]	0	-5.220	257.440	0	322.440	0	0	
0	[SLAMPOS]	0	-5.410	257.700	0	322.430	0	0	
0	[SLAMPOS]	0	-5.790	258.200	0	322.430	0	0	
0	[SLAMPOS]	0	-6.130	258.690	0	322.430	0	0	
0	[SLAMPOS]	0	-6.340	258.970	0	322.420	0	0	
0	[SLAMPOS]	0	-6.670	259.420	0	322.410	0	0	
0	[SLAMPOS]	0	-6.840	259.660	0	322.410	0	0	
0	[SLAMPOS]	0	-7.150	260.080	0	322.400	0	0	
0	[SLAMPOS]	0	-7.520	260.600	0	322.390	0	0	
0	[SLAMPOS]	0	-7.650	260.770	0	322.410	0	0	
0	[SLAMPOS]	0	-8.010	261.250	0	322.400	0	0	
0	[SLAMPOS]	0	-8.370	261.730	0	322.430	0	0	
0	[SLAMPOS]	0	-8.520	261.930	0	322.430	0	0	
0	[SLAMPOS]	0	-9.130	262.760	0	322.500	0	0	
0	[SLAMPOS]	0	-9.340	263.030	0	322.530	0	0	
0	[SLAMPOS]	0	-9.710	263.550	0	322.580	0	0	
0	[SLAMPOS]	0	-9.970	263.900	0	322.590	0	0	
0	[SLAMPOS]	0	-10.580	264.710	0	322.630	0	0	
0	[SLAMPOS]	0	-10.780	265.000	0	322.660	0	0	
0	[SLAMPOS]	0	-10.940	265.220	0	322.690	0	0	
0	[SLAMPOS]	0	-11.530	266.030	0	322.730	0	0	
0	[SLAMPOS]	0	-11.760	266.350	0	322.750	0	0	
0	[SLAMPOS]	0	-11.940	266.600	0	322.760	0	0	
0	[SLAMPOS]	0	-12.580	267.460	0	322.820	0	0	
0	[SLAMPOS]	0	-12.750	267.700	0	322.830	0	0	
0	[SLAMPOS]	0	-13.070	268.120	0	322.850	0	0	
0	[SLAMPOS]	0	-13.470	268.690	0	322.880	0	0	
0	[SLAMPOS]	0	-13.550	268.790	0	322.890	0	0	
0	[SLAMPOS]	0	-13.930	269.310	0	322.920	0	0	
0	[SLAMPOS]	0	-14.310	269.840	0	322.940	0	0	
0	[SLAMPOS]	0	-14.500	270.090	0	322.950	0	0	
0	[SLAMPOS]	0	-14.910	270.680	0	322.990	0	0	
0	[SLAMPOS]	0	-15.400	271.390	0	322.990	0	0	
0	[SLAMPOS]	0	-15.640	271.710	0	322.980	0	0	
0	[SLAMPOS]	0	-16.000	272.200	0	322.970	0	0	
0	[SLAMPOS]	0	-16.400	272.770	0	322.970	0	0	
0	[SLAMPOS]	0	-16.460	272.850	0	322.960	0	0	
0	[SLAMPOS]	0	-16.890	273.470	0	322.970	0	0	
0	[SLAMPOS]	0	-17.360	274.110	0	322.950	0	0	
0	[SLAMPOS]	0	-17.460	274.240	0	322.950	0	0	
0	[SLAMPOS]	0	-17.850	274.790	0	322.940	0	0	
0	[SLAMPOS]	0	-18.330	275.440	0	322.950	0	0	
0	[SLAMPOS]	0	-18.450	275.610	0	322.940	0	0	
0	[SLAMPOS]	0	-18.820	276.120	0	322.940	0	0	
0	[SLAMPOS]	0	-19.190	276.610	0	322.930	0	0	
0	[SLAMPOS]	0	-19.360	276.860	0	322.930	0	0	
0	[SLAMPOS]	0	-19.970	277.700	0	322.930	0	0	
0	[SLAMPOS]	0	-20.140	277.920	0	322.920	0	0	
0	[SLAMPOS]	0	-20.330	278.190	0	322.940	0	0	
0	[SLAMPOS]	0	-20.990	279.080	0	322.910	0	0	
0	[SLAMPOS]	0	-21.420	279.700	0	322.910	0	0	
0	[SLAMPOS]	0	-21.830	280.300	0	322.900	0	0	
0	[SLAMPOS]	0	-21.980	280.500	0	322.890	0	0	
0	[SLAMPOS]	0	-22.400	281.090	0	322.900	0	0	
0	[SLAMPOS]	0	-22.460	281.160	0	322.900	0	0	
0	[SLAMPOS]	0	-22.820	281.680	0	322.880	0	0	
0	[SLAMPOS]	0	-23.160	282.130	0	322.860	0	0	
0	[SLAMPOS]	0	-23.570	282.720	0	322.860	0	0	
0	[SLAMPOS]	0	-23.930	283.200	0	322.850	0	0	
0	[SLAMPOS]	0	-24.360	283.770	0	322.830	0	0	
0	[SLAMPOS]	0	-24.490	283.940	0	322.820	0	0	
0	[SLAMPOS]	0	-24.970	284.630	0	322.830	0	0	
0	[SLAMPOS]	0	-25.430	285.250	0	322.810	0	0	
0	[SLAMPOS]	0	-25.560	285.450	0	322.820	0	0	
0	[SLAMPOS]	0	-25.910	285.920	0	322.800	0	0	
0	[SLAMPOS]	0	-26.330	286.500	0	322.800	0	0	
0	[SLAMPOS]	0	-26.450	286.660	0	322.790	0	0	
0	[SLAMPOS]	0	-26.850	287.220	0	322.780	0	0	
0	[SLAMPOS]	0	-26.940	287.350	0	322.780	0	0	
0	[SLAMPOS]	0	-27.330	287.900	0	322.770	0	0	
0	[SLAMPOS]	0	-27.700	288.390	0	322.750	0	0	
0	[SLAMPOS]	0	-27.880	288.630	0	322.740	0	0	
0	[SLAMPOS]	0	-28.340	289.250	0	322.720	0	0	
0	[SLAMPOS]	0	-28.710	289.740	0	322.700	0	0	
0	[SLAMPOS]	0	-28.910	290.020	0	322.710	0	0	
0	[SLAMPOS]	0	-29.360	290.640	0	322.700	0	0	
0	[SLAMPOS]	0	-29.720	291.120	0	322.680	0	0	
0	[SLAMPOS]	0	-30.120	291.680	0	322.660	0	0	
0	[SLAMPOS]	0	-30.490	292.200	0	322.650	0	0	
0	[SLAMPOS]	0	-30.980	292.860	0	322.640	0	0	
0	[SLAMPOS]	0	-31.140	293.110	0	322.640	0	0	
0	[SLAMPOS]	0	-31.510	293.600	0	322.620	0	0	
0	[SLAMPOS]	0	-31.930	294.170	0	322.600	0	0	
0	[SLAMPOS]	0	-32.160	294.490	0	322.590	0	0	
0	[SLAMPOS]	0	-32.500	294.960	0	322.580	0	0	
0	[SLAMPOS]	0	-33.030	295.680	0	322.550	0	0	
0	[SLAMPOS]	0	-33.270	296.000	0	322.530	0	0	
0	[SLAMPOS]	0	-33.400	296.190	0	322.540	0	0	
0	[SLAMPOS]	0	-34.100	297.130	0	322.490	0	0	
0	[SLAMPOS]	0	-34.300	297.400	0	322.490	0	0	
0	[SLAMPOS]	0	-34.930	298.260	0	322.470	0	0	
0	[SLAMPOS]	0	-35.400	298.920	0	322.460	0	0	
0	[SLAMPOS]	0	-35.520	299.080	0	322.450	0	0	
0	[SLAMPOS]	0	-35.940	299.630	0	322.410	0	0	
0	[SLAMPOS]	0	-36.530	300.440	0	322.390	0	0	
0	[SLAMPOS]	0	-36.850	300.870	0	322.380	0	0	
0	[SLAMPOS]	0	-37.370	301.590	0	322.380	0	0	
0	[SLAMPOS]	0	-37.490	301.770	0	322.380	0	0	
0	[SLAMPOS]	0	-37.790	302.160	0	322.360	0	0	
0	[SLAMPOS]	0	-37.820	302.200	0	322.350	0	0	
0	[SLAMPOS]	0	-38.310	302.840	0	322.320	0	0	
0	[SLAMPOS]	0	-38.680	303.340	0	322.320	0	0	
0	[SLAMPOS]	0	-39.110	303.910	0	322.310	0	0	
0	[SLAMPOS]	0	-39.200	304.020	0	322.310	0	0	
0	[SLAMPOS]	0	-39.580	304.540	0	322.300	0	0	
0	[SLAMPOS]	0	-39.880	304.950	0	322.290	0	0	
0	[SLAMPOS]	0	-40.140	305.290	0	322.290	0	0	
0	[SLAMPOS]	0	-40.540	305.830	0	322.280	0	0	
0	[SLAMPOS]	0	-40.820	306.220	0	322.300	0	0	
0	[SLAMPOS]	0	-40.920	306.370	0	322.320	0	0	
0	[SLAMPOS]	0	-41.290	306.870	0	322.340	0	0	
0	[SLAMPOS]	0	-41.640	307.310	0	322.360	0	0	
0	[SLAMPOS]	0	-41.840	307.570	0	322.370	0	0	
0	[SLAMPOS]	0	-42.200	308.070	0	322.390	0	0	
0	[SLAMPOS]	0	-42.500	308.460	0	322.400	0	0	
0	[SLAMPOS]	0	-42.620	308.630	0	322.400	0	0	
0	[SLAMPOS]	0	-42.990	309.140	0	322.430	0	0	
0	[SLAMPOS]	0	-43.390	309.700	0	322.450	0	0	
0	[SLAMPOS]	0	-43.480	309.820	0	322.460	0	0	
0	[SLAMPOS]	0	-43.760	310.190	0	322.470	0	0	
0	[SLAMPOS]	0	-44.100	310.690	0	322.510	0	0	
0	[SLAMPOS]	0	-44.450	311.140	0	322.510	0	0	
0	[SLAMPOS]	0	-44.580	311.310	0	322.520	0	0	
0	[SLAMPOS]	0	-44.930	311.780	0	322.530	0	0	
0	[SLAMPOS]	0	-45.340	312.340	0	322.520	0	0	
0	[SLAMPOS]	0	-45.390	312.420	0	322.520	0	0	
0	[SLAMPOS]	0	-45.710	312.860	0	322.510	0	0	
0	[SLAMPOS]	0	-46.000	313.260	0	322.510	0	0	
0	[SLAMPOS]	0	-46.060	313.330	0	322.510	0	0	
0	[SLAMPOS]	0	-46.390	313.800	0	322.510	0	0	
0	[SLAMPOS]	0	-46.730	314.240	0	322.500	0	0	
0	[SLAMPOS]	0	-46.830	314.380	0	322.490	0	0	
0	[SLAMPOS]	0	-47.140	314.810	0	322.490	0	0	
0	[SLAMPOS]	0	-47.450	315.240	0	322.490	0	0	
0	[SLAMPOS]	0	-47.830	315.770	0	322.490	0	0	
0	[SLAMPOS]	0	-47.920	315.880	0	322.490	0	0	
0	[SLAMPOS]	0	-48.200	316.280	0	322.500	0	0	
0	[SLAMPOS]	0	-48.440	316.600	0	322.500	0	0	
0	[SLAMPOS]	0	-48.570	316.780	0	322.500	0	0	
0	[SLAMPOS]	0	-49.000	317.350	0	322.480	0	0	
0	[SLAMPOS]	0	-49.100	317.480	0	322.480	0	0	
0	[SLAMPOS]	0	-49.240	317.670	0	322.470	0	0	
0	[SLAMPOS]	0	-49.510	318.040	0	322.460	0	0	
0	[SLAMPOS]	0	-49.780	318.390	0	322.450	0	0	
0	[SLAMPOS]	0	-50.040	318.760	0	322.460	0	0	
0	[SLAMPOS]	0	-50.310	319.130	0	322.450	0	0	
0	[SLAMPOS]	0	-50.390	319.230	0	322.450	0	0	
0	[SLAMPOS]	0	-50.680	319.630	0	322.450	0	0	
0	[SLAMPOS]	0	-50.760	319.740	0	322.450	0	0	
0	[SLAMPOS]	0	-51.050	320.130	0	322.440	0	0	
0	[SLAMPOS]	0	-51.290	320.470	0	322.440	0	0	
0	[SLAMPOS]	0	-51.400	320.630	0	322.440	0	0	
0	[SLAMPOS]	0	-51.810	321.180	0	322.440	0	0	
0	[SLAMPOS]	0	-51.930	321.340	0	322.440	0	0	
0	[SLAMPOS]	0	-52.040	321.500	0	322.450	0	0	
0	[SLAMPOS]	0	-52.460	322.060	0	322.430	0	0	
0	[SLAMPOS]	0	-52.580	322.210	0	322.420	0	0	
0	[SLAMPOS]	0	-52.830	322.550	0	322.410	0	0	
0	[SLAMPOS]	0	-53.130	322.970	0	322.430	0	0	
0	[SLAMPOS]	0	-53.410	323.370	0	322.440	0	0	
0	[SLAMPOS]	0	-53.410	323.360	0	322.440	0	0	
0	[SLAMPOS]	0	-53.870	323.980	0	322.410	0	0	
0	[SLAMPOS]	0	-53.990	324.140	0	322.400	0	0	
0	[SLAMPOS]	0	-54.220	324.460	0	322.400	0	0	
0	[SLAMPOS]	0	-54.450	324.780	0	322.410	0	0	
0	[SLAMPOS]	0	-54.500	324.840	0	322.410	0	0	
0	[SLAMPOS]	0	-54.720	325.140	0	322.400	0	0	
0	[SLAMPOS]	0	-54.820	325.280	0	322.400	0	0	
0	[SLAMPOS]	0	-55.220	325.820	0	322.380	0	0	
0	[SLAMPOS]	0	-55.380	326.020	0	322.370	0	0	
0	[SLAMPOS]	0	-55.460	326.140	0	322.370	0	0	
0	[SLAMPOS]	0	-55.770	326.570	0	322.380	0	0	
0	[SLAMPOS]	0	-56.040	326.920	0	322.370	0	0	
0	[SLAMPOS]	0	-56.130	327.050	0	322.370	0	0	
0	[SLAMPOS]	0	-56.420	327.440	0	322.360	0	0	
0	[SLAMPOS]	0	-56.680	327.800	0	322.350	0	0	
0	[SLAMPOS]	0	-57.020	328.270	0	322.340	0	0	
0	[SLAMPOS]	0	-57.180	328.470	0	322.330	0	0	
0	[SLAMPOS]	0	-57.460	328.850	0	322.320	0	0	
0	[SLAMPOS]	0	-57.720	329.220	0	322.320	0	0	
0	[SLAMPOS]	0	-57.770	329.270	0	322.310	0	0	
0	[SLAMPOS]	0	-58.090	329.710	0	322.310	0	0	
0	[SLAMPOS]	0	-58.300	329.980	0	322.300	0	0	
0	[SLAMPOS]	0	-58.440	330.160	0	322.290	0	0	
0	[SLAMPOS]	0	-58.710	330.530	0	322.280	0	0	
0	[SLAMPOS]	0	-58.990	330.910	0	322.270	0	0	
0	[SLAMPOS]	0	-59.090	331.030	0	322.270	0	0	
0	[SLAMPOS]	0	-59.380	331.430	0	322.290	0	0	
0	[SLAMPOS]	0	-59.660	331.820	0	322.310	0	0	
0	[SLAMPOS]	0	-59.720	331.900	0	322.310	0	0	
0	[SLAMPOS]	0	-59.990	332.260	0	322.320	0	0	
0	[SLAMPOS]	0	-60.330	332.730	0	322.350	0	0	
0	[SLAMPOS]	0	-60.500	332.960	0	322.360	0	0	
0	[SLAMPOS]	0	-60.580	333.070	0	322.370	0	0	
0	[SLAMPOS]	0	-60.950	333.570	0	322.400	0	0	
0	[SLAMPOS]	0	-61.050	333.710	0	322.400	0	0	
0	[SLAMPOS]	0	-61.160	333.860	0	322.410	0	0	
0	[SLAMPOS]	0	-61.540	334.380	0	322.430	0	0	
0	[SLAMPOS]	0	-61.630	334.500	0	322.430	0	0	
0	[SLAMPOS]	0	-61.870	334.820	0	322.450	0	0	
0	[SLAMPOS]	0	-62.090	335.110	0	322.460	0	0	
0	[SLAMPOS]	0	-62.140	335.190	0	322.460	0	0	
0	[SLAMPOS]	0	-62.470	335.640	0	322.490	0	0	
0	[SLAMPOS]	0	-62.730	335.980	0	322.480	0	0	
0	[SLAMPOS]	0	-62.840	336.150	0	322.500	0	0	
0	[SLAMPOS]	0	-63.040	336.430	0	322.510	0	0	
0	[SLAMPOS]	0	-63.280	336.760	0	322.520	0	0	
0	[SLAMPOS]	0	-63.340	336.840	0	322.520	0	0	
0	[SLAMPOS]	0	-63.570	337.160	0	322.510	0	0	
0	[SLAMPOS]	0	-63.850	337.540	0	322.490	0	0	
0	[SLAMPOS]	0	-63.890	337.590	0	322.490	0	0	
0	[SLAMPOS]	0	-64.110	337.900	0	322.480	0	0	
0	[SLAMPOS]	0	-64.310	338.170	0	322.480	0	0	
0	[SLAMPOS]	0	-64.400	338.300	0	322.480	0	0	
0	[SLAMPOS]	0	-64.750	338.780	0	322.470	0	0	
0	[SLAMPOS]	0	-64.890	338.970	0	322.470	0	0	
0	[SLAMPOS]	0	-64.980	339.070	0	322.450	0	0	
0	[SLAMPOS]	0	-65.290	339.470	0	322.440	0	0	
0	[SLAMPOS]	0	-65.520	339.770	0	322.430	0	0	
0	[SLAMPOS]	0	-65.630	339.900	0	322.420	0	0	
0	[SLAMPOS]	0	-65.870	340.230	0	322.420	0	0	
0	[SLAMPOS]	0	-66.100	340.530	0	322.410	0	0	
0	[SLAMPOS]	0	-66.350	340.850	0	322.380	0	0	
0	[SLAMPOS]	0	-66.560	341.120	0	322.370	0	0	
0	[SLAMPOS]	0	-66.800	341.490	0	322.390	0	0	
0	[SLAMPOS]	0	-66.900	341.640	0	322.400	0	0	
0	[SLAMPOS]	0	-67.000	341.780	0	322.390	0	0	
0	[SLAMPOS]	0	-67.350	342.260	0	322.370	0	0	
0	[SLAMPOS]	0	-67.430	342.380	0	322.370	0	0	
0	[SLAMPOS]	0	-67.650	342.660	0	322.360	0	0	
0	[SLAMPOS]	0	-67.870	342.970	0	322.340	0	0	
0	[SLAMPOS]	0	-67.920	343.040	0	322.340	0	0	
0	[SLAMPOS]	0	-68.190	343.390	0	322.330	0	0	
0	[SLAMPOS]	0	-68.270	343.500	0	322.330	0	0	
0	[SLAMPOS]	0	-68.500	343.810	0	322.320	0	0	
0	[SLAMPOS]	0	-68.700	344.080	0	322.310	0	0	
0	[SLAMPOS]	0	-68.920	344.380	0	322.300	0	0	
0	[SLAMPOS]	0	-69.070	344.580	0	322.300	0	0	
0	[SLAMPOS]	0	-69.350	344.960	0	322.290	0	0	
0	[SLAMPOS]	0	-69.560	345.240	0	322.280	0	0	
0	[SLAMPOS]	0	-69.670	345.400	0	322.280	0	0	
0	[SLAMPOS]	0	-69.900	345.700	0	322.270	0	0	
0	[SLAMPOS]	0	-70.110	345.970	0	322.260	0	0	
0	[SLAMPOS]	0	-70.210	346.100	0	322.250	0	0	
0	[SLAMPOS]	0	-70.440	346.430	0	322.260	0	0	
0	[SLAMPOS]	0	-70.640	346.700	0	322.240	0	0	
0	[SLAMPOS]	0	-70.720	346.810	0	322.240	0	0	
0	[SLAMPOS]	0	-71.060	347.280	0	322.240	0	0	
0	[SLAMPOS]	0	-71.100	347.330	0	322.230	0	0	
0	[SLAMPOS]	0	-71.350	347.650	0	322.220	0	0	
0	[SLAMPOS]	0	-71.570	347.960	0	322.200	0	0	
0	[SLAMPOS]	0	-71.630	348.040	0	322.200	0	0	
0	[SLAMPOS]	0	-71.860	348.340	0	322.200	0	0	
0	[SLAMPOS]	0	-71.940	348.430	0	322.200	0	0	
0	[SLAMPOS]	0	-72.170	348.760	0	322.170	0	0	
0	[SLAMPOS]	0	-72.390	349.050	0	322.170	0	0	
0	[SLAMPOS]	0	-72.450	349.130	0	322.170	0	0	
0	[SLAMPOS]	0	-72.780	349.560	0	322.150	0	0	
0	[SLAMPOS]	0	-72.850	349.670	0	322.150	0	0	
0	[SLAMPOS]	0	-73.110	350.010	0	322.140	0	0	
0	[SLAMPOS]	0	-73.240	350.190	0	322.140	0	0	
0	[SLAMPOS]	0	-73.410	350.410	0	322.130	0	0	
0	[SLAMPOS]	0	-73.490	350.530	0	322.130	0	0	
0	[SLAMPOS]	0	-73.800	350.960	0	322.130	0	0	
0	[SLAMPOS]	0	-73.950	351.170	0	322.130	0	0	
0	[SLAMPOS]	0	-74.150	351.420	0	322.110	0	0	
0	[SLAMPOS]	0	-74.350	351.690	0	322.090	0	0	
0	[SLAMPOS]	0	-74.630	352.060	0	322.070	0	0	
0	[SLAMPOS]	0	-74.750	352.220	0	322.070	0	0	
0	[SLAMPOS]	0	-75.120	352.720	0	322.050	0	0	
0	[SLAMPOS]	0	-75.260	352.910	0	322.040	0	0	
0	[SLAMPOS]	0	-75.420	353.130	0	322.040	0	0	
0	[SLAMPOS]	0	-75.770	353.600	0	322.000	0	0	
0	[SLAMPOS]	0	-75.950	353.830	0	321.990	0	0	
0	[SLAMPOS]	0	-76.180	354.140	0	321.980	0	0	
0	[SLAMPOS]	0	-76.250	354.230	0	321.990	0	0	
0	[SLAMPOS]	0	-76.430	354.470	0	321.970	0	0	
0	[SLAMPOS]	0	-76.670	354.790	0	321.950	0	0	
0	[SLAMPOS]	0	-76.750	354.890	0	321.940	0	0	
0	[SLAMPOS]	0	-76.920	355.120	0	321.930	0	0	
0	[SLAMPOS]	0	-77.140	355.420	0	321.920	0	0	
0	[SLAMPOS]	0	-77.240	355.550	0	321.910	0	0	
0	[SLAMPOS]	0	-77.450	355.810	0	321.900	0	0	
0	[SLAMPOS]	0	-77.620	356.020	0	321.910	0	0	
0	[SLAMPOS]	0	-77.760	356.180	0	321.900	0	0	
0	[SLAMPOS]	0	-77.840	356.300	0	321.900	0	0	
0	[SLAMPOS]	0	-78.010	356.520	0	321.900	0	0	
0	[SLAMPOS]	0	-78.160	356.720	0	321.910	0	0	
0	[SLAMPOS]	0	-78.340	356.970	0	321.930	0	0	
0	[SLAMPOS]	0	-78.450	357.130	0	321.930	0	0	
0	[SLAMPOS]	0	-78.580	357.300	0	321.940	0	0	
0	[SLAMPOS]	0	-78.640	357.400	0	321.950	0	0	
0	[SLAMPOS]	0	-78.800	357.640	0	321.960	0	0	
0	[SLAMPOS]	0	-78.950	357.830	0	321.960	0	0	
0	[SLAMPOS]	0	-78.990	357.910	0	321.970	0	0	
0	[SLAMPOS]	0	-79.230	358.210	0	321.960	0	0	
0	[SLAMPOS]	0	-79.410	358.450	0	321.980	0	0	
0	[SLAMPOS]	0	-79.480	358.550	0	321.970	0	0	
0	[SLAMPOS]	0	-79.610	358.730	0	321.960	0	0	
0	[SLAMPOS]	0	-79.780	358.950	0	321.920	0	0	
0	[SLAMPOS]	0	-79.900	359.110	0	321.890	0	0	
0	[SLAMPOS]	0	-80.160	359.450	0	321.810	0	0	
0	[SLAMPOS]	0	-80.250	359.590	0	321.790	0	0	
0	[SLAMPOS]	0	-80.400	359.790	0	321.740	0	0	
0	[SLAMPOS]	0	-80.580	360.030	0	321.680	0	0	
0	[SLAMPOS]	0	-80.650	360.120	0	321.670	0	0	
0	[SLAMPOS]	0	-80.740	360.250	0	321.630	0	0	
0	[SLAMPOS]	0	-80.980	360.570	0	321.570	0	0	
0	[SLAMPOS]	0	-81.070	360.680	0	321.540	0	0	
0	[SLAMPOS]	0	-81.250	360.920	0	321.480	0	0	
0	[SLAMPOS]	0	-81.380	361.100	0	321.440	0	0	
0	[SLAMPOS]	0	-81.440	361.180	0	321.420	0	0	
0	[SLAMPOS]	0	-81.620	361.400	0	321.390	0	0	
0	[SLAMPOS]	0	-81.750	361.560	0	321.380	0	0	
0	[SLAMPOS]	0	-81.780	361.600	0	321.380	0	0	
0	[SLAMPOS]	0	-82.000	361.870	0	321.390	0	0	
0	[SLAMPOS]	0	-82.050	361.930	0	321.390	0	0	
0	[SLAMPOS]	0	-82.210	362.130	0	321.430	0	0	
0	[SLAMPOS]	0	-82.370	362.340	0	321.470	0	0	
0	[SLAMPOS]	0	-82.410	362.400	0	321.480	0	0	
0	[SLAMPOS]	0	-82.570	362.610	0	321.490	0	0	
0	[SLAMPOS]	0	-82.740	362.830	0	321.530	0	0	
0	[SLAMPOS]	0	-82.790	362.890	0	321.540	0	0	
0	[SLAMPOS]	0	-82.930	363.100	0	321.570	0	0	
0	[SLAMPOS]	0	-82.980	363.150	0	321.590	0	0	
0	[SLAMPOS]	0	-83.130	363.370	0	321.640	0	0	
0	[SLAMPOS]	0	-83.270	363.550	0	321.700	0	0	
0	[SLAMPOS]	0	-83.440	363.770	0	321.750	0	0	
0	[SLAMPOS]	0	-83.580	363.950	0	321.800	0	0	
0	[SLAMPOS]	0	-83.740	364.160	0	321.860	0	0	
0	[SLAMPOS]	0	-83.780	364.220	0	321.890	0	0	
0	[SLAMPOS]	0	-83.940	364.430	0	321.970	0	0	
0	[SLAMPOS]	0	-84.100	364.650	0	322.060	0	0	
0	[SLAMPOS]	0	-84.140	364.710	0	322.090	0	0	
0	[SLAMPOS]	0	-84.290	364.910	0	322.160	0	0	
0	[SLAMPOS]	0	-84.340	364.970	0	322.200	0	0	
0	[SLAMPOS]	0	-84.510	365.200	0	322.320	0	0	
0	[SLAMPOS]	0	-84.650	365.390	0	322.420	0	0	
0	[SLAMPOS]	0	-84.730	365.480	0	322.460	0	0	
0	[SLAMPOS]	0	-84.960	365.790	0	322.650	0	0	
0	[SLAMPOS]	0	-85.010	365.870	0	322.710	0	0	
0	[SLAMPOS]	0	-85.150	366.060	0	322.850	0	0	
0	[SLAMPOS]	0	-85.320	366.300	0	323.000	0	0	
0	[SLAMPOS]	0	-85.350	366.350	0	323.050	0	0	
0	[SLAMPOS]	0	-85.500	366.570	0	323.180	0	0	
0	[SLAMPOS]	0	-85.670	366.800	0	323.380	0	0	
0	[SLAMPOS]	0	-85.700	366.850	0	323.440	0	0	
0	[SLAMPOS]	0	-85.860	367.070	0	323.670	0	0	
0	[SLAMPOS]	0	-85.980	367.260	0	323.900	0	0	
0	[SLAMPOS]	0	-86.040	367.340	0	324.000	0	0	
0	[SLAMPOS]	0	-86.270	367.670	0	324.450	0	0	
0	[SLAMPOS]	0	-86.320	367.760	0	324.570	0	0	
0	[SLAMPOS]	0	-86.460	367.950	0	324.930	0	0	
0	[SLAMPOS]	0	-86.590	368.180	0	325.350	0	0	
0	[SLAMPOS]	0	-86.660	368.290	0	325.560	0	0	
0	[SLAMPOS]	0	-86.800	368.490	0	325.990	0	0	
0	[SLAMPOS]	0	-86.930	368.730	0	326.470	0	0	
0	[SLAMPOS]	0	-86.970	368.790	0	326.640	0	0	
0	[SLAMPOS]	0	-87.110	369.030	0	327.160	0	0	
0	[SLAMPOS]	0	-87.150	369.090	0	327.340	0	0	
0	[SLAMPOS]	0	-87.290	369.340	0	327.910	0	0	
0	[SLAMPOS]	0	-87.420	369.540	0	328.480	0	0	
0	[SLAMPOS]	0	-87.470	369.640	0	328.690	0	0	
0	[SLAMPOS]	0	-87.670	370.000	0	329.690	0	0	
0	[SLAMPOS]	0	-87.720	370.110	0	329.970	0	0	
0	[SLAMPOS]	0	-87.770	370.210	0	330.240	0	0	
0	[SLAMPOS]	0	-87.950	370.580	0	331.390	0	0	
0	[SLAMPOS]	0	-87.990	370.680	0	331.680	0	0	
0	[SLAMPOS]	0	-88.100	370.900	0	332.430	0	0	
0	[SLAMPOS]	0	-88.220	371.160	0	333.280	0	0	
0	[SLAMPOS]	0	-88.250	371.220	0	333.500	0	0	
0	[SLAMPOS]	0	-88.350	371.470	0	334.340	0	0	
0	[SLAMPOS]	0	-88.460	371.760	0	335.430	0	0	
0	[SLAMPOS]	0	-88.490	371.810	0	335.630	0	0	
0	[SLAMPOS]	0	-88.620	372.200	0	337.050	0	0	
0	[SLAMPOS]	0	-88.650	372.300	0	337.370	0	0	
0	[SLAMPOS]	0	-88.740	372.530	0	338.260	0	0	
0	[SLAMPOS]	0	-88.820	372.810	0	339.240	0	0	
0	[SLAMPOS]	0	-88.840	372.900	0	339.530	0	0	
0	[SLAMPOS]	0	-88.920	373.150	0	340.410	0	0	
0	[SLAMPOS]	0	-89.000	373.430	0	341.390	0	0	
0	[SLAMPOS]	0	-89.020	373.500	0	341.670	0	0	
0	[SLAMPOS]	0	-89.090	373.790	0	342.680	0	0	
0	[SLAMPOS]	0	-89.110	373.860	0	342.940	0	0	
0	[SLAMPOS]	0	-89.180	374.130	0	343.900	0	0	
0	[SLAMPOS]	0	-89.240	374.380	0	344.800	0	0	
0	[SLAMPOS]	0	-89.280	374.670	0	345.780	0	0	
0	[SLAMPOS]	0	-89.330	374.920	0	346.670	0	0	
0	[SLAMPOS]	0	-89.380	375.210	0	347.690	0	0	
0	[SLAMPOS]	0	-89.400	375.330	0	348.110	0	0	
0	[SLAMPOS]	0	-89.440	375.600	0	349.050	0	0	
0	[SLAMPOS]	0	-89.470	375.880	0	350.030	0	0	
0	[SLAMPOS]	0	-89.480	375.950	0	350.340	0	0	
0	[SLAMPOS]	0	-89.510	376.240	0	351.370	0	0	
0	[SLAMPOS]	0	-89.520	376.350	0	351.810	0	0	
0	[SLAMPOS]	0	-89.530	376.640	0	352.900	0	0	
0	[SLAMPOS]	0	-89.540	376.940	0	354.020	0	0	
0	[SLAMPOS]	0	-89.550	377.030	0	354.370	0	0	
0	[SLAMPOS]	0	-89.550	377.320	0	355.480	0	0	
0	[SLAMPOS]	0	-89.560	377.580	0	356.520	0	0	
0	[SLAMPOS]	0	-89.550	377.730	0	357.080	0	0	
0	[SLAMPOS]	0	-89.550	378.120	0	358.550	0	0	
0	[SLAMPOS]	0	-89.530	378.420	0	359.690	0	0	
0	[SLAMPOS]	0	-89.530	378.500	0	0.010	0	0	
0	[SLAMPOS]	0	-89.510	378.800	0	1.160	0	0	
0	[SLAMPOS]	0	-89.480	379.080	0	2.250	0	0	
0	[SLAMPOS]	0	-89.460	379.260	0	2.930	0	0	
0	[SLAMPOS]	0	-89.410	379.610	0	4.280	0	0	
0	[SLAMPOS]	0	-89.340	379.930	0	5.540	0	0	
0	[SLAMPOS]	0	-89.270	380.300	0	7.080	0	0	
0	[SLAMPOS]	0	-89.240	380.440	0	7.570	0	0	
0	[SLAMPOS]	0	-89.180	380.730	0	8.760	0	0	
0	[SLAMPOS]	0	-89.100	381.010	0	9.810	0	0	
0	[SLAMPOS]	0	-89.100	381.050	0	9.980	0	0	
0	[SLAMPOS]	0	-89.040	381.290	0	10.960	0	0	
0	[SLAMPOS]	0	-89.000	381.400	0	11.370	0	0	
0	[SLAMPOS]	0	-88.910	381.720	0	12.650	0	0	
0	[SLAMPOS]	0	-88.800	382.100	0	14.300	0	0	
0	[SLAMPOS]	0	-88.720	382.330	0	15.310	0	0	
0	[SLAMPOS]	0	-88.680	382.450	0	15.810	0	0	
0	[SLAMPOS]	0	-88.520	382.910	0	17.940	0	0	
0	[SLAMPOS]	0	-88.480	383.010	0	18.390	0	0	
0	[SLAMPOS]	0	-88.420	383.140	0	19.020	0	0	
0	[SLAMPOS]	0	-88.250	383.540	0	20.900	0	0	
0	[SLAMPOS]	0	-88.090	383.850	0	22.380	0	0	
0	[SLAMPOS]	0	-88.060	383.930	0	22.780	0	0	
0	[SLAMPOS]	0	-87.870	384.300	0	24.570	0	0	
0	[SLAMPOS]	0	-87.710	384.550	0	25.830	0	0	
0	[SLAMPOS]	0	-87.630	384.670	0	26.420	0	0	
0	[SLAMPOS]	0	-87.500	384.910	0	27.640	0	0	
0	[SLAMPOS]	0	-87.320	385.170	0	29.020	0	0	
0	[SLAMPOS]	0	-87.280	385.250	0	29.410	0	0	
0	[SLAMPOS]	0	-87.090	385.510	0	30.770	0	0	
0	[SLAMPOS]	0	-86.860	385.820	0	32.350	0	0	
0	[SLAMPOS]	0	-86.620	386.140	0	33.970	0	0	
0	[SLAMPOS]	0	-86.570	386.210	0	34.320	0	0	
0	[SLAMPOS]	0	-86.330	386.530	0	35.800	0	0	
0	[SLAMPOS]	0	-86.110	386.770	0	37.010	0	0	
0	[SLAMPOS]	0	-85.990	386.900	0	37.630	0	0	
0	[SLAMPOS]	0	-85.870	387.050	0	38.340	0	0	
0	[SLAMPOS]	0	-85.590	387.350	0	39.790	0	0	
0	[SLAMPOS]	0	-85.270	387.680	0	41.440	0	0	
0	[SLAMPOS]	0	-85.160	387.770	0	41.920	0	0	
0	[SLAMPOS]	0	-84.940	388.000	0	43.080	0	0	
0	[SLAMPOS]	0	-84.680	388.230	0	44.310	0	0	
0	[SLAMPOS]	0	-84.580	388.310	0	44.690	0	0	
0	[SLAMPOS]	0	-84.360	388.510	0	45.700	0	0	
0	[SLAMPOS]	0	-84.120	388.710	0	46.710	0	0	
0	[SLAMPOS]	0	-84.040	388.780	0	47.060	0	0	
0	[SLAMPOS]	0	-83.760	388.990	0	48.140	0	0	
0	[SLAMPOS]	0	-83.670	389.080	0	48.570	0	0	
0	[SLAMPOS]	0	-83.390	389.280	0	49.610	0	0	
0	[SLAMPOS]	0	-83.100	389.470	0	50.650	0	0	
0	[SLAMPOS]	0	-82.760	389.730	0	51.860	0	0	
0	[SLAMPOS]	0	-82.590	389.840	0	52.470	0	0	
0	[SLAMPOS]	0	-82.360	389.990	0	53.210	0	0	
0	[SLAMPOS]	0	-81.940	390.270	0	54.520	0	0	
0	[SLAMPOS]	0	-81.840	390.330	0	54.800	0	0	
0	[SLAMPOS]	0	-81.580	390.490	0	55.500	0	0	
0	[SLAMPOS]	0	-81.220	390.700	0	56.430	0	0	
0	[SLAMPOS]	0	-80.900	390.890	0	57.170	0	0	
0	[SLAMPOS]	0	-80.670	391.020	0	57.650	0	0	
0	[SLAMPOS]	0	-80.470	391.130	0	58.040	0	0	
0	[SLAMPOS]	0	-80.460	391.060	0	59.130	0	0	
0	[SLAMPOS]	0	-79.690	391.560	0	59.290	0	0	
0	[SLAMPOS]	0	-79.390	391.700	0	59.640	0	0	
0	[SLAMPOS]	0	-79.320	391.740	0	59.690	0	0	
0	[SLAMPOS]	0	-79.020	391.880	0	59.980	0	0	
0	[SLAMPOS]	0	-78.900	391.940	0	60.060	0	0	
0	[SLAMPOS]	0	-78.500	392.160	0	60.340	0	0	
0	[SLAMPOS]	0	-78.390	392.210	0	60.400	0	0	
0	[SLAMPOS]	0	-78.120	392.360	0	60.540	0	0	
0	[SLAMPOS]	0	-77.740	392.550	0	60.710	0	0	
0	[SLAMPOS]	0	-77.640	392.590	0	60.750	0	0	
0	[SLAMPOS]	0	-77.370	392.740	0	60.810	0	0	
0	[SLAMPOS]	0	-77.040	392.900	0	60.880	0	0	
0	[SLAMPOS]	0	-76.850	393.000	0	60.880	0	0	
0	[SLAMPOS]	0	-76.620	393.130	0	60.880	0	0	
0	[SLAMPOS]	0	-76.540	393.170	0	60.870	0	0	
0	[SLAMPOS]	0	-76.190	393.370	0	60.820	0	0	
0	[SLAMPOS]	0	-75.860	393.550	0	60.790	0	0	
0	[SLAMPOS]	0	-75.580	393.710	0	60.750	0	0	
0	[SLAMPOS]	0	-75.460	393.790	0	60.720	0	0	
0	[SLAMPOS]	0	-74.970	394.050	0	60.760	0	0	
0	[SLAMPOS]	0	-74.840	394.120	0	60.770	0	0	
0	[SLAMPOS]	0	-74.520	394.290	0	60.750	0	0	
0	[SLAMPOS]	0	-74.180	394.460	0	60.750	0	0	
0	[SLAMPOS]	0	-74.090	394.510	0	60.740	0	0	
0	[SLAMPOS]	0	-73.700	394.720	0	60.710	0	0	
