0	[SLAMPOS]	0	-36.930	420.830	0	243.170	0	0	
0	[SLAMPOS]	0	-36.940	420.820	0	243.170	0	0	
0	[SLAMPOS]	0	-36.940	420.820	0	243.170	0	0	
0	[SLAMPOS]	0	-36.940	420.820	0	243.170	0	0	
0	[SLAMPOS]	0	-37.430	420.510	0	242.320	0	0	
0	[SLAMPOS]	0	-36.970	420.810	0	243.170	0	0	
0	[SLAMPOS]	0	-36.990	420.800	0	243.180	0	0	
0	[SLAMPOS]	0	-37.350	420.480	0	242.550	0	0	
0	[SLAMPOS]	0	-37.000	420.790	0	243.180	0	0	
0	[SLAMPOS]	0	-37.020	420.780	0	243.180	0	0	
0	[SLAMPOS]	0	-37.050	420.760	0	243.180	0	0	
0	[SLAMPOS]	0	-37.070	420.750	0	243.170	0	0	
0	[SLAMPOS]	0	-37.100	420.740	0	243.160	0	0	
0	[SLAMPOS]	0	-37.140	420.710	0	243.150	0	0	
0	[SLAMPOS]	0	-37.150	420.710	0	243.140	0	0	
0	[SLAMPOS]	0	-37.190	420.700	0	243.120	0	0	
0	[SLAMPOS]	0	-37.230	420.670	0	243.090	0	0	
0	[SLAMPOS]	0	-37.240	420.670	0	243.080	0	0	
0	[SLAMPOS]	0	-37.300	420.640	0	243.020	0	0	
0	[SLAMPOS]	0	-37.330	420.620	0	242.990	0	0	
0	[SLAMPOS]	0	-37.370	420.600	0	242.940	0	0	
0	[SLAMPOS]	0	-37.420	420.570	0	242.870	0	0	
0	[SLAMPOS]	0	-37.460	420.560	0	242.820	0	0	
0	[SLAMPOS]	0	-37.510	420.530	0	242.730	0	0	
0	[SLAMPOS]	0	-37.570	420.490	0	242.640	0	0	
0	[SLAMPOS]	0	-37.590	420.480	0	242.610	0	0	
0	[SLAMPOS]	0	-37.660	420.450	0	242.490	0	0	
0	[SLAMPOS]	0	-37.680	420.440	0	242.440	0	0	
0	[SLAMPOS]	0	-37.760	420.390	0	242.290	0	0	
0	[SLAMPOS]	0	-37.830	420.350	0	242.140	0	0	
0	[SLAMPOS]	0	-37.870	420.330	0	242.080	0	0	
0	[SLAMPOS]	0	-38.020	420.260	0	241.820	0	0	
0	[SLAMPOS]	0	-38.060	420.230	0	241.730	0	0	
0	[SLAMPOS]	0	-38.170	420.150	0	241.530	0	0	
0	[SLAMPOS]	0	-38.250	420.100	0	241.350	0	0	
0	[SLAMPOS]	0	-38.380	420.030	0	241.140	0	0	
0	[SLAMPOS]	0	-38.410	420.010	0	241.060	0	0	
0	[SLAMPOS]	0	-38.560	419.950	0	240.820	0	0	
0	[SLAMPOS]	0	-38.590	419.940	0	240.750	0	0	
0	[SLAMPOS]	0	-38.740	419.880	0	240.500	0	0	
0	[SLAMPOS]	0	-38.870	419.810	0	240.250	0	0	
0	[SLAMPOS]	0	-38.960	419.780	0	240.100	0	0	
0	[SLAMPOS]	0	-39.130	419.710	0	239.830	0	0	
0	[SLAMPOS]	0	-39.250	419.650	0	239.600	0	0	
0	[SLAMPOS]	0	-39.370	419.580	0	239.340	0	0	
0	[SLAMPOS]	0	-39.560	419.460	0	238.970	0	0	
0	[SLAMPOS]	0	-39.610	419.430	0	238.900	0	0	
0	[SLAMPOS]	0	-39.770	419.350	0	238.610	0	0	
0	[SLAMPOS]	0	-39.960	419.230	0	238.270	0	0	
0	[SLAMPOS]	0	-40.000	419.200	0	238.180	0	0	
0	[SLAMPOS]	0	-40.190	419.080	0	237.830	0	0	
0	[SLAMPOS]	0	-40.420	418.930	0	237.390	0	0	
0	[SLAMPOS]	0	-40.440	418.920	0	237.350	0	0	
0	[SLAMPOS]	0	-40.590	418.820	0	237.070	0	0	
0	[SLAMPOS]	0	-40.780	418.680	0	236.720	0	0	
0	[SLAMPOS]	0	-40.840	418.640	0	236.590	0	0	
0	[SLAMPOS]	0	-41.010	418.520	0	236.300	0	0	
0	[SLAMPOS]	0	-41.230	418.370	0	235.950	0	0	
0	[SLAMPOS]	0	-41.370	418.250	0	235.710	0	0	
0	[SLAMPOS]	0	-41.580	418.110	0	235.420	0	0	
0	[SLAMPOS]	0	-41.630	418.070	0	235.330	0	0	
0	[SLAMPOS]	0	-41.870	417.900	0	234.990	0	0	
0	[SLAMPOS]	0	-41.900	417.870	0	234.940	0	0	
0	[SLAMPOS]	0	-42.150	417.700	0	234.590	0	0	
0	[SLAMPOS]	0	-42.360	417.550	0	234.280	0	0	
0	[SLAMPOS]	0	-42.420	417.500	0	234.220	0	0	
0	[SLAMPOS]	0	-42.660	417.320	0	233.940	0	0	
0	[SLAMPOS]	0	-42.860	417.170	0	233.780	0	0	
0	[SLAMPOS]	0	-42.970	417.090	0	233.690	0	0	
0	[SLAMPOS]	0	-43.320	416.830	0	233.530	0	0	
0	[SLAMPOS]	0	-43.420	416.760	0	233.500	0	0	
0	[SLAMPOS]	0	-43.640	416.590	0	233.420	0	0	
0	[SLAMPOS]	0	-43.900	416.400	0	233.320	0	0	
0	[SLAMPOS]	0	-44.010	416.320	0	233.310	0	0	
0	[SLAMPOS]	0	-44.240	416.170	0	233.360	0	0	
0	[SLAMPOS]	0	-44.490	415.970	0	233.280	0	0	
0	[SLAMPOS]	0	-44.550	415.920	0	233.290	0	0	
0	[SLAMPOS]	0	-44.830	415.730	0	233.280	0	0	
0	[SLAMPOS]	0	-44.920	415.660	0	233.300	0	0	
0	[SLAMPOS]	0	-45.190	415.460	0	233.300	0	0	
0	[SLAMPOS]	0	-45.430	415.290	0	233.370	0	0	
0	[SLAMPOS]	0	-45.530	415.210	0	233.320	0	0	
0	[SLAMPOS]	0	-45.820	415.000	0	233.200	0	0	
0	[SLAMPOS]	0	-46.070	414.820	0	233.300	0	0	
0	[SLAMPOS]	0	-46.180	414.750	0	233.330	0	0	
0	[SLAMPOS]	0	-46.600	414.440	0	233.530	0	0	
0	[SLAMPOS]	0	-46.720	414.360	0	233.580	0	0	
0	[SLAMPOS]	0	-46.960	414.180	0	233.680	0	0	
0	[SLAMPOS]	0	-47.270	413.950	0	233.790	0	0	
0	[SLAMPOS]	0	-47.330	413.910	0	233.830	0	0	
0	[SLAMPOS]	0	-47.620	413.700	0	233.950	0	0	
0	[SLAMPOS]	0	-47.900	413.490	0	234.060	0	0	
0	[SLAMPOS]	0	-47.990	413.430	0	234.110	0	0	
0	[SLAMPOS]	0	-48.290	413.230	0	234.230	0	0	
0	[SLAMPOS]	0	-48.540	413.060	0	234.350	0	0	
0	[SLAMPOS]	0	-48.650	412.970	0	234.400	0	0	
0	[SLAMPOS]	0	-49.100	412.660	0	234.590	0	0	
0	[SLAMPOS]	0	-49.240	412.580	0	234.640	0	0	
0	[SLAMPOS]	0	-49.490	412.410	0	234.750	0	0	
0	[SLAMPOS]	0	-49.810	412.200	0	234.880	0	0	
0	[SLAMPOS]	0	-49.930	412.120	0	234.930	0	0	
0	[SLAMPOS]	0	-50.210	411.930	0	235.050	0	0	
0	[SLAMPOS]	0	-50.530	411.720	0	235.180	0	0	
0	[SLAMPOS]	0	-50.630	411.650	0	235.240	0	0	
0	[SLAMPOS]	0	-50.950	411.440	0	235.400	0	0	
0	[SLAMPOS]	0	-51.030	411.380	0	235.450	0	0	
0	[SLAMPOS]	0	-51.350	411.170	0	235.600	0	0	
0	[SLAMPOS]	0	-51.750	410.910	0	235.770	0	0	
0	[SLAMPOS]	0	-51.800	410.870	0	235.800	0	0	
0	[SLAMPOS]	0	-52.150	410.640	0	235.950	0	0	
0	[SLAMPOS]	0	-52.480	410.420	0	236.110	0	0	
0	[SLAMPOS]	0	-52.590	410.360	0	236.130	0	0	
0	[SLAMPOS]	0	-53.120	410.010	0	236.390	0	0	
0	[SLAMPOS]	0	-53.260	409.910	0	236.440	0	0	
0	[SLAMPOS]	0	-53.560	409.720	0	236.610	0	0	
0	[SLAMPOS]	0	-53.940	409.490	0	236.820	0	0	
0	[SLAMPOS]	0	-54.030	409.430	0	236.880	0	0	
0	[SLAMPOS]	0	-54.400	409.210	0	237.080	0	0	
0	[SLAMPOS]	0	-54.810	408.960	0	237.270	0	0	
0	[SLAMPOS]	0	-54.870	408.920	0	237.310	0	0	
0	[SLAMPOS]	0	-55.260	408.690	0	237.510	0	0	
0	[SLAMPOS]	0	-55.580	408.490	0	237.690	0	0	
0	[SLAMPOS]	0	-55.720	408.410	0	237.760	0	0	
0	[SLAMPOS]	0	-56.310	408.050	0	238.100	0	0	
0	[SLAMPOS]	0	-56.430	407.980	0	238.160	0	0	
0	[SLAMPOS]	0	-56.750	407.790	0	238.350	0	0	
0	[SLAMPOS]	0	-57.170	407.530	0	238.590	0	0	
0	[SLAMPOS]	0	-57.230	407.490	0	238.610	0	0	
0	[SLAMPOS]	0	-57.610	407.270	0	238.800	0	0	
0	[SLAMPOS]	0	-58.000	407.050	0	238.950	0	0	
0	[SLAMPOS]	0	-58.090	407.000	0	238.980	0	0	
0	[SLAMPOS]	0	-58.410	406.800	0	239.100	0	0	
0	[SLAMPOS]	0	-58.960	406.510	0	239.250	0	0	
0	[SLAMPOS]	0	-58.990	406.480	0	239.260	0	0	
0	[SLAMPOS]	0	-59.310	406.300	0	239.360	0	0	
0	[SLAMPOS]	0	-59.460	406.210	0	239.400	0	0	
0	[SLAMPOS]	0	-60.020	405.890	0	239.550	0	0	
0	[SLAMPOS]	0	-60.170	405.810	0	239.590	0	0	
0	[SLAMPOS]	0	-60.330	405.720	0	239.620	0	0	
0	[SLAMPOS]	0	-60.880	405.400	0	239.810	0	0	
0	[SLAMPOS]	0	-61.030	405.320	0	239.830	0	0	
0	[SLAMPOS]	0	-61.380	405.120	0	239.850	0	0	
0	[SLAMPOS]	0	-61.760	404.900	0	239.930	0	0	
0	[SLAMPOS]	0	-61.860	404.840	0	239.950	0	0	
0	[SLAMPOS]	0	-62.240	404.630	0	239.990	0	0	
0	[SLAMPOS]	0	-62.340	404.570	0	240.010	0	0	
0	[SLAMPOS]	0	-62.730	404.360	0	240.020	0	0	
0	[SLAMPOS]	0	-63.050	404.170	0	240.080	0	0	
0	[SLAMPOS]	0	-63.430	403.950	0	240.040	0	0	
0	[SLAMPOS]	0	-63.770	403.770	0	240.130	0	0	
0	[SLAMPOS]	0	-64.150	403.560	0	240.180	0	0	
0	[SLAMPOS]	0	-64.300	403.490	0	240.210	0	0	
0	[SLAMPOS]	0	-64.650	403.300	0	240.280	0	0	
0	[SLAMPOS]	0	-65.020	403.090	0	240.300	0	0	
0	[SLAMPOS]	0	-65.120	403.030	0	240.320	0	0	
0	[SLAMPOS]	0	-65.500	402.830	0	240.350	0	0	
0	[SLAMPOS]	0	-65.600	402.770	0	240.360	0	0	
0	[SLAMPOS]	0	-65.980	402.570	0	240.380	0	0	
0	[SLAMPOS]	0	-66.320	402.390	0	240.430	0	0	
0	[SLAMPOS]	0	-66.460	402.310	0	240.460	0	0	
0	[SLAMPOS]	0	-67.010	402.020	0	240.510	0	0	
0	[SLAMPOS]	0	-67.150	401.940	0	240.450	0	0	
0	[SLAMPOS]	0	-67.540	401.720	0	240.380	0	0	
0	[SLAMPOS]	0	-67.920	401.510	0	240.510	0	0	
0	[SLAMPOS]	0	-68.230	401.300	0	240.520	0	0	
0	[SLAMPOS]	0	-68.350	401.240	0	240.550	0	0	
0	[SLAMPOS]	0	-68.770	400.980	0	240.600	0	0	
0	[SLAMPOS]	0	-68.800	400.970	0	240.610	0	0	
0	[SLAMPOS]	0	-69.180	400.740	0	240.730	0	0	
0	[SLAMPOS]	0	-69.490	400.570	0	240.780	0	0	
0	[SLAMPOS]	0	-69.620	400.500	0	240.770	0	0	
0	[SLAMPOS]	0	-70.160	400.210	0	240.840	0	0	
0	[SLAMPOS]	0	-70.310	400.130	0	240.860	0	0	
0	[SLAMPOS]	0	-70.480	400.060	0	240.880	0	0	
0	[SLAMPOS]	0	-71.000	399.790	0	240.930	0	0	
0	[SLAMPOS]	0	-71.150	399.720	0	240.920	0	0	
0	[SLAMPOS]	0	-71.460	399.550	0	240.920	0	0	
0	[SLAMPOS]	0	-71.830	399.380	0	240.980	0	0	
0	[SLAMPOS]	0	-71.920	399.320	0	240.990	0	0	
0	[SLAMPOS]	0	-72.260	399.170	0	241.050	0	0	
0	[SLAMPOS]	0	-72.590	399.000	0	241.050	0	0	
0	[SLAMPOS]	0	-72.710	398.930	0	241.030	0	0	
0	[SLAMPOS]	0	-73.230	398.660	0	241.040	0	0	
0	[SLAMPOS]	0	-73.360	398.590	0	241.040	0	0	
0	[SLAMPOS]	0	-73.660	398.420	0	241.040	0	0	
0	[SLAMPOS]	0	-74.010	398.240	0	241.070	0	0	
0	[SLAMPOS]	0	-74.120	398.180	0	241.050	0	0	
0	[SLAMPOS]	0	-74.400	398.020	0	241.040	0	0	
0	[SLAMPOS]	0	-74.730	397.850	0	241.020	0	0	
0	[SLAMPOS]	0	-74.810	397.800	0	241.020	0	0	
0	[SLAMPOS]	0	-75.130	397.640	0	241.010	0	0	
0	[SLAMPOS]	0	-75.480	397.450	0	240.990	0	0	
0	[SLAMPOS]	0	-75.540	397.420	0	240.990	0	0	
0	[SLAMPOS]	0	-75.790	397.280	0	240.960	0	0	
0	[SLAMPOS]	0	-75.900	397.230	0	240.950	0	0	
0	[SLAMPOS]	0	-76.350	396.990	0	240.930	0	0	
0	[SLAMPOS]	0	-76.470	396.930	0	240.940	0	0	
0	[SLAMPOS]	0	-76.730	396.790	0	240.950	0	0	
0	[SLAMPOS]	0	-77.040	396.630	0	240.920	0	0	
0	[SLAMPOS]	0	-77.150	396.570	0	240.910	0	0	
0	[SLAMPOS]	0	-77.410	396.430	0	240.930	0	0	
0	[SLAMPOS]	0	-77.700	396.280	0	240.990	0	0	
0	[SLAMPOS]	0	-77.770	396.240	0	241.000	0	0	
0	[SLAMPOS]	0	-78.050	396.080	0	241.030	0	0	
0	[SLAMPOS]	0	-78.290	395.950	0	241.060	0	0	
0	[SLAMPOS]	0	-78.400	395.900	0	241.060	0	0	
0	[SLAMPOS]	0	-78.800	395.700	0	241.100	0	0	
0	[SLAMPOS]	0	-78.900	395.650	0	241.090	0	0	
0	[SLAMPOS]	0	-79.000	395.590	0	241.090	0	0	
0	[SLAMPOS]	0	-79.360	395.420	0	241.160	0	0	
0	[SLAMPOS]	0	-79.450	395.380	0	241.150	0	0	
0	[SLAMPOS]	0	-79.660	395.260	0	241.150	0	0	
0	[SLAMPOS]	0	-79.870	395.150	0	241.140	0	0	
0	[SLAMPOS]	0	-79.940	395.120	0	241.150	0	0	
0	[SLAMPOS]	0	-80.210	394.970	0	241.180	0	0	
0	[SLAMPOS]	0	-80.410	394.860	0	241.180	0	0	
0	[SLAMPOS]	0	-80.430	394.850	0	241.190	0	0	
0	[SLAMPOS]	0	-80.610	394.750	0	241.190	0	0	
0	[SLAMPOS]	0	-80.690	394.710	0	241.190	0	0	
0	[SLAMPOS]	0	-80.870	394.610	0	241.190	0	0	
0	[SLAMPOS]	0	-81.140	394.470	0	241.230	0	0	
0	[SLAMPOS]	0	-81.200	394.440	0	241.230	0	0	
0	[SLAMPOS]	0	-81.360	394.370	0	241.240	0	0	
0	[SLAMPOS]	0	-81.510	394.280	0	241.240	0	0	
0	[SLAMPOS]	0	-81.550	394.260	0	241.240	0	0	
0	[SLAMPOS]	0	-81.710	394.170	0	241.250	0	0	
0	[SLAMPOS]	0	-81.750	394.150	0	241.260	0	0	
0	[SLAMPOS]	0	-81.880	394.090	0	241.270	0	0	
0	[SLAMPOS]	0	-82.000	394.020	0	241.260	0	0	
0	[SLAMPOS]	0	-82.040	394.000	0	241.260	0	0	
0	[SLAMPOS]	0	-82.150	393.950	0	241.270	0	0	
0	[SLAMPOS]	0	-82.250	393.890	0	241.280	0	0	
0	[SLAMPOS]	0	-82.270	393.870	0	241.270	0	0	
0	[SLAMPOS]	0	-82.420	393.790	0	241.280	0	0	
0	[SLAMPOS]	0	-82.450	393.790	0	241.290	0	0	
0	[SLAMPOS]	0	-82.520	393.750	0	241.300	0	0	
0	[SLAMPOS]	0	-82.580	393.710	0	241.300	0	0	
0	[SLAMPOS]	0	-82.610	393.700	0	241.300	0	0	
0	[SLAMPOS]	0	-82.660	393.680	0	241.300	0	0	
0	[SLAMPOS]	0	-82.690	393.660	0	241.310	0	0	
0	[SLAMPOS]	0	-82.710	393.650	0	241.310	0	0	
0	[SLAMPOS]	0	-82.750	393.640	0	241.320	0	0	
0	[SLAMPOS]	0	-82.770	393.640	0	241.320	0	0	
0	[SLAMPOS]	0	-82.780	393.630	0	241.320	0	0	
0	[SLAMPOS]	0	-82.810	393.610	0	241.320	0	0	
0	[SLAMPOS]	0	-82.810	393.610	0	241.320	0	0	
0	[SLAMPOS]	0	-82.830	393.590	0	241.330	0	0	
0	[SLAMPOS]	0	-82.830	393.590	0	241.320	0	0	
0	[SLAMPOS]	0	-82.830	393.590	0	241.320	0	0	
0	[SLAMPOS]	0	-82.830	393.590	0	241.330	0	0	
0	[SLAMPOS]	0	-82.820	393.600	0	241.320	0	0	
0	[SLAMPOS]	0	-82.820	393.600	0	241.330	0	0	
0	[SLAMPOS]	0	-82.800	393.600	0	241.320	0	0	
0	[SLAMPOS]	0	-82.810	393.600	0	241.320	0	0	
0	[SLAMPOS]	0	-82.790	393.610	0	241.320	0	0	
0	[SLAMPOS]	0	-82.790	393.610	0	241.320	0	0	
0	[SLAMPOS]	0	-82.790	393.610	0	241.320	0	0	
0	[SLAMPOS]	0	-82.800	393.610	0	241.320	0	0	
0	[SLAMPOS]	0	-82.800	393.620	0	241.320	0	0	
0	[SLAMPOS]	0	-82.810	393.620	0	241.320	0	0	
0	[SLAMPOS]	0	-82.810	393.610	0	241.320	0	0	
0	[SLAMPOS]	0	-82.810	393.620	0	241.320	0	0	
0	[SLAMPOS]	0	-82.820	393.610	0	241.320	0	0	
0	[SLAMPOS]	0	-82.820	393.610	0	241.320	0	0	
0	[SLAMPOS]	0	-82.820	393.610	0	241.320	0	0	
0	[SLAMPOS]	0	-82.820	393.610	0	241.320	0	0	
0	[SLAMPOS]	0	-82.820	393.610	0	241.310	0	0	
0	[SLAMPOS]	0	-82.820	393.610	0	241.310	0	0	
0	[SLAMPOS]	0	-82.810	393.600	0	241.320	0	0	
0	[SLAMPOS]	0	-82.810	393.610	0	241.310	0	0	
0	[SLAMPOS]	0	-82.810	393.610	0	241.310	0	0	
0	[SLAMPOS]	0	-82.810	393.610	0	241.300	0	0	
0	[SLAMPOS]	0	-82.810	393.610	0	241.300	0	0	
0	[SLAMPOS]	0	-82.800	393.610	0	241.310	0	0	
0	[SLAMPOS]	0	-82.800	393.610	0	241.310	0	0	
0	[SLAMPOS]	0	-82.800	393.610	0	241.310	0	0	
0	[SLAMPOS]	0	-82.800	393.610	0	241.310	0	0	
0	[SLAMPOS]	0	-82.800	393.610	0	241.310	0	0	
0	[SLAMPOS]	0	-82.800	393.610	0	241.310	0	0	
0	[SLAMPOS]	0	-82.800	393.610	0	241.310	0	0	
0	[SLAMPOS]	0	-82.800	393.610	0	241.310	0	0	
0	[SLAMPOS]	0	-82.800	393.610	0	241.300	0	0	
0	[SLAMPOS]	0	-82.800	393.610	0	241.300	0	0	
0	[SLAMPOS]	0	-82.800	393.610	0	241.300	0	0	
0	[SLAMPOS]	0	-82.800	393.610	0	241.300	0	0	
0	[SLAMPOS]	0	-82.800	393.610	0	241.300	0	0	
0	[SLAMPOS]	0	-82.800	393.610	0	241.300	0	0	
0	[SLAMPOS]	0	-82.800	393.610	0	241.300	0	0	
0	[SLAMPOS]	0	-82.800	393.610	0	241.300	0	0	
0	[SLAMPOS]	0	-82.800	393.610	0	241.290	0	0	
0	[SLAMPOS]	0	-82.800	393.610	0	241.290	0	0	
0	[SLAMPOS]	0	-82.800	393.610	0	241.290	0	0	
0	[SLAMPOS]	0	-82.800	393.620	0	241.290	0	0	
0	[SLAMPOS]	0	-82.800	393.620	0	241.290	0	0	
0	[SLAMPOS]	0	-82.800	393.610	0	241.290	0	0	
0	[SLAMPOS]	0	-82.800	393.610	0	241.290	0	0	
0	[SLAMPOS]	0	-82.800	393.610	0	241.290	0	0	
0	[SLAMPOS]	0	-82.800	393.610	0	241.290	0	0	
0	[SLAMPOS]	0	-82.800	393.610	0	241.290	0	0	
0	[SLAMPOS]	0	-82.800	393.610	0	241.290	0	0	
0	[SLAMPOS]	0	-82.800	393.610	0	241.290	0	0	
0	[SLAMPOS]	0	-82.800	393.610	0	241.290	0	0	
0	[SLAMPOS]	0	-82.800	393.610	0	241.280	0	0	
0	[SLAMPOS]	0	-82.800	393.610	0	241.280	0	0	
0	[SLAMPOS]	0	-82.800	393.610	0	241.280	0	0	
0	[SLAMPOS]	0	-82.810	393.610	0	241.280	0	0	
0	[SLAMPOS]	0	-82.830	393.600	0	241.280	0	0	
0	[SLAMPOS]	0	-82.840	393.590	0	241.280	0	0	
0	[SLAMPOS]	0	-82.860	393.590	0	241.280	0	0	
0	[SLAMPOS]	0	-82.890	393.570	0	241.280	0	0	
0	[SLAMPOS]	0	-82.890	393.570	0	241.280	0	0	
0	[SLAMPOS]	0	-82.930	393.550	0	241.280	0	0	
0	[SLAMPOS]	0	-82.940	393.550	0	241.280	0	0	
0	[SLAMPOS]	0	-82.980	393.520	0	241.270	0	0	
0	[SLAMPOS]	0	-83.010	393.500	0	241.270	0	0	
0	[SLAMPOS]	0	-83.030	393.500	0	241.270	0	0	
0	[SLAMPOS]	0	-83.080	393.470	0	241.270	0	0	
0	[SLAMPOS]	0	-83.120	393.450	0	241.260	0	0	
0	[SLAMPOS]	0	-83.140	393.440	0	241.260	0	0	
0	[SLAMPOS]	0	-83.230	393.390	0	241.240	0	0	
0	[SLAMPOS]	0	-83.250	393.370	0	241.240	0	0	
0	[SLAMPOS]	0	-83.310	393.340	0	241.230	0	0	
0	[SLAMPOS]	0	-83.390	393.310	0	241.210	0	0	
0	[SLAMPOS]	0	-83.400	393.300	0	241.200	0	0	
0	[SLAMPOS]	0	-83.500	393.240	0	241.170	0	0	
0	[SLAMPOS]	0	-83.590	393.210	0	241.150	0	0	
0	[SLAMPOS]	0	-83.600	393.200	0	241.140	0	0	
0	[SLAMPOS]	0	-83.700	393.160	0	241.110	0	0	
0	[SLAMPOS]	0	-83.780	393.120	0	241.090	0	0	
0	[SLAMPOS]	0	-83.830	393.100	0	241.090	0	0	
0	[SLAMPOS]	0	-83.960	393.010	0	241.030	0	0	
0	[SLAMPOS]	0	-84.000	393.000	0	241.020	0	0	
0	[SLAMPOS]	0	-84.050	392.970	0	241.000	0	0	
0	[SLAMPOS]	0	-84.100	392.940	0	240.980	0	0	
0	[SLAMPOS]	0	-84.110	392.930	0	240.980	0	0	
0	[SLAMPOS]	0	-84.150	392.900	0	240.960	0	0	
0	[SLAMPOS]	0	-84.160	392.890	0	240.940	0	0	
0	[SLAMPOS]	0	-84.180	392.880	0	240.940	0	0	
0	[SLAMPOS]	0	-84.190	392.880	0	240.920	0	0	
0	[SLAMPOS]	0	-84.200	392.870	0	240.920	0	0	
0	[SLAMPOS]	0	-84.200	392.870	0	240.910	0	0	
0	[SLAMPOS]	0	-84.210	392.860	0	240.900	0	0	
0	[SLAMPOS]	0	-84.200	392.870	0	240.900	0	0	
0	[SLAMPOS]	0	-84.190	392.870	0	240.900	0	0	
0	[SLAMPOS]	0	-84.180	392.880	0	240.890	0	0	
0	[SLAMPOS]	0	-84.160	392.890	0	240.890	0	0	
0	[SLAMPOS]	0	-84.140	392.900	0	240.890	0	0	
0	[SLAMPOS]	0	-84.140	392.910	0	240.890	0	0	
0	[SLAMPOS]	0	-84.140	392.910	0	240.890	0	0	
0	[SLAMPOS]	0	-84.150	392.900	0	240.900	0	0	
0	[SLAMPOS]	0	-84.150	392.900	0	240.900	0	0	
0	[SLAMPOS]	0	-84.170	392.890	0	240.890	0	0	
0	[SLAMPOS]	0	-84.170	392.890	0	240.890	0	0	
0	[SLAMPOS]	0	-84.170	392.890	0	240.890	0	0	
0	[SLAMPOS]	0	-84.170	392.890	0	240.890	0	0	
0	[SLAMPOS]	0	-84.180	392.890	0	240.890	0	0	
0	[SLAMPOS]	0	-84.180	392.880	0	240.890	0	0	
0	[SLAMPOS]	0	-84.190	392.880	0	240.890	0	0	
0	[SLAMPOS]	0	-84.190	392.880	0	240.890	0	0	
0	[SLAMPOS]	0	-84.190	392.880	0	240.890	0	0	
0	[SLAMPOS]	0	-84.190	392.880	0	240.880	0	0	
0	[SLAMPOS]	0	-84.180	392.880	0	240.880	0	0	
0	[SLAMPOS]	0	-84.180	392.890	0	240.880	0	0	
0	[SLAMPOS]	0	-84.180	392.890	0	240.880	0	0	
0	[SLAMPOS]	0	-84.180	392.890	0	240.880	0	0	
0	[SLAMPOS]	0	-84.180	392.890	0	240.880	0	0	
0	[SLAMPOS]	0	-84.180	392.890	0	240.880	0	0	
0	[SLAMPOS]	0	-84.180	392.890	0	240.880	0	0	
0	[SLAMPOS]	0	-84.190	392.890	0	240.880	0	0	
0	[SLAMPOS]	0	-84.190	392.890	0	240.870	0	0	
0	[SLAMPOS]	0	-84.190	392.890	0	240.870	0	0	
0	[SLAMPOS]	0	-84.190	392.890	0	240.870	0	0	
0	[SLAMPOS]	0	-84.190	392.890	0	240.870	0	0	
0	[SLAMPOS]	0	-84.190	392.890	0	240.870	0	0	
0	[SLAMPOS]	0	-84.190	392.890	0	240.870	0	0	
0	[SLAMPOS]	0	-84.190	392.890	0	240.870	0	0	
0	[SLAMPOS]	0	-84.190	392.890	0	240.870	0	0	
0	[SLAMPOS]	0	-84.190	392.890	0	240.870	0	0	
0	[SLAMPOS]	0	-84.190	392.890	0	240.870	0	0	
0	[SLAMPOS]	0	-84.190	392.890	0	240.870	0	0	
0	[SLAMPOS]	0	-84.190	392.890	0	240.860	0	0	
0	[SLAMPOS]	0	-84.200	392.890	0	240.860	0	0	
0	[SLAMPOS]	0	-84.200	392.890	0	240.860	0	0	
0	[SLAMPOS]	0	-84.200	392.890	0	240.860	0	0	
0	[SLAMPOS]	0	-84.200	392.890	0	240.860	0	0	
0	[SLAMPOS]	0	-84.200	392.890	0	240.850	0	0	
0	[SLAMPOS]	0	-84.200	392.890	0	240.850	0	0	
0	[SLAMPOS]	0	-84.200	392.890	0	240.850	0	0	
0	[SLAMPOS]	0	-84.200	392.890	0	240.850	0	0	
0	[SLAMPOS]	0	-84.200	392.890	0	240.850	0	0	
0	[SLAMPOS]	0	-84.200	392.890	0	240.850	0	0	
0	[SLAMPOS]	0	-84.200	392.890	0	240.850	0	0	
0	[SLAMPOS]	0	-84.200	392.890	0	240.850	0	0	
0	[SLAMPOS]	0	-84.200	392.890	0	240.850	0	0	
0	[SLAMPOS]	0	-84.200	392.890	0	240.850	0	0	
0	[SLAMPOS]	0	-84.200	392.890	0	240.850	0	0	
0	[SLAMPOS]	0	-84.200	392.890	0	240.850	0	0	
0	[SLAMPOS]	0	-84.200	392.900	0	240.850	0	0	
0	[SLAMPOS]	0	-84.200	392.900	0	240.840	0	0	
0	[SLAMPOS]	0	-84.200	392.900	0	240.840	0	0	
0	[SLAMPOS]	0	-84.200	392.900	0	240.840	0	0	
0	[SLAMPOS]	0	-84.200	392.900	0	240.840	0	0	
0	[SLAMPOS]	0	-84.210	392.900	0	240.840	0	0	
0	[SLAMPOS]	0	-84.210	392.900	0	240.840	0	0	
0	[SLAMPOS]	0	-84.210	392.900	0	240.840	0	0	
0	[SLAMPOS]	0	-84.210	392.900	0	240.840	0	0	
0	[SLAMPOS]	0	-84.210	392.900	0	240.840	0	0	
0	[SLAMPOS]	0	-84.210	392.910	0	240.840	0	0	
0	[SLAMPOS]	0	-84.210	392.910	0	240.840	0	0	
0	[SLAMPOS]	0	-84.210	392.910	0	240.840	0	0	
0	[SLAMPOS]	0	-84.210	392.910	0	240.830	0	0	
0	[SLAMPOS]	0	-84.210	392.910	0	240.840	0	0	
0	[SLAMPOS]	0	-84.210	392.910	0	240.830	0	0	
0	[SLAMPOS]	0	-84.210	392.910	0	240.840	0	0	
0	[SLAMPOS]	0	-84.210	392.910	0	240.840	0	0	
0	[SLAMPOS]	0	-84.210	392.910	0	240.830	0	0	
0	[SLAMPOS]	0	-84.210	392.910	0	240.830	0	0	
0	[SLAMPOS]	0	-84.210	392.910	0	240.830	0	0	
0	[SLAMPOS]	0	-84.220	392.910	0	240.830	0	0	
0	[SLAMPOS]	0	-84.220	392.910	0	240.820	0	0	
0	[SLAMPOS]	0	-84.220	392.910	0	240.820	0	0	
0	[SLAMPOS]	0	-84.220	392.910	0	240.830	0	0	
0	[SLAMPOS]	0	-84.220	392.910	0	240.830	0	0	
0	[SLAMPOS]	0	-84.220	392.910	0	240.830	0	0	
0	[SLAMPOS]	0	-84.220	392.910	0	240.820	0	0	
0	[SLAMPOS]	0	-84.220	392.910	0	240.820	0	0	
0	[SLAMPOS]	0	-84.220	392.910	0	240.820	0	0	
0	[SLAMPOS]	0	-84.220	392.910	0	240.820	0	0	
0	[SLAMPOS]	0	-84.220	392.910	0	240.820	0	0	
0	[SLAMPOS]	0	-84.220	392.910	0	240.820	0	0	
0	[SLAMPOS]	0	-84.220	392.910	0	240.820	0	0	
0	[SLAMPOS]	0	-84.220	392.910	0	240.820	0	0	
0	[SLAMPOS]	0	-84.220	392.910	0	240.820	0	0	
0	[SLAMPOS]	0	-84.220	392.910	0	240.820	0	0	
0	[SLAMPOS]	0	-84.220	392.910	0	240.830	0	0	
0	[SLAMPOS]	0	-84.220	392.910	0	240.830	0	0	
0	[SLAMPOS]	0	-84.220	392.910	0	240.830	0	0	
0	[SLAMPOS]	0	-84.220	392.910	0	240.820	0	0	
0	[SLAMPOS]	0	-84.220	392.910	0	240.820	0	0	
0	[SLAMPOS]	0	-84.220	392.910	0	240.820	0	0	
0	[SLAMPOS]	0	-84.220	392.910	0	240.820	0	0	
0	[SLAMPOS]	0	-84.220	392.910	0	240.820	0	0	
0	[SLAMPOS]	0	-84.220	392.910	0	240.820	0	0	
0	[SLAMPOS]	0	-84.230	392.910	0	240.820	0	0	
0	[SLAMPOS]	0	-84.230	392.910	0	240.820	0	0	
0	[SLAMPOS]	0	-84.230	392.910	0	240.820	0	0	
0	[SLAMPOS]	0	-84.230	392.910	0	240.810	0	0	
0	[SLAMPOS]	0	-84.230	392.910	0	240.810	0	0	
0	[SLAMPOS]	0	-84.230	392.910	0	240.810	0	0	
0	[SLAMPOS]	0	-84.230	392.910	0	240.810	0	0	
0	[SLAMPOS]	0	-84.230	392.910	0	240.810	0	0	
0	[SLAMPOS]	0	-84.230	392.920	0	240.810	0	0	
0	[SLAMPOS]	0	-84.080	392.450	0	240.760	0	0	
0	[SLAMPOS]	0	-84.090	392.440	0	240.750	0	0	
0	[SLAMPOS]	0	-84.150	392.470	0	240.630	0	0	
0	[SLAMPOS]	0	-84.180	392.450	0	240.560	0	0	
0	[SLAMPOS]	0	-84.200	392.440	0	240.550	0	0	
0	[SLAMPOS]	0	-84.230	392.440	0	240.560	0	0	
0	[SLAMPOS]	0	-84.240	392.420	0	240.580	0	0	
0	[SLAMPOS]	0	-84.280	392.440	0	240.480	0	0	
0	[SLAMPOS]	0	-84.240	392.450	0	240.520	0	0	
0	[SLAMPOS]	0	-84.180	392.400	0	240.610	0	0	
0	[SLAMPOS]	0	-84.190	392.330	0	240.640	0	0	
0	[SLAMPOS]	0	-84.170	392.260	0	240.680	0	0	
0	[SLAMPOS]	0	-84.160	392.240	0	240.680	0	0	
0	[SLAMPOS]	0	-84.160	392.310	0	240.660	0	0	
0	[SLAMPOS]	0	-84.170	392.360	0	240.620	0	0	
0	[SLAMPOS]	0	-84.200	392.370	0	240.650	0	0	
0	[SLAMPOS]	0	-84.180	392.310	0	240.690	0	0	
0	[SLAMPOS]	0	-84.150	392.300	0	240.690	0	0	
0	[SLAMPOS]	0	-84.130	392.290	0	240.720	0	0	
0	[SLAMPOS]	0	-84.120	392.320	0	240.710	0	0	
0	[SLAMPOS]	0	-84.120	392.330	0	240.700	0	0	
0	[SLAMPOS]	0	-84.130	392.330	0	240.710	0	0	
0	[SLAMPOS]	0	-84.120	392.340	0	240.710	0	0	
0	[SLAMPOS]	0	-84.120	392.340	0	240.680	0	0	
0	[SLAMPOS]	0	-84.160	392.330	0	240.670	0	0	
0	[SLAMPOS]	0	-84.160	392.320	0	240.670	0	0	
0	[SLAMPOS]	0	-84.140	392.340	0	240.650	0	0	
0	[SLAMPOS]	0	-84.160	392.340	0	240.620	0	0	
0	[SLAMPOS]	0	-84.240	392.920	0	240.800	0	0	
0	[SLAMPOS]	0	-84.240	392.920	0	240.800	0	0	
0	[SLAMPOS]	0	-84.230	392.910	0	240.790	0	0	
0	[SLAMPOS]	0	-84.220	392.910	0	240.790	0	0	
0	[SLAMPOS]	0	-84.220	392.910	0	240.790	0	0	
0	[SLAMPOS]	0	-84.210	392.900	0	240.790	0	0	
0	[SLAMPOS]	0	-84.210	392.900	0	240.790	0	0	
0	[SLAMPOS]	0	-84.200	392.900	0	240.790	0	0	
0	[SLAMPOS]	0	-84.200	392.900	0	240.790	0	0	
0	[SLAMPOS]	0	-84.200	392.900	0	240.790	0	0	
0	[SLAMPOS]	0	-84.200	392.900	0	240.790	0	0	
0	[SLAMPOS]	0	-84.190	392.900	0	240.790	0	0	
0	[SLAMPOS]	0	-84.190	392.890	0	240.790	0	0	
0	[SLAMPOS]	0	-84.190	392.890	0	240.790	0	0	
0	[SLAMPOS]	0	-84.190	392.890	0	240.790	0	0	
0	[SLAMPOS]	0	-84.190	392.890	0	240.790	0	0	
0	[SLAMPOS]	0	-84.190	392.890	0	240.790	0	0	
0	[SLAMPOS]	0	-84.190	392.890	0	240.790	0	0	
0	[SLAMPOS]	0	-84.190	392.890	0	240.790	0	0	
0	[SLAMPOS]	0	-84.190	392.890	0	240.790	0	0	
0	[SLAMPOS]	0	-84.190	392.890	0	240.790	0	0	
0	[SLAMPOS]	0	-84.190	392.890	0	240.790	0	0	
0	[SLAMPOS]	0	-84.190	392.890	0	240.790	0	0	
0	[SLAMPOS]	0	-84.190	392.890	0	240.790	0	0	
0	[SLAMPOS]	0	-84.190	392.890	0	240.790	0	0	
0	[SLAMPOS]	0	-84.190	392.890	0	240.790	0	0	
0	[SLAMPOS]	0	-84.190	392.890	0	240.790	0	0	
0	[SLAMPOS]	0	-84.190	392.890	0	240.790	0	0	
0	[SLAMPOS]	0	-84.190	392.890	0	240.790	0	0	
0	[SLAMPOS]	0	-84.190	392.890	0	240.790	0	0	
0	[SLAMPOS]	0	-84.190	392.890	0	240.790	0	0	
0	[SLAMPOS]	0	-84.190	392.890	0	240.790	0	0	
0	[SLAMPOS]	0	-84.180	392.890	0	240.790	0	0	
0	[SLAMPOS]	0	-84.180	392.890	0	240.790	0	0	
0	[SLAMPOS]	0	-84.180	392.890	0	240.790	0	0	
0	[SLAMPOS]	0	-84.180	392.900	0	240.790	0	0	
0	[SLAMPOS]	0	-84.180	392.900	0	240.790	0	0	
0	[SLAMPOS]	0	-84.180	392.900	0	240.790	0	0	
0	[SLAMPOS]	0	-84.180	392.900	0	240.790	0	0	
0	[SLAMPOS]	0	-84.180	392.900	0	240.790	0	0	
0	[SLAMPOS]	0	-84.180	392.890	0	240.790	0	0	
0	[SLAMPOS]	0	-84.180	392.890	0	240.790	0	0	
0	[SLAMPOS]	0	-84.180	392.890	0	240.790	0	0	
0	[SLAMPOS]	0	-84.180	392.890	0	240.790	0	0	
0	[SLAMPOS]	0	-84.180	392.890	0	240.790	0	0	
0	[SLAMPOS]	0	-84.180	392.890	0	240.790	0	0	
0	[SLAMPOS]	0	-84.180	392.890	0	240.790	0	0	
0	[SLAMPOS]	0	-84.180	392.890	0	240.790	0	0	
0	[SLAMPOS]	0	-84.190	392.890	0	240.790	0	0	
0	[SLAMPOS]	0	-84.190	392.890	0	240.790	0	0	
0	[SLAMPOS]	0	-84.190	392.890	0	240.790	0	0	
0	[SLAMPOS]	0	-84.190	392.890	0	240.790	0	0	
0	[SLAMPOS]	0	-84.190	392.890	0	240.790	0	0	
0	[SLAMPOS]	0	-84.200	392.890	0	240.790	0	0	
0	[SLAMPOS]	0	-84.200	392.890	0	240.790	0	0	
0	[SLAMPOS]	0	-84.200	392.890	0	240.790	0	0	
0	[SLAMPOS]	0	-84.190	392.890	0	240.790	0	0	
0	[SLAMPOS]	0	-84.190	392.890	0	240.790	0	0	
0	[SLAMPOS]	0	-84.190	392.890	0	240.790	0	0	
0	[SLAMPOS]	0	-84.190	392.890	0	240.790	0	0	
0	[SLAMPOS]	0	-84.190	392.890	0	240.790	0	0	
0	[SLAMPOS]	0	-84.190	392.890	0	240.790	0	0	
0	[SLAMPOS]	0	-84.190	392.890	0	240.790	0	0	
0	[SLAMPOS]	0	-84.190	392.890	0	240.790	0	0	
0	[SLAMPOS]	0	-84.190	392.890	0	240.790	0	0	
0	[SLAMPOS]	0	-84.190	392.890	0	240.780	0	0	
0	[SLAMPOS]	0	-84.190	392.890	0	240.780	0	0	
0	[SLAMPOS]	0	-84.190	392.890	0	240.780	0	0	
0	[SLAMPOS]	0	-84.190	392.890	0	240.780	0	0	
0	[SLAMPOS]	0	-84.190	392.890	0	240.780	0	0	
0	[SLAMPOS]	0	-84.190	392.890	0	240.780	0	0	
0	[SLAMPOS]	0	-84.190	392.890	0	240.780	0	0	
0	[SLAMPOS]	0	-84.190	392.890	0	240.780	0	0	
0	[SLAMPOS]	0	-84.190	392.890	0	240.770	0	0	
0	[SLAMPOS]	0	-84.190	392.890	0	240.770	0	0	
0	[SLAMPOS]	0	-84.190	392.890	0	240.770	0	0	
0	[SLAMPOS]	0	-84.190	392.890	0	240.770	0	0	
0	[SLAMPOS]	0	-84.190	392.890	0	240.770	0	0	
0	[SLAMPOS]	0	-84.190	392.890	0	240.770	0	0	
0	[SLAMPOS]	0	-84.190	392.890	0	240.770	0	0	
0	[SLAMPOS]	0	-84.190	392.890	0	240.770	0	0	
0	[SLAMPOS]	0	-84.190	392.890	0	240.760	0	0	
0	[SLAMPOS]	0	-84.190	392.890	0	240.760	0	0	
0	[SLAMPOS]	0	-84.180	392.890	0	240.760	0	0	
0	[SLAMPOS]	0	-84.190	392.890	0	240.770	0	0	
0	[SLAMPOS]	0	-84.190	392.890	0	240.770	0	0	
0	[SLAMPOS]	0	-84.190	392.890	0	240.760	0	0	
0	[SLAMPOS]	0	-84.190	392.890	0	240.760	0	0	
0	[SLAMPOS]	0	-84.190	392.890	0	240.760	0	0	
0	[SLAMPOS]	0	-84.190	392.890	0	240.760	0	0	
0	[SLAMPOS]	0	-84.190	392.890	0	240.760	0	0	
0	[SLAMPOS]	0	-84.190	392.890	0	240.760	0	0	
0	[SLAMPOS]	0	-84.190	392.890	0	240.760	0	0	
0	[SLAMPOS]	0	-84.190	392.890	0	240.760	0	0	
0	[SLAMPOS]	0	-84.190	392.890	0	240.760	0	0	
0	[SLAMPOS]	0	-84.190	392.890	0	240.760	0	0	
0	[SLAMPOS]	0	-84.190	392.890	0	240.760	0	0	
0	[SLAMPOS]	0	-84.190	392.890	0	240.760	0	0	
0	[SLAMPOS]	0	-84.190	392.890	0	240.760	0	0	
0	[SLAMPOS]	0	-84.190	392.890	0	240.760	0	0	
0	[SLAMPOS]	0	-84.190	392.890	0	240.760	0	0	
0	[SLAMPOS]	0	-84.190	392.890	0	240.760	0	0	
0	[SLAMPOS]	0	-84.190	392.890	0	240.760	0	0	
0	[SLAMPOS]	0	-84.190	392.890	0	240.760	0	0	
0	[SLAMPOS]	0	-84.190	392.890	0	240.760	0	0	
0	[SLAMPOS]	0	-84.190	392.890	0	240.760	0	0	
0	[SLAMPOS]	0	-84.190	392.890	0	240.760	0	0	
0	[SLAMPOS]	0	-84.190	392.890	0	240.760	0	0	
0	[SLAMPOS]	0	-84.190	392.890	0	240.760	0	0	
0	[SLAMPOS]	0	-84.190	392.890	0	240.760	0	0	
0	[SLAMPOS]	0	-84.190	392.890	0	240.750	0	0	
0	[SLAMPOS]	0	-84.190	392.890	0	240.750	0	0	
0	[SLAMPOS]	0	-84.190	392.890	0	240.750	0	0	
0	[SLAMPOS]	0	-84.190	392.890	0	240.750	0	0	
0	[SLAMPOS]	0	-84.190	392.890	0	240.750	0	0	
0	[SLAMPOS]	0	-84.190	392.890	0	240.750	0	0	
0	[SLAMPOS]	0	-84.190	392.890	0	240.760	0	0	
0	[SLAMPOS]	0	-84.190	392.890	0	240.760	0	0	
0	[SLAMPOS]	0	-84.190	392.890	0	240.750	0	0	
0	[SLAMPOS]	0	-84.190	392.890	0	240.750	0	0	
0	[SLAMPOS]	0	-84.190	392.890	0	240.750	0	0	
0	[SLAMPOS]	0	-84.190	392.890	0	240.750	0	0	
0	[SLAMPOS]	0	-84.190	392.890	0	240.750	0	0	
0	[SLAMPOS]	0	-84.190	392.890	0	240.750	0	0	
0	[SLAMPOS]	0	-84.190	392.890	0	240.740	0	0	
0	[SLAMPOS]	0	-84.190	392.890	0	240.740	0	0	
0	[SLAMPOS]	0	-84.190	392.890	0	240.740	0	0	
0	[SLAMPOS]	0	-84.190	392.890	0	240.740	0	0	
0	[SLAMPOS]	0	-84.190	392.890	0	240.740	0	0	
0	[SLAMPOS]	0	-84.190	392.890	0	240.740	0	0	
0	[SLAMPOS]	0	-84.190	392.890	0	240.740	0	0	
0	[SLAMPOS]	0	-84.190	392.890	0	240.740	0	0	
0	[SLAMPOS]	0	-84.190	392.890	0	240.740	0	0	
0	[SLAMPOS]	0	-84.190	392.890	0	240.740	0	0	
0	[SLAMPOS]	0	-84.190	392.890	0	240.740	0	0	
0	[SLAMPOS]	0	-84.190	392.890	0	240.740	0	0	
0	[SLAMPOS]	0	-84.190	392.890	0	240.740	0	0	
0	[SLAMPOS]	0	-84.190	392.890	0	240.740	0	0	
0	[SLAMPOS]	0	-84.180	392.890	0	240.740	0	0	
0	[SLAMPOS]	0	-84.190	392.890	0	240.740	0	0	
0	[SLAMPOS]	0	-84.190	392.890	0	240.740	0	0	
0	[SLAMPOS]	0	-84.190	392.890	0	240.740	0	0	
0	[SLAMPOS]	0	-84.190	392.890	0	240.740	0	0	
0	[SLAMPOS]	0	-84.190	392.900	0	240.740	0	0	
0	[SLAMPOS]	0	-84.190	392.900	0	240.740	0	0	
0	[SLAMPOS]	0	-84.190	392.900	0	240.740	0	0	
0	[SLAMPOS]	0	-84.190	392.900	0	240.740	0	0	
0	[SLAMPOS]	0	-84.190	392.900	0	240.740	0	0	
0	[SLAMPOS]	0	-84.190	392.900	0	240.740	0	0	
0	[SLAMPOS]	0	-84.190	392.900	0	240.740	0	0	
0	[SLAMPOS]	0	-84.190	392.900	0	240.740	0	0	
0	[SLAMPOS]	0	-84.190	392.890	0	240.740	0	0	
0	[SLAMPOS]	0	-84.190	392.890	0	240.740	0	0	
0	[SLAMPOS]	0	-84.190	392.890	0	240.740	0	0	
0	[SLAMPOS]	0	-84.190	392.890	0	240.740	0	0	
0	[SLAMPOS]	0	-84.190	392.890	0	240.740	0	0	
0	[SLAMPOS]	0	-84.190	392.890	0	240.740	0	0	
0	[SLAMPOS]	0	-84.190	392.890	0	240.740	0	0	
0	[SLAMPOS]	0	-84.190	392.890	0	240.740	0	0	
0	[SLAMPOS]	0	-84.190	392.890	0	240.740	0	0	
0	[SLAMPOS]	0	-84.190	392.890	0	240.740	0	0	
0	[SLAMPOS]	0	-84.190	392.890	0	240.740	0	0	
0	[SLAMPOS]	0	-84.190	392.890	0	240.740	0	0	
0	[SLAMPOS]	0	-84.190	392.890	0	240.740	0	0	
0	[SLAMPOS]	0	-84.190	392.890	0	240.740	0	0	
0	[SLAMPOS]	0	-84.190	392.890	0	240.740	0	0	
0	[SLAMPOS]	0	-84.190	392.890	0	240.730	0	0	
0	[SLAMPOS]	0	-84.190	392.890	0	240.730	0	0	
0	[SLAMPOS]	0	-84.190	392.890	0	240.730	0	0	
0	[SLAMPOS]	0	-84.190	392.890	0	240.730	0	0	
0	[SLAMPOS]	0	-84.190	392.890	0	240.730	0	0	
0	[SLAMPOS]	0	-84.190	392.890	0	240.730	0	0	
0	[SLAMPOS]	0	-84.190	392.890	0	240.730	0	0	
0	[SLAMPOS]	0	-84.190	392.890	0	240.730	0	0	
0	[SLAMPOS]	0	-84.190	392.890	0	240.730	0	0	
0	[SLAMPOS]	0	-84.190	392.890	0	240.730	0	0	
0	[SLAMPOS]	0	-84.190	392.890	0	240.720	0	0	
0	[SLAMPOS]	0	-84.190	392.890	0	240.720	0	0	
0	[SLAMPOS]	0	-84.190	392.900	0	240.720	0	0	
0	[SLAMPOS]	0	-84.190	392.900	0	240.720	0	0	
0	[SLAMPOS]	0	-84.190	392.890	0	240.720	0	0	
0	[SLAMPOS]	0	-84.190	392.890	0	240.720	0	0	
0	[SLAMPOS]	0	-84.190	392.890	0	240.720	0	0	
0	[SLAMPOS]	0	-84.190	392.890	0	240.720	0	0	
0	[SLAMPOS]	0	-84.190	392.890	0	240.720	0	0	
0	[SLAMPOS]	0	-84.190	392.890	0	240.720	0	0	
0	[SLAMPOS]	0	-84.190	392.890	0	240.720	0	0	
0	[SLAMPOS]	0	-84.190	392.890	0	240.720	0	0	
0	[SLAMPOS]	0	-84.190	392.890	0	240.720	0	0	
0	[SLAMPOS]	0	-84.190	392.890	0	240.720	0	0	
0	[SLAMPOS]	0	-84.190	392.890	0	240.720	0	0	
0	[SLAMPOS]	0	-84.190	392.890	0	240.710	0	0	
0	[SLAMPOS]	0	-84.190	392.890	0	240.720	0	0	
0	[SLAMPOS]	0	-84.190	392.890	0	240.710	0	0	
0	[SLAMPOS]	0	-84.190	392.890	0	240.710	0	0	
0	[SLAMPOS]	0	-84.190	392.890	0	240.710	0	0	
0	[SLAMPOS]	0	-84.190	392.890	0	240.720	0	0	
0	[SLAMPOS]	0	-84.190	392.890	0	240.720	0	0	
0	[SLAMPOS]	0	-84.190	392.890	0	240.720	0	0	
0	[SLAMPOS]	0	-84.190	392.890	0	240.710	0	0	
0	[SLAMPOS]	0	-84.190	392.890	0	240.720	0	0	
0	[SLAMPOS]	0	-84.190	392.890	0	240.710	0	0	
0	[SLAMPOS]	0	-84.190	392.890	0	240.710	0	0	
0	[SLAMPOS]	0	-84.190	392.890	0	240.710	0	0	
0	[SLAMPOS]	0	-84.190	392.890	0	240.710	0	0	
0	[SLAMPOS]	0	-84.190	392.890	0	240.710	0	0	
0	[SLAMPOS]	0	-84.190	392.890	0	240.710	0	0	
0	[SLAMPOS]	0	-84.190	392.890	0	240.710	0	0	
0	[SLAMPOS]	0	-84.190	392.890	0	240.710	0	0	
0	[SLAMPOS]	0	-84.190	392.890	0	240.710	0	0	
0	[SLAMPOS]	0	-84.190	392.890	0	240.700	0	0	
0	[SLAMPOS]	0	-84.190	392.890	0	240.700	0	0	
0	[SLAMPOS]	0	-84.190	392.890	0	240.700	0	0	
0	[SLAMPOS]	0	-84.190	392.900	0	240.700	0	0	
0	[SLAMPOS]	0	-84.190	392.900	0	240.700	0	0	
0	[SLAMPOS]	0	-84.190	392.900	0	240.700	0	0	
0	[SLAMPOS]	0	-84.190	392.890	0	240.700	0	0	
0	[SLAMPOS]	0	-84.190	392.890	0	240.700	0	0	
0	[SLAMPOS]	0	-84.190	392.890	0	240.700	0	0	
0	[SLAMPOS]	0	-84.190	392.890	0	240.700	0	0	
0	[SLAMPOS]	0	-84.190	392.890	0	240.700	0	0	
0	[SLAMPOS]	0	-84.190	392.890	0	240.700	0	0	
0	[SLAMPOS]	0	-84.190	392.890	0	240.700	0	0	
0	[SLAMPOS]	0	-84.190	392.890	0	240.700	0	0	
0	[SLAMPOS]	0	-84.190	392.890	0	240.700	0	0	
0	[SLAMPOS]	0	-84.190	392.890	0	240.700	0	0	
0	[SLAMPOS]	0	-84.190	392.890	0	240.700	0	0	
0	[SLAMPOS]	0	-84.190	392.890	0	240.700	0	0	
0	[SLAMPOS]	0	-84.190	392.890	0	240.700	0	0	
0	[SLAMPOS]	0	-84.190	392.890	0	240.700	0	0	
0	[SLAMPOS]	0	-84.190	392.890	0	240.700	0	0	
0	[SLAMPOS]	0	-84.180	392.890	0	240.690	0	0	
0	[SLAMPOS]	0	-84.180	392.890	0	240.690	0	0	
0	[SLAMPOS]	0	-84.190	392.890	0	240.690	0	0	
0	[SLAMPOS]	0	-84.190	392.890	0	240.690	0	0	
0	[SLAMPOS]	0	-84.190	392.890	0	240.690	0	0	
0	[SLAMPOS]	0	-84.190	392.900	0	240.690	0	0	
0	[SLAMPOS]	0	-84.190	392.890	0	240.690	0	0	
0	[SLAMPOS]	0	-84.190	392.890	0	240.690	0	0	
0	[SLAMPOS]	0	-84.190	392.890	0	240.690	0	0	
0	[SLAMPOS]	0	-84.190	392.890	0	240.690	0	0	
0	[SLAMPOS]	0	-84.190	392.890	0	240.690	0	0	
0	[SLAMPOS]	0	-84.190	392.890	0	240.690	0	0	
0	[SLAMPOS]	0	-84.190	392.890	0	240.690	0	0	
0	[SLAMPOS]	0	-84.190	392.890	0	240.690	0	0	
0	[SLAMPOS]	0	-84.190	392.890	0	240.690	0	0	
0	[SLAMPOS]	0	-84.190	392.890	0	240.690	0	0	
0	[SLAMPOS]	0	-84.190	392.890	0	240.690	0	0	
0	[SLAMPOS]	0	-84.190	392.890	0	240.690	0	0	
0	[SLAMPOS]	0	-84.190	392.890	0	240.690	0	0	
0	[SLAMPOS]	0	-84.190	392.890	0	240.680	0	0	
0	[SLAMPOS]	0	-84.190	392.890	0	240.680	0	0	
0	[SLAMPOS]	0	-84.190	392.890	0	240.680	0	0	
0	[SLAMPOS]	0	-84.190	392.890	0	240.680	0	0	
0	[SLAMPOS]	0	-84.190	392.890	0	240.680	0	0	
0	[SLAMPOS]	0	-84.190	392.890	0	240.680	0	0	
0	[SLAMPOS]	0	-84.190	392.890	0	240.680	0	0	
0	[SLAMPOS]	0	-84.190	392.890	0	240.680	0	0	
0	[SLAMPOS]	0	-84.190	392.890	0	240.680	0	0	
0	[SLAMPOS]	0	-84.190	392.890	0	240.680	0	0	
0	[SLAMPOS]	0	-84.190	392.890	0	240.680	0	0	
0	[SLAMPOS]	0	-84.190	392.890	0	240.680	0	0	
0	[SLAMPOS]	0	-84.190	392.890	0	240.680	0	0	
0	[SLAMPOS]	0	-84.190	392.890	0	240.680	0	0	
0	[SLAMPOS]	0	-84.190	392.890	0	240.680	0	0	
0	[SLAMPOS]	0	-84.190	392.890	0	240.670	0	0	
0	[SLAMPOS]	0	-84.190	392.890	0	240.670	0	0	
0	[SLAMPOS]	0	-84.190	392.890	0	240.670	0	0	
0	[SLAMPOS]	0	-84.190	392.890	0	240.670	0	0	
0	[SLAMPOS]	0	-84.190	392.890	0	240.670	0	0	
0	[SLAMPOS]	0	-84.190	392.890	0	240.670	0	0	
0	[SLAMPOS]	0	-84.190	392.890	0	240.660	0	0	
0	[SLAMPOS]	0	-84.190	392.890	0	240.660	0	0	
0	[SLAMPOS]	0	-84.190	392.890	0	240.660	0	0	
0	[SLAMPOS]	0	-84.190	392.890	0	240.660	0	0	
0	[SLAMPOS]	0	-84.190	392.890	0	240.660	0	0	
0	[SLAMPOS]	0	-84.190	392.890	0	240.660	0	0	
0	[SLAMPOS]	0	-84.190	392.890	0	240.660	0	0	
0	[SLAMPOS]	0	-84.190	392.900	0	240.660	0	0	
0	[SLAMPOS]	0	-84.190	392.900	0	240.660	0	0	
0	[SLAMPOS]	0	-84.190	392.900	0	240.660	0	0	
0	[SLAMPOS]	0	-84.190	392.900	0	240.660	0	0	
0	[SLAMPOS]	0	-84.190	392.900	0	240.660	0	0	
0	[SLAMPOS]	0	-84.190	392.890	0	240.650	0	0	
0	[SLAMPOS]	0	-84.190	392.890	0	240.650	0	0	
0	[SLAMPOS]	0	-84.190	392.890	0	240.650	0	0	
0	[SLAMPOS]	0	-84.190	392.890	0	240.650	0	0	
0	[SLAMPOS]	0	-84.190	392.890	0	240.650	0	0	
0	[SLAMPOS]	0	-84.190	392.890	0	240.650	0	0	
0	[SLAMPOS]	0	-84.190	392.890	0	240.650	0	0	
0	[SLAMPOS]	0	-84.190	392.890	0	240.650	0	0	
0	[SLAMPOS]	0	-84.190	392.890	0	240.650	0	0	
0	[SLAMPOS]	0	-84.190	392.890	0	240.650	0	0	
0	[SLAMPOS]	0	-84.190	392.890	0	240.650	0	0	
0	[SLAMPOS]	0	-84.190	392.890	0	240.650	0	0	
0	[SLAMPOS]	0	-84.190	392.890	0	240.650	0	0	
0	[SLAMPOS]	0	-84.190	392.890	0	240.650	0	0	
0	[SLAMPOS]	0	-84.190	392.890	0	240.650	0	0	
0	[SLAMPOS]	0	-84.190	392.890	0	240.640	0	0	
0	[SLAMPOS]	0	-84.190	392.890	0	240.640	0	0	
0	[SLAMPOS]	0	-84.190	392.890	0	240.640	0	0	
0	[SLAMPOS]	0	-84.190	392.890	0	240.640	0	0	
0	[SLAMPOS]	0	-84.190	392.890	0	240.640	0	0	
0	[SLAMPOS]	0	-84.190	392.890	0	240.640	0	0	
0	[SLAMPOS]	0	-84.190	392.890	0	240.640	0	0	
0	[SLAMPOS]	0	-84.190	392.890	0	240.640	0	0	
0	[SLAMPOS]	0	-84.190	392.890	0	240.640	0	0	
0	[SLAMPOS]	0	-84.190	392.890	0	240.640	0	0	
0	[SLAMPOS]	0	-84.190	392.890	0	240.640	0	0	
0	[SLAMPOS]	0	-84.190	392.890	0	240.630	0	0	
0	[SLAMPOS]	0	-84.190	392.890	0	240.640	0	0	
0	[SLAMPOS]	0	-84.190	392.890	0	240.640	0	0	
0	[SLAMPOS]	0	-84.190	392.890	0	240.640	0	0	
0	[SLAMPOS]	0	-84.190	392.890	0	240.640	0	0	
0	[SLAMPOS]	0	-84.190	392.890	0	240.640	0	0	
0	[SLAMPOS]	0	-84.190	392.890	0	240.630	0	0	
0	[SLAMPOS]	0	-84.190	392.890	0	240.630	0	0	
0	[SLAMPOS]	0	-84.190	392.890	0	240.630	0	0	
0	[SLAMPOS]	0	-84.190	392.890	0	240.630	0	0	
0	[SLAMPOS]	0	-84.180	392.890	0	240.630	0	0	
0	[SLAMPOS]	0	-84.180	392.890	0	240.630	0	0	
0	[SLAMPOS]	0	-84.180	392.890	0	240.630	0	0	
0	[SLAMPOS]	0	-84.180	392.890	0	240.630	0	0	
0	[SLAMPOS]	0	-84.180	392.890	0	240.630	0	0	
0	[SLAMPOS]	0	-84.190	392.890	0	240.630	0	0	
0	[SLAMPOS]	0	-84.190	392.890	0	240.630	0	0	
0	[SLAMPOS]	0	-84.190	392.890	0	240.630	0	0	
0	[SLAMPOS]	0	-84.190	392.890	0	240.630	0	0	
0	[SLAMPOS]	0	-84.190	392.890	0	240.630	0	0	
0	[SLAMPOS]	0	-84.180	392.890	0	240.630	0	0	
0	[SLAMPOS]	0	-84.180	392.890	0	240.630	0	0	
0	[SLAMPOS]	0	-84.190	392.890	0	240.630	0	0	
0	[SLAMPOS]	0	-84.190	392.890	0	240.630	0	0	
0	[SLAMPOS]	0	-84.190	392.890	0	240.630	0	0	
0	[SLAMPOS]	0	-84.190	392.890	0	240.630	0	0	
0	[SLAMPOS]	0	-84.190	392.890	0	240.630	0	0	
0	[SLAMPOS]	0	-84.190	392.890	0	240.630	0	0	
0	[SLAMPOS]	0	-84.190	392.890	0	240.630	0	0	
0	[SLAMPOS]	0	-84.190	392.890	0	240.630	0	0	
0	[SLAMPOS]	0	-84.190	392.890	0	240.630	0	0	
0	[SLAMPOS]	0	-84.190	392.890	0	240.630	0	0	
0	[SLAMPOS]	0	-84.190	392.900	0	240.630	0	0	
0	[SLAMPOS]	0	-84.190	392.890	0	240.630	0	0	
0	[SLAMPOS]	0	-84.190	392.890	0	240.630	0	0	
0	[SLAMPOS]	0	-84.190	392.890	0	240.630	0	0	
0	[SLAMPOS]	0	-84.190	392.890	0	240.630	0	0	
0	[SLAMPOS]	0	-84.190	392.890	0	240.630	0	0	
0	[SLAMPOS]	0	-84.190	392.890	0	240.630	0	0	
0	[SLAMPOS]	0	-84.190	392.900	0	240.630	0	0	
0	[SLAMPOS]	0	-84.190	392.890	0	240.630	0	0	
0	[SLAMPOS]	0	-84.190	392.890	0	240.620	0	0	
0	[SLAMPOS]	0	-84.190	392.890	0	240.620	0	0	
0	[SLAMPOS]	0	-84.190	392.890	0	240.620	0	0	
0	[SLAMPOS]	0	-84.190	392.890	0	240.620	0	0	
0	[SLAMPOS]	0	-84.190	392.890	0	240.620	0	0	
0	[SLAMPOS]	0	-84.190	392.890	0	240.620	0	0	
0	[SLAMPOS]	0	-84.190	392.890	0	240.620	0	0	
0	[SLAMPOS]	0	-84.190	392.890	0	240.620	0	0	
0	[SLAMPOS]	0	-84.190	392.890	0	240.620	0	0	
0	[SLAMPOS]	0	-84.190	392.890	0	240.620	0	0	
0	[SLAMPOS]	0	-84.190	392.890	0	240.620	0	0	
0	[SLAMPOS]	0	-84.190	392.890	0	240.620	0	0	
0	[SLAMPOS]	0	-84.200	392.890	0	240.620	0	0	
0	[SLAMPOS]	0	-84.190	392.890	0	240.620	0	0	
0	[SLAMPOS]	0	-84.200	392.890	0	240.620	0	0	
0	[SLAMPOS]	0	-84.200	392.890	0	240.620	0	0	
0	[SLAMPOS]	0	-84.200	392.890	0	240.610	0	0	
0	[SLAMPOS]	0	-84.200	392.890	0	240.610	0	0	
0	[SLAMPOS]	0	-84.210	392.880	0	240.620	0	0	
0	[SLAMPOS]	0	-84.240	392.870	0	240.610	0	0	
0	[SLAMPOS]	0	-84.240	392.870	0	240.610	0	0	
0	[SLAMPOS]	0	-84.280	392.840	0	240.590	0	0	
0	[SLAMPOS]	0	-84.310	392.830	0	240.580	0	0	
0	[SLAMPOS]	0	-84.330	392.810	0	240.580	0	0	
0	[SLAMPOS]	0	-84.360	392.800	0	240.580	0	0	
0	[SLAMPOS]	0	-84.410	392.780	0	240.570	0	0	
0	[SLAMPOS]	0	-84.450	392.760	0	240.560	0	0	
0	[SLAMPOS]	0	-84.490	392.730	0	240.550	0	0	
0	[SLAMPOS]	0	-84.500	392.720	0	240.540	0	0	
0	[SLAMPOS]	0	-84.560	392.700	0	240.520	0	0	
0	[SLAMPOS]	0	-84.580	392.690	0	240.510	0	0	
0	[SLAMPOS]	0	-84.630	392.650	0	240.490	0	0	
0	[SLAMPOS]	0	-84.690	392.620	0	240.470	0	0	
0	[SLAMPOS]	0	-84.710	392.610	0	240.450	0	0	
0	[SLAMPOS]	0	-84.790	392.580	0	240.430	0	0	
0	[SLAMPOS]	0	-84.850	392.550	0	240.390	0	0	
0	[SLAMPOS]	0	-84.880	392.520	0	240.370	0	0	
0	[SLAMPOS]	0	-85.000	392.460	0	240.290	0	0	
0	[SLAMPOS]	0	-85.100	392.410	0	240.230	0	0	
0	[SLAMPOS]	0	-85.120	392.400	0	240.200	0	0	
0	[SLAMPOS]	0	-85.220	392.350	0	240.150	0	0	
0	[SLAMPOS]	0	-85.240	392.330	0	240.120	0	0	
0	[SLAMPOS]	0	-85.350	392.280	0	240.050	0	0	
0	[SLAMPOS]	0	-85.460	392.210	0	239.940	0	0	
0	[SLAMPOS]	0	-85.480	392.200	0	239.910	0	0	
0	[SLAMPOS]	0	-85.650	392.110	0	239.750	0	0	
0	[SLAMPOS]	0	-85.700	392.080	0	239.710	0	0	
0	[SLAMPOS]	0	-85.750	392.050	0	239.660	0	0	
0	[SLAMPOS]	0	-85.940	391.940	0	239.420	0	0	
0	[SLAMPOS]	0	-85.990	391.920	0	239.370	0	0	
0	[SLAMPOS]	0	-86.110	391.850	0	239.230	0	0	
0	[SLAMPOS]	0	-86.250	391.770	0	239.070	0	0	
0	[SLAMPOS]	0	-86.290	391.750	0	239.010	0	0	
0	[SLAMPOS]	0	-86.440	391.660	0	238.820	0	0	
0	[SLAMPOS]	0	-86.470	391.640	0	238.770	0	0	
0	[SLAMPOS]	0	-86.620	391.550	0	238.580	0	0	
0	[SLAMPOS]	0	-86.790	391.450	0	238.360	0	0	
0	[SLAMPOS]	0	-86.830	391.430	0	238.290	0	0	
0	[SLAMPOS]	0	-86.990	391.340	0	238.070	0	0	
0	[SLAMPOS]	0	-87.120	391.260	0	237.860	0	0	
0	[SLAMPOS]	0	-87.280	391.160	0	237.640	0	0	
0	[SLAMPOS]	0	-87.430	391.070	0	237.420	0	0	
0	[SLAMPOS]	0	-87.500	391.020	0	237.310	0	0	
0	[SLAMPOS]	0	-87.660	390.920	0	237.070	0	0	
0	[SLAMPOS]	0	-87.850	390.810	0	236.780	0	0	
0	[SLAMPOS]	0	-88.030	390.700	0	236.510	0	0	
0	[SLAMPOS]	0	-88.070	390.670	0	236.430	0	0	
0	[SLAMPOS]	0	-88.260	390.540	0	236.150	0	0	
0	[SLAMPOS]	0	-88.300	390.510	0	236.070	0	0	
0	[SLAMPOS]	0	-88.500	390.380	0	235.770	0	0	
0	[SLAMPOS]	0	-88.660	390.270	0	235.520	0	0	
0	[SLAMPOS]	0	-88.740	390.220	0	235.420	0	0	
0	[SLAMPOS]	0	-88.960	390.070	0	235.090	0	0	
0	[SLAMPOS]	0	-89.150	389.940	0	234.770	0	0	
0	[SLAMPOS]	0	-89.280	389.840	0	234.570	0	0	
0	[SLAMPOS]	0	-89.490	389.700	0	234.260	0	0	
0	[SLAMPOS]	0	-89.560	389.650	0	234.140	0	0	
0	[SLAMPOS]	0	-89.750	389.510	0	233.830	0	0	
0	[SLAMPOS]	0	-89.960	389.360	0	233.490	0	0	
0	[SLAMPOS]	0	-90.010	389.320	0	233.380	0	0	
0	[SLAMPOS]	0	-90.230	389.170	0	233.030	0	0	
0	[SLAMPOS]	0	-90.290	389.130	0	232.910	0	0	
0	[SLAMPOS]	0	-90.520	388.960	0	232.490	0	0	
0	[SLAMPOS]	0	-90.700	388.820	0	232.110	0	0	
0	[SLAMPOS]	0	-90.920	388.660	0	231.700	0	0	
0	[SLAMPOS]	0	-91.010	388.590	0	231.540	0	0	
0	[SLAMPOS]	0	-91.200	388.440	0	231.150	0	0	
0	[SLAMPOS]	0	-91.410	388.260	0	230.680	0	0	
0	[SLAMPOS]	0	-91.600	388.110	0	230.220	0	0	
0	[SLAMPOS]	0	-91.830	387.920	0	229.690	0	0	
0	[SLAMPOS]	0	-91.880	387.870	0	229.550	0	0	
0	[SLAMPOS]	0	-92.100	387.690	0	229.040	0	0	
0	[SLAMPOS]	0	-92.160	387.640	0	228.880	0	0	
0	[SLAMPOS]	0	-92.370	387.450	0	228.320	0	0	
0	[SLAMPOS]	0	-92.610	387.250	0	227.740	0	0	
0	[SLAMPOS]	0	-92.660	387.200	0	227.580	0	0	
0	[SLAMPOS]	0	-92.890	386.990	0	227.010	0	0	
0	[SLAMPOS]	0	-93.060	386.830	0	226.510	0	0	
0	[SLAMPOS]	0	-93.140	386.750	0	226.300	0	0	
0	[SLAMPOS]	0	-93.450	386.450	0	225.410	0	0	
0	[SLAMPOS]	0	-93.530	386.370	0	225.160	0	0	
0	[SLAMPOS]	0	-93.700	386.200	0	224.590	0	0	
0	[SLAMPOS]	0	-93.900	385.990	0	223.980	0	0	
0	[SLAMPOS]	0	-93.960	385.930	0	223.790	0	0	
0	[SLAMPOS]	0	-94.150	385.720	0	223.180	0	0	
0	[SLAMPOS]	0	-94.370	385.490	0	222.460	0	0	
0	[SLAMPOS]	0	-94.420	385.440	0	222.260	0	0	
0	[SLAMPOS]	0	-94.610	385.220	0	221.560	0	0	
0	[SLAMPOS]	0	-94.660	385.160	0	221.370	0	0	
0	[SLAMPOS]	0	-94.850	384.950	0	220.720	0	0	
0	[SLAMPOS]	0	-95.020	384.740	0	220.050	0	0	
0	[SLAMPOS]	0	-95.080	384.660	0	219.790	0	0	
0	[SLAMPOS]	0	-95.360	384.320	0	218.650	0	0	
0	[SLAMPOS]	0	-95.430	384.220	0	218.350	0	0	
0	[SLAMPOS]	0	-95.500	384.130	0	218.050	0	0	
0	[SLAMPOS]	0	-95.770	383.790	0	216.860	0	0	
0	[SLAMPOS]	0	-95.830	383.700	0	216.570	0	0	
0	[SLAMPOS]	0	-95.990	383.500	0	215.820	0	0	
0	[SLAMPOS]	0	-96.160	383.260	0	214.970	0	0	
0	[SLAMPOS]	0	-96.220	383.180	0	214.660	0	0	
0	[SLAMPOS]	0	-96.370	382.960	0	213.880	0	0	
0	[SLAMPOS]	0	-96.500	382.740	0	213.100	0	0	
0	[SLAMPOS]	0	-96.560	382.640	0	212.760	0	0	
0	[SLAMPOS]	0	-96.790	382.270	0	211.390	0	0	
0	[SLAMPOS]	0	-96.850	382.170	0	211.020	0	0	
0	[SLAMPOS]	0	-96.910	382.070	0	210.640	0	0	
0	[SLAMPOS]	0	-97.120	381.690	0	209.150	0	0	
0	[SLAMPOS]	0	-97.170	381.590	0	208.790	0	0	
0	[SLAMPOS]	0	-97.290	381.360	0	207.910	0	0	
0	[SLAMPOS]	0	-97.420	381.100	0	206.970	0	0	
0	[SLAMPOS]	0	-97.450	381.030	0	206.690	0	0	
0	[SLAMPOS]	0	-97.580	380.760	0	205.730	0	0	
0	[SLAMPOS]	0	-97.710	380.470	0	204.650	0	0	
0	[SLAMPOS]	0	-97.730	380.410	0	204.430	0	0	
0	[SLAMPOS]	0	-97.850	380.150	0	203.520	0	0	
0	[SLAMPOS]	0	-97.880	380.070	0	203.230	0	0	
0	[SLAMPOS]	0	-97.990	379.790	0	202.260	0	0	
0	[SLAMPOS]	0	-98.090	379.530	0	201.320	0	0	
0	[SLAMPOS]	0	-98.130	379.440	0	200.990	0	0	
0	[SLAMPOS]	0	-98.280	379.020	0	199.530	0	0	
0	[SLAMPOS]	0	-98.320	378.920	0	199.200	0	0	
0	[SLAMPOS]	0	-98.400	378.670	0	198.320	0	0	
0	[SLAMPOS]	0	-98.480	378.400	0	197.330	0	0	
0	[SLAMPOS]	0	-98.520	378.270	0	196.910	0	0	
0	[SLAMPOS]	0	-98.590	378.000	0	195.960	0	0	
0	[SLAMPOS]	0	-98.660	377.750	0	195.090	0	0	
0	[SLAMPOS]	0	-98.680	377.640	0	194.670	0	0	
0	[SLAMPOS]	0	-98.760	377.350	0	193.610	0	0	
0	[SLAMPOS]	0	-98.770	377.260	0	193.280	0	0	
0	[SLAMPOS]	0	-98.830	377.000	0	192.310	0	0	
0	[SLAMPOS]	0	-98.900	376.570	0	190.700	0	0	
0	[SLAMPOS]	0	-98.920	376.460	0	190.280	0	0	
0	[SLAMPOS]	0	-98.930	376.350	0	189.860	0	0	
0	[SLAMPOS]	0	-98.990	375.900	0	188.180	0	0	
0	[SLAMPOS]	0	-99.000	375.810	0	187.860	0	0	
0	[SLAMPOS]	0	-99.030	375.570	0	186.930	0	0	
0	[SLAMPOS]	0	-99.050	375.280	0	185.900	0	0	
0	[SLAMPOS]	0	-99.060	375.210	0	185.650	0	0	
0	[SLAMPOS]	0	-99.080	374.910	0	184.560	0	0	
0	[SLAMPOS]	0	-99.090	374.840	0	184.310	0	0	
0	[SLAMPOS]	0	-99.100	374.550	0	183.330	0	0	
0	[SLAMPOS]	0	-99.110	374.300	0	182.460	0	0	
0	[SLAMPOS]	0	-99.120	374.180	0	182.060	0	0	
0	[SLAMPOS]	0	-99.120	373.880	0	181.050	0	0	
0	[SLAMPOS]	0	-99.120	373.650	0	180.240	0	0	
0	[SLAMPOS]	0	-99.120	373.350	0	179.260	0	0	
0	[SLAMPOS]	0	-99.110	373.110	0	178.420	0	0	
0	[SLAMPOS]	0	-99.100	372.830	0	177.530	0	0	
0	[SLAMPOS]	0	-99.090	372.750	0	177.290	0	0	
0	[SLAMPOS]	0	-99.070	372.460	0	176.390	0	0	
0	[SLAMPOS]	0	-99.050	372.220	0	175.690	0	0	
0	[SLAMPOS]	0	-99.040	372.050	0	175.210	0	0	
0	[SLAMPOS]	0	-99.000	371.760	0	174.420	0	0	
0	[SLAMPOS]	0	-98.960	371.380	0	173.370	0	0	
0	[SLAMPOS]	0	-98.950	371.320	0	173.190	0	0	
0	[SLAMPOS]	0	-98.910	371.020	0	172.380	0	0	
0	[SLAMPOS]	0	-98.880	370.770	0	171.680	0	0	
0	[SLAMPOS]	0	-98.830	370.470	0	170.840	0	0	
0	[SLAMPOS]	0	-98.790	370.240	0	170.180	0	0	
0	[SLAMPOS]	0	-98.730	369.920	0	169.260	0	0	
0	[SLAMPOS]	0	-98.710	369.830	0	169.040	0	0	
0	[SLAMPOS]	0	-98.660	369.570	0	168.250	0	0	
0	[SLAMPOS]	0	-98.600	369.300	0	167.510	0	0	
0	[SLAMPOS]	0	-98.580	369.230	0	167.300	0	0	
0	[SLAMPOS]	0	-98.510	368.950	0	166.510	0	0	
0	[SLAMPOS]	0	-98.420	368.610	0	165.520	0	0	
0	[SLAMPOS]	0	-98.410	368.540	0	165.310	0	0	
0	[SLAMPOS]	0	-98.310	368.210	0	164.370	0	0	
0	[SLAMPOS]	0	-98.230	367.900	0	163.520	0	0	
0	[SLAMPOS]	0	-98.220	367.860	0	163.390	0	0	
0	[SLAMPOS]	0	-98.130	367.570	0	162.600	0	0	
0	[SLAMPOS]	0	-98.110	367.520	0	162.430	0	0	
0	[SLAMPOS]	0	-97.990	367.130	0	161.300	0	0	
0	[SLAMPOS]	0	-97.880	366.840	0	160.500	0	0	
0	[SLAMPOS]	0	-97.870	366.800	0	160.400	0	0	
0	[SLAMPOS]	0	-97.760	366.520	0	159.600	0	0	
0	[SLAMPOS]	0	-97.720	366.430	0	159.350	0	0	
0	[SLAMPOS]	0	-97.610	366.150	0	158.580	0	0	
0	[SLAMPOS]	0	-97.520	365.920	0	157.930	0	0	
0	[SLAMPOS]	0	-97.460	365.800	0	157.590	0	0	
0	[SLAMPOS]	0	-97.340	365.510	0	156.750	0	0	
0	[SLAMPOS]	0	-97.220	365.240	0	155.990	0	0	
0	[SLAMPOS]	0	-97.070	364.900	0	155.100	0	0	
0	[SLAMPOS]	0	-96.970	364.690	0	154.510	0	0	
0	[SLAMPOS]	0	-96.840	364.420	0	153.770	0	0	
0	[SLAMPOS]	0	-96.810	364.370	0	153.640	0	0	
0	[SLAMPOS]	0	-96.670	364.100	0	152.900	0	0	
0	[SLAMPOS]	0	-96.530	363.850	0	152.240	0	0	
0	[SLAMPOS]	0	-96.470	363.730	0	151.920	0	0	
0	[SLAMPOS]	0	-96.240	363.340	0	150.920	0	0	
0	[SLAMPOS]	0	-96.220	363.300	0	150.820	0	0	
0	[SLAMPOS]	0	-96.070	363.020	0	150.160	0	0	
0	[SLAMPOS]	0	-95.890	362.710	0	149.450	0	0	
0	[SLAMPOS]	0	-95.860	362.660	0	149.340	0	0	
0	[SLAMPOS]	0	-95.720	362.420	0	148.820	0	0	
0	[SLAMPOS]	0	-95.660	362.310	0	148.590	0	0	
0	[SLAMPOS]	0	-95.380	361.870	0	147.720	0	0	
0	[SLAMPOS]	0	-95.310	361.750	0	147.520	0	0	
0	[SLAMPOS]	0	-95.150	361.510	0	147.080	0	0	
0	[SLAMPOS]	0	-94.930	361.180	0	146.550	0	0	
0	[SLAMPOS]	0	-94.720	360.870	0	146.090	0	0	
0	[SLAMPOS]	0	-94.610	360.710	0	145.880	0	0	
0	[SLAMPOS]	0	-94.450	360.460	0	145.550	0	0	
0	[SLAMPOS]	0	-94.420	360.430	0	145.510	0	0	
0	[SLAMPOS]	0	-94.250	360.160	0	145.190	0	0	
0	[SLAMPOS]	0	-94.100	359.950	0	144.950	0	0	
0	[SLAMPOS]	0	-94.030	359.830	0	144.820	0	0	
0	[SLAMPOS]	0	-93.720	359.390	0	144.370	0	0	
0	[SLAMPOS]	0	-93.640	359.270	0	144.270	0	0	
0	[SLAMPOS]	0	-93.450	359.010	0	144.070	0	0	
0	[SLAMPOS]	0	-93.240	358.700	0	143.870	0	0	
0	[SLAMPOS]	0	-93.150	358.570	0	143.800	0	0	
0	[SLAMPOS]	0	-92.950	358.300	0	143.660	0	0	
0	[SLAMPOS]	0	-92.850	358.160	0	143.600	0	0	
0	[SLAMPOS]	0	-92.660	357.880	0	143.500	0	0	
0	[SLAMPOS]	0	-92.450	357.570	0	143.400	0	0	
0	[SLAMPOS]	0	-92.400	357.500	0	143.380	0	0	
0	[SLAMPOS]	0	-92.160	357.190	0	143.290	0	0	
0	[SLAMPOS]	0	-91.880	356.810	0	143.230	0	0	
0	[SLAMPOS]	0	-91.830	356.730	0	143.220	0	0	
0	[SLAMPOS]	0	-91.570	356.380	0	143.180	0	0	
0	[SLAMPOS]	0	-91.330	356.050	0	143.040	0	0	
0	[SLAMPOS]	0	-91.300	356.010	0	143.040	0	0	
0	[SLAMPOS]	0	-90.980	355.550	0	143.110	0	0	
0	[SLAMPOS]	0	-90.860	355.390	0	143.080	0	0	
0	[SLAMPOS]	0	-90.650	355.100	0	143.060	0	0	
0	[SLAMPOS]	0	-90.410	354.750	0	143.060	0	0	
0	[SLAMPOS]	0	-90.310	354.620	0	143.050	0	0	
0	[SLAMPOS]	0	-90.090	354.320	0	143.000	0	0	
0	[SLAMPOS]	0	-89.850	353.970	0	143.010	0	0	
0	[SLAMPOS]	0	-89.780	353.880	0	143.010	0	0	
0	[SLAMPOS]	0	-89.530	353.530	0	143.020	0	0	
0	[SLAMPOS]	0	-89.470	353.440	0	143.010	0	0	
0	[SLAMPOS]	0	-89.210	353.080	0	143.000	0	0	
0	[SLAMPOS]	0	-88.840	352.580	0	142.990	0	0	
0	[SLAMPOS]	0	-88.740	352.430	0	142.980	0	0	
0	[SLAMPOS]	0	-88.510	352.120	0	142.900	0	0	
0	[SLAMPOS]	0	-88.250	351.760	0	142.880	0	0	
0	[SLAMPOS]	0	-88.180	351.670	0	142.870	0	0	
0	[SLAMPOS]	0	-87.920	351.290	0	142.870	0	0	
0	[SLAMPOS]	0	-87.650	350.920	0	142.880	0	0	
0	[SLAMPOS]	0	-87.580	350.820	0	142.870	0	0	
0	[SLAMPOS]	0	-87.310	350.460	0	142.850	0	0	
0	[SLAMPOS]	0	-87.240	350.360	0	142.840	0	0	
0	[SLAMPOS]	0	-86.950	349.980	0	142.800	0	0	
0	[SLAMPOS]	0	-86.720	349.660	0	142.770	0	0	
0	[SLAMPOS]	0	-86.620	349.520	0	142.780	0	0	
0	[SLAMPOS]	0	-86.200	348.950	0	142.760	0	0	
0	[SLAMPOS]	0	-86.100	348.800	0	142.760	0	0	
0	[SLAMPOS]	0	-85.990	348.650	0	142.770	0	0	
0	[SLAMPOS]	0	-85.570	348.070	0	142.780	0	0	
0	[SLAMPOS]	0	-85.460	347.920	0	142.780	0	0	
0	[SLAMPOS]	0	-85.210	347.580	0	142.740	0	0	
0	[SLAMPOS]	0	-84.920	347.190	0	142.700	0	0	
0	[SLAMPOS]	0	-84.840	347.090	0	142.690	0	0	
0	[SLAMPOS]	0	-84.560	346.700	0	142.670	0	0	
0	[SLAMPOS]	0	-84.300	346.350	0	142.680	0	0	
0	[SLAMPOS]	0	-84.180	346.180	0	142.680	0	0	
0	[SLAMPOS]	0	-83.840	345.700	0	142.680	0	0	
0	[SLAMPOS]	0	-83.650	345.440	0	142.670	0	0	
0	[SLAMPOS]	0	-83.520	345.270	0	142.650	0	0	
0	[SLAMPOS]	0	-83.050	344.630	0	142.600	0	0	
0	[SLAMPOS]	0	-82.960	344.500	0	142.610	0	0	
0	[SLAMPOS]	0	-82.710	344.170	0	142.580	0	0	
0	[SLAMPOS]	0	-82.400	343.750	0	142.580	0	0	
0	[SLAMPOS]	0	-82.320	343.640	0	142.580	0	0	
0	[SLAMPOS]	0	-81.940	343.120	0	142.560	0	0	
0	[SLAMPOS]	0	-81.670	342.750	0	142.560	0	0	
0	[SLAMPOS]	0	-81.620	342.680	0	142.550	0	0	
0	[SLAMPOS]	0	-81.360	342.330	0	142.530	0	0	
0	[SLAMPOS]	0	-81.060	341.920	0	142.520	0	0	
0	[SLAMPOS]	0	-80.790	341.560	0	142.490	0	0	
0	[SLAMPOS]	0	-80.460	341.110	0	142.490	0	0	
0	[SLAMPOS]	0	-80.340	340.940	0	142.480	0	0	
0	[SLAMPOS]	0	-80.070	340.570	0	142.470	0	0	
0	[SLAMPOS]	0	-79.750	340.140	0	142.440	0	0	
0	[SLAMPOS]	0	-79.680	340.060	0	142.440	0	0	
0	[SLAMPOS]	0	-79.350	339.610	0	142.440	0	0	
0	[SLAMPOS]	0	-79.270	339.490	0	142.440	0	0	
0	[SLAMPOS]	0	-78.940	339.050	0	142.430	0	0	
0	[SLAMPOS]	0	-78.640	338.650	0	142.440	0	0	
0	[SLAMPOS]	0	-78.490	338.440	0	142.430	0	0	
0	[SLAMPOS]	0	-78.180	338.020	0	142.410	0	0	
0	[SLAMPOS]	0	-77.910	337.660	0	142.430	0	0	
0	[SLAMPOS]	0	-77.630	337.270	0	142.440	0	0	
0	[SLAMPOS]	0	-77.290	336.810	0	142.460	0	0	
0	[SLAMPOS]	0	-77.170	336.650	0	142.460	0	0	
0	[SLAMPOS]	0	-76.880	336.260	0	142.450	0	0	
0	[SLAMPOS]	0	-76.550	335.800	0	142.460	0	0	
0	[SLAMPOS]	0	-76.450	335.680	0	142.470	0	0	
0	[SLAMPOS]	0	-76.120	335.220	0	142.470	0	0	
0	[SLAMPOS]	0	-75.840	334.840	0	142.480	0	0	
0	[SLAMPOS]	0	-75.720	334.670	0	142.460	0	0	
0	[SLAMPOS]	0	-75.220	333.990	0	142.480	0	0	
0	[SLAMPOS]	0	-75.100	333.820	0	142.500	0	0	
0	[SLAMPOS]	0	-74.800	333.430	0	142.490	0	0	
0	[SLAMPOS]	0	-74.450	332.940	0	142.490	0	0	
0	[SLAMPOS]	0	-74.300	332.740	0	142.480	0	0	
0	[SLAMPOS]	0	-74.000	332.340	0	142.480	0	0	
0	[SLAMPOS]	0	-73.670	331.870	0	142.500	0	0	
0	[SLAMPOS]	0	-73.570	331.750	0	142.500	0	0	
0	[SLAMPOS]	0	-73.170	331.200	0	142.510	0	0	
0	[SLAMPOS]	0	-73.130	331.150	0	142.510	0	0	
0	[SLAMPOS]	0	-72.810	330.710	0	142.520	0	0	
0	[SLAMPOS]	0	-72.520	330.320	0	142.510	0	0	
0	[SLAMPOS]	0	-72.380	330.120	0	142.510	0	0	
0	[SLAMPOS]	0	-72.030	329.650	0	142.500	0	0	
0	[SLAMPOS]	0	-71.740	329.260	0	142.500	0	0	
0	[SLAMPOS]	0	-71.600	329.060	0	142.520	0	0	
0	[SLAMPOS]	0	-71.090	328.370	0	142.530	0	0	
0	[SLAMPOS]	0	-70.930	328.160	0	142.520	0	0	
0	[SLAMPOS]	0	-70.650	327.770	0	142.520	0	0	
0	[SLAMPOS]	0	-70.300	327.300	0	142.510	0	0	
0	[SLAMPOS]	0	-70.210	327.180	0	142.510	0	0	
0	[SLAMPOS]	0	-69.810	326.630	0	142.520	0	0	
0	[SLAMPOS]	0	-69.490	326.190	0	142.520	0	0	
0	[SLAMPOS]	0	-69.390	326.060	0	142.520	0	0	
0	[SLAMPOS]	0	-69.050	325.590	0	142.530	0	0	
0	[SLAMPOS]	0	-68.740	325.170	0	142.530	0	0	
0	[SLAMPOS]	0	-68.590	324.970	0	142.530	0	0	
0	[SLAMPOS]	0	-68.080	324.280	0	142.530	0	0	
0	[SLAMPOS]	0	-67.960	324.100	0	142.530	0	0	
0	[SLAMPOS]	0	-67.640	323.660	0	142.520	0	0	
0	[SLAMPOS]	0	-67.250	323.130	0	142.520	0	0	
0	[SLAMPOS]	0	-67.180	323.050	0	142.520	0	0	
0	[SLAMPOS]	0	-66.840	322.570	0	142.520	0	0	
0	[SLAMPOS]	0	-66.750	322.450	0	142.520	0	0	
0	[SLAMPOS]	0	-66.240	321.770	0	142.510	0	0	
0	[SLAMPOS]	0	-65.990	321.420	0	142.520	0	0	
0	[SLAMPOS]	0	-65.860	321.250	0	142.520	0	0	
0	[SLAMPOS]	0	-65.520	320.780	0	142.520	0	0	
0	[SLAMPOS]	0	-65.230	320.390	0	142.510	0	0	
0	[SLAMPOS]	0	-65.090	320.190	0	142.510	0	0	
0	[SLAMPOS]	0	-64.550	319.460	0	142.520	0	0	
0	[SLAMPOS]	0	-64.410	319.260	0	142.530	0	0	
0	[SLAMPOS]	0	-64.280	319.080	0	142.530	0	0	
0	[SLAMPOS]	0	-63.740	318.350	0	142.520	0	0	
0	[SLAMPOS]	0	-63.590	318.140	0	142.530	0	0	
0	[SLAMPOS]	0	-63.260	317.700	0	142.520	0	0	
0	[SLAMPOS]	0	-62.850	317.130	0	142.530	0	0	
0	[SLAMPOS]	0	-62.710	316.940	0	142.530	0	0	
0	[SLAMPOS]	0	-62.420	316.550	0	142.520	0	0	
0	[SLAMPOS]	0	-62.050	316.040	0	142.510	0	0	
0	[SLAMPOS]	0	-61.950	315.910	0	142.510	0	0	
0	[SLAMPOS]	0	-61.580	315.410	0	142.510	0	0	
0	[SLAMPOS]	0	-61.230	314.940	0	142.510	0	0	
0	[SLAMPOS]	0	-61.080	314.730	0	142.510	0	0	
0	[SLAMPOS]	0	-60.760	314.300	0	142.500	0	0	
0	[SLAMPOS]	0	-60.610	314.090	0	142.500	0	0	
0	[SLAMPOS]	0	-60.230	313.570	0	142.490	0	0	
0	[SLAMPOS]	0	-59.910	313.130	0	142.480	0	0	
0	[SLAMPOS]	0	-59.760	312.930	0	142.480	0	0	
0	[SLAMPOS]	0	-59.180	312.150	0	142.480	0	0	
0	[SLAMPOS]	0	-59.040	311.960	0	142.490	0	0	
0	[SLAMPOS]	0	-58.720	311.520	0	142.490	0	0	
0	[SLAMPOS]	0	-58.340	311.010	0	142.480	0	0	
0	[SLAMPOS]	0	-58.240	310.870	0	142.470	0	0	
0	[SLAMPOS]	0	-57.860	310.360	0	142.470	0	0	
0	[SLAMPOS]	0	-57.470	309.820	0	142.480	0	0	
0	[SLAMPOS]	0	-57.370	309.680	0	142.470	0	0	
0	[SLAMPOS]	0	-56.980	309.150	0	142.460	0	0	
0	[SLAMPOS]	0	-56.530	308.540	0	142.450	0	0	
0	[SLAMPOS]	0	-56.370	308.330	0	142.420	0	0	
0	[SLAMPOS]	0	-56.020	307.860	0	142.430	0	0	
0	[SLAMPOS]	0	-55.720	307.450	0	142.410	0	0	
0	[SLAMPOS]	0	-55.620	307.300	0	142.400	0	0	
0	[SLAMPOS]	0	-55.050	306.530	0	142.340	0	0	
0	[SLAMPOS]	0	-54.900	306.330	0	142.330	0	0	
0	[SLAMPOS]	0	-54.560	305.880	0	142.310	0	0	
0	[SLAMPOS]	0	-54.180	305.360	0	142.290	0	0	
0	[SLAMPOS]	0	-54.070	305.220	0	142.290	0	0	
0	[SLAMPOS]	0	-53.680	304.700	0	142.320	0	0	
0	[SLAMPOS]	0	-53.570	304.550	0	142.330	0	0	
0	[SLAMPOS]	0	-53.190	304.040	0	142.370	0	0	
0	[SLAMPOS]	0	-52.840	303.580	0	142.390	0	0	
0	[SLAMPOS]	0	-52.660	303.330	0	142.400	0	0	
0	[SLAMPOS]	0	-52.270	302.790	0	142.420	0	0	
0	[SLAMPOS]	0	-51.930	302.330	0	142.440	0	0	
0	[SLAMPOS]	0	-51.780	302.110	0	142.460	0	0	
0	[SLAMPOS]	0	-51.190	301.320	0	142.490	0	0	
0	[SLAMPOS]	0	-51.030	301.100	0	142.490	0	0	
0	[SLAMPOS]	0	-50.700	300.660	0	142.510	0	0	
0	[SLAMPOS]	0	-50.300	300.110	0	142.530	0	0	
0	[SLAMPOS]	0	-50.200	299.980	0	142.530	0	0	
0	[SLAMPOS]	0	-49.810	299.440	0	142.540	0	0	
0	[SLAMPOS]	0	-49.410	298.890	0	142.560	0	0	
0	[SLAMPOS]	0	-49.300	298.750	0	142.570	0	0	
0	[SLAMPOS]	0	-48.900	298.190	0	142.600	0	0	
0	[SLAMPOS]	0	-48.800	298.050	0	142.600	0	0	
0	[SLAMPOS]	0	-48.400	297.520	0	142.610	0	0	
0	[SLAMPOS]	0	-48.050	297.040	0	142.620	0	0	
0	[SLAMPOS]	0	-47.870	296.790	0	142.630	0	0	
0	[SLAMPOS]	0	-47.440	296.200	0	142.660	0	0	
0	[SLAMPOS]	0	-47.130	295.770	0	142.680	0	0	
0	[SLAMPOS]	0	-46.990	295.570	0	142.680	0	0	
0	[SLAMPOS]	0	-46.400	294.780	0	142.710	0	0	
0	[SLAMPOS]	0	-46.240	294.560	0	142.710	0	0	
0	[SLAMPOS]	0	-46.000	294.220	0	142.730	0	0	
0	[SLAMPOS]	0	-45.580	293.630	0	142.750	0	0	
0	[SLAMPOS]	0	-45.280	293.220	0	142.760	0	0	
0	[SLAMPOS]	0	-44.970	292.810	0	142.770	0	0	
0	[SLAMPOS]	0	-44.620	292.330	0	142.770	0	0	
0	[SLAMPOS]	0	-44.550	292.230	0	142.780	0	0	
0	[SLAMPOS]	0	-44.180	291.720	0	142.800	0	0	
0	[SLAMPOS]	0	-43.850	291.260	0	142.830	0	0	
0	[SLAMPOS]	0	-43.700	291.060	0	142.830	0	0	
0	[SLAMPOS]	0	-43.340	290.560	0	142.850	0	0	
0	[SLAMPOS]	0	-42.980	290.070	0	142.850	0	0	
0	[SLAMPOS]	0	-42.660	289.630	0	142.870	0	0	
0	[SLAMPOS]	0	-42.290	289.100	0	142.890	0	0	
0	[SLAMPOS]	0	-42.090	288.830	0	142.900	0	0	
0	[SLAMPOS]	0	-41.730	288.340	0	142.910	0	0	
0	[SLAMPOS]	0	-41.310	287.760	0	142.900	0	0	
0	[SLAMPOS]	0	-41.190	287.590	0	142.910	0	0	
0	[SLAMPOS]	0	-40.890	287.170	0	142.890	0	0	
0	[SLAMPOS]	0	-40.840	287.110	0	142.890	0	0	
0	[SLAMPOS]	0	-40.480	286.600	0	142.860	0	0	
0	[SLAMPOS]	0	-40.160	286.170	0	142.830	0	0	
0	[SLAMPOS]	0	-40.030	285.980	0	142.810	0	0	
0	[SLAMPOS]	0	-39.620	285.430	0	142.770	0	0	
0	[SLAMPOS]	0	-39.300	284.990	0	142.750	0	0	
0	[SLAMPOS]	0	-39.160	284.790	0	142.750	0	0	
0	[SLAMPOS]	0	-38.600	284.040	0	142.710	0	0	
0	[SLAMPOS]	0	-38.460	283.850	0	142.700	0	0	
0	[SLAMPOS]	0	-38.130	283.400	0	142.670	0	0	
0	[SLAMPOS]	0	-37.740	282.850	0	142.630	0	0	
0	[SLAMPOS]	0	-37.610	282.690	0	142.620	0	0	
0	[SLAMPOS]	0	-37.290	282.240	0	142.600	0	0	
0	[SLAMPOS]	0	-36.970	281.810	0	142.580	0	0	
0	[SLAMPOS]	0	-36.790	281.560	0	142.570	0	0	
0	[SLAMPOS]	0	-36.430	281.060	0	142.550	0	0	
0	[SLAMPOS]	0	-36.120	280.640	0	142.530	0	0	
0	[SLAMPOS]	0	-35.970	280.440	0	142.520	0	0	
0	[SLAMPOS]	0	-35.410	279.690	0	142.500	0	0	
0	[SLAMPOS]	0	-35.290	279.510	0	142.490	0	0	
0	[SLAMPOS]	0	-34.960	279.060	0	142.490	0	0	
0	[SLAMPOS]	0	-34.580	278.550	0	142.480	0	0	
0	[SLAMPOS]	0	-34.460	278.390	0	142.480	0	0	
0	[SLAMPOS]	0	-34.030	277.810	0	142.450	0	0	
0	[SLAMPOS]	0	-33.640	277.270	0	142.440	0	0	
0	[SLAMPOS]	0	-33.530	277.130	0	142.440	0	0	
0	[SLAMPOS]	0	-33.220	276.700	0	142.430	0	0	
0	[SLAMPOS]	0	-33.110	276.570	0	142.430	0	0	
0	[SLAMPOS]	0	-32.580	275.850	0	142.420	0	0	
0	[SLAMPOS]	0	-32.400	275.600	0	142.410	0	0	
0	[SLAMPOS]	0	-32.040	275.110	0	142.380	0	0	
0	[SLAMPOS]	0	-31.690	274.650	0	142.370	0	0	
0	[SLAMPOS]	0	-31.300	274.110	0	142.370	0	0	
0	[SLAMPOS]	0	-31.150	273.910	0	142.360	0	0	
0	[SLAMPOS]	0	-30.870	273.530	0	142.360	0	0	
0	[SLAMPOS]	0	-30.310	272.780	0	142.370	0	0	
0	[SLAMPOS]	0	-30.190	272.610	0	142.360	0	0	
0	[SLAMPOS]	0	-29.890	272.210	0	142.360	0	0	
0	[SLAMPOS]	0	-29.820	272.130	0	142.370	0	0	
0	[SLAMPOS]	0	-29.500	271.680	0	142.350	0	0	
0	[SLAMPOS]	0	-29.050	271.070	0	142.360	0	0	
0	[SLAMPOS]	0	-28.490	270.320	0	142.410	0	0	
0	[SLAMPOS]	0	-28.350	270.120	0	142.420	0	0	
0	[SLAMPOS]	0	-28.020	269.680	0	142.470	0	0	
0	[SLAMPOS]	0	-27.570	269.060	0	142.510	0	0	
0	[SLAMPOS]	0	-27.350	268.770	0	142.520	0	0	
0	[SLAMPOS]	0	-27.010	268.310	0	142.550	0	0	
0	[SLAMPOS]	0	-26.690	267.850	0	142.580	0	0	
0	[SLAMPOS]	0	-26.590	267.720	0	142.600	0	0	
0	[SLAMPOS]	0	-26.240	267.240	0	142.640	0	0	
0	[SLAMPOS]	0	-25.940	266.830	0	142.670	0	0	
0	[SLAMPOS]	0	-25.790	266.620	0	142.680	0	0	
0	[SLAMPOS]	0	-25.220	265.850	0	142.730	0	0	
0	[SLAMPOS]	0	-25.070	265.630	0	142.730	0	0	
0	[SLAMPOS]	0	-24.720	265.160	0	142.770	0	0	
0	[SLAMPOS]	0	-24.350	264.650	0	142.790	0	0	
0	[SLAMPOS]	0	-24.240	264.500	0	142.810	0	0	
0	[SLAMPOS]	0	-23.880	263.990	0	142.820	0	0	
0	[SLAMPOS]	0	-23.460	263.410	0	142.840	0	0	
0	[SLAMPOS]	0	-23.400	263.340	0	142.840	0	0	
0	[SLAMPOS]	0	-23.000	262.770	0	142.860	0	0	
0	[SLAMPOS]	0	-22.920	262.670	0	142.860	0	0	
0	[SLAMPOS]	0	-24.940	258.840	0	140.130	0	0	
0	[SLAMPOS]	0	-22.160	261.630	0	142.880	0	0	
0	[SLAMPOS]	0	-22.050	261.470	0	142.880	0	0	
0	[SLAMPOS]	0	-21.520	260.750	0	142.880	0	0	
0	[SLAMPOS]	0	-21.130	260.210	0	142.870	0	0	
0	[SLAMPOS]	0	-21.040	260.080	0	142.880	0	0	
0	[SLAMPOS]	0	-20.650	259.540	0	142.890	0	0	
0	[SLAMPOS]	0	-20.550	259.410	0	142.900	0	0	
0	[SLAMPOS]	0	-20.170	258.880	0	142.920	0	0	
0	[SLAMPOS]	0	-19.830	258.400	0	142.930	0	0	
0	[SLAMPOS]	0	-19.680	258.210	0	142.920	0	0	
0	[SLAMPOS]	0	-19.110	257.420	0	142.930	0	0	
0	[SLAMPOS]	0	-18.970	257.210	0	142.940	0	0	
0	[SLAMPOS]	0	-18.630	256.750	0	142.950	0	0	
0	[SLAMPOS]	0	-18.240	256.210	0	142.950	0	0	
0	[SLAMPOS]	0	-18.090	256.000	0	142.940	0	0	
0	[SLAMPOS]	0	-17.760	255.540	0	142.960	0	0	
0	[SLAMPOS]	0	-17.370	255.020	0	142.960	0	0	
0	[SLAMPOS]	0	-17.270	254.880	0	142.970	0	0	
0	[SLAMPOS]	0	-16.890	254.330	0	142.980	0	0	
0	[SLAMPOS]	0	-16.780	254.190	0	142.990	0	0	
0	[SLAMPOS]	0	-16.410	253.670	0	143.020	0	0	
0	[SLAMPOS]	0	-16.070	253.210	0	143.040	0	0	
0	[SLAMPOS]	0	-15.690	252.660	0	143.020	0	0	
0	[SLAMPOS]	0	-15.530	252.450	0	143.030	0	0	
0	[SLAMPOS]	0	-15.200	251.990	0	143.050	0	0	
0	[SLAMPOS]	0	-14.800	251.430	0	143.060	0	0	
0	[SLAMPOS]	0	-14.460	250.970	0	143.070	0	0	
0	[SLAMPOS]	0	-14.080	250.440	0	143.060	0	0	
0	[SLAMPOS]	0	-13.960	250.280	0	143.070	0	0	
0	[SLAMPOS]	0	-13.590	249.750	0	143.090	0	0	
0	[SLAMPOS]	0	-13.480	249.600	0	143.090	0	0	
0	[SLAMPOS]	0	-13.060	249.020	0	143.100	0	0	
0	[SLAMPOS]	0	-12.680	248.490	0	143.080	0	0	
0	[SLAMPOS]	0	-12.560	248.330	0	143.080	0	0	
0	[SLAMPOS]	0	-12.180	247.800	0	143.090	0	0	
0	[SLAMPOS]	0	-11.840	247.330	0	143.100	0	0	
0	[SLAMPOS]	0	-11.690	247.110	0	143.110	0	0	
0	[SLAMPOS]	0	-11.110	246.300	0	143.130	0	0	
0	[SLAMPOS]	0	-10.950	246.090	0	143.120	0	0	
0	[SLAMPOS]	0	-10.800	245.870	0	143.120	0	0	
0	[SLAMPOS]	0	-10.220	245.070	0	143.140	0	0	
0	[SLAMPOS]	0	-10.070	244.850	0	143.140	0	0	
0	[SLAMPOS]	0	-9.720	244.370	0	143.160	0	0	
0	[SLAMPOS]	0	-9.330	243.810	0	143.150	0	0	
0	[SLAMPOS]	0	-9.130	243.530	0	143.140	0	0	
0	[SLAMPOS]	0	-8.840	243.120	0	143.150	0	0	
0	[SLAMPOS]	0	-8.730	242.970	0	143.150	0	0	
0	[SLAMPOS]	0	-8.340	242.430	0	143.150	0	0	
0	[SLAMPOS]	0	-7.940	241.870	0	143.160	0	0	
0	[SLAMPOS]	0	-7.840	241.740	0	143.170	0	0	
0	[SLAMPOS]	0	-7.450	241.190	0	143.170	0	0	
0	[SLAMPOS]	0	-7.100	240.700	0	143.200	0	0	
0	[SLAMPOS]	0	-6.940	240.480	0	143.200	0	0	
0	[SLAMPOS]	0	-6.340	239.660	0	143.260	0	0	
0	[SLAMPOS]	0	-6.200	239.460	0	143.270	0	0	
0	[SLAMPOS]	0	-5.850	238.970	0	143.330	0	0	
0	[SLAMPOS]	0	-5.460	238.410	0	143.380	0	0	
0	[SLAMPOS]	0	-5.350	238.270	0	143.390	0	0	
0	[SLAMPOS]	0	-4.950	237.710	0	143.430	0	0	
0	[SLAMPOS]	0	-4.550	237.120	0	143.470	0	0	
0	[SLAMPOS]	0	-4.450	236.990	0	143.480	0	0	
0	[SLAMPOS]	0	-4.050	236.410	0	143.520	0	0	
0	[SLAMPOS]	0	-3.660	235.860	0	143.550	0	0	
0	[SLAMPOS]	0	-3.550	235.710	0	143.550	0	0	
0	[SLAMPOS]	0	-2.970	234.890	0	143.580	0	0	
0	[SLAMPOS]	0	-2.820	234.670	0	143.580	0	0	
0	[SLAMPOS]	0	-2.460	234.180	0	143.610	0	0	
0	[SLAMPOS]	0	-2.080	233.610	0	143.620	0	0	
0	[SLAMPOS]	0	-1.980	233.480	0	143.640	0	0	
0	[SLAMPOS]	0	-1.580	232.910	0	143.660	0	0	
0	[SLAMPOS]	0	-1.240	232.440	0	143.670	0	0	
0	[SLAMPOS]	0	-1.050	232.160	0	143.680	0	0	
0	[SLAMPOS]	0	-0.650	231.590	0	143.700	0	0	
0	[SLAMPOS]	0	-0.300	231.110	0	143.730	0	0	
0	[SLAMPOS]	0	0.050	230.610	0	143.760	0	0	
0	[SLAMPOS]	0	0.450	230.030	0	143.760	0	0	
0	[SLAMPOS]	0	0.620	229.790	0	143.770	0	0	
0	[SLAMPOS]	0	0.980	229.290	0	143.790	0	0	
0	[SLAMPOS]	0	1.140	229.050	0	143.800	0	0	
0	[SLAMPOS]	0	1.490	228.560	0	143.820	0	0	
0	[SLAMPOS]	0	1.880	227.980	0	143.850	0	0	
0	[SLAMPOS]	0	1.980	227.830	0	143.860	0	0	
0	[SLAMPOS]	0	2.380	227.260	0	143.890	0	0	
0	[SLAMPOS]	0	2.830	226.600	0	143.920	0	0	
0	[SLAMPOS]	0	2.890	226.510	0	143.930	0	0	
0	[SLAMPOS]	0	3.490	225.660	0	143.970	0	0	
0	[SLAMPOS]	0	3.640	225.440	0	143.980	0	0	
0	[SLAMPOS]	0	4.040	224.850	0	144.000	0	0	
0	[SLAMPOS]	0	4.410	224.330	0	144.030	0	0	
0	[SLAMPOS]	0	4.810	223.740	0	144.060	0	0	
0	[SLAMPOS]	0	4.920	223.590	0	144.070	0	0	
0	[SLAMPOS]	0	5.330	222.990	0	144.100	0	0	
0	[SLAMPOS]	0	5.450	222.830	0	144.110	0	0	
0	[SLAMPOS]	0	5.870	222.220	0	144.130	0	0	
0	[SLAMPOS]	0	6.230	221.710	0	144.160	0	0	
0	[SLAMPOS]	0	6.390	221.470	0	144.170	0	0	
0	[SLAMPOS]	0	7.010	220.570	0	144.240	0	0	
0	[SLAMPOS]	0	7.170	220.340	0	144.240	0	0	
0	[SLAMPOS]	0	7.330	220.100	0	144.240	0	0	
0	[SLAMPOS]	0	7.940	219.220	0	144.310	0	0	
0	[SLAMPOS]	0	8.100	218.990	0	144.310	0	0	
0	[SLAMPOS]	0	8.460	218.470	0	144.370	0	0	
0	[SLAMPOS]	0	8.870	217.870	0	144.420	0	0	
0	[SLAMPOS]	0	9.000	217.700	0	144.440	0	0	
0	[SLAMPOS]	0	9.400	217.100	0	144.450	0	0	
0	[SLAMPOS]	0	9.510	216.940	0	144.460	0	0	
0	[SLAMPOS]	0	9.920	216.310	0	144.490	0	0	
0	[SLAMPOS]	0	10.450	215.520	0	144.540	0	0	
0	[SLAMPOS]	0	10.520	215.430	0	144.550	0	0	
0	[SLAMPOS]	0	10.900	214.860	0	144.570	0	0	
0	[SLAMPOS]	0	11.240	214.360	0	144.620	0	0	
0	[SLAMPOS]	0	11.660	213.720	0	144.680	0	0	
0	[SLAMPOS]	0	12.060	213.160	0	144.710	0	0	
0	[SLAMPOS]	0	12.240	212.880	0	144.710	0	0	
0	[SLAMPOS]	0	12.610	212.350	0	144.710	0	0	
0	[SLAMPOS]	0	13.030	211.710	0	144.730	0	0	
0	[SLAMPOS]	0	13.200	211.460	0	144.750	0	0	
0	[SLAMPOS]	0	13.560	210.900	0	144.750	0	0	
0	[SLAMPOS]	0	13.990	210.270	0	144.670	0	0	
0	[SLAMPOS]	0	14.110	210.100	0	144.660	0	0	
0	[SLAMPOS]	0	14.530	209.470	0	144.610	0	0	
0	[SLAMPOS]	0	14.920	208.920	0	144.570	0	0	
0	[SLAMPOS]	0	15.100	208.640	0	144.570	0	0	
0	[SLAMPOS]	0	15.740	207.720	0	144.530	0	0	
0	[SLAMPOS]	0	15.920	207.470	0	144.520	0	0	
0	[SLAMPOS]	0	16.310	206.910	0	144.500	0	0	
0	[SLAMPOS]	0	16.730	206.280	0	144.470	0	0	
0	[SLAMPOS]	0	16.890	206.020	0	144.490	0	0	
0	[SLAMPOS]	0	17.290	205.440	0	144.490	0	0	
0	[SLAMPOS]	0	17.710	204.820	0	144.480	0	0	
0	[SLAMPOS]	0	17.840	204.640	0	144.480	0	0	
0	[SLAMPOS]	0	18.280	203.990	0	144.460	0	0	
0	[SLAMPOS]	0	18.390	203.840	0	144.460	0	0	
0	[SLAMPOS]	0	18.830	203.190	0	144.470	0	0	
0	[SLAMPOS]	0	19.230	202.600	0	144.460	0	0	
0	[SLAMPOS]	0	19.670	201.950	0	144.460	0	0	
0	[SLAMPOS]	0	20.060	201.400	0	144.450	0	0	
0	[SLAMPOS]	0	20.510	200.740	0	144.450	0	0	
0	[SLAMPOS]	0	20.690	200.470	0	144.450	0	0	
0	[SLAMPOS]	0	21.070	199.920	0	144.440	0	0	
0	[SLAMPOS]	0	21.510	199.280	0	144.440	0	0	
0	[SLAMPOS]	0	21.640	199.090	0	144.440	0	0	
0	[SLAMPOS]	0	22.090	198.430	0	144.420	0	0	
0	[SLAMPOS]	0	22.240	198.230	0	144.420	0	0	
0	[SLAMPOS]	0	22.680	197.590	0	144.410	0	0	
0	[SLAMPOS]	0	23.170	196.870	0	144.410	0	0	
0	[SLAMPOS]	0	23.220	196.790	0	144.400	0	0	
0	[SLAMPOS]	0	23.940	195.760	0	144.390	0	0	
0	[SLAMPOS]	0	24.140	195.450	0	144.390	0	0	
0	[SLAMPOS]	0	24.320	195.190	0	144.390	0	0	
0	[SLAMPOS]	0	25.000	194.190	0	144.380	0	0	
0	[SLAMPOS]	0	25.180	193.930	0	144.380	0	0	
0	[SLAMPOS]	0	25.580	193.350	0	144.370	0	0	
0	[SLAMPOS]	0	26.080	192.620	0	144.360	0	0	
0	[SLAMPOS]	0	26.270	192.330	0	144.360	0	0	
0	[SLAMPOS]	0	26.650	191.780	0	144.350	0	0	
0	[SLAMPOS]	0	27.150	191.050	0	144.350	0	0	
0	[SLAMPOS]	0	27.270	190.880	0	144.340	0	0	
0	[SLAMPOS]	0	27.730	190.210	0	144.340	0	0	
0	[SLAMPOS]	0	27.960	189.880	0	144.340	0	0	
0	[SLAMPOS]	0	28.360	189.310	0	144.340	0	0	
0	[SLAMPOS]	0	28.840	188.600	0	144.320	0	0	
0	[SLAMPOS]	0	28.950	188.440	0	144.330	0	0	
0	[SLAMPOS]	0	29.400	187.780	0	144.330	0	0	
0	[SLAMPOS]	0	29.810	187.190	0	144.340	0	0	
0	[SLAMPOS]	0	30.000	186.920	0	144.340	0	0	
0	[SLAMPOS]	0	30.440	186.280	0	144.350	0	0	
0	[SLAMPOS]	0	30.910	185.590	0	144.360	0	0	
0	[SLAMPOS]	0	31.130	185.260	0	144.360	0	0	
0	[SLAMPOS]	0	31.560	184.650	0	144.370	0	0	
0	[SLAMPOS]	0	31.730	184.380	0	144.370	0	0	
0	[SLAMPOS]	0	32.420	183.390	0	144.390	0	0	
0	[SLAMPOS]	0	32.600	183.110	0	144.390	0	0	
0	[SLAMPOS]	0	33.020	182.510	0	144.400	0	0	
0	[SLAMPOS]	0	33.500	181.820	0	144.400	0	0	
0	[SLAMPOS]	0	33.630	181.630	0	144.400	0	0	
0	[SLAMPOS]	0	34.090	180.940	0	144.420	0	0	
0	[SLAMPOS]	0	34.540	180.280	0	144.430	0	0	
0	[SLAMPOS]	0	34.680	180.090	0	144.430	0	0	
0	[SLAMPOS]	0	35.150	179.390	0	144.420	0	0	
0	[SLAMPOS]	0	35.580	178.770	0	144.430	0	0	
0	[SLAMPOS]	0	35.760	178.500	0	144.430	0	0	
0	[SLAMPOS]	0	36.490	177.440	0	144.440	0	0	
0	[SLAMPOS]	0	36.670	177.170	0	144.440	0	0	
0	[SLAMPOS]	0	37.070	176.590	0	144.450	0	0	
0	[SLAMPOS]	0	37.540	175.900	0	144.460	0	0	
0	[SLAMPOS]	0	37.670	175.710	0	144.470	0	0	
0	[SLAMPOS]	0	38.140	175.020	0	144.460	0	0	
0	[SLAMPOS]	0	38.580	174.390	0	144.460	0	0	
0	[SLAMPOS]	0	38.750	174.120	0	144.470	0	0	
0	[SLAMPOS]	0	39.240	173.410	0	144.480	0	0	
0	[SLAMPOS]	0	39.700	172.750	0	144.490	0	0	
0	[SLAMPOS]	0	39.890	172.470	0	144.480	0	0	
0	[SLAMPOS]	0	40.630	171.400	0	144.490	0	0	
0	[SLAMPOS]	0	40.800	171.120	0	144.500	0	0	
0	[SLAMPOS]	0	41.010	170.820	0	144.500	0	0	
0	[SLAMPOS]	0	41.420	170.210	0	144.510	0	0	
0	[SLAMPOS]	0	41.910	169.510	0	144.510	0	0	
0	[SLAMPOS]	0	42.350	168.860	0	144.510	0	0	
0	[SLAMPOS]	0	42.820	168.170	0	144.530	0	0	
0	[SLAMPOS]	0	42.970	167.960	0	144.530	0	0	
0	[SLAMPOS]	0	43.450	167.250	0	144.540	0	0	
0	[SLAMPOS]	0	43.570	167.070	0	144.540	0	0	
0	[SLAMPOS]	0	44.190	166.160	0	144.560	0	0	
0	[SLAMPOS]	0	44.610	165.530	0	144.560	0	0	
0	[SLAMPOS]	0	44.720	165.380	0	144.560	0	0	
0	[SLAMPOS]	0	45.190	164.670	0	144.570	0	0	
0	[SLAMPOS]	0	45.650	164.020	0	144.580	0	0	
0	[SLAMPOS]	0	45.850	163.710	0	144.590	0	0	
0	[SLAMPOS]	0	46.570	162.650	0	144.600	0	0	
0	[SLAMPOS]	0	46.770	162.360	0	144.610	0	0	
0	[SLAMPOS]	0	47.200	161.730	0	144.610	0	0	
0	[SLAMPOS]	0	47.700	160.990	0	144.620	0	0	
0	[SLAMPOS]	0	47.820	160.810	0	144.620	0	0	
0	[SLAMPOS]	0	48.350	160.030	0	144.630	0	0	
0	[SLAMPOS]	0	48.790	159.360	0	144.650	0	0	
0	[SLAMPOS]	0	48.920	159.180	0	144.650	0	0	
0	[SLAMPOS]	0	49.420	158.440	0	144.650	0	0	
0	[SLAMPOS]	0	49.560	158.240	0	144.660	0	0	
0	[SLAMPOS]	0	50.050	157.520	0	144.660	0	0	
0	[SLAMPOS]	0	50.490	156.880	0	144.670	0	0	
0	[SLAMPOS]	0	50.970	156.150	0	144.680	0	0	
0	[SLAMPOS]	0	51.390	155.550	0	144.690	0	0	
0	[SLAMPOS]	0	51.600	155.230	0	144.690	0	0	
0	[SLAMPOS]	0	52.030	154.600	0	144.690	0	0	
0	[SLAMPOS]	0	52.540	153.840	0	144.710	0	0	
0	[SLAMPOS]	0	52.730	153.560	0	144.710	0	0	
0	[SLAMPOS]	0	53.240	152.820	0	144.720	0	0	
0	[SLAMPOS]	0	53.620	152.250	0	144.730	0	0	
0	[SLAMPOS]	0	53.920	151.790	0	144.740	0	0	
0	[SLAMPOS]	0	54.340	151.180	0	144.730	0	0	
0	[SLAMPOS]	0	54.820	150.470	0	144.730	0	0	
0	[SLAMPOS]	0	54.960	150.280	0	144.730	0	0	
0	[SLAMPOS]	0	55.450	149.540	0	144.730	0	0	
0	[SLAMPOS]	0	55.570	149.380	0	144.730	0	0	
0	[SLAMPOS]	0	56.070	148.640	0	144.740	0	0	
0	[SLAMPOS]	0	56.540	147.940	0	144.750	0	0	
0	[SLAMPOS]	0	56.680	147.740	0	144.760	0	0	
0	[SLAMPOS]	0	57.130	147.050	0	144.750	0	0	
0	[SLAMPOS]	0	57.550	146.440	0	144.760	0	0	
0	[SLAMPOS]	0	57.770	146.120	0	144.750	0	0	
0	[SLAMPOS]	0	58.450	145.130	0	144.770	0	0	
0	[SLAMPOS]	0	58.910	144.430	0	144.780	0	0	
0	[SLAMPOS]	0	59.040	144.250	0	144.780	0	0	
0	[SLAMPOS]	0	59.500	143.560	0	144.780	0	0	
0	[SLAMPOS]	0	59.630	143.380	0	144.780	0	0	
0	[SLAMPOS]	0	60.090	142.690	0	144.760	0	0	
0	[SLAMPOS]	0	60.500	142.090	0	144.770	0	0	
0	[SLAMPOS]	0	60.680	141.820	0	144.770	0	0	
0	[SLAMPOS]	0	61.140	141.120	0	144.780	0	0	
0	[SLAMPOS]	0	61.560	140.520	0	144.790	0	0	
0	[SLAMPOS]	0	61.730	140.260	0	144.780	0	0	
0	[SLAMPOS]	0	62.420	139.250	0	144.780	0	0	
0	[SLAMPOS]	0	62.600	138.990	0	144.780	0	0	
0	[SLAMPOS]	0	63.000	138.400	0	144.780	0	0	
0	[SLAMPOS]	0	63.450	137.720	0	144.790	0	0	
0	[SLAMPOS]	0	63.700	137.350	0	144.780	0	0	
0	[SLAMPOS]	0	64.020	136.880	0	144.780	0	0	
0	[SLAMPOS]	0	64.480	136.200	0	144.780	0	0	
0	[SLAMPOS]	0	64.610	136.020	0	144.780	0	0	
0	[SLAMPOS]	0	65.060	135.340	0	144.790	0	0	
0	[SLAMPOS]	0	65.190	135.160	0	144.790	0	0	
0	[SLAMPOS]	0	65.640	134.490	0	144.790	0	0	
0	[SLAMPOS]	0	66.020	133.930	0	144.790	0	0	
0	[SLAMPOS]	0	66.190	133.680	0	144.780	0	0	
0	[SLAMPOS]	0	66.620	133.030	0	144.770	0	0	
0	[SLAMPOS]	0	67.000	132.480	0	144.780	0	0	
0	[SLAMPOS]	0	67.160	132.240	0	144.770	0	0	
0	[SLAMPOS]	0	67.810	131.280	0	144.770	0	0	
0	[SLAMPOS]	0	67.960	131.050	0	144.770	0	0	
0	[SLAMPOS]	0	68.320	130.520	0	144.780	0	0	
0	[SLAMPOS]	0	68.740	129.900	0	144.770	0	0	
0	[SLAMPOS]	0	68.860	129.730	0	144.770	0	0	
0	[SLAMPOS]	0	69.270	129.110	0	144.770	0	0	
0	[SLAMPOS]	0	69.630	128.590	0	144.780	0	0	
0	[SLAMPOS]	0	69.790	128.350	0	144.770	0	0	
0	[SLAMPOS]	0	70.190	127.750	0	144.770	0	0	
0	[SLAMPOS]	0	70.550	127.230	0	144.770	0	0	
0	[SLAMPOS]	0	70.690	127.000	0	144.780	0	0	
0	[SLAMPOS]	0	71.320	126.090	0	144.780	0	0	
0	[SLAMPOS]	0	71.440	125.890	0	144.780	0	0	
0	[SLAMPOS]	0	71.790	125.380	0	144.790	0	0	
0	[SLAMPOS]	0	72.180	124.790	0	144.790	0	0	
0	[SLAMPOS]	0	72.280	124.650	0	144.810	0	0	
0	[SLAMPOS]	0	72.670	124.070	0	144.820	0	0	
0	[SLAMPOS]	0	72.770	123.930	0	144.860	0	0	
0	[SLAMPOS]	0	73.160	123.350	0	144.860	0	0	
0	[SLAMPOS]	0	73.540	122.790	0	144.910	0	0	
0	[SLAMPOS]	0	73.650	122.630	0	144.940	0	0	
0	[SLAMPOS]	0	74.030	122.060	0	145.050	0	0	
0	[SLAMPOS]	0	74.360	121.570	0	145.140	0	0	
0	[SLAMPOS]	0	74.490	121.360	0	145.170	0	0	
0	[SLAMPOS]	0	75.040	120.540	0	145.300	0	0	
0	[SLAMPOS]	0	75.180	120.320	0	145.340	0	0	
0	[SLAMPOS]	0	75.350	120.060	0	145.370	0	0	
0	[SLAMPOS]	0	75.890	119.220	0	145.500	0	0	
0	[SLAMPOS]	0	76.020	119.020	0	145.520	0	0	
0	[SLAMPOS]	0	76.320	118.560	0	145.590	0	0	
0	[SLAMPOS]	0	76.690	118.000	0	145.650	0	0	
0	[SLAMPOS]	0	76.770	117.880	0	145.680	0	0	
0	[SLAMPOS]	0	77.120	117.330	0	145.730	0	0	
0	[SLAMPOS]	0	77.430	116.860	0	145.770	0	0	
0	[SLAMPOS]	0	77.570	116.650	0	145.770	0	0	
0	[SLAMPOS]	0	77.920	116.100	0	145.770	0	0	
0	[SLAMPOS]	0	78.220	115.650	0	145.770	0	0	
0	[SLAMPOS]	0	78.340	115.450	0	145.760	0	0	
0	[SLAMPOS]	0	78.850	114.670	0	145.750	0	0	
0	[SLAMPOS]	0	78.980	114.470	0	145.750	0	0	
0	[SLAMPOS]	0	79.280	114.020	0	145.760	0	0	
0	[SLAMPOS]	0	79.600	113.550	0	145.770	0	0	
0	[SLAMPOS]	0	79.700	113.390	0	145.760	0	0	
0	[SLAMPOS]	0	80.030	112.870	0	145.760	0	0	
0	[SLAMPOS]	0	80.120	112.740	0	145.740	0	0	
0	[SLAMPOS]	0	80.450	112.220	0	145.700	0	0	
0	[SLAMPOS]	0	80.740	111.780	0	145.660	0	0	
0	[SLAMPOS]	0	80.870	111.580	0	145.650	0	0	
0	[SLAMPOS]	0	81.210	111.070	0	145.600	0	0	
0	[SLAMPOS]	0	81.500	110.630	0	145.560	0	0	
0	[SLAMPOS]	0	81.630	110.430	0	145.550	0	0	
0	[SLAMPOS]	0	82.110	109.700	0	145.490	0	0	
0	[SLAMPOS]	0	82.230	109.510	0	145.470	0	0	
0	[SLAMPOS]	0	82.510	109.100	0	145.430	0	0	
0	[SLAMPOS]	0	82.840	108.590	0	145.390	0	0	
0	[SLAMPOS]	0	82.920	108.490	0	145.380	0	0	
0	[SLAMPOS]	0	83.240	108.000	0	145.340	0	0	
0	[SLAMPOS]	0	83.520	107.580	0	145.300	0	0	
0	[SLAMPOS]	0	83.650	107.390	0	145.280	0	0	
0	[SLAMPOS]	0	83.950	106.920	0	145.240	0	0	
0	[SLAMPOS]	0	84.230	106.510	0	145.210	0	0	
0	[SLAMPOS]	0	84.360	106.320	0	145.190	0	0	
0	[SLAMPOS]	0	84.830	105.620	0	145.130	0	0	
0	[SLAMPOS]	0	84.950	105.420	0	145.110	0	0	
0	[SLAMPOS]	0	85.210	105.040	0	145.090	0	0	
0	[SLAMPOS]	0	85.510	104.590	0	145.060	0	0	
0	[SLAMPOS]	0	85.600	104.460	0	145.050	0	0	
0	[SLAMPOS]	0	85.900	104.020	0	145.010	0	0	
0	[SLAMPOS]	0	85.970	103.910	0	145.000	0	0	
0	[SLAMPOS]	0	86.280	103.440	0	144.960	0	0	
0	[SLAMPOS]	0	86.720	102.800	0	144.910	0	0	
0	[SLAMPOS]	0	86.830	102.630	0	144.900	0	0	
0	[SLAMPOS]	0	86.940	102.460	0	144.880	0	0	
0	[SLAMPOS]	0	87.390	101.800	0	144.810	0	0	
0	[SLAMPOS]	0	87.510	101.620	0	144.790	0	0	
0	[SLAMPOS]	0	87.780	101.220	0	144.760	0	0	
0	[SLAMPOS]	0	88.080	100.780	0	144.720	0	0	
0	[SLAMPOS]	0	88.240	100.540	0	144.700	0	0	
0	[SLAMPOS]	0	88.480	100.200	0	144.670	0	0	
0	[SLAMPOS]	0	88.540	100.110	0	144.680	0	0	
0	[SLAMPOS]	0	88.850	99.660	0	144.630	0	0	
0	[SLAMPOS]	0	89.110	99.280	0	144.630	0	0	
0	[SLAMPOS]	0	89.220	99.110	0	144.610	0	0	
0	[SLAMPOS]	0	89.520	98.680	0	144.620	0	0	
0	[SLAMPOS]	0	89.780	98.310	0	144.670	0	0	
0	[SLAMPOS]	0	89.890	98.130	0	144.690	0	0	
0	[SLAMPOS]	0	90.320	97.490	0	144.800	0	0	
0	[SLAMPOS]	0	90.430	97.320	0	144.820	0	0	
0	[SLAMPOS]	0	90.700	96.920	0	144.890	0	0	
0	[SLAMPOS]	0	90.990	96.470	0	144.950	0	0	
0	[SLAMPOS]	0	91.080	96.340	0	144.970	0	0	
0	[SLAMPOS]	0	91.370	95.910	0	145.040	0	0	
0	[SLAMPOS]	0	91.680	95.440	0	145.100	0	0	
0	[SLAMPOS]	0	91.760	95.330	0	145.120	0	0	
0	[SLAMPOS]	0	92.060	94.870	0	145.190	0	0	
0	[SLAMPOS]	0	92.170	94.710	0	145.220	0	0	
0	[SLAMPOS]	0	92.460	94.260	0	145.290	0	0	
0	[SLAMPOS]	0	92.760	93.800	0	145.360	0	0	
0	[SLAMPOS]	0	92.840	93.680	0	145.380	0	0	
0	[SLAMPOS]	0	93.120	93.260	0	145.430	0	0	
0	[SLAMPOS]	0	93.560	92.590	0	145.530	0	0	
0	[SLAMPOS]	0	93.660	92.430	0	145.560	0	0	
0	[SLAMPOS]	0	93.920	92.040	0	145.620	0	0	
0	[SLAMPOS]	0	94.030	91.870	0	145.640	0	0	
0	[SLAMPOS]	0	94.270	91.500	0	145.690	0	0	
0	[SLAMPOS]	0	94.560	91.050	0	145.750	0	0	
0	[SLAMPOS]	0	94.620	90.960	0	145.770	0	0	
0	[SLAMPOS]	0	94.900	90.530	0	145.830	0	0	
0	[SLAMPOS]	0	95.150	90.150	0	145.880	0	0	
0	[SLAMPOS]	0	95.250	89.990	0	145.910	0	0	
0	[SLAMPOS]	0	95.530	89.530	0	145.980	0	0	
0	[SLAMPOS]	0	95.760	89.190	0	146.040	0	0	
0	[SLAMPOS]	0	95.860	89.030	0	146.060	0	0	
0	[SLAMPOS]	0	96.270	88.380	0	146.160	0	0	
0	[SLAMPOS]	0	96.380	88.200	0	146.190	0	0	
