0	[SLAMPOS]	0	-21.140	429.250	0	243.520	0	0	
0	[SLAMPOS]	0	-21.200	429.210	0	243.440	0	0	
0	[SLAMPOS]	0	-21.270	429.210	0	243.470	0	0	
0	[SLAMPOS]	0	-21.500	429.110	0	243.360	0	0	
0	[SLAMPOS]	0	-21.540	429.100	0	243.330	0	0	
0	[SLAMPOS]	0	-21.660	429.050	0	243.240	0	0	
0	[SLAMPOS]	0	-21.800	428.990	0	243.190	0	0	
0	[SLAMPOS]	0	-21.840	428.970	0	243.170	0	0	
0	[SLAMPOS]	0	-21.960	428.910	0	243.130	0	0	
0	[SLAMPOS]	0	-22.100	428.830	0	243.060	0	0	
0	[SLAMPOS]	0	-22.130	428.810	0	243.040	0	0	
0	[SLAMPOS]	0	-22.230	428.750	0	243.000	0	0	
0	[SLAMPOS]	0	-22.330	428.700	0	242.960	0	0	
0	[SLAMPOS]	0	-22.380	428.680	0	242.960	0	0	
0	[SLAMPOS]	0	-22.550	428.590	0	242.880	0	0	
0	[SLAMPOS]	0	-22.590	428.570	0	242.850	0	0	
0	[SLAMPOS]	0	-22.690	428.510	0	242.760	0	0	
0	[SLAMPOS]	0	-22.820	428.440	0	242.650	0	0	
0	[SLAMPOS]	0	-22.870	428.410	0	242.610	0	0	
0	[SLAMPOS]	0	-22.980	428.340	0	242.500	0	0	
0	[SLAMPOS]	0	-23.140	428.260	0	242.350	0	0	
0	[SLAMPOS]	0	-23.160	428.250	0	242.320	0	0	
0	[SLAMPOS]	0	-23.290	428.160	0	242.170	0	0	
0	[SLAMPOS]	0	-23.320	428.140	0	242.120	0	0	
0	[SLAMPOS]	0	-23.460	428.070	0	241.920	0	0	
0	[SLAMPOS]	0	-23.570	428.010	0	241.770	0	0	
0	[SLAMPOS]	0	-23.620	427.980	0	241.700	0	0	
0	[SLAMPOS]	0	-23.800	427.860	0	241.420	0	0	
0	[SLAMPOS]	0	-23.860	427.830	0	241.340	0	0	
0	[SLAMPOS]	0	-23.910	427.790	0	241.270	0	0	
0	[SLAMPOS]	0	-24.100	427.690	0	240.960	0	0	
0	[SLAMPOS]	0	-24.160	427.680	0	240.880	0	0	
0	[SLAMPOS]	0	-24.280	427.590	0	240.680	0	0	
0	[SLAMPOS]	0	-24.420	427.510	0	240.470	0	0	
0	[SLAMPOS]	0	-24.460	427.490	0	240.400	0	0	
0	[SLAMPOS]	0	-24.610	427.440	0	240.200	0	0	
0	[SLAMPOS]	0	-24.640	427.410	0	240.140	0	0	
0	[SLAMPOS]	0	-24.810	427.330	0	239.920	0	0	
0	[SLAMPOS]	0	-24.970	427.240	0	239.670	0	0	
0	[SLAMPOS]	0	-25.100	427.170	0	239.520	0	0	
0	[SLAMPOS]	0	-25.170	427.130	0	239.440	0	0	
0	[SLAMPOS]	0	-25.410	426.970	0	239.230	0	0	
0	[SLAMPOS]	0	-25.480	426.930	0	239.180	0	0	
0	[SLAMPOS]	0	-25.640	426.850	0	239.090	0	0	
0	[SLAMPOS]	0	-25.830	426.730	0	238.980	0	0	
0	[SLAMPOS]	0	-25.880	426.700	0	238.950	0	0	
0	[SLAMPOS]	0	-26.070	426.590	0	238.840	0	0	
0	[SLAMPOS]	0	-26.120	426.560	0	238.800	0	0	
0	[SLAMPOS]	0	-26.310	426.440	0	238.700	0	0	
0	[SLAMPOS]	0	-26.480	426.340	0	238.600	0	0	
0	[SLAMPOS]	0	-26.600	426.270	0	238.540	0	0	
0	[SLAMPOS]	0	-26.790	426.150	0	238.420	0	0	
0	[SLAMPOS]	0	-26.960	426.050	0	238.340	0	0	
0	[SLAMPOS]	0	-27.050	426.000	0	238.300	0	0	
0	[SLAMPOS]	0	-27.360	425.800	0	238.170	0	0	
0	[SLAMPOS]	0	-27.450	425.750	0	238.150	0	0	
0	[SLAMPOS]	0	-27.560	425.690	0	238.130	0	0	
0	[SLAMPOS]	0	-27.890	425.500	0	238.060	0	0	
0	[SLAMPOS]	0	-27.950	425.460	0	238.040	0	0	
0	[SLAMPOS]	0	-28.240	425.290	0	238.000	0	0	
0	[SLAMPOS]	0	-28.480	425.130	0	237.910	0	0	
0	[SLAMPOS]	0	-28.520	425.110	0	237.900	0	0	
0	[SLAMPOS]	0	-28.760	424.950	0	237.820	0	0	
0	[SLAMPOS]	0	-28.970	424.820	0	237.730	0	0	
0	[SLAMPOS]	0	-29.070	424.760	0	237.700	0	0	
0	[SLAMPOS]	0	-29.440	424.530	0	237.560	0	0	
0	[SLAMPOS]	0	-29.540	424.470	0	237.540	0	0	
0	[SLAMPOS]	0	-29.770	424.330	0	237.450	0	0	
0	[SLAMPOS]	0	-30.050	424.150	0	237.340	0	0	
0	[SLAMPOS]	0	-30.160	424.080	0	237.300	0	0	
0	[SLAMPOS]	0	-30.380	423.940	0	237.230	0	0	
0	[SLAMPOS]	0	-30.650	423.760	0	237.100	0	0	
0	[SLAMPOS]	0	-30.820	423.660	0	237.080	0	0	
0	[SLAMPOS]	0	-31.020	423.530	0	237.030	0	0	
0	[SLAMPOS]	0	-31.080	423.490	0	237.030	0	0	
0	[SLAMPOS]	0	-31.410	423.260	0	236.930	0	0	
0	[SLAMPOS]	0	-31.640	423.130	0	236.940	0	0	
0	[SLAMPOS]	0	-31.750	423.060	0	236.930	0	0	
0	[SLAMPOS]	0	-32.110	422.830	0	236.940	0	0	
0	[SLAMPOS]	0	-32.320	422.700	0	236.930	0	0	
0	[SLAMPOS]	0	-32.430	422.640	0	236.940	0	0	
0	[SLAMPOS]	0	-32.910	422.340	0	236.910	0	0	
0	[SLAMPOS]	0	-33.010	422.270	0	236.880	0	0	
0	[SLAMPOS]	0	-33.280	422.100	0	236.900	0	0	
0	[SLAMPOS]	0	-33.620	421.880	0	236.910	0	0	
0	[SLAMPOS]	0	-33.680	421.840	0	236.910	0	0	
0	[SLAMPOS]	0	-34.060	421.600	0	236.900	0	0	
0	[SLAMPOS]	0	-34.300	421.450	0	236.900	0	0	
0	[SLAMPOS]	0	-34.450	421.370	0	236.920	0	0	
0	[SLAMPOS]	0	-34.950	421.060	0	236.910	0	0	
0	[SLAMPOS]	0	-35.090	420.970	0	236.910	0	0	
0	[SLAMPOS]	0	-35.220	420.890	0	236.910	0	0	
0	[SLAMPOS]	0	-35.740	420.550	0	236.920	0	0	
0	[SLAMPOS]	0	-35.880	420.460	0	236.940	0	0	
0	[SLAMPOS]	0	-36.180	420.270	0	237.010	0	0	
0	[SLAMPOS]	0	-36.550	420.040	0	237.030	0	0	
0	[SLAMPOS]	0	-36.760	419.900	0	237.060	0	0	
0	[SLAMPOS]	0	-37.000	419.760	0	237.090	0	0	
0	[SLAMPOS]	0	-37.100	419.690	0	237.100	0	0	
0	[SLAMPOS]	0	-37.470	419.470	0	237.160	0	0	
0	[SLAMPOS]	0	-37.780	419.270	0	237.190	0	0	
0	[SLAMPOS]	0	-37.940	419.200	0	237.210	0	0	
0	[SLAMPOS]	0	-38.310	418.960	0	237.170	0	0	
0	[SLAMPOS]	0	-38.640	418.750	0	237.200	0	0	
0	[SLAMPOS]	0	-38.780	418.660	0	237.190	0	0	
0	[SLAMPOS]	0	-39.320	418.320	0	237.240	0	0	
0	[SLAMPOS]	0	-39.480	418.230	0	237.260	0	0	
0	[SLAMPOS]	0	-39.810	418.020	0	237.310	0	0	
0	[SLAMPOS]	0	-40.210	417.770	0	237.350	0	0	
0	[SLAMPOS]	0	-40.310	417.710	0	237.360	0	0	
0	[SLAMPOS]	0	-40.700	417.460	0	237.350	0	0	
0	[SLAMPOS]	0	-41.220	417.140	0	237.370	0	0	
0	[SLAMPOS]	0	-41.250	417.120	0	237.370	0	0	
0	[SLAMPOS]	0	-41.620	416.890	0	237.390	0	0	
0	[SLAMPOS]	0	-41.960	416.680	0	237.400	0	0	
0	[SLAMPOS]	0	-42.130	416.580	0	237.420	0	0	
0	[SLAMPOS]	0	-42.740	416.210	0	237.480	0	0	
0	[SLAMPOS]	0	-42.910	416.110	0	237.500	0	0	
0	[SLAMPOS]	0	-43.280	415.870	0	237.510	0	0	
0	[SLAMPOS]	0	-43.690	415.640	0	237.600	0	0	
0	[SLAMPOS]	0	-43.810	415.570	0	237.620	0	0	
0	[SLAMPOS]	0	-44.230	415.300	0	237.610	0	0	
0	[SLAMPOS]	0	-44.670	415.050	0	237.730	0	0	
0	[SLAMPOS]	0	-44.780	414.980	0	237.750	0	0	
0	[SLAMPOS]	0	-45.230	414.710	0	237.790	0	0	
0	[SLAMPOS]	0	-45.330	414.640	0	237.810	0	0	
0	[SLAMPOS]	0	-45.780	414.370	0	237.830	0	0	
0	[SLAMPOS]	0	-46.280	414.060	0	237.840	0	0	
0	[SLAMPOS]	0	-46.670	413.820	0	237.880	0	0	
0	[SLAMPOS]	0	-47.000	413.620	0	237.930	0	0	
0	[SLAMPOS]	0	-47.430	413.340	0	237.900	0	0	
0	[SLAMPOS]	0	-47.550	413.260	0	237.930	0	0	
0	[SLAMPOS]	0	-48.010	412.990	0	237.960	0	0	
0	[SLAMPOS]	0	-48.130	412.920	0	238.000	0	0	
0	[SLAMPOS]	0	-48.560	412.660	0	238.020	0	0	
0	[SLAMPOS]	0	-48.960	412.420	0	238.110	0	0	
0	[SLAMPOS]	0	-49.140	412.310	0	238.150	0	0	
0	[SLAMPOS]	0	-49.670	412.000	0	238.270	0	0	
0	[SLAMPOS]	0	-50.030	411.780	0	238.330	0	0	
0	[SLAMPOS]	0	-50.190	411.690	0	238.350	0	0	
0	[SLAMPOS]	0	-50.720	411.400	0	238.470	0	0	
0	[SLAMPOS]	0	-51.050	411.210	0	238.540	0	0	
0	[SLAMPOS]	0	-51.440	410.980	0	238.630	0	0	
0	[SLAMPOS]	0	-51.890	410.710	0	238.690	0	0	
0	[SLAMPOS]	0	-52.010	410.640	0	238.720	0	0	
0	[SLAMPOS]	0	-52.440	410.380	0	238.770	0	0	
0	[SLAMPOS]	0	-52.920	410.110	0	238.880	0	0	
0	[SLAMPOS]	0	-53.010	410.050	0	238.900	0	0	
0	[SLAMPOS]	0	-53.480	409.780	0	238.990	0	0	
0	[SLAMPOS]	0	-53.890	409.530	0	239.070	0	0	
0	[SLAMPOS]	0	-54.040	409.460	0	239.100	0	0	
0	[SLAMPOS]	0	-54.710	409.070	0	239.210	0	0	
0	[SLAMPOS]	0	-54.920	408.950	0	239.250	0	0	
0	[SLAMPOS]	0	-55.300	408.740	0	239.320	0	0	
0	[SLAMPOS]	0	-55.740	408.490	0	239.380	0	0	
0	[SLAMPOS]	0	-56.040	408.300	0	239.390	0	0	
0	[SLAMPOS]	0	-56.370	408.110	0	239.500	0	0	
0	[SLAMPOS]	0	-56.720	407.890	0	239.570	0	0	
0	[SLAMPOS]	0	-56.840	407.820	0	239.600	0	0	
0	[SLAMPOS]	0	-57.290	407.570	0	239.680	0	0	
0	[SLAMPOS]	0	-57.400	407.500	0	239.700	0	0	
0	[SLAMPOS]	0	-57.850	407.260	0	239.780	0	0	
0	[SLAMPOS]	0	-58.230	407.040	0	239.790	0	0	
0	[SLAMPOS]	0	-58.420	406.950	0	239.830	0	0	
0	[SLAMPOS]	0	-59.080	406.590	0	239.870	0	0	
0	[SLAMPOS]	0	-59.260	406.500	0	239.890	0	0	
0	[SLAMPOS]	0	-59.460	406.400	0	239.920	0	0	
0	[SLAMPOS]	0	-60.090	406.060	0	239.860	0	0	
0	[SLAMPOS]	0	-60.420	405.870	0	239.840	0	0	
0	[SLAMPOS]	0	-60.820	405.650	0	239.800	0	0	
0	[SLAMPOS]	0	-61.110	405.480	0	239.770	0	0	
0	[SLAMPOS]	0	-61.200	405.430	0	239.770	0	0	
0	[SLAMPOS]	0	-61.650	405.180	0	239.750	0	0	
0	[SLAMPOS]	0	-62.020	404.970	0	239.730	0	0	
0	[SLAMPOS]	0	-62.190	404.870	0	239.710	0	0	
0	[SLAMPOS]	0	-62.830	404.490	0	239.630	0	0	
0	[SLAMPOS]	0	-63.000	404.410	0	239.630	0	0	
0	[SLAMPOS]	0	-63.170	404.310	0	239.620	0	0	
0	[SLAMPOS]	0	-63.810	403.930	0	239.560	0	0	
0	[SLAMPOS]	0	-63.980	403.850	0	239.560	0	0	
0	[SLAMPOS]	0	-64.350	403.640	0	239.580	0	0	
0	[SLAMPOS]	0	-64.750	403.420	0	239.610	0	0	
0	[SLAMPOS]	0	-64.860	403.350	0	239.630	0	0	
0	[SLAMPOS]	0	-65.320	403.100	0	239.650	0	0	
0	[SLAMPOS]	0	-65.430	403.040	0	239.680	0	0	
0	[SLAMPOS]	0	-65.840	402.810	0	239.710	0	0	
0	[SLAMPOS]	0	-66.250	402.600	0	239.780	0	0	
0	[SLAMPOS]	0	-66.380	402.530	0	239.810	0	0	
0	[SLAMPOS]	0	-66.770	402.310	0	239.900	0	0	
0	[SLAMPOS]	0	-67.120	402.110	0	239.970	0	0	
0	[SLAMPOS]	0	-67.310	402.000	0	240.010	0	0	
0	[SLAMPOS]	0	-67.860	401.700	0	240.120	0	0	
0	[SLAMPOS]	0	-68.010	401.610	0	240.120	0	0	
0	[SLAMPOS]	0	-68.350	401.410	0	240.170	0	0	
0	[SLAMPOS]	0	-68.760	401.200	0	240.210	0	0	
0	[SLAMPOS]	0	-68.920	401.130	0	240.240	0	0	
0	[SLAMPOS]	0	-69.270	400.940	0	240.260	0	0	
0	[SLAMPOS]	0	-69.650	400.740	0	240.290	0	0	
0	[SLAMPOS]	0	-69.760	400.680	0	240.310	0	0	
0	[SLAMPOS]	0	-70.140	400.470	0	240.320	0	0	
0	[SLAMPOS]	0	-70.480	400.270	0	240.340	0	0	
0	[SLAMPOS]	0	-70.610	400.190	0	240.320	0	0	
0	[SLAMPOS]	0	-71.160	399.880	0	240.390	0	0	
0	[SLAMPOS]	0	-71.300	399.790	0	240.370	0	0	
0	[SLAMPOS]	0	-71.610	399.610	0	240.430	0	0	
0	[SLAMPOS]	0	-71.960	399.390	0	240.490	0	0	
0	[SLAMPOS]	0	-72.050	399.340	0	240.510	0	0	
0	[SLAMPOS]	0	-72.420	399.130	0	240.570	0	0	
0	[SLAMPOS]	0	-72.790	398.940	0	240.600	0	0	
0	[SLAMPOS]	0	-72.890	398.890	0	240.620	0	0	
0	[SLAMPOS]	0	-73.250	398.710	0	240.670	0	0	
0	[SLAMPOS]	0	-73.350	398.650	0	240.680	0	0	
0	[SLAMPOS]	0	-73.720	398.470	0	240.730	0	0	
0	[SLAMPOS]	0	-74.040	398.290	0	240.750	0	0	
0	[SLAMPOS]	0	-74.390	398.110	0	240.770	0	0	
0	[SLAMPOS]	0	-74.710	397.950	0	240.790	0	0	
0	[SLAMPOS]	0	-75.080	397.750	0	240.800	0	0	
0	[SLAMPOS]	0	-75.140	397.720	0	240.800	0	0	
0	[SLAMPOS]	0	-75.470	397.540	0	240.780	0	0	
0	[SLAMPOS]	0	-75.560	397.490	0	240.790	0	0	
0	[SLAMPOS]	0	-75.900	397.320	0	240.810	0	0	
0	[SLAMPOS]	0	-76.220	397.150	0	240.810	0	0	
0	[SLAMPOS]	0	-76.310	397.100	0	240.820	0	0	
0	[SLAMPOS]	0	-76.640	396.930	0	240.850	0	0	
0	[SLAMPOS]	0	-76.930	396.770	0	240.870	0	0	
0	[SLAMPOS]	0	-77.050	396.710	0	240.880	0	0	
0	[SLAMPOS]	0	-77.550	396.450	0	240.910	0	0	
0	[SLAMPOS]	0	-77.680	396.390	0	240.910	0	0	
0	[SLAMPOS]	0	-77.960	396.240	0	240.940	0	0	
0	[SLAMPOS]	0	-78.280	396.070	0	240.950	0	0	
0	[SLAMPOS]	0	-78.640	395.870	0	240.970	0	0	
0	[SLAMPOS]	0	-78.690	395.850	0	240.970	0	0	
0	[SLAMPOS]	0	-78.980	395.700	0	240.990	0	0	
0	[SLAMPOS]	0	-79.120	395.620	0	240.990	0	0	
0	[SLAMPOS]	0	-79.590	395.380	0	241.020	0	0	
0	[SLAMPOS]	0	-79.720	395.310	0	241.030	0	0	
0	[SLAMPOS]	0	-79.840	395.250	0	241.040	0	0	
0	[SLAMPOS]	0	-80.310	395.010	0	241.030	0	0	
0	[SLAMPOS]	0	-80.450	394.930	0	241.020	0	0	
0	[SLAMPOS]	0	-80.690	394.800	0	241.010	0	0	
0	[SLAMPOS]	0	-80.950	394.670	0	240.980	0	0	
0	[SLAMPOS]	0	-81.030	394.630	0	240.970	0	0	
0	[SLAMPOS]	0	-81.280	394.500	0	240.940	0	0	
0	[SLAMPOS]	0	-81.350	394.460	0	240.940	0	0	
0	[SLAMPOS]	0	-81.580	394.340	0	240.920	0	0	
0	[SLAMPOS]	0	-81.740	394.240	0	240.900	0	0	
0	[SLAMPOS]	0	-81.900	394.150	0	240.870	0	0	
0	[SLAMPOS]	0	-81.930	394.140	0	240.870	0	0	
0	[SLAMPOS]	0	-82.050	394.070	0	240.850	0	0	
0	[SLAMPOS]	0	-82.140	394.020	0	240.850	0	0	
0	[SLAMPOS]	0	-82.220	393.980	0	240.840	0	0	
0	[SLAMPOS]	0	-82.270	393.950	0	240.810	0	0	
0	[SLAMPOS]	0	-82.290	393.940	0	240.810	0	0	
0	[SLAMPOS]	0	-82.330	393.910	0	240.790	0	0	
0	[SLAMPOS]	0	-82.350	393.900	0	240.780	0	0	
0	[SLAMPOS]	0	-82.370	393.880	0	240.790	0	0	
0	[SLAMPOS]	0	-82.400	393.860	0	240.780	0	0	
0	[SLAMPOS]	0	-82.410	393.870	0	240.780	0	0	
0	[SLAMPOS]	0	-82.450	393.860	0	240.770	0	0	
0	[SLAMPOS]	0	-82.450	393.870	0	240.770	0	0	
0	[SLAMPOS]	0	-82.450	393.870	0	240.770	0	0	
0	[SLAMPOS]	0	-82.470	393.860	0	240.760	0	0	
0	[SLAMPOS]	0	-82.450	393.870	0	240.750	0	0	
0	[SLAMPOS]	0	-82.470	393.860	0	240.740	0	0	
0	[SLAMPOS]	0	-82.450	393.860	0	240.740	0	0	
0	[SLAMPOS]	0	-82.440	393.870	0	240.750	0	0	
0	[SLAMPOS]	0	-82.440	393.860	0	240.750	0	0	
0	[SLAMPOS]	0	-82.440	393.870	0	240.750	0	0	
0	[SLAMPOS]	0	-82.440	393.870	0	240.750	0	0	
0	[SLAMPOS]	0	-82.450	393.860	0	240.750	0	0	
0	[SLAMPOS]	0	-82.460	393.860	0	240.750	0	0	
0	[SLAMPOS]	0	-82.460	393.860	0	240.750	0	0	
0	[SLAMPOS]	0	-82.470	393.860	0	240.750	0	0	
0	[SLAMPOS]	0	-82.470	393.860	0	240.750	0	0	
0	[SLAMPOS]	0	-82.480	393.860	0	240.750	0	0	
0	[SLAMPOS]	0	-82.480	393.860	0	240.740	0	0	
0	[SLAMPOS]	0	-82.480	393.860	0	240.740	0	0	
0	[SLAMPOS]	0	-82.480	393.870	0	240.740	0	0	
0	[SLAMPOS]	0	-82.480	393.870	0	240.740	0	0	
0	[SLAMPOS]	0	-82.470	393.870	0	240.740	0	0	
0	[SLAMPOS]	0	-82.470	393.870	0	240.740	0	0	
0	[SLAMPOS]	0	-82.470	393.870	0	240.740	0	0	
0	[SLAMPOS]	0	-82.470	393.870	0	240.740	0	0	
0	[SLAMPOS]	0	-82.460	393.870	0	240.740	0	0	
0	[SLAMPOS]	0	-82.460	393.870	0	240.740	0	0	
0	[SLAMPOS]	0	-82.460	393.870	0	240.740	0	0	
0	[SLAMPOS]	0	-82.460	393.870	0	240.740	0	0	
0	[SLAMPOS]	0	-82.460	393.870	0	240.740	0	0	
0	[SLAMPOS]	0	-82.460	393.870	0	240.740	0	0	
0	[SLAMPOS]	0	-82.460	393.870	0	240.730	0	0	
0	[SLAMPOS]	0	-82.460	393.870	0	240.730	0	0	
0	[SLAMPOS]	0	-82.460	393.870	0	240.730	0	0	
0	[SLAMPOS]	0	-82.460	393.870	0	240.730	0	0	
0	[SLAMPOS]	0	-82.460	393.870	0	240.730	0	0	
0	[SLAMPOS]	0	-82.460	393.870	0	240.730	0	0	
0	[SLAMPOS]	0	-82.460	393.870	0	240.730	0	0	
0	[SLAMPOS]	0	-82.460	393.870	0	240.730	0	0	
0	[SLAMPOS]	0	-82.460	393.870	0	240.730	0	0	
0	[SLAMPOS]	0	-82.460	393.870	0	240.720	0	0	
0	[SLAMPOS]	0	-82.450	393.870	0	240.730	0	0	
0	[SLAMPOS]	0	-82.450	393.870	0	240.730	0	0	
0	[SLAMPOS]	0	-82.460	393.880	0	240.720	0	0	
0	[SLAMPOS]	0	-82.450	393.880	0	240.720	0	0	
0	[SLAMPOS]	0	-82.450	393.870	0	240.720	0	0	
0	[SLAMPOS]	0	-82.450	393.870	0	240.720	0	0	
0	[SLAMPOS]	0	-82.450	393.880	0	240.720	0	0	
0	[SLAMPOS]	0	-82.450	393.880	0	240.720	0	0	
0	[SLAMPOS]	0	-82.450	393.880	0	240.720	0	0	
0	[SLAMPOS]	0	-82.450	393.880	0	240.720	0	0	
0	[SLAMPOS]	0	-82.450	393.880	0	240.720	0	0	
0	[SLAMPOS]	0	-82.450	393.880	0	240.720	0	0	
0	[SLAMPOS]	0	-82.450	393.880	0	240.720	0	0	
0	[SLAMPOS]	0	-82.450	393.880	0	240.720	0	0	
0	[SLAMPOS]	0	-82.450	393.880	0	240.720	0	0	
0	[SLAMPOS]	0	-82.450	393.880	0	240.720	0	0	
0	[SLAMPOS]	0	-82.450	393.880	0	240.720	0	0	
0	[SLAMPOS]	0	-82.450	393.880	0	240.720	0	0	
0	[SLAMPOS]	0	-82.450	393.880	0	240.720	0	0	
0	[SLAMPOS]	0	-82.450	393.880	0	240.720	0	0	
0	[SLAMPOS]	0	-82.450	393.880	0	240.720	0	0	
0	[SLAMPOS]	0	-82.450	393.880	0	240.720	0	0	
0	[SLAMPOS]	0	-82.450	393.880	0	240.720	0	0	
0	[SLAMPOS]	0	-82.450	393.880	0	240.720	0	0	
0	[SLAMPOS]	0	-82.450	393.880	0	240.720	0	0	
0	[SLAMPOS]	0	-82.450	393.880	0	240.720	0	0	
0	[SLAMPOS]	0	-82.450	393.880	0	240.720	0	0	
0	[SLAMPOS]	0	-82.450	393.880	0	240.720	0	0	
0	[SLAMPOS]	0	-82.450	393.880	0	240.720	0	0	
0	[SLAMPOS]	0	-82.450	393.880	0	240.720	0	0	
0	[SLAMPOS]	0	-82.450	393.880	0	240.710	0	0	
0	[SLAMPOS]	0	-82.450	393.880	0	240.710	0	0	
0	[SLAMPOS]	0	-82.450	393.880	0	240.710	0	0	
0	[SLAMPOS]	0	-82.450	393.880	0	240.710	0	0	
0	[SLAMPOS]	0	-82.450	393.880	0	240.710	0	0	
0	[SLAMPOS]	0	-82.450	393.880	0	240.710	0	0	
0	[SLAMPOS]	0	-82.450	393.880	0	240.710	0	0	
0	[SLAMPOS]	0	-82.440	393.880	0	240.710	0	0	
0	[SLAMPOS]	0	-82.450	393.880	0	240.710	0	0	
0	[SLAMPOS]	0	-82.450	393.880	0	240.710	0	0	
0	[SLAMPOS]	0	-82.450	393.880	0	240.710	0	0	
0	[SLAMPOS]	0	-82.450	393.880	0	240.710	0	0	
0	[SLAMPOS]	0	-82.450	393.880	0	240.710	0	0	
0	[SLAMPOS]	0	-82.450	393.880	0	240.710	0	0	
0	[SLAMPOS]	0	-82.450	393.880	0	240.710	0	0	
0	[SLAMPOS]	0	-82.450	393.880	0	240.710	0	0	
0	[SLAMPOS]	0	-82.450	393.880	0	240.710	0	0	
0	[SLAMPOS]	0	-82.450	393.880	0	240.710	0	0	
0	[SLAMPOS]	0	-82.450	393.880	0	240.710	0	0	
0	[SLAMPOS]	0	-82.450	393.880	0	240.710	0	0	
0	[SLAMPOS]	0	-82.450	393.880	0	240.710	0	0	
0	[SLAMPOS]	0	-82.460	393.870	0	240.710	0	0	
0	[SLAMPOS]	0	-82.460	393.870	0	240.710	0	0	
0	[SLAMPOS]	0	-82.460	393.870	0	240.700	0	0	
0	[SLAMPOS]	0	-82.460	393.870	0	240.710	0	0	
0	[SLAMPOS]	0	-82.460	393.870	0	240.710	0	0	
0	[SLAMPOS]	0	-82.460	393.870	0	240.710	0	0	
0	[SLAMPOS]	0	-82.460	393.870	0	240.700	0	0	
0	[SLAMPOS]	0	-82.460	393.870	0	240.700	0	0	
0	[SLAMPOS]	0	-82.460	393.870	0	240.700	0	0	
0	[SLAMPOS]	0	-82.460	393.870	0	240.700	0	0	
0	[SLAMPOS]	0	-82.460	393.870	0	240.700	0	0	
0	[SLAMPOS]	0	-82.470	393.870	0	240.700	0	0	
0	[SLAMPOS]	0	-82.470	393.870	0	240.700	0	0	
0	[SLAMPOS]	0	-82.470	393.870	0	240.700	0	0	
0	[SLAMPOS]	0	-82.470	393.870	0	240.700	0	0	
0	[SLAMPOS]	0	-82.470	393.860	0	240.700	0	0	
0	[SLAMPOS]	0	-82.470	393.860	0	240.700	0	0	
0	[SLAMPOS]	0	-82.480	393.860	0	240.700	0	0	
0	[SLAMPOS]	0	-82.480	393.860	0	240.700	0	0	
0	[SLAMPOS]	0	-82.480	393.860	0	240.700	0	0	
0	[SLAMPOS]	0	-82.480	393.860	0	240.700	0	0	
0	[SLAMPOS]	0	-82.480	393.860	0	240.690	0	0	
0	[SLAMPOS]	0	-82.480	393.860	0	240.690	0	0	
0	[SLAMPOS]	0	-82.480	393.860	0	240.690	0	0	
0	[SLAMPOS]	0	-82.480	393.860	0	240.690	0	0	
0	[SLAMPOS]	0	-82.480	393.860	0	240.690	0	0	
0	[SLAMPOS]	0	-82.480	393.860	0	240.690	0	0	
0	[SLAMPOS]	0	-82.480	393.860	0	240.690	0	0	
0	[SLAMPOS]	0	-82.480	393.870	0	240.690	0	0	
0	[SLAMPOS]	0	-82.480	393.860	0	240.690	0	0	
0	[SLAMPOS]	0	-82.480	393.860	0	240.690	0	0	
0	[SLAMPOS]	0	-82.490	393.860	0	240.690	0	0	
0	[SLAMPOS]	0	-82.490	393.860	0	240.690	0	0	
0	[SLAMPOS]	0	-82.490	393.860	0	240.690	0	0	
0	[SLAMPOS]	0	-82.490	393.860	0	240.690	0	0	
0	[SLAMPOS]	0	-82.480	393.860	0	240.690	0	0	
0	[SLAMPOS]	0	-82.480	393.860	0	240.690	0	0	
0	[SLAMPOS]	0	-82.490	393.860	0	240.690	0	0	
0	[SLAMPOS]	0	-82.490	393.860	0	240.690	0	0	
0	[SLAMPOS]	0	-82.490	393.860	0	240.690	0	0	
0	[SLAMPOS]	0	-82.490	393.860	0	240.690	0	0	
0	[SLAMPOS]	0	-82.490	393.860	0	240.690	0	0	
0	[SLAMPOS]	0	-82.490	393.860	0	240.690	0	0	
0	[SLAMPOS]	0	-82.490	393.860	0	240.690	0	0	
0	[SLAMPOS]	0	-82.490	393.860	0	240.690	0	0	
0	[SLAMPOS]	0	-82.490	393.860	0	240.690	0	0	
0	[SLAMPOS]	0	-82.490	393.860	0	240.690	0	0	
0	[SLAMPOS]	0	-82.490	393.860	0	240.690	0	0	
0	[SLAMPOS]	0	-82.490	393.860	0	240.690	0	0	
0	[SLAMPOS]	0	-82.490	393.860	0	240.690	0	0	
0	[SLAMPOS]	0	-82.490	393.860	0	240.690	0	0	
0	[SLAMPOS]	0	-82.490	393.860	0	240.690	0	0	
0	[SLAMPOS]	0	-82.490	393.860	0	240.690	0	0	
0	[SLAMPOS]	0	-82.490	393.860	0	240.680	0	0	
0	[SLAMPOS]	0	-82.490	393.860	0	240.680	0	0	
0	[SLAMPOS]	0	-82.490	393.860	0	240.680	0	0	
0	[SLAMPOS]	0	-82.490	393.860	0	240.680	0	0	
0	[SLAMPOS]	0	-82.490	393.850	0	240.680	0	0	
0	[SLAMPOS]	0	-82.490	393.860	0	240.680	0	0	
0	[SLAMPOS]	0	-82.490	393.860	0	240.680	0	0	
0	[SLAMPOS]	0	-82.490	393.860	0	240.680	0	0	
0	[SLAMPOS]	0	-82.490	393.850	0	240.680	0	0	
0	[SLAMPOS]	0	-82.490	393.860	0	240.680	0	0	
0	[SLAMPOS]	0	-82.490	393.860	0	240.680	0	0	
0	[SLAMPOS]	0	-82.490	393.850	0	240.670	0	0	
0	[SLAMPOS]	0	-82.490	393.850	0	240.670	0	0	
0	[SLAMPOS]	0	-82.490	393.850	0	240.670	0	0	
0	[SLAMPOS]	0	-82.490	393.850	0	240.670	0	0	
0	[SLAMPOS]	0	-82.490	393.850	0	240.670	0	0	
0	[SLAMPOS]	0	-82.490	393.860	0	240.660	0	0	
0	[SLAMPOS]	0	-82.490	393.860	0	240.660	0	0	
0	[SLAMPOS]	0	-82.490	393.860	0	240.660	0	0	
0	[SLAMPOS]	0	-82.490	393.850	0	240.660	0	0	
0	[SLAMPOS]	0	-82.490	393.860	0	240.660	0	0	
0	[SLAMPOS]	0	-82.490	393.860	0	240.660	0	0	
0	[SLAMPOS]	0	-82.490	393.860	0	240.660	0	0	
0	[SLAMPOS]	0	-82.490	393.850	0	240.660	0	0	
0	[SLAMPOS]	0	-82.500	393.860	0	240.660	0	0	
0	[SLAMPOS]	0	-82.500	393.850	0	240.660	0	0	
0	[SLAMPOS]	0	-82.500	393.850	0	240.660	0	0	
0	[SLAMPOS]	0	-82.500	393.850	0	240.650	0	0	
0	[SLAMPOS]	0	-82.490	393.850	0	240.650	0	0	
0	[SLAMPOS]	0	-82.490	393.850	0	240.650	0	0	
0	[SLAMPOS]	0	-82.490	393.850	0	240.650	0	0	
0	[SLAMPOS]	0	-82.490	393.850	0	240.650	0	0	
0	[SLAMPOS]	0	-82.490	393.850	0	240.650	0	0	
0	[SLAMPOS]	0	-82.490	393.850	0	240.650	0	0	
0	[SLAMPOS]	0	-82.490	393.850	0	240.650	0	0	
0	[SLAMPOS]	0	-82.490	393.850	0	240.650	0	0	
0	[SLAMPOS]	0	-82.490	393.850	0	240.650	0	0	
0	[SLAMPOS]	0	-82.490	393.850	0	240.650	0	0	
0	[SLAMPOS]	0	-82.500	393.850	0	240.650	0	0	
0	[SLAMPOS]	0	-82.490	393.850	0	240.650	0	0	
0	[SLAMPOS]	0	-82.500	393.850	0	240.640	0	0	
0	[SLAMPOS]	0	-82.500	393.850	0	240.640	0	0	
0	[SLAMPOS]	0	-82.500	393.850	0	240.640	0	0	
0	[SLAMPOS]	0	-82.500	393.850	0	240.640	0	0	
0	[SLAMPOS]	0	-82.490	393.850	0	240.640	0	0	
0	[SLAMPOS]	0	-82.490	393.850	0	240.640	0	0	
0	[SLAMPOS]	0	-82.490	393.850	0	240.640	0	0	
0	[SLAMPOS]	0	-82.490	393.850	0	240.630	0	0	
0	[SLAMPOS]	0	-82.490	393.860	0	240.630	0	0	
0	[SLAMPOS]	0	-82.490	393.850	0	240.620	0	0	
0	[SLAMPOS]	0	-82.490	393.860	0	240.620	0	0	
0	[SLAMPOS]	0	-82.490	393.850	0	240.620	0	0	
0	[SLAMPOS]	0	-82.490	393.860	0	240.620	0	0	
0	[SLAMPOS]	0	-82.490	393.860	0	240.620	0	0	
0	[SLAMPOS]	0	-82.490	393.850	0	240.620	0	0	
0	[SLAMPOS]	0	-82.490	393.850	0	240.620	0	0	
0	[SLAMPOS]	0	-82.490	393.850	0	240.620	0	0	
0	[SLAMPOS]	0	-82.490	393.850	0	240.620	0	0	
0	[SLAMPOS]	0	-82.490	393.850	0	240.620	0	0	
0	[SLAMPOS]	0	-82.490	393.850	0	240.610	0	0	
0	[SLAMPOS]	0	-82.490	393.850	0	240.610	0	0	
0	[SLAMPOS]	0	-82.500	393.850	0	240.610	0	0	
0	[SLAMPOS]	0	-82.490	393.850	0	240.610	0	0	
0	[SLAMPOS]	0	-82.500	393.850	0	240.610	0	0	
0	[SLAMPOS]	0	-82.500	393.850	0	240.610	0	0	
0	[SLAMPOS]	0	-82.500	393.850	0	240.610	0	0	
0	[SLAMPOS]	0	-82.500	393.850	0	240.610	0	0	
0	[SLAMPOS]	0	-82.500	393.850	0	240.610	0	0	
0	[SLAMPOS]	0	-82.500	393.850	0	240.610	0	0	
0	[SLAMPOS]	0	-82.500	393.850	0	240.610	0	0	
0	[SLAMPOS]	0	-82.500	393.850	0	240.610	0	0	
0	[SLAMPOS]	0	-82.500	393.850	0	240.610	0	0	
0	[SLAMPOS]	0	-82.500	393.850	0	240.610	0	0	
0	[SLAMPOS]	0	-82.500	393.850	0	240.610	0	0	
0	[SLAMPOS]	0	-82.500	393.850	0	240.610	0	0	
0	[SLAMPOS]	0	-82.500	393.850	0	240.610	0	0	
0	[SLAMPOS]	0	-82.500	393.850	0	240.610	0	0	
0	[SLAMPOS]	0	-82.500	393.850	0	240.610	0	0	
0	[SLAMPOS]	0	-82.500	393.850	0	240.610	0	0	
0	[SLAMPOS]	0	-82.500	393.850	0	240.600	0	0	
0	[SLAMPOS]	0	-82.500	393.850	0	240.600	0	0	
0	[SLAMPOS]	0	-82.500	393.850	0	240.600	0	0	
0	[SLAMPOS]	0	-82.500	393.850	0	240.600	0	0	
0	[SLAMPOS]	0	-82.500	393.860	0	240.600	0	0	
0	[SLAMPOS]	0	-82.500	393.860	0	240.600	0	0	
0	[SLAMPOS]	0	-82.500	393.860	0	240.600	0	0	
0	[SLAMPOS]	0	-82.500	393.850	0	240.600	0	0	
0	[SLAMPOS]	0	-82.500	393.860	0	240.600	0	0	
0	[SLAMPOS]	0	-82.500	393.860	0	240.600	0	0	
0	[SLAMPOS]	0	-82.500	393.850	0	240.600	0	0	
0	[SLAMPOS]	0	-82.500	393.850	0	240.600	0	0	
0	[SLAMPOS]	0	-82.500	393.850	0	240.600	0	0	
0	[SLAMPOS]	0	-82.500	393.850	0	240.600	0	0	
0	[SLAMPOS]	0	-82.500	393.850	0	240.600	0	0	
0	[SLAMPOS]	0	-82.500	393.850	0	240.600	0	0	
0	[SLAMPOS]	0	-82.490	393.850	0	240.600	0	0	
0	[SLAMPOS]	0	-82.490	393.850	0	240.600	0	0	
0	[SLAMPOS]	0	-82.490	393.850	0	240.600	0	0	
0	[SLAMPOS]	0	-82.490	393.850	0	240.590	0	0	
0	[SLAMPOS]	0	-82.490	393.850	0	240.600	0	0	
0	[SLAMPOS]	0	-82.490	393.850	0	240.600	0	0	
0	[SLAMPOS]	0	-82.490	393.850	0	240.600	0	0	
0	[SLAMPOS]	0	-82.500	393.850	0	240.600	0	0	
0	[SLAMPOS]	0	-82.490	393.850	0	240.590	0	0	
0	[SLAMPOS]	0	-82.490	393.850	0	240.590	0	0	
0	[SLAMPOS]	0	-82.500	393.850	0	240.590	0	0	
0	[SLAMPOS]	0	-82.500	393.850	0	240.590	0	0	
0	[SLAMPOS]	0	-82.500	393.850	0	240.590	0	0	
0	[SLAMPOS]	0	-82.500	393.850	0	240.590	0	0	
0	[SLAMPOS]	0	-82.500	393.850	0	240.590	0	0	
0	[SLAMPOS]	0	-82.500	393.850	0	240.590	0	0	
0	[SLAMPOS]	0	-82.500	393.850	0	240.590	0	0	
0	[SLAMPOS]	0	-82.490	393.850	0	240.590	0	0	
0	[SLAMPOS]	0	-82.500	393.850	0	240.590	0	0	
0	[SLAMPOS]	0	-82.500	393.850	0	240.590	0	0	
0	[SLAMPOS]	0	-82.500	393.850	0	240.590	0	0	
0	[SLAMPOS]	0	-82.500	393.850	0	240.590	0	0	
0	[SLAMPOS]	0	-82.500	393.850	0	240.590	0	0	
0	[SLAMPOS]	0	-82.500	393.850	0	240.590	0	0	
0	[SLAMPOS]	0	-82.500	393.850	0	240.590	0	0	
0	[SLAMPOS]	0	-82.500	393.850	0	240.590	0	0	
0	[SLAMPOS]	0	-82.500	393.850	0	240.590	0	0	
0	[SLAMPOS]	0	-82.500	393.850	0	240.590	0	0	
0	[SLAMPOS]	0	-82.500	393.850	0	240.590	0	0	
0	[SLAMPOS]	0	-82.500	393.850	0	240.590	0	0	
0	[SLAMPOS]	0	-82.500	393.850	0	240.590	0	0	
0	[SLAMPOS]	0	-82.500	393.850	0	240.580	0	0	
0	[SLAMPOS]	0	-82.500	393.850	0	240.580	0	0	
0	[SLAMPOS]	0	-82.500	393.850	0	240.580	0	0	
0	[SLAMPOS]	0	-82.500	393.850	0	240.580	0	0	
0	[SLAMPOS]	0	-82.500	393.850	0	240.580	0	0	
0	[SLAMPOS]	0	-82.500	393.850	0	240.580	0	0	
0	[SLAMPOS]	0	-82.500	393.850	0	240.580	0	0	
0	[SLAMPOS]	0	-82.500	393.850	0	240.580	0	0	
0	[SLAMPOS]	0	-82.500	393.850	0	240.580	0	0	
0	[SLAMPOS]	0	-82.500	393.850	0	240.580	0	0	
0	[SLAMPOS]	0	-82.500	393.850	0	240.580	0	0	
0	[SLAMPOS]	0	-82.500	393.850	0	240.580	0	0	
0	[SLAMPOS]	0	-82.500	393.850	0	240.580	0	0	
0	[SLAMPOS]	0	-82.500	393.850	0	240.580	0	0	
0	[SLAMPOS]	0	-82.500	393.850	0	240.570	0	0	
0	[SLAMPOS]	0	-82.500	393.850	0	240.570	0	0	
0	[SLAMPOS]	0	-82.500	393.850	0	240.570	0	0	
0	[SLAMPOS]	0	-82.500	393.850	0	240.570	0	0	
0	[SLAMPOS]	0	-82.500	393.850	0	240.570	0	0	
0	[SLAMPOS]	0	-82.500	393.850	0	240.570	0	0	
0	[SLAMPOS]	0	-82.500	393.850	0	240.570	0	0	
0	[SLAMPOS]	0	-82.500	393.850	0	240.570	0	0	
0	[SLAMPOS]	0	-82.500	393.850	0	240.570	0	0	
0	[SLAMPOS]	0	-82.500	393.850	0	240.580	0	0	
0	[SLAMPOS]	0	-82.500	393.850	0	240.570	0	0	
0	[SLAMPOS]	0	-82.500	393.850	0	240.570	0	0	
0	[SLAMPOS]	0	-82.500	393.850	0	240.570	0	0	
0	[SLAMPOS]	0	-82.500	393.850	0	240.570	0	0	
0	[SLAMPOS]	0	-82.500	393.850	0	240.560	0	0	
0	[SLAMPOS]	0	-82.500	393.850	0	240.560	0	0	
0	[SLAMPOS]	0	-82.500	393.850	0	240.560	0	0	
0	[SLAMPOS]	0	-82.500	393.850	0	240.570	0	0	
0	[SLAMPOS]	0	-82.500	393.850	0	240.570	0	0	
0	[SLAMPOS]	0	-82.500	393.850	0	240.570	0	0	
0	[SLAMPOS]	0	-82.500	393.850	0	240.570	0	0	
0	[SLAMPOS]	0	-82.500	393.850	0	240.570	0	0	
0	[SLAMPOS]	0	-82.500	393.850	0	240.570	0	0	
0	[SLAMPOS]	0	-82.500	393.850	0	240.570	0	0	
0	[SLAMPOS]	0	-82.500	393.850	0	240.570	0	0	
0	[SLAMPOS]	0	-82.500	393.850	0	240.570	0	0	
0	[SLAMPOS]	0	-82.500	393.850	0	240.570	0	0	
0	[SLAMPOS]	0	-82.500	393.850	0	240.580	0	0	
0	[SLAMPOS]	0	-82.500	393.850	0	240.580	0	0	
0	[SLAMPOS]	0	-82.500	393.850	0	240.570	0	0	
0	[SLAMPOS]	0	-82.500	393.850	0	240.570	0	0	
0	[SLAMPOS]	0	-82.500	393.850	0	240.580	0	0	
0	[SLAMPOS]	0	-82.500	393.850	0	240.580	0	0	
0	[SLAMPOS]	0	-82.500	393.850	0	240.580	0	0	
0	[SLAMPOS]	0	-82.500	393.850	0	240.570	0	0	
0	[SLAMPOS]	0	-82.500	393.850	0	240.570	0	0	
0	[SLAMPOS]	0	-82.500	393.850	0	240.570	0	0	
0	[SLAMPOS]	0	-82.500	393.850	0	240.570	0	0	
0	[SLAMPOS]	0	-82.500	393.850	0	240.570	0	0	
0	[SLAMPOS]	0	-82.500	393.850	0	240.570	0	0	
0	[SLAMPOS]	0	-82.500	393.850	0	240.570	0	0	
0	[SLAMPOS]	0	-82.500	393.850	0	240.570	0	0	
0	[SLAMPOS]	0	-82.500	393.850	0	240.570	0	0	
0	[SLAMPOS]	0	-82.500	393.850	0	240.570	0	0	
0	[SLAMPOS]	0	-82.500	393.850	0	240.570	0	0	
0	[SLAMPOS]	0	-82.500	393.850	0	240.570	0	0	
0	[SLAMPOS]	0	-82.500	393.850	0	240.570	0	0	
0	[SLAMPOS]	0	-82.500	393.850	0	240.560	0	0	
0	[SLAMPOS]	0	-82.500	393.850	0	240.560	0	0	
0	[SLAMPOS]	0	-82.500	393.850	0	240.560	0	0	
0	[SLAMPOS]	0	-82.500	393.850	0	240.560	0	0	
0	[SLAMPOS]	0	-82.500	393.850	0	240.560	0	0	
0	[SLAMPOS]	0	-82.500	393.850	0	240.560	0	0	
0	[SLAMPOS]	0	-82.510	393.850	0	240.560	0	0	
0	[SLAMPOS]	0	-82.510	393.850	0	240.560	0	0	
0	[SLAMPOS]	0	-82.510	393.850	0	240.560	0	0	
0	[SLAMPOS]	0	-82.500	393.850	0	240.560	0	0	
0	[SLAMPOS]	0	-82.510	393.850	0	240.560	0	0	
0	[SLAMPOS]	0	-82.500	393.850	0	240.560	0	0	
0	[SLAMPOS]	0	-82.500	393.850	0	240.560	0	0	
0	[SLAMPOS]	0	-82.500	393.850	0	240.560	0	0	
0	[SLAMPOS]	0	-82.500	393.850	0	240.560	0	0	
0	[SLAMPOS]	0	-82.500	393.850	0	240.560	0	0	
0	[SLAMPOS]	0	-82.500	393.850	0	240.560	0	0	
0	[SLAMPOS]	0	-82.500	393.850	0	240.560	0	0	
0	[SLAMPOS]	0	-82.500	393.850	0	240.560	0	0	
0	[SLAMPOS]	0	-82.500	393.850	0	240.560	0	0	
0	[SLAMPOS]	0	-82.500	393.850	0	240.560	0	0	
0	[SLAMPOS]	0	-82.500	393.850	0	240.560	0	0	
0	[SLAMPOS]	0	-82.500	393.850	0	240.560	0	0	
0	[SLAMPOS]	0	-82.500	393.850	0	240.550	0	0	
0	[SLAMPOS]	0	-82.500	393.840	0	240.550	0	0	
0	[SLAMPOS]	0	-82.500	393.850	0	240.550	0	0	
0	[SLAMPOS]	0	-82.500	393.850	0	240.550	0	0	
0	[SLAMPOS]	0	-82.500	393.850	0	240.550	0	0	
0	[SLAMPOS]	0	-82.500	393.850	0	240.560	0	0	
0	[SLAMPOS]	0	-82.500	393.850	0	240.550	0	0	
0	[SLAMPOS]	0	-82.500	393.850	0	240.550	0	0	
0	[SLAMPOS]	0	-82.500	393.850	0	240.550	0	0	
0	[SLAMPOS]	0	-82.500	393.850	0	240.550	0	0	
0	[SLAMPOS]	0	-82.500	393.850	0	240.550	0	0	
0	[SLAMPOS]	0	-82.500	393.850	0	240.550	0	0	
0	[SLAMPOS]	0	-82.500	393.850	0	240.550	0	0	
0	[SLAMPOS]	0	-82.500	393.850	0	240.550	0	0	
0	[SLAMPOS]	0	-82.500	393.850	0	240.550	0	0	
0	[SLAMPOS]	0	-82.500	393.850	0	240.550	0	0	
0	[SLAMPOS]	0	-82.500	393.850	0	240.550	0	0	
0	[SLAMPOS]	0	-82.500	393.850	0	240.560	0	0	
0	[SLAMPOS]	0	-82.500	393.850	0	240.560	0	0	
0	[SLAMPOS]	0	-82.500	393.850	0	240.550	0	0	
0	[SLAMPOS]	0	-82.500	393.850	0	240.550	0	0	
0	[SLAMPOS]	0	-82.500	393.850	0	240.550	0	0	
0	[SLAMPOS]	0	-82.500	393.850	0	240.550	0	0	
0	[SLAMPOS]	0	-82.500	393.850	0	240.550	0	0	
0	[SLAMPOS]	0	-82.500	393.850	0	240.550	0	0	
0	[SLAMPOS]	0	-82.500	393.850	0	240.550	0	0	
0	[SLAMPOS]	0	-82.500	393.850	0	240.550	0	0	
0	[SLAMPOS]	0	-82.510	393.850	0	240.550	0	0	
0	[SLAMPOS]	0	-82.510	393.850	0	240.550	0	0	
0	[SLAMPOS]	0	-82.500	393.840	0	240.550	0	0	
0	[SLAMPOS]	0	-82.500	393.850	0	240.550	0	0	
0	[SLAMPOS]	0	-82.510	393.850	0	240.550	0	0	
0	[SLAMPOS]	0	-82.500	393.850	0	240.550	0	0	
0	[SLAMPOS]	0	-82.500	393.850	0	240.550	0	0	
0	[SLAMPOS]	0	-82.500	393.850	0	240.550	0	0	
0	[SLAMPOS]	0	-82.500	393.850	0	240.560	0	0	
0	[SLAMPOS]	0	-82.500	393.850	0	240.560	0	0	
0	[SLAMPOS]	0	-82.500	393.850	0	240.560	0	0	
0	[SLAMPOS]	0	-82.500	393.850	0	240.560	0	0	
0	[SLAMPOS]	0	-82.500	393.850	0	240.560	0	0	
0	[SLAMPOS]	0	-82.500	393.850	0	240.560	0	0	
0	[SLAMPOS]	0	-82.500	393.850	0	240.560	0	0	
0	[SLAMPOS]	0	-82.500	393.850	0	240.560	0	0	
0	[SLAMPOS]	0	-82.500	393.850	0	240.550	0	0	
0	[SLAMPOS]	0	-82.500	393.850	0	240.550	0	0	
0	[SLAMPOS]	0	-82.500	393.850	0	240.550	0	0	
0	[SLAMPOS]	0	-82.500	393.850	0	240.550	0	0	
0	[SLAMPOS]	0	-82.500	393.850	0	240.550	0	0	
0	[SLAMPOS]	0	-82.500	393.850	0	240.550	0	0	
0	[SLAMPOS]	0	-82.500	393.850	0	240.550	0	0	
0	[SLAMPOS]	0	-82.500	393.850	0	240.550	0	0	
0	[SLAMPOS]	0	-82.500	393.850	0	240.550	0	0	
0	[SLAMPOS]	0	-82.500	393.850	0	240.550	0	0	
0	[SLAMPOS]	0	-82.500	393.850	0	240.550	0	0	
0	[SLAMPOS]	0	-82.500	393.850	0	240.550	0	0	
0	[SLAMPOS]	0	-82.500	393.850	0	240.550	0	0	
0	[SLAMPOS]	0	-82.500	393.850	0	240.560	0	0	
0	[SLAMPOS]	0	-82.500	393.850	0	240.550	0	0	
0	[SLAMPOS]	0	-82.500	393.850	0	240.550	0	0	
0	[SLAMPOS]	0	-82.500	393.850	0	240.550	0	0	
0	[SLAMPOS]	0	-82.500	393.850	0	240.550	0	0	
0	[SLAMPOS]	0	-82.500	393.840	0	240.550	0	0	
0	[SLAMPOS]	0	-82.510	393.840	0	240.550	0	0	
0	[SLAMPOS]	0	-82.510	393.840	0	240.550	0	0	
0	[SLAMPOS]	0	-82.510	393.850	0	240.550	0	0	
0	[SLAMPOS]	0	-82.510	393.850	0	240.550	0	0	
0	[SLAMPOS]	0	-82.510	393.850	0	240.550	0	0	
0	[SLAMPOS]	0	-82.500	393.850	0	240.550	0	0	
0	[SLAMPOS]	0	-82.500	393.850	0	240.550	0	0	
0	[SLAMPOS]	0	-82.500	393.850	0	240.550	0	0	
0	[SLAMPOS]	0	-82.500	393.850	0	240.550	0	0	
0	[SLAMPOS]	0	-82.500	393.850	0	240.550	0	0	
0	[SLAMPOS]	0	-82.500	393.850	0	240.550	0	0	
0	[SLAMPOS]	0	-82.500	393.850	0	240.550	0	0	
0	[SLAMPOS]	0	-82.500	393.850	0	240.550	0	0	
0	[SLAMPOS]	0	-82.500	393.850	0	240.550	0	0	
0	[SLAMPOS]	0	-82.500	393.850	0	240.550	0	0	
0	[SLAMPOS]	0	-82.500	393.850	0	240.550	0	0	
0	[SLAMPOS]	0	-82.500	393.850	0	240.550	0	0	
0	[SLAMPOS]	0	-82.500	393.850	0	240.550	0	0	
0	[SLAMPOS]	0	-82.500	393.850	0	240.540	0	0	
0	[SLAMPOS]	0	-82.500	393.840	0	240.540	0	0	
0	[SLAMPOS]	0	-82.500	393.840	0	240.540	0	0	
0	[SLAMPOS]	0	-82.500	393.840	0	240.540	0	0	
0	[SLAMPOS]	0	-82.500	393.840	0	240.540	0	0	
0	[SLAMPOS]	0	-82.500	393.850	0	240.540	0	0	
0	[SLAMPOS]	0	-82.500	393.850	0	240.540	0	0	
0	[SLAMPOS]	0	-82.500	393.850	0	240.540	0	0	
0	[SLAMPOS]	0	-82.500	393.850	0	240.540	0	0	
0	[SLAMPOS]	0	-82.500	393.850	0	240.540	0	0	
0	[SLAMPOS]	0	-82.500	393.850	0	240.540	0	0	
0	[SLAMPOS]	0	-82.500	393.850	0	240.540	0	0	
0	[SLAMPOS]	0	-82.500	393.850	0	240.550	0	0	
0	[SLAMPOS]	0	-82.500	393.850	0	240.550	0	0	
0	[SLAMPOS]	0	-82.500	393.850	0	240.550	0	0	
0	[SLAMPOS]	0	-82.500	393.850	0	240.550	0	0	
0	[SLAMPOS]	0	-82.500	393.850	0	240.540	0	0	
0	[SLAMPOS]	0	-82.500	393.850	0	240.540	0	0	
0	[SLAMPOS]	0	-82.500	393.850	0	240.540	0	0	
0	[SLAMPOS]	0	-82.500	393.850	0	240.540	0	0	
0	[SLAMPOS]	0	-82.500	393.850	0	240.540	0	0	
0	[SLAMPOS]	0	-82.500	393.850	0	240.540	0	0	
0	[SLAMPOS]	0	-82.500	393.840	0	240.540	0	0	
0	[SLAMPOS]	0	-82.500	393.840	0	240.540	0	0	
0	[SLAMPOS]	0	-82.500	393.840	0	240.540	0	0	
0	[SLAMPOS]	0	-82.500	393.850	0	240.540	0	0	
0	[SLAMPOS]	0	-82.500	393.850	0	240.540	0	0	
0	[SLAMPOS]	0	-82.500	393.850	0	240.530	0	0	
0	[SLAMPOS]	0	-82.500	393.840	0	240.530	0	0	
0	[SLAMPOS]	0	-82.500	393.850	0	240.540	0	0	
0	[SLAMPOS]	0	-82.500	393.850	0	240.540	0	0	
0	[SLAMPOS]	0	-82.500	393.850	0	240.540	0	0	
0	[SLAMPOS]	0	-82.500	393.850	0	240.540	0	0	
0	[SLAMPOS]	0	-82.500	393.850	0	240.540	0	0	
0	[SLAMPOS]	0	-82.500	393.850	0	240.540	0	0	
0	[SLAMPOS]	0	-82.500	393.850	0	240.540	0	0	
0	[SLAMPOS]	0	-82.500	393.850	0	240.530	0	0	
0	[SLAMPOS]	0	-82.500	393.850	0	240.530	0	0	
0	[SLAMPOS]	0	-82.500	393.850	0	240.530	0	0	
0	[SLAMPOS]	0	-82.500	393.850	0	240.540	0	0	
0	[SLAMPOS]	0	-82.500	393.850	0	240.540	0	0	
0	[SLAMPOS]	0	-82.500	393.850	0	240.540	0	0	
0	[SLAMPOS]	0	-82.500	393.840	0	240.540	0	0	
0	[SLAMPOS]	0	-82.500	393.840	0	240.540	0	0	
0	[SLAMPOS]	0	-82.500	393.840	0	240.540	0	0	
0	[SLAMPOS]	0	-82.500	393.840	0	240.540	0	0	
0	[SLAMPOS]	0	-82.500	393.850	0	240.540	0	0	
0	[SLAMPOS]	0	-82.500	393.840	0	240.540	0	0	
0	[SLAMPOS]	0	-82.500	393.840	0	240.540	0	0	
0	[SLAMPOS]	0	-82.500	393.840	0	240.540	0	0	
0	[SLAMPOS]	0	-82.500	393.840	0	240.540	0	0	
0	[SLAMPOS]	0	-82.500	393.840	0	240.540	0	0	
0	[SLAMPOS]	0	-82.500	393.840	0	240.530	0	0	
0	[SLAMPOS]	0	-82.500	393.840	0	240.530	0	0	
0	[SLAMPOS]	0	-82.500	393.840	0	240.530	0	0	
0	[SLAMPOS]	0	-82.500	393.850	0	240.530	0	0	
0	[SLAMPOS]	0	-82.500	393.840	0	240.530	0	0	
0	[SLAMPOS]	0	-82.500	393.850	0	240.530	0	0	
0	[SLAMPOS]	0	-82.500	393.850	0	240.530	0	0	
0	[SLAMPOS]	0	-82.500	393.850	0	240.530	0	0	
0	[SLAMPOS]	0	-82.510	393.850	0	240.530	0	0	
0	[SLAMPOS]	0	-82.510	393.850	0	240.530	0	0	
0	[SLAMPOS]	0	-82.510	393.850	0	240.530	0	0	
0	[SLAMPOS]	0	-82.510	393.850	0	240.530	0	0	
0	[SLAMPOS]	0	-82.510	393.850	0	240.530	0	0	
0	[SLAMPOS]	0	-82.510	393.850	0	240.530	0	0	
0	[SLAMPOS]	0	-82.510	393.850	0	240.530	0	0	
0	[SLAMPOS]	0	-82.510	393.850	0	240.530	0	0	
0	[SLAMPOS]	0	-82.500	393.850	0	240.530	0	0	
0	[SLAMPOS]	0	-82.500	393.850	0	240.530	0	0	
0	[SLAMPOS]	0	-82.500	393.850	0	240.530	0	0	
0	[SLAMPOS]	0	-82.500	393.850	0	240.530	0	0	
0	[SLAMPOS]	0	-82.500	393.850	0	240.530	0	0	
0	[SLAMPOS]	0	-82.500	393.850	0	240.530	0	0	
0	[SLAMPOS]	0	-82.500	393.850	0	240.530	0	0	
0	[SLAMPOS]	0	-82.500	393.850	0	240.530	0	0	
0	[SLAMPOS]	0	-82.500	393.850	0	240.530	0	0	
0	[SLAMPOS]	0	-82.500	393.850	0	240.530	0	0	
0	[SLAMPOS]	0	-82.500	393.850	0	240.530	0	0	
0	[SLAMPOS]	0	-82.500	393.850	0	240.530	0	0	
0	[SLAMPOS]	0	-82.510	393.850	0	240.530	0	0	
0	[SLAMPOS]	0	-82.510	393.850	0	240.520	0	0	
0	[SLAMPOS]	0	-82.500	393.850	0	240.520	0	0	
0	[SLAMPOS]	0	-82.500	393.850	0	240.520	0	0	
0	[SLAMPOS]	0	-82.500	393.850	0	240.520	0	0	
0	[SLAMPOS]	0	-82.500	393.850	0	240.520	0	0	
0	[SLAMPOS]	0	-82.500	393.850	0	240.520	0	0	
0	[SLAMPOS]	0	-82.500	393.850	0	240.520	0	0	
0	[SLAMPOS]	0	-82.500	393.850	0	240.520	0	0	
0	[SLAMPOS]	0	-82.500	393.850	0	240.510	0	0	
0	[SLAMPOS]	0	-82.500	393.840	0	240.510	0	0	
0	[SLAMPOS]	0	-82.500	393.850	0	240.510	0	0	
0	[SLAMPOS]	0	-82.500	393.850	0	240.510	0	0	
0	[SLAMPOS]	0	-82.500	393.850	0	240.510	0	0	
0	[SLAMPOS]	0	-82.500	393.850	0	240.510	0	0	
0	[SLAMPOS]	0	-82.500	393.850	0	240.510	0	0	
0	[SLAMPOS]	0	-82.500	393.850	0	240.510	0	0	
0	[SLAMPOS]	0	-82.500	393.850	0	240.510	0	0	
0	[SLAMPOS]	0	-82.500	393.840	0	240.510	0	0	
0	[SLAMPOS]	0	-82.500	393.840	0	240.510	0	0	
0	[SLAMPOS]	0	-82.500	393.840	0	240.510	0	0	
0	[SLAMPOS]	0	-82.500	393.850	0	240.510	0	0	
0	[SLAMPOS]	0	-82.500	393.850	0	240.510	0	0	
0	[SLAMPOS]	0	-82.500	393.850	0	240.520	0	0	
0	[SLAMPOS]	0	-82.500	393.850	0	240.520	0	0	
0	[SLAMPOS]	0	-82.500	393.850	0	240.520	0	0	
0	[SLAMPOS]	0	-82.510	393.840	0	240.520	0	0	
0	[SLAMPOS]	0	-82.510	393.840	0	240.520	0	0	
0	[SLAMPOS]	0	-82.500	393.840	0	240.520	0	0	
0	[SLAMPOS]	0	-82.500	393.840	0	240.520	0	0	
0	[SLAMPOS]	0	-82.500	393.840	0	240.520	0	0	
0	[SLAMPOS]	0	-82.500	393.850	0	240.510	0	0	
0	[SLAMPOS]	0	-82.500	393.850	0	240.510	0	0	
0	[SLAMPOS]	0	-82.500	393.850	0	240.510	0	0	
0	[SLAMPOS]	0	-82.500	393.850	0	240.510	0	0	
0	[SLAMPOS]	0	-82.500	393.850	0	240.510	0	0	
0	[SLAMPOS]	0	-82.500	393.850	0	240.510	0	0	
0	[SLAMPOS]	0	-82.500	393.850	0	240.510	0	0	
0	[SLAMPOS]	0	-82.500	393.850	0	240.510	0	0	
0	[SLAMPOS]	0	-82.500	393.850	0	240.520	0	0	
0	[SLAMPOS]	0	-82.500	393.850	0	240.520	0	0	
0	[SLAMPOS]	0	-82.500	393.850	0	240.520	0	0	
0	[SLAMPOS]	0	-82.500	393.850	0	240.520	0	0	
0	[SLAMPOS]	0	-82.500	393.850	0	240.520	0	0	
0	[SLAMPOS]	0	-82.500	393.850	0	240.520	0	0	
0	[SLAMPOS]	0	-82.500	393.850	0	240.520	0	0	
0	[SLAMPOS]	0	-82.500	393.850	0	240.520	0	0	
0	[SLAMPOS]	0	-82.500	393.850	0	240.520	0	0	
0	[SLAMPOS]	0	-82.500	393.840	0	240.520	0	0	
0	[SLAMPOS]	0	-82.500	393.840	0	240.520	0	0	
0	[SLAMPOS]	0	-82.500	393.840	0	240.520	0	0	
0	[SLAMPOS]	0	-82.500	393.850	0	240.520	0	0	
0	[SLAMPOS]	0	-82.500	393.840	0	240.520	0	0	
0	[SLAMPOS]	0	-82.500	393.840	0	240.520	0	0	
0	[SLAMPOS]	0	-82.500	393.840	0	240.520	0	0	
0	[SLAMPOS]	0	-82.500	393.850	0	240.520	0	0	
0	[SLAMPOS]	0	-82.500	393.850	0	240.520	0	0	
0	[SLAMPOS]	0	-82.500	393.850	0	240.520	0	0	
0	[SLAMPOS]	0	-82.500	393.850	0	240.520	0	0	
0	[SLAMPOS]	0	-82.500	393.850	0	240.520	0	0	
0	[SLAMPOS]	0	-82.500	393.850	0	240.510	0	0	
0	[SLAMPOS]	0	-82.500	393.850	0	240.520	0	0	
0	[SLAMPOS]	0	-82.500	393.850	0	240.520	0	0	
0	[SLAMPOS]	0	-82.500	393.850	0	240.510	0	0	
0	[SLAMPOS]	0	-82.500	393.850	0	240.520	0	0	
0	[SLAMPOS]	0	-82.500	393.850	0	240.520	0	0	
0	[SLAMPOS]	0	-82.500	393.850	0	240.510	0	0	
0	[SLAMPOS]	0	-82.500	393.850	0	240.510	0	0	
0	[SLAMPOS]	0	-82.500	393.840	0	240.510	0	0	
0	[SLAMPOS]	0	-82.500	393.840	0	240.510	0	0	
0	[SLAMPOS]	0	-82.500	393.850	0	240.510	0	0	
0	[SLAMPOS]	0	-82.500	393.850	0	240.510	0	0	
0	[SLAMPOS]	0	-82.510	393.850	0	240.510	0	0	
0	[SLAMPOS]	0	-82.500	393.850	0	240.510	0	0	
0	[SLAMPOS]	0	-82.510	393.850	0	240.510	0	0	
0	[SLAMPOS]	0	-82.510	393.850	0	240.510	0	0	
0	[SLAMPOS]	0	-82.510	393.850	0	240.510	0	0	
0	[SLAMPOS]	0	-82.510	393.850	0	240.510	0	0	
0	[SLAMPOS]	0	-82.510	393.850	0	240.510	0	0	
0	[SLAMPOS]	0	-82.510	393.850	0	240.510	0	0	
0	[SLAMPOS]	0	-82.510	393.850	0	240.510	0	0	
0	[SLAMPOS]	0	-82.500	393.850	0	240.510	0	0	
0	[SLAMPOS]	0	-82.500	393.850	0	240.510	0	0	
0	[SLAMPOS]	0	-82.510	393.850	0	240.510	0	0	
0	[SLAMPOS]	0	-82.510	393.850	0	240.510	0	0	
0	[SLAMPOS]	0	-82.500	393.850	0	240.520	0	0	
0	[SLAMPOS]	0	-82.500	393.850	0	240.520	0	0	
0	[SLAMPOS]	0	-82.500	393.850	0	240.520	0	0	
0	[SLAMPOS]	0	-82.500	393.840	0	240.520	0	0	
0	[SLAMPOS]	0	-82.500	393.840	0	240.520	0	0	
0	[SLAMPOS]	0	-82.500	393.840	0	240.520	0	0	
0	[SLAMPOS]	0	-82.500	393.840	0	240.520	0	0	
0	[SLAMPOS]	0	-82.500	393.850	0	240.520	0	0	
0	[SLAMPOS]	0	-82.500	393.850	0	240.520	0	0	
0	[SLAMPOS]	0	-82.500	393.850	0	240.520	0	0	
0	[SLAMPOS]	0	-82.500	393.850	0	240.520	0	0	
0	[SLAMPOS]	0	-82.500	393.850	0	240.520	0	0	
0	[SLAMPOS]	0	-82.500	393.850	0	240.520	0	0	
0	[SLAMPOS]	0	-82.500	393.850	0	240.510	0	0	
0	[SLAMPOS]	0	-82.500	393.850	0	240.510	0	0	
0	[SLAMPOS]	0	-82.500	393.850	0	240.510	0	0	
0	[SLAMPOS]	0	-82.500	393.850	0	240.520	0	0	
0	[SLAMPOS]	0	-82.500	393.850	0	240.520	0	0	
0	[SLAMPOS]	0	-82.510	393.840	0	240.510	0	0	
0	[SLAMPOS]	0	-82.510	393.840	0	240.520	0	0	
0	[SLAMPOS]	0	-82.510	393.840	0	240.520	0	0	
0	[SLAMPOS]	0	-82.510	393.840	0	240.520	0	0	
0	[SLAMPOS]	0	-82.510	393.840	0	240.520	0	0	
0	[SLAMPOS]	0	-82.510	393.840	0	240.520	0	0	
0	[SLAMPOS]	0	-82.520	393.840	0	240.520	0	0	
0	[SLAMPOS]	0	-82.520	393.840	0	240.520	0	0	
0	[SLAMPOS]	0	-82.520	393.840	0	240.520	0	0	
0	[SLAMPOS]	0	-82.530	393.840	0	240.510	0	0	
0	[SLAMPOS]	0	-82.530	393.840	0	240.510	0	0	
0	[SLAMPOS]	0	-82.540	393.830	0	240.510	0	0	
0	[SLAMPOS]	0	-82.540	393.830	0	240.510	0	0	
0	[SLAMPOS]	0	-82.560	393.820	0	240.510	0	0	
0	[SLAMPOS]	0	-82.570	393.810	0	240.510	0	0	
0	[SLAMPOS]	0	-82.620	393.790	0	240.500	0	0	
0	[SLAMPOS]	0	-82.640	393.780	0	240.500	0	0	
0	[SLAMPOS]	0	-82.690	393.740	0	240.500	0	0	
0	[SLAMPOS]	0	-82.720	393.730	0	240.490	0	0	
0	[SLAMPOS]	0	-82.750	393.710	0	240.480	0	0	
0	[SLAMPOS]	0	-82.810	393.690	0	240.480	0	0	
0	[SLAMPOS]	0	-82.820	393.680	0	240.480	0	0	
0	[SLAMPOS]	0	-82.880	393.650	0	240.470	0	0	
0	[SLAMPOS]	0	-82.890	393.640	0	240.470	0	0	
0	[SLAMPOS]	0	-82.950	393.600	0	240.470	0	0	
0	[SLAMPOS]	0	-83.010	393.580	0	240.470	0	0	
0	[SLAMPOS]	0	-83.040	393.550	0	240.470	0	0	
0	[SLAMPOS]	0	-83.110	393.520	0	240.460	0	0	
0	[SLAMPOS]	0	-83.170	393.490	0	240.470	0	0	
0	[SLAMPOS]	0	-83.200	393.470	0	240.460	0	0	
0	[SLAMPOS]	0	-83.310	393.410	0	240.460	0	0	
0	[SLAMPOS]	0	-83.340	393.400	0	240.460	0	0	
0	[SLAMPOS]	0	-83.400	393.360	0	240.460	0	0	
0	[SLAMPOS]	0	-83.490	393.310	0	240.470	0	0	
0	[SLAMPOS]	0	-83.510	393.300	0	240.470	0	0	
0	[SLAMPOS]	0	-83.600	393.250	0	240.470	0	0	
0	[SLAMPOS]	0	-83.630	393.240	0	240.460	0	0	
0	[SLAMPOS]	0	-83.710	393.190	0	240.460	0	0	
0	[SLAMPOS]	0	-83.810	393.130	0	240.460	0	0	
0	[SLAMPOS]	0	-83.890	393.080	0	240.460	0	0	
0	[SLAMPOS]	0	-83.930	393.070	0	240.450	0	0	
0	[SLAMPOS]	0	-84.070	392.990	0	240.450	0	0	
0	[SLAMPOS]	0	-84.120	392.970	0	240.450	0	0	
0	[SLAMPOS]	0	-84.210	392.910	0	240.430	0	0	
0	[SLAMPOS]	0	-84.340	392.850	0	240.430	0	0	
0	[SLAMPOS]	0	-84.370	392.830	0	240.420	0	0	
0	[SLAMPOS]	0	-84.500	392.760	0	240.400	0	0	
0	[SLAMPOS]	0	-84.540	392.740	0	240.400	0	0	
0	[SLAMPOS]	0	-84.680	392.660	0	240.370	0	0	
0	[SLAMPOS]	0	-84.790	392.600	0	240.370	0	0	
0	[SLAMPOS]	0	-84.840	392.580	0	240.390	0	0	
0	[SLAMPOS]	0	-84.990	392.500	0	240.400	0	0	
0	[SLAMPOS]	0	-85.110	392.440	0	240.410	0	0	
0	[SLAMPOS]	0	-85.170	392.420	0	240.410	0	0	
0	[SLAMPOS]	0	-85.370	392.300	0	240.330	0	0	
0	[SLAMPOS]	0	-85.430	392.270	0	240.320	0	0	
0	[SLAMPOS]	0	-85.550	392.200	0	240.310	0	0	
0	[SLAMPOS]	0	-85.700	392.130	0	240.310	0	0	
0	[SLAMPOS]	0	-85.730	392.110	0	240.300	0	0	
0	[SLAMPOS]	0	-85.870	392.030	0	240.250	0	0	
0	[SLAMPOS]	0	-86.020	391.950	0	240.230	0	0	
0	[SLAMPOS]	0	-86.060	391.930	0	240.220	0	0	
0	[SLAMPOS]	0	-86.220	391.840	0	240.210	0	0	
0	[SLAMPOS]	0	-86.350	391.760	0	240.160	0	0	
0	[SLAMPOS]	0	-86.390	391.730	0	240.120	0	0	
0	[SLAMPOS]	0	-86.600	391.610	0	240.090	0	0	
0	[SLAMPOS]	0	-86.680	391.570	0	240.080	0	0	
0	[SLAMPOS]	0	-86.800	391.490	0	240.050	0	0	
0	[SLAMPOS]	0	-86.970	391.410	0	240.000	0	0	
0	[SLAMPOS]	0	-87.010	391.390	0	239.990	0	0	
0	[SLAMPOS]	0	-87.170	391.320	0	239.960	0	0	
0	[SLAMPOS]	0	-87.320	391.240	0	239.920	0	0	
0	[SLAMPOS]	0	-87.360	391.220	0	239.900	0	0	
0	[SLAMPOS]	0	-87.520	391.140	0	239.850	0	0	
0	[SLAMPOS]	0	-87.560	391.110	0	239.820	0	0	
0	[SLAMPOS]	0	-87.710	391.020	0	239.720	0	0	
0	[SLAMPOS]	0	-87.940	390.890	0	239.560	0	0	
0	[SLAMPOS]	0	-88.000	390.860	0	239.510	0	0	
0	[SLAMPOS]	0	-88.090	390.800	0	239.430	0	0	
0	[SLAMPOS]	0	-88.210	390.730	0	239.310	0	0	
0	[SLAMPOS]	0	-88.260	390.700	0	239.260	0	0	
0	[SLAMPOS]	0	-88.500	390.560	0	239.030	0	0	
0	[SLAMPOS]	0	-88.570	390.530	0	238.980	0	0	
0	[SLAMPOS]	0	-88.710	390.450	0	238.840	0	0	
0	[SLAMPOS]	0	-88.860	390.360	0	238.640	0	0	
0	[SLAMPOS]	0	-88.910	390.330	0	238.580	0	0	
0	[SLAMPOS]	0	-89.090	390.230	0	238.350	0	0	
0	[SLAMPOS]	0	-89.210	390.160	0	238.210	0	0	
0	[SLAMPOS]	0	-89.270	390.130	0	238.140	0	0	
0	[SLAMPOS]	0	-89.440	390.020	0	237.930	0	0	
0	[SLAMPOS]	0	-89.560	389.950	0	237.760	0	0	
0	[SLAMPOS]	0	-89.620	389.920	0	237.680	0	0	
0	[SLAMPOS]	0	-89.840	389.780	0	237.360	0	0	
0	[SLAMPOS]	0	-89.900	389.740	0	237.270	0	0	
0	[SLAMPOS]	0	-90.030	389.660	0	237.060	0	0	
0	[SLAMPOS]	0	-90.180	389.560	0	236.830	0	0	
0	[SLAMPOS]	0	-90.230	389.530	0	236.760	0	0	
0	[SLAMPOS]	0	-90.380	389.420	0	236.540	0	0	
0	[SLAMPOS]	0	-90.420	389.400	0	236.480	0	0	
0	[SLAMPOS]	0	-90.570	389.290	0	236.250	0	0	
0	[SLAMPOS]	0	-90.700	389.210	0	236.040	0	0	
0	[SLAMPOS]	0	-90.850	389.100	0	235.800	0	0	
0	[SLAMPOS]	0	-90.920	389.080	0	235.720	0	0	
0	[SLAMPOS]	0	-91.130	388.920	0	235.380	0	0	
0	[SLAMPOS]	0	-91.190	388.880	0	235.280	0	0	
0	[SLAMPOS]	0	-91.330	388.800	0	235.070	0	0	
0	[SLAMPOS]	0	-91.470	388.690	0	234.840	0	0	
0	[SLAMPOS]	0	-91.510	388.660	0	234.770	0	0	
0	[SLAMPOS]	0	-91.670	388.560	0	234.520	0	0	
0	[SLAMPOS]	0	-91.700	388.540	0	234.470	0	0	
0	[SLAMPOS]	0	-91.850	388.440	0	234.220	0	0	
0	[SLAMPOS]	0	-92.080	388.280	0	233.840	0	0	
0	[SLAMPOS]	0	-92.190	388.200	0	233.660	0	0	
0	[SLAMPOS]	0	-92.200	388.190	0	233.640	0	0	
0	[SLAMPOS]	0	-92.320	388.110	0	233.430	0	0	
0	[SLAMPOS]	0	-92.380	388.070	0	233.340	0	0	
0	[SLAMPOS]	0	-92.610	387.900	0	232.930	0	0	
0	[SLAMPOS]	0	-92.670	387.850	0	232.830	0	0	
0	[SLAMPOS]	0	-92.820	387.750	0	232.560	0	0	
0	[SLAMPOS]	0	-92.970	387.630	0	232.270	0	0	
0	[SLAMPOS]	0	-93.010	387.600	0	232.190	0	0	
0	[SLAMPOS]	0	-93.170	387.480	0	231.890	0	0	
0	[SLAMPOS]	0	-93.300	387.370	0	231.590	0	0	
0	[SLAMPOS]	0	-93.390	387.300	0	231.410	0	0	
0	[SLAMPOS]	0	-93.530	387.190	0	231.070	0	0	
0	[SLAMPOS]	0	-93.680	387.070	0	230.690	0	0	
0	[SLAMPOS]	0	-93.740	387.020	0	230.570	0	0	
0	[SLAMPOS]	0	-93.990	386.820	0	229.950	0	0	
0	[SLAMPOS]	0	-94.060	386.760	0	229.790	0	0	
0	[SLAMPOS]	0	-94.200	386.630	0	229.400	0	0	
0	[SLAMPOS]	0	-94.370	386.490	0	228.970	0	0	
0	[SLAMPOS]	0	-94.420	386.450	0	228.840	0	0	
0	[SLAMPOS]	0	-94.590	386.290	0	228.390	0	0	
0	[SLAMPOS]	0	-94.640	386.250	0	228.250	0	0	
0	[SLAMPOS]	0	-94.820	386.080	0	227.770	0	0	
0	[SLAMPOS]	0	-95.010	385.910	0	227.210	0	0	
0	[SLAMPOS]	0	-95.030	385.890	0	227.140	0	0	
0	[SLAMPOS]	0	-95.220	385.720	0	226.620	0	0	
0	[SLAMPOS]	0	-95.370	385.570	0	226.140	0	0	
0	[SLAMPOS]	0	-95.440	385.500	0	225.920	0	0	
0	[SLAMPOS]	0	-95.730	385.230	0	224.980	0	0	
0	[SLAMPOS]	0	-95.900	385.060	0	224.390	0	0	
0	[SLAMPOS]	0	-95.940	385.020	0	224.230	0	0	
0	[SLAMPOS]	0	-96.120	384.820	0	223.550	0	0	
0	[SLAMPOS]	0	-96.170	384.780	0	223.370	0	0	
0	[SLAMPOS]	0	-96.360	384.570	0	222.640	0	0	
0	[SLAMPOS]	0	-96.570	384.330	0	221.820	0	0	
0	[SLAMPOS]	0	-96.600	384.290	0	221.670	0	0	
0	[SLAMPOS]	0	-96.760	384.100	0	221.060	0	0	
0	[SLAMPOS]	0	-97.010	383.810	0	220.040	0	0	
0	[SLAMPOS]	0	-97.040	383.770	0	219.880	0	0	
0	[SLAMPOS]	0	-97.220	383.540	0	219.130	0	0	
0	[SLAMPOS]	0	-97.270	383.480	0	218.890	0	0	
0	[SLAMPOS]	0	-97.460	383.250	0	218.100	0	0	
0	[SLAMPOS]	0	-97.640	383.020	0	217.330	0	0	
0	[SLAMPOS]	0	-97.680	382.960	0	217.090	0	0	
0	[SLAMPOS]	0	-97.880	382.710	0	216.220	0	0	
0	[SLAMPOS]	0	-98.020	382.510	0	215.530	0	0	
0	[SLAMPOS]	0	-98.080	382.410	0	215.220	0	0	
0	[SLAMPOS]	0	-98.340	382.020	0	213.900	0	0	
0	[SLAMPOS]	0	-98.400	381.920	0	213.570	0	0	
0	[SLAMPOS]	0	-98.550	381.700	0	212.740	0	0	
0	[SLAMPOS]	0	-98.700	381.430	0	211.840	0	0	
0	[SLAMPOS]	0	-98.740	381.360	0	211.580	0	0	
0	[SLAMPOS]	0	-98.900	381.100	0	210.650	0	0	
0	[SLAMPOS]	0	-99.040	380.850	0	209.780	0	0	
0	[SLAMPOS]	0	-99.100	380.750	0	209.420	0	0	
0	[SLAMPOS]	0	-99.320	380.320	0	207.870	0	0	
0	[SLAMPOS]	0	-99.380	380.210	0	207.500	0	0	
0	[SLAMPOS]	0	-99.430	380.100	0	207.120	0	0	
0	[SLAMPOS]	0	-99.640	379.650	0	205.530	0	0	
0	[SLAMPOS]	0	-99.700	379.510	0	205.010	0	0	
0	[SLAMPOS]	0	-99.800	379.280	0	204.220	0	0	
0	[SLAMPOS]	0	-99.910	378.990	0	203.200	0	0	
0	[SLAMPOS]	0	-99.940	378.920	0	202.930	0	0	
0	[SLAMPOS]	0	-100.060	378.620	0	201.920	0	0	
0	[SLAMPOS]	0	-100.090	378.530	0	201.590	0	0	
0	[SLAMPOS]	0	-100.210	378.230	0	200.540	0	0	
0	[SLAMPOS]	0	-100.310	377.980	0	199.620	0	0	
0	[SLAMPOS]	0	-100.400	377.670	0	198.560	0	0	
0	[SLAMPOS]	0	-100.490	377.410	0	197.630	0	0	
0	[SLAMPOS]	0	-100.520	377.290	0	197.250	0	0	
0	[SLAMPOS]	0	-100.610	376.980	0	196.200	0	0	
0	[SLAMPOS]	0	-100.680	376.720	0	195.320	0	0	
0	[SLAMPOS]	0	-100.760	376.410	0	194.340	0	0	
0	[SLAMPOS]	0	-100.780	376.340	0	194.110	0	0	
0	[SLAMPOS]	0	-100.840	376.030	0	193.160	0	0	
0	[SLAMPOS]	0	-100.870	375.940	0	192.870	0	0	
0	[SLAMPOS]	0	-100.920	375.630	0	191.980	0	0	
0	[SLAMPOS]	0	-100.970	375.360	0	191.190	0	0	
0	[SLAMPOS]	0	-101.000	375.240	0	190.840	0	0	
0	[SLAMPOS]	0	-101.070	374.770	0	189.590	0	0	
0	[SLAMPOS]	0	-101.090	374.630	0	189.240	0	0	
0	[SLAMPOS]	0	-101.110	374.520	0	188.940	0	0	
0	[SLAMPOS]	0	-101.180	374.040	0	187.700	0	0	
0	[SLAMPOS]	0	-101.190	373.930	0	187.420	0	0	
0	[SLAMPOS]	0	-101.220	373.650	0	186.690	0	0	
0	[SLAMPOS]	0	-101.260	373.330	0	185.830	0	0	
0	[SLAMPOS]	0	-101.260	373.250	0	185.620	0	0	
0	[SLAMPOS]	0	-101.290	372.930	0	184.810	0	0	
0	[SLAMPOS]	0	-101.310	372.650	0	184.090	0	0	
0	[SLAMPOS]	0	-101.320	372.510	0	183.770	0	0	
0	[SLAMPOS]	0	-101.350	372.040	0	182.570	0	0	
0	[SLAMPOS]	0	-101.350	371.920	0	182.280	0	0	
0	[SLAMPOS]	0	-101.350	371.790	0	181.970	0	0	
0	[SLAMPOS]	0	-101.350	371.250	0	180.540	0	0	
0	[SLAMPOS]	0	-101.350	371.080	0	180.090	0	0	
0	[SLAMPOS]	0	-101.350	370.930	0	179.730	0	0	
0	[SLAMPOS]	0	-101.340	370.470	0	178.500	0	0	
0	[SLAMPOS]	0	-101.330	370.340	0	178.210	0	0	
0	[SLAMPOS]	0	-101.330	370.210	0	177.860	0	0	
0	[SLAMPOS]	0	-101.310	369.740	0	176.620	0	0	
0	[SLAMPOS]	0	-101.280	369.540	0	176.050	0	0	
0	[SLAMPOS]	0	-101.270	369.420	0	175.760	0	0	
0	[SLAMPOS]	0	-101.230	369.000	0	174.600	0	0	
0	[SLAMPOS]	0	-101.190	368.610	0	173.540	0	0	
0	[SLAMPOS]	0	-101.130	368.220	0	172.490	0	0	
0	[SLAMPOS]	0	-101.110	368.060	0	172.040	0	0	
0	[SLAMPOS]	0	-101.050	367.740	0	171.150	0	0	
0	[SLAMPOS]	0	-101.000	367.460	0	170.390	0	0	
0	[SLAMPOS]	0	-101.000	367.420	0	170.290	0	0	
0	[SLAMPOS]	0	-100.950	367.140	0	169.500	0	0	
0	[SLAMPOS]	0	-100.910	366.950	0	169.020	0	0	
0	[SLAMPOS]	0	-100.850	366.660	0	168.210	0	0	
0	[SLAMPOS]	0	-100.740	366.230	0	167.040	0	0	
0	[SLAMPOS]	0	-100.730	366.170	0	166.890	0	0	
0	[SLAMPOS]	0	-100.640	365.860	0	166.070	0	0	
0	[SLAMPOS]	0	-100.650	365.830	0	164.700	0	0	
0	[SLAMPOS]	0	-100.530	365.440	0	164.950	0	0	
0	[SLAMPOS]	0	-100.480	365.260	0	164.480	0	0	
0	[SLAMPOS]	0	-100.410	365.020	0	163.830	0	0	
0	[SLAMPOS]	0	-100.320	364.690	0	163.000	0	0	
0	[SLAMPOS]	0	-100.290	364.600	0	162.760	0	0	
0	[SLAMPOS]	0	-100.190	364.280	0	161.920	0	0	
0	[SLAMPOS]	0	-100.080	363.960	0	161.080	0	0	
0	[SLAMPOS]	0	-100.050	363.870	0	160.840	0	0	
0	[SLAMPOS]	0	-99.920	363.530	0	159.970	0	0	
0	[SLAMPOS]	0	-99.890	363.460	0	159.780	0	0	
0	[SLAMPOS]	0	-99.760	363.140	0	158.920	0	0	
0	[SLAMPOS]	0	-99.650	362.860	0	158.170	0	0	
0	[SLAMPOS]	0	-99.610	362.720	0	157.860	0	0	
0	[SLAMPOS]	0	-99.400	362.240	0	156.680	0	0	
0	[SLAMPOS]	0	-99.340	362.120	0	156.400	0	0	
0	[SLAMPOS]	0	-99.210	361.850	0	155.760	0	0	
0	[SLAMPOS]	0	-99.060	361.540	0	155.020	0	0	
0	[SLAMPOS]	0	-98.990	361.410	0	154.750	0	0	
0	[SLAMPOS]	0	-98.850	361.130	0	154.170	0	0	
0	[SLAMPOS]	0	-98.680	360.800	0	153.510	0	0	
0	[SLAMPOS]	0	-98.650	360.720	0	153.360	0	0	
0	[SLAMPOS]	0	-98.490	360.390	0	152.820	0	0	
0	[SLAMPOS]	0	-98.340	360.110	0	152.360	0	0	
0	[SLAMPOS]	0	-98.260	359.960	0	152.130	0	0	
0	[SLAMPOS]	0	-98.010	359.500	0	151.360	0	0	
0	[SLAMPOS]	0	-97.940	359.350	0	151.130	0	0	
0	[SLAMPOS]	0	-97.790	359.100	0	150.720	0	0	
0	[SLAMPOS]	0	-97.600	358.770	0	150.190	0	0	
0	[SLAMPOS]	0	-97.530	358.650	0	150.000	0	0	
0	[SLAMPOS]	0	-97.340	358.320	0	149.440	0	0	
0	[SLAMPOS]	0	-97.170	358.030	0	149.010	0	0	
0	[SLAMPOS]	0	-97.120	357.950	0	148.860	0	0	
0	[SLAMPOS]	0	-96.930	357.640	0	148.350	0	0	
0	[SLAMPOS]	0	-96.760	357.360	0	147.880	0	0	
0	[SLAMPOS]	0	-96.680	357.230	0	147.670	0	0	
0	[SLAMPOS]	0	-96.450	356.880	0	147.100	0	0	
0	[SLAMPOS]	0	-96.400	356.790	0	146.960	0	0	
0	[SLAMPOS]	0	-96.180	356.470	0	146.440	0	0	
0	[SLAMPOS]	0	-95.990	356.180	0	146.000	0	0	
0	[SLAMPOS]	0	-95.910	356.060	0	145.830	0	0	
0	[SLAMPOS]	0	-95.590	355.590	0	145.130	0	0	
0	[SLAMPOS]	0	-95.490	355.470	0	144.960	0	0	
0	[SLAMPOS]	0	-95.300	355.190	0	144.610	0	0	
0	[SLAMPOS]	0	-95.070	354.860	0	144.230	0	0	
0	[SLAMPOS]	0	-95.010	354.780	0	144.160	0	0	
0	[SLAMPOS]	0	-94.790	354.460	0	143.850	0	0	
0	[SLAMPOS]	0	-94.590	354.180	0	143.640	0	0	
0	[SLAMPOS]	0	-94.510	354.050	0	143.550	0	0	
0	[SLAMPOS]	0	-94.270	353.730	0	143.360	0	0	
0	[SLAMPOS]	0	-94.060	353.450	0	143.240	0	0	
0	[SLAMPOS]	0	-93.970	353.320	0	143.190	0	0	
0	[SLAMPOS]	0	-93.610	352.840	0	143.050	0	0	
0	[SLAMPOS]	0	-93.520	352.710	0	143.020	0	0	
0	[SLAMPOS]	0	-93.320	352.430	0	143.050	0	0	
0	[SLAMPOS]	0	-93.080	352.100	0	142.970	0	0	
0	[SLAMPOS]	0	-93.020	352.020	0	142.970	0	0	
0	[SLAMPOS]	0	-92.780	351.700	0	142.880	0	0	
0	[SLAMPOS]	0	-92.710	351.610	0	142.870	0	0	
0	[SLAMPOS]	0	-92.470	351.280	0	142.850	0	0	
0	[SLAMPOS]	0	-92.220	350.910	0	142.920	0	0	
0	[SLAMPOS]	0	-92.130	350.790	0	142.920	0	0	
0	[SLAMPOS]	0	-91.890	350.490	0	142.690	0	0	
0	[SLAMPOS]	0	-91.700	350.220	0	142.740	0	0	
0	[SLAMPOS]	0	-91.600	350.080	0	142.770	0	0	
0	[SLAMPOS]	0	-91.230	349.580	0	142.760	0	0	
0	[SLAMPOS]	0	-91.140	349.460	0	142.750	0	0	
0	[SLAMPOS]	0	-90.910	349.150	0	142.750	0	0	
0	[SLAMPOS]	0	-90.670	348.820	0	142.750	0	0	
0	[SLAMPOS]	0	-90.420	348.470	0	142.790	0	0	
0	[SLAMPOS]	0	-90.350	348.380	0	142.810	0	0	
0	[SLAMPOS]	0	-90.070	347.980	0	142.870	0	0	
0	[SLAMPOS]	0	-90.010	347.910	0	142.890	0	0	
0	[SLAMPOS]	0	-89.750	347.550	0	142.950	0	0	
0	[SLAMPOS]	0	-89.490	347.190	0	143.010	0	0	
0	[SLAMPOS]	0	-89.450	347.130	0	143.030	0	0	
0	[SLAMPOS]	0	-89.200	346.770	0	143.110	0	0	
0	[SLAMPOS]	0	-88.980	346.460	0	143.170	0	0	
0	[SLAMPOS]	0	-88.880	346.320	0	143.210	0	0	
0	[SLAMPOS]	0	-88.630	345.980	0	143.240	0	0	
0	[SLAMPOS]	0	-88.400	345.640	0	143.290	0	0	
0	[SLAMPOS]	0	-88.170	345.330	0	143.300	0	0	
0	[SLAMPOS]	0	-87.930	344.980	0	143.340	0	0	
0	[SLAMPOS]	0	-87.860	344.890	0	143.320	0	0	
0	[SLAMPOS]	0	-87.610	344.530	0	143.310	0	0	
0	[SLAMPOS]	0	-87.340	344.160	0	143.250	0	0	
0	[SLAMPOS]	0	-87.280	344.070	0	143.230	0	0	
0	[SLAMPOS]	0	-86.990	343.680	0	143.150	0	0	
0	[SLAMPOS]	0	-86.930	343.590	0	143.130	0	0	
0	[SLAMPOS]	0	-86.660	343.220	0	143.060	0	0	
0	[SLAMPOS]	0	-86.440	342.920	0	143.010	0	0	
0	[SLAMPOS]	0	-86.330	342.770	0	142.980	0	0	
0	[SLAMPOS]	0	-86.070	342.400	0	142.920	0	0	
0	[SLAMPOS]	0	-85.840	342.080	0	142.890	0	0	
0	[SLAMPOS]	0	-85.720	341.920	0	142.850	0	0	
0	[SLAMPOS]	0	-85.340	341.410	0	142.780	0	0	
0	[SLAMPOS]	0	-85.240	341.260	0	142.780	0	0	
0	[SLAMPOS]	0	-85.100	341.080	0	142.780	0	0	
0	[SLAMPOS]	0	-84.850	340.740	0	142.780	0	0	
0	[SLAMPOS]	0	-84.590	340.380	0	142.770	0	0	
0	[SLAMPOS]	0	-84.350	340.060	0	142.760	0	0	
0	[SLAMPOS]	0	-84.070	339.680	0	142.720	0	0	
0	[SLAMPOS]	0	-84.000	339.580	0	142.720	0	0	
0	[SLAMPOS]	0	-83.740	339.200	0	142.760	0	0	
0	[SLAMPOS]	0	-83.650	339.090	0	142.750	0	0	
0	[SLAMPOS]	0	-83.380	338.710	0	142.740	0	0	
0	[SLAMPOS]	0	-83.130	338.380	0	142.720	0	0	
0	[SLAMPOS]	0	-83.020	338.230	0	142.710	0	0	
0	[SLAMPOS]	0	-82.590	337.640	0	142.680	0	0	
0	[SLAMPOS]	0	-82.470	337.470	0	142.660	0	0	
0	[SLAMPOS]	0	-82.370	337.330	0	142.680	0	0	
0	[SLAMPOS]	0	-81.930	336.740	0	142.640	0	0	
0	[SLAMPOS]	0	-81.820	336.580	0	142.630	0	0	
0	[SLAMPOS]	0	-81.570	336.240	0	142.590	0	0	
0	[SLAMPOS]	0	-81.260	335.820	0	142.530	0	0	
0	[SLAMPOS]	0	-81.190	335.730	0	142.530	0	0	
0	[SLAMPOS]	0	-80.880	335.320	0	142.480	0	0	
0	[SLAMPOS]	0	-80.620	334.960	0	142.480	0	0	
0	[SLAMPOS]	0	-80.500	334.800	0	142.480	0	0	
0	[SLAMPOS]	0	-80.190	334.370	0	142.500	0	0	
0	[SLAMPOS]	0	-79.920	334.020	0	142.530	0	0	
0	[SLAMPOS]	0	-79.800	333.850	0	142.540	0	0	
0	[SLAMPOS]	0	-79.340	333.220	0	142.570	0	0	
0	[SLAMPOS]	0	-79.220	333.050	0	142.580	0	0	
0	[SLAMPOS]	0	-78.940	332.670	0	142.610	0	0	
0	[SLAMPOS]	0	-78.620	332.230	0	142.630	0	0	
0	[SLAMPOS]	0	-78.520	332.100	0	142.630	0	0	
0	[SLAMPOS]	0	-78.210	331.670	0	142.650	0	0	
0	[SLAMPOS]	0	-78.130	331.560	0	142.650	0	0	
0	[SLAMPOS]	0	-77.800	331.110	0	142.660	0	0	
0	[SLAMPOS]	0	-77.530	330.730	0	142.660	0	0	
0	[SLAMPOS]	0	-77.210	330.290	0	142.680	0	0	
0	[SLAMPOS]	0	-76.920	329.890	0	142.660	0	0	
0	[SLAMPOS]	0	-76.790	329.710	0	142.650	0	0	
0	[SLAMPOS]	0	-76.450	329.250	0	142.650	0	0	
0	[SLAMPOS]	0	-76.150	328.840	0	142.630	0	0	
0	[SLAMPOS]	0	-75.850	328.420	0	142.620	0	0	
0	[SLAMPOS]	0	-75.700	328.240	0	142.600	0	0	
0	[SLAMPOS]	0	-75.420	327.840	0	142.570	0	0	
0	[SLAMPOS]	0	-75.320	327.710	0	142.560	0	0	
0	[SLAMPOS]	0	-74.980	327.260	0	142.510	0	0	
0	[SLAMPOS]	0	-74.690	326.870	0	142.490	0	0	
0	[SLAMPOS]	0	-74.570	326.690	0	142.480	0	0	
0	[SLAMPOS]	0	-74.060	326.010	0	142.430	0	0	
0	[SLAMPOS]	0	-73.920	325.820	0	142.410	0	0	
0	[SLAMPOS]	0	-73.800	325.650	0	142.400	0	0	
0	[SLAMPOS]	0	-73.300	324.980	0	142.350	0	0	
0	[SLAMPOS]	0	-73.160	324.790	0	142.340	0	0	
0	[SLAMPOS]	0	-72.860	324.390	0	142.340	0	0	
0	[SLAMPOS]	0	-72.530	323.930	0	142.360	0	0	
0	[SLAMPOS]	0	-72.430	323.800	0	142.360	0	0	
0	[SLAMPOS]	0	-72.110	323.370	0	142.350	0	0	
0	[SLAMPOS]	0	-71.810	322.970	0	142.350	0	0	
0	[SLAMPOS]	0	-71.690	322.780	0	142.360	0	0	
0	[SLAMPOS]	0	-71.180	322.110	0	142.330	0	0	
0	[SLAMPOS]	0	-71.060	321.940	0	142.320	0	0	
0	[SLAMPOS]	0	-70.760	321.540	0	142.310	0	0	
0	[SLAMPOS]	0	-70.430	321.090	0	142.290	0	0	
0	[SLAMPOS]	0	-70.310	320.920	0	142.290	0	0	
0	[SLAMPOS]	0	-70.010	320.530	0	142.290	0	0	
0	[SLAMPOS]	0	-69.690	320.070	0	142.300	0	0	
0	[SLAMPOS]	0	-69.600	319.960	0	142.310	0	0	
0	[SLAMPOS]	0	-69.270	319.510	0	142.300	0	0	
0	[SLAMPOS]	0	-69.180	319.390	0	142.320	0	0	
0	[SLAMPOS]	0	-68.840	318.930	0	142.350	0	0	
0	[SLAMPOS]	0	-68.540	318.540	0	142.380	0	0	
0	[SLAMPOS]	0	-68.210	318.080	0	142.430	0	0	
0	[SLAMPOS]	0	-67.920	317.690	0	142.460	0	0	
0	[SLAMPOS]	0	-67.570	317.210	0	142.500	0	0	
0	[SLAMPOS]	0	-67.480	317.090	0	142.510	0	0	
0	[SLAMPOS]	0	-67.140	316.610	0	142.550	0	0	
0	[SLAMPOS]	0	-66.810	316.160	0	142.580	0	0	
0	[SLAMPOS]	0	-66.720	316.040	0	142.580	0	0	
0	[SLAMPOS]	0	-66.380	315.570	0	142.590	0	0	
0	[SLAMPOS]	0	-66.280	315.440	0	142.580	0	0	
0	[SLAMPOS]	0	-65.950	314.970	0	142.610	0	0	
0	[SLAMPOS]	0	-65.640	314.560	0	142.600	0	0	
0	[SLAMPOS]	0	-65.500	314.370	0	142.590	0	0	
0	[SLAMPOS]	0	-64.980	313.660	0	142.550	0	0	
0	[SLAMPOS]	0	-64.850	313.480	0	142.540	0	0	
0	[SLAMPOS]	0	-64.540	313.070	0	142.520	0	0	
0	[SLAMPOS]	0	-64.190	312.580	0	142.510	0	0	
0	[SLAMPOS]	0	-64.100	312.460	0	142.510	0	0	
0	[SLAMPOS]	0	-63.750	311.990	0	142.480	0	0	
0	[SLAMPOS]	0	-63.400	311.520	0	142.450	0	0	
0	[SLAMPOS]	0	-63.300	311.380	0	142.450	0	0	
0	[SLAMPOS]	0	-62.960	310.910	0	142.450	0	0	
0	[SLAMPOS]	0	-62.620	310.460	0	142.450	0	0	
0	[SLAMPOS]	0	-62.500	310.300	0	142.450	0	0	
0	[SLAMPOS]	0	-62.110	309.770	0	142.440	0	0	
0	[SLAMPOS]	0	-61.800	309.360	0	142.440	0	0	
0	[SLAMPOS]	0	-61.500	308.950	0	142.440	0	0	
0	[SLAMPOS]	0	-61.140	308.460	0	142.440	0	0	
0	[SLAMPOS]	0	-61.000	308.270	0	142.440	0	0	
0	[SLAMPOS]	0	-60.680	307.830	0	142.450	0	0	
0	[SLAMPOS]	0	-60.330	307.350	0	142.450	0	0	
0	[SLAMPOS]	0	-60.230	307.230	0	142.450	0	0	
0	[SLAMPOS]	0	-59.850	306.690	0	142.480	0	0	
0	[SLAMPOS]	0	-59.750	306.560	0	142.480	0	0	
0	[SLAMPOS]	0	-59.400	306.070	0	142.480	0	0	
0	[SLAMPOS]	0	-59.080	305.650	0	142.460	0	0	
0	[SLAMPOS]	0	-58.940	305.460	0	142.440	0	0	
0	[SLAMPOS]	0	-58.530	304.880	0	142.450	0	0	
0	[SLAMPOS]	0	-58.260	304.520	0	142.460	0	0	
0	[SLAMPOS]	0	-58.110	304.320	0	142.460	0	0	
0	[SLAMPOS]	0	-57.580	303.600	0	142.470	0	0	
0	[SLAMPOS]	0	-57.210	303.090	0	142.470	0	0	
0	[SLAMPOS]	0	-57.110	302.960	0	142.470	0	0	
0	[SLAMPOS]	0	-56.750	302.450	0	142.480	0	0	
0	[SLAMPOS]	0	-56.640	302.310	0	142.470	0	0	
0	[SLAMPOS]	0	-56.280	301.820	0	142.490	0	0	
0	[SLAMPOS]	0	-55.940	301.370	0	142.480	0	0	
0	[SLAMPOS]	0	-55.800	301.180	0	142.490	0	0	
0	[SLAMPOS]	0	-55.260	300.440	0	142.480	0	0	
0	[SLAMPOS]	0	-55.100	300.220	0	142.480	0	0	
0	[SLAMPOS]	0	-54.960	300.040	0	142.480	0	0	
0	[SLAMPOS]	0	-54.410	299.280	0	142.480	0	0	
0	[SLAMPOS]	0	-54.250	299.060	0	142.480	0	0	
0	[SLAMPOS]	0	-53.910	298.610	0	142.460	0	0	
0	[SLAMPOS]	0	-53.540	298.100	0	142.450	0	0	
0	[SLAMPOS]	0	-53.450	297.980	0	142.450	0	0	
0	[SLAMPOS]	0	-53.070	297.450	0	142.460	0	0	
0	[SLAMPOS]	0	-52.980	297.330	0	142.460	0	0	
0	[SLAMPOS]	0	-52.630	296.860	0	142.430	0	0	
0	[SLAMPOS]	0	-52.210	296.290	0	142.420	0	0	
0	[SLAMPOS]	0	-52.100	296.140	0	142.410	0	0	
0	[SLAMPOS]	0	-51.750	295.650	0	142.420	0	0	
0	[SLAMPOS]	0	-51.190	294.890	0	142.400	0	0	
0	[SLAMPOS]	0	-51.030	294.680	0	142.410	0	0	
0	[SLAMPOS]	0	-50.700	294.230	0	142.390	0	0	
0	[SLAMPOS]	0	-50.530	294.000	0	142.390	0	0	
0	[SLAMPOS]	0	-50.210	293.580	0	142.380	0	0	
0	[SLAMPOS]	0	-49.830	293.060	0	142.370	0	0	
0	[SLAMPOS]	0	-49.720	292.920	0	142.370	0	0	
0	[SLAMPOS]	0	-49.340	292.390	0	142.370	0	0	
0	[SLAMPOS]	0	-48.960	291.870	0	142.340	0	0	
0	[SLAMPOS]	0	-48.850	291.730	0	142.340	0	0	
0	[SLAMPOS]	0	-48.470	291.210	0	142.330	0	0	
0	[SLAMPOS]	0	-48.130	290.760	0	142.320	0	0	
0	[SLAMPOS]	0	-47.970	290.540	0	142.320	0	0	
0	[SLAMPOS]	0	-47.520	289.940	0	142.320	0	0	
0	[SLAMPOS]	0	-47.180	289.490	0	142.310	0	0	
0	[SLAMPOS]	0	-46.910	289.130	0	142.310	0	0	
0	[SLAMPOS]	0	-46.520	288.600	0	142.300	0	0	
0	[SLAMPOS]	0	-46.410	288.460	0	142.290	0	0	
0	[SLAMPOS]	0	-46.030	287.930	0	142.290	0	0	
0	[SLAMPOS]	0	-45.920	287.790	0	142.290	0	0	
0	[SLAMPOS]	0	-45.530	287.260	0	142.290	0	0	
0	[SLAMPOS]	0	-45.140	286.720	0	142.290	0	0	
0	[SLAMPOS]	0	-44.810	286.280	0	142.270	0	0	
0	[SLAMPOS]	0	-44.620	286.020	0	142.270	0	0	
0	[SLAMPOS]	0	-44.280	285.560	0	142.270	0	0	
0	[SLAMPOS]	0	-44.130	285.350	0	142.280	0	0	
0	[SLAMPOS]	0	-43.750	284.830	0	142.270	0	0	
0	[SLAMPOS]	0	-43.380	284.330	0	142.260	0	0	
0	[SLAMPOS]	0	-43.230	284.120	0	142.260	0	0	
0	[SLAMPOS]	0	-42.680	283.380	0	142.260	0	0	
0	[SLAMPOS]	0	-42.280	282.850	0	142.250	0	0	
0	[SLAMPOS]	0	-42.170	282.700	0	142.260	0	0	
0	[SLAMPOS]	0	-41.770	282.150	0	142.250	0	0	
0	[SLAMPOS]	0	-41.680	282.040	0	142.260	0	0	
0	[SLAMPOS]	0	-41.280	281.490	0	142.270	0	0	
0	[SLAMPOS]	0	-40.930	281.030	0	142.260	0	0	
0	[SLAMPOS]	0	-40.780	280.830	0	142.260	0	0	
0	[SLAMPOS]	0	-40.190	280.030	0	142.270	0	0	
0	[SLAMPOS]	0	-40.050	279.840	0	142.270	0	0	
0	[SLAMPOS]	0	-39.710	279.380	0	142.280	0	0	
0	[SLAMPOS]	0	-39.320	278.840	0	142.270	0	0	
0	[SLAMPOS]	0	-39.170	278.630	0	142.270	0	0	
0	[SLAMPOS]	0	-38.760	278.100	0	142.290	0	0	
0	[SLAMPOS]	0	-38.430	277.640	0	142.290	0	0	
0	[SLAMPOS]	0	-38.320	277.500	0	142.300	0	0	
0	[SLAMPOS]	0	-37.940	276.970	0	142.300	0	0	
0	[SLAMPOS]	0	-37.570	276.480	0	142.310	0	0	
0	[SLAMPOS]	0	-37.420	276.270	0	142.310	0	0	
0	[SLAMPOS]	0	-37.030	275.730	0	142.310	0	0	
0	[SLAMPOS]	0	-36.710	275.300	0	142.320	0	0	
0	[SLAMPOS]	0	-36.560	275.100	0	142.320	0	0	
0	[SLAMPOS]	0	-35.980	274.320	0	142.330	0	0	
0	[SLAMPOS]	0	-35.810	274.090	0	142.330	0	0	
0	[SLAMPOS]	0	-35.500	273.670	0	142.340	0	0	
0	[SLAMPOS]	0	-35.140	273.180	0	142.330	0	0	
0	[SLAMPOS]	0	-35.040	273.050	0	142.340	0	0	
0	[SLAMPOS]	0	-34.670	272.540	0	142.340	0	0	
0	[SLAMPOS]	0	-34.560	272.390	0	142.340	0	0	
0	[SLAMPOS]	0	-34.190	271.890	0	142.350	0	0	
0	[SLAMPOS]	0	-33.860	271.450	0	142.360	0	0	
0	[SLAMPOS]	0	-33.720	271.250	0	142.360	0	0	
0	[SLAMPOS]	0	-33.160	270.510	0	142.350	0	0	
0	[SLAMPOS]	0	-33.010	270.300	0	142.350	0	0	
0	[SLAMPOS]	0	-32.650	269.800	0	142.370	0	0	
0	[SLAMPOS]	0	-32.350	269.400	0	142.370	0	0	
0	[SLAMPOS]	0	-31.980	268.890	0	142.360	0	0	
0	[SLAMPOS]	0	-31.880	268.760	0	142.370	0	0	
0	[SLAMPOS]	0	-31.520	268.270	0	142.380	0	0	
0	[SLAMPOS]	0	-31.420	268.130	0	142.380	0	0	
0	[SLAMPOS]	0	-31.050	267.620	0	142.370	0	0	
0	[SLAMPOS]	0	-30.720	267.180	0	142.380	0	0	
0	[SLAMPOS]	0	-30.570	266.980	0	142.370	0	0	
0	[SLAMPOS]	0	-30.030	266.240	0	142.390	0	0	
0	[SLAMPOS]	0	-29.860	266.000	0	142.390	0	0	
0	[SLAMPOS]	0	-29.560	265.610	0	142.390	0	0	
0	[SLAMPOS]	0	-29.200	265.110	0	142.390	0	0	
0	[SLAMPOS]	0	-29.100	264.980	0	142.390	0	0	
0	[SLAMPOS]	0	-28.740	264.500	0	142.390	0	0	
0	[SLAMPOS]	0	-28.410	264.030	0	142.400	0	0	
0	[SLAMPOS]	0	-28.300	263.890	0	142.400	0	0	
0	[SLAMPOS]	0	-27.940	263.400	0	142.400	0	0	
0	[SLAMPOS]	0	-27.630	262.980	0	142.410	0	0	
0	[SLAMPOS]	0	-27.490	262.780	0	142.420	0	0	
0	[SLAMPOS]	0	-26.950	262.050	0	142.420	0	0	
0	[SLAMPOS]	0	-26.810	261.850	0	142.410	0	0	
0	[SLAMPOS]	0	-26.620	261.590	0	142.420	0	0	
0	[SLAMPOS]	0	-26.130	260.930	0	142.430	0	0	
0	[SLAMPOS]	0	-25.970	260.710	0	142.430	0	0	
0	[SLAMPOS]	0	-25.680	260.320	0	142.430	0	0	
0	[SLAMPOS]	0	-25.320	259.830	0	142.430	0	0	
0	[SLAMPOS]	0	-25.120	259.550	0	142.440	0	0	
0	[SLAMPOS]	0	-24.870	259.230	0	142.440	0	0	
0	[SLAMPOS]	0	-24.750	259.070	0	142.450	0	0	
0	[SLAMPOS]	0	-24.340	258.520	0	142.450	0	0	
0	[SLAMPOS]	0	-24.080	258.170	0	142.450	0	0	
0	[SLAMPOS]	0	-23.730	257.700	0	142.460	0	0	
0	[SLAMPOS]	0	-23.430	257.300	0	142.470	0	0	
0	[SLAMPOS]	0	-23.290	257.090	0	142.470	0	0	
0	[SLAMPOS]	0	-22.980	256.680	0	142.480	0	0	
0	[SLAMPOS]	0	-22.620	256.180	0	142.480	0	0	
0	[SLAMPOS]	0	-22.280	255.710	0	142.480	0	0	
0	[SLAMPOS]	0	-22.180	255.580	0	142.490	0	0	
0	[SLAMPOS]	0	-21.820	255.080	0	142.490	0	0	
0	[SLAMPOS]	0	-21.720	254.960	0	142.500	0	0	
0	[SLAMPOS]	0	-21.380	254.480	0	142.510	0	0	
0	[SLAMPOS]	0	-21.080	254.080	0	142.500	0	0	
0	[SLAMPOS]	0	-20.950	253.890	0	142.500	0	0	
0	[SLAMPOS]	0	-20.420	253.160	0	142.530	0	0	
0	[SLAMPOS]	0	-20.290	252.980	0	142.540	0	0	
0	[SLAMPOS]	0	-19.970	252.550	0	142.560	0	0	
0	[SLAMPOS]	0	-19.620	252.070	0	142.560	0	0	
0	[SLAMPOS]	0	-19.480	251.880	0	142.550	0	0	
0	[SLAMPOS]	0	-19.160	251.440	0	142.560	0	0	
0	[SLAMPOS]	0	-18.820	250.980	0	142.580	0	0	
0	[SLAMPOS]	0	-18.730	250.850	0	142.590	0	0	
0	[SLAMPOS]	0	-18.370	250.370	0	142.620	0	0	
0	[SLAMPOS]	0	-18.270	250.240	0	142.630	0	0	
0	[SLAMPOS]	0	-17.890	249.720	0	142.650	0	0	
0	[SLAMPOS]	0	-17.530	249.220	0	142.670	0	0	
0	[SLAMPOS]	0	-17.430	249.090	0	142.690	0	0	
0	[SLAMPOS]	0	-17.080	248.590	0	142.730	0	0	
0	[SLAMPOS]	0	-16.750	248.150	0	142.790	0	0	
0	[SLAMPOS]	0	-16.390	247.630	0	142.840	0	0	
0	[SLAMPOS]	0	-16.080	247.200	0	142.880	0	0	
0	[SLAMPOS]	0	-15.930	246.990	0	142.890	0	0	
0	[SLAMPOS]	0	-15.590	246.530	0	142.940	0	0	
0	[SLAMPOS]	0	-15.210	245.980	0	143.000	0	0	
0	[SLAMPOS]	0	-15.140	245.890	0	143.020	0	0	
0	[SLAMPOS]	0	-14.770	245.380	0	143.040	0	0	
0	[SLAMPOS]	0	-14.460	244.940	0	143.080	0	0	
0	[SLAMPOS]	0	-14.310	244.730	0	143.100	0	0	
0	[SLAMPOS]	0	-13.930	244.190	0	143.140	0	0	
0	[SLAMPOS]	0	-13.600	243.740	0	143.190	0	0	
0	[SLAMPOS]	0	-13.480	243.580	0	143.190	0	0	
0	[SLAMPOS]	0	-12.920	242.800	0	143.260	0	0	
0	[SLAMPOS]	0	-12.780	242.590	0	143.270	0	0	
0	[SLAMPOS]	0	-12.450	242.150	0	143.330	0	0	
0	[SLAMPOS]	0	-12.080	241.610	0	143.370	0	0	
0	[SLAMPOS]	0	-11.980	241.490	0	143.400	0	0	
0	[SLAMPOS]	0	-11.610	240.960	0	143.430	0	0	
0	[SLAMPOS]	0	-11.510	240.820	0	143.450	0	0	
0	[SLAMPOS]	0	-11.130	240.280	0	143.500	0	0	
0	[SLAMPOS]	0	-10.750	239.740	0	143.540	0	0	
0	[SLAMPOS]	0	-10.420	239.270	0	143.600	0	0	
0	[SLAMPOS]	0	-10.260	239.040	0	143.620	0	0	
0	[SLAMPOS]	0	-9.710	238.250	0	143.700	0	0	
0	[SLAMPOS]	0	-9.580	238.050	0	143.710	0	0	
0	[SLAMPOS]	0	-9.240	237.580	0	143.740	0	0	
0	[SLAMPOS]	0	-8.870	237.040	0	143.770	0	0	
0	[SLAMPOS]	0	-8.770	236.900	0	143.790	0	0	
0	[SLAMPOS]	0	-8.390	236.360	0	143.810	0	0	
0	[SLAMPOS]	0	-8.210	236.100	0	143.830	0	0	
0	[SLAMPOS]	0	-7.880	235.620	0	143.870	0	0	
0	[SLAMPOS]	0	-7.500	235.070	0	143.900	0	0	
0	[SLAMPOS]	0	-7.370	234.890	0	143.920	0	0	
0	[SLAMPOS]	0	-6.990	234.350	0	143.950	0	0	
0	[SLAMPOS]	0	-6.660	233.870	0	143.990	0	0	
0	[SLAMPOS]	0	-6.500	233.640	0	144.000	0	0	
0	[SLAMPOS]	0	-5.940	232.830	0	144.050	0	0	
0	[SLAMPOS]	0	-5.780	232.600	0	144.060	0	0	
0	[SLAMPOS]	0	-5.630	232.380	0	144.060	0	0	
0	[SLAMPOS]	0	-5.020	231.510	0	144.100	0	0	
0	[SLAMPOS]	0	-4.870	231.280	0	144.090	0	0	
0	[SLAMPOS]	0	-4.530	230.780	0	144.080	0	0	
0	[SLAMPOS]	0	-4.140	230.210	0	144.080	0	0	
0	[SLAMPOS]	0	-4.000	230.000	0	144.070	0	0	
0	[SLAMPOS]	0	-3.660	229.510	0	144.050	0	0	
0	[SLAMPOS]	0	-3.220	228.880	0	144.010	0	0	
0	[SLAMPOS]	0	-3.130	228.760	0	144.010	0	0	
0	[SLAMPOS]	0	-2.720	228.170	0	144.000	0	0	
0	[SLAMPOS]	0	-2.620	228.030	0	144.000	0	0	
0	[SLAMPOS]	0	-2.230	227.480	0	144.000	0	0	
0	[SLAMPOS]	0	-1.880	226.980	0	144.010	0	0	
0	[SLAMPOS]	0	-1.720	226.740	0	144.010	0	0	
0	[SLAMPOS]	0	-1.340	226.180	0	144.010	0	0	
0	[SLAMPOS]	0	-1.010	225.710	0	144.020	0	0	
0	[SLAMPOS]	0	-0.820	225.450	0	144.010	0	0	
0	[SLAMPOS]	0	-0.230	224.600	0	144.010	0	0	
0	[SLAMPOS]	0	-0.070	224.360	0	144.010	0	0	
0	[SLAMPOS]	0	0.280	223.860	0	144.010	0	0	
0	[SLAMPOS]	0	0.680	223.260	0	144.020	0	0	
0	[SLAMPOS]	0	0.780	223.140	0	144.020	0	0	
0	[SLAMPOS]	0	1.180	222.540	0	144.010	0	0	
0	[SLAMPOS]	0	1.620	221.910	0	143.960	0	0	
0	[SLAMPOS]	0	1.680	221.830	0	143.960	0	0	
0	[SLAMPOS]	0	2.080	221.250	0	143.940	0	0	
0	[SLAMPOS]	0	2.430	220.750	0	143.940	0	0	
0	[SLAMPOS]	0	2.590	220.510	0	143.940	0	0	
0	[SLAMPOS]	0	2.940	220.020	0	143.930	0	0	
0	[SLAMPOS]	0	3.340	219.440	0	143.910	0	0	
0	[SLAMPOS]	0	3.680	218.970	0	143.890	0	0	
0	[SLAMPOS]	0	4.080	218.380	0	143.880	0	0	
0	[SLAMPOS]	0	4.200	218.220	0	143.880	0	0	
0	[SLAMPOS]	0	4.610	217.620	0	143.870	0	0	
0	[SLAMPOS]	0	4.700	217.500	0	143.870	0	0	
0	[SLAMPOS]	0	5.090	216.930	0	143.860	0	0	
0	[SLAMPOS]	0	5.490	216.350	0	143.830	0	0	
0	[SLAMPOS]	0	5.620	216.170	0	143.830	0	0	
0	[SLAMPOS]	0	6.000	215.620	0	143.800	0	0	
0	[SLAMPOS]	0	6.370	215.110	0	143.800	0	0	
0	[SLAMPOS]	0	6.520	214.890	0	143.800	0	0	
0	[SLAMPOS]	0	7.130	214.020	0	143.840	0	0	
0	[SLAMPOS]	0	7.290	213.790	0	143.840	0	0	
0	[SLAMPOS]	0	7.650	213.290	0	143.870	0	0	
0	[SLAMPOS]	0	8.060	212.700	0	143.880	0	0	
0	[SLAMPOS]	0	8.220	212.470	0	143.890	0	0	
0	[SLAMPOS]	0	8.580	211.950	0	143.940	0	0	
0	[SLAMPOS]	0	8.990	211.360	0	143.970	0	0	
0	[SLAMPOS]	0	9.100	211.200	0	143.990	0	0	
0	[SLAMPOS]	0	9.500	210.600	0	144.040	0	0	
0	[SLAMPOS]	0	9.600	210.470	0	144.050	0	0	
0	[SLAMPOS]	0	10.010	209.870	0	144.090	0	0	
0	[SLAMPOS]	0	10.380	209.350	0	144.120	0	0	
0	[SLAMPOS]	0	10.780	208.750	0	144.120	0	0	
0	[SLAMPOS]	0	10.930	208.520	0	144.140	0	0	
0	[SLAMPOS]	0	11.300	207.990	0	144.190	0	0	
0	[SLAMPOS]	0	11.710	207.390	0	144.250	0	0	
0	[SLAMPOS]	0	12.080	206.860	0	144.270	0	0	
0	[SLAMPOS]	0	12.490	206.260	0	144.290	0	0	
0	[SLAMPOS]	0	12.600	206.110	0	144.310	0	0	
0	[SLAMPOS]	0	13.010	205.480	0	144.350	0	0	
0	[SLAMPOS]	0	13.120	205.320	0	144.370	0	0	
0	[SLAMPOS]	0	13.530	204.690	0	144.410	0	0	
0	[SLAMPOS]	0	13.890	204.160	0	144.450	0	0	
0	[SLAMPOS]	0	14.050	203.930	0	144.450	0	0	
0	[SLAMPOS]	0	14.460	203.330	0	144.470	0	0	
0	[SLAMPOS]	0	14.830	202.790	0	144.530	0	0	
0	[SLAMPOS]	0	14.980	202.560	0	144.540	0	0	
0	[SLAMPOS]	0	15.610	201.640	0	144.590	0	0	
0	[SLAMPOS]	0	15.780	201.390	0	144.590	0	0	
0	[SLAMPOS]	0	16.160	200.840	0	144.630	0	0	
0	[SLAMPOS]	0	16.570	200.230	0	144.670	0	0	
0	[SLAMPOS]	0	16.690	200.060	0	144.680	0	0	
0	[SLAMPOS]	0	17.120	199.420	0	144.710	0	0	
0	[SLAMPOS]	0	17.500	198.870	0	144.750	0	0	
0	[SLAMPOS]	0	17.640	198.630	0	144.770	0	0	
0	[SLAMPOS]	0	18.290	197.710	0	144.800	0	0	
0	[SLAMPOS]	0	18.460	197.460	0	144.810	0	0	
0	[SLAMPOS]	0	18.620	197.190	0	144.840	0	0	
0	[SLAMPOS]	0	19.270	196.230	0	144.890	0	0	
0	[SLAMPOS]	0	19.420	196.000	0	144.900	0	0	
0	[SLAMPOS]	0	19.830	195.390	0	144.910	0	0	
0	[SLAMPOS]	0	20.260	194.750	0	144.930	0	0	
0	[SLAMPOS]	0	20.360	194.610	0	144.930	0	0	
0	[SLAMPOS]	0	20.790	193.970	0	144.910	0	0	
0	[SLAMPOS]	0	20.910	193.800	0	144.910	0	0	
0	[SLAMPOS]	0	21.340	193.130	0	144.890	0	0	
0	[SLAMPOS]	0	21.740	192.540	0	144.890	0	0	
0	[SLAMPOS]	0	22.170	191.900	0	144.880	0	0	
0	[SLAMPOS]	0	22.340	191.640	0	144.880	0	0	
0	[SLAMPOS]	0	22.740	191.060	0	144.880	0	0	
0	[SLAMPOS]	0	23.190	190.400	0	144.870	0	0	
0	[SLAMPOS]	0	23.590	189.810	0	144.880	0	0	
0	[SLAMPOS]	0	24.020	189.160	0	144.890	0	0	
0	[SLAMPOS]	0	24.140	188.990	0	144.890	0	0	
0	[SLAMPOS]	0	24.590	188.320	0	144.890	0	0	
0	[SLAMPOS]	0	24.700	188.150	0	144.890	0	0	
0	[SLAMPOS]	0	25.160	187.470	0	144.900	0	0	
0	[SLAMPOS]	0	25.560	186.890	0	144.900	0	0	
0	[SLAMPOS]	0	25.740	186.620	0	144.900	0	0	
0	[SLAMPOS]	0	26.180	185.950	0	144.900	0	0	
0	[SLAMPOS]	0	26.570	185.370	0	144.900	0	0	
0	[SLAMPOS]	0	26.750	185.100	0	144.910	0	0	
0	[SLAMPOS]	0	27.420	184.100	0	144.910	0	0	
0	[SLAMPOS]	0	27.600	183.830	0	144.910	0	0	
0	[SLAMPOS]	0	28.010	183.230	0	144.900	0	0	
0	[SLAMPOS]	0	28.470	182.530	0	144.900	0	0	
0	[SLAMPOS]	0	28.600	182.350	0	144.890	0	0	
0	[SLAMPOS]	0	29.040	181.670	0	144.890	0	0	
0	[SLAMPOS]	0	29.530	180.950	0	144.860	0	0	
0	[SLAMPOS]	0	29.660	180.770	0	144.850	0	0	
0	[SLAMPOS]	0	30.150	180.040	0	144.830	0	0	
0	[SLAMPOS]	0	30.260	179.880	0	144.820	0	0	
0	[SLAMPOS]	0	30.710	179.210	0	144.820	0	0	
0	[SLAMPOS]	0	31.120	178.610	0	144.800	0	0	
0	[SLAMPOS]	0	31.340	178.290	0	144.800	0	0	
0	[SLAMPOS]	0	31.770	177.650	0	144.790	0	0	
0	[SLAMPOS]	0	32.200	177.020	0	144.770	0	0	
0	[SLAMPOS]	0	32.390	176.730	0	144.760	0	0	
0	[SLAMPOS]	0	33.060	175.730	0	144.730	0	0	
0	[SLAMPOS]	0	33.240	175.460	0	144.730	0	0	
0	[SLAMPOS]	0	33.660	174.850	0	144.710	0	0	
0	[SLAMPOS]	0	34.130	174.150	0	144.690	0	0	
0	[SLAMPOS]	0	34.250	173.980	0	144.680	0	0	
0	[SLAMPOS]	0	34.760	173.230	0	144.680	0	0	
0	[SLAMPOS]	0	35.210	172.550	0	144.660	0	0	
0	[SLAMPOS]	0	35.330	172.380	0	144.650	0	0	
0	[SLAMPOS]	0	35.790	171.680	0	144.630	0	0	
0	[SLAMPOS]	0	36.210	171.060	0	144.610	0	0	
0	[SLAMPOS]	0	36.410	170.780	0	144.600	0	0	
0	[SLAMPOS]	0	36.870	170.110	0	144.580	0	0	
0	[SLAMPOS]	0	37.070	169.830	0	144.570	0	0	
0	[SLAMPOS]	0	37.550	169.100	0	144.580	0	0	
0	[SLAMPOS]	0	37.980	168.480	0	144.560	0	0	
0	[SLAMPOS]	0	38.460	167.770	0	144.540	0	0	
0	[SLAMPOS]	0	38.880	167.150	0	144.520	0	0	
0	[SLAMPOS]	0	39.340	166.470	0	144.500	0	0	
0	[SLAMPOS]	0	39.490	166.260	0	144.490	0	0	
0	[SLAMPOS]	0	39.960	165.570	0	144.460	0	0	
0	[SLAMPOS]	0	40.090	165.400	0	144.450	0	0	
0	[SLAMPOS]	0	40.580	164.670	0	144.440	0	0	
0	[SLAMPOS]	0	41.010	164.060	0	144.420	0	0	
0	[SLAMPOS]	0	41.210	163.760	0	144.420	0	0	
0	[SLAMPOS]	0	41.940	162.700	0	144.400	0	0	
0	[SLAMPOS]	0	42.140	162.410	0	144.400	0	0	
0	[SLAMPOS]	0	42.330	162.130	0	144.380	0	0	
0	[SLAMPOS]	0	43.070	161.050	0	144.380	0	0	
0	[SLAMPOS]	0	43.250	160.780	0	144.380	0	0	
0	[SLAMPOS]	0	43.680	160.150	0	144.410	0	0	
0	[SLAMPOS]	0	44.220	159.370	0	144.430	0	0	
0	[SLAMPOS]	0	44.360	159.170	0	144.440	0	0	
0	[SLAMPOS]	0	44.850	158.440	0	144.460	0	0	
0	[SLAMPOS]	0	45.330	157.720	0	144.480	0	0	
0	[SLAMPOS]	0	45.490	157.510	0	144.490	0	0	
0	[SLAMPOS]	0	45.960	156.800	0	144.510	0	0	
0	[SLAMPOS]	0	46.090	156.610	0	144.510	0	0	
0	[SLAMPOS]	0	46.600	155.870	0	144.530	0	0	
0	[SLAMPOS]	0	47.040	155.240	0	144.550	0	0	
0	[SLAMPOS]	0	47.530	154.490	0	144.580	0	0	
0	[SLAMPOS]	0	47.960	153.870	0	144.600	0	0	
0	[SLAMPOS]	0	48.460	153.120	0	144.630	0	0	
0	[SLAMPOS]	0	48.600	152.920	0	144.640	0	0	
0	[SLAMPOS]	0	49.130	152.130	0	144.660	0	0	
0	[SLAMPOS]	0	49.660	151.350	0	144.660	0	0	
0	[SLAMPOS]	0	49.770	151.200	0	144.670	0	0	
0	[SLAMPOS]	0	50.260	150.460	0	144.690	0	0	
0	[SLAMPOS]	0	50.400	150.260	0	144.700	0	0	
0	[SLAMPOS]	0	50.910	149.510	0	144.730	0	0	
0	[SLAMPOS]	0	51.330	148.890	0	144.760	0	0	
0	[SLAMPOS]	0	51.510	148.620	0	144.770	0	0	
0	[SLAMPOS]	0	52.260	147.520	0	144.810	0	0	
0	[SLAMPOS]	0	52.450	147.220	0	144.810	0	0	
0	[SLAMPOS]	0	52.690	146.860	0	144.820	0	0	
0	[SLAMPOS]	0	53.390	145.820	0	144.860	0	0	
0	[SLAMPOS]	0	53.570	145.550	0	144.870	0	0	
0	[SLAMPOS]	0	54.010	144.900	0	144.890	0	0	
0	[SLAMPOS]	0	54.500	144.160	0	144.920	0	0	
0	[SLAMPOS]	0	54.650	143.940	0	144.930	0	0	
0	[SLAMPOS]	0	55.120	143.230	0	144.950	0	0	
0	[SLAMPOS]	0	55.260	143.030	0	144.950	0	0	
0	[SLAMPOS]	0	55.750	142.300	0	144.990	0	0	
0	[SLAMPOS]	0	56.180	141.670	0	145.000	0	0	
0	[SLAMPOS]	0	56.650	140.940	0	145.030	0	0	
0	[SLAMPOS]	0	56.850	140.630	0	145.030	0	0	
0	[SLAMPOS]	0	57.580	139.560	0	145.040	0	0	
0	[SLAMPOS]	0	57.770	139.260	0	145.040	0	0	
0	[SLAMPOS]	0	58.200	138.640	0	145.050	0	0	
0	[SLAMPOS]	0	58.690	137.880	0	145.070	0	0	
0	[SLAMPOS]	0	58.820	137.700	0	145.060	0	0	
0	[SLAMPOS]	0	59.300	136.970	0	145.050	0	0	
0	[SLAMPOS]	0	59.430	136.780	0	145.050	0	0	
0	[SLAMPOS]	0	59.920	136.050	0	145.030	0	0	
0	[SLAMPOS]	0	60.340	135.410	0	145.030	0	0	
0	[SLAMPOS]	0	60.520	135.150	0	145.030	0	0	
0	[SLAMPOS]	0	61.000	134.420	0	145.030	0	0	
0	[SLAMPOS]	0	61.430	133.790	0	145.030	0	0	
0	[SLAMPOS]	0	61.610	133.510	0	145.030	0	0	
0	[SLAMPOS]	0	62.350	132.430	0	145.020	0	0	
0	[SLAMPOS]	0	62.510	132.170	0	145.010	0	0	
0	[SLAMPOS]	0	62.940	131.550	0	145.000	0	0	
0	[SLAMPOS]	0	63.400	130.850	0	144.990	0	0	
0	[SLAMPOS]	0	63.530	130.650	0	144.990	0	0	
0	[SLAMPOS]	0	64.020	129.930	0	144.990	0	0	
0	[SLAMPOS]	0	64.420	129.330	0	144.970	0	0	
0	[SLAMPOS]	0	64.600	129.050	0	144.970	0	0	
0	[SLAMPOS]	0	65.070	128.350	0	144.960	0	0	
0	[SLAMPOS]	0	65.490	127.730	0	144.960	0	0	
0	[SLAMPOS]	0	65.660	127.470	0	144.960	0	0	
0	[SLAMPOS]	0	66.380	126.410	0	144.960	0	0	
0	[SLAMPOS]	0	66.540	126.160	0	144.960	0	0	
0	[SLAMPOS]	0	66.980	125.510	0	144.950	0	0	
0	[SLAMPOS]	0	67.170	125.220	0	144.940	0	0	
0	[SLAMPOS]	0	67.560	124.650	0	144.940	0	0	
0	[SLAMPOS]	0	68.020	123.960	0	144.930	0	0	
0	[SLAMPOS]	0	68.480	123.270	0	144.930	0	0	
0	[SLAMPOS]	0	68.600	123.100	0	144.930	0	0	
0	[SLAMPOS]	0	69.070	122.410	0	144.910	0	0	
0	[SLAMPOS]	0	69.190	122.230	0	144.910	0	0	
0	[SLAMPOS]	0	69.650	121.540	0	144.910	0	0	
0	[SLAMPOS]	0	70.070	120.930	0	144.910	0	0	
0	[SLAMPOS]	0	70.220	120.700	0	144.900	0	0	
0	[SLAMPOS]	0	70.900	119.690	0	144.880	0	0	
0	[SLAMPOS]	0	71.070	119.440	0	144.870	0	0	
0	[SLAMPOS]	0	71.240	119.170	0	144.870	0	0	
0	[SLAMPOS]	0	71.910	118.190	0	144.860	0	0	
0	[SLAMPOS]	0	72.080	117.910	0	144.860	0	0	
0	[SLAMPOS]	0	72.470	117.340	0	144.860	0	0	
0	[SLAMPOS]	0	72.920	116.680	0	144.860	0	0	
0	[SLAMPOS]	0	73.030	116.510	0	144.860	0	0	
0	[SLAMPOS]	0	73.460	115.860	0	144.840	0	0	
0	[SLAMPOS]	0	73.860	115.290	0	144.830	0	0	
0	[SLAMPOS]	0	74.030	115.040	0	144.830	0	0	
0	[SLAMPOS]	0	74.500	114.330	0	144.820	0	0	
0	[SLAMPOS]	0	74.880	113.770	0	144.820	0	0	
0	[SLAMPOS]	0	75.230	113.250	0	144.810	0	0	
0	[SLAMPOS]	0	75.650	112.620	0	144.810	0	0	
0	[SLAMPOS]	0	75.810	112.370	0	144.800	0	0	
0	[SLAMPOS]	0	76.180	111.820	0	144.800	0	0	
0	[SLAMPOS]	0	76.600	111.200	0	144.790	0	0	
0	[SLAMPOS]	0	76.710	111.050	0	144.790	0	0	
0	[SLAMPOS]	0	77.130	110.420	0	144.780	0	0	
0	[SLAMPOS]	0	77.500	109.900	0	144.780	0	0	
0	[SLAMPOS]	0	77.670	109.650	0	144.770	0	0	
0	[SLAMPOS]	0	78.310	108.710	0	144.760	0	0	
0	[SLAMPOS]	0	78.460	108.460	0	144.760	0	0	
0	[SLAMPOS]	0	78.830	107.920	0	144.760	0	0	
0	[SLAMPOS]	0	79.240	107.290	0	144.760	0	0	
0	[SLAMPOS]	0	79.350	107.130	0	144.760	0	0	
0	[SLAMPOS]	0	79.750	106.520	0	144.750	0	0	
0	[SLAMPOS]	0	80.170	105.920	0	144.740	0	0	
0	[SLAMPOS]	0	80.280	105.760	0	144.740	0	0	
0	[SLAMPOS]	0	80.690	105.140	0	144.730	0	0	
0	[SLAMPOS]	0	80.810	104.970	0	144.730	0	0	
0	[SLAMPOS]	0	81.210	104.390	0	144.720	0	0	
0	[SLAMPOS]	0	81.570	103.860	0	144.730	0	0	
0	[SLAMPOS]	0	81.720	103.620	0	144.730	0	0	
0	[SLAMPOS]	0	82.300	102.770	0	144.740	0	0	
0	[SLAMPOS]	0	82.490	102.480	0	144.750	0	0	
0	[SLAMPOS]	0	82.670	102.220	0	144.750	0	0	
0	[SLAMPOS]	0	83.250	101.370	0	144.800	0	0	
0	[SLAMPOS]	0	83.420	101.120	0	144.810	0	0	
0	[SLAMPOS]	0	83.740	100.630	0	144.850	0	0	
0	[SLAMPOS]	0	84.140	100.050	0	144.890	0	0	
0	[SLAMPOS]	0	84.250	99.900	0	144.890	0	0	
0	[SLAMPOS]	0	84.640	99.310	0	144.930	0	0	
0	[SLAMPOS]	0	84.990	98.800	0	144.950	0	0	
0	[SLAMPOS]	0	85.140	98.570	0	144.960	0	0	
0	[SLAMPOS]	0	85.480	98.060	0	144.960	0	0	
0	[SLAMPOS]	0	85.860	97.500	0	144.950	0	0	
0	[SLAMPOS]	0	86.180	97.010	0	144.960	0	0	
0	[SLAMPOS]	0	86.570	96.430	0	144.960	0	0	
0	[SLAMPOS]	0	86.670	96.280	0	144.960	0	0	
0	[SLAMPOS]	0	87.050	95.710	0	144.950	0	0	
