0	[SLAMPOS]	0	169.550	332.600	0	240.640	0	0	
0	[SLAMPOS]	0	169.510	332.580	0	240.630	0	0	
0	[SLAMPOS]	0	169.460	332.560	0	240.630	0	0	
0	[SLAMPOS]	0	169.450	332.550	0	240.620	0	0	
0	[SLAMPOS]	0	169.390	332.520	0	240.620	0	0	
0	[SLAMPOS]	0	169.350	332.500	0	240.600	0	0	
0	[SLAMPOS]	0	169.330	332.490	0	240.600	0	0	
0	[SLAMPOS]	0	169.230	332.440	0	240.600	0	0	
0	[SLAMPOS]	0	169.200	332.420	0	240.590	0	0	
0	[SLAMPOS]	0	169.130	332.380	0	240.570	0	0	
0	[SLAMPOS]	0	169.050	332.330	0	240.540	0	0	
0	[SLAMPOS]	0	169.010	332.300	0	240.540	0	0	
0	[SLAMPOS]	0	168.930	332.260	0	240.520	0	0	
0	[SLAMPOS]	0	168.820	332.210	0	240.480	0	0	
0	[SLAMPOS]	0	168.790	332.190	0	240.460	0	0	
0	[SLAMPOS]	0	168.690	332.130	0	240.400	0	0	
0	[SLAMPOS]	0	168.660	332.110	0	240.390	0	0	
0	[SLAMPOS]	0	168.550	332.050	0	240.350	0	0	
0	[SLAMPOS]	0	168.420	331.980	0	240.310	0	0	
0	[SLAMPOS]	0	168.410	331.980	0	240.300	0	0	
0	[SLAMPOS]	0	168.260	331.900	0	240.250	0	0	
0	[SLAMPOS]	0	168.100	331.810	0	240.180	0	0	
0	[SLAMPOS]	0	168.120	331.820	0	240.190	0	0	
0	[SLAMPOS]	0	167.930	331.710	0	240.110	0	0	
0	[SLAMPOS]	0	167.870	331.680	0	240.100	0	0	
0	[SLAMPOS]	0	167.750	331.610	0	240.040	0	0	
0	[SLAMPOS]	0	167.600	331.530	0	240.010	0	0	
0	[SLAMPOS]	0	167.560	331.510	0	239.990	0	0	
0	[SLAMPOS]	0	167.410	331.420	0	239.920	0	0	
0	[SLAMPOS]	0	167.240	331.330	0	239.870	0	0	
0	[SLAMPOS]	0	167.200	331.310	0	239.860	0	0	
0	[SLAMPOS]	0	167.050	331.220	0	239.770	0	0	
0	[SLAMPOS]	0	166.900	331.130	0	239.740	0	0	
0	[SLAMPOS]	0	166.820	331.080	0	239.730	0	0	
0	[SLAMPOS]	0	166.640	330.980	0	239.700	0	0	
0	[SLAMPOS]	0	166.610	330.960	0	239.700	0	0	
0	[SLAMPOS]	0	166.440	330.860	0	239.700	0	0	
0	[SLAMPOS]	0	166.180	330.720	0	239.690	0	0	
0	[SLAMPOS]	0	166.110	330.680	0	239.680	0	0	
0	[SLAMPOS]	0	165.970	330.590	0	239.620	0	0	
0	[SLAMPOS]	0	165.900	330.550	0	239.630	0	0	
0	[SLAMPOS]	0	165.750	330.470	0	239.620	0	0	
0	[SLAMPOS]	0	165.560	330.380	0	239.640	0	0	
0	[SLAMPOS]	0	165.530	330.350	0	239.640	0	0	
0	[SLAMPOS]	0	165.350	330.250	0	239.580	0	0	
0	[SLAMPOS]	0	165.200	330.160	0	239.570	0	0	
0	[SLAMPOS]	0	165.120	330.130	0	239.590	0	0	
0	[SLAMPOS]	0	164.930	330.030	0	239.600	0	0	
0	[SLAMPOS]	0	164.770	329.940	0	239.590	0	0	
0	[SLAMPOS]	0	164.700	329.900	0	239.610	0	0	
0	[SLAMPOS]	0	164.420	329.740	0	239.540	0	0	
0	[SLAMPOS]	0	164.340	329.700	0	239.540	0	0	
0	[SLAMPOS]	0	164.180	329.600	0	239.530	0	0	
0	[SLAMPOS]	0	163.990	329.490	0	239.490	0	0	
0	[SLAMPOS]	0	163.940	329.460	0	239.490	0	0	
0	[SLAMPOS]	0	163.700	329.320	0	239.460	0	0	
0	[SLAMPOS]	0	163.550	329.230	0	239.450	0	0	
0	[SLAMPOS]	0	163.510	329.210	0	239.450	0	0	
0	[SLAMPOS]	0	163.260	329.060	0	239.420	0	0	
0	[SLAMPOS]	0	163.180	329.010	0	239.420	0	0	
0	[SLAMPOS]	0	163.020	328.920	0	239.390	0	0	
0	[SLAMPOS]	0	162.830	328.790	0	239.380	0	0	
0	[SLAMPOS]	0	162.740	328.770	0	239.440	0	0	
0	[SLAMPOS]	0	162.580	328.670	0	239.420	0	0	
0	[SLAMPOS]	0	162.400	328.560	0	239.480	0	0	
0	[SLAMPOS]	0	162.350	328.530	0	239.470	0	0	
0	[SLAMPOS]	0	162.160	328.420	0	239.390	0	0	
0	[SLAMPOS]	0	162.110	328.390	0	239.380	0	0	
0	[SLAMPOS]	0	161.920	328.280	0	239.350	0	0	
0	[SLAMPOS]	0	161.610	328.120	0	239.360	0	0	
0	[SLAMPOS]	0	161.540	328.080	0	239.350	0	0	
0	[SLAMPOS]	0	161.360	327.990	0	239.330	0	0	
0	[SLAMPOS]	0	161.280	327.940	0	239.270	0	0	
0	[SLAMPOS]	0	161.060	327.840	0	239.240	0	0	
0	[SLAMPOS]	0	160.890	327.710	0	239.150	0	0	
0	[SLAMPOS]	0	160.670	327.610	0	239.150	0	0	
0	[SLAMPOS]	0	160.610	327.570	0	239.140	0	0	
0	[SLAMPOS]	0	160.420	327.450	0	239.050	0	0	
0	[SLAMPOS]	0	160.370	327.420	0	239.030	0	0	
0	[SLAMPOS]	0	160.150	327.300	0	239.010	0	0	
0	[SLAMPOS]	0	159.980	327.200	0	238.960	0	0	
0	[SLAMPOS]	0	159.880	327.180	0	239.010	0	0	
0	[SLAMPOS]	0	159.670	327.060	0	238.940	0	0	
0	[SLAMPOS]	0	159.490	326.960	0	238.900	0	0	
0	[SLAMPOS]	0	159.400	326.910	0	238.880	0	0	
0	[SLAMPOS]	0	159.090	326.710	0	238.780	0	0	
0	[SLAMPOS]	0	159.000	326.660	0	238.770	0	0	
0	[SLAMPOS]	0	158.800	326.540	0	238.760	0	0	
0	[SLAMPOS]	0	158.570	326.400	0	238.770	0	0	
0	[SLAMPOS]	0	158.510	326.370	0	238.770	0	0	
0	[SLAMPOS]	0	158.270	326.230	0	238.770	0	0	
0	[SLAMPOS]	0	158.030	326.090	0	238.790	0	0	
0	[SLAMPOS]	0	157.960	326.050	0	238.790	0	0	
0	[SLAMPOS]	0	157.720	325.910	0	238.790	0	0	
0	[SLAMPOS]	0	157.650	325.870	0	238.790	0	0	
0	[SLAMPOS]	0	157.410	325.710	0	238.730	0	0	
0	[SLAMPOS]	0	157.190	325.580	0	238.740	0	0	
0	[SLAMPOS]	0	156.940	325.440	0	238.760	0	0	
0	[SLAMPOS]	0	156.710	325.300	0	238.760	0	0	
0	[SLAMPOS]	0	156.440	325.150	0	238.760	0	0	
0	[SLAMPOS]	0	156.380	325.110	0	238.760	0	0	
0	[SLAMPOS]	0	156.080	324.940	0	238.760	0	0	
0	[SLAMPOS]	0	155.840	324.800	0	238.730	0	0	
0	[SLAMPOS]	0	155.790	324.760	0	238.730	0	0	
0	[SLAMPOS]	0	155.480	324.610	0	238.810	0	0	
0	[SLAMPOS]	0	155.420	324.580	0	238.810	0	0	
0	[SLAMPOS]	0	155.140	324.410	0	238.780	0	0	
0	[SLAMPOS]	0	154.870	324.260	0	238.810	0	0	
0	[SLAMPOS]	0	154.760	324.200	0	238.810	0	0	
0	[SLAMPOS]	0	154.320	323.940	0	238.810	0	0	
0	[SLAMPOS]	0	154.030	323.750	0	238.740	0	0	
0	[SLAMPOS]	0	153.950	323.710	0	238.740	0	0	
0	[SLAMPOS]	0	153.660	323.540	0	238.760	0	0	
0	[SLAMPOS]	0	153.590	323.490	0	238.770	0	0	
0	[SLAMPOS]	0	153.260	323.300	0	238.750	0	0	
0	[SLAMPOS]	0	153.010	323.150	0	238.750	0	0	
0	[SLAMPOS]	0	152.880	323.080	0	238.770	0	0	
0	[SLAMPOS]	0	152.540	322.890	0	238.790	0	0	
0	[SLAMPOS]	0	152.280	322.740	0	238.800	0	0	
0	[SLAMPOS]	0	152.150	322.660	0	238.760	0	0	
0	[SLAMPOS]	0	151.680	322.390	0	238.800	0	0	
0	[SLAMPOS]	0	151.550	322.320	0	238.800	0	0	
0	[SLAMPOS]	0	151.260	322.150	0	238.810	0	0	
0	[SLAMPOS]	0	150.910	321.960	0	238.820	0	0	
0	[SLAMPOS]	0	150.830	321.910	0	238.820	0	0	
0	[SLAMPOS]	0	150.490	321.720	0	238.820	0	0	
0	[SLAMPOS]	0	150.120	321.490	0	238.800	0	0	
0	[SLAMPOS]	0	150.040	321.440	0	238.800	0	0	
0	[SLAMPOS]	0	149.690	321.240	0	238.810	0	0	
0	[SLAMPOS]	0	149.320	321.030	0	238.830	0	0	
0	[SLAMPOS]	0	149.230	320.980	0	238.860	0	0	
0	[SLAMPOS]	0	148.950	320.820	0	238.860	0	0	
0	[SLAMPOS]	0	148.580	320.620	0	238.870	0	0	
0	[SLAMPOS]	0	148.280	320.440	0	238.860	0	0	
0	[SLAMPOS]	0	147.900	320.220	0	238.880	0	0	
0	[SLAMPOS]	0	147.820	320.170	0	238.890	0	0	
0	[SLAMPOS]	0	147.470	319.970	0	238.910	0	0	
0	[SLAMPOS]	0	147.380	319.920	0	238.920	0	0	
0	[SLAMPOS]	0	147.020	319.710	0	238.970	0	0	
0	[SLAMPOS]	0	146.710	319.530	0	239.030	0	0	
0	[SLAMPOS]	0	146.570	319.450	0	239.050	0	0	
0	[SLAMPOS]	0	146.210	319.250	0	239.110	0	0	
0	[SLAMPOS]	0	145.890	319.060	0	239.160	0	0	
0	[SLAMPOS]	0	145.740	318.980	0	239.180	0	0	
0	[SLAMPOS]	0	145.170	318.660	0	239.270	0	0	
0	[SLAMPOS]	0	145.000	318.570	0	239.300	0	0	
0	[SLAMPOS]	0	144.650	318.370	0	239.310	0	0	
0	[SLAMPOS]	0	144.250	318.140	0	239.300	0	0	
0	[SLAMPOS]	0	144.140	318.080	0	239.310	0	0	
0	[SLAMPOS]	0	143.720	317.840	0	239.310	0	0	
0	[SLAMPOS]	0	143.290	317.610	0	239.340	0	0	
0	[SLAMPOS]	0	143.180	317.540	0	239.340	0	0	
0	[SLAMPOS]	0	142.750	317.300	0	239.340	0	0	
0	[SLAMPOS]	0	142.390	317.090	0	239.340	0	0	
0	[SLAMPOS]	0	142.150	316.960	0	239.360	0	0	
0	[SLAMPOS]	0	141.700	316.710	0	239.360	0	0	
0	[SLAMPOS]	0	141.590	316.640	0	239.360	0	0	
0	[SLAMPOS]	0	141.140	316.390	0	239.380	0	0	
0	[SLAMPOS]	0	140.700	316.130	0	239.390	0	0	
0	[SLAMPOS]	0	140.260	315.890	0	239.390	0	0	
0	[SLAMPOS]	0	139.860	315.660	0	239.390	0	0	
0	[SLAMPOS]	0	139.650	315.540	0	239.400	0	0	
0	[SLAMPOS]	0	139.270	315.320	0	239.400	0	0	
0	[SLAMPOS]	0	138.730	315.000	0	239.390	0	0	
0	[SLAMPOS]	0	138.640	314.950	0	239.380	0	0	
0	[SLAMPOS]	0	138.160	314.660	0	239.430	0	0	
0	[SLAMPOS]	0	137.650	314.380	0	239.470	0	0	
0	[SLAMPOS]	0	137.520	314.310	0	239.460	0	0	
0	[SLAMPOS]	0	137.020	314.010	0	239.420	0	0	
0	[SLAMPOS]	0	136.570	313.740	0	239.410	0	0	
0	[SLAMPOS]	0	136.370	313.640	0	239.420	0	0	
0	[SLAMPOS]	0	135.590	313.220	0	239.450	0	0	
0	[SLAMPOS]	0	135.380	313.110	0	239.460	0	0	
0	[SLAMPOS]	0	134.930	312.830	0	239.420	0	0	
0	[SLAMPOS]	0	134.360	312.530	0	239.470	0	0	
0	[SLAMPOS]	0	134.230	312.460	0	239.470	0	0	
0	[SLAMPOS]	0	133.700	312.160	0	239.460	0	0	
0	[SLAMPOS]	0	133.150	311.870	0	239.480	0	0	
0	[SLAMPOS]	0	133.000	311.780	0	239.480	0	0	
0	[SLAMPOS]	0	132.460	311.470	0	239.460	0	0	
0	[SLAMPOS]	0	132.290	311.370	0	239.460	0	0	
0	[SLAMPOS]	0	131.750	311.060	0	239.470	0	0	
0	[SLAMPOS]	0	131.260	310.780	0	239.470	0	0	
0	[SLAMPOS]	0	130.700	310.480	0	239.510	0	0	
0	[SLAMPOS]	0	130.210	310.190	0	239.470	0	0	
0	[SLAMPOS]	0	129.640	309.880	0	239.480	0	0	
0	[SLAMPOS]	0	129.400	309.750	0	239.480	0	0	
0	[SLAMPOS]	0	128.920	309.470	0	239.440	0	0	
0	[SLAMPOS]	0	128.720	309.360	0	239.450	0	0	
0	[SLAMPOS]	0	128.190	309.080	0	239.430	0	0	
0	[SLAMPOS]	0	127.630	308.790	0	239.430	0	0	
0	[SLAMPOS]	0	127.480	308.700	0	239.410	0	0	
0	[SLAMPOS]	0	126.910	308.380	0	239.340	0	0	
0	[SLAMPOS]	0	126.430	308.090	0	239.280	0	0	
0	[SLAMPOS]	0	126.140	307.930	0	239.260	0	0	
0	[SLAMPOS]	0	125.570	307.610	0	239.220	0	0	
0	[SLAMPOS]	0	125.100	307.340	0	239.170	0	0	
0	[SLAMPOS]	0	124.870	307.210	0	239.160	0	0	
0	[SLAMPOS]	0	123.960	306.680	0	239.080	0	0	
0	[SLAMPOS]	0	123.790	306.580	0	239.050	0	0	
0	[SLAMPOS]	0	123.270	306.280	0	239.040	0	0	
0	[SLAMPOS]	0	122.620	305.900	0	239.030	0	0	
0	[SLAMPOS]	0	122.570	305.880	0	239.030	0	0	
0	[SLAMPOS]	0	122.020	305.560	0	239.040	0	0	
0	[SLAMPOS]	0	121.860	305.470	0	239.050	0	0	
0	[SLAMPOS]	0	121.290	305.140	0	239.070	0	0	
0	[SLAMPOS]	0	120.790	304.850	0	239.070	0	0	
0	[SLAMPOS]	0	120.560	304.730	0	239.080	0	0	
0	[SLAMPOS]	0	119.980	304.410	0	239.100	0	0	
0	[SLAMPOS]	0	119.130	303.920	0	239.120	0	0	
0	[SLAMPOS]	0	118.910	303.800	0	239.120	0	0	
0	[SLAMPOS]	0	118.420	303.510	0	239.120	0	0	
0	[SLAMPOS]	0	117.830	303.190	0	239.150	0	0	
0	[SLAMPOS]	0	117.680	303.090	0	239.150	0	0	
0	[SLAMPOS]	0	117.080	302.760	0	239.150	0	0	
0	[SLAMPOS]	0	116.940	302.670	0	239.150	0	0	
0	[SLAMPOS]	0	116.290	302.310	0	239.140	0	0	
0	[SLAMPOS]	0	115.860	302.060	0	239.150	0	0	
0	[SLAMPOS]	0	115.630	301.940	0	239.170	0	0	
0	[SLAMPOS]	0	115.010	301.580	0	239.160	0	0	
0	[SLAMPOS]	0	114.540	301.310	0	239.160	0	0	
0	[SLAMPOS]	0	114.310	301.190	0	239.170	0	0	
0	[SLAMPOS]	0	113.370	300.650	0	239.170	0	0	
0	[SLAMPOS]	0	113.210	300.560	0	239.170	0	0	
0	[SLAMPOS]	0	112.670	300.250	0	239.170	0	0	
0	[SLAMPOS]	0	112.050	299.900	0	239.180	0	0	
0	[SLAMPOS]	0	111.960	299.850	0	239.180	0	0	
0	[SLAMPOS]	0	111.390	299.530	0	239.180	0	0	
0	[SLAMPOS]	0	110.820	299.200	0	239.170	0	0	
0	[SLAMPOS]	0	110.630	299.090	0	239.170	0	0	
0	[SLAMPOS]	0	109.750	298.590	0	239.170	0	0	
0	[SLAMPOS]	0	109.510	298.460	0	239.170	0	0	
0	[SLAMPOS]	0	109.280	298.330	0	239.170	0	0	
0	[SLAMPOS]	0	108.430	297.840	0	239.140	0	0	
0	[SLAMPOS]	0	108.270	297.750	0	239.130	0	0	
0	[SLAMPOS]	0	107.690	297.410	0	239.110	0	0	
0	[SLAMPOS]	0	107.090	297.090	0	239.130	0	0	
0	[SLAMPOS]	0	106.910	296.980	0	239.110	0	0	
0	[SLAMPOS]	0	106.280	296.610	0	239.080	0	0	
0	[SLAMPOS]	0	106.110	296.510	0	239.070	0	0	
0	[SLAMPOS]	0	105.510	296.180	0	239.050	0	0	
0	[SLAMPOS]	0	104.990	295.870	0	239.020	0	0	
0	[SLAMPOS]	0	104.750	295.740	0	239.030	0	0	
0	[SLAMPOS]	0	103.890	295.230	0	238.980	0	0	
0	[SLAMPOS]	0	103.640	295.090	0	238.970	0	0	
0	[SLAMPOS]	0	102.990	294.720	0	238.950	0	0	
0	[SLAMPOS]	0	102.490	294.420	0	238.910	0	0	
0	[SLAMPOS]	0	101.860	294.080	0	238.900	0	0	
0	[SLAMPOS]	0	101.710	293.990	0	238.890	0	0	
0	[SLAMPOS]	0	101.070	293.610	0	238.850	0	0	
0	[SLAMPOS]	0	100.920	293.520	0	238.840	0	0	
0	[SLAMPOS]	0	100.310	293.190	0	238.830	0	0	
0	[SLAMPOS]	0	99.780	292.870	0	238.800	0	0	
0	[SLAMPOS]	0	99.530	292.730	0	238.780	0	0	
0	[SLAMPOS]	0	98.920	292.380	0	238.760	0	0	
0	[SLAMPOS]	0	98.400	292.080	0	238.740	0	0	
0	[SLAMPOS]	0	98.180	291.940	0	238.710	0	0	
0	[SLAMPOS]	0	97.260	291.410	0	238.690	0	0	
0	[SLAMPOS]	0	96.970	291.240	0	238.670	0	0	
0	[SLAMPOS]	0	96.430	290.920	0	238.680	0	0	
0	[SLAMPOS]	0	95.840	290.580	0	238.690	0	0	
0	[SLAMPOS]	0	95.680	290.480	0	238.690	0	0	
0	[SLAMPOS]	0	95.070	290.130	0	238.710	0	0	
0	[SLAMPOS]	0	94.460	289.780	0	238.720	0	0	
0	[SLAMPOS]	0	94.200	289.620	0	238.730	0	0	
0	[SLAMPOS]	0	93.620	289.300	0	238.760	0	0	
0	[SLAMPOS]	0	93.470	289.200	0	238.760	0	0	
0	[SLAMPOS]	0	92.830	288.840	0	238.770	0	0	
0	[SLAMPOS]	0	92.290	288.530	0	238.790	0	0	
0	[SLAMPOS]	0	91.410	288.040	0	238.810	0	0	
0	[SLAMPOS]	0	91.250	287.950	0	238.810	0	0	
0	[SLAMPOS]	0	90.660	287.620	0	238.830	0	0	
0	[SLAMPOS]	0	90.490	287.510	0	238.830	0	0	
0	[SLAMPOS]	0	89.680	287.040	0	238.850	0	0	
0	[SLAMPOS]	0	89.420	286.900	0	238.850	0	0	
0	[SLAMPOS]	0	88.940	286.610	0	238.860	0	0	
0	[SLAMPOS]	0	88.300	286.240	0	238.870	0	0	
0	[SLAMPOS]	0	88.160	286.160	0	238.870	0	0	
0	[SLAMPOS]	0	87.540	285.810	0	238.890	0	0	
0	[SLAMPOS]	0	86.930	285.460	0	238.900	0	0	
0	[SLAMPOS]	0	86.780	285.370	0	238.910	0	0	
0	[SLAMPOS]	0	86.150	285.010	0	238.920	0	0	
0	[SLAMPOS]	0	85.620	284.700	0	238.930	0	0	
0	[SLAMPOS]	0	85.390	284.570	0	238.930	0	0	
0	[SLAMPOS]	0	84.500	284.050	0	238.940	0	0	
0	[SLAMPOS]	0	84.240	283.910	0	238.950	0	0	
0	[SLAMPOS]	0	83.700	283.600	0	238.980	0	0	
0	[SLAMPOS]	0	83.090	283.250	0	238.970	0	0	
0	[SLAMPOS]	0	82.940	283.160	0	238.980	0	0	
0	[SLAMPOS]	0	82.310	282.800	0	238.970	0	0	
0	[SLAMPOS]	0	81.720	282.470	0	238.980	0	0	
0	[SLAMPOS]	0	81.560	282.370	0	238.980	0	0	
0	[SLAMPOS]	0	80.950	282.020	0	239.000	0	0	
0	[SLAMPOS]	0	80.750	281.900	0	239.000	0	0	
0	[SLAMPOS]	0	80.130	281.560	0	239.020	0	0	
0	[SLAMPOS]	0	79.610	281.250	0	239.020	0	0	
0	[SLAMPOS]	0	79.370	281.110	0	239.010	0	0	
0	[SLAMPOS]	0	78.760	280.770	0	239.020	0	0	
0	[SLAMPOS]	0	78.230	280.470	0	239.030	0	0	
0	[SLAMPOS]	0	77.980	280.320	0	239.030	0	0	
0	[SLAMPOS]	0	77.060	279.800	0	239.040	0	0	
0	[SLAMPOS]	0	76.870	279.690	0	239.040	0	0	
0	[SLAMPOS]	0	76.350	279.370	0	239.030	0	0	
0	[SLAMPOS]	0	75.740	279.030	0	239.040	0	0	
0	[SLAMPOS]	0	75.580	278.930	0	239.040	0	0	
0	[SLAMPOS]	0	74.910	278.540	0	239.040	0	0	
0	[SLAMPOS]	0	74.820	278.490	0	239.040	0	0	
0	[SLAMPOS]	0	74.230	278.150	0	239.030	0	0	
0	[SLAMPOS]	0	73.640	277.820	0	239.040	0	0	
0	[SLAMPOS]	0	73.100	277.510	0	239.050	0	0	
0	[SLAMPOS]	0	72.870	277.380	0	239.050	0	0	
0	[SLAMPOS]	0	72.330	277.070	0	239.040	0	0	
0	[SLAMPOS]	0	71.740	276.740	0	239.030	0	0	
0	[SLAMPOS]	0	71.210	276.440	0	239.030	0	0	
0	[SLAMPOS]	0	70.600	276.080	0	239.030	0	0	
0	[SLAMPOS]	0	70.460	276.000	0	239.020	0	0	
0	[SLAMPOS]	0	69.870	275.670	0	239.010	0	0	
0	[SLAMPOS]	0	69.710	275.570	0	239.010	0	0	
0	[SLAMPOS]	0	69.090	275.220	0	239.000	0	0	
0	[SLAMPOS]	0	68.480	274.890	0	239.010	0	0	
0	[SLAMPOS]	0	68.350	274.810	0	239.000	0	0	
0	[SLAMPOS]	0	67.700	274.440	0	239.000	0	0	
0	[SLAMPOS]	0	67.200	274.150	0	238.990	0	0	
0	[SLAMPOS]	0	67.030	274.050	0	238.980	0	0	
0	[SLAMPOS]	0	66.080	273.500	0	238.970	0	0	
0	[SLAMPOS]	0	65.900	273.410	0	238.970	0	0	
0	[SLAMPOS]	0	65.390	273.110	0	238.970	0	0	
0	[SLAMPOS]	0	64.700	272.710	0	238.960	0	0	
0	[SLAMPOS]	0	64.630	272.670	0	238.960	0	0	
0	[SLAMPOS]	0	64.030	272.330	0	238.950	0	0	
0	[SLAMPOS]	0	63.530	272.030	0	238.940	0	0	
0	[SLAMPOS]	0	63.310	271.910	0	238.940	0	0	
0	[SLAMPOS]	0	62.720	271.570	0	238.930	0	0	
0	[SLAMPOS]	0	62.230	271.290	0	238.960	0	0	
0	[SLAMPOS]	0	61.990	271.150	0	238.970	0	0	
0	[SLAMPOS]	0	61.140	270.660	0	239.050	0	0	
0	[SLAMPOS]	0	60.900	270.520	0	239.070	0	0	
0	[SLAMPOS]	0	60.410	270.240	0	239.110	0	0	
0	[SLAMPOS]	0	59.840	269.930	0	239.150	0	0	
0	[SLAMPOS]	0	59.690	269.840	0	239.160	0	0	
0	[SLAMPOS]	0	59.110	269.520	0	239.210	0	0	
0	[SLAMPOS]	0	58.960	269.430	0	239.230	0	0	
0	[SLAMPOS]	0	58.380	269.110	0	239.270	0	0	
0	[SLAMPOS]	0	57.830	268.800	0	239.300	0	0	
0	[SLAMPOS]	0	57.670	268.710	0	239.310	0	0	
0	[SLAMPOS]	0	57.110	268.400	0	239.340	0	0	
0	[SLAMPOS]	0	56.620	268.110	0	239.350	0	0	
0	[SLAMPOS]	0	56.070	267.810	0	239.370	0	0	
0	[SLAMPOS]	0	55.600	267.540	0	239.390	0	0	
0	[SLAMPOS]	0	55.040	267.230	0	239.390	0	0	
0	[SLAMPOS]	0	54.900	267.150	0	239.390	0	0	
0	[SLAMPOS]	0	54.330	266.830	0	239.400	0	0	
0	[SLAMPOS]	0	54.220	266.770	0	239.400	0	0	
0	[SLAMPOS]	0	53.690	266.470	0	239.400	0	0	
0	[SLAMPOS]	0	53.160	266.170	0	239.390	0	0	
0	[SLAMPOS]	0	53.030	266.090	0	239.380	0	0	
0	[SLAMPOS]	0	52.530	265.810	0	239.390	0	0	
0	[SLAMPOS]	0	52.060	265.550	0	239.360	0	0	
0	[SLAMPOS]	0	51.860	265.440	0	239.360	0	0	
0	[SLAMPOS]	0	51.070	264.980	0	239.300	0	0	
0	[SLAMPOS]	0	50.900	264.890	0	239.300	0	0	
0	[SLAMPOS]	0	50.450	264.630	0	239.270	0	0	
0	[SLAMPOS]	0	49.930	264.340	0	239.250	0	0	
0	[SLAMPOS]	0	49.800	264.260	0	239.240	0	0	
0	[SLAMPOS]	0	49.240	263.950	0	239.210	0	0	
0	[SLAMPOS]	0	48.800	263.700	0	239.180	0	0	
0	[SLAMPOS]	0	48.670	263.630	0	239.170	0	0	
0	[SLAMPOS]	0	48.180	263.350	0	239.140	0	0	
0	[SLAMPOS]	0	47.740	263.100	0	239.110	0	0	
0	[SLAMPOS]	0	47.550	262.990	0	239.100	0	0	
0	[SLAMPOS]	0	47.120	262.740	0	239.070	0	0	
0	[SLAMPOS]	0	46.640	262.460	0	239.050	0	0	
0	[SLAMPOS]	0	46.220	262.220	0	239.040	0	0	
0	[SLAMPOS]	0	45.750	261.950	0	239.020	0	0	
0	[SLAMPOS]	0	45.620	261.880	0	239.030	0	0	
0	[SLAMPOS]	0	45.160	261.610	0	239.020	0	0	
0	[SLAMPOS]	0	45.040	261.540	0	239.030	0	0	
0	[SLAMPOS]	0	44.560	261.270	0	239.040	0	0	
0	[SLAMPOS]	0	44.120	261.020	0	239.060	0	0	
0	[SLAMPOS]	0	43.980	260.930	0	239.070	0	0	
0	[SLAMPOS]	0	43.490	260.670	0	239.100	0	0	
0	[SLAMPOS]	0	43.120	260.450	0	239.130	0	0	
0	[SLAMPOS]	0	42.660	260.190	0	239.180	0	0	
0	[SLAMPOS]	0	42.220	259.930	0	239.210	0	0	
0	[SLAMPOS]	0	42.030	259.830	0	239.210	0	0	
0	[SLAMPOS]	0	41.870	259.730	0	239.210	0	0	
0	[SLAMPOS]	0	41.180	259.330	0	239.250	0	0	
0	[SLAMPOS]	0	41.040	259.260	0	239.250	0	0	
0	[SLAMPOS]	0	40.650	259.030	0	239.270	0	0	
0	[SLAMPOS]	0	40.180	258.780	0	239.300	0	0	
0	[SLAMPOS]	0	40.110	258.740	0	239.310	0	0	
0	[SLAMPOS]	0	39.710	258.510	0	239.320	0	0	
0	[SLAMPOS]	0	39.320	258.290	0	239.330	0	0	
0	[SLAMPOS]	0	39.170	258.200	0	239.330	0	0	
0	[SLAMPOS]	0	38.790	257.990	0	239.320	0	0	
0	[SLAMPOS]	0	38.400	257.780	0	239.350	0	0	
0	[SLAMPOS]	0	38.040	257.570	0	239.340	0	0	
0	[SLAMPOS]	0	37.640	257.350	0	239.330	0	0	
0	[SLAMPOS]	0	37.480	257.270	0	239.310	0	0	
0	[SLAMPOS]	0	37.130	257.070	0	239.290	0	0	
0	[SLAMPOS]	0	36.760	256.860	0	239.240	0	0	
0	[SLAMPOS]	0	36.630	256.770	0	239.240	0	0	
0	[SLAMPOS]	0	36.260	256.570	0	239.250	0	0	
0	[SLAMPOS]	0	35.910	256.380	0	239.270	0	0	
0	[SLAMPOS]	0	35.790	256.310	0	239.300	0	0	
0	[SLAMPOS]	0	35.450	256.120	0	239.340	0	0	
0	[SLAMPOS]	0	35.350	256.060	0	239.360	0	0	
0	[SLAMPOS]	0	35.020	255.860	0	239.410	0	0	
0	[SLAMPOS]	0	34.720	255.680	0	239.460	0	0	
0	[SLAMPOS]	0	34.580	255.610	0	239.480	0	0	
0	[SLAMPOS]	0	34.090	255.340	0	239.590	0	0	
0	[SLAMPOS]	0	33.890	255.230	0	239.620	0	0	
0	[SLAMPOS]	0	33.780	255.170	0	239.630	0	0	
0	[SLAMPOS]	0	33.300	254.910	0	239.720	0	0	
0	[SLAMPOS]	0	33.170	254.840	0	239.750	0	0	
0	[SLAMPOS]	0	32.890	254.680	0	239.810	0	0	
0	[SLAMPOS]	0	32.760	254.620	0	239.820	0	0	
0	[SLAMPOS]	0	32.450	254.450	0	239.860	0	0	
0	[SLAMPOS]	0	32.180	254.310	0	239.900	0	0	
0	[SLAMPOS]	0	31.880	254.140	0	239.950	0	0	
0	[SLAMPOS]	0	31.800	254.090	0	239.950	0	0	
0	[SLAMPOS]	0	31.490	253.930	0	239.960	0	0	
0	[SLAMPOS]	0	31.420	253.890	0	239.960	0	0	
0	[SLAMPOS]	0	31.130	253.730	0	239.980	0	0	
0	[SLAMPOS]	0	30.870	253.580	0	239.990	0	0	
0	[SLAMPOS]	0	30.750	253.520	0	240.000	0	0	
0	[SLAMPOS]	0	30.310	253.270	0	239.940	0	0	
0	[SLAMPOS]	0	30.210	253.210	0	239.920	0	0	
0	[SLAMPOS]	0	30.090	253.150	0	239.910	0	0	
0	[SLAMPOS]	0	29.690	252.930	0	239.870	0	0	
0	[SLAMPOS]	0	29.620	252.890	0	239.860	0	0	
0	[SLAMPOS]	0	29.390	252.760	0	239.820	0	0	
0	[SLAMPOS]	0	29.140	252.620	0	239.760	0	0	
0	[SLAMPOS]	0	29.080	252.590	0	239.750	0	0	
0	[SLAMPOS]	0	28.840	252.450	0	239.730	0	0	
0	[SLAMPOS]	0	28.610	252.320	0	239.710	0	0	
0	[SLAMPOS]	0	28.560	252.290	0	239.710	0	0	
0	[SLAMPOS]	0	28.230	252.110	0	239.670	0	0	
0	[SLAMPOS]	0	28.150	252.070	0	239.650	0	0	
0	[SLAMPOS]	0	28.070	252.020	0	239.650	0	0	
0	[SLAMPOS]	0	27.780	251.860	0	239.620	0	0	
0	[SLAMPOS]	0	27.710	251.820	0	239.610	0	0	
0	[SLAMPOS]	0	27.540	251.720	0	239.600	0	0	
0	[SLAMPOS]	0	27.360	251.630	0	239.590	0	0	
0	[SLAMPOS]	0	27.310	251.600	0	239.590	0	0	
0	[SLAMPOS]	0	27.140	251.500	0	239.580	0	0	
0	[SLAMPOS]	0	26.960	251.400	0	239.570	0	0	
0	[SLAMPOS]	0	26.950	251.390	0	239.570	0	0	
0	[SLAMPOS]	0	26.810	251.320	0	239.580	0	0	
0	[SLAMPOS]	0	26.670	251.240	0	239.590	0	0	
0	[SLAMPOS]	0	26.560	251.180	0	239.600	0	0	
0	[SLAMPOS]	0	26.510	251.150	0	239.610	0	0	
0	[SLAMPOS]	0	26.410	251.090	0	239.600	0	0	
0	[SLAMPOS]	0	26.300	251.030	0	239.600	0	0	
0	[SLAMPOS]	0	26.210	250.980	0	239.620	0	0	
0	[SLAMPOS]	0	26.180	250.960	0	239.620	0	0	
0	[SLAMPOS]	0	26.080	250.910	0	239.620	0	0	
0	[SLAMPOS]	0	26.070	250.900	0	239.620	0	0	
0	[SLAMPOS]	0	25.990	250.860	0	239.620	0	0	
0	[SLAMPOS]	0	25.920	250.820	0	239.630	0	0	
0	[SLAMPOS]	0	25.900	250.810	0	239.640	0	0	
0	[SLAMPOS]	0	25.810	250.770	0	239.640	0	0	
0	[SLAMPOS]	0	25.800	250.770	0	239.630	0	0	
0	[SLAMPOS]	0	25.760	250.740	0	239.640	0	0	
0	[SLAMPOS]	0	25.740	250.740	0	239.650	0	0	
0	[SLAMPOS]	0	25.740	250.740	0	239.650	0	0	
0	[SLAMPOS]	0	25.720	250.730	0	239.650	0	0	
0	[SLAMPOS]	0	25.720	250.730	0	239.650	0	0	
0	[SLAMPOS]	0	25.720	250.730	0	239.650	0	0	
0	[SLAMPOS]	0	25.730	250.730	0	239.650	0	0	
0	[SLAMPOS]	0	25.740	250.740	0	239.660	0	0	
0	[SLAMPOS]	0	25.760	250.750	0	239.650	0	0	
0	[SLAMPOS]	0	25.770	250.760	0	239.650	0	0	
0	[SLAMPOS]	0	25.800	250.770	0	239.650	0	0	
0	[SLAMPOS]	0	25.810	250.770	0	239.660	0	0	
0	[SLAMPOS]	0	25.800	250.770	0	239.650	0	0	
0	[SLAMPOS]	0	25.790	250.760	0	239.650	0	0	
0	[SLAMPOS]	0	25.780	250.750	0	239.650	0	0	
0	[SLAMPOS]	0	25.760	250.740	0	239.650	0	0	
0	[SLAMPOS]	0	25.760	250.740	0	239.650	0	0	
0	[SLAMPOS]	0	25.750	250.740	0	239.650	0	0	
0	[SLAMPOS]	0	25.750	250.730	0	239.640	0	0	
0	[SLAMPOS]	0	25.750	250.730	0	239.640	0	0	
0	[SLAMPOS]	0	25.750	250.730	0	239.640	0	0	
0	[SLAMPOS]	0	25.750	250.730	0	239.640	0	0	
0	[SLAMPOS]	0	25.750	250.730	0	239.640	0	0	
0	[SLAMPOS]	0	25.750	250.740	0	239.640	0	0	
0	[SLAMPOS]	0	25.760	250.740	0	239.630	0	0	
0	[SLAMPOS]	0	25.760	250.740	0	239.630	0	0	
0	[SLAMPOS]	0	25.760	250.740	0	239.630	0	0	
0	[SLAMPOS]	0	25.760	250.740	0	239.630	0	0	
0	[SLAMPOS]	0	25.770	250.740	0	239.630	0	0	
0	[SLAMPOS]	0	25.770	250.740	0	239.630	0	0	
0	[SLAMPOS]	0	25.770	250.750	0	239.630	0	0	
0	[SLAMPOS]	0	25.770	250.740	0	239.630	0	0	
0	[SLAMPOS]	0	25.770	250.750	0	239.630	0	0	
0	[SLAMPOS]	0	25.770	250.750	0	239.630	0	0	
0	[SLAMPOS]	0	25.770	250.750	0	239.630	0	0	
0	[SLAMPOS]	0	25.770	250.740	0	239.630	0	0	
0	[SLAMPOS]	0	25.770	250.740	0	239.630	0	0	
0	[SLAMPOS]	0	25.770	250.740	0	239.630	0	0	
0	[SLAMPOS]	0	25.770	250.740	0	239.630	0	0	
0	[SLAMPOS]	0	25.770	250.740	0	239.640	0	0	
0	[SLAMPOS]	0	25.770	250.740	0	239.640	0	0	
0	[SLAMPOS]	0	25.770	250.740	0	239.630	0	0	
0	[SLAMPOS]	0	25.770	250.740	0	239.630	0	0	
0	[SLAMPOS]	0	25.770	250.750	0	239.630	0	0	
0	[SLAMPOS]	0	25.770	250.740	0	239.630	0	0	
0	[SLAMPOS]	0	25.780	250.750	0	239.630	0	0	
0	[SLAMPOS]	0	25.770	250.750	0	239.630	0	0	
0	[SLAMPOS]	0	25.770	250.750	0	239.640	0	0	
0	[SLAMPOS]	0	25.770	250.750	0	239.640	0	0	
0	[SLAMPOS]	0	25.770	250.750	0	239.640	0	0	
0	[SLAMPOS]	0	25.770	250.750	0	239.640	0	0	
0	[SLAMPOS]	0	25.770	250.750	0	239.640	0	0	
0	[SLAMPOS]	0	25.770	250.750	0	239.640	0	0	
0	[SLAMPOS]	0	25.770	250.750	0	239.640	0	0	
0	[SLAMPOS]	0	25.770	250.750	0	239.640	0	0	
0	[SLAMPOS]	0	25.770	250.750	0	239.640	0	0	
0	[SLAMPOS]	0	25.770	250.750	0	239.640	0	0	
0	[SLAMPOS]	0	25.770	250.750	0	239.640	0	0	
0	[SLAMPOS]	0	25.770	250.750	0	239.640	0	0	
0	[SLAMPOS]	0	25.770	250.750	0	239.640	0	0	
0	[SLAMPOS]	0	25.770	250.750	0	239.630	0	0	
0	[SLAMPOS]	0	25.770	250.750	0	239.640	0	0	
0	[SLAMPOS]	0	25.770	250.750	0	239.640	0	0	
0	[SLAMPOS]	0	25.770	250.740	0	239.640	0	0	
0	[SLAMPOS]	0	25.770	250.740	0	239.640	0	0	
0	[SLAMPOS]	0	25.770	250.740	0	239.640	0	0	
0	[SLAMPOS]	0	25.770	250.740	0	239.640	0	0	
0	[SLAMPOS]	0	25.770	250.750	0	239.640	0	0	
0	[SLAMPOS]	0	25.770	250.750	0	239.640	0	0	
0	[SLAMPOS]	0	25.770	250.750	0	239.640	0	0	
0	[SLAMPOS]	0	25.770	250.750	0	239.640	0	0	
0	[SLAMPOS]	0	25.770	250.750	0	239.640	0	0	
0	[SLAMPOS]	0	25.770	250.750	0	239.640	0	0	
0	[SLAMPOS]	0	25.770	250.750	0	239.640	0	0	
0	[SLAMPOS]	0	25.770	250.750	0	239.640	0	0	
0	[SLAMPOS]	0	25.770	250.750	0	239.640	0	0	
0	[SLAMPOS]	0	25.770	250.750	0	239.640	0	0	
0	[SLAMPOS]	0	25.770	250.750	0	239.640	0	0	
0	[SLAMPOS]	0	25.770	250.750	0	239.640	0	0	
0	[SLAMPOS]	0	25.770	250.750	0	239.640	0	0	
0	[SLAMPOS]	0	25.770	250.750	0	239.640	0	0	
0	[SLAMPOS]	0	25.760	250.750	0	239.640	0	0	
0	[SLAMPOS]	0	25.760	250.750	0	239.640	0	0	
0	[SLAMPOS]	0	25.760	250.750	0	239.640	0	0	
0	[SLAMPOS]	0	25.760	250.750	0	239.640	0	0	
0	[SLAMPOS]	0	25.760	250.740	0	239.640	0	0	
0	[SLAMPOS]	0	25.760	250.740	0	239.640	0	0	
0	[SLAMPOS]	0	25.760	250.740	0	239.640	0	0	
0	[SLAMPOS]	0	25.760	250.740	0	239.640	0	0	
0	[SLAMPOS]	0	25.760	250.750	0	239.640	0	0	
0	[SLAMPOS]	0	25.760	250.750	0	239.640	0	0	
0	[SLAMPOS]	0	25.760	250.740	0	239.640	0	0	
0	[SLAMPOS]	0	25.760	250.750	0	239.640	0	0	
0	[SLAMPOS]	0	25.760	250.750	0	239.640	0	0	
0	[SLAMPOS]	0	25.760	250.740	0	239.630	0	0	
0	[SLAMPOS]	0	25.760	250.740	0	239.640	0	0	
0	[SLAMPOS]	0	25.760	250.740	0	239.640	0	0	
0	[SLAMPOS]	0	25.760	250.740	0	239.630	0	0	
0	[SLAMPOS]	0	25.760	250.740	0	239.640	0	0	
0	[SLAMPOS]	0	25.760	250.740	0	239.640	0	0	
0	[SLAMPOS]	0	25.760	250.740	0	239.640	0	0	
0	[SLAMPOS]	0	25.760	250.740	0	239.640	0	0	
0	[SLAMPOS]	0	25.760	250.740	0	239.640	0	0	
0	[SLAMPOS]	0	25.760	250.740	0	239.640	0	0	
0	[SLAMPOS]	0	25.760	250.740	0	239.640	0	0	
0	[SLAMPOS]	0	25.760	250.740	0	239.640	0	0	
0	[SLAMPOS]	0	25.760	250.740	0	239.640	0	0	
0	[SLAMPOS]	0	25.760	250.740	0	239.640	0	0	
0	[SLAMPOS]	0	25.760	250.740	0	239.640	0	0	
0	[SLAMPOS]	0	25.760	250.740	0	239.640	0	0	
0	[SLAMPOS]	0	25.760	250.740	0	239.640	0	0	
0	[SLAMPOS]	0	25.760	250.740	0	239.640	0	0	
0	[SLAMPOS]	0	25.760	250.740	0	239.640	0	0	
0	[SLAMPOS]	0	25.760	250.740	0	239.640	0	0	
0	[SLAMPOS]	0	25.750	250.740	0	239.640	0	0	
0	[SLAMPOS]	0	25.750	250.740	0	239.650	0	0	
0	[SLAMPOS]	0	25.750	250.730	0	239.650	0	0	
0	[SLAMPOS]	0	25.740	250.730	0	239.640	0	0	
0	[SLAMPOS]	0	25.740	250.730	0	239.640	0	0	
0	[SLAMPOS]	0	25.730	250.720	0	239.640	0	0	
0	[SLAMPOS]	0	25.710	250.710	0	239.640	0	0	
0	[SLAMPOS]	0	25.710	250.710	0	239.640	0	0	
0	[SLAMPOS]	0	25.680	250.690	0	239.640	0	0	
0	[SLAMPOS]	0	25.670	250.690	0	239.640	0	0	
0	[SLAMPOS]	0	25.640	250.670	0	239.640	0	0	
0	[SLAMPOS]	0	25.620	250.660	0	239.650	0	0	
0	[SLAMPOS]	0	25.600	250.650	0	239.650	0	0	
0	[SLAMPOS]	0	25.570	250.630	0	239.640	0	0	
0	[SLAMPOS]	0	25.560	250.630	0	239.640	0	0	
0	[SLAMPOS]	0	25.560	250.630	0	239.640	0	0	
0	[SLAMPOS]	0	25.550	250.620	0	239.640	0	0	
0	[SLAMPOS]	0	25.560	250.620	0	239.630	0	0	
0	[SLAMPOS]	0	25.560	250.630	0	239.630	0	0	
0	[SLAMPOS]	0	25.580	250.640	0	239.630	0	0	
0	[SLAMPOS]	0	25.580	250.640	0	239.630	0	0	
0	[SLAMPOS]	0	25.600	250.650	0	239.630	0	0	
0	[SLAMPOS]	0	25.600	250.650	0	239.630	0	0	
0	[SLAMPOS]	0	25.610	250.660	0	239.630	0	0	
0	[SLAMPOS]	0	25.610	250.660	0	239.630	0	0	
0	[SLAMPOS]	0	25.610	250.650	0	239.630	0	0	
0	[SLAMPOS]	0	25.600	250.650	0	239.630	0	0	
0	[SLAMPOS]	0	25.600	250.650	0	239.640	0	0	
0	[SLAMPOS]	0	25.590	250.650	0	239.640	0	0	
0	[SLAMPOS]	0	25.590	250.640	0	239.640	0	0	
0	[SLAMPOS]	0	25.590	250.640	0	239.640	0	0	
0	[SLAMPOS]	0	25.590	250.640	0	239.640	0	0	
0	[SLAMPOS]	0	25.580	250.640	0	239.640	0	0	
0	[SLAMPOS]	0	25.580	250.640	0	239.640	0	0	
0	[SLAMPOS]	0	25.590	250.640	0	239.640	0	0	
0	[SLAMPOS]	0	25.580	250.640	0	239.640	0	0	
0	[SLAMPOS]	0	25.590	250.640	0	239.640	0	0	
0	[SLAMPOS]	0	25.590	250.640	0	239.640	0	0	
0	[SLAMPOS]	0	25.590	250.640	0	239.640	0	0	
0	[SLAMPOS]	0	25.590	250.640	0	239.640	0	0	
0	[SLAMPOS]	0	25.590	250.640	0	239.640	0	0	
0	[SLAMPOS]	0	25.590	250.640	0	239.640	0	0	
0	[SLAMPOS]	0	25.590	250.640	0	239.640	0	0	
0	[SLAMPOS]	0	25.590	250.650	0	239.640	0	0	
0	[SLAMPOS]	0	25.590	250.650	0	239.640	0	0	
0	[SLAMPOS]	0	25.590	250.650	0	239.640	0	0	
0	[SLAMPOS]	0	25.590	250.650	0	239.640	0	0	
0	[SLAMPOS]	0	25.590	250.650	0	239.640	0	0	
0	[SLAMPOS]	0	25.590	250.650	0	239.640	0	0	
0	[SLAMPOS]	0	25.590	250.650	0	239.640	0	0	
0	[SLAMPOS]	0	25.590	250.650	0	239.640	0	0	
0	[SLAMPOS]	0	25.590	250.650	0	239.640	0	0	
0	[SLAMPOS]	0	25.590	250.650	0	239.640	0	0	
0	[SLAMPOS]	0	25.590	250.650	0	239.640	0	0	
0	[SLAMPOS]	0	25.590	250.650	0	239.640	0	0	
0	[SLAMPOS]	0	25.590	250.650	0	239.640	0	0	
0	[SLAMPOS]	0	25.590	250.650	0	239.640	0	0	
0	[SLAMPOS]	0	25.590	250.650	0	239.640	0	0	
0	[SLAMPOS]	0	25.590	250.650	0	239.640	0	0	
0	[SLAMPOS]	0	25.590	250.640	0	239.640	0	0	
0	[SLAMPOS]	0	25.590	250.650	0	239.640	0	0	
0	[SLAMPOS]	0	25.590	250.650	0	239.640	0	0	
0	[SLAMPOS]	0	25.590	250.650	0	239.650	0	0	
0	[SLAMPOS]	0	25.590	250.650	0	239.650	0	0	
0	[SLAMPOS]	0	25.590	250.650	0	239.640	0	0	
0	[SLAMPOS]	0	25.590	250.650	0	239.640	0	0	
0	[SLAMPOS]	0	25.590	250.650	0	239.640	0	0	
0	[SLAMPOS]	0	25.590	250.650	0	239.640	0	0	
0	[SLAMPOS]	0	25.590	250.650	0	239.640	0	0	
0	[SLAMPOS]	0	25.590	250.650	0	239.640	0	0	
0	[SLAMPOS]	0	25.590	250.650	0	239.640	0	0	
0	[SLAMPOS]	0	25.590	250.650	0	239.640	0	0	
0	[SLAMPOS]	0	25.590	250.650	0	239.640	0	0	
0	[SLAMPOS]	0	25.590	250.650	0	239.640	0	0	
0	[SLAMPOS]	0	25.590	250.650	0	239.650	0	0	
0	[SLAMPOS]	0	25.590	250.650	0	239.650	0	0	
0	[SLAMPOS]	0	25.590	250.650	0	239.650	0	0	
0	[SLAMPOS]	0	25.590	250.640	0	239.650	0	0	
0	[SLAMPOS]	0	25.590	250.640	0	239.650	0	0	
0	[SLAMPOS]	0	25.590	250.640	0	239.650	0	0	
0	[SLAMPOS]	0	25.590	250.650	0	239.650	0	0	
0	[SLAMPOS]	0	25.590	250.650	0	239.650	0	0	
0	[SLAMPOS]	0	25.590	250.650	0	239.650	0	0	
0	[SLAMPOS]	0	25.590	250.650	0	239.650	0	0	
0	[SLAMPOS]	0	25.590	250.650	0	239.650	0	0	
0	[SLAMPOS]	0	25.590	250.650	0	239.650	0	0	
0	[SLAMPOS]	0	25.590	250.650	0	239.650	0	0	
0	[SLAMPOS]	0	25.590	250.650	0	239.650	0	0	
0	[SLAMPOS]	0	25.590	250.650	0	239.650	0	0	
0	[SLAMPOS]	0	25.590	250.650	0	239.650	0	0	
0	[SLAMPOS]	0	25.590	250.650	0	239.650	0	0	
0	[SLAMPOS]	0	25.590	250.650	0	239.650	0	0	
0	[SLAMPOS]	0	25.590	250.650	0	239.650	0	0	
0	[SLAMPOS]	0	25.590	250.650	0	239.650	0	0	
0	[SLAMPOS]	0	25.590	250.650	0	239.650	0	0	
0	[SLAMPOS]	0	25.590	250.650	0	239.650	0	0	
0	[SLAMPOS]	0	25.590	250.650	0	239.650	0	0	
0	[SLAMPOS]	0	25.590	250.650	0	239.650	0	0	
0	[SLAMPOS]	0	25.590	250.650	0	239.650	0	0	
0	[SLAMPOS]	0	25.590	250.650	0	239.650	0	0	
0	[SLAMPOS]	0	25.590	250.650	0	239.650	0	0	
0	[SLAMPOS]	0	25.590	250.650	0	239.650	0	0	
0	[SLAMPOS]	0	25.590	250.650	0	239.650	0	0	
0	[SLAMPOS]	0	25.590	250.650	0	239.650	0	0	
0	[SLAMPOS]	0	25.590	250.650	0	239.640	0	0	
0	[SLAMPOS]	0	25.590	250.650	0	239.650	0	0	
0	[SLAMPOS]	0	25.590	250.650	0	239.650	0	0	
0	[SLAMPOS]	0	25.590	250.650	0	239.640	0	0	
0	[SLAMPOS]	0	25.590	250.650	0	239.640	0	0	
0	[SLAMPOS]	0	25.590	250.650	0	239.640	0	0	
0	[SLAMPOS]	0	25.590	250.650	0	239.640	0	0	
0	[SLAMPOS]	0	25.590	250.650	0	239.640	0	0	
0	[SLAMPOS]	0	25.590	250.650	0	239.640	0	0	
0	[SLAMPOS]	0	25.590	250.650	0	239.640	0	0	
0	[SLAMPOS]	0	25.590	250.650	0	239.640	0	0	
0	[SLAMPOS]	0	25.590	250.650	0	239.640	0	0	
0	[SLAMPOS]	0	25.590	250.650	0	239.640	0	0	
0	[SLAMPOS]	0	25.590	250.650	0	239.640	0	0	
0	[SLAMPOS]	0	25.590	250.650	0	239.640	0	0	
0	[SLAMPOS]	0	25.590	250.650	0	239.640	0	0	
0	[SLAMPOS]	0	25.590	250.650	0	239.650	0	0	
0	[SLAMPOS]	0	25.590	250.650	0	239.650	0	0	
0	[SLAMPOS]	0	25.590	250.650	0	239.650	0	0	
0	[SLAMPOS]	0	25.590	250.650	0	239.650	0	0	
0	[SLAMPOS]	0	25.590	250.650	0	239.650	0	0	
0	[SLAMPOS]	0	25.590	250.650	0	239.650	0	0	
0	[SLAMPOS]	0	25.590	250.650	0	239.650	0	0	
0	[SLAMPOS]	0	25.590	250.650	0	239.650	0	0	
0	[SLAMPOS]	0	25.590	250.640	0	239.650	0	0	
0	[SLAMPOS]	0	25.590	250.650	0	239.650	0	0	
0	[SLAMPOS]	0	25.590	250.650	0	239.650	0	0	
0	[SLAMPOS]	0	25.590	250.650	0	239.650	0	0	
0	[SLAMPOS]	0	25.590	250.650	0	239.650	0	0	
0	[SLAMPOS]	0	25.590	250.650	0	239.650	0	0	
0	[SLAMPOS]	0	25.590	250.640	0	239.650	0	0	
0	[SLAMPOS]	0	25.590	250.650	0	239.650	0	0	
0	[SLAMPOS]	0	25.590	250.650	0	239.650	0	0	
0	[SLAMPOS]	0	25.590	250.650	0	239.650	0	0	
0	[SLAMPOS]	0	25.590	250.650	0	239.650	0	0	
0	[SLAMPOS]	0	25.590	250.650	0	239.650	0	0	
0	[SLAMPOS]	0	25.590	250.650	0	239.650	0	0	
0	[SLAMPOS]	0	25.590	250.650	0	239.650	0	0	
0	[SLAMPOS]	0	25.590	250.650	0	239.650	0	0	
0	[SLAMPOS]	0	25.590	250.650	0	239.650	0	0	
0	[SLAMPOS]	0	25.590	250.650	0	239.650	0	0	
0	[SLAMPOS]	0	25.590	250.650	0	239.650	0	0	
0	[SLAMPOS]	0	25.590	250.650	0	239.650	0	0	
0	[SLAMPOS]	0	25.590	250.650	0	239.650	0	0	
0	[SLAMPOS]	0	25.590	250.650	0	239.650	0	0	
0	[SLAMPOS]	0	25.590	250.650	0	239.660	0	0	
0	[SLAMPOS]	0	25.590	250.650	0	239.660	0	0	
0	[SLAMPOS]	0	25.590	250.650	0	239.660	0	0	
0	[SLAMPOS]	0	25.590	250.650	0	239.660	0	0	
0	[SLAMPOS]	0	25.590	250.650	0	239.660	0	0	
0	[SLAMPOS]	0	25.590	250.650	0	239.660	0	0	
0	[SLAMPOS]	0	25.590	250.650	0	239.660	0	0	
0	[SLAMPOS]	0	25.590	250.650	0	239.660	0	0	
0	[SLAMPOS]	0	25.590	250.650	0	239.660	0	0	
0	[SLAMPOS]	0	25.580	250.650	0	239.660	0	0	
0	[SLAMPOS]	0	25.580	250.640	0	239.660	0	0	
0	[SLAMPOS]	0	25.570	250.640	0	239.660	0	0	
0	[SLAMPOS]	0	25.570	250.630	0	239.670	0	0	
0	[SLAMPOS]	0	25.560	250.630	0	239.670	0	0	
0	[SLAMPOS]	0	25.560	250.630	0	239.670	0	0	
0	[SLAMPOS]	0	25.550	250.620	0	239.670	0	0	
0	[SLAMPOS]	0	25.550	250.620	0	239.670	0	0	
0	[SLAMPOS]	0	25.530	250.610	0	239.670	0	0	
0	[SLAMPOS]	0	25.520	250.610	0	239.670	0	0	
0	[SLAMPOS]	0	25.520	250.610	0	239.670	0	0	
0	[SLAMPOS]	0	25.510	250.600	0	239.660	0	0	
0	[SLAMPOS]	0	25.510	250.600	0	239.660	0	0	
0	[SLAMPOS]	0	25.510	250.610	0	239.670	0	0	
0	[SLAMPOS]	0	25.510	250.600	0	239.670	0	0	
0	[SLAMPOS]	0	25.510	250.600	0	239.680	0	0	
0	[SLAMPOS]	0	25.500	250.600	0	239.680	0	0	
0	[SLAMPOS]	0	25.480	250.590	0	239.680	0	0	
0	[SLAMPOS]	0	25.480	250.590	0	239.680	0	0	
0	[SLAMPOS]	0	25.450	250.580	0	239.680	0	0	
0	[SLAMPOS]	0	25.420	250.560	0	239.680	0	0	
0	[SLAMPOS]	0	25.410	250.550	0	239.680	0	0	
0	[SLAMPOS]	0	25.380	250.530	0	239.680	0	0	
0	[SLAMPOS]	0	25.370	250.530	0	239.680	0	0	
0	[SLAMPOS]	0	25.340	250.510	0	239.680	0	0	
0	[SLAMPOS]	0	25.310	250.490	0	239.680	0	0	
0	[SLAMPOS]	0	25.290	250.480	0	239.680	0	0	
0	[SLAMPOS]	0	25.240	250.450	0	239.680	0	0	
0	[SLAMPOS]	0	25.220	250.440	0	239.680	0	0	
0	[SLAMPOS]	0	25.200	250.430	0	239.690	0	0	
0	[SLAMPOS]	0	25.140	250.400	0	239.690	0	0	
0	[SLAMPOS]	0	25.110	250.380	0	239.690	0	0	
0	[SLAMPOS]	0	25.070	250.350	0	239.700	0	0	
0	[SLAMPOS]	0	25.000	250.320	0	239.720	0	0	
0	[SLAMPOS]	0	24.990	250.310	0	239.720	0	0	
0	[SLAMPOS]	0	24.910	250.260	0	239.750	0	0	
0	[SLAMPOS]	0	24.840	250.230	0	239.770	0	0	
0	[SLAMPOS]	0	24.800	250.210	0	239.790	0	0	
0	[SLAMPOS]	0	24.670	250.140	0	239.820	0	0	
0	[SLAMPOS]	0	24.620	250.110	0	239.830	0	0	
0	[SLAMPOS]	0	24.530	250.060	0	239.850	0	0	
0	[SLAMPOS]	0	24.410	250.000	0	239.870	0	0	
0	[SLAMPOS]	0	24.390	249.990	0	239.880	0	0	
0	[SLAMPOS]	0	24.260	249.920	0	239.910	0	0	
0	[SLAMPOS]	0	24.130	249.840	0	239.930	0	0	
0	[SLAMPOS]	0	24.100	249.820	0	239.940	0	0	
0	[SLAMPOS]	0	23.950	249.740	0	239.990	0	0	
0	[SLAMPOS]	0	23.920	249.720	0	240.000	0	0	
0	[SLAMPOS]	0	23.760	249.640	0	240.040	0	0	
0	[SLAMPOS]	0	23.620	249.560	0	240.080	0	0	
0	[SLAMPOS]	0	23.540	249.520	0	240.080	0	0	
0	[SLAMPOS]	0	23.280	249.370	0	240.140	0	0	
0	[SLAMPOS]	0	23.200	249.330	0	240.160	0	0	
0	[SLAMPOS]	0	23.000	249.220	0	240.210	0	0	
0	[SLAMPOS]	0	22.820	249.120	0	240.240	0	0	
0	[SLAMPOS]	0	22.610	249.010	0	240.290	0	0	
0	[SLAMPOS]	0	22.550	248.980	0	240.300	0	0	
0	[SLAMPOS]	0	22.330	248.860	0	240.340	0	0	
0	[SLAMPOS]	0	22.260	248.820	0	240.340	0	0	
0	[SLAMPOS]	0	22.030	248.700	0	240.370	0	0	
0	[SLAMPOS]	0	21.820	248.590	0	240.380	0	0	
0	[SLAMPOS]	0	21.710	248.540	0	240.390	0	0	
0	[SLAMPOS]	0	21.350	248.350	0	240.390	0	0	
0	[SLAMPOS]	0	21.250	248.290	0	240.390	0	0	
0	[SLAMPOS]	0	21.030	248.170	0	240.380	0	0	
0	[SLAMPOS]	0	20.750	248.020	0	240.390	0	0	
0	[SLAMPOS]	0	20.640	247.960	0	240.380	0	0	
0	[SLAMPOS]	0	20.410	247.830	0	240.380	0	0	
0	[SLAMPOS]	0	20.140	247.690	0	240.420	0	0	
0	[SLAMPOS]	0	20.070	247.650	0	240.430	0	0	
0	[SLAMPOS]	0	19.780	247.490	0	240.450	0	0	
0	[SLAMPOS]	0	19.530	247.350	0	240.480	0	0	
0	[SLAMPOS]	0	19.410	247.280	0	240.460	0	0	
0	[SLAMPOS]	0	18.960	247.050	0	240.540	0	0	
0	[SLAMPOS]	0	18.840	246.980	0	240.540	0	0	
0	[SLAMPOS]	0	18.570	246.840	0	240.570	0	0	
0	[SLAMPOS]	0	18.240	246.660	0	240.600	0	0	
0	[SLAMPOS]	0	18.110	246.590	0	240.620	0	0	
0	[SLAMPOS]	0	17.840	246.440	0	240.630	0	0	
0	[SLAMPOS]	0	17.490	246.260	0	240.690	0	0	
0	[SLAMPOS]	0	17.400	246.210	0	240.700	0	0	
0	[SLAMPOS]	0	17.050	246.020	0	240.710	0	0	
0	[SLAMPOS]	0	16.950	245.970	0	240.730	0	0	
0	[SLAMPOS]	0	16.560	245.760	0	240.740	0	0	
0	[SLAMPOS]	0	16.280	245.610	0	240.760	0	0	
0	[SLAMPOS]	0	16.120	245.540	0	240.810	0	0	
0	[SLAMPOS]	0	15.580	245.250	0	240.840	0	0	
0	[SLAMPOS]	0	15.450	245.180	0	240.850	0	0	
0	[SLAMPOS]	0	14.990	244.950	0	240.910	0	0	
0	[SLAMPOS]	0	14.730	244.800	0	240.950	0	0	
0	[SLAMPOS]	0	14.660	244.760	0	240.970	0	0	
0	[SLAMPOS]	0	14.270	244.560	0	241.010	0	0	
0	[SLAMPOS]	0	13.870	244.350	0	241.080	0	0	
0	[SLAMPOS]	0	13.770	244.290	0	241.100	0	0	
0	[SLAMPOS]	0	13.370	244.090	0	241.170	0	0	
0	[SLAMPOS]	0	13.040	243.910	0	241.250	0	0	
0	[SLAMPOS]	0	12.880	243.830	0	241.260	0	0	
0	[SLAMPOS]	0	12.300	243.520	0	241.400	0	0	
0	[SLAMPOS]	0	12.120	243.440	0	241.430	0	0	
0	[SLAMPOS]	0	11.750	243.240	0	241.500	0	0	
0	[SLAMPOS]	0	11.340	243.030	0	241.570	0	0	
0	[SLAMPOS]	0	11.230	242.970	0	241.600	0	0	
0	[SLAMPOS]	0	10.800	242.760	0	241.680	0	0	
0	[SLAMPOS]	0	10.370	242.550	0	241.750	0	0	
0	[SLAMPOS]	0	10.250	242.480	0	241.780	0	0	
0	[SLAMPOS]	0	9.800	242.250	0	241.850	0	0	
0	[SLAMPOS]	0	9.680	242.190	0	241.880	0	0	
0	[SLAMPOS]	0	9.250	241.960	0	241.890	0	0	
0	[SLAMPOS]	0	8.840	241.750	0	241.970	0	0	
0	[SLAMPOS]	0	8.390	241.530	0	242.050	0	0	
0	[SLAMPOS]	0	8.010	241.330	0	242.150	0	0	
0	[SLAMPOS]	0	7.530	241.090	0	242.270	0	0	
0	[SLAMPOS]	0	7.350	241.010	0	242.300	0	0	
0	[SLAMPOS]	0	6.950	240.800	0	242.410	0	0	
0	[SLAMPOS]	0	6.470	240.570	0	242.530	0	0	
0	[SLAMPOS]	0	6.340	240.510	0	242.570	0	0	
0	[SLAMPOS]	0	5.870	240.280	0	242.690	0	0	
0	[SLAMPOS]	0	5.740	240.210	0	242.730	0	0	
0	[SLAMPOS]	0	5.240	239.970	0	242.840	0	0	
0	[SLAMPOS]	0	4.780	239.750	0	242.970	0	0	
0	[SLAMPOS]	0	4.610	239.670	0	243.000	0	0	
0	[SLAMPOS]	0	3.870	239.320	0	243.180	0	0	
0	[SLAMPOS]	0	3.670	239.220	0	243.220	0	0	
0	[SLAMPOS]	0	3.240	239.020	0	243.310	0	0	
0	[SLAMPOS]	0	2.700	238.770	0	243.410	0	0	
0	[SLAMPOS]	0	2.480	238.670	0	243.450	0	0	
0	[SLAMPOS]	0	2.030	238.460	0	243.540	0	0	
0	[SLAMPOS]	0	1.450	238.180	0	243.630	0	0	
0	[SLAMPOS]	0	1.320	238.120	0	243.650	0	0	
0	[SLAMPOS]	0	0.750	237.850	0	243.730	0	0	
0	[SLAMPOS]	0	0.200	237.610	0	243.810	0	0	
0	[SLAMPOS]	0	0.060	237.540	0	243.830	0	0	
0	[SLAMPOS]	0	-0.480	237.290	0	243.870	0	0	
0	[SLAMPOS]	0	-0.620	237.220	0	243.890	0	0	
0	[SLAMPOS]	0	-1.160	236.970	0	243.920	0	0	
0	[SLAMPOS]	0	-1.640	236.740	0	243.970	0	0	
0	[SLAMPOS]	0	-1.890	236.630	0	243.980	0	0	
0	[SLAMPOS]	0	-2.440	236.370	0	244.000	0	0	
0	[SLAMPOS]	0	-2.930	236.140	0	244.030	0	0	
0	[SLAMPOS]	0	-3.190	236.030	0	244.030	0	0	
0	[SLAMPOS]	0	-3.960	235.660	0	244.080	0	0	
0	[SLAMPOS]	0	-4.180	235.560	0	244.080	0	0	
0	[SLAMPOS]	0	-4.670	235.330	0	244.120	0	0	
0	[SLAMPOS]	0	-5.240	235.070	0	244.130	0	0	
0	[SLAMPOS]	0	-5.470	234.970	0	244.130	0	0	
0	[SLAMPOS]	0	-5.940	234.750	0	244.150	0	0	
0	[SLAMPOS]	0	-6.490	234.500	0	244.170	0	0	
0	[SLAMPOS]	0	-6.630	234.430	0	244.160	0	0	
0	[SLAMPOS]	0	-7.210	234.170	0	244.170	0	0	
0	[SLAMPOS]	0	-7.720	233.930	0	244.130	0	0	
0	[SLAMPOS]	0	-7.960	233.830	0	244.110	0	0	
0	[SLAMPOS]	0	-8.420	233.610	0	244.050	0	0	
0	[SLAMPOS]	0	-8.990	233.360	0	243.990	0	0	
0	[SLAMPOS]	0	-9.490	233.120	0	243.920	0	0	
0	[SLAMPOS]	0	-10.090	232.840	0	243.820	0	0	
0	[SLAMPOS]	0	-10.370	232.700	0	243.750	0	0	
0	[SLAMPOS]	0	-10.800	232.500	0	243.660	0	0	
0	[SLAMPOS]	0	-11.410	232.210	0	243.510	0	0	
0	[SLAMPOS]	0	-11.560	232.130	0	243.460	0	0	
0	[SLAMPOS]	0	-12.150	231.860	0	243.320	0	0	
0	[SLAMPOS]	0	-12.300	231.780	0	243.260	0	0	
0	[SLAMPOS]	0	-12.860	231.520	0	243.120	0	0	
0	[SLAMPOS]	0	-13.440	231.230	0	242.930	0	0	
0	[SLAMPOS]	0	-13.590	231.150	0	242.900	0	0	
0	[SLAMPOS]	0	-14.160	230.870	0	242.720	0	0	
0	[SLAMPOS]	0	-14.670	230.610	0	242.620	0	0	
0	[SLAMPOS]	0	-14.880	230.510	0	242.580	0	0	
0	[SLAMPOS]	0	-15.720	230.090	0	242.460	0	0	
0	[SLAMPOS]	0	-15.940	229.980	0	242.420	0	0	
0	[SLAMPOS]	0	-16.440	229.720	0	242.360	0	0	
0	[SLAMPOS]	0	-17.010	229.440	0	242.290	0	0	
0	[SLAMPOS]	0	-17.130	229.380	0	242.290	0	0	
0	[SLAMPOS]	0	-17.740	229.070	0	242.240	0	0	
0	[SLAMPOS]	0	-18.320	228.790	0	242.200	0	0	
0	[SLAMPOS]	0	-18.530	228.680	0	242.200	0	0	
0	[SLAMPOS]	0	-19.090	228.400	0	242.170	0	0	
0	[SLAMPOS]	0	-19.240	228.320	0	242.160	0	0	
0	[SLAMPOS]	0	-19.800	228.040	0	242.120	0	0	
0	[SLAMPOS]	0	-20.300	227.790	0	242.100	0	0	
0	[SLAMPOS]	0	-20.540	227.670	0	242.090	0	0	
0	[SLAMPOS]	0	-21.370	227.250	0	242.060	0	0	
0	[SLAMPOS]	0	-21.610	227.130	0	242.060	0	0	
0	[SLAMPOS]	0	-21.830	227.020	0	242.050	0	0	
0	[SLAMPOS]	0	-22.680	226.580	0	242.020	0	0	
0	[SLAMPOS]	0	-22.930	226.470	0	242.020	0	0	
0	[SLAMPOS]	0	-23.460	226.190	0	242.000	0	0	
0	[SLAMPOS]	0	-24.090	225.880	0	241.990	0	0	
0	[SLAMPOS]	0	-24.310	225.770	0	241.990	0	0	
0	[SLAMPOS]	0	-24.810	225.510	0	241.950	0	0	
0	[SLAMPOS]	0	-25.400	225.220	0	241.910	0	0	
0	[SLAMPOS]	0	-25.550	225.140	0	241.890	0	0	
0	[SLAMPOS]	0	-26.130	224.840	0	241.820	0	0	
0	[SLAMPOS]	0	-26.270	224.770	0	241.790	0	0	
0	[SLAMPOS]	0	-26.840	224.470	0	241.710	0	0	
0	[SLAMPOS]	0	-27.410	224.180	0	241.660	0	0	
0	[SLAMPOS]	0	-27.540	224.110	0	241.640	0	0	
0	[SLAMPOS]	0	-28.110	223.810	0	241.570	0	0	
0	[SLAMPOS]	0	-28.610	223.550	0	241.490	0	0	
0	[SLAMPOS]	0	-28.840	223.430	0	241.490	0	0	
0	[SLAMPOS]	0	-29.700	222.990	0	241.410	0	0	
0	[SLAMPOS]	0	-29.910	222.870	0	241.360	0	0	
0	[SLAMPOS]	0	-30.410	222.610	0	241.290	0	0	
0	[SLAMPOS]	0	-30.980	222.310	0	241.200	0	0	
0	[SLAMPOS]	0	-31.220	222.200	0	241.190	0	0	
0	[SLAMPOS]	0	-31.730	221.940	0	241.150	0	0	
0	[SLAMPOS]	0	-32.280	221.650	0	241.080	0	0	
0	[SLAMPOS]	0	-32.430	221.570	0	241.060	0	0	
0	[SLAMPOS]	0	-33.010	221.260	0	240.970	0	0	
0	[SLAMPOS]	0	-33.660	220.920	0	240.910	0	0	
0	[SLAMPOS]	0	-33.750	220.870	0	240.900	0	0	
0	[SLAMPOS]	0	-34.390	220.540	0	240.800	0	0	
0	[SLAMPOS]	0	-34.790	220.330	0	240.750	0	0	
0	[SLAMPOS]	0	-35.280	220.060	0	240.700	0	0	
0	[SLAMPOS]	0	-35.840	219.720	0	240.590	0	0	
0	[SLAMPOS]	0	-36.060	219.600	0	240.560	0	0	
0	[SLAMPOS]	0	-36.540	219.340	0	240.470	0	0	
0	[SLAMPOS]	0	-37.110	219.020	0	240.370	0	0	
0	[SLAMPOS]	0	-37.250	218.930	0	240.330	0	0	
0	[SLAMPOS]	0	-37.790	218.630	0	240.220	0	0	
0	[SLAMPOS]	0	-37.950	218.540	0	240.180	0	0	
0	[SLAMPOS]	0	-38.540	218.230	0	240.060	0	0	
0	[SLAMPOS]	0	-38.980	217.980	0	239.970	0	0	
0	[SLAMPOS]	0	-39.540	217.700	0	239.860	0	0	
0	[SLAMPOS]	0	-40.060	217.410	0	239.750	0	0	
0	[SLAMPOS]	0	-40.580	217.110	0	239.660	0	0	
0	[SLAMPOS]	0	-40.720	217.020	0	239.630	0	0	
0	[SLAMPOS]	0	-41.280	216.710	0	239.540	0	0	
0	[SLAMPOS]	0	-41.850	216.400	0	239.450	0	0	
0	[SLAMPOS]	0	-42.000	216.310	0	239.430	0	0	
0	[SLAMPOS]	0	-42.570	215.980	0	239.340	0	0	
0	[SLAMPOS]	0	-42.700	215.910	0	239.310	0	0	
0	[SLAMPOS]	0	-43.260	215.590	0	239.230	0	0	
0	[SLAMPOS]	0	-43.750	215.300	0	239.140	0	0	
0	[SLAMPOS]	0	-43.970	215.180	0	239.120	0	0	
0	[SLAMPOS]	0	-44.810	214.700	0	238.950	0	0	
0	[SLAMPOS]	0	-45.010	214.580	0	238.920	0	0	
0	[SLAMPOS]	0	-45.510	214.290	0	238.820	0	0	
0	[SLAMPOS]	0	-46.110	213.950	0	238.720	0	0	
0	[SLAMPOS]	0	-46.370	213.800	0	238.680	0	0	
0	[SLAMPOS]	0	-46.810	213.540	0	238.610	0	0	
0	[SLAMPOS]	0	-47.370	213.210	0	238.540	0	0	
0	[SLAMPOS]	0	-47.500	213.120	0	238.520	0	0	
0	[SLAMPOS]	0	-48.060	212.800	0	238.480	0	0	
0	[SLAMPOS]	0	-48.190	212.720	0	238.470	0	0	
0	[SLAMPOS]	0	-48.760	212.390	0	238.430	0	0	
0	[SLAMPOS]	0	-49.340	212.060	0	238.390	0	0	
0	[SLAMPOS]	0	-49.560	211.920	0	238.360	0	0	
0	[SLAMPOS]	0	-50.040	211.640	0	238.320	0	0	
0	[SLAMPOS]	0	-50.510	211.370	0	238.260	0	0	
0	[SLAMPOS]	0	-50.740	211.230	0	238.230	0	0	
0	[SLAMPOS]	0	-51.550	210.750	0	238.120	0	0	
0	[SLAMPOS]	0	-51.750	210.630	0	238.080	0	0	
0	[SLAMPOS]	0	-52.230	210.340	0	238.000	0	0	
0	[SLAMPOS]	0	-52.780	210.010	0	237.910	0	0	
0	[SLAMPOS]	0	-53.350	209.660	0	237.820	0	0	
0	[SLAMPOS]	0	-53.480	209.580	0	237.790	0	0	
0	[SLAMPOS]	0	-54.020	209.260	0	237.720	0	0	
0	[SLAMPOS]	0	-54.190	209.150	0	237.680	0	0	
0	[SLAMPOS]	0	-54.740	208.820	0	237.590	0	0	
0	[SLAMPOS]	0	-54.940	208.690	0	237.550	0	0	
0	[SLAMPOS]	0	-55.480	208.370	0	237.460	0	0	
0	[SLAMPOS]	0	-55.960	208.060	0	237.360	0	0	
0	[SLAMPOS]	0	-56.510	207.730	0	237.270	0	0	
0	[SLAMPOS]	0	-56.790	207.570	0	237.250	0	0	
0	[SLAMPOS]	0	-57.540	207.100	0	237.140	0	0	
0	[SLAMPOS]	0	-57.750	206.970	0	237.100	0	0	
0	[SLAMPOS]	0	-58.230	206.670	0	237.060	0	0	
0	[SLAMPOS]	0	-58.800	206.310	0	236.980	0	0	
0	[SLAMPOS]	0	-58.950	206.210	0	236.970	0	0	
0	[SLAMPOS]	0	-59.510	205.870	0	236.960	0	0	
0	[SLAMPOS]	0	-59.670	205.760	0	236.960	0	0	
0	[SLAMPOS]	0	-60.200	205.430	0	236.930	0	0	
0	[SLAMPOS]	0	-60.680	205.130	0	236.910	0	0	
0	[SLAMPOS]	0	-60.900	204.990	0	236.890	0	0	
0	[SLAMPOS]	0	-61.460	204.640	0	236.910	0	0	
0	[SLAMPOS]	0	-61.940	204.340	0	236.900	0	0	
0	[SLAMPOS]	0	-62.160	204.210	0	236.890	0	0	
0	[SLAMPOS]	0	-62.970	203.700	0	236.870	0	0	
0	[SLAMPOS]	0	-63.190	203.570	0	236.860	0	0	
0	[SLAMPOS]	0	-63.700	203.260	0	236.850	0	0	
0	[SLAMPOS]	0	-64.230	202.930	0	236.830	0	0	
0	[SLAMPOS]	0	-64.390	202.830	0	236.830	0	0	
0	[SLAMPOS]	0	-64.940	202.490	0	236.830	0	0	
0	[SLAMPOS]	0	-65.500	202.150	0	236.840	0	0	
0	[SLAMPOS]	0	-65.660	202.050	0	236.870	0	0	
0	[SLAMPOS]	0	-66.220	201.720	0	236.900	0	0	
0	[SLAMPOS]	0	-66.710	201.410	0	236.950	0	0	
0	[SLAMPOS]	0	-66.930	201.280	0	236.960	0	0	
0	[SLAMPOS]	0	-67.410	200.980	0	237.050	0	0	
0	[SLAMPOS]	0	-67.970	200.630	0	237.170	0	0	
0	[SLAMPOS]	0	-68.440	200.340	0	237.270	0	0	
0	[SLAMPOS]	0	-68.970	200.010	0	237.350	0	0	
0	[SLAMPOS]	0	-69.210	199.870	0	237.390	0	0	
0	[SLAMPOS]	0	-69.690	199.570	0	237.480	0	0	
0	[SLAMPOS]	0	-70.250	199.240	0	237.590	0	0	
0	[SLAMPOS]	0	-70.430	199.130	0	237.630	0	0	
0	[SLAMPOS]	0	-70.930	198.830	0	237.720	0	0	
0	[SLAMPOS]	0	-71.090	198.730	0	237.760	0	0	
0	[SLAMPOS]	0	-71.630	198.400	0	237.860	0	0	
0	[SLAMPOS]	0	-72.100	198.120	0	237.940	0	0	
0	[SLAMPOS]	0	-72.310	198.010	0	237.980	0	0	
0	[SLAMPOS]	0	-72.910	197.650	0	238.080	0	0	
0	[SLAMPOS]	0	-73.360	197.380	0	238.170	0	0	
0	[SLAMPOS]	0	-73.840	197.090	0	238.270	0	0	
0	[SLAMPOS]	0	-74.420	196.770	0	238.350	0	0	
0	[SLAMPOS]	0	-74.630	196.640	0	238.380	0	0	
0	[SLAMPOS]	0	-75.110	196.370	0	238.460	0	0	
0	[SLAMPOS]	0	-75.670	196.040	0	238.550	0	0	
0	[SLAMPOS]	0	-75.800	195.970	0	238.580	0	0	
0	[SLAMPOS]	0	-76.380	195.630	0	238.670	0	0	
0	[SLAMPOS]	0	-76.850	195.350	0	238.760	0	0	
0	[SLAMPOS]	0	-77.060	195.230	0	238.790	0	0	
0	[SLAMPOS]	0	-77.550	194.950	0	238.870	0	0	
0	[SLAMPOS]	0	-78.110	194.640	0	238.970	0	0	
0	[SLAMPOS]	0	-78.340	194.500	0	239.010	0	0	
0	[SLAMPOS]	0	-79.130	194.050	0	239.140	0	0	
0	[SLAMPOS]	0	-79.350	193.930	0	239.180	0	0	
0	[SLAMPOS]	0	-79.910	193.610	0	239.280	0	0	
0	[SLAMPOS]	0	-80.380	193.340	0	239.350	0	0	
0	[SLAMPOS]	0	-80.530	193.250	0	239.380	0	0	
0	[SLAMPOS]	0	-81.100	192.930	0	239.470	0	0	
0	[SLAMPOS]	0	-81.230	192.860	0	239.490	0	0	
0	[SLAMPOS]	0	-81.770	192.550	0	239.580	0	0	
0	[SLAMPOS]	0	-82.250	192.280	0	239.670	0	0	
0	[SLAMPOS]	0	-82.840	191.960	0	239.770	0	0	
0	[SLAMPOS]	0	-83.300	191.710	0	239.830	0	0	
0	[SLAMPOS]	0	-83.860	191.410	0	239.910	0	0	
0	[SLAMPOS]	0	-84.010	191.320	0	239.930	0	0	
0	[SLAMPOS]	0	-84.570	191.010	0	239.950	0	0	
0	[SLAMPOS]	0	-85.170	190.680	0	239.980	0	0	
0	[SLAMPOS]	0	-85.270	190.620	0	239.980	0	0	
0	[SLAMPOS]	0	-85.840	190.320	0	239.990	0	0	
0	[SLAMPOS]	0	-85.970	190.240	0	239.980	0	0	
0	[SLAMPOS]	0	-86.530	189.940	0	240.000	0	0	
0	[SLAMPOS]	0	-87.020	189.670	0	240.010	0	0	
0	[SLAMPOS]	0	-87.230	189.550	0	240.010	0	0	
0	[SLAMPOS]	0	-88.040	189.110	0	240.000	0	0	
0	[SLAMPOS]	0	-88.280	188.980	0	240.000	0	0	
0	[SLAMPOS]	0	-88.500	188.860	0	240.000	0	0	
0	[SLAMPOS]	0	-89.360	188.380	0	240.000	0	0	
0	[SLAMPOS]	0	-89.560	188.270	0	240.000	0	0	
0	[SLAMPOS]	0	-90.030	188.010	0	239.990	0	0	
0	[SLAMPOS]	0	-90.580	187.710	0	240.000	0	0	
0	[SLAMPOS]	0	-90.730	187.620	0	240.000	0	0	
0	[SLAMPOS]	0	-91.300	187.310	0	240.000	0	0	
0	[SLAMPOS]	0	-91.770	187.050	0	240.000	0	0	
0	[SLAMPOS]	0	-91.980	186.940	0	240.010	0	0	
0	[SLAMPOS]	0	-92.460	186.670	0	240.010	0	0	
0	[SLAMPOS]	0	-93.020	186.360	0	239.990	0	0	
0	[SLAMPOS]	0	-93.240	186.250	0	240.010	0	0	
0	[SLAMPOS]	0	-94.070	185.790	0	240.020	0	0	
0	[SLAMPOS]	0	-94.300	185.670	0	240.020	0	0	
0	[SLAMPOS]	0	-94.790	185.390	0	240.020	0	0	
0	[SLAMPOS]	0	-95.450	185.040	0	240.030	0	0	
0	[SLAMPOS]	0	-95.500	185.010	0	240.030	0	0	
0	[SLAMPOS]	0	-96.060	184.720	0	240.020	0	0	
0	[SLAMPOS]	0	-96.210	184.630	0	240.020	0	0	
0	[SLAMPOS]	0	-96.750	184.330	0	240.010	0	0	
0	[SLAMPOS]	0	-97.310	184.020	0	240.020	0	0	
0	[SLAMPOS]	0	-97.450	183.940	0	240.020	0	0	
0	[SLAMPOS]	0	-98.000	183.640	0	240.030	0	0	
0	[SLAMPOS]	0	-98.500	183.360	0	240.020	0	0	
0	[SLAMPOS]	0	-98.720	183.240	0	240.020	0	0	
0	[SLAMPOS]	0	-99.360	182.870	0	240.010	0	0	
0	[SLAMPOS]	0	-99.780	182.640	0	240.020	0	0	
0	[SLAMPOS]	0	-100.280	182.370	0	240.030	0	0	
0	[SLAMPOS]	0	-100.860	182.050	0	240.020	0	0	
0	[SLAMPOS]	0	-101.010	181.960	0	240.020	0	0	
0	[SLAMPOS]	0	-101.610	181.640	0	240.020	0	0	
0	[SLAMPOS]	0	-102.220	181.310	0	240.020	0	0	
0	[SLAMPOS]	0	-102.390	181.220	0	240.010	0	0	
0	[SLAMPOS]	0	-102.930	180.920	0	239.990	0	0	
0	[SLAMPOS]	0	-103.080	180.830	0	239.980	0	0	
0	[SLAMPOS]	0	-103.670	180.510	0	239.970	0	0	
0	[SLAMPOS]	0	-104.200	180.220	0	239.950	0	0	
0	[SLAMPOS]	0	-104.410	180.110	0	239.950	0	0	
0	[SLAMPOS]	0	-105.050	179.750	0	239.920	0	0	
0	[SLAMPOS]	0	-105.510	179.500	0	239.910	0	0	
0	[SLAMPOS]	0	-106.110	179.170	0	239.880	0	0	
0	[SLAMPOS]	0	-106.620	178.880	0	239.850	0	0	
0	[SLAMPOS]	0	-107.200	178.560	0	239.820	0	0	
0	[SLAMPOS]	0	-107.350	178.470	0	239.810	0	0	
0	[SLAMPOS]	0	-107.940	178.140	0	239.770	0	0	
0	[SLAMPOS]	0	-108.090	178.050	0	239.760	0	0	
0	[SLAMPOS]	0	-108.680	177.730	0	239.730	0	0	
0	[SLAMPOS]	0	-109.190	177.430	0	239.690	0	0	
0	[SLAMPOS]	0	-109.390	177.330	0	239.680	0	0	
0	[SLAMPOS]	0	-110.260	176.840	0	239.630	0	0	
0	[SLAMPOS]	0	-110.480	176.720	0	239.610	0	0	
0	[SLAMPOS]	0	-110.990	176.430	0	239.570	0	0	
0	[SLAMPOS]	0	-111.530	176.130	0	239.520	0	0	
0	[SLAMPOS]	0	-111.690	176.030	0	239.520	0	0	
0	[SLAMPOS]	0	-112.300	175.700	0	239.490	0	0	
0	[SLAMPOS]	0	-112.860	175.390	0	239.460	0	0	
0	[SLAMPOS]	0	-113.030	175.290	0	239.460	0	0	
0	[SLAMPOS]	0	-113.630	174.960	0	239.460	0	0	
0	[SLAMPOS]	0	-114.090	174.700	0	239.450	0	0	
0	[SLAMPOS]	0	-114.310	174.570	0	239.440	0	0	
0	[SLAMPOS]	0	-115.180	174.080	0	239.440	0	0	
0	[SLAMPOS]	0	-115.410	173.950	0	239.440	0	0	
0	[SLAMPOS]	0	-115.900	173.660	0	239.440	0	0	
0	[SLAMPOS]	0	-116.480	173.340	0	239.460	0	0	
0	[SLAMPOS]	0	-116.620	173.250	0	239.470	0	0	
0	[SLAMPOS]	0	-117.200	172.920	0	239.490	0	0	
0	[SLAMPOS]	0	-117.800	172.590	0	239.490	0	0	
0	[SLAMPOS]	0	-117.930	172.520	0	239.490	0	0	
0	[SLAMPOS]	0	-118.510	172.200	0	239.510	0	0	
0	[SLAMPOS]	0	-119.030	171.910	0	239.530	0	0	
0	[SLAMPOS]	0	-119.250	171.790	0	239.530	0	0	
0	[SLAMPOS]	0	-120.120	171.290	0	239.550	0	0	
0	[SLAMPOS]	0	-120.320	171.190	0	239.550	0	0	
0	[SLAMPOS]	0	-120.830	170.910	0	239.580	0	0	
0	[SLAMPOS]	0	-121.410	170.590	0	239.590	0	0	
0	[SLAMPOS]	0	-121.560	170.500	0	239.590	0	0	
0	[SLAMPOS]	0	-122.160	170.170	0	239.590	0	0	
0	[SLAMPOS]	0	-122.280	170.100	0	239.600	0	0	
0	[SLAMPOS]	0	-122.880	169.760	0	239.620	0	0	
0	[SLAMPOS]	0	-123.420	169.460	0	239.620	0	0	
0	[SLAMPOS]	0	-123.560	169.380	0	239.630	0	0	
0	[SLAMPOS]	0	-124.140	169.050	0	239.640	0	0	
0	[SLAMPOS]	0	-124.670	168.750	0	239.650	0	0	
0	[SLAMPOS]	0	-124.840	168.660	0	239.660	0	0	
0	[SLAMPOS]	0	-125.700	168.190	0	239.680	0	0	
0	[SLAMPOS]	0	-126.350	167.820	0	239.690	0	0	
0	[SLAMPOS]	0	-126.190	167.910	0	239.680	0	0	
0	[SLAMPOS]	0	-127.040	167.440	0	239.720	0	0	
0	[SLAMPOS]	0	-127.250	167.330	0	239.710	0	0	
0	[SLAMPOS]	0	-127.750	167.040	0	239.730	0	0	
0	[SLAMPOS]	0	-128.320	166.720	0	239.730	0	0	
0	[SLAMPOS]	0	-128.490	166.630	0	239.740	0	0	
0	[SLAMPOS]	0	-129.040	166.320	0	239.750	0	0	
0	[SLAMPOS]	0	-129.540	166.040	0	239.770	0	0	
0	[SLAMPOS]	0	-129.760	165.910	0	239.760	0	0	
0	[SLAMPOS]	0	-130.260	165.630	0	239.780	0	0	
0	[SLAMPOS]	0	-130.830	165.310	0	239.790	0	0	
0	[SLAMPOS]	0	-131.070	165.190	0	239.810	0	0	
0	[SLAMPOS]	0	-131.630	164.880	0	239.820	0	0	
0	[SLAMPOS]	0	-131.850	164.760	0	239.820	0	0	
0	[SLAMPOS]	0	-132.680	164.310	0	239.850	0	0	
0	[SLAMPOS]	0	-132.910	164.180	0	239.850	0	0	
0	[SLAMPOS]	0	-133.400	163.910	0	239.860	0	0	
0	[SLAMPOS]	0	-133.970	163.590	0	239.880	0	0	
0	[SLAMPOS]	0	-134.510	163.300	0	239.880	0	0	
0	[SLAMPOS]	0	-134.660	163.210	0	239.890	0	0	
0	[SLAMPOS]	0	-135.250	162.870	0	239.890	0	0	
0	[SLAMPOS]	0	-135.420	162.780	0	239.900	0	0	
0	[SLAMPOS]	0	-135.990	162.470	0	239.910	0	0	
0	[SLAMPOS]	0	-136.480	162.190	0	239.920	0	0	
0	[SLAMPOS]	0	-136.740	162.070	0	239.940	0	0	
0	[SLAMPOS]	0	-137.310	161.760	0	239.960	0	0	
0	[SLAMPOS]	0	-137.770	161.500	0	239.960	0	0	
0	[SLAMPOS]	0	-138.000	161.380	0	239.960	0	0	
0	[SLAMPOS]	0	-138.880	160.890	0	239.970	0	0	
0	[SLAMPOS]	0	-139.020	160.820	0	239.970	0	0	
0	[SLAMPOS]	0	-139.570	160.500	0	239.970	0	0	
0	[SLAMPOS]	0	-140.260	160.130	0	239.970	0	0	
0	[SLAMPOS]	0	-140.280	160.120	0	239.970	0	0	
0	[SLAMPOS]	0	-140.850	159.810	0	239.960	0	0	
0	[SLAMPOS]	0	-141.520	159.440	0	239.960	0	0	
0	[SLAMPOS]	0	-141.780	159.300	0	239.950	0	0	
0	[SLAMPOS]	0	-142.110	159.110	0	239.950	0	0	
0	[SLAMPOS]	0	-142.260	159.020	0	239.940	0	0	
0	[SLAMPOS]	0	-142.820	158.720	0	239.930	0	0	
0	[SLAMPOS]	0	-143.320	158.440	0	239.920	0	0	
0	[SLAMPOS]	0	-143.590	158.290	0	239.910	0	0	
0	[SLAMPOS]	0	-144.360	157.860	0	239.910	0	0	
0	[SLAMPOS]	0	-144.590	157.740	0	239.910	0	0	
0	[SLAMPOS]	0	-144.820	157.620	0	239.920	0	0	
0	[SLAMPOS]	0	-145.660	157.150	0	239.890	0	0	
0	[SLAMPOS]	0	-145.880	157.030	0	239.890	0	0	
0	[SLAMPOS]	0	-146.350	156.760	0	239.870	0	0	
0	[SLAMPOS]	0	-146.890	156.460	0	239.860	0	0	
0	[SLAMPOS]	0	-147.040	156.370	0	239.860	0	0	
0	[SLAMPOS]	0	-147.600	156.070	0	239.860	0	0	
0	[SLAMPOS]	0	-148.230	155.720	0	239.840	0	0	
0	[SLAMPOS]	0	-148.300	155.680	0	239.840	0	0	
0	[SLAMPOS]	0	-149.120	155.220	0	239.840	0	0	
0	[SLAMPOS]	0	-149.340	155.100	0	239.840	0	0	
0	[SLAMPOS]	0	-149.560	154.980	0	239.830	0	0	
0	[SLAMPOS]	0	-150.390	154.510	0	239.810	0	0	
0	[SLAMPOS]	0	-150.590	154.410	0	239.810	0	0	
0	[SLAMPOS]	0	-151.080	154.130	0	239.800	0	0	
0	[SLAMPOS]	0	-151.630	153.840	0	239.800	0	0	
0	[SLAMPOS]	0	-151.800	153.740	0	239.800	0	0	
0	[SLAMPOS]	0	-152.330	153.440	0	239.810	0	0	
0	[SLAMPOS]	0	-152.470	153.360	0	239.810	0	0	
0	[SLAMPOS]	0	-153.040	153.040	0	239.810	0	0	
0	[SLAMPOS]	0	-153.510	152.780	0	239.800	0	0	
0	[SLAMPOS]	0	-153.720	152.670	0	239.800	0	0	
0	[SLAMPOS]	0	-154.280	152.360	0	239.790	0	0	
0	[SLAMPOS]	0	-154.760	152.100	0	239.790	0	0	
0	[SLAMPOS]	0	-154.970	151.960	0	239.770	0	0	
0	[SLAMPOS]	0	-155.810	151.500	0	239.770	0	0	
0	[SLAMPOS]	0	-156.010	151.390	0	239.770	0	0	
0	[SLAMPOS]	0	-156.510	151.110	0	239.760	0	0	
0	[SLAMPOS]	0	-157.030	150.810	0	239.750	0	0	
0	[SLAMPOS]	0	-157.180	150.730	0	239.750	0	0	
0	[SLAMPOS]	0	-157.720	150.430	0	239.740	0	0	
0	[SLAMPOS]	0	-158.190	150.160	0	239.740	0	0	
0	[SLAMPOS]	0	-158.440	150.020	0	239.730	0	0	
0	[SLAMPOS]	0	-158.970	149.730	0	239.720	0	0	
0	[SLAMPOS]	0	-159.440	149.470	0	239.720	0	0	
0	[SLAMPOS]	0	-159.660	149.350	0	239.710	0	0	
0	[SLAMPOS]	0	-160.480	148.910	0	239.700	0	0	
0	[SLAMPOS]	0	-160.700	148.770	0	239.680	0	0	
0	[SLAMPOS]	0	-161.170	148.520	0	239.670	0	0	
0	[SLAMPOS]	0	-161.750	148.200	0	239.660	0	0	
0	[SLAMPOS]	0	-161.860	148.140	0	239.650	0	0	
0	[SLAMPOS]	0	-162.420	147.840	0	239.630	0	0	
0	[SLAMPOS]	0	-162.970	147.530	0	239.590	0	0	
0	[SLAMPOS]	0	-163.110	147.450	0	239.580	0	0	
0	[SLAMPOS]	0	-163.640	147.140	0	239.550	0	0	
0	[SLAMPOS]	0	-163.790	147.050	0	239.540	0	0	
0	[SLAMPOS]	0	-164.330	146.740	0	239.510	0	0	
0	[SLAMPOS]	0	-164.780	146.480	0	239.490	0	0	
0	[SLAMPOS]	0	-165.400	146.140	0	239.480	0	0	
0	[SLAMPOS]	0	-165.790	145.910	0	239.470	0	0	
0	[SLAMPOS]	0	-166.000	145.800	0	239.450	0	0	
0	[SLAMPOS]	0	-166.470	145.540	0	239.420	0	0	
0	[SLAMPOS]	0	-167.030	145.230	0	239.390	0	0	
0	[SLAMPOS]	0	-167.170	145.150	0	239.380	0	0	
0	[SLAMPOS]	0	-167.700	144.850	0	239.360	0	0	
0	[SLAMPOS]	0	-168.240	144.550	0	239.340	0	0	
0	[SLAMPOS]	0	-168.390	144.460	0	239.340	0	0	
0	[SLAMPOS]	0	-168.930	144.150	0	239.310	0	0	
0	[SLAMPOS]	0	-169.390	143.890	0	239.290	0	0	
0	[SLAMPOS]	0	-169.600	143.770	0	239.280	0	0	
0	[SLAMPOS]	0	-170.390	143.330	0	239.250	0	0	
0	[SLAMPOS]	0	-170.610	143.210	0	239.230	0	0	
0	[SLAMPOS]	0	-171.090	142.940	0	239.200	0	0	
0	[SLAMPOS]	0	-171.620	142.650	0	239.190	0	0	
0	[SLAMPOS]	0	-171.760	142.560	0	239.180	0	0	
0	[SLAMPOS]	0	-172.290	142.260	0	239.150	0	0	
0	[SLAMPOS]	0	-172.810	141.960	0	239.120	0	0	
0	[SLAMPOS]	0	-172.950	141.880	0	239.130	0	0	
0	[SLAMPOS]	0	-173.520	141.550	0	239.100	0	0	
0	[SLAMPOS]	0	-173.630	141.480	0	239.110	0	0	
0	[SLAMPOS]	0	-174.160	141.180	0	239.120	0	0	
0	[SLAMPOS]	0	-174.660	140.870	0	239.150	0	0	
0	[SLAMPOS]	0	-174.900	140.740	0	239.160	0	0	
0	[SLAMPOS]	0	-175.410	140.450	0	239.150	0	0	
0	[SLAMPOS]	0	-175.890	140.180	0	239.180	0	0	
0	[SLAMPOS]	0	-176.090	140.060	0	239.170	0	0	
0	[SLAMPOS]	0	-176.870	139.600	0	239.200	0	0	
0	[SLAMPOS]	0	-177.150	139.450	0	239.210	0	0	
0	[SLAMPOS]	0	-177.560	139.220	0	239.230	0	0	
0	[SLAMPOS]	0	-178.080	138.940	0	239.250	0	0	
0	[SLAMPOS]	0	-178.210	138.860	0	239.260	0	0	
0	[SLAMPOS]	0	-178.740	138.570	0	239.290	0	0	
0	[SLAMPOS]	0	-179.210	138.300	0	239.310	0	0	
0	[SLAMPOS]	0	-179.400	138.180	0	239.290	0	0	
0	[SLAMPOS]	0	-180.190	137.730	0	239.320	0	0	
0	[SLAMPOS]	0	-180.390	137.630	0	239.330	0	0	
0	[SLAMPOS]	0	-180.850	137.350	0	239.350	0	0	
0	[SLAMPOS]	0	-181.400	137.050	0	239.380	0	0	
0	[SLAMPOS]	0	-181.600	136.950	0	239.380	0	0	
0	[SLAMPOS]	0	-182.070	136.680	0	239.410	0	0	
0	[SLAMPOS]	0	-182.660	136.360	0	239.450	0	0	
0	[SLAMPOS]	0	-182.750	136.300	0	239.450	0	0	
0	[SLAMPOS]	0	-183.290	136.000	0	239.450	0	0	
0	[SLAMPOS]	0	-183.760	135.730	0	239.460	0	0	
0	[SLAMPOS]	0	-183.950	135.630	0	239.460	0	0	
0	[SLAMPOS]	0	-184.530	135.300	0	239.470	0	0	
0	[SLAMPOS]	0	-184.960	135.060	0	239.490	0	0	
0	[SLAMPOS]	0	-185.180	134.940	0	239.500	0	0	
0	[SLAMPOS]	0	-185.970	134.490	0	239.540	0	0	
0	[SLAMPOS]	0	-186.160	134.390	0	239.550	0	0	
0	[SLAMPOS]	0	-186.690	134.080	0	239.570	0	0	
0	[SLAMPOS]	0	-187.230	133.780	0	239.570	0	0	
0	[SLAMPOS]	0	-187.480	133.650	0	239.570	0	0	
0	[SLAMPOS]	0	-187.940	133.390	0	239.580	0	0	
0	[SLAMPOS]	0	-188.460	133.100	0	239.600	0	0	
0	[SLAMPOS]	0	-188.610	133.020	0	239.610	0	0	
0	[SLAMPOS]	0	-189.190	132.690	0	239.630	0	0	
0	[SLAMPOS]	0	-189.310	132.630	0	239.630	0	0	
0	[SLAMPOS]	0	-189.870	132.320	0	239.650	0	0	
0	[SLAMPOS]	0	-190.360	132.040	0	239.660	0	0	
0	[SLAMPOS]	0	-190.570	131.920	0	239.660	0	0	
0	[SLAMPOS]	0	-191.110	131.620	0	239.650	0	0	
0	[SLAMPOS]	0	-191.580	131.360	0	239.650	0	0	
0	[SLAMPOS]	0	-191.810	131.230	0	239.660	0	0	
0	[SLAMPOS]	0	-192.270	130.970	0	239.670	0	0	
0	[SLAMPOS]	0	-192.810	130.670	0	239.680	0	0	
0	[SLAMPOS]	0	-193.280	130.410	0	239.690	0	0	
0	[SLAMPOS]	0	-193.830	130.100	0	239.680	0	0	
0	[SLAMPOS]	0	-193.960	130.020	0	239.690	0	0	
0	[SLAMPOS]	0	-194.560	129.700	0	239.710	0	0	
0	[SLAMPOS]	0	-195.110	129.410	0	239.710	0	0	
0	[SLAMPOS]	0	-195.250	129.320	0	239.720	0	0	
0	[SLAMPOS]	0	-195.810	129.020	0	239.720	0	0	
0	[SLAMPOS]	0	-195.950	128.940	0	239.730	0	0	
0	[SLAMPOS]	0	-196.500	128.630	0	239.730	0	0	
0	[SLAMPOS]	0	-196.970	128.360	0	239.750	0	0	
0	[SLAMPOS]	0	-197.200	128.230	0	239.750	0	0	
0	[SLAMPOS]	0	-198.010	127.780	0	239.780	0	0	
0	[SLAMPOS]	0	-198.220	127.670	0	239.780	0	0	
0	[SLAMPOS]	0	-198.700	127.400	0	239.800	0	0	
0	[SLAMPOS]	0	-199.260	127.090	0	239.820	0	0	
0	[SLAMPOS]	0	-199.470	126.970	0	239.820	0	0	
0	[SLAMPOS]	0	-199.980	126.690	0	239.830	0	0	
0	[SLAMPOS]	0	-200.570	126.370	0	239.830	0	0	
0	[SLAMPOS]	0	-200.720	126.280	0	239.830	0	0	
0	[SLAMPOS]	0	-201.250	125.970	0	239.830	0	0	
0	[SLAMPOS]	0	-201.390	125.890	0	239.820	0	0	
0	[SLAMPOS]	0	-201.960	125.570	0	239.810	0	0	
0	[SLAMPOS]	0	-202.510	125.280	0	239.790	0	0	
0	[SLAMPOS]	0	-202.670	125.180	0	239.780	0	0	
0	[SLAMPOS]	0	-203.230	124.880	0	239.770	0	0	
0	[SLAMPOS]	0	-203.700	124.610	0	239.750	0	0	
0	[SLAMPOS]	0	-204.280	124.290	0	239.700	0	0	
0	[SLAMPOS]	0	-204.760	124.020	0	239.670	0	0	
0	[SLAMPOS]	0	-204.980	123.900	0	239.670	0	0	
0	[SLAMPOS]	0	-205.480	123.620	0	239.670	0	0	
0	[SLAMPOS]	0	-206.020	123.320	0	239.670	0	0	
0	[SLAMPOS]	0	-206.170	123.230	0	239.680	0	0	
0	[SLAMPOS]	0	-206.730	122.920	0	239.680	0	0	
0	[SLAMPOS]	0	-207.220	122.650	0	239.680	0	0	
0	[SLAMPOS]	0	-207.460	122.520	0	239.680	0	0	
0	[SLAMPOS]	0	-207.990	122.230	0	239.680	0	0	
0	[SLAMPOS]	0	-208.500	121.940	0	239.690	0	0	
0	[SLAMPOS]	0	-208.720	121.830	0	239.700	0	0	
0	[SLAMPOS]	0	-209.570	121.350	0	239.710	0	0	
0	[SLAMPOS]	0	-209.820	121.220	0	239.710	0	0	
0	[SLAMPOS]	0	-210.280	120.950	0	239.720	0	0	
0	[SLAMPOS]	0	-210.870	120.630	0	239.730	0	0	
0	[SLAMPOS]	0	-211.000	120.550	0	239.730	0	0	
0	[SLAMPOS]	0	-211.580	120.240	0	239.730	0	0	
0	[SLAMPOS]	0	-212.050	119.960	0	239.740	0	0	
0	[SLAMPOS]	0	-212.260	119.860	0	239.750	0	0	
0	[SLAMPOS]	0	-213.110	119.380	0	239.740	0	0	
0	[SLAMPOS]	0	-213.350	119.250	0	239.740	0	0	
0	[SLAMPOS]	0	-213.710	119.060	0	239.760	0	0	
0	[SLAMPOS]	0	-214.510	118.600	0	239.770	0	0	
0	[SLAMPOS]	0	-214.960	118.360	0	239.760	0	0	
0	[SLAMPOS]	0	-215.540	118.030	0	239.760	0	0	
0	[SLAMPOS]	0	-216.760	117.370	0	239.790	0	0	
0	[SLAMPOS]	0	-217.260	117.070	0	239.770	0	0	
0	[SLAMPOS]	0	-217.630	116.870	0	239.780	0	0	
0	[SLAMPOS]	0	-218.200	116.550	0	239.790	0	0	
0	[SLAMPOS]	0	-218.450	116.410	0	239.790	0	0	
0	[SLAMPOS]	0	-219.400	115.880	0	239.790	0	0	
0	[SLAMPOS]	0	-219.600	115.770	0	239.800	0	0	
0	[SLAMPOS]	0	-219.940	115.590	0	239.800	0	0	
0	[SLAMPOS]	0	-220.570	115.230	0	239.790	0	0	
0	[SLAMPOS]	0	-221.280	114.850	0	239.790	0	0	
0	[SLAMPOS]	0	-221.410	114.770	0	239.790	0	0	
0	[SLAMPOS]	0	-222.070	114.400	0	239.790	0	0	
0	[SLAMPOS]	0	-222.750	114.020	0	239.790	0	0	
0	[SLAMPOS]	0	-222.910	113.920	0	239.790	0	0	
0	[SLAMPOS]	0	-223.460	113.620	0	239.790	0	0	
0	[SLAMPOS]	0	-224.170	113.220	0	239.790	0	0	
0	[SLAMPOS]	0	-224.720	112.910	0	239.800	0	0	
0	[SLAMPOS]	0	-224.940	112.800	0	239.800	0	0	
0	[SLAMPOS]	0	-225.500	112.490	0	239.790	0	0	
0	[SLAMPOS]	0	-226.040	112.180	0	239.790	0	0	
0	[SLAMPOS]	0	-226.320	112.030	0	239.790	0	0	
0	[SLAMPOS]	0	-227.170	111.560	0	239.800	0	0	
0	[SLAMPOS]	0	-227.470	111.390	0	239.810	0	0	
0	[SLAMPOS]	0	-228.380	110.890	0	239.810	0	0	
0	[SLAMPOS]	0	-228.500	110.820	0	239.810	0	0	
0	[SLAMPOS]	0	-229.160	110.450	0	239.810	0	0	
0	[SLAMPOS]	0	-229.640	110.190	0	239.810	0	0	
0	[SLAMPOS]	0	-230.490	109.720	0	239.830	0	0	
0	[SLAMPOS]	0	-230.770	109.560	0	239.830	0	0	
0	[SLAMPOS]	0	-231.460	109.180	0	239.830	0	0	
0	[SLAMPOS]	0	-231.920	108.930	0	239.820	0	0	
0	[SLAMPOS]	0	-232.650	108.530	0	239.830	0	0	
0	[SLAMPOS]	0	-233.390	108.110	0	239.830	0	0	
0	[SLAMPOS]	0	-233.740	107.920	0	239.840	0	0	
0	[SLAMPOS]	0	-234.070	107.730	0	239.840	0	0	
0	[SLAMPOS]	0	-234.840	107.310	0	239.860	0	0	
0	[SLAMPOS]	0	-235.360	107.020	0	239.860	0	0	
0	[SLAMPOS]	0	-236.230	106.540	0	239.860	0	0	
0	[SLAMPOS]	0	-236.370	106.460	0	239.860	0	0	
0	[SLAMPOS]	0	-237.000	106.120	0	239.880	0	0	
0	[SLAMPOS]	0	-237.700	105.730	0	239.880	0	0	
0	[SLAMPOS]	0	-237.860	105.640	0	239.880	0	0	
0	[SLAMPOS]	0	-238.570	105.240	0	239.860	0	0	
0	[SLAMPOS]	0	-239.280	104.850	0	239.880	0	0	
0	[SLAMPOS]	0	-239.630	104.660	0	239.890	0	0	
0	[SLAMPOS]	0	-240.340	104.270	0	239.900	0	0	
0	[SLAMPOS]	0	-240.660	104.090	0	239.900	0	0	
0	[SLAMPOS]	0	-241.310	103.740	0	239.900	0	0	
0	[SLAMPOS]	0	-241.840	103.450	0	239.900	0	0	
0	[SLAMPOS]	0	-242.040	103.340	0	239.910	0	0	
0	[SLAMPOS]	0	-242.980	102.820	0	239.910	0	0	
0	[SLAMPOS]	0	-243.460	102.550	0	239.900	0	0	
0	[SLAMPOS]	0	-244.160	102.170	0	239.890	0	0	
0	[SLAMPOS]	0	-244.300	102.090	0	239.890	0	0	
0	[SLAMPOS]	0	-244.970	101.720	0	239.890	0	0	
0	[SLAMPOS]	0	-245.680	101.330	0	239.870	0	0	
0	[SLAMPOS]	0	-245.890	101.200	0	239.870	0	0	
0	[SLAMPOS]	0	-246.530	100.850	0	239.860	0	0	
0	[SLAMPOS]	0	-247.210	100.480	0	239.840	0	0	
0	[SLAMPOS]	0	-247.340	100.400	0	239.840	0	0	
0	[SLAMPOS]	0	-248.050	100.010	0	239.830	0	0	
0	[SLAMPOS]	0	-248.590	99.710	0	239.820	0	0	
0	[SLAMPOS]	0	-249.400	99.250	0	239.790	0	0	
0	[SLAMPOS]	0	-250.080	98.860	0	239.780	0	0	
0	[SLAMPOS]	0	-250.680	98.530	0	239.760	0	0	
0	[SLAMPOS]	0	-250.810	98.450	0	239.760	0	0	
0	[SLAMPOS]	0	-251.420	98.130	0	239.760	0	0	
0	[SLAMPOS]	0	-252.140	97.720	0	239.760	0	0	
0	[SLAMPOS]	0	-252.340	97.610	0	239.750	0	0	
0	[SLAMPOS]	0	-252.950	97.270	0	239.730	0	0	
0	[SLAMPOS]	0	-253.750	96.820	0	239.720	0	0	
0	[SLAMPOS]	0	-253.830	96.780	0	239.720	0	0	
0	[SLAMPOS]	0	-254.500	96.410	0	239.700	0	0	
0	[SLAMPOS]	0	-255.160	96.050	0	239.700	0	0	
0	[SLAMPOS]	0	-255.920	95.620	0	239.680	0	0	
0	[SLAMPOS]	0	-256.280	95.420	0	239.670	0	0	
0	[SLAMPOS]	0	-256.580	95.250	0	239.660	0	0	
0	[SLAMPOS]	0	-257.480	94.740	0	239.640	0	0	
0	[SLAMPOS]	0	-257.760	94.590	0	239.640	0	0	
0	[SLAMPOS]	0	-257.960	94.490	0	239.650	0	0	
0	[SLAMPOS]	0	-258.710	94.060	0	239.620	0	0	
0	[SLAMPOS]	0	-259.200	93.790	0	239.610	0	0	
0	[SLAMPOS]	0	-259.490	93.620	0	239.600	0	0	
0	[SLAMPOS]	0	-260.170	93.240	0	239.590	0	0	
0	[SLAMPOS]	0	-260.770	92.890	0	239.580	0	0	
0	[SLAMPOS]	0	-260.980	92.760	0	239.570	0	0	
0	[SLAMPOS]	0	-261.800	92.310	0	239.560	0	0	
0	[SLAMPOS]	0	-262.350	92.010	0	239.550	0	0	
0	[SLAMPOS]	0	-262.760	91.780	0	239.560	0	0	
0	[SLAMPOS]	0	-263.080	91.610	0	239.560	0	0	
0	[SLAMPOS]	0	-263.960	91.110	0	239.570	0	0	
0	[SLAMPOS]	0	-264.220	90.970	0	239.560	0	0	
0	[SLAMPOS]	0	-264.700	90.700	0	239.570	0	0	
0	[SLAMPOS]	0	-265.130	90.450	0	239.570	0	0	
0	[SLAMPOS]	0	-265.770	90.110	0	239.600	0	0	
0	[SLAMPOS]	0	-266.770	89.540	0	239.600	0	0	
0	[SLAMPOS]	0	-267.100	89.360	0	239.610	0	0	
0	[SLAMPOS]	0	-267.590	89.110	0	239.640	0	0	
0	[SLAMPOS]	0	-268.450	88.630	0	239.660	0	0	
0	[SLAMPOS]	0	-269.020	88.320	0	239.670	0	0	
0	[SLAMPOS]	0	-269.640	87.980	0	239.670	0	0	
0	[SLAMPOS]	0	-269.850	87.850	0	239.680	0	0	
0	[SLAMPOS]	0	-270.410	87.540	0	239.690	0	0	
0	[SLAMPOS]	0	-270.990	87.210	0	239.690	0	0	
0	[SLAMPOS]	0	-271.870	86.690	0	239.680	0	0	
0	[SLAMPOS]	0	-272.160	86.530	0	239.690	0	0	
0	[SLAMPOS]	0	-272.700	86.220	0	239.710	0	0	
0	[SLAMPOS]	0	-273.380	85.820	0	239.720	0	0	
0	[SLAMPOS]	0	-273.510	85.750	0	239.720	0	0	
0	[SLAMPOS]	0	-274.120	85.410	0	239.720	0	0	
0	[SLAMPOS]	0	-274.810	85.040	0	239.730	0	0	
0	[SLAMPOS]	0	-275.120	84.870	0	239.740	0	0	
0	[SLAMPOS]	0	-275.430	84.700	0	239.740	0	0	
0	[SLAMPOS]	0	-275.590	85.810	0	238.250	0	0	
0	[SLAMPOS]	0	-276.950	83.860	0	239.750	0	0	
0	[SLAMPOS]	0	-276.570	84.010	0	240.030	0	0	
0	[SLAMPOS]	0	-277.690	83.460	0	239.780	0	0	
0	[SLAMPOS]	0	-277.840	83.370	0	239.790	0	0	
0	[SLAMPOS]	0	-278.470	83.030	0	239.790	0	0	
0	[SLAMPOS]	0	-278.630	82.930	0	239.810	0	0	
0	[SLAMPOS]	0	-279.220	82.590	0	239.790	0	0	
0	[SLAMPOS]	0	-279.830	82.240	0	239.810	0	0	
0	[SLAMPOS]	0	-280.330	81.960	0	239.860	0	0	
0	[SLAMPOS]	0	-280.590	81.820	0	239.880	0	0	
0	[SLAMPOS]	0	-281.470	81.330	0	239.980	0	0	
0	[SLAMPOS]	0	-281.680	81.210	0	240.000	0	0	
0	[SLAMPOS]	0	-282.200	80.930	0	240.050	0	0	
0	[SLAMPOS]	0	-282.810	80.600	0	240.100	0	0	
0	[SLAMPOS]	0	-282.970	80.510	0	240.120	0	0	
0	[SLAMPOS]	0	-283.630	80.150	0	240.180	0	0	
0	[SLAMPOS]	0	-283.760	80.080	0	240.200	0	0	
0	[SLAMPOS]	0	-284.380	79.760	0	240.240	0	0	
0	[SLAMPOS]	0	-284.980	79.420	0	240.280	0	0	
0	[SLAMPOS]	0	-285.120	79.350	0	240.290	0	0	
0	[SLAMPOS]	0	-285.720	79.030	0	240.340	0	0	
0	[SLAMPOS]	0	-286.220	78.760	0	240.370	0	0	
0	[SLAMPOS]	0	-286.480	78.610	0	240.390	0	0	
0	[SLAMPOS]	0	-287.400	78.120	0	240.420	0	0	
0	[SLAMPOS]	0	-287.680	77.980	0	240.430	0	0	
0	[SLAMPOS]	0	-288.150	77.730	0	240.430	0	0	
0	[SLAMPOS]	0	-288.750	77.410	0	240.450	0	0	
0	[SLAMPOS]	0	-289.260	77.130	0	240.450	0	0	
0	[SLAMPOS]	0	-289.460	77.030	0	240.450	0	0	
0	[SLAMPOS]	0	-290.380	76.540	0	240.430	0	0	
0	[SLAMPOS]	0	-290.680	76.370	0	240.430	0	0	
0	[SLAMPOS]	0	-291.100	76.130	0	240.420	0	0	
