0	[SLAMPOS]	0	-226.520	-133.570	0	61.310	0	0	
0	[SLAMPOS]	0	-226.400	-133.500	0	61.270	0	0	
0	[SLAMPOS]	0	-226.290	-133.440	0	61.240	0	0	
0	[SLAMPOS]	0	-226.240	-133.410	0	61.220	0	0	
0	[SLAMPOS]	0	-226.050	-133.310	0	61.170	0	0	
0	[SLAMPOS]	0	-226.000	-133.270	0	61.160	0	0	
0	[SLAMPOS]	0	-225.890	-133.220	0	61.140	0	0	
0	[SLAMPOS]	0	-225.770	-133.160	0	61.110	0	0	
0	[SLAMPOS]	0	-225.730	-133.140	0	61.100	0	0	
0	[SLAMPOS]	0	-225.600	-133.080	0	61.060	0	0	
0	[SLAMPOS]	0	-225.470	-133.010	0	61.010	0	0	
0	[SLAMPOS]	0	-225.440	-132.990	0	60.990	0	0	
0	[SLAMPOS]	0	-225.320	-132.920	0	60.930	0	0	
0	[SLAMPOS]	0	-225.280	-132.900	0	60.920	0	0	
0	[SLAMPOS]	0	-225.150	-132.830	0	60.880	0	0	
0	[SLAMPOS]	0	-225.040	-132.770	0	60.870	0	0	
0	[SLAMPOS]	0	-224.990	-132.740	0	60.860	0	0	
0	[SLAMPOS]	0	-224.800	-132.620	0	60.860	0	0	
0	[SLAMPOS]	0	-224.740	-132.590	0	60.870	0	0	
0	[SLAMPOS]	0	-224.690	-132.550	0	60.860	0	0	
0	[SLAMPOS]	0	-224.470	-132.450	0	60.950	0	0	
0	[SLAMPOS]	0	-224.410	-132.420	0	60.980	0	0	
0	[SLAMPOS]	0	-224.280	-132.350	0	61.040	0	0	
0	[SLAMPOS]	0	-224.130	-132.270	0	61.090	0	0	
0	[SLAMPOS]	0	-224.090	-132.250	0	61.100	0	0	
0	[SLAMPOS]	0	-223.920	-132.170	0	61.160	0	0	
0	[SLAMPOS]	0	-223.880	-132.150	0	61.170	0	0	
0	[SLAMPOS]	0	-223.700	-132.060	0	61.200	0	0	
0	[SLAMPOS]	0	-223.570	-131.980	0	61.210	0	0	
0	[SLAMPOS]	0	-223.520	-131.960	0	61.210	0	0	
0	[SLAMPOS]	0	-223.360	-131.870	0	61.220	0	0	
0	[SLAMPOS]	0	-223.120	-131.740	0	61.200	0	0	
0	[SLAMPOS]	0	-223.050	-131.700	0	61.190	0	0	
0	[SLAMPOS]	0	-222.910	-131.620	0	61.200	0	0	
0	[SLAMPOS]	0	-222.740	-131.530	0	61.180	0	0	
0	[SLAMPOS]	0	-222.690	-131.500	0	61.180	0	0	
0	[SLAMPOS]	0	-222.510	-131.410	0	61.170	0	0	
0	[SLAMPOS]	0	-222.460	-131.380	0	61.170	0	0	
0	[SLAMPOS]	0	-222.280	-131.280	0	61.150	0	0	
0	[SLAMPOS]	0	-222.090	-131.180	0	61.150	0	0	
0	[SLAMPOS]	0	-222.030	-131.150	0	61.140	0	0	
0	[SLAMPOS]	0	-221.860	-131.060	0	61.140	0	0	
0	[SLAMPOS]	0	-221.690	-130.970	0	61.130	0	0	
0	[SLAMPOS]	0	-221.620	-130.910	0	61.090	0	0	
0	[SLAMPOS]	0	-221.320	-130.770	0	61.110	0	0	
0	[SLAMPOS]	0	-221.240	-130.730	0	61.110	0	0	
0	[SLAMPOS]	0	-221.140	-130.670	0	61.100	0	0	
0	[SLAMPOS]	0	-220.850	-130.520	0	61.110	0	0	
0	[SLAMPOS]	0	-220.760	-130.480	0	61.110	0	0	
0	[SLAMPOS]	0	-220.570	-130.380	0	61.100	0	0	
0	[SLAMPOS]	0	-220.370	-130.260	0	61.080	0	0	
0	[SLAMPOS]	0	-220.320	-130.230	0	61.080	0	0	
0	[SLAMPOS]	0	-220.090	-130.110	0	61.080	0	0	
0	[SLAMPOS]	0	-219.870	-129.990	0	61.060	0	0	
0	[SLAMPOS]	0	-219.810	-129.960	0	61.050	0	0	
0	[SLAMPOS]	0	-219.570	-129.820	0	61.040	0	0	
0	[SLAMPOS]	0	-219.530	-129.800	0	61.040	0	0	
0	[SLAMPOS]	0	-219.310	-129.670	0	61.000	0	0	
0	[SLAMPOS]	0	-219.100	-129.550	0	60.990	0	0	
0	[SLAMPOS]	0	-219.000	-129.500	0	60.990	0	0	
0	[SLAMPOS]	0	-218.750	-129.370	0	60.990	0	0	
0	[SLAMPOS]	0	-218.550	-129.270	0	60.990	0	0	
0	[SLAMPOS]	0	-218.450	-129.220	0	60.990	0	0	
0	[SLAMPOS]	0	-218.110	-129.030	0	60.970	0	0	
0	[SLAMPOS]	0	-218.010	-128.980	0	60.950	0	0	
0	[SLAMPOS]	0	-217.780	-128.850	0	60.930	0	0	
0	[SLAMPOS]	0	-217.540	-128.730	0	60.940	0	0	
0	[SLAMPOS]	0	-217.480	-128.700	0	60.940	0	0	
0	[SLAMPOS]	0	-217.230	-128.560	0	60.920	0	0	
0	[SLAMPOS]	0	-216.980	-128.420	0	60.920	0	0	
0	[SLAMPOS]	0	-216.920	-128.390	0	60.920	0	0	
0	[SLAMPOS]	0	-216.660	-128.250	0	60.920	0	0	
0	[SLAMPOS]	0	-216.600	-128.220	0	60.920	0	0	
0	[SLAMPOS]	0	-216.330	-128.080	0	60.910	0	0	
0	[SLAMPOS]	0	-216.110	-127.960	0	60.910	0	0	
0	[SLAMPOS]	0	-215.850	-127.820	0	60.890	0	0	
0	[SLAMPOS]	0	-215.630	-127.690	0	60.880	0	0	
0	[SLAMPOS]	0	-215.520	-127.640	0	60.870	0	0	
0	[SLAMPOS]	0	-215.290	-127.500	0	60.840	0	0	
0	[SLAMPOS]	0	-215.010	-127.360	0	60.850	0	0	
0	[SLAMPOS]	0	-214.890	-127.290	0	60.850	0	0	
0	[SLAMPOS]	0	-214.660	-127.170	0	60.850	0	0	
0	[SLAMPOS]	0	-214.380	-127.020	0	60.830	0	0	
0	[SLAMPOS]	0	-214.310	-126.990	0	60.830	0	0	
0	[SLAMPOS]	0	-214.020	-126.820	0	60.800	0	0	
0	[SLAMPOS]	0	-213.780	-126.690	0	60.800	0	0	
0	[SLAMPOS]	0	-213.660	-126.630	0	60.800	0	0	
0	[SLAMPOS]	0	-213.240	-126.400	0	60.790	0	0	
0	[SLAMPOS]	0	-213.130	-126.330	0	60.770	0	0	
0	[SLAMPOS]	0	-212.870	-126.200	0	60.800	0	0	
0	[SLAMPOS]	0	-212.580	-126.040	0	60.770	0	0	
0	[SLAMPOS]	0	-212.460	-125.970	0	60.770	0	0	
0	[SLAMPOS]	0	-212.200	-125.840	0	60.770	0	0	
0	[SLAMPOS]	0	-211.900	-125.670	0	60.720	0	0	
0	[SLAMPOS]	0	-211.820	-125.630	0	60.710	0	0	
0	[SLAMPOS]	0	-211.490	-125.480	0	60.760	0	0	
0	[SLAMPOS]	0	-211.420	-125.450	0	60.760	0	0	
0	[SLAMPOS]	0	-211.080	-125.280	0	60.760	0	0	
0	[SLAMPOS]	0	-210.830	-125.140	0	60.730	0	0	
0	[SLAMPOS]	0	-210.700	-125.070	0	60.710	0	0	
0	[SLAMPOS]	0	-210.350	-124.890	0	60.730	0	0	
0	[SLAMPOS]	0	-210.080	-124.750	0	60.730	0	0	
0	[SLAMPOS]	0	-209.780	-124.580	0	60.710	0	0	
0	[SLAMPOS]	0	-209.510	-124.440	0	60.710	0	0	
0	[SLAMPOS]	0	-209.210	-124.260	0	60.670	0	0	
0	[SLAMPOS]	0	-209.130	-124.210	0	60.670	0	0	
0	[SLAMPOS]	0	-208.830	-124.040	0	60.670	0	0	
0	[SLAMPOS]	0	-208.740	-124.000	0	60.660	0	0	
0	[SLAMPOS]	0	-208.430	-123.820	0	60.650	0	0	
0	[SLAMPOS]	0	-208.160	-123.670	0	60.640	0	0	
0	[SLAMPOS]	0	-208.040	-123.600	0	60.630	0	0	
0	[SLAMPOS]	0	-207.730	-123.420	0	60.610	0	0	
0	[SLAMPOS]	0	-207.430	-123.270	0	60.620	0	0	
0	[SLAMPOS]	0	-207.300	-123.200	0	60.620	0	0	
0	[SLAMPOS]	0	-206.830	-122.930	0	60.590	0	0	
0	[SLAMPOS]	0	-206.700	-122.870	0	60.590	0	0	
0	[SLAMPOS]	0	-206.410	-122.710	0	60.590	0	0	
0	[SLAMPOS]	0	-206.070	-122.530	0	60.580	0	0	
0	[SLAMPOS]	0	-205.990	-122.480	0	60.580	0	0	
0	[SLAMPOS]	0	-205.650	-122.300	0	60.550	0	0	
0	[SLAMPOS]	0	-205.560	-122.250	0	60.550	0	0	
0	[SLAMPOS]	0	-205.220	-122.080	0	60.560	0	0	
0	[SLAMPOS]	0	-204.870	-121.880	0	60.530	0	0	
0	[SLAMPOS]	0	-204.580	-121.720	0	60.520	0	0	
0	[SLAMPOS]	0	-204.430	-121.640	0	60.530	0	0	
0	[SLAMPOS]	0	-203.910	-121.350	0	60.500	0	0	
0	[SLAMPOS]	0	-203.780	-121.270	0	60.480	0	0	
0	[SLAMPOS]	0	-203.460	-121.110	0	60.520	0	0	
0	[SLAMPOS]	0	-203.100	-120.910	0	60.510	0	0	
0	[SLAMPOS]	0	-203.010	-120.860	0	60.500	0	0	
0	[SLAMPOS]	0	-202.630	-120.650	0	60.490	0	0	
0	[SLAMPOS]	0	-202.260	-120.450	0	60.510	0	0	
0	[SLAMPOS]	0	-202.180	-120.400	0	60.500	0	0	
0	[SLAMPOS]	0	-201.810	-120.180	0	60.470	0	0	
0	[SLAMPOS]	0	-201.720	-120.130	0	60.460	0	0	
0	[SLAMPOS]	0	-201.340	-119.940	0	60.500	0	0	
0	[SLAMPOS]	0	-201.040	-119.750	0	60.450	0	0	
0	[SLAMPOS]	0	-200.900	-119.660	0	60.410	0	0	
0	[SLAMPOS]	0	-200.340	-119.350	0	60.410	0	0	
0	[SLAMPOS]	0	-200.190	-119.280	0	60.410	0	0	
0	[SLAMPOS]	0	-199.870	-119.090	0	60.380	0	0	
0	[SLAMPOS]	0	-199.490	-118.880	0	60.370	0	0	
0	[SLAMPOS]	0	-199.330	-118.790	0	60.370	0	0	
0	[SLAMPOS]	0	-198.970	-118.580	0	60.340	0	0	
0	[SLAMPOS]	0	-198.600	-118.390	0	60.330	0	0	
0	[SLAMPOS]	0	-198.500	-118.330	0	60.330	0	0	
0	[SLAMPOS]	0	-198.110	-118.130	0	60.330	0	0	
0	[SLAMPOS]	0	-198.000	-118.070	0	60.330	0	0	
0	[SLAMPOS]	0	-197.610	-117.880	0	60.340	0	0	
0	[SLAMPOS]	0	-197.260	-117.690	0	60.340	0	0	
0	[SLAMPOS]	0	-197.110	-117.600	0	60.310	0	0	
0	[SLAMPOS]	0	-196.730	-117.420	0	60.340	0	0	
0	[SLAMPOS]	0	-196.140	-117.070	0	60.280	0	0	
0	[SLAMPOS]	0	-195.970	-116.970	0	60.260	0	0	
0	[SLAMPOS]	0	-195.630	-116.780	0	60.250	0	0	
0	[SLAMPOS]	0	-195.210	-116.560	0	60.270	0	0	
0	[SLAMPOS]	0	-195.100	-116.500	0	60.260	0	0	
0	[SLAMPOS]	0	-194.690	-116.280	0	60.260	0	0	
0	[SLAMPOS]	0	-194.580	-116.220	0	60.260	0	0	
0	[SLAMPOS]	0	-194.170	-115.990	0	60.230	0	0	
0	[SLAMPOS]	0	-193.740	-115.750	0	60.220	0	0	
0	[SLAMPOS]	0	-193.640	-115.690	0	60.220	0	0	
0	[SLAMPOS]	0	-193.220	-115.460	0	60.210	0	0	
0	[SLAMPOS]	0	-192.850	-115.260	0	60.200	0	0	
0	[SLAMPOS]	0	-192.690	-115.170	0	60.200	0	0	
0	[SLAMPOS]	0	-192.060	-114.830	0	60.200	0	0	
0	[SLAMPOS]	0	-191.860	-114.720	0	60.200	0	0	
0	[SLAMPOS]	0	-191.680	-114.630	0	60.200	0	0	
0	[SLAMPOS]	0	-191.030	-114.260	0	60.170	0	0	
0	[SLAMPOS]	0	-190.880	-114.170	0	60.160	0	0	
0	[SLAMPOS]	0	-190.510	-113.960	0	60.140	0	0	
0	[SLAMPOS]	0	-190.060	-113.730	0	60.140	0	0	
0	[SLAMPOS]	0	-189.950	-113.660	0	60.140	0	0	
0	[SLAMPOS]	0	-189.500	-113.420	0	60.140	0	0	
0	[SLAMPOS]	0	-189.400	-113.370	0	60.140	0	0	
0	[SLAMPOS]	0	-188.970	-113.130	0	60.120	0	0	
0	[SLAMPOS]	0	-188.590	-112.910	0	60.110	0	0	
0	[SLAMPOS]	0	-188.420	-112.820	0	60.100	0	0	
0	[SLAMPOS]	0	-187.770	-112.460	0	60.100	0	0	
0	[SLAMPOS]	0	-187.310	-112.220	0	60.110	0	0	
0	[SLAMPOS]	0	-187.190	-112.160	0	60.110	0	0	
0	[SLAMPOS]	0	-186.750	-111.900	0	60.080	0	0	
0	[SLAMPOS]	0	-186.280	-111.660	0	60.090	0	0	
0	[SLAMPOS]	0	-186.160	-111.590	0	60.080	0	0	
0	[SLAMPOS]	0	-185.720	-111.350	0	60.060	0	0	
0	[SLAMPOS]	0	-185.590	-111.270	0	60.060	0	0	
0	[SLAMPOS]	0	-185.140	-111.040	0	60.070	0	0	
0	[SLAMPOS]	0	-184.750	-110.820	0	60.070	0	0	
0	[SLAMPOS]	0	-184.580	-110.720	0	60.060	0	0	
0	[SLAMPOS]	0	-183.890	-110.340	0	60.060	0	0	
0	[SLAMPOS]	0	-183.710	-110.240	0	60.050	0	0	
0	[SLAMPOS]	0	-183.300	-110.010	0	60.060	0	0	
0	[SLAMPOS]	0	-182.820	-109.750	0	60.070	0	0	
0	[SLAMPOS]	0	-182.640	-109.650	0	60.070	0	0	
0	[SLAMPOS]	0	-182.220	-109.420	0	60.090	0	0	
0	[SLAMPOS]	0	-181.740	-109.170	0	60.130	0	0	
0	[SLAMPOS]	0	-181.620	-109.100	0	60.140	0	0	
0	[SLAMPOS]	0	-181.140	-108.840	0	60.130	0	0	
0	[SLAMPOS]	0	-180.720	-108.620	0	60.150	0	0	
0	[SLAMPOS]	0	-180.530	-108.520	0	60.160	0	0	
0	[SLAMPOS]	0	-179.820	-108.120	0	60.180	0	0	
0	[SLAMPOS]	0	-179.640	-108.030	0	60.180	0	0	
0	[SLAMPOS]	0	-179.220	-107.800	0	60.200	0	0	
0	[SLAMPOS]	0	-178.740	-107.530	0	60.210	0	0	
0	[SLAMPOS]	0	-178.570	-107.430	0	60.190	0	0	
0	[SLAMPOS]	0	-178.130	-107.190	0	60.210	0	0	
0	[SLAMPOS]	0	-177.650	-106.930	0	60.230	0	0	
0	[SLAMPOS]	0	-177.500	-106.840	0	60.230	0	0	
0	[SLAMPOS]	0	-177.040	-106.590	0	60.220	0	0	
0	[SLAMPOS]	0	-176.910	-106.510	0	60.220	0	0	
0	[SLAMPOS]	0	-176.420	-106.240	0	60.210	0	0	
0	[SLAMPOS]	0	-175.990	-106.010	0	60.230	0	0	
0	[SLAMPOS]	0	-175.780	-105.910	0	60.240	0	0	
0	[SLAMPOS]	0	-175.050	-105.490	0	60.210	0	0	
0	[SLAMPOS]	0	-174.860	-105.400	0	60.230	0	0	
0	[SLAMPOS]	0	-174.650	-105.290	0	60.230	0	0	
0	[SLAMPOS]	0	-173.920	-104.890	0	60.230	0	0	
0	[SLAMPOS]	0	-173.720	-104.770	0	60.210	0	0	
0	[SLAMPOS]	0	-173.290	-104.530	0	60.200	0	0	
0	[SLAMPOS]	0	-172.780	-104.270	0	60.230	0	0	
0	[SLAMPOS]	0	-172.670	-104.210	0	60.220	0	0	
0	[SLAMPOS]	0	-172.180	-103.950	0	60.190	0	0	
0	[SLAMPOS]	0	-171.730	-103.690	0	60.150	0	0	
0	[SLAMPOS]	0	-171.530	-103.590	0	60.140	0	0	
0	[SLAMPOS]	0	-170.780	-103.180	0	60.080	0	0	
0	[SLAMPOS]	0	-170.560	-103.060	0	60.070	0	0	
0	[SLAMPOS]	0	-170.360	-102.960	0	60.060	0	0	
0	[SLAMPOS]	0	-169.610	-102.540	0	59.960	0	0	
0	[SLAMPOS]	0	-169.420	-102.440	0	59.950	0	0	
0	[SLAMPOS]	0	-168.970	-102.180	0	59.900	0	0	
0	[SLAMPOS]	0	-168.440	-101.900	0	59.870	0	0	
0	[SLAMPOS]	0	-168.310	-101.820	0	59.850	0	0	
0	[SLAMPOS]	0	-167.790	-101.550	0	59.840	0	0	
0	[SLAMPOS]	0	-167.670	-101.480	0	59.820	0	0	
0	[SLAMPOS]	0	-167.170	-101.210	0	59.770	0	0	
0	[SLAMPOS]	0	-166.730	-100.970	0	59.730	0	0	
0	[SLAMPOS]	0	-166.200	-100.680	0	59.700	0	0	
0	[SLAMPOS]	0	-165.960	-100.540	0	59.670	0	0	
0	[SLAMPOS]	0	-165.510	-100.280	0	59.630	0	0	
0	[SLAMPOS]	0	-165.260	-100.140	0	59.610	0	0	
0	[SLAMPOS]	0	-164.710	-99.810	0	59.560	0	0	
0	[SLAMPOS]	0	-164.300	-99.580	0	59.530	0	0	
0	[SLAMPOS]	0	-164.090	-99.470	0	59.520	0	0	
0	[SLAMPOS]	0	-163.310	-99.000	0	59.430	0	0	
0	[SLAMPOS]	0	-163.120	-98.900	0	59.420	0	0	
0	[SLAMPOS]	0	-162.650	-98.630	0	59.400	0	0	
0	[SLAMPOS]	0	-162.090	-98.300	0	59.370	0	0	
0	[SLAMPOS]	0	-161.870	-98.180	0	59.370	0	0	
0	[SLAMPOS]	0	-161.430	-97.930	0	59.380	0	0	
0	[SLAMPOS]	0	-160.890	-97.620	0	59.380	0	0	
0	[SLAMPOS]	0	-160.720	-97.520	0	59.380	0	0	
0	[SLAMPOS]	0	-160.210	-97.240	0	59.380	0	0	
0	[SLAMPOS]	0	-160.070	-97.160	0	59.380	0	0	
0	[SLAMPOS]	0	-159.530	-96.860	0	59.380	0	0	
0	[SLAMPOS]	0	-159.090	-96.610	0	59.400	0	0	
0	[SLAMPOS]	0	-158.860	-96.470	0	59.380	0	0	
0	[SLAMPOS]	0	-158.330	-96.180	0	59.390	0	0	
0	[SLAMPOS]	0	-157.880	-95.930	0	59.400	0	0	
0	[SLAMPOS]	0	-157.670	-95.820	0	59.410	0	0	
0	[SLAMPOS]	0	-156.880	-95.360	0	59.400	0	0	
0	[SLAMPOS]	0	-156.640	-95.250	0	59.430	0	0	
0	[SLAMPOS]	0	-156.180	-95.000	0	59.440	0	0	
0	[SLAMPOS]	0	-155.640	-94.710	0	59.440	0	0	
0	[SLAMPOS]	0	-155.500	-94.630	0	59.440	0	0	
0	[SLAMPOS]	0	-154.960	-94.330	0	59.440	0	0	
0	[SLAMPOS]	0	-154.480	-94.060	0	59.460	0	0	
0	[SLAMPOS]	0	-154.290	-93.940	0	59.430	0	0	
0	[SLAMPOS]	0	-153.740	-93.630	0	59.450	0	0	
0	[SLAMPOS]	0	-153.280	-93.370	0	59.450	0	0	
0	[SLAMPOS]	0	-153.060	-93.260	0	59.470	0	0	
0	[SLAMPOS]	0	-152.250	-92.810	0	59.460	0	0	
0	[SLAMPOS]	0	-152.060	-92.700	0	59.450	0	0	
0	[SLAMPOS]	0	-151.600	-92.430	0	59.450	0	0	
0	[SLAMPOS]	0	-151.000	-92.110	0	59.470	0	0	
0	[SLAMPOS]	0	-150.770	-91.990	0	59.480	0	0	
0	[SLAMPOS]	0	-150.300	-91.710	0	59.470	0	0	
0	[SLAMPOS]	0	-149.790	-91.430	0	59.440	0	0	
0	[SLAMPOS]	0	-149.650	-91.340	0	59.440	0	0	
0	[SLAMPOS]	0	-149.110	-91.050	0	59.460	0	0	
0	[SLAMPOS]	0	-148.970	-90.970	0	59.460	0	0	
0	[SLAMPOS]	0	-148.380	-90.620	0	59.460	0	0	
0	[SLAMPOS]	0	-147.900	-90.340	0	59.470	0	0	
0	[SLAMPOS]	0	-147.700	-90.220	0	59.460	0	0	
0	[SLAMPOS]	0	-147.140	-89.910	0	59.490	0	0	
0	[SLAMPOS]	0	-146.670	-89.650	0	59.530	0	0	
0	[SLAMPOS]	0	-146.430	-89.520	0	59.540	0	0	
0	[SLAMPOS]	0	-145.640	-89.070	0	59.600	0	0	
0	[SLAMPOS]	0	-145.410	-88.960	0	59.610	0	0	
0	[SLAMPOS]	0	-144.920	-88.680	0	59.640	0	0	
0	[SLAMPOS]	0	-144.380	-88.370	0	59.680	0	0	
0	[SLAMPOS]	0	-144.250	-88.300	0	59.680	0	0	
0	[SLAMPOS]	0	-143.710	-87.990	0	59.710	0	0	
0	[SLAMPOS]	0	-143.240	-87.730	0	59.760	0	0	
0	[SLAMPOS]	0	-143.020	-87.590	0	59.750	0	0	
0	[SLAMPOS]	0	-142.480	-87.280	0	59.800	0	0	
0	[SLAMPOS]	0	-142.000	-87.000	0	59.810	0	0	
0	[SLAMPOS]	0	-141.780	-86.890	0	59.830	0	0	
0	[SLAMPOS]	0	-140.980	-86.430	0	59.830	0	0	
0	[SLAMPOS]	0	-140.770	-86.320	0	59.860	0	0	
0	[SLAMPOS]	0	-140.260	-86.040	0	59.840	0	0	
0	[SLAMPOS]	0	-139.710	-85.750	0	59.820	0	0	
0	[SLAMPOS]	0	-139.580	-85.670	0	59.810	0	0	
0	[SLAMPOS]	0	-139.020	-85.380	0	59.800	0	0	
0	[SLAMPOS]	0	-138.880	-85.290	0	59.800	0	0	
0	[SLAMPOS]	0	-138.310	-84.980	0	59.760	0	0	
0	[SLAMPOS]	0	-137.830	-84.710	0	59.740	0	0	
0	[SLAMPOS]	0	-137.660	-84.620	0	59.740	0	0	
0	[SLAMPOS]	0	-136.790	-84.140	0	59.700	0	0	
0	[SLAMPOS]	0	-136.590	-84.030	0	59.690	0	0	
0	[SLAMPOS]	0	-136.040	-83.740	0	59.650	0	0	
0	[SLAMPOS]	0	-135.540	-83.460	0	59.610	0	0	
0	[SLAMPOS]	0	-135.000	-83.150	0	59.580	0	0	
0	[SLAMPOS]	0	-134.850	-83.070	0	59.570	0	0	
0	[SLAMPOS]	0	-134.300	-82.760	0	59.530	0	0	
0	[SLAMPOS]	0	-134.150	-82.670	0	59.520	0	0	
0	[SLAMPOS]	0	-133.570	-82.360	0	59.490	0	0	
0	[SLAMPOS]	0	-133.110	-82.090	0	59.440	0	0	
0	[SLAMPOS]	0	-132.880	-81.960	0	59.440	0	0	
0	[SLAMPOS]	0	-132.340	-81.660	0	59.400	0	0	
0	[SLAMPOS]	0	-131.850	-81.360	0	59.390	0	0	
0	[SLAMPOS]	0	-131.640	-81.250	0	59.400	0	0	
0	[SLAMPOS]	0	-130.830	-80.780	0	59.420	0	0	
0	[SLAMPOS]	0	-130.600	-80.630	0	59.410	0	0	
0	[SLAMPOS]	0	-130.130	-80.360	0	59.400	0	0	
0	[SLAMPOS]	0	-129.580	-80.050	0	59.420	0	0	
0	[SLAMPOS]	0	-129.430	-79.970	0	59.410	0	0	
0	[SLAMPOS]	0	-128.880	-79.660	0	59.420	0	0	
0	[SLAMPOS]	0	-128.740	-79.570	0	59.410	0	0	
0	[SLAMPOS]	0	-128.160	-79.250	0	59.410	0	0	
0	[SLAMPOS]	0	-127.590	-78.940	0	59.420	0	0	
0	[SLAMPOS]	0	-127.430	-78.850	0	59.420	0	0	
0	[SLAMPOS]	0	-126.880	-78.550	0	59.420	0	0	
0	[SLAMPOS]	0	-126.440	-78.290	0	59.400	0	0	
0	[SLAMPOS]	0	-125.840	-77.970	0	59.400	0	0	
0	[SLAMPOS]	0	-125.350	-77.680	0	59.380	0	0	
0	[SLAMPOS]	0	-124.750	-77.350	0	59.370	0	0	
0	[SLAMPOS]	0	-124.640	-77.280	0	59.370	0	0	
0	[SLAMPOS]	0	-124.060	-76.980	0	59.360	0	0	
0	[SLAMPOS]	0	-123.520	-76.670	0	59.330	0	0	
0	[SLAMPOS]	0	-123.370	-76.580	0	59.330	0	0	
0	[SLAMPOS]	0	-122.780	-76.250	0	59.300	0	0	
0	[SLAMPOS]	0	-122.660	-76.180	0	59.300	0	0	
0	[SLAMPOS]	0	-122.050	-75.810	0	59.290	0	0	
0	[SLAMPOS]	0	-121.610	-75.560	0	59.270	0	0	
0	[SLAMPOS]	0	-121.380	-75.440	0	59.270	0	0	
0	[SLAMPOS]	0	-120.560	-74.950	0	59.230	0	0	
0	[SLAMPOS]	0	-120.350	-74.850	0	59.240	0	0	
0	[SLAMPOS]	0	-119.870	-74.560	0	59.220	0	0	
0	[SLAMPOS]	0	-119.300	-74.230	0	59.210	0	0	
0	[SLAMPOS]	0	-119.100	-74.120	0	59.200	0	0	
0	[SLAMPOS]	0	-118.600	-73.840	0	59.200	0	0	
0	[SLAMPOS]	0	-118.030	-73.540	0	59.190	0	0	
0	[SLAMPOS]	0	-117.880	-73.450	0	59.190	0	0	
0	[SLAMPOS]	0	-117.330	-73.150	0	59.200	0	0	
0	[SLAMPOS]	0	-116.860	-72.880	0	59.200	0	0	
0	[SLAMPOS]	0	-116.650	-72.760	0	59.200	0	0	
0	[SLAMPOS]	0	-115.810	-72.310	0	59.200	0	0	
0	[SLAMPOS]	0	-115.590	-72.180	0	59.200	0	0	
0	[SLAMPOS]	0	-115.110	-71.900	0	59.190	0	0	
0	[SLAMPOS]	0	-114.570	-71.600	0	59.160	0	0	
0	[SLAMPOS]	0	-114.310	-71.470	0	59.140	0	0	
0	[SLAMPOS]	0	-113.860	-71.210	0	59.110	0	0	
0	[SLAMPOS]	0	-113.290	-70.910	0	59.090	0	0	
0	[SLAMPOS]	0	-113.140	-70.820	0	59.070	0	0	
0	[SLAMPOS]	0	-112.580	-70.500	0	59.040	0	0	
0	[SLAMPOS]	0	-112.430	-70.410	0	59.020	0	0	
0	[SLAMPOS]	0	-111.890	-70.080	0	58.960	0	0	
0	[SLAMPOS]	0	-111.400	-69.790	0	58.920	0	0	
0	[SLAMPOS]	0	-111.180	-69.670	0	58.910	0	0	
0	[SLAMPOS]	0	-110.350	-69.190	0	58.880	0	0	
0	[SLAMPOS]	0	-110.120	-69.060	0	58.860	0	0	
0	[SLAMPOS]	0	-109.660	-68.790	0	58.830	0	0	
0	[SLAMPOS]	0	-109.090	-68.460	0	58.780	0	0	
0	[SLAMPOS]	0	-108.950	-68.370	0	58.780	0	0	
0	[SLAMPOS]	0	-108.400	-68.050	0	58.780	0	0	
0	[SLAMPOS]	0	-107.830	-67.730	0	58.790	0	0	
0	[SLAMPOS]	0	-107.700	-67.650	0	58.800	0	0	
0	[SLAMPOS]	0	-107.140	-67.330	0	58.790	0	0	
0	[SLAMPOS]	0	-106.670	-67.050	0	58.790	0	0	
0	[SLAMPOS]	0	-106.450	-66.930	0	58.790	0	0	
0	[SLAMPOS]	0	-105.600	-66.440	0	58.830	0	0	
0	[SLAMPOS]	0	-105.430	-66.340	0	58.830	0	0	
0	[SLAMPOS]	0	-104.940	-66.060	0	58.840	0	0	
0	[SLAMPOS]	0	-104.380	-65.740	0	58.850	0	0	
0	[SLAMPOS]	0	-104.230	-65.650	0	58.850	0	0	
0	[SLAMPOS]	0	-103.680	-65.340	0	58.860	0	0	
0	[SLAMPOS]	0	-103.140	-65.040	0	58.880	0	0	
0	[SLAMPOS]	0	-102.980	-64.940	0	58.890	0	0	
0	[SLAMPOS]	0	-102.450	-64.650	0	58.900	0	0	
0	[SLAMPOS]	0	-101.960	-64.360	0	58.910	0	0	
0	[SLAMPOS]	0	-101.740	-64.230	0	58.920	0	0	
0	[SLAMPOS]	0	-100.940	-63.760	0	58.930	0	0	
0	[SLAMPOS]	0	-100.710	-63.640	0	58.940	0	0	
0	[SLAMPOS]	0	-100.230	-63.340	0	58.940	0	0	
0	[SLAMPOS]	0	-99.660	-63.030	0	58.960	0	0	
0	[SLAMPOS]	0	-99.390	-62.870	0	58.970	0	0	
0	[SLAMPOS]	0	-98.950	-62.620	0	58.970	0	0	
0	[SLAMPOS]	0	-98.380	-62.300	0	58.990	0	0	
0	[SLAMPOS]	0	-98.240	-62.220	0	58.990	0	0	
0	[SLAMPOS]	0	-97.660	-61.900	0	59.010	0	0	
0	[SLAMPOS]	0	-97.520	-61.810	0	59.010	0	0	
0	[SLAMPOS]	0	-96.970	-61.510	0	59.020	0	0	
0	[SLAMPOS]	0	-96.490	-61.230	0	59.040	0	0	
0	[SLAMPOS]	0	-96.280	-61.110	0	59.040	0	0	
0	[SLAMPOS]	0	-95.450	-60.630	0	59.050	0	0	
0	[SLAMPOS]	0	-95.200	-60.480	0	59.040	0	0	
0	[SLAMPOS]	0	-94.750	-60.230	0	59.050	0	0	
0	[SLAMPOS]	0	-94.190	-59.920	0	59.070	0	0	
0	[SLAMPOS]	0	-93.990	-59.810	0	59.080	0	0	
0	[SLAMPOS]	0	-93.500	-59.530	0	59.110	0	0	
0	[SLAMPOS]	0	-92.930	-59.220	0	59.140	0	0	
0	[SLAMPOS]	0	-92.790	-59.140	0	59.140	0	0	
0	[SLAMPOS]	0	-92.230	-58.830	0	59.130	0	0	
0	[SLAMPOS]	0	-91.730	-58.540	0	59.130	0	0	
0	[SLAMPOS]	0	-91.520	-58.430	0	59.140	0	0	
0	[SLAMPOS]	0	-90.670	-57.930	0	59.160	0	0	
0	[SLAMPOS]	0	-90.470	-57.820	0	59.160	0	0	
0	[SLAMPOS]	0	-90.230	-57.690	0	59.170	0	0	
0	[SLAMPOS]	0	-89.430	-57.220	0	59.180	0	0	
0	[SLAMPOS]	0	-89.210	-57.100	0	59.190	0	0	
0	[SLAMPOS]	0	-88.710	-56.810	0	59.170	0	0	
0	[SLAMPOS]	0	-88.150	-56.500	0	59.170	0	0	
0	[SLAMPOS]	0	-88.010	-56.410	0	59.170	0	0	
0	[SLAMPOS]	0	-87.430	-56.100	0	59.210	0	0	
0	[SLAMPOS]	0	-87.280	-56.010	0	59.210	0	0	
0	[SLAMPOS]	0	-86.690	-55.680	0	59.200	0	0	
0	[SLAMPOS]	0	-86.210	-55.400	0	59.200	0	0	
0	[SLAMPOS]	0	-85.970	-55.280	0	59.190	0	0	
0	[SLAMPOS]	0	-85.420	-54.980	0	59.220	0	0	
0	[SLAMPOS]	0	-84.930	-54.690	0	59.220	0	0	
0	[SLAMPOS]	0	-84.700	-54.570	0	59.230	0	0	
0	[SLAMPOS]	0	-83.900	-54.120	0	59.250	0	0	
0	[SLAMPOS]	0	-83.680	-53.990	0	59.240	0	0	
0	[SLAMPOS]	0	-83.190	-53.710	0	59.240	0	0	
0	[SLAMPOS]	0	-82.630	-53.390	0	59.210	0	0	
0	[SLAMPOS]	0	-82.480	-53.300	0	59.210	0	0	
0	[SLAMPOS]	0	-81.930	-53.000	0	59.220	0	0	
0	[SLAMPOS]	0	-81.440	-52.710	0	59.220	0	0	
0	[SLAMPOS]	0	-81.220	-52.580	0	59.220	0	0	
0	[SLAMPOS]	0	-80.660	-52.270	0	59.230	0	0	
0	[SLAMPOS]	0	-80.160	-51.980	0	59.220	0	0	
0	[SLAMPOS]	0	-79.980	-51.880	0	59.210	0	0	
0	[SLAMPOS]	0	-79.160	-51.400	0	59.170	0	0	
0	[SLAMPOS]	0	-78.940	-51.280	0	59.160	0	0	
0	[SLAMPOS]	0	-78.440	-50.990	0	59.160	0	0	
0	[SLAMPOS]	0	-77.900	-50.690	0	59.190	0	0	
0	[SLAMPOS]	0	-77.740	-50.590	0	59.180	0	0	
0	[SLAMPOS]	0	-77.190	-50.280	0	59.180	0	0	
0	[SLAMPOS]	0	-76.700	-50.000	0	59.170	0	0	
0	[SLAMPOS]	0	-76.480	-49.870	0	59.150	0	0	
0	[SLAMPOS]	0	-75.650	-49.400	0	59.130	0	0	
0	[SLAMPOS]	0	-75.420	-49.280	0	59.130	0	0	
0	[SLAMPOS]	0	-74.930	-49.000	0	59.120	0	0	
0	[SLAMPOS]	0	-74.350	-48.680	0	59.120	0	0	
0	[SLAMPOS]	0	-74.130	-48.560	0	59.110	0	0	
0	[SLAMPOS]	0	-73.640	-48.270	0	59.110	0	0	
0	[SLAMPOS]	0	-73.070	-47.950	0	59.080	0	0	
0	[SLAMPOS]	0	-72.920	-47.860	0	59.080	0	0	
0	[SLAMPOS]	0	-72.350	-47.540	0	59.070	0	0	
0	[SLAMPOS]	0	-72.200	-47.450	0	59.090	0	0	
0	[SLAMPOS]	0	-71.610	-47.110	0	59.110	0	0	
0	[SLAMPOS]	0	-71.110	-46.820	0	59.140	0	0	
0	[SLAMPOS]	0	-70.900	-46.700	0	59.110	0	0	
0	[SLAMPOS]	0	-70.310	-46.370	0	59.150	0	0	
0	[SLAMPOS]	0	-69.830	-46.090	0	59.200	0	0	
0	[SLAMPOS]	0	-69.580	-45.960	0	59.220	0	0	
0	[SLAMPOS]	0	-68.760	-45.490	0	59.270	0	0	
0	[SLAMPOS]	0	-68.530	-45.360	0	59.270	0	0	
0	[SLAMPOS]	0	-68.030	-45.080	0	59.300	0	0	
0	[SLAMPOS]	0	-67.440	-44.750	0	59.320	0	0	
0	[SLAMPOS]	0	-67.290	-44.660	0	59.330	0	0	
0	[SLAMPOS]	0	-66.710	-44.340	0	59.370	0	0	
0	[SLAMPOS]	0	-66.100	-44.000	0	59.400	0	0	
0	[SLAMPOS]	0	-65.970	-43.920	0	59.410	0	0	
0	[SLAMPOS]	0	-65.380	-43.600	0	59.430	0	0	
0	[SLAMPOS]	0	-64.860	-43.300	0	59.450	0	0	
0	[SLAMPOS]	0	-64.640	-43.180	0	59.460	0	0	
0	[SLAMPOS]	0	-63.800	-42.700	0	59.500	0	0	
0	[SLAMPOS]	0	-63.570	-42.580	0	59.520	0	0	
0	[SLAMPOS]	0	-63.010	-42.260	0	59.540	0	0	
0	[SLAMPOS]	0	-62.410	-41.930	0	59.560	0	0	
0	[SLAMPOS]	0	-62.200	-41.810	0	59.560	0	0	
0	[SLAMPOS]	0	-61.690	-41.520	0	59.560	0	0	
0	[SLAMPOS]	0	-61.470	-41.400	0	59.560	0	0	
0	[SLAMPOS]	0	-60.940	-41.100	0	59.550	0	0	
0	[SLAMPOS]	0	-60.290	-40.750	0	59.550	0	0	
0	[SLAMPOS]	0	-60.150	-40.670	0	59.550	0	0	
0	[SLAMPOS]	0	-59.550	-40.330	0	59.530	0	0	
0	[SLAMPOS]	0	-58.940	-39.990	0	59.510	0	0	
0	[SLAMPOS]	0	-58.800	-39.910	0	59.500	0	0	
0	[SLAMPOS]	0	-58.210	-39.580	0	59.510	0	0	
0	[SLAMPOS]	0	-57.710	-39.290	0	59.500	0	0	
0	[SLAMPOS]	0	-57.470	-39.160	0	59.490	0	0	
0	[SLAMPOS]	0	-56.960	-38.860	0	59.470	0	0	
0	[SLAMPOS]	0	-56.370	-38.520	0	59.460	0	0	
0	[SLAMPOS]	0	-56.130	-38.390	0	59.460	0	0	
0	[SLAMPOS]	0	-55.280	-37.900	0	59.450	0	0	
0	[SLAMPOS]	0	-55.030	-37.760	0	59.440	0	0	
0	[SLAMPOS]	0	-54.540	-37.480	0	59.430	0	0	
0	[SLAMPOS]	0	-53.950	-37.140	0	59.420	0	0	
0	[SLAMPOS]	0	-53.780	-37.040	0	59.410	0	0	
0	[SLAMPOS]	0	-53.200	-36.700	0	59.390	0	0	
0	[SLAMPOS]	0	-53.050	-36.610	0	59.390	0	0	
0	[SLAMPOS]	0	-52.440	-36.250	0	59.360	0	0	
0	[SLAMPOS]	0	-51.900	-35.930	0	59.360	0	0	
0	[SLAMPOS]	0	-51.700	-35.830	0	59.360	0	0	
0	[SLAMPOS]	0	-51.130	-35.510	0	59.370	0	0	
0	[SLAMPOS]	0	-50.620	-35.210	0	59.350	0	0	
0	[SLAMPOS]	0	-50.370	-35.070	0	59.340	0	0	
0	[SLAMPOS]	0	-49.490	-34.590	0	59.350	0	0	
0	[SLAMPOS]	0	-49.230	-34.470	0	59.350	0	0	
0	[SLAMPOS]	0	-48.710	-34.170	0	59.330	0	0	
0	[SLAMPOS]	0	-48.100	-33.850	0	59.320	0	0	
0	[SLAMPOS]	0	-47.940	-33.750	0	59.310	0	0	
0	[SLAMPOS]	0	-47.340	-33.410	0	59.300	0	0	
0	[SLAMPOS]	0	-46.720	-33.080	0	59.290	0	0	
0	[SLAMPOS]	0	-46.580	-33.000	0	59.290	0	0	
0	[SLAMPOS]	0	-45.980	-32.650	0	59.270	0	0	
0	[SLAMPOS]	0	-45.810	-32.560	0	59.270	0	0	
0	[SLAMPOS]	0	-45.220	-32.210	0	59.250	0	0	
0	[SLAMPOS]	0	-44.550	-31.850	0	59.260	0	0	
0	[SLAMPOS]	0	-44.400	-31.760	0	59.250	0	0	
0	[SLAMPOS]	0	-43.800	-31.420	0	59.230	0	0	
0	[SLAMPOS]	0	-43.270	-31.120	0	59.220	0	0	
0	[SLAMPOS]	0	-43.020	-30.990	0	59.210	0	0	
0	[SLAMPOS]	0	-42.100	-30.460	0	59.190	0	0	
0	[SLAMPOS]	0	-41.880	-30.350	0	59.190	0	0	
0	[SLAMPOS]	0	-41.350	-30.040	0	59.180	0	0	
0	[SLAMPOS]	0	-40.740	-29.700	0	59.170	0	0	
0	[SLAMPOS]	0	-40.490	-29.560	0	59.160	0	0	
0	[SLAMPOS]	0	-39.960	-29.250	0	59.120	0	0	
0	[SLAMPOS]	0	-39.370	-28.910	0	59.100	0	0	
0	[SLAMPOS]	0	-39.210	-28.810	0	59.100	0	0	
0	[SLAMPOS]	0	-38.590	-28.460	0	59.080	0	0	
0	[SLAMPOS]	0	-38.060	-28.160	0	59.080	0	0	
0	[SLAMPOS]	0	-37.810	-28.030	0	59.080	0	0	
0	[SLAMPOS]	0	-36.930	-27.520	0	59.050	0	0	
0	[SLAMPOS]	0	-36.690	-27.390	0	59.040	0	0	
0	[SLAMPOS]	0	-36.180	-27.080	0	59.020	0	0	
0	[SLAMPOS]	0	-35.510	-26.700	0	59.020	0	0	
0	[SLAMPOS]	0	-35.250	-26.550	0	59.010	0	0	
0	[SLAMPOS]	0	-34.730	-26.240	0	59.000	0	0	
0	[SLAMPOS]	0	-34.120	-25.900	0	58.990	0	0	
0	[SLAMPOS]	0	-33.970	-25.810	0	58.990	0	0	
0	[SLAMPOS]	0	-33.350	-25.450	0	58.970	0	0	
0	[SLAMPOS]	0	-33.170	-25.350	0	58.970	0	0	
0	[SLAMPOS]	0	-32.590	-25.020	0	58.970	0	0	
0	[SLAMPOS]	0	-32.040	-24.700	0	58.950	0	0	
0	[SLAMPOS]	0	-31.800	-24.560	0	58.940	0	0	
0	[SLAMPOS]	0	-31.210	-24.230	0	58.950	0	0	
0	[SLAMPOS]	0	-30.720	-23.940	0	58.930	0	0	
0	[SLAMPOS]	0	-30.430	-23.770	0	58.930	0	0	
0	[SLAMPOS]	0	-29.530	-23.250	0	58.910	0	0	
0	[SLAMPOS]	0	-29.260	-23.090	0	58.900	0	0	
0	[SLAMPOS]	0	-28.760	-22.800	0	58.880	0	0	
0	[SLAMPOS]	0	-28.140	-22.440	0	58.870	0	0	
0	[SLAMPOS]	0	-27.990	-22.350	0	58.870	0	0	
0	[SLAMPOS]	0	-27.350	-22.000	0	58.860	0	0	
0	[SLAMPOS]	0	-26.730	-21.650	0	58.850	0	0	
0	[SLAMPOS]	0	-26.570	-21.550	0	58.850	0	0	
0	[SLAMPOS]	0	-25.940	-21.200	0	58.840	0	0	
0	[SLAMPOS]	0	-25.770	-21.100	0	58.840	0	0	
0	[SLAMPOS]	0	-25.130	-20.730	0	58.810	0	0	
0	[SLAMPOS]	0	-24.210	-20.220	0	58.850	0	0	
0	[SLAMPOS]	0	-23.950	-20.080	0	58.860	0	0	
0	[SLAMPOS]	0	-23.420	-19.770	0	58.870	0	0	
0	[SLAMPOS]	0	-22.780	-19.420	0	58.900	0	0	
0	[SLAMPOS]	0	-22.590	-19.310	0	58.910	0	0	
0	[SLAMPOS]	0	-21.960	-18.960	0	58.940	0	0	
0	[SLAMPOS]	0	-21.340	-18.620	0	58.960	0	0	
0	[SLAMPOS]	0	-21.170	-18.520	0	58.970	0	0	
0	[SLAMPOS]	0	-20.540	-18.180	0	58.990	0	0	
0	[SLAMPOS]	0	-20.370	-18.070	0	59.000	0	0	
0	[SLAMPOS]	0	-19.730	-17.700	0	59.000	0	0	
0	[SLAMPOS]	0	-19.180	-17.380	0	59.020	0	0	
0	[SLAMPOS]	0	-18.920	-17.220	0	59.010	0	0	
0	[SLAMPOS]	0	-18.020	-16.690	0	59.040	0	0	
0	[SLAMPOS]	0	-17.760	-16.540	0	59.040	0	0	
0	[SLAMPOS]	0	-17.220	-16.220	0	59.050	0	0	
0	[SLAMPOS]	0	-16.570	-15.850	0	59.070	0	0	
0	[SLAMPOS]	0	-16.300	-15.710	0	59.090	0	0	
0	[SLAMPOS]	0	-15.770	-15.390	0	59.070	0	0	
0	[SLAMPOS]	0	-15.120	-15.020	0	59.070	0	0	
0	[SLAMPOS]	0	-14.930	-14.910	0	59.060	0	0	
0	[SLAMPOS]	0	-14.310	-14.570	0	59.070	0	0	
0	[SLAMPOS]	0	-13.750	-14.250	0	59.060	0	0	
0	[SLAMPOS]	0	-13.500	-14.110	0	59.060	0	0	
0	[SLAMPOS]	0	-12.550	-13.550	0	59.040	0	0	
0	[SLAMPOS]	0	-12.290	-13.400	0	59.030	0	0	
0	[SLAMPOS]	0	-11.720	-13.080	0	59.030	0	0	
0	[SLAMPOS]	0	-11.050	-12.710	0	59.040	0	0	
0	[SLAMPOS]	0	-10.890	-12.610	0	59.040	0	0	
0	[SLAMPOS]	0	-10.240	-12.240	0	59.030	0	0	
0	[SLAMPOS]	0	-9.580	-11.860	0	59.010	0	0	
0	[SLAMPOS]	0	-9.420	-11.770	0	59.010	0	0	
0	[SLAMPOS]	0	-8.730	-11.380	0	59.020	0	0	
0	[SLAMPOS]	0	-8.570	-11.280	0	59.020	0	0	
0	[SLAMPOS]	0	-7.890	-10.900	0	59.010	0	0	
0	[SLAMPOS]	0	-7.320	-10.570	0	59.000	0	0	
0	[SLAMPOS]	0	-7.060	-10.420	0	59.000	0	0	
0	[SLAMPOS]	0	-6.070	-9.850	0	58.990	0	0	
0	[SLAMPOS]	0	-5.770	-9.680	0	58.990	0	0	
0	[SLAMPOS]	0	-5.530	-9.540	0	58.980	0	0	
0	[SLAMPOS]	0	-4.550	-8.980	0	58.980	0	0	
0	[SLAMPOS]	0	-4.290	-8.830	0	58.980	0	0	
0	[SLAMPOS]	0	-3.700	-8.480	0	58.980	0	0	
0	[SLAMPOS]	0	-3.040	-8.110	0	58.980	0	0	
0	[SLAMPOS]	0	-2.870	-8.010	0	58.980	0	0	
0	[SLAMPOS]	0	-2.200	-7.630	0	58.980	0	0	
0	[SLAMPOS]	0	-1.530	-7.250	0	58.980	0	0	
0	[SLAMPOS]	0	-1.360	-7.150	0	58.980	0	0	
0	[SLAMPOS]	0	-0.680	-6.770	0	58.980	0	0	
0	[SLAMPOS]	0	-0.100	-6.420	0	58.970	0	0	
0	[SLAMPOS]	0	0.170	-6.280	0	58.980	0	0	
0	[SLAMPOS]	0	1.140	-5.710	0	58.970	0	0	
0	[SLAMPOS]	0	1.430	-5.540	0	58.970	0	0	
0	[SLAMPOS]	0	2.000	-5.210	0	59.000	0	0	
0	[SLAMPOS]	0	2.680	-4.820	0	59.030	0	0	
0	[SLAMPOS]	0	2.870	-4.710	0	59.040	0	0	
0	[SLAMPOS]	0	3.560	-4.320	0	59.070	0	0	
0	[SLAMPOS]	0	4.230	-3.940	0	59.100	0	0	
0	[SLAMPOS]	0	4.400	-3.830	0	59.110	0	0	
0	[SLAMPOS]	0	5.140	-3.420	0	59.160	0	0	
0	[SLAMPOS]	0	5.890	-3.000	0	59.200	0	0	
0	[SLAMPOS]	0	6.000	-2.940	0	59.210	0	0	
0	[SLAMPOS]	0	6.620	-2.590	0	59.250	0	0	
0	[SLAMPOS]	0	6.880	-2.440	0	59.250	0	0	
0	[SLAMPOS]	0	7.900	-1.870	0	59.310	0	0	
0	[SLAMPOS]	0	8.170	-1.720	0	59.320	0	0	
0	[SLAMPOS]	0	8.430	-1.560	0	59.320	0	0	
0	[SLAMPOS]	0	9.460	-0.990	0	59.350	0	0	
0	[SLAMPOS]	0	9.720	-0.850	0	59.360	0	0	
0	[SLAMPOS]	0	10.340	-0.500	0	59.360	0	0	
0	[SLAMPOS]	0	11.020	-0.120	0	59.330	0	0	
0	[SLAMPOS]	0	11.190	-0.010	0	59.320	0	0	
0	[SLAMPOS]	0	11.890	0.380	0	59.300	0	0	
0	[SLAMPOS]	0	12.500	0.740	0	59.270	0	0	
0	[SLAMPOS]	0	12.740	0.870	0	59.280	0	0	
0	[SLAMPOS]	0	13.420	1.270	0	59.250	0	0	
0	[SLAMPOS]	0	14.020	1.610	0	59.220	0	0	
0	[SLAMPOS]	0	14.300	1.770	0	59.220	0	0	
0	[SLAMPOS]	0	14.890	2.100	0	59.210	0	0	
0	[SLAMPOS]	0	15.580	2.490	0	59.180	0	0	
0	[SLAMPOS]	0	16.180	2.830	0	59.150	0	0	
0	[SLAMPOS]	0	16.880	3.220	0	59.130	0	0	
0	[SLAMPOS]	0	17.060	3.330	0	59.120	0	0	
0	[SLAMPOS]	0	17.750	3.720	0	59.100	0	0	
0	[SLAMPOS]	0	17.930	3.830	0	59.090	0	0	
0	[SLAMPOS]	0	18.610	4.210	0	59.080	0	0	
0	[SLAMPOS]	0	19.290	4.600	0	59.050	0	0	
0	[SLAMPOS]	0	19.480	4.710	0	59.040	0	0	
0	[SLAMPOS]	0	20.150	5.090	0	59.020	0	0	
0	[SLAMPOS]	0	20.810	5.470	0	59.000	0	0	
0	[SLAMPOS]	0	20.450	5.220	0	59.010	0	0	
0	[SLAMPOS]	0	21.880	6.090	0	58.950	0	0	
0	[SLAMPOS]	0	22.290	6.330	0	58.940	0	0	
0	[SLAMPOS]	0	22.870	6.670	0	58.920	0	0	
0	[SLAMPOS]	0	23.540	7.050	0	58.900	0	0	
0	[SLAMPOS]	0	24.390	7.540	0	58.870	0	0	
0	[SLAMPOS]	0	24.500	7.610	0	58.870	0	0	
0	[SLAMPOS]	0	25.100	7.950	0	58.860	0	0	
0	[SLAMPOS]	0	25.250	8.040	0	58.850	0	0	
0	[SLAMPOS]	0	25.930	8.420	0	58.830	0	0	
0	[SLAMPOS]	0	26.510	8.770	0	58.800	0	0	
0	[SLAMPOS]	0	26.790	8.930	0	58.790	0	0	
0	[SLAMPOS]	0	27.820	9.540	0	58.750	0	0	
0	[SLAMPOS]	0	28.020	9.640	0	58.760	0	0	
0	[SLAMPOS]	0	28.600	9.960	0	58.760	0	0	
0	[SLAMPOS]	0	29.380	10.420	0	58.710	0	0	
0	[SLAMPOS]	0	29.470	10.480	0	58.700	0	0	
0	[SLAMPOS]	0	30.170	10.880	0	58.670	0	0	
0	[SLAMPOS]	0	30.940	11.330	0	58.650	0	0	
0	[SLAMPOS]	0	31.070	11.410	0	58.640	0	0	
0	[SLAMPOS]	0	31.610	11.730	0	58.620	0	0	
0	[SLAMPOS]	0	32.370	12.170	0	58.600	0	0	
0	[SLAMPOS]	0	32.580	12.280	0	58.600	0	0	
0	[SLAMPOS]	0	33.520	12.820	0	58.560	0	0	
0	[SLAMPOS]	0	33.690	12.930	0	58.550	0	0	
0	[SLAMPOS]	0	34.440	13.350	0	58.520	0	0	
0	[SLAMPOS]	0	35.110	13.750	0	58.500	0	0	
0	[SLAMPOS]	0	35.290	13.860	0	58.490	0	0	
0	[SLAMPOS]	0	35.990	14.270	0	58.470	0	0	
0	[SLAMPOS]	0	36.140	14.360	0	58.460	0	0	
0	[SLAMPOS]	0	36.810	14.740	0	58.450	0	0	
0	[SLAMPOS]	0	37.560	15.190	0	58.420	0	0	
0	[SLAMPOS]	0	37.670	15.260	0	58.420	0	0	
0	[SLAMPOS]	0	38.670	15.850	0	58.380	0	0	
0	[SLAMPOS]	0	38.960	16.020	0	58.370	0	0	
0	[SLAMPOS]	0	39.720	16.470	0	58.340	0	0	
0	[SLAMPOS]	0	40.260	16.790	0	58.330	0	0	
0	[SLAMPOS]	0	40.890	17.160	0	58.310	0	0	
0	[SLAMPOS]	0	41.030	17.250	0	58.310	0	0	
0	[SLAMPOS]	0	41.880	17.750	0	58.270	0	0	
0	[SLAMPOS]	0	42.520	18.130	0	58.250	0	0	
0	[SLAMPOS]	0	42.660	18.220	0	58.250	0	0	
0	[SLAMPOS]	0	43.160	18.500	0	58.240	0	0	
0	[SLAMPOS]	0	43.390	18.630	0	58.230	0	0	
0	[SLAMPOS]	0	44.360	19.220	0	58.220	0	0	
0	[SLAMPOS]	0	44.670	19.400	0	58.210	0	0	
0	[SLAMPOS]	0	45.210	19.730	0	58.220	0	0	
0	[SLAMPOS]	0	45.740	20.030	0	58.240	0	0	
0	[SLAMPOS]	0	46.260	20.340	0	58.270	0	0	
0	[SLAMPOS]	0	46.760	20.640	0	58.280	0	0	
0	[SLAMPOS]	0	47.410	21.010	0	58.300	0	0	
0	[SLAMPOS]	0	47.580	21.110	0	58.300	0	0	
0	[SLAMPOS]	0	48.230	21.500	0	58.320	0	0	
0	[SLAMPOS]	0	48.940	21.900	0	58.350	0	0	
0	[SLAMPOS]	0	49.110	22.010	0	58.350	0	0	
0	[SLAMPOS]	0	49.750	22.370	0	58.370	0	0	
0	[SLAMPOS]	0	49.920	22.480	0	58.370	0	0	
0	[SLAMPOS]	0	50.600	22.870	0	58.390	0	0	
0	[SLAMPOS]	0	51.170	23.210	0	58.410	0	0	
0	[SLAMPOS]	0	51.390	23.340	0	58.400	0	0	
0	[SLAMPOS]	0	52.340	23.900	0	58.440	0	0	
0	[SLAMPOS]	0	52.580	24.040	0	58.450	0	0	
0	[SLAMPOS]	0	53.140	24.390	0	58.490	0	0	
0	[SLAMPOS]	0	53.770	24.740	0	58.530	0	0	
0	[SLAMPOS]	0	54.380	25.100	0	58.570	0	0	
0	[SLAMPOS]	0	54.510	25.180	0	58.580	0	0	
0	[SLAMPOS]	0	55.210	25.570	0	58.640	0	0	
0	[SLAMPOS]	0	55.330	25.640	0	58.650	0	0	
0	[SLAMPOS]	0	55.890	25.960	0	58.680	0	0	
0	[SLAMPOS]	0	56.460	26.310	0	58.720	0	0	
0	[SLAMPOS]	0	56.650	26.410	0	58.720	0	0	
0	[SLAMPOS]	0	57.540	26.940	0	58.790	0	0	
0	[SLAMPOS]	0	57.790	27.080	0	58.800	0	0	
0	[SLAMPOS]	0	58.050	27.220	0	58.820	0	0	
0	[SLAMPOS]	0	58.870	27.700	0	58.870	0	0	
0	[SLAMPOS]	0	59.140	27.860	0	58.880	0	0	
0	[SLAMPOS]	0	59.720	28.200	0	58.920	0	0	
0	[SLAMPOS]	0	60.260	28.510	0	58.950	0	0	
0	[SLAMPOS]	0	60.400	28.590	0	58.950	0	0	
0	[SLAMPOS]	0	61.080	28.970	0	58.980	0	0	
0	[SLAMPOS]	0	61.130	29.010	0	58.980	0	0	
0	[SLAMPOS]	0	61.750	29.360	0	58.970	0	0	
0	[SLAMPOS]	0	62.310	29.680	0	58.970	0	0	
0	[SLAMPOS]	0	62.490	29.790	0	58.970	0	0	
0	[SLAMPOS]	0	62.990	30.060	0	58.990	0	0	
0	[SLAMPOS]	0	63.460	30.340	0	58.990	0	0	
0	[SLAMPOS]	0	64.030	30.670	0	58.990	0	0	
0	[SLAMPOS]	0	64.550	30.970	0	59.010	0	0	
0	[SLAMPOS]	0	65.090	31.270	0	59.000	0	0	
0	[SLAMPOS]	0	65.300	31.400	0	59.020	0	0	
0	[SLAMPOS]	0	65.800	31.670	0	59.020	0	0	
0	[SLAMPOS]	0	65.930	31.750	0	59.040	0	0	
0	[SLAMPOS]	0	66.590	32.130	0	59.080	0	0	
0	[SLAMPOS]	0	67.110	32.430	0	59.100	0	0	
0	[SLAMPOS]	0	67.150	32.460	0	59.100	0	0	
0	[SLAMPOS]	0	67.970	32.920	0	59.150	0	0	
0	[SLAMPOS]	0	68.190	33.040	0	59.160	0	0	
0	[SLAMPOS]	0	68.410	33.160	0	59.170	0	0	
0	[SLAMPOS]	0	69.210	33.620	0	59.220	0	0	
0	[SLAMPOS]	0	69.410	33.730	0	59.230	0	0	
0	[SLAMPOS]	0	69.880	34.010	0	59.260	0	0	
0	[SLAMPOS]	0	70.460	34.330	0	59.290	0	0	
0	[SLAMPOS]	0	70.560	34.390	0	59.300	0	0	
0	[SLAMPOS]	0	71.090	34.680	0	59.330	0	0	
0	[SLAMPOS]	0	71.550	34.950	0	59.360	0	0	
0	[SLAMPOS]	0	71.760	35.060	0	59.360	0	0	
0	[SLAMPOS]	0	72.230	35.330	0	59.390	0	0	
0	[SLAMPOS]	0	72.750	35.620	0	59.420	0	0	
0	[SLAMPOS]	0	72.950	35.720	0	59.440	0	0	
0	[SLAMPOS]	0	73.420	36.000	0	59.480	0	0	
0	[SLAMPOS]	0	73.930	36.270	0	59.520	0	0	
0	[SLAMPOS]	0	74.390	36.540	0	59.550	0	0	
0	[SLAMPOS]	0	74.920	36.830	0	59.560	0	0	
0	[SLAMPOS]	0	75.060	36.910	0	59.570	0	0	
0	[SLAMPOS]	0	75.580	37.200	0	59.590	0	0	
0	[SLAMPOS]	0	75.720	37.280	0	59.600	0	0	
0	[SLAMPOS]	0	76.250	37.570	0	59.630	0	0	
0	[SLAMPOS]	0	76.780	37.870	0	59.640	0	0	
0	[SLAMPOS]	0	76.900	37.940	0	59.640	0	0	
0	[SLAMPOS]	0	77.420	38.220	0	59.650	0	0	
0	[SLAMPOS]	0	77.900	38.490	0	59.650	0	0	
0	[SLAMPOS]	0	78.080	38.590	0	59.650	0	0	
0	[SLAMPOS]	0	78.840	39.020	0	59.620	0	0	
0	[SLAMPOS]	0	79.140	39.180	0	59.600	0	0	
0	[SLAMPOS]	0	79.300	39.270	0	59.600	0	0	
0	[SLAMPOS]	0	80.030	39.690	0	59.580	0	0	
0	[SLAMPOS]	0	80.340	39.860	0	59.570	0	0	
0	[SLAMPOS]	0	80.680	40.060	0	59.550	0	0	
0	[SLAMPOS]	0	80.790	40.120	0	59.540	0	0	
0	[SLAMPOS]	0	81.370	40.440	0	59.520	0	0	
0	[SLAMPOS]	0	81.800	40.680	0	59.500	0	0	
0	[SLAMPOS]	0	82.230	40.930	0	59.470	0	0	
0	[SLAMPOS]	0	82.420	41.030	0	59.470	0	0	
0	[SLAMPOS]	0	83.150	41.450	0	59.430	0	0	
0	[SLAMPOS]	0	83.330	41.550	0	59.420	0	0	
0	[SLAMPOS]	0	83.580	41.680	0	59.410	0	0	
0	[SLAMPOS]	0	84.210	42.040	0	59.370	0	0	
0	[SLAMPOS]	0	84.400	42.150	0	59.360	0	0	
0	[SLAMPOS]	0	84.810	42.380	0	59.330	0	0	
0	[SLAMPOS]	0	85.230	42.620	0	59.300	0	0	
0	[SLAMPOS]	0	85.340	42.680	0	59.300	0	0	
0	[SLAMPOS]	0	85.770	42.920	0	59.260	0	0	
0	[SLAMPOS]	0	85.910	43.000	0	59.250	0	0	
0	[SLAMPOS]	0	86.310	43.240	0	59.220	0	0	
0	[SLAMPOS]	0	86.690	43.440	0	59.210	0	0	
0	[SLAMPOS]	0	86.850	43.530	0	59.200	0	0	
0	[SLAMPOS]	0	87.450	43.880	0	59.180	0	0	
0	[SLAMPOS]	0	87.850	44.110	0	59.140	0	0	
0	[SLAMPOS]	0	88.030	44.210	0	59.130	0	0	
0	[SLAMPOS]	0	88.340	44.400	0	59.110	0	0	
0	[SLAMPOS]	0	88.440	44.450	0	59.100	0	0	
0	[SLAMPOS]	0	88.840	44.680	0	59.090	0	0	
0	[SLAMPOS]	0	89.180	44.870	0	59.070	0	0	
0	[SLAMPOS]	0	89.270	44.930	0	59.060	0	0	
0	[SLAMPOS]	0	89.640	45.150	0	59.030	0	0	
0	[SLAMPOS]	0	89.940	45.320	0	59.000	0	0	
0	[SLAMPOS]	0	90.060	45.380	0	58.990	0	0	
0	[SLAMPOS]	0	90.570	45.680	0	58.980	0	0	
0	[SLAMPOS]	0	90.690	45.750	0	58.980	0	0	
0	[SLAMPOS]	0	90.990	45.920	0	58.960	0	0	
0	[SLAMPOS]	0	91.290	46.090	0	58.940	0	0	
0	[SLAMPOS]	0	91.380	46.150	0	58.930	0	0	
0	[SLAMPOS]	0	91.700	46.330	0	58.910	0	0	
0	[SLAMPOS]	0	91.980	46.490	0	58.890	0	0	
0	[SLAMPOS]	0	92.100	46.550	0	58.890	0	0	
0	[SLAMPOS]	0	92.400	46.720	0	58.870	0	0	
0	[SLAMPOS]	0	92.470	46.770	0	58.860	0	0	
0	[SLAMPOS]	0	92.780	46.940	0	58.850	0	0	
0	[SLAMPOS]	0	93.010	47.080	0	58.830	0	0	
0	[SLAMPOS]	0	93.120	47.140	0	58.820	0	0	
0	[SLAMPOS]	0	93.400	47.290	0	58.810	0	0	
0	[SLAMPOS]	0	93.640	47.430	0	58.800	0	0	
0	[SLAMPOS]	0	93.740	47.500	0	58.790	0	0	
0	[SLAMPOS]	0	94.140	47.730	0	58.780	0	0	
0	[SLAMPOS]	0	94.240	47.790	0	58.770	0	0	
0	[SLAMPOS]	0	94.490	47.930	0	58.740	0	0	
0	[SLAMPOS]	0	94.760	48.080	0	58.700	0	0	
0	[SLAMPOS]	0	94.840	48.130	0	58.690	0	0	
0	[SLAMPOS]	0	95.110	48.280	0	58.680	0	0	
0	[SLAMPOS]	0	95.330	48.420	0	58.660	0	0	
0	[SLAMPOS]	0	95.460	48.490	0	58.650	0	0	
0	[SLAMPOS]	0	95.760	48.670	0	58.590	0	0	
0	[SLAMPOS]	0	95.980	48.800	0	58.550	0	0	
0	[SLAMPOS]	0	96.040	48.830	0	58.540	0	0	
0	[SLAMPOS]	0	96.430	49.060	0	58.520	0	0	
0	[SLAMPOS]	0	96.530	49.120	0	58.500	0	0	
0	[SLAMPOS]	0	96.760	49.260	0	58.480	0	0	
0	[SLAMPOS]	0	97.030	49.410	0	58.470	0	0	
0	[SLAMPOS]	0	97.090	49.450	0	58.480	0	0	
0	[SLAMPOS]	0	97.360	49.600	0	58.490	0	0	
0	[SLAMPOS]	0	97.420	49.640	0	58.490	0	0	
0	[SLAMPOS]	0	97.690	49.800	0	58.500	0	0	
0	[SLAMPOS]	0	97.970	49.960	0	58.500	0	0	
0	[SLAMPOS]	0	98.190	50.090	0	58.500	0	0	
0	[SLAMPOS]	0	98.280	50.140	0	58.500	0	0	
0	[SLAMPOS]	0	98.670	50.370	0	58.500	0	0	
0	[SLAMPOS]	0	98.780	50.430	0	58.490	0	0	
0	[SLAMPOS]	0	99.000	50.560	0	58.480	0	0	
0	[SLAMPOS]	0	99.260	50.720	0	58.460	0	0	
0	[SLAMPOS]	0	99.330	50.760	0	58.460	0	0	
0	[SLAMPOS]	0	99.590	50.910	0	58.440	0	0	
0	[SLAMPOS]	0	99.660	50.950	0	58.430	0	0	
0	[SLAMPOS]	0	99.930	51.110	0	58.440	0	0	
0	[SLAMPOS]	0	100.170	51.240	0	58.430	0	0	
0	[SLAMPOS]	0	100.270	51.310	0	58.420	0	0	
0	[SLAMPOS]	0	100.530	51.450	0	58.400	0	0	
0	[SLAMPOS]	0	100.790	51.610	0	58.390	0	0	
0	[SLAMPOS]	0	100.890	51.670	0	58.380	0	0	
0	[SLAMPOS]	0	101.310	51.910	0	58.370	0	0	
0	[SLAMPOS]	0	101.400	51.960	0	58.360	0	0	
0	[SLAMPOS]	0	101.640	52.110	0	58.350	0	0	
0	[SLAMPOS]	0	101.930	52.280	0	58.340	0	0	
0	[SLAMPOS]	0	101.990	52.320	0	58.330	0	0	
0	[SLAMPOS]	0	102.280	52.490	0	58.340	0	0	
0	[SLAMPOS]	0	102.630	52.700	0	58.330	0	0	
0	[SLAMPOS]	0	102.960	52.890	0	58.330	0	0	
0	[SLAMPOS]	0	102.970	52.890	0	58.330	0	0	
0	[SLAMPOS]	0	103.210	53.040	0	58.320	0	0	
0	[SLAMPOS]	0	103.330	53.100	0	58.320	0	0	
0	[SLAMPOS]	0	103.790	53.380	0	58.310	0	0	
0	[SLAMPOS]	0	103.920	53.460	0	58.300	0	0	
0	[SLAMPOS]	0	104.200	53.620	0	58.290	0	0	
0	[SLAMPOS]	0	104.550	53.830	0	58.280	0	0	
0	[SLAMPOS]	0	104.630	53.880	0	58.290	0	0	
0	[SLAMPOS]	0	105.020	54.110	0	58.290	0	0	
0	[SLAMPOS]	0	105.080	54.140	0	58.300	0	0	
0	[SLAMPOS]	0	105.440	54.350	0	58.300	0	0	
0	[SLAMPOS]	0	105.810	54.570	0	58.320	0	0	
0	[SLAMPOS]	0	105.910	54.630	0	58.340	0	0	
0	[SLAMPOS]	0	106.280	54.840	0	58.380	0	0	
0	[SLAMPOS]	0	106.630	55.050	0	58.440	0	0	
0	[SLAMPOS]	0	106.780	55.140	0	58.460	0	0	
0	[SLAMPOS]	0	107.360	55.480	0	58.560	0	0	
0	[SLAMPOS]	0	107.530	55.570	0	58.570	0	0	
0	[SLAMPOS]	0	107.880	55.780	0	58.630	0	0	
0	[SLAMPOS]	0	108.290	56.010	0	58.690	0	0	
0	[SLAMPOS]	0	108.770	56.290	0	58.770	0	0	
0	[SLAMPOS]	0	108.830	56.320	0	58.790	0	0	
0	[SLAMPOS]	0	109.280	56.580	0	58.850	0	0	
0	[SLAMPOS]	0	109.370	56.630	0	58.880	0	0	
0	[SLAMPOS]	0	109.800	56.880	0	58.950	0	0	
0	[SLAMPOS]	0	110.190	57.100	0	59.060	0	0	
0	[SLAMPOS]	0	110.350	57.190	0	59.090	0	0	
0	[SLAMPOS]	0	110.870	57.480	0	59.240	0	0	
0	[SLAMPOS]	0	111.190	57.670	0	59.360	0	0	
0	[SLAMPOS]	0	111.580	57.890	0	59.510	0	0	
0	[SLAMPOS]	0	112.050	58.150	0	59.660	0	0	
0	[SLAMPOS]	0	112.170	58.220	0	59.720	0	0	
0	[SLAMPOS]	0	112.530	58.410	0	59.820	0	0	
0	[SLAMPOS]	0	113.300	58.840	0	60.140	0	0	
0	[SLAMPOS]	0	113.700	59.040	0	60.260	0	0	
0	[SLAMPOS]	0	113.750	59.070	0	60.290	0	0	
0	[SLAMPOS]	0	114.320	59.370	0	60.520	0	0	
0	[SLAMPOS]	0	114.630	59.540	0	60.660	0	0	
0	[SLAMPOS]	0	114.960	59.710	0	60.800	0	0	
0	[SLAMPOS]	0	115.010	59.750	0	60.830	0	0	
0	[SLAMPOS]	0	115.530	60.010	0	61.000	0	0	
0	[SLAMPOS]	0	115.980	60.250	0	61.210	0	0	
0	[SLAMPOS]	0	116.190	60.350	0	61.280	0	0	
0	[SLAMPOS]	0	116.980	60.750	0	61.630	0	0	
0	[SLAMPOS]	0	117.170	60.850	0	61.690	0	0	
0	[SLAMPOS]	0	117.630	61.080	0	61.900	0	0	
0	[SLAMPOS]	0	118.170	61.350	0	62.090	0	0	
0	[SLAMPOS]	0	118.410	61.460	0	62.180	0	0	
0	[SLAMPOS]	0	118.850	61.680	0	62.360	0	0	
0	[SLAMPOS]	0	119.430	61.960	0	62.560	0	0	
0	[SLAMPOS]	0	119.570	62.030	0	62.620	0	0	
0	[SLAMPOS]	0	120.130	62.300	0	62.790	0	0	
0	[SLAMPOS]	0	120.700	62.570	0	62.950	0	0	
0	[SLAMPOS]	0	120.800	62.620	0	62.990	0	0	
0	[SLAMPOS]	0	121.280	62.850	0	63.140	0	0	
0	[SLAMPOS]	0	121.500	62.950	0	63.200	0	0	
0	[SLAMPOS]	0	122.060	63.210	0	63.360	0	0	
0	[SLAMPOS]	0	122.550	63.450	0	63.510	0	0	
0	[SLAMPOS]	0	123.110	63.710	0	63.640	0	0	
0	[SLAMPOS]	0	123.600	63.940	0	63.750	0	0	
0	[SLAMPOS]	0	124.190	64.200	0	63.870	0	0	
0	[SLAMPOS]	0	124.350	64.280	0	63.900	0	0	
0	[SLAMPOS]	0	124.900	64.530	0	63.980	0	0	
0	[SLAMPOS]	0	125.060	64.600	0	64.010	0	0	
0	[SLAMPOS]	0	125.630	64.860	0	64.080	0	0	
0	[SLAMPOS]	0	126.120	65.090	0	64.150	0	0	
0	[SLAMPOS]	0	126.350	65.190	0	64.180	0	0	
0	[SLAMPOS]	0	126.900	65.440	0	64.250	0	0	
0	[SLAMPOS]	0	127.450	65.690	0	64.320	0	0	
0	[SLAMPOS]	0	128.310	66.080	0	64.410	0	0	
0	[SLAMPOS]	0	128.420	66.130	0	64.410	0	0	
0	[SLAMPOS]	0	128.820	66.310	0	64.430	0	0	
0	[SLAMPOS]	0	129.140	66.450	0	64.440	0	0	
0	[SLAMPOS]	0	129.750	66.720	0	64.450	0	0	
0	[SLAMPOS]	0	130.170	66.910	0	64.450	0	0	
0	[SLAMPOS]	0	130.870	67.230	0	64.410	0	0	
0	[SLAMPOS]	0	131.160	67.360	0	64.400	0	0	
0	[SLAMPOS]	0	131.610	67.570	0	64.370	0	0	
0	[SLAMPOS]	0	132.110	67.810	0	64.340	0	0	
0	[SLAMPOS]	0	132.650	68.050	0	64.320	0	0	
0	[SLAMPOS]	0	132.680	68.060	0	64.310	0	0	
0	[SLAMPOS]	0	133.470	68.420	0	64.250	0	0	
0	[SLAMPOS]	0	133.680	68.520	0	64.240	0	0	
0	[SLAMPOS]	0	134.200	68.760	0	64.200	0	0	
0	[SLAMPOS]	0	134.790	69.030	0	64.130	0	0	
0	[SLAMPOS]	0	134.950	69.110	0	64.100	0	0	
0	[SLAMPOS]	0	135.560	69.390	0	64.020	0	0	
0	[SLAMPOS]	0	136.060	69.620	0	63.940	0	0	
0	[SLAMPOS]	0	136.300	69.730	0	63.920	0	0	
0	[SLAMPOS]	0	137.150	70.130	0	63.790	0	0	
0	[SLAMPOS]	0	137.410	70.260	0	63.740	0	0	
0	[SLAMPOS]	0	137.950	70.520	0	63.610	0	0	
0	[SLAMPOS]	0	138.540	70.790	0	63.490	0	0	
0	[SLAMPOS]	0	138.700	70.870	0	63.450	0	0	
0	[SLAMPOS]	0	139.320	71.160	0	63.350	0	0	
0	[SLAMPOS]	0	139.910	71.440	0	63.230	0	0	
0	[SLAMPOS]	0	140.100	71.540	0	63.170	0	0	
0	[SLAMPOS]	0	140.690	71.820	0	63.060	0	0	
0	[SLAMPOS]	0	140.850	71.900	0	63.010	0	0	
0	[SLAMPOS]	0	141.480	72.210	0	62.880	0	0	
0	[SLAMPOS]	0	141.990	72.470	0	62.730	0	0	
0	[SLAMPOS]	0	142.250	72.590	0	62.680	0	0	
0	[SLAMPOS]	0	143.130	73.030	0	62.430	0	0	
0	[SLAMPOS]	0	143.340	73.130	0	62.400	0	0	
0	[SLAMPOS]	0	143.860	73.390	0	62.250	0	0	
0	[SLAMPOS]	0	144.480	73.710	0	62.100	0	0	
0	[SLAMPOS]	0	144.730	73.840	0	62.040	0	0	
0	[SLAMPOS]	0	145.250	74.100	0	61.900	0	0	
0	[SLAMPOS]	0	145.860	74.420	0	61.780	0	0	
0	[SLAMPOS]	0	146.020	74.510	0	61.730	0	0	
0	[SLAMPOS]	0	146.630	74.830	0	61.590	0	0	
0	[SLAMPOS]	0	147.190	75.120	0	61.430	0	0	
0	[SLAMPOS]	0	147.410	75.230	0	61.390	0	0	
0	[SLAMPOS]	0	148.330	75.720	0	61.140	0	0	
0	[SLAMPOS]	0	148.580	75.850	0	61.090	0	0	
0	[SLAMPOS]	0	148.810	75.970	0	61.030	0	0	
0	[SLAMPOS]	0	149.740	76.470	0	60.800	0	0	
0	[SLAMPOS]	0	149.960	76.590	0	60.750	0	0	
0	[SLAMPOS]	0	150.500	76.880	0	60.670	0	0	
0	[SLAMPOS]	0	151.130	77.230	0	60.570	0	0	
0	[SLAMPOS]	0	151.290	77.320	0	60.550	0	0	
0	[SLAMPOS]	0	151.910	77.660	0	60.500	0	0	
0	[SLAMPOS]	0	152.070	77.750	0	60.470	0	0	
0	[SLAMPOS]	0	152.700	78.080	0	60.440	0	0	
0	[SLAMPOS]	0	153.240	78.380	0	60.360	0	0	
0	[SLAMPOS]	0	153.510	78.520	0	60.330	0	0	
0	[SLAMPOS]	0	154.150	78.860	0	60.220	0	0	
0	[SLAMPOS]	0	154.670	79.150	0	60.130	0	0	
0	[SLAMPOS]	0	154.930	79.290	0	60.100	0	0	
0	[SLAMPOS]	0	155.900	79.840	0	59.950	0	0	
0	[SLAMPOS]	0	156.150	79.980	0	59.910	0	0	
0	[SLAMPOS]	0	156.700	80.290	0	59.800	0	0	
0	[SLAMPOS]	0	157.330	80.640	0	59.700	0	0	
0	[SLAMPOS]	0	157.630	80.800	0	59.660	0	0	
0	[SLAMPOS]	0	158.120	81.090	0	59.540	0	0	
0	[SLAMPOS]	0	158.760	81.440	0	59.400	0	0	
0	[SLAMPOS]	0	158.950	81.550	0	59.340	0	0	
0	[SLAMPOS]	0	159.570	81.900	0	59.210	0	0	
0	[SLAMPOS]	0	160.290	82.310	0	59.050	0	0	
0	[SLAMPOS]	0	160.430	82.390	0	59.010	0	0	
0	[SLAMPOS]	0	161.200	82.850	0	58.850	0	0	
0	[SLAMPOS]	0	161.240	82.880	0	58.840	0	0	
0	[SLAMPOS]	0	161.930	83.280	0	58.680	0	0	
0	[SLAMPOS]	0	162.390	83.550	0	58.580	0	0	
0	[SLAMPOS]	0	162.650	83.700	0	58.530	0	0	
0	[SLAMPOS]	0	163.380	84.120	0	58.420	0	0	
0	[SLAMPOS]	0	163.860	84.410	0	58.370	0	0	
0	[SLAMPOS]	0	164.160	84.580	0	58.330	0	0	
0	[SLAMPOS]	0	165.150	85.170	0	58.210	0	0	
0	[SLAMPOS]	0	165.360	85.300	0	58.180	0	0	
0	[SLAMPOS]	0	165.920	85.630	0	58.150	0	0	
0	[SLAMPOS]	0	166.670	86.070	0	58.080	0	0	
0	[SLAMPOS]	0	166.810	86.160	0	58.060	0	0	
0	[SLAMPOS]	0	167.440	86.530	0	58.000	0	0	
0	[SLAMPOS]	0	168.150	86.950	0	57.930	0	0	
0	[SLAMPOS]	0	168.320	87.060	0	57.910	0	0	
0	[SLAMPOS]	0	168.990	87.460	0	57.850	0	0	
0	[SLAMPOS]	0	169.160	87.570	0	57.830	0	0	
0	[SLAMPOS]	0	169.810	87.950	0	57.790	0	0	
0	[SLAMPOS]	0	170.380	88.300	0	57.740	0	0	
0	[SLAMPOS]	0	170.640	88.450	0	57.710	0	0	
0	[SLAMPOS]	0	171.340	88.870	0	57.650	0	0	
0	[SLAMPOS]	0	171.900	89.220	0	57.600	0	0	
0	[SLAMPOS]	0	172.160	89.370	0	57.580	0	0	
0	[SLAMPOS]	0	173.120	89.970	0	57.500	0	0	
0	[SLAMPOS]	0	173.390	90.130	0	57.480	0	0	
0	[SLAMPOS]	0	173.980	90.490	0	57.440	0	0	
0	[SLAMPOS]	0	174.630	90.880	0	57.370	0	0	
0	[SLAMPOS]	0	174.810	90.990	0	57.360	0	0	
0	[SLAMPOS]	0	175.470	91.400	0	57.300	0	0	
0	[SLAMPOS]	0	176.020	91.750	0	57.240	0	0	
0	[SLAMPOS]	0	176.290	91.920	0	57.220	0	0	
0	[SLAMPOS]	0	177.260	92.510	0	57.170	0	0	
0	[SLAMPOS]	0	177.520	92.670	0	57.150	0	0	
0	[SLAMPOS]	0	177.790	92.830	0	57.100	0	0	
0	[SLAMPOS]	0	178.770	93.420	0	57.070	0	0	
0	[SLAMPOS]	0	179.190	93.680	0	57.060	0	0	
0	[SLAMPOS]	0	179.510	93.870	0	57.070	0	0	
0	[SLAMPOS]	0	180.350	94.370	0	57.090	0	0	
0	[SLAMPOS]	0	180.530	94.490	0	57.080	0	0	
0	[SLAMPOS]	0	181.220	94.920	0	57.090	0	0	
0	[SLAMPOS]	0	181.880	95.330	0	57.120	0	0	
0	[SLAMPOS]	0	182.070	95.460	0	57.130	0	0	
0	[SLAMPOS]	0	182.770	95.880	0	57.170	0	0	
0	[SLAMPOS]	0	182.930	95.980	0	57.170	0	0	
0	[SLAMPOS]	0	183.610	96.390	0	57.190	0	0	
0	[SLAMPOS]	0	184.220	96.770	0	57.220	0	0	
0	[SLAMPOS]	0	184.460	96.920	0	57.210	0	0	
0	[SLAMPOS]	0	185.480	97.570	0	57.240	0	0	
0	[SLAMPOS]	0	185.750	97.730	0	57.260	0	0	
0	[SLAMPOS]	0	186.340	98.110	0	57.320	0	0	
0	[SLAMPOS]	0	187.060	98.540	0	57.380	0	0	
0	[SLAMPOS]	0	187.300	98.690	0	57.390	0	0	
0	[SLAMPOS]	0	187.910	99.060	0	57.450	0	0	
0	[SLAMPOS]	0	188.590	99.470	0	57.480	0	0	
0	[SLAMPOS]	0	188.770	99.590	0	57.510	0	0	
0	[SLAMPOS]	0	189.490	100.020	0	57.570	0	0	
0	[SLAMPOS]	0	190.080	100.370	0	57.650	0	0	
0	[SLAMPOS]	0	190.360	100.530	0	57.680	0	0	
0	[SLAMPOS]	0	191.380	101.150	0	57.780	0	0	
0	[SLAMPOS]	0	191.660	101.310	0	57.790	0	0	
0	[SLAMPOS]	0	192.260	101.690	0	57.840	0	0	
0	[SLAMPOS]	0	192.980	102.110	0	57.910	0	0	
0	[SLAMPOS]	0	193.240	102.260	0	57.930	0	0	
0	[SLAMPOS]	0	193.930	102.670	0	58.000	0	0	
0	[SLAMPOS]	0	194.600	103.040	0	58.060	0	0	
0	[SLAMPOS]	0	194.880	103.210	0	58.090	0	0	
0	[SLAMPOS]	0	195.470	103.570	0	58.100	0	0	
0	[SLAMPOS]	0	195.650	103.680	0	58.120	0	0	
0	[SLAMPOS]	0	196.370	104.110	0	58.160	0	0	
0	[SLAMPOS]	0	196.990	104.480	0	58.200	0	0	
0	[SLAMPOS]	0	197.430	104.710	0	58.250	0	0	
0	[SLAMPOS]	0	198.240	105.160	0	58.290	0	0	
0	[SLAMPOS]	0	198.760	105.450	0	58.330	0	0	
0	[SLAMPOS]	0	199.000	105.580	0	58.340	0	0	
0	[SLAMPOS]	0	200.080	106.220	0	58.370	0	0	
0	[SLAMPOS]	0	200.390	106.410	0	58.380	0	0	
0	[SLAMPOS]	0	200.960	106.720	0	58.400	0	0	
0	[SLAMPOS]	0	201.740	107.170	0	58.370	0	0	
0	[SLAMPOS]	0	201.920	107.280	0	58.370	0	0	
0	[SLAMPOS]	0	202.620	107.700	0	58.360	0	0	
0	[SLAMPOS]	0	203.420	108.170	0	58.370	0	0	
0	[SLAMPOS]	0	203.620	108.290	0	58.370	0	0	
0	[SLAMPOS]	0	204.250	108.670	0	58.360	0	0	
0	[SLAMPOS]	0	204.940	109.080	0	58.360	0	0	
0	[SLAMPOS]	0	205.160	109.210	0	58.360	0	0	
0	[SLAMPOS]	0	205.790	109.590	0	58.370	0	0	
0	[SLAMPOS]	0	206.520	110.020	0	58.370	0	0	
0	[SLAMPOS]	0	207.150	110.410	0	58.380	0	0	
0	[SLAMPOS]	0	207.870	110.840	0	58.390	0	0	
0	[SLAMPOS]	0	208.060	110.960	0	58.410	0	0	
0	[SLAMPOS]	0	208.810	111.400	0	58.450	0	0	
0	[SLAMPOS]	0	209.470	111.790	0	58.480	0	0	
0	[SLAMPOS]	0	209.790	111.990	0	58.500	0	0	
0	[SLAMPOS]	0	210.380	112.320	0	58.530	0	0	
0	[SLAMPOS]	0	210.570	112.440	0	58.540	0	0	
0	[SLAMPOS]	0	211.330	112.870	0	58.580	0	0	
0	[SLAMPOS]	0	211.940	113.230	0	58.620	0	0	
0	[SLAMPOS]	0	212.240	113.400	0	58.630	0	0	
0	[SLAMPOS]	0	213.320	114.040	0	58.680	0	0	
0	[SLAMPOS]	0	214.050	114.460	0	58.720	0	0	
0	[SLAMPOS]	0	214.250	114.590	0	58.720	0	0	
0	[SLAMPOS]	0	214.970	114.990	0	58.760	0	0	
0	[SLAMPOS]	0	215.700	115.400	0	58.790	0	0	
0	[SLAMPOS]	0	215.900	115.520	0	58.780	0	0	
0	[SLAMPOS]	0	216.700	115.980	0	58.770	0	0	
0	[SLAMPOS]	0	216.880	116.090	0	58.760	0	0	
0	[SLAMPOS]	0	217.550	116.470	0	58.740	0	0	
0	[SLAMPOS]	0	218.200	116.860	0	58.710	0	0	
0	[SLAMPOS]	0	218.450	117.000	0	58.700	0	0	
0	[SLAMPOS]	0	219.500	117.630	0	58.660	0	0	
0	[SLAMPOS]	0	219.800	117.790	0	58.660	0	0	
0	[SLAMPOS]	0	220.410	118.150	0	58.630	0	0	
0	[SLAMPOS]	0	221.130	118.590	0	58.590	0	0	
0	[SLAMPOS]	0	221.400	118.740	0	58.580	0	0	
0	[SLAMPOS]	0	222.040	119.110	0	58.600	0	0	
0	[SLAMPOS]	0	222.770	119.550	0	58.600	0	0	
0	[SLAMPOS]	0	222.910	119.630	0	58.610	0	0	
0	[SLAMPOS]	0	223.620	120.040	0	58.630	0	0	
0	[SLAMPOS]	0	223.810	120.160	0	58.640	0	0	
0	[SLAMPOS]	0	224.510	120.580	0	58.660	0	0	
0	[SLAMPOS]	0	225.170	120.970	0	58.690	0	0	
0	[SLAMPOS]	0	225.830	121.330	0	58.730	0	0	
0	[SLAMPOS]	0	226.450	121.700	0	58.770	0	0	
0	[SLAMPOS]	0	227.140	122.090	0	58.800	0	0	
0	[SLAMPOS]	0	227.330	122.210	0	58.810	0	0	
0	[SLAMPOS]	0	228.040	122.600	0	58.870	0	0	
0	[SLAMPOS]	0	228.230	122.710	0	58.890	0	0	
0	[SLAMPOS]	0	228.910	123.090	0	58.920	0	0	
0	[SLAMPOS]	0	229.660	123.510	0	58.960	0	0	
0	[SLAMPOS]	0	229.850	123.620	0	58.970	0	0	
0	[SLAMPOS]	0	230.560	124.030	0	59.000	0	0	
0	[SLAMPOS]	0	231.160	124.380	0	59.030	0	0	
0	[SLAMPOS]	0	231.430	124.530	0	59.040	0	0	
0	[SLAMPOS]	0	232.480	125.140	0	59.090	0	0	
0	[SLAMPOS]	0	232.750	125.280	0	59.110	0	0	
0	[SLAMPOS]	0	233.370	125.630	0	59.140	0	0	
0	[SLAMPOS]	0	234.060	126.020	0	59.160	0	0	
0	[SLAMPOS]	0	234.240	126.130	0	59.160	0	0	
0	[SLAMPOS]	0	234.940	126.530	0	59.180	0	0	
0	[SLAMPOS]	0	235.760	126.990	0	59.170	0	0	
0	[SLAMPOS]	0	235.910	127.080	0	59.170	0	0	
0	[SLAMPOS]	0	236.620	127.480	0	59.150	0	0	
0	[SLAMPOS]	0	237.230	127.830	0	59.140	0	0	
0	[SLAMPOS]	0	237.550	128.010	0	59.140	0	0	
0	[SLAMPOS]	0	238.280	128.420	0	59.140	0	0	
0	[SLAMPOS]	0	238.500	128.550	0	59.140	0	0	
0	[SLAMPOS]	0	239.150	128.930	0	59.120	0	0	
0	[SLAMPOS]	0	239.750	129.270	0	59.120	0	0	
0	[SLAMPOS]	0	240.020	129.420	0	59.120	0	0	
0	[SLAMPOS]	0	241.050	130.010	0	59.110	0	0	
0	[SLAMPOS]	0	241.770	130.420	0	59.090	0	0	
0	[SLAMPOS]	0	242.170	130.650	0	59.090	0	0	
0	[SLAMPOS]	0	242.620	130.910	0	59.090	0	0	
0	[SLAMPOS]	0	243.320	131.310	0	59.090	0	0	
0	[SLAMPOS]	0	243.510	131.420	0	59.090	0	0	
0	[SLAMPOS]	0	244.210	131.810	0	59.070	0	0	
0	[SLAMPOS]	0	244.430	131.940	0	59.070	0	0	
0	[SLAMPOS]	0	245.130	132.340	0	59.060	0	0	
0	[SLAMPOS]	0	245.730	132.690	0	59.060	0	0	
0	[SLAMPOS]	0	246.010	132.850	0	59.050	0	0	
0	[SLAMPOS]	0	247.030	133.440	0	59.050	0	0	
0	[SLAMPOS]	0	247.310	133.600	0	59.040	0	0	
0	[SLAMPOS]	0	247.550	133.730	0	59.030	0	0	
0	[SLAMPOS]	0	248.570	134.320	0	59.020	0	0	
0	[SLAMPOS]	0	248.850	134.480	0	59.010	0	0	
0	[SLAMPOS]	0	249.460	134.840	0	59.000	0	0	
0	[SLAMPOS]	0	250.130	135.200	0	59.010	0	0	
0	[SLAMPOS]	0	250.310	135.310	0	59.010	0	0	
0	[SLAMPOS]	0	251.020	135.710	0	59.010	0	0	
0	[SLAMPOS]	0	251.200	135.820	0	59.020	0	0	
0	[SLAMPOS]	0	251.890	136.210	0	59.000	0	0	
0	[SLAMPOS]	0	252.490	136.560	0	59.010	0	0	
0	[SLAMPOS]	0	252.830	136.760	0	59.000	0	0	
0	[SLAMPOS]	0	253.580	137.190	0	59.030	0	0	
0	[SLAMPOS]	0	254.360	137.630	0	59.050	0	0	
0	[SLAMPOS]	0	254.530	137.730	0	59.050	0	0	
0	[SLAMPOS]	0	255.200	138.100	0	59.060	0	0	
0	[SLAMPOS]	0	255.830	138.460	0	59.070	0	0	
0	[SLAMPOS]	0	256.080	138.600	0	59.080	0	0	
0	[SLAMPOS]	0	257.100	139.190	0	59.090	0	0	
0	[SLAMPOS]	0	257.430	139.370	0	59.100	0	0	
0	[SLAMPOS]	0	257.690	139.520	0	59.100	0	0	
0	[SLAMPOS]	0	258.720	140.110	0	59.110	0	0	
0	[SLAMPOS]	0	258.990	140.250	0	59.120	0	0	
0	[SLAMPOS]	0	259.580	140.600	0	59.130	0	0	
0	[SLAMPOS]	0	260.300	141.010	0	59.130	0	0	
0	[SLAMPOS]	0	260.460	141.100	0	59.130	0	0	
0	[SLAMPOS]	0	261.140	141.480	0	59.150	0	0	
0	[SLAMPOS]	0	261.290	141.570	0	59.150	0	0	
0	[SLAMPOS]	0	261.980	141.950	0	59.160	0	0	
0	[SLAMPOS]	0	262.590	142.310	0	59.170	0	0	
0	[SLAMPOS]	0	262.830	142.440	0	59.180	0	0	
0	[SLAMPOS]	0	263.850	143.020	0	59.200	0	0	
0	[SLAMPOS]	0	264.110	143.170	0	59.200	0	0	
0	[SLAMPOS]	0	264.390	143.320	0	59.210	0	0	
0	[SLAMPOS]	0	265.470	143.950	0	59.230	0	0	
0	[SLAMPOS]	0	266.070	144.290	0	59.230	0	0	
0	[SLAMPOS]	0	266.240	144.390	0	59.240	0	0	
0	[SLAMPOS]	0	266.960	144.790	0	59.260	0	0	
0	[SLAMPOS]	0	267.140	144.900	0	59.260	0	0	
0	[SLAMPOS]	0	267.890	145.320	0	59.270	0	0	
0	[SLAMPOS]	0	268.410	145.620	0	59.270	0	0	
0	[SLAMPOS]	0	268.680	145.770	0	59.280	0	0	
0	[SLAMPOS]	0	269.350	146.160	0	59.290	0	0	
0	[SLAMPOS]	0	269.950	146.510	0	59.310	0	0	
0	[SLAMPOS]	0	270.240	146.650	0	59.320	0	0	
0	[SLAMPOS]	0	271.220	147.230	0	59.330	0	0	
0	[SLAMPOS]	0	271.480	147.370	0	59.330	0	0	
0	[SLAMPOS]	0	272.070	147.710	0	59.350	0	0	
0	[SLAMPOS]	0	272.730	148.090	0	59.360	0	0	
0	[SLAMPOS]	0	272.910	148.190	0	59.370	0	0	
0	[SLAMPOS]	0	273.790	148.690	0	59.380	0	0	
0	[SLAMPOS]	0	274.320	148.980	0	59.390	0	0	
0	[SLAMPOS]	0	274.490	149.070	0	59.390	0	0	
0	[SLAMPOS]	0	275.130	149.440	0	59.400	0	0	
0	[SLAMPOS]	0	275.320	149.550	0	59.410	0	0	
0	[SLAMPOS]	0	275.960	149.910	0	59.420	0	0	
0	[SLAMPOS]	0	276.540	150.240	0	59.430	0	0	
0	[SLAMPOS]	0	276.830	150.390	0	59.440	0	0	
0	[SLAMPOS]	0	277.790	150.930	0	59.470	0	0	
0	[SLAMPOS]	0	278.450	151.300	0	59.480	0	0	
0	[SLAMPOS]	0	278.640	151.410	0	59.490	0	0	
0	[SLAMPOS]	0	279.300	151.780	0	59.480	0	0	
0	[SLAMPOS]	0	279.470	151.880	0	59.490	0	0	
0	[SLAMPOS]	0	280.150	152.250	0	59.520	0	0	
0	[SLAMPOS]	0	280.840	152.630	0	59.530	0	0	
0	[SLAMPOS]	0	280.990	152.720	0	59.540	0	0	
0	[SLAMPOS]	0	281.660	153.090	0	59.550	0	0	
0	[SLAMPOS]	0	282.220	153.400	0	59.570	0	0	
0	[SLAMPOS]	0	282.470	153.540	0	59.560	0	0	
0	[SLAMPOS]	0	283.460	154.100	0	59.590	0	0	
0	[SLAMPOS]	0	283.710	154.230	0	59.590	0	0	
0	[SLAMPOS]	0	284.280	154.560	0	59.600	0	0	
0	[SLAMPOS]	0	284.930	154.910	0	59.590	0	0	
0	[SLAMPOS]	0	285.100	155.010	0	59.590	0	0	
0	[SLAMPOS]	0	285.770	155.370	0	59.640	0	0	
0	[SLAMPOS]	0	286.360	155.710	0	59.630	0	0	
0	[SLAMPOS]	0	286.540	155.810	0	59.640	0	0	
0	[SLAMPOS]	0	287.190	156.180	0	59.640	0	0	
0	[SLAMPOS]	0	287.350	156.270	0	59.650	0	0	
0	[SLAMPOS]	0	287.980	156.630	0	59.660	0	0	
0	[SLAMPOS]	0	288.900	157.160	0	59.670	0	0	
0	[SLAMPOS]	0	289.170	157.290	0	59.670	0	0	
0	[SLAMPOS]	0	289.700	157.600	0	59.670	0	0	
0	[SLAMPOS]	0	290.340	157.950	0	59.690	0	0	
0	[SLAMPOS]	0	290.610	158.100	0	59.690	0	0	
0	[SLAMPOS]	0	291.130	158.400	0	59.700	0	0	
0	[SLAMPOS]	0	291.760	158.740	0	59.690	0	0	
0	[SLAMPOS]	0	291.920	158.830	0	59.700	0	0	
0	[SLAMPOS]	0	292.610	159.220	0	59.710	0	0	
0	[SLAMPOS]	0	292.730	159.290	0	59.710	0	0	
0	[SLAMPOS]	0	293.320	159.610	0	59.720	0	0	
0	[SLAMPOS]	0	293.930	159.950	0	59.730	0	0	
0	[SLAMPOS]	0	294.150	160.080	0	59.720	0	0	
0	[SLAMPOS]	0	294.770	160.410	0	59.730	0	0	
0	[SLAMPOS]	0	295.330	160.740	0	59.730	0	0	
0	[SLAMPOS]	0	295.500	160.840	0	59.730	0	0	
0	[SLAMPOS]	0	296.420	161.360	0	59.750	0	0	
0	[SLAMPOS]	0	296.630	161.480	0	59.740	0	0	
0	[SLAMPOS]	0	297.160	161.780	0	59.760	0	0	
0	[SLAMPOS]	0	297.820	162.140	0	59.770	0	0	
0	[SLAMPOS]	0	297.970	162.220	0	59.780	0	0	
0	[SLAMPOS]	0	298.570	162.550	0	59.800	0	0	
0	[SLAMPOS]	0	299.150	162.870	0	59.800	0	0	
0	[SLAMPOS]	0	299.360	162.990	0	59.800	0	0	
0	[SLAMPOS]	0	299.910	163.280	0	59.810	0	0	
0	[SLAMPOS]	0	300.070	163.380	0	59.810	0	0	
0	[SLAMPOS]	0	300.660	163.710	0	59.820	0	0	
0	[SLAMPOS]	0	301.190	164.000	0	59.840	0	0	
0	[SLAMPOS]	0	301.750	164.300	0	59.830	0	0	
0	[SLAMPOS]	0	302.260	164.590	0	59.840	0	0	
0	[SLAMPOS]	0	302.860	164.910	0	59.850	0	0	
0	[SLAMPOS]	0	303.020	165.000	0	59.860	0	0	
0	[SLAMPOS]	0	303.620	165.320	0	59.880	0	0	
0	[SLAMPOS]	0	304.190	165.640	0	59.890	0	0	
0	[SLAMPOS]	0	304.350	165.730	0	59.920	0	0	
0	[SLAMPOS]	0	304.950	166.060	0	59.930	0	0	
0	[SLAMPOS]	0	305.050	166.110	0	59.940	0	0	
0	[SLAMPOS]	0	305.610	166.420	0	59.970	0	0	
0	[SLAMPOS]	0	306.310	166.800	0	60.070	0	0	
0	[SLAMPOS]	0	306.350	166.830	0	60.070	0	0	
0	[SLAMPOS]	0	307.180	167.290	0	60.160	0	0	
0	[SLAMPOS]	0	307.400	167.410	0	60.170	0	0	
0	[SLAMPOS]	0	307.910	167.690	0	60.230	0	0	
0	[SLAMPOS]	0	308.490	168.000	0	60.300	0	0	
0	[SLAMPOS]	0	308.730	168.130	0	60.330	0	0	
0	[SLAMPOS]	0	309.220	168.400	0	60.390	0	0	
0	[SLAMPOS]	0	309.690	168.650	0	60.430	0	0	
0	[SLAMPOS]	0	309.890	168.760	0	60.440	0	0	
0	[SLAMPOS]	0	310.470	169.060	0	60.500	0	0	
0	[SLAMPOS]	0	310.980	169.330	0	60.560	0	0	
0	[SLAMPOS]	0	311.180	169.440	0	60.580	0	0	
0	[SLAMPOS]	0	312.020	169.890	0	60.650	0	0	
0	[SLAMPOS]	0	312.250	170.020	0	60.660	0	0	
0	[SLAMPOS]	0	312.740	170.290	0	60.690	0	0	
0	[SLAMPOS]	0	313.330	170.590	0	60.740	0	0	
0	[SLAMPOS]	0	313.430	170.650	0	60.730	0	0	
0	[SLAMPOS]	0	313.990	170.950	0	60.750	0	0	
0	[SLAMPOS]	0	314.120	171.020	0	60.730	0	0	
0	[SLAMPOS]	0	314.700	171.330	0	60.690	0	0	
0	[SLAMPOS]	0	315.270	171.630	0	60.660	0	0	
0	[SLAMPOS]	0	315.390	171.690	0	60.630	0	0	
0	[SLAMPOS]	0	315.930	171.980	0	60.570	0	0	
0	[SLAMPOS]	0	316.410	172.240	0	60.450	0	0	
0	[SLAMPOS]	0	316.620	172.350	0	60.410	0	0	
0	[SLAMPOS]	0	317.430	172.790	0	60.190	0	0	
0	[SLAMPOS]	0	317.960	173.090	0	60.020	0	0	
0	[SLAMPOS]	0	318.090	173.160	0	59.950	0	0	
0	[SLAMPOS]	0	318.620	173.460	0	59.740	0	0	
0	[SLAMPOS]	0	318.770	173.540	0	59.630	0	0	
0	[SLAMPOS]	0	319.290	173.840	0	59.370	0	0	
0	[SLAMPOS]	0	319.830	174.150	0	59.050	0	0	
0	[SLAMPOS]	0	319.970	174.230	0	58.940	0	0	
0	[SLAMPOS]	0	320.470	174.540	0	58.610	0	0	
0	[SLAMPOS]	0	320.920	174.810	0	58.260	0	0	
0	[SLAMPOS]	0	321.130	174.940	0	58.130	0	0	
0	[SLAMPOS]	0	321.550	175.200	0	57.780	0	0	
0	[SLAMPOS]	0	322.050	175.510	0	57.400	0	0	
0	[SLAMPOS]	0	322.230	175.630	0	57.260	0	0	
0	[SLAMPOS]	0	322.960	176.090	0	56.640	0	0	
0	[SLAMPOS]	0	322.940	176.080	0	56.660	0	0	
0	[SLAMPOS]	0	323.640	176.550	0	56.070	0	0	
0	[SLAMPOS]	0	323.830	176.670	0	55.940	0	0	
0	[SLAMPOS]	0	324.010	176.790	0	55.810	0	0	
0	[SLAMPOS]	0	324.690	177.250	0	55.230	0	0	
0	[SLAMPOS]	0	324.880	177.370	0	55.090	0	0	
0	[SLAMPOS]	0	325.270	177.640	0	54.750	0	0	
0	[SLAMPOS]	0	325.740	177.970	0	54.370	0	0	
0	[SLAMPOS]	0	325.850	178.050	0	54.270	0	0	
0	[SLAMPOS]	0	326.300	178.370	0	53.910	0	0	
0	[SLAMPOS]	0	326.410	178.450	0	53.800	0	0	
0	[SLAMPOS]	0	326.840	178.770	0	53.440	0	0	
0	[SLAMPOS]	0	327.290	179.110	0	53.080	0	0	
0	[SLAMPOS]	0	327.680	179.390	0	52.760	0	0	
0	[SLAMPOS]	0	327.850	179.510	0	52.640	0	0	
0	[SLAMPOS]	0	328.510	180.010	0	52.220	0	0	
0	[SLAMPOS]	0	328.680	180.130	0	52.130	0	0	
0	[SLAMPOS]	0	329.030	180.400	0	52.000	0	0	
0	[SLAMPOS]	0	329.460	180.740	0	51.880	0	0	
0	[SLAMPOS]	0	329.570	180.830	0	51.880	0	0	
0	[SLAMPOS]	0	330.020	181.170	0	51.820	0	0	
0	[SLAMPOS]	0	330.120	181.240	0	51.850	0	0	
0	[SLAMPOS]	0	330.560	181.590	0	51.820	0	0	
0	[SLAMPOS]	0	330.950	181.900	0	51.890	0	0	
0	[SLAMPOS]	0	331.060	181.990	0	51.950	0	0	
0	[SLAMPOS]	0	331.490	182.330	0	52.100	0	0	
0	[SLAMPOS]	0	331.850	182.610	0	52.280	0	0	
0	[SLAMPOS]	0	332.030	182.730	0	52.330	0	0	
0	[SLAMPOS]	0	332.680	183.200	0	52.660	0	0	
0	[SLAMPOS]	0	332.860	183.320	0	52.750	0	0	
0	[SLAMPOS]	0	333.230	183.590	0	52.980	0	0	
0	[SLAMPOS]	0	333.680	183.890	0	53.230	0	0	
0	[SLAMPOS]	0	333.800	183.980	0	53.310	0	0	
0	[SLAMPOS]	0	334.250	184.270	0	53.580	0	0	
0	[SLAMPOS]	0	334.690	184.560	0	53.840	0	0	
0	[SLAMPOS]	0	334.840	184.670	0	53.940	0	0	
0	[SLAMPOS]	0	335.260	184.960	0	54.190	0	0	
0	[SLAMPOS]	0	335.640	185.210	0	54.420	0	0	
0	[SLAMPOS]	0	335.820	185.310	0	54.510	0	0	
0	[SLAMPOS]	0	336.490	185.770	0	54.920	0	0	
0	[SLAMPOS]	0	336.660	185.880	0	55.010	0	0	
0	[SLAMPOS]	0	337.030	186.130	0	55.230	0	0	
0	[SLAMPOS]	0	337.470	186.410	0	55.470	0	0	
0	[SLAMPOS]	0	337.590	186.500	0	55.550	0	0	
0	[SLAMPOS]	0	338.030	186.780	0	55.790	0	0	
0	[SLAMPOS]	0	338.530	187.090	0	56.070	0	0	
0	[SLAMPOS]	0	338.610	187.150	0	56.120	0	0	
0	[SLAMPOS]	0	339.030	187.410	0	56.330	0	0	
0	[SLAMPOS]	0	339.150	187.480	0	56.400	0	0	
0	[SLAMPOS]	0	339.640	187.770	0	56.630	0	0	
0	[SLAMPOS]	0	340.000	188.000	0	56.810	0	0	
0	[SLAMPOS]	0	340.440	188.270	0	57.010	0	0	
0	[SLAMPOS]	0	340.830	188.510	0	57.200	0	0	
0	[SLAMPOS]	0	341.270	188.790	0	57.390	0	0	
0	[SLAMPOS]	0	341.390	188.860	0	57.440	0	0	
0	[SLAMPOS]	0	341.860	189.130	0	57.630	0	0	
0	[SLAMPOS]	0	341.950	189.190	0	57.670	0	0	
0	[SLAMPOS]	0	342.400	189.460	0	57.830	0	0	
0	[SLAMPOS]	0	342.840	189.710	0	57.990	0	0	
0	[SLAMPOS]	0	342.990	189.810	0	58.040	0	0	
0	[SLAMPOS]	0	343.440	190.060	0	58.190	0	0	
0	[SLAMPOS]	0	343.840	190.300	0	58.310	0	0	
0	[SLAMPOS]	0	344.020	190.400	0	58.360	0	0	
0	[SLAMPOS]	0	344.490	190.680	0	58.480	0	0	
0	[SLAMPOS]	0	344.880	190.910	0	58.590	0	0	
0	[SLAMPOS]	0	345.100	191.030	0	58.640	0	0	
0	[SLAMPOS]	0	345.490	191.270	0	58.750	0	0	
0	[SLAMPOS]	0	345.950	191.520	0	58.870	0	0	
0	[SLAMPOS]	0	346.160	191.640	0	58.920	0	0	
0	[SLAMPOS]	0	346.790	192.000	0	59.090	0	0	
0	[SLAMPOS]	0	346.960	192.100	0	59.130	0	0	
0	[SLAMPOS]	0	347.340	192.310	0	59.230	0	0	
0	[SLAMPOS]	0	347.780	192.560	0	59.330	0	0	
0	[SLAMPOS]	0	347.890	192.630	0	59.370	0	0	
0	[SLAMPOS]	0	348.400	192.910	0	59.480	0	0	
0	[SLAMPOS]	0	348.450	192.940	0	59.500	0	0	
0	[SLAMPOS]	0	348.870	193.180	0	59.590	0	0	
0	[SLAMPOS]	0	349.230	193.380	0	59.680	0	0	
0	[SLAMPOS]	0	349.380	193.470	0	59.720	0	0	
0	[SLAMPOS]	0	350.020	193.820	0	59.860	0	0	
0	[SLAMPOS]	0	350.190	193.900	0	59.900	0	0	
0	[SLAMPOS]	0	350.350	193.980	0	59.930	0	0	
0	[SLAMPOS]	0	350.980	194.320	0	60.090	0	0	
0	[SLAMPOS]	0	351.150	194.410	0	60.130	0	0	
0	[SLAMPOS]	0	351.500	194.610	0	60.220	0	0	
0	[SLAMPOS]	0	351.920	194.840	0	60.300	0	0	
0	[SLAMPOS]	0	352.050	194.910	0	60.340	0	0	
0	[SLAMPOS]	0	352.430	195.110	0	60.410	0	0	
0	[SLAMPOS]	0	352.780	195.300	0	60.480	0	0	
0	[SLAMPOS]	0	352.950	195.390	0	60.510	0	0	
0	[SLAMPOS]	0	353.360	195.610	0	60.590	0	0	
0	[SLAMPOS]	0	353.710	195.800	0	60.610	0	0	
0	[SLAMPOS]	0	353.870	195.870	0	60.630	0	0	
0	[SLAMPOS]	0	354.200	196.070	0	60.610	0	0	
0	[SLAMPOS]	0	354.590	196.270	0	60.570	0	0	
0	[SLAMPOS]	0	354.950	196.480	0	60.490	0	0	
0	[SLAMPOS]	0	355.320	196.680	0	60.390	0	0	
0	[SLAMPOS]	0	355.420	196.740	0	60.350	0	0	
0	[SLAMPOS]	0	355.810	196.940	0	60.200	0	0	
0	[SLAMPOS]	0	355.910	196.990	0	60.140	0	0	
0	[SLAMPOS]	0	356.290	197.200	0	60.000	0	0	
0	[SLAMPOS]	0	356.650	197.400	0	59.840	0	0	
0	[SLAMPOS]	0	356.740	197.450	0	59.780	0	0	
0	[SLAMPOS]	0	357.100	197.640	0	59.600	0	0	
0	[SLAMPOS]	0	357.400	197.820	0	59.390	0	0	
0	[SLAMPOS]	0	357.550	197.900	0	59.300	0	0	
0	[SLAMPOS]	0	358.070	198.190	0	58.900	0	0	
0	[SLAMPOS]	0	358.210	198.260	0	58.790	0	0	
0	[SLAMPOS]	0	358.600	198.490	0	58.460	0	0	
0	[SLAMPOS]	0	358.940	198.710	0	58.100	0	0	
0	[SLAMPOS]	0	358.950	198.710	0	58.080	0	0	
0	[SLAMPOS]	0	359.230	198.890	0	57.820	0	0	
0	[SLAMPOS]	0	359.510	199.060	0	57.470	0	0	
0	[SLAMPOS]	0	359.630	199.150	0	57.310	0	0	
0	[SLAMPOS]	0	359.970	199.360	0	56.870	0	0	
0	[SLAMPOS]	0	360.250	199.540	0	56.420	0	0	
0	[SLAMPOS]	0	360.370	199.640	0	56.240	0	0	
0	[SLAMPOS]	0	360.820	199.960	0	55.350	0	0	
0	[SLAMPOS]	0	360.950	200.050	0	55.100	0	0	
0	[SLAMPOS]	0	361.200	200.230	0	54.510	0	0	
0	[SLAMPOS]	0	361.510	200.450	0	53.790	0	0	
0	[SLAMPOS]	0	361.630	200.540	0	53.460	0	0	
0	[SLAMPOS]	0	361.870	200.720	0	52.760	0	0	
0	[SLAMPOS]	0	361.950	200.780	0	52.480	0	0	
0	[SLAMPOS]	0	362.230	201.000	0	51.610	0	0	
0	[SLAMPOS]	0	362.530	201.250	0	50.510	0	0	
0	[SLAMPOS]	0	362.590	201.300	0	50.240	0	0	
0	[SLAMPOS]	0	362.880	201.540	0	49.170	0	0	
0	[SLAMPOS]	0	363.100	201.740	0	48.220	0	0	
0	[SLAMPOS]	0	363.190	201.830	0	47.800	0	0	
0	[SLAMPOS]	0	363.570	202.200	0	46.060	0	0	
0	[SLAMPOS]	0	363.660	202.290	0	45.630	0	0	
0	[SLAMPOS]	0	363.740	202.390	0	45.200	0	0	
0	[SLAMPOS]	0	364.100	202.760	0	43.310	0	0	
0	[SLAMPOS]	0	364.190	202.870	0	42.800	0	0	
0	[SLAMPOS]	0	364.390	203.100	0	41.640	0	0	
0	[SLAMPOS]	0	364.590	203.350	0	40.360	0	0	
0	[SLAMPOS]	0	364.660	203.440	0	39.840	0	0	
0	[SLAMPOS]	0	364.850	203.700	0	38.620	0	0	
0	[SLAMPOS]	0	365.020	203.920	0	37.420	0	0	
0	[SLAMPOS]	0	365.100	204.030	0	36.850	0	0	
0	[SLAMPOS]	0	365.370	204.450	0	34.720	0	0	
0	[SLAMPOS]	0	365.440	204.560	0	34.180	0	0	
0	[SLAMPOS]	0	365.520	204.690	0	33.530	0	0	
0	[SLAMPOS]	0	365.760	205.110	0	31.390	0	0	
0	[SLAMPOS]	0	365.760	205.100	0	31.390	0	0	
0	[SLAMPOS]	0	365.890	205.370	0	30.040	0	0	
0	[SLAMPOS]	0	366.030	205.630	0	28.620	0	0	
0	[SLAMPOS]	0	366.080	205.730	0	28.040	0	0	
0	[SLAMPOS]	0	366.290	206.160	0	25.610	0	0	
0	[SLAMPOS]	0	366.350	206.330	0	24.730	0	0	
0	[SLAMPOS]	0	366.450	206.570	0	23.360	0	0	
0	[SLAMPOS]	0	366.550	206.860	0	21.760	0	0	
0	[SLAMPOS]	0	366.590	206.980	0	21.140	0	0	
0	[SLAMPOS]	0	366.670	207.240	0	19.630	0	0	
0	[SLAMPOS]	0	366.770	207.550	0	17.950	0	0	
0	[SLAMPOS]	0	366.790	207.620	0	17.520	0	0	
0	[SLAMPOS]	0	366.850	207.920	0	15.850	0	0	
0	[SLAMPOS]	0	366.910	208.180	0	14.380	0	0	
0	[SLAMPOS]	0	366.930	208.300	0	13.740	0	0	
0	[SLAMPOS]	0	367.000	208.660	0	11.840	0	0	
0	[SLAMPOS]	0	367.030	208.870	0	10.730	0	0	
0	[SLAMPOS]	0	367.070	209.140	0	9.350	0	0	
0	[SLAMPOS]	0	367.100	209.450	0	7.860	0	0	
0	[SLAMPOS]	0	367.110	209.590	0	7.180	0	0	
0	[SLAMPOS]	0	367.140	209.840	0	5.980	0	0	
0	[SLAMPOS]	0	367.140	210.140	0	4.610	0	0	
0	[SLAMPOS]	0	367.150	210.230	0	4.240	0	0	
0	[SLAMPOS]	0	367.160	210.530	0	2.890	0	0	
0	[SLAMPOS]	0	367.160	210.610	0	2.570	0	0	
0	[SLAMPOS]	0	367.170	210.910	0	1.300	0	0	
0	[SLAMPOS]	0	367.160	211.170	0	0.200	0	0	
0	[SLAMPOS]	0	367.150	211.290	0	359.710	0	0	
0	[SLAMPOS]	0	367.130	211.750	0	357.810	0	0	
0	[SLAMPOS]	0	367.130	211.860	0	357.330	0	0	
0	[SLAMPOS]	0	367.100	211.990	0	356.820	0	0	
0	[SLAMPOS]	0	367.060	212.440	0	354.980	0	0	
0	[SLAMPOS]	0	367.040	212.590	0	354.340	0	0	
0	[SLAMPOS]	0	367.030	212.850	0	353.310	0	0	
0	[SLAMPOS]	0	366.980	213.150	0	352.090	0	0	
0	[SLAMPOS]	0	366.970	213.220	0	351.790	0	0	
0	[SLAMPOS]	0	366.930	213.510	0	350.600	0	0	
0	[SLAMPOS]	0	366.880	213.770	0	349.510	0	0	
0	[SLAMPOS]	0	366.860	213.870	0	349.100	0	0	
0	[SLAMPOS]	0	366.790	214.140	0	347.970	0	0	
0	[SLAMPOS]	0	366.720	214.430	0	346.800	0	0	
0	[SLAMPOS]	0	366.690	214.540	0	346.370	0	0	
0	[SLAMPOS]	0	366.560	214.970	0	344.650	0	0	
0	[SLAMPOS]	0	366.520	215.080	0	344.240	0	0	
0	[SLAMPOS]	0	366.440	215.340	0	343.250	0	0	
0	[SLAMPOS]	0	366.320	215.630	0	342.150	0	0	
0	[SLAMPOS]	0	366.270	215.760	0	341.660	0	0	
0	[SLAMPOS]	0	366.180	216.010	0	340.700	0	0	
0	[SLAMPOS]	0	366.060	216.300	0	339.640	0	0	
0	[SLAMPOS]	0	366.040	216.380	0	339.370	0	0	
0	[SLAMPOS]	0	365.920	216.660	0	338.400	0	0	
0	[SLAMPOS]	0	365.890	216.730	0	338.150	0	0	
0	[SLAMPOS]	0	365.760	217.010	0	337.170	0	0	
0	[SLAMPOS]	0	365.650	217.260	0	336.350	0	0	
0	[SLAMPOS]	0	365.600	217.370	0	336.000	0	0	
0	[SLAMPOS]	0	365.470	217.650	0	335.110	0	0	
0	[SLAMPOS]	0	365.350	217.880	0	334.340	0	0	
0	[SLAMPOS]	0	365.300	217.990	0	333.980	0	0	
0	[SLAMPOS]	0	365.100	218.410	0	332.640	0	0	
0	[SLAMPOS]	0	365.040	218.500	0	332.300	0	0	
0	[SLAMPOS]	0	364.910	218.750	0	331.510	0	0	
0	[SLAMPOS]	0	364.770	219.010	0	330.710	0	0	
0	[SLAMPOS]	0	364.730	219.080	0	330.490	0	0	
0	[SLAMPOS]	0	364.580	219.350	0	329.660	0	0	
0	[SLAMPOS]	0	364.540	219.420	0	329.440	0	0	
0	[SLAMPOS]	0	364.350	219.700	0	328.550	0	0	
0	[SLAMPOS]	0	364.190	219.950	0	327.770	0	0	
0	[SLAMPOS]	0	363.980	220.240	0	326.850	0	0	
0	[SLAMPOS]	0	363.920	220.340	0	326.520	0	0	
0	[SLAMPOS]	0	363.730	220.620	0	325.640	0	0	
0	[SLAMPOS]	0	363.690	220.670	0	325.470	0	0	
0	[SLAMPOS]	0	363.480	220.970	0	324.550	0	0	
0	[SLAMPOS]	0	363.300	221.210	0	323.760	0	0	
0	[SLAMPOS]	0	363.250	221.280	0	323.540	0	0	
0	[SLAMPOS]	0	363.030	221.560	0	322.640	0	0	
0	[SLAMPOS]	0	362.790	221.850	0	321.800	0	0	
0	[SLAMPOS]	0	362.610	222.070	0	321.140	0	0	
0	[SLAMPOS]	0	362.570	222.110	0	321.020	0	0	
0	[SLAMPOS]	0	362.330	222.410	0	320.160	0	0	
0	[SLAMPOS]	0	362.100	222.690	0	319.390	0	0	
0	[SLAMPOS]	0	362.040	222.750	0	319.230	0	0	
0	[SLAMPOS]	0	361.860	222.950	0	318.710	0	0	
0	[SLAMPOS]	0	361.670	223.170	0	318.210	0	0	
0	[SLAMPOS]	0	361.590	223.260	0	318.020	0	0	
0	[SLAMPOS]	0	361.310	223.560	0	317.380	0	0	
0	[SLAMPOS]	0	361.330	223.560	0	316.790	0	0	
0	[SLAMPOS]	0	360.690	224.210	0	316.090	0	0	
0	[SLAMPOS]	0	360.680	224.210	0	316.090	0	0	
0	[SLAMPOS]	0	360.440	224.450	0	315.650	0	0	
0	[SLAMPOS]	0	360.380	224.510	0	315.560	0	0	
0	[SLAMPOS]	0	360.150	224.750	0	315.150	0	0	
0	[SLAMPOS]	0	359.910	225.000	0	314.790	0	0	
0	[SLAMPOS]	0	359.840	225.070	0	314.700	0	0	
0	[SLAMPOS]	0	359.590	225.310	0	314.360	0	0	
0	[SLAMPOS]	0	359.360	225.500	0	314.130	0	0	
0	[SLAMPOS]	0	359.260	225.600	0	314.030	0	0	
0	[SLAMPOS]	0	358.890	225.970	0	313.690	0	0	
