0	[SLAMPOS]	0	298.340	168.280	0	238.900	0	0	
0	[SLAMPOS]	0	297.280	167.670	0	238.920	0	0	
0	[SLAMPOS]	0	297.000	167.510	0	238.910	0	0	
0	[SLAMPOS]	0	296.370	167.140	0	238.910	0	0	
0	[SLAMPOS]	0	295.630	166.720	0	238.910	0	0	
0	[SLAMPOS]	0	295.320	166.560	0	238.940	0	0	
0	[SLAMPOS]	0	294.710	166.200	0	238.940	0	0	
0	[SLAMPOS]	0	293.970	165.790	0	238.960	0	0	
0	[SLAMPOS]	0	293.760	165.670	0	238.980	0	0	
0	[SLAMPOS]	0	293.040	165.260	0	239.000	0	0	
0	[SLAMPOS]	0	292.860	165.150	0	239.010	0	0	
0	[SLAMPOS]	0	292.130	164.750	0	239.080	0	0	
0	[SLAMPOS]	0	291.030	164.100	0	239.140	0	0	
0	[SLAMPOS]	0	290.760	163.950	0	239.150	0	0	
0	[SLAMPOS]	0	290.110	163.580	0	239.200	0	0	
0	[SLAMPOS]	0	289.330	163.140	0	239.250	0	0	
0	[SLAMPOS]	0	289.050	162.990	0	239.270	0	0	
0	[SLAMPOS]	0	288.400	162.600	0	239.290	0	0	
0	[SLAMPOS]	0	287.640	162.200	0	239.340	0	0	
0	[SLAMPOS]	0	287.440	162.080	0	239.320	0	0	
0	[SLAMPOS]	0	286.700	161.670	0	239.330	0	0	
0	[SLAMPOS]	0	286.510	161.560	0	239.320	0	0	
0	[SLAMPOS]	0	285.740	161.130	0	239.300	0	0	
0	[SLAMPOS]	0	285.110	160.760	0	239.250	0	0	
0	[SLAMPOS]	0	284.790	160.580	0	239.230	0	0	
0	[SLAMPOS]	0	284.000	160.140	0	239.220	0	0	
0	[SLAMPOS]	0	283.380	159.780	0	239.170	0	0	
0	[SLAMPOS]	0	283.100	159.620	0	239.170	0	0	
0	[SLAMPOS]	0	281.970	158.980	0	239.080	0	0	
0	[SLAMPOS]	0	281.670	158.810	0	239.070	0	0	
0	[SLAMPOS]	0	281.000	158.440	0	239.040	0	0	
0	[SLAMPOS]	0	280.250	158.020	0	239.000	0	0	
0	[SLAMPOS]	0	280.060	157.900	0	238.980	0	0	
0	[SLAMPOS]	0	279.300	157.480	0	238.950	0	0	
0	[SLAMPOS]	0	278.640	157.080	0	238.900	0	0	
0	[SLAMPOS]	0	278.360	156.930	0	238.900	0	0	
0	[SLAMPOS]	0	277.260	156.290	0	238.860	0	0	
0	[SLAMPOS]	0	276.970	156.130	0	238.850	0	0	
0	[SLAMPOS]	0	276.700	155.970	0	238.830	0	0	
0	[SLAMPOS]	0	275.580	155.310	0	238.870	0	0	
0	[SLAMPOS]	0	275.270	155.140	0	238.890	0	0	
0	[SLAMPOS]	0	274.640	154.770	0	238.910	0	0	
0	[SLAMPOS]	0	273.900	154.350	0	238.940	0	0	
0	[SLAMPOS]	0	273.700	154.230	0	238.950	0	0	
0	[SLAMPOS]	0	272.950	153.820	0	238.980	0	0	
0	[SLAMPOS]	0	272.760	153.700	0	238.990	0	0	
0	[SLAMPOS]	0	272.020	153.270	0	238.990	0	0	
0	[SLAMPOS]	0	271.280	152.840	0	239.000	0	0	
0	[SLAMPOS]	0	271.080	152.720	0	239.010	0	0	
0	[SLAMPOS]	0	270.340	152.290	0	239.040	0	0	
0	[SLAMPOS]	0	269.670	151.900	0	239.060	0	0	
0	[SLAMPOS]	0	269.380	151.760	0	239.080	0	0	
0	[SLAMPOS]	0	268.290	151.120	0	239.110	0	0	
0	[SLAMPOS]	0	267.990	150.950	0	239.100	0	0	
0	[SLAMPOS]	0	267.350	150.590	0	239.130	0	0	
0	[SLAMPOS]	0	266.590	150.180	0	239.160	0	0	
0	[SLAMPOS]	0	266.310	150.010	0	239.160	0	0	
0	[SLAMPOS]	0	265.660	149.650	0	239.190	0	0	
0	[SLAMPOS]	0	264.910	149.220	0	239.190	0	0	
0	[SLAMPOS]	0	264.760	149.130	0	239.190	0	0	
0	[SLAMPOS]	0	263.990	148.700	0	239.220	0	0	
0	[SLAMPOS]	0	263.350	148.330	0	239.230	0	0	
0	[SLAMPOS]	0	263.050	148.170	0	239.230	0	0	
0	[SLAMPOS]	0	261.960	147.550	0	239.250	0	0	
0	[SLAMPOS]	0	261.670	147.390	0	239.250	0	0	
0	[SLAMPOS]	0	260.980	146.990	0	239.230	0	0	
0	[SLAMPOS]	0	260.320	146.630	0	239.230	0	0	
0	[SLAMPOS]	0	260.120	146.510	0	239.220	0	0	
0	[SLAMPOS]	0	259.390	146.100	0	239.220	0	0	
0	[SLAMPOS]	0	259.200	145.980	0	239.210	0	0	
0	[SLAMPOS]	0	258.450	145.560	0	239.210	0	0	
0	[SLAMPOS]	0	257.740	145.140	0	239.180	0	0	
0	[SLAMPOS]	0	257.080	144.760	0	239.170	0	0	
0	[SLAMPOS]	0	256.800	144.600	0	239.180	0	0	
0	[SLAMPOS]	0	255.710	143.970	0	239.170	0	0	
0	[SLAMPOS]	0	255.420	143.810	0	239.160	0	0	
0	[SLAMPOS]	0	254.770	143.430	0	239.160	0	0	
0	[SLAMPOS]	0	254.030	143.030	0	239.160	0	0	
0	[SLAMPOS]	0	253.780	142.880	0	239.150	0	0	
0	[SLAMPOS]	0	253.040	142.460	0	239.140	0	0	
0	[SLAMPOS]	0	252.710	142.280	0	239.130	0	0	
0	[SLAMPOS]	0	252.100	141.930	0	239.120	0	0	
0	[SLAMPOS]	0	251.360	141.510	0	239.120	0	0	
0	[SLAMPOS]	0	251.160	141.400	0	239.120	0	0	
0	[SLAMPOS]	0	250.420	140.980	0	239.100	0	0	
0	[SLAMPOS]	0	249.770	140.610	0	239.110	0	0	
0	[SLAMPOS]	0	249.500	140.460	0	239.100	0	0	
0	[SLAMPOS]	0	248.420	139.840	0	239.100	0	0	
0	[SLAMPOS]	0	248.130	139.680	0	239.090	0	0	
0	[SLAMPOS]	0	247.860	139.530	0	239.080	0	0	
0	[SLAMPOS]	0	246.770	138.890	0	239.070	0	0	
0	[SLAMPOS]	0	246.510	138.740	0	239.060	0	0	
0	[SLAMPOS]	0	245.880	138.380	0	239.070	0	0	
0	[SLAMPOS]	0	245.160	137.970	0	239.080	0	0	
0	[SLAMPOS]	0	244.980	137.860	0	239.090	0	0	
0	[SLAMPOS]	0	244.250	137.440	0	239.100	0	0	
0	[SLAMPOS]	0	243.500	137.030	0	239.120	0	0	
0	[SLAMPOS]	0	243.310	136.920	0	239.140	0	0	
0	[SLAMPOS]	0	242.600	136.510	0	239.160	0	0	
0	[SLAMPOS]	0	242.410	136.400	0	239.170	0	0	
0	[SLAMPOS]	0	241.710	136.010	0	239.200	0	0	
0	[SLAMPOS]	0	241.130	135.680	0	239.230	0	0	
0	[SLAMPOS]	0	240.790	135.490	0	239.240	0	0	
0	[SLAMPOS]	0	239.740	134.900	0	239.300	0	0	
0	[SLAMPOS]	0	239.450	134.750	0	239.310	0	0	
0	[SLAMPOS]	0	238.810	134.380	0	239.340	0	0	
0	[SLAMPOS]	0	238.110	134.000	0	239.370	0	0	
0	[SLAMPOS]	0	237.930	133.890	0	239.390	0	0	
0	[SLAMPOS]	0	237.210	133.500	0	239.420	0	0	
0	[SLAMPOS]	0	236.640	133.170	0	239.450	0	0	
0	[SLAMPOS]	0	236.330	132.980	0	239.450	0	0	
0	[SLAMPOS]	0	235.660	132.620	0	239.470	0	0	
0	[SLAMPOS]	0	235.040	132.260	0	239.500	0	0	
0	[SLAMPOS]	0	234.740	132.090	0	239.520	0	0	
0	[SLAMPOS]	0	233.710	131.520	0	239.570	0	0	
0	[SLAMPOS]	0	233.420	131.360	0	239.590	0	0	
0	[SLAMPOS]	0	232.810	131.020	0	239.620	0	0	
0	[SLAMPOS]	0	232.120	130.630	0	239.630	0	0	
0	[SLAMPOS]	0	231.770	130.440	0	239.640	0	0	
0	[SLAMPOS]	0	231.120	130.080	0	239.650	0	0	
0	[SLAMPOS]	0	230.440	129.710	0	239.670	0	0	
0	[SLAMPOS]	0	230.250	129.600	0	239.660	0	0	
0	[SLAMPOS]	0	229.520	129.200	0	239.640	0	0	
0	[SLAMPOS]	0	228.770	128.800	0	239.630	0	0	
0	[SLAMPOS]	0	228.590	128.690	0	239.620	0	0	
0	[SLAMPOS]	0	227.870	128.310	0	239.620	0	0	
0	[SLAMPOS]	0	227.690	128.200	0	239.610	0	0	
0	[SLAMPOS]	0	226.980	127.810	0	239.600	0	0	
0	[SLAMPOS]	0	226.400	127.480	0	239.580	0	0	
0	[SLAMPOS]	0	226.100	127.310	0	239.570	0	0	
0	[SLAMPOS]	0	225.060	126.700	0	239.530	0	0	
0	[SLAMPOS]	0	224.820	126.570	0	239.520	0	0	
0	[SLAMPOS]	0	224.210	126.230	0	239.510	0	0	
0	[SLAMPOS]	0	223.520	125.850	0	239.490	0	0	
0	[SLAMPOS]	0	223.340	125.740	0	239.480	0	0	
0	[SLAMPOS]	0	222.620	125.340	0	239.450	0	0	
0	[SLAMPOS]	0	221.930	124.930	0	239.420	0	0	
0	[SLAMPOS]	0	221.760	124.830	0	239.410	0	0	
0	[SLAMPOS]	0	221.070	124.450	0	239.400	0	0	
0	[SLAMPOS]	0	220.480	124.090	0	239.380	0	0	
0	[SLAMPOS]	0	220.200	123.940	0	239.370	0	0	
0	[SLAMPOS]	0	219.460	123.540	0	239.350	0	0	
0	[SLAMPOS]	0	218.930	123.230	0	239.330	0	0	
0	[SLAMPOS]	0	218.650	123.080	0	239.330	0	0	
0	[SLAMPOS]	0	218.080	122.760	0	239.320	0	0	
0	[SLAMPOS]	0	217.380	122.380	0	239.310	0	0	
0	[SLAMPOS]	0	216.790	122.040	0	239.310	0	0	
0	[SLAMPOS]	0	216.120	121.670	0	239.300	0	0	
0	[SLAMPOS]	0	215.940	121.560	0	239.330	0	0	
0	[SLAMPOS]	0	215.260	121.190	0	239.350	0	0	
0	[SLAMPOS]	0	215.070	121.070	0	239.380	0	0	
0	[SLAMPOS]	0	214.410	120.700	0	239.440	0	0	
0	[SLAMPOS]	0	213.830	120.360	0	239.520	0	0	
0	[SLAMPOS]	0	213.570	120.220	0	239.550	0	0	
0	[SLAMPOS]	0	212.910	119.840	0	239.630	0	0	
0	[SLAMPOS]	0	212.320	119.510	0	239.720	0	0	
0	[SLAMPOS]	0	212.060	119.370	0	239.750	0	0	
0	[SLAMPOS]	0	211.080	118.840	0	239.890	0	0	
0	[SLAMPOS]	0	210.830	118.700	0	239.920	0	0	
0	[SLAMPOS]	0	210.270	118.380	0	240.000	0	0	
0	[SLAMPOS]	0	209.570	118.010	0	240.100	0	0	
0	[SLAMPOS]	0	209.430	117.930	0	240.130	0	0	
0	[SLAMPOS]	0	208.760	117.580	0	240.210	0	0	
0	[SLAMPOS]	0	208.190	117.270	0	240.300	0	0	
0	[SLAMPOS]	0	207.930	117.130	0	240.320	0	0	
0	[SLAMPOS]	0	207.280	116.790	0	240.400	0	0	
0	[SLAMPOS]	0	206.710	116.470	0	240.490	0	0	
0	[SLAMPOS]	0	206.450	116.330	0	240.510	0	0	
0	[SLAMPOS]	0	205.480	115.830	0	240.650	0	0	
0	[SLAMPOS]	0	205.250	115.710	0	240.670	0	0	
0	[SLAMPOS]	0	204.670	115.390	0	240.750	0	0	
0	[SLAMPOS]	0	204.020	115.070	0	240.830	0	0	
0	[SLAMPOS]	0	203.850	114.970	0	240.850	0	0	
0	[SLAMPOS]	0	203.190	114.610	0	240.930	0	0	
0	[SLAMPOS]	0	203.020	114.520	0	240.960	0	0	
0	[SLAMPOS]	0	202.360	114.170	0	241.030	0	0	
0	[SLAMPOS]	0	201.720	113.840	0	241.110	0	0	
0	[SLAMPOS]	0	201.560	113.760	0	241.140	0	0	
0	[SLAMPOS]	0	200.930	113.420	0	241.200	0	0	
0	[SLAMPOS]	0	200.370	113.140	0	241.280	0	0	
0	[SLAMPOS]	0	200.100	113.000	0	241.310	0	0	
0	[SLAMPOS]	0	199.140	112.500	0	241.450	0	0	
0	[SLAMPOS]	0	198.490	112.180	0	241.530	0	0	
0	[SLAMPOS]	0	198.320	112.090	0	241.550	0	0	
0	[SLAMPOS]	0	197.650	111.760	0	241.630	0	0	
0	[SLAMPOS]	0	197.470	111.670	0	241.650	0	0	
0	[SLAMPOS]	0	196.860	111.350	0	241.720	0	0	
0	[SLAMPOS]	0	196.210	111.030	0	241.800	0	0	
0	[SLAMPOS]	0	196.030	110.940	0	241.810	0	0	
0	[SLAMPOS]	0	195.390	110.610	0	241.900	0	0	
0	[SLAMPOS]	0	194.810	110.320	0	241.950	0	0	
0	[SLAMPOS]	0	194.570	110.200	0	241.980	0	0	
0	[SLAMPOS]	0	193.620	109.710	0	242.010	0	0	
0	[SLAMPOS]	0	193.380	109.590	0	242.010	0	0	
0	[SLAMPOS]	0	192.840	109.310	0	242.020	0	0	
0	[SLAMPOS]	0	192.200	108.970	0	242.010	0	0	
0	[SLAMPOS]	0	192.040	108.890	0	242.010	0	0	
0	[SLAMPOS]	0	191.410	108.580	0	242.040	0	0	
0	[SLAMPOS]	0	191.240	108.490	0	242.040	0	0	
0	[SLAMPOS]	0	190.580	108.180	0	242.070	0	0	
0	[SLAMPOS]	0	189.940	107.860	0	242.070	0	0	
0	[SLAMPOS]	0	189.780	107.780	0	242.080	0	0	
0	[SLAMPOS]	0	189.150	107.470	0	242.080	0	0	
0	[SLAMPOS]	0	188.230	107.010	0	242.120	0	0	
0	[SLAMPOS]	0	187.980	106.890	0	242.140	0	0	
0	[SLAMPOS]	0	187.440	106.590	0	242.190	0	0	
0	[SLAMPOS]	0	186.840	106.270	0	242.220	0	0	
0	[SLAMPOS]	0	186.670	106.180	0	242.240	0	0	
0	[SLAMPOS]	0	186.030	105.870	0	242.270	0	0	
0	[SLAMPOS]	0	185.870	105.780	0	242.280	0	0	
0	[SLAMPOS]	0	185.220	105.480	0	242.370	0	0	
0	[SLAMPOS]	0	184.630	105.180	0	242.430	0	0	
0	[SLAMPOS]	0	184.460	105.090	0	242.450	0	0	
0	[SLAMPOS]	0	183.820	104.790	0	242.470	0	0	
0	[SLAMPOS]	0	183.260	104.530	0	242.510	0	0	
0	[SLAMPOS]	0	183.020	104.420	0	242.530	0	0	
0	[SLAMPOS]	0	182.110	103.970	0	242.580	0	0	
0	[SLAMPOS]	0	181.870	103.860	0	242.610	0	0	
0	[SLAMPOS]	0	181.320	103.590	0	242.650	0	0	
0	[SLAMPOS]	0	180.700	103.280	0	242.650	0	0	
0	[SLAMPOS]	0	180.440	103.170	0	242.650	0	0	
0	[SLAMPOS]	0	179.920	102.900	0	242.610	0	0	
0	[SLAMPOS]	0	179.280	102.580	0	242.550	0	0	
0	[SLAMPOS]	0	179.090	102.480	0	242.500	0	0	
0	[SLAMPOS]	0	178.490	102.180	0	242.400	0	0	
0	[SLAMPOS]	0	178.320	102.090	0	242.360	0	0	
0	[SLAMPOS]	0	177.730	101.800	0	242.250	0	0	
0	[SLAMPOS]	0	177.210	101.520	0	242.140	0	0	
0	[SLAMPOS]	0	176.620	101.220	0	242.020	0	0	
0	[SLAMPOS]	0	176.400	101.090	0	241.990	0	0	
0	[SLAMPOS]	0	175.520	100.660	0	241.790	0	0	
0	[SLAMPOS]	0	175.300	100.550	0	241.740	0	0	
0	[SLAMPOS]	0	174.740	100.260	0	241.600	0	0	
0	[SLAMPOS]	0	174.140	99.960	0	241.510	0	0	
0	[SLAMPOS]	0	173.980	99.880	0	241.470	0	0	
0	[SLAMPOS]	0	173.410	99.560	0	241.370	0	0	
0	[SLAMPOS]	0	173.270	99.490	0	241.320	0	0	
0	[SLAMPOS]	0	172.680	99.170	0	241.200	0	0	
0	[SLAMPOS]	0	172.110	98.880	0	241.090	0	0	
0	[SLAMPOS]	0	171.980	98.800	0	241.040	0	0	
0	[SLAMPOS]	0	171.420	98.500	0	240.930	0	0	
0	[SLAMPOS]	0	170.910	98.230	0	240.790	0	0	
0	[SLAMPOS]	0	170.670	98.120	0	240.750	0	0	
0	[SLAMPOS]	0	169.820	97.660	0	240.530	0	0	
0	[SLAMPOS]	0	169.590	97.540	0	240.490	0	0	
0	[SLAMPOS]	0	169.110	97.290	0	240.360	0	0	
0	[SLAMPOS]	0	168.560	96.990	0	240.250	0	0	
0	[SLAMPOS]	0	168.410	96.900	0	240.200	0	0	
0	[SLAMPOS]	0	167.800	96.570	0	240.060	0	0	
0	[SLAMPOS]	0	167.360	96.320	0	239.940	0	0	
0	[SLAMPOS]	0	167.160	96.210	0	239.890	0	0	
0	[SLAMPOS]	0	166.330	95.720	0	239.650	0	0	
0	[SLAMPOS]	0	166.130	95.610	0	239.610	0	0	
0	[SLAMPOS]	0	165.640	95.320	0	239.500	0	0	
0	[SLAMPOS]	0	165.080	95.030	0	239.410	0	0	
0	[SLAMPOS]	0	164.810	94.900	0	239.370	0	0	
0	[SLAMPOS]	0	164.340	94.620	0	239.320	0	0	
0	[SLAMPOS]	0	163.810	94.310	0	239.260	0	0	
0	[SLAMPOS]	0	163.660	94.220	0	239.250	0	0	
0	[SLAMPOS]	0	163.110	93.920	0	239.230	0	0	
0	[SLAMPOS]	0	162.950	93.830	0	239.220	0	0	
0	[SLAMPOS]	0	162.400	93.520	0	239.210	0	0	
0	[SLAMPOS]	0	161.850	93.220	0	239.200	0	0	
0	[SLAMPOS]	0	161.680	93.120	0	239.180	0	0	
0	[SLAMPOS]	0	161.110	92.780	0	239.160	0	0	
0	[SLAMPOS]	0	160.520	92.460	0	239.140	0	0	
0	[SLAMPOS]	0	160.420	92.400	0	239.130	0	0	
0	[SLAMPOS]	0	159.630	91.950	0	239.080	0	0	
0	[SLAMPOS]	0	159.420	91.830	0	239.070	0	0	
0	[SLAMPOS]	0	159.200	91.730	0	239.080	0	0	
0	[SLAMPOS]	0	158.410	91.290	0	239.070	0	0	
0	[SLAMPOS]	0	158.200	91.180	0	239.050	0	0	
0	[SLAMPOS]	0	157.750	90.910	0	239.020	0	0	
0	[SLAMPOS]	0	157.220	90.610	0	239.000	0	0	
0	[SLAMPOS]	0	157.070	90.530	0	239.000	0	0	
0	[SLAMPOS]	0	156.560	90.230	0	238.990	0	0	
0	[SLAMPOS]	0	156.420	90.150	0	238.980	0	0	
0	[SLAMPOS]	0	155.900	89.860	0	238.970	0	0	
0	[SLAMPOS]	0	155.450	89.580	0	238.930	0	0	
0	[SLAMPOS]	0	155.250	89.470	0	238.940	0	0	
0	[SLAMPOS]	0	154.720	89.160	0	238.930	0	0	
0	[SLAMPOS]	0	154.270	88.890	0	238.900	0	0	
0	[SLAMPOS]	0	153.760	88.600	0	238.870	0	0	
0	[SLAMPOS]	0	153.320	88.360	0	238.850	0	0	
0	[SLAMPOS]	0	153.130	88.250	0	238.860	0	0	
0	[SLAMPOS]	0	152.700	88.000	0	238.850	0	0	
0	[SLAMPOS]	0	152.200	87.720	0	238.830	0	0	
0	[SLAMPOS]	0	152.070	87.650	0	238.830	0	0	
0	[SLAMPOS]	0	151.580	87.370	0	238.800	0	0	
0	[SLAMPOS]	0	151.100	87.100	0	238.800	0	0	
0	[SLAMPOS]	0	150.970	87.020	0	238.790	0	0	
0	[SLAMPOS]	0	150.510	86.760	0	238.780	0	0	
0	[SLAMPOS]	0	150.120	86.530	0	238.750	0	0	
0	[SLAMPOS]	0	149.890	86.390	0	238.750	0	0	
0	[SLAMPOS]	0	149.240	86.020	0	238.720	0	0	
0	[SLAMPOS]	0	149.050	85.910	0	238.710	0	0	
0	[SLAMPOS]	0	148.670	85.690	0	238.690	0	0	
0	[SLAMPOS]	0	148.230	85.440	0	238.650	0	0	
0	[SLAMPOS]	0	148.010	85.300	0	238.630	0	0	
0	[SLAMPOS]	0	147.650	85.100	0	238.600	0	0	
0	[SLAMPOS]	0	147.200	84.850	0	238.560	0	0	
0	[SLAMPOS]	0	147.090	84.780	0	238.560	0	0	
0	[SLAMPOS]	0	146.640	84.510	0	238.510	0	0	
0	[SLAMPOS]	0	146.500	84.430	0	238.520	0	0	
0	[SLAMPOS]	0	146.040	84.160	0	238.500	0	0	
0	[SLAMPOS]	0	145.380	83.770	0	238.520	0	0	
0	[SLAMPOS]	0	145.210	83.680	0	238.540	0	0	
0	[SLAMPOS]	0	144.820	83.450	0	238.550	0	0	
0	[SLAMPOS]	0	144.660	83.360	0	238.560	0	0	
0	[SLAMPOS]	0	144.270	83.130	0	238.560	0	0	
0	[SLAMPOS]	0	143.820	82.870	0	238.530	0	0	
0	[SLAMPOS]	0	143.390	82.630	0	238.560	0	0	
0	[SLAMPOS]	0	143.280	82.560	0	238.560	0	0	
0	[SLAMPOS]	0	142.860	82.300	0	238.570	0	0	
0	[SLAMPOS]	0	142.740	82.230	0	238.580	0	0	
0	[SLAMPOS]	0	142.300	81.980	0	238.580	0	0	
0	[SLAMPOS]	0	141.920	81.760	0	238.620	0	0	
0	[SLAMPOS]	0	141.770	81.680	0	238.640	0	0	
0	[SLAMPOS]	0	141.160	81.330	0	238.730	0	0	
0	[SLAMPOS]	0	141.000	81.240	0	238.750	0	0	
0	[SLAMPOS]	0	140.630	81.020	0	238.860	0	0	
0	[SLAMPOS]	0	140.220	80.790	0	238.950	0	0	
0	[SLAMPOS]	0	140.110	80.730	0	239.000	0	0	
0	[SLAMPOS]	0	139.700	80.500	0	239.120	0	0	
0	[SLAMPOS]	0	139.350	80.290	0	239.260	0	0	
0	[SLAMPOS]	0	139.180	80.210	0	239.310	0	0	
0	[SLAMPOS]	0	138.790	80.000	0	239.450	0	0	
0	[SLAMPOS]	0	138.440	79.800	0	239.630	0	0	
0	[SLAMPOS]	0	138.260	79.710	0	239.690	0	0	
0	[SLAMPOS]	0	137.660	79.370	0	239.990	0	0	
0	[SLAMPOS]	0	137.480	79.290	0	240.070	0	0	
0	[SLAMPOS]	0	137.130	79.100	0	240.300	0	0	
0	[SLAMPOS]	0	136.730	78.890	0	240.570	0	0	
0	[SLAMPOS]	0	136.640	78.840	0	240.670	0	0	
0	[SLAMPOS]	0	136.240	78.620	0	240.970	0	0	
0	[SLAMPOS]	0	135.840	78.420	0	241.300	0	0	
0	[SLAMPOS]	0	135.740	78.370	0	241.440	0	0	
0	[SLAMPOS]	0	135.350	78.170	0	241.840	0	0	
0	[SLAMPOS]	0	135.240	78.120	0	242.000	0	0	
0	[SLAMPOS]	0	134.840	77.940	0	242.500	0	0	
0	[SLAMPOS]	0	134.490	77.770	0	243.000	0	0	
0	[SLAMPOS]	0	134.100	77.590	0	243.590	0	0	
0	[SLAMPOS]	0	133.760	77.440	0	244.140	0	0	
0	[SLAMPOS]	0	133.390	77.280	0	244.870	0	0	
0	[SLAMPOS]	0	133.280	77.230	0	245.180	0	0	
0	[SLAMPOS]	0	132.860	77.050	0	246.060	0	0	
0	[SLAMPOS]	0	132.710	77.000	0	246.330	0	0	
0	[SLAMPOS]	0	132.330	76.860	0	247.250	0	0	
0	[SLAMPOS]	0	131.910	76.730	0	248.170	0	0	
0	[SLAMPOS]	0	131.810	76.690	0	248.490	0	0	
0	[SLAMPOS]	0	131.400	76.570	0	249.510	0	0	
0	[SLAMPOS]	0	131.000	76.460	0	250.540	0	0	
0	[SLAMPOS]	0	130.890	76.420	0	250.910	0	0	
0	[SLAMPOS]	0	130.490	76.320	0	252.010	0	0	
0	[SLAMPOS]	0	130.140	76.230	0	253.070	0	0	
0	[SLAMPOS]	0	129.980	76.210	0	253.510	0	0	
0	[SLAMPOS]	0	129.390	76.090	0	255.400	0	0	
0	[SLAMPOS]	0	129.220	76.060	0	255.900	0	0	
0	[SLAMPOS]	0	128.860	76.000	0	257.020	0	0	
0	[SLAMPOS]	0	128.450	75.950	0	258.290	0	0	
0	[SLAMPOS]	0	128.290	75.930	0	258.760	0	0	
0	[SLAMPOS]	0	127.940	75.890	0	259.880	0	0	
0	[SLAMPOS]	0	127.510	75.860	0	261.210	0	0	
0	[SLAMPOS]	0	127.420	75.840	0	261.540	0	0	
0	[SLAMPOS]	0	126.980	75.820	0	262.930	0	0	
0	[SLAMPOS]	0	126.870	75.800	0	263.310	0	0	
0	[SLAMPOS]	0	126.450	75.800	0	264.640	0	0	
0	[SLAMPOS]	0	126.090	75.780	0	265.870	0	0	
0	[SLAMPOS]	0	125.940	75.790	0	266.380	0	0	
0	[SLAMPOS]	0	125.520	75.800	0	267.730	0	0	
0	[SLAMPOS]	0	125.180	75.810	0	268.930	0	0	
0	[SLAMPOS]	0	125.020	75.830	0	269.470	0	0	
0	[SLAMPOS]	0	124.430	75.870	0	271.540	0	0	
0	[SLAMPOS]	0	124.290	75.890	0	272.020	0	0	
0	[SLAMPOS]	0	123.940	75.920	0	273.270	0	0	
0	[SLAMPOS]	0	123.550	75.990	0	274.610	0	0	
0	[SLAMPOS]	0	123.430	76.000	0	275.060	0	0	
0	[SLAMPOS]	0	123.050	76.080	0	276.380	0	0	
0	[SLAMPOS]	0	122.700	76.140	0	277.690	0	0	
0	[SLAMPOS]	0	122.540	76.170	0	278.240	0	0	
0	[SLAMPOS]	0	121.960	76.310	0	280.470	0	0	
0	[SLAMPOS]	0	121.830	76.350	0	280.930	0	0	
0	[SLAMPOS]	0	121.490	76.440	0	282.280	0	0	
0	[SLAMPOS]	0	121.120	76.560	0	283.750	0	0	
0	[SLAMPOS]	0	120.980	76.620	0	284.340	0	0	
0	[SLAMPOS]	0	120.630	76.740	0	285.820	0	0	
0	[SLAMPOS]	0	120.270	76.880	0	287.320	0	0	
0	[SLAMPOS]	0	120.180	76.910	0	287.760	0	0	
0	[SLAMPOS]	0	119.820	77.070	0	289.330	0	0	
0	[SLAMPOS]	0	119.720	77.110	0	289.790	0	0	
0	[SLAMPOS]	0	119.350	77.290	0	291.400	0	0	
0	[SLAMPOS]	0	119.050	77.440	0	292.800	0	0	
0	[SLAMPOS]	0	118.710	77.640	0	294.340	0	0	
0	[SLAMPOS]	0	118.400	77.800	0	295.770	0	0	
0	[SLAMPOS]	0	118.080	78.010	0	297.290	0	0	
0	[SLAMPOS]	0	117.980	78.060	0	297.730	0	0	
0	[SLAMPOS]	0	117.670	78.280	0	299.230	0	0	
0	[SLAMPOS]	0	117.340	78.520	0	300.800	0	0	
0	[SLAMPOS]	0	117.250	78.570	0	301.250	0	0	
0	[SLAMPOS]	0	116.940	78.820	0	302.800	0	0	
0	[SLAMPOS]	0	116.830	78.890	0	303.340	0	0	
0	[SLAMPOS]	0	116.550	79.130	0	304.800	0	0	
0	[SLAMPOS]	0	116.270	79.350	0	306.270	0	0	
0	[SLAMPOS]	0	116.160	79.440	0	306.820	0	0	
0	[SLAMPOS]	0	115.720	79.840	0	309.130	0	0	
0	[SLAMPOS]	0	115.590	79.970	0	309.820	0	0	
0	[SLAMPOS]	0	115.350	80.200	0	311.110	0	0	
0	[SLAMPOS]	0	115.070	80.520	0	312.610	0	0	
0	[SLAMPOS]	0	114.970	80.640	0	313.110	0	0	
0	[SLAMPOS]	0	114.720	80.910	0	314.380	0	0	
0	[SLAMPOS]	0	114.410	81.280	0	315.900	0	0	
0	[SLAMPOS]	0	114.340	81.350	0	316.200	0	0	
0	[SLAMPOS]	0	114.070	81.690	0	317.510	0	0	
0	[SLAMPOS]	0	113.780	82.080	0	318.850	0	0	
0	[SLAMPOS]	0	113.700	82.170	0	319.170	0	0	
0	[SLAMPOS]	0	113.430	82.560	0	320.310	0	0	
0	[SLAMPOS]	0	113.380	82.630	0	320.510	0	0	
0	[SLAMPOS]	0	113.120	83.000	0	321.440	0	0	
0	[SLAMPOS]	0	112.870	83.340	0	322.210	0	0	
0	[SLAMPOS]	0	112.780	83.490	0	322.500	0	0	
0	[SLAMPOS]	0	112.390	84.060	0	323.590	0	0	
0	[SLAMPOS]	0	112.310	84.210	0	323.820	0	0	
0	[SLAMPOS]	0	112.060	84.610	0	324.390	0	0	
0	[SLAMPOS]	0	111.840	84.960	0	324.800	0	0	
0	[SLAMPOS]	0	111.590	85.370	0	325.170	0	0	
0	[SLAMPOS]	0	111.510	85.480	0	325.260	0	0	
0	[SLAMPOS]	0	111.240	85.910	0	325.530	0	0	
0	[SLAMPOS]	0	111.190	85.990	0	325.580	0	0	
0	[SLAMPOS]	0	110.930	86.410	0	325.800	0	0	
0	[SLAMPOS]	0	110.690	86.780	0	325.950	0	0	
0	[SLAMPOS]	0	110.580	86.960	0	326.020	0	0	
0	[SLAMPOS]	0	110.180	87.590	0	326.170	0	0	
0	[SLAMPOS]	0	110.070	87.770	0	326.200	0	0	
0	[SLAMPOS]	0	109.960	87.940	0	326.230	0	0	
0	[SLAMPOS]	0	109.550	88.600	0	326.210	0	0	
0	[SLAMPOS]	0	109.440	88.770	0	326.210	0	0	
0	[SLAMPOS]	0	109.190	89.160	0	326.160	0	0	
0	[SLAMPOS]	0	108.900	89.630	0	326.130	0	0	
0	[SLAMPOS]	0	108.820	89.740	0	326.100	0	0	
0	[SLAMPOS]	0	108.520	90.180	0	326.020	0	0	
0	[SLAMPOS]	0	108.440	90.300	0	325.990	0	0	
0	[SLAMPOS]	0	108.150	90.760	0	325.900	0	0	
0	[SLAMPOS]	0	107.890	91.150	0	325.810	0	0	
0	[SLAMPOS]	0	107.760	91.330	0	325.770	0	0	
0	[SLAMPOS]	0	107.450	91.800	0	325.740	0	0	
0	[SLAMPOS]	0	107.170	92.250	0	325.650	0	0	
0	[SLAMPOS]	0	107.020	92.490	0	325.600	0	0	
0	[SLAMPOS]	0	106.600	93.150	0	325.480	0	0	
0	[SLAMPOS]	0	106.470	93.350	0	325.460	0	0	
0	[SLAMPOS]	0	106.350	93.560	0	325.440	0	0	
0	[SLAMPOS]	0	105.880	94.280	0	325.300	0	0	
0	[SLAMPOS]	0	105.740	94.490	0	325.260	0	0	
0	[SLAMPOS]	0	105.460	94.930	0	325.170	0	0	
0	[SLAMPOS]	0	105.130	95.460	0	325.130	0	0	
0	[SLAMPOS]	0	105.050	95.580	0	325.100	0	0	
0	[SLAMPOS]	0	104.690	96.120	0	325.010	0	0	
0	[SLAMPOS]	0	104.390	96.570	0	324.920	0	0	
0	[SLAMPOS]	0	104.240	96.790	0	324.890	0	0	
0	[SLAMPOS]	0	103.710	97.580	0	324.750	0	0	
0	[SLAMPOS]	0	103.570	97.790	0	324.720	0	0	
0	[SLAMPOS]	0	103.220	98.270	0	324.680	0	0	
0	[SLAMPOS]	0	102.850	98.810	0	324.640	0	0	
0	[SLAMPOS]	0	102.700	99.040	0	324.650	0	0	
0	[SLAMPOS]	0	102.360	99.520	0	324.650	0	0	
0	[SLAMPOS]	0	101.950	100.090	0	324.690	0	0	
0	[SLAMPOS]	0	101.840	100.240	0	324.690	0	0	
0	[SLAMPOS]	0	101.460	100.800	0	324.700	0	0	
0	[SLAMPOS]	0	101.360	100.940	0	324.700	0	0	
0	[SLAMPOS]	0	100.950	101.580	0	324.740	0	0	
0	[SLAMPOS]	0	100.620	102.080	0	324.760	0	0	
0	[SLAMPOS]	0	100.480	102.320	0	324.790	0	0	
0	[SLAMPOS]	0	100.110	102.900	0	324.830	0	0	
0	[SLAMPOS]	0	99.770	103.420	0	324.830	0	0	
0	[SLAMPOS]	0	99.610	103.670	0	324.830	0	0	
0	[SLAMPOS]	0	99.030	104.560	0	324.800	0	0	
0	[SLAMPOS]	0	98.890	104.790	0	324.810	0	0	
0	[SLAMPOS]	0	98.550	105.310	0	324.830	0	0	
0	[SLAMPOS]	0	98.170	105.930	0	324.870	0	0	
0	[SLAMPOS]	0	98.050	106.100	0	324.860	0	0	
0	[SLAMPOS]	0	97.650	106.710	0	324.870	0	0	
0	[SLAMPOS]	0	97.290	107.240	0	324.860	0	0	
0	[SLAMPOS]	0	97.130	107.490	0	324.860	0	0	
0	[SLAMPOS]	0	96.670	108.160	0	324.860	0	0	
0	[SLAMPOS]	0	96.300	108.710	0	324.870	0	0	
0	[SLAMPOS]	0	96.120	108.960	0	324.850	0	0	
0	[SLAMPOS]	0	95.470	109.910	0	324.850	0	0	
0	[SLAMPOS]	0	95.310	110.150	0	324.870	0	0	
0	[SLAMPOS]	0	94.930	110.730	0	324.890	0	0	
0	[SLAMPOS]	0	94.510	111.360	0	324.890	0	0	
0	[SLAMPOS]	0	94.390	111.540	0	324.870	0	0	
0	[SLAMPOS]	0	93.950	112.220	0	324.880	0	0	
0	[SLAMPOS]	0	93.520	112.880	0	324.880	0	0	
0	[SLAMPOS]	0	93.430	113.010	0	324.860	0	0	
0	[SLAMPOS]	0	92.980	113.680	0	324.820	0	0	
0	[SLAMPOS]	0	92.850	113.860	0	324.800	0	0	
0	[SLAMPOS]	0	92.420	114.550	0	324.810	0	0	
0	[SLAMPOS]	0	92.030	115.130	0	324.740	0	0	
0	[SLAMPOS]	0	91.870	115.410	0	324.760	0	0	
0	[SLAMPOS]	0	91.190	116.410	0	324.730	0	0	
0	[SLAMPOS]	0	91.010	116.680	0	324.660	0	0	
0	[SLAMPOS]	0	90.830	116.950	0	324.640	0	0	
0	[SLAMPOS]	0	90.150	117.950	0	324.570	0	0	
0	[SLAMPOS]	0	89.970	118.220	0	324.570	0	0	
0	[SLAMPOS]	0	89.560	118.820	0	324.530	0	0	
0	[SLAMPOS]	0	89.090	119.510	0	324.500	0	0	
0	[SLAMPOS]	0	88.950	119.720	0	324.480	0	0	
0	[SLAMPOS]	0	88.490	120.400	0	324.470	0	0	
0	[SLAMPOS]	0	88.080	121.000	0	324.430	0	0	
0	[SLAMPOS]	0	87.900	121.280	0	324.420	0	0	
0	[SLAMPOS]	0	87.170	122.320	0	324.390	0	0	
0	[SLAMPOS]	0	86.970	122.610	0	324.390	0	0	
0	[SLAMPOS]	0	86.550	123.220	0	324.390	0	0	
0	[SLAMPOS]	0	86.040	123.940	0	324.410	0	0	
0	[SLAMPOS]	0	85.870	124.210	0	324.440	0	0	
0	[SLAMPOS]	0	85.440	124.830	0	324.430	0	0	
0	[SLAMPOS]	0	84.940	125.570	0	324.440	0	0	
0	[SLAMPOS]	0	84.810	125.760	0	324.440	0	0	
0	[SLAMPOS]	0	84.320	126.490	0	324.420	0	0	
0	[SLAMPOS]	0	84.170	126.700	0	324.420	0	0	
0	[SLAMPOS]	0	83.650	127.450	0	324.410	0	0	
0	[SLAMPOS]	0	83.200	128.120	0	324.430	0	0	
0	[SLAMPOS]	0	82.700	128.840	0	324.420	0	0	
0	[SLAMPOS]	0	82.250	129.490	0	324.420	0	0	
0	[SLAMPOS]	0	81.720	130.240	0	324.410	0	0	
0	[SLAMPOS]	0	81.580	130.440	0	324.410	0	0	
0	[SLAMPOS]	0	81.040	131.240	0	324.430	0	0	
0	[SLAMPOS]	0	80.550	131.990	0	324.450	0	0	
0	[SLAMPOS]	0	80.410	132.190	0	324.440	0	0	
0	[SLAMPOS]	0	79.900	132.950	0	324.460	0	0	
0	[SLAMPOS]	0	79.760	133.150	0	324.460	0	0	
0	[SLAMPOS]	0	79.220	133.940	0	324.450	0	0	
0	[SLAMPOS]	0	78.760	134.600	0	324.440	0	0	
0	[SLAMPOS]	0	78.570	134.930	0	324.480	0	0	
0	[SLAMPOS]	0	77.980	135.780	0	324.450	0	0	
0	[SLAMPOS]	0	77.510	136.450	0	324.440	0	0	
0	[SLAMPOS]	0	77.320	136.770	0	324.470	0	0	
0	[SLAMPOS]	0	76.500	137.940	0	324.460	0	0	
0	[SLAMPOS]	0	76.290	138.250	0	324.470	0	0	
0	[SLAMPOS]	0	75.830	138.950	0	324.490	0	0	
0	[SLAMPOS]	0	75.290	139.730	0	324.480	0	0	
0	[SLAMPOS]	0	75.150	139.930	0	324.470	0	0	
0	[SLAMPOS]	0	74.610	140.730	0	324.460	0	0	
0	[SLAMPOS]	0	74.050	141.550	0	324.470	0	0	
0	[SLAMPOS]	0	73.910	141.750	0	324.470	0	0	
0	[SLAMPOS]	0	73.360	142.560	0	324.460	0	0	
0	[SLAMPOS]	0	73.210	142.770	0	324.460	0	0	
0	[SLAMPOS]	0	72.640	143.610	0	324.480	0	0	
0	[SLAMPOS]	0	72.180	144.280	0	324.460	0	0	
0	[SLAMPOS]	0	71.980	144.590	0	324.480	0	0	
0	[SLAMPOS]	0	71.140	145.800	0	324.480	0	0	
0	[SLAMPOS]	0	70.880	146.190	0	324.490	0	0	
0	[SLAMPOS]	0	70.430	146.860	0	324.520	0	0	
0	[SLAMPOS]	0	69.890	147.630	0	324.510	0	0	
0	[SLAMPOS]	0	69.370	148.400	0	324.550	0	0	
0	[SLAMPOS]	0	69.270	148.540	0	324.560	0	0	
0	[SLAMPOS]	0	68.760	149.270	0	324.610	0	0	
0	[SLAMPOS]	0	68.590	149.560	0	324.640	0	0	
0	[SLAMPOS]	0	67.790	150.730	0	324.710	0	0	
0	[SLAMPOS]	0	67.560	151.080	0	324.730	0	0	
0	[SLAMPOS]	0	67.050	151.870	0	324.780	0	0	
0	[SLAMPOS]	0	66.580	152.530	0	324.810	0	0	
0	[SLAMPOS]	0	66.370	152.850	0	324.830	0	0	
0	[SLAMPOS]	0	65.910	153.550	0	324.880	0	0	
0	[SLAMPOS]	0	65.360	154.360	0	324.920	0	0	
0	[SLAMPOS]	0	65.230	154.550	0	324.920	0	0	
0	[SLAMPOS]	0	64.690	155.380	0	324.940	0	0	
0	[SLAMPOS]	0	64.240	156.060	0	324.960	0	0	
0	[SLAMPOS]	0	64.010	156.410	0	324.940	0	0	
0	[SLAMPOS]	0	63.220	157.590	0	324.920	0	0	
0	[SLAMPOS]	0	63.020	157.920	0	324.930	0	0	
0	[SLAMPOS]	0	62.830	158.210	0	324.930	0	0	
0	[SLAMPOS]	0	62.050	159.370	0	324.880	0	0	
0	[SLAMPOS]	0	61.830	159.680	0	324.850	0	0	
0	[SLAMPOS]	0	61.360	160.370	0	324.810	0	0	
0	[SLAMPOS]	0	60.790	161.200	0	324.740	0	0	
0	[SLAMPOS]	0	60.480	161.650	0	324.720	0	0	
0	[SLAMPOS]	0	60.230	162.030	0	324.700	0	0	
0	[SLAMPOS]	0	59.410	163.200	0	324.660	0	0	
0	[SLAMPOS]	0	58.870	164.020	0	324.660	0	0	
0	[SLAMPOS]	0	58.730	164.210	0	324.670	0	0	
0	[SLAMPOS]	0	58.190	165.020	0	324.680	0	0	
0	[SLAMPOS]	0	57.640	165.820	0	324.690	0	0	
0	[SLAMPOS]	0	57.500	166.010	0	324.700	0	0	
0	[SLAMPOS]	0	56.950	166.850	0	324.720	0	0	
0	[SLAMPOS]	0	56.410	167.700	0	324.760	0	0	
0	[SLAMPOS]	0	56.230	167.950	0	324.770	0	0	
0	[SLAMPOS]	0	55.650	168.800	0	324.790	0	0	
0	[SLAMPOS]	0	54.950	169.830	0	324.810	0	0	
0	[SLAMPOS]	0	54.480	170.530	0	324.830	0	0	
0	[SLAMPOS]	0	54.350	170.710	0	324.830	0	0	
0	[SLAMPOS]	0	53.880	171.410	0	324.840	0	0	
0	[SLAMPOS]	0	53.340	172.190	0	324.860	0	0	
0	[SLAMPOS]	0	53.120	172.510	0	324.850	0	0	
0	[SLAMPOS]	0	52.620	173.230	0	324.870	0	0	
0	[SLAMPOS]	0	52.160	173.910	0	324.840	0	0	
0	[SLAMPOS]	0	51.890	174.310	0	324.830	0	0	
0	[SLAMPOS]	0	51.180	175.360	0	324.810	0	0	
0	[SLAMPOS]	0	50.700	176.070	0	324.780	0	0	
0	[SLAMPOS]	0	50.200	176.830	0	324.760	0	0	
0	[SLAMPOS]	0	50.120	176.940	0	324.750	0	0	
0	[SLAMPOS]	0	49.560	177.790	0	324.730	0	0	
0	[SLAMPOS]	0	49.100	178.490	0	324.710	0	0	
0	[SLAMPOS]	0	48.880	178.790	0	324.690	0	0	
0	[SLAMPOS]	0	48.340	179.600	0	324.680	0	0	
0	[SLAMPOS]	0	47.840	180.350	0	324.670	0	0	
0	[SLAMPOS]	0	47.360	181.040	0	324.650	0	0	
0	[SLAMPOS]	0	47.250	181.200	0	324.630	0	0	
0	[SLAMPOS]	0	46.760	181.950	0	324.620	0	0	
0	[SLAMPOS]	0	46.620	182.150	0	324.610	0	0	
0	[SLAMPOS]	0	46.100	182.910	0	324.560	0	0	
0	[SLAMPOS]	0	45.690	183.510	0	324.530	0	0	
0	[SLAMPOS]	0	45.480	183.820	0	324.530	0	0	
0	[SLAMPOS]	0	44.810	184.760	0	324.480	0	0	
0	[SLAMPOS]	0	44.700	184.920	0	324.480	0	0	
0	[SLAMPOS]	0	44.250	185.580	0	324.470	0	0	
0	[SLAMPOS]	0	43.740	186.280	0	324.420	0	0	
0	[SLAMPOS]	0	43.510	186.610	0	324.420	0	0	
0	[SLAMPOS]	0	43.080	187.240	0	324.400	0	0	
0	[SLAMPOS]	0	42.530	188.030	0	324.400	0	0	
0	[SLAMPOS]	0	42.050	188.710	0	324.400	0	0	
0	[SLAMPOS]	0	41.550	189.440	0	324.380	0	0	
0	[SLAMPOS]	0	41.400	189.640	0	324.390	0	0	
0	[SLAMPOS]	0	40.850	190.410	0	324.370	0	0	
0	[SLAMPOS]	0	40.410	191.050	0	324.370	0	0	
0	[SLAMPOS]	0	40.360	191.110	0	324.380	0	0	
0	[SLAMPOS]	0	39.860	191.820	0	324.360	0	0	
0	[SLAMPOS]	0	39.510	192.320	0	324.370	0	0	
0	[SLAMPOS]	0	39.400	192.500	0	324.370	0	0	
0	[SLAMPOS]	0	38.900	193.280	0	324.390	0	0	
0	[SLAMPOS]	0	38.230	194.250	0	324.400	0	0	
0	[SLAMPOS]	0	37.990	194.610	0	324.390	0	0	
0	[SLAMPOS]	0	37.760	194.940	0	324.390	0	0	
0	[SLAMPOS]	0	37.160	195.880	0	324.420	0	0	
0	[SLAMPOS]	0	36.870	196.300	0	324.420	0	0	
0	[SLAMPOS]	0	36.460	196.910	0	324.440	0	0	
0	[SLAMPOS]	0	36.140	197.390	0	324.440	0	0	
0	[SLAMPOS]	0	35.740	197.980	0	324.450	0	0	
0	[SLAMPOS]	0	35.350	198.550	0	324.480	0	0	
0	[SLAMPOS]	0	34.960	199.110	0	324.480	0	0	
0	[SLAMPOS]	0	34.860	199.250	0	324.480	0	0	
0	[SLAMPOS]	0	34.500	199.800	0	324.490	0	0	
0	[SLAMPOS]	0	34.390	199.960	0	324.500	0	0	
0	[SLAMPOS]	0	34.000	200.520	0	324.500	0	0	
0	[SLAMPOS]	0	33.570	201.160	0	324.500	0	0	
0	[SLAMPOS]	0	33.480	201.290	0	324.500	0	0	
0	[SLAMPOS]	0	32.940	202.100	0	324.520	0	0	
0	[SLAMPOS]	0	32.790	202.310	0	324.520	0	0	
0	[SLAMPOS]	0	32.470	202.780	0	324.520	0	0	
0	[SLAMPOS]	0	32.110	203.310	0	324.530	0	0	
0	[SLAMPOS]	0	31.980	203.490	0	324.530	0	0	
0	[SLAMPOS]	0	31.600	204.080	0	324.550	0	0	
0	[SLAMPOS]	0	31.190	204.670	0	324.550	0	0	
0	[SLAMPOS]	0	31.150	204.730	0	324.550	0	0	
0	[SLAMPOS]	0	30.770	205.290	0	324.570	0	0	
0	[SLAMPOS]	0	30.500	205.700	0	324.580	0	0	
0	[SLAMPOS]	0	30.190	206.150	0	324.580	0	0	
0	[SLAMPOS]	0	29.800	206.740	0	324.590	0	0	
0	[SLAMPOS]	0	29.580	207.060	0	324.610	0	0	
0	[SLAMPOS]	0	29.410	207.330	0	324.610	0	0	
0	[SLAMPOS]	0	28.850	208.140	0	324.600	0	0	
0	[SLAMPOS]	0	28.750	208.310	0	324.610	0	0	
0	[SLAMPOS]	0	28.410	208.780	0	324.600	0	0	
0	[SLAMPOS]	0	28.040	209.320	0	324.600	0	0	
0	[SLAMPOS]	0	27.890	209.550	0	324.590	0	0	
0	[SLAMPOS]	0	27.630	209.920	0	324.570	0	0	
0	[SLAMPOS]	0	27.550	210.030	0	324.560	0	0	
0	[SLAMPOS]	0	27.100	210.720	0	324.540	0	0	
0	[SLAMPOS]	0	26.720	211.270	0	324.520	0	0	
0	[SLAMPOS]	0	26.370	211.780	0	324.490	0	0	
0	[SLAMPOS]	0	25.920	212.440	0	324.470	0	0	
0	[SLAMPOS]	0	25.760	212.690	0	324.470	0	0	
0	[SLAMPOS]	0	25.580	212.960	0	324.450	0	0	
0	[SLAMPOS]	0	25.080	213.670	0	324.420	0	0	
0	[SLAMPOS]	0	24.920	213.910	0	324.410	0	0	
0	[SLAMPOS]	0	24.730	214.180	0	324.420	0	0	
0	[SLAMPOS]	0	24.230	214.920	0	324.460	0	0	
0	[SLAMPOS]	0	24.060	215.170	0	324.490	0	0	
0	[SLAMPOS]	0	23.930	215.340	0	324.500	0	0	
0	[SLAMPOS]	0	23.550	215.890	0	324.600	0	0	
0	[SLAMPOS]	0	23.230	216.380	0	324.720	0	0	
0	[SLAMPOS]	0	23.150	216.490	0	324.790	0	0	
0	[SLAMPOS]	0	22.880	216.890	0	324.930	0	0	
0	[SLAMPOS]	0	22.710	217.170	0	325.070	0	0	
0	[SLAMPOS]	0	22.540	217.430	0	325.220	0	0	
0	[SLAMPOS]	0	22.300	217.780	0	325.470	0	0	
0	[SLAMPOS]	0	22.060	218.160	0	325.800	0	0	
0	[SLAMPOS]	0	21.790	218.600	0	326.180	0	0	
0	[SLAMPOS]	0	21.720	218.700	0	326.350	0	0	
0	[SLAMPOS]	0	21.450	219.140	0	326.790	0	0	
0	[SLAMPOS]	0	21.180	219.610	0	327.350	0	0	
0	[SLAMPOS]	0	21.100	219.720	0	327.560	0	0	
0	[SLAMPOS]	0	20.840	220.160	0	328.170	0	0	
0	[SLAMPOS]	0	20.770	220.260	0	328.390	0	0	
0	[SLAMPOS]	0	20.540	220.690	0	329.070	0	0	
0	[SLAMPOS]	0	20.340	221.070	0	329.760	0	0	
0	[SLAMPOS]	0	20.270	221.240	0	330.020	0	0	
0	[SLAMPOS]	0	20.050	221.670	0	330.750	0	0	
0	[SLAMPOS]	0	19.860	222.050	0	331.510	0	0	
0	[SLAMPOS]	0	19.780	222.210	0	331.770	0	0	
0	[SLAMPOS]	0	19.480	222.840	0	333.120	0	0	
0	[SLAMPOS]	0	19.430	222.990	0	333.420	0	0	
0	[SLAMPOS]	0	19.260	223.370	0	334.330	0	0	
0	[SLAMPOS]	0	19.100	223.800	0	335.320	0	0	
0	[SLAMPOS]	0	19.050	223.910	0	335.650	0	0	
0	[SLAMPOS]	0	18.910	224.330	0	336.690	0	0	
0	[SLAMPOS]	0	18.860	224.460	0	337.100	0	0	
0	[SLAMPOS]	0	18.720	224.890	0	338.260	0	0	
0	[SLAMPOS]	0	18.590	225.340	0	339.450	0	0	
0	[SLAMPOS]	0	18.470	225.710	0	340.600	0	0	
0	[SLAMPOS]	0	18.440	225.880	0	341.020	0	0	
0	[SLAMPOS]	0	18.260	226.540	0	343.070	0	0	
0	[SLAMPOS]	0	18.230	226.730	0	343.620	0	0	
0	[SLAMPOS]	0	18.130	227.120	0	344.900	0	0	
0	[SLAMPOS]	0	18.050	227.550	0	346.200	0	0	
0	[SLAMPOS]	0	18.030	227.650	0	346.580	0	0	
0	[SLAMPOS]	0	17.970	228.100	0	347.990	0	0	
0	[SLAMPOS]	0	17.920	228.570	0	349.480	0	0	
0	[SLAMPOS]	0	17.900	228.690	0	349.920	0	0	
0	[SLAMPOS]	0	17.870	229.120	0	351.340	0	0	
0	[SLAMPOS]	0	17.850	229.230	0	351.780	0	0	
0	[SLAMPOS]	0	17.830	229.660	0	353.210	0	0	
0	[SLAMPOS]	0	17.810	230.050	0	354.580	0	0	
0	[SLAMPOS]	0	17.820	230.210	0	355.080	0	0	
0	[SLAMPOS]	0	17.810	230.850	0	357.350	0	0	
0	[SLAMPOS]	0	17.820	231.000	0	357.840	0	0	
0	[SLAMPOS]	0	17.830	231.380	0	359.220	0	0	
0	[SLAMPOS]	0	17.870	231.850	0	0.910	0	0	
0	[SLAMPOS]	0	17.890	232.000	0	1.390	0	0	
0	[SLAMPOS]	0	17.930	232.370	0	2.800	0	0	
0	[SLAMPOS]	0	17.990	232.780	0	4.330	0	0	
0	[SLAMPOS]	0	18.000	232.890	0	4.810	0	0	
0	[SLAMPOS]	0	18.080	233.320	0	6.480	0	0	
0	[SLAMPOS]	0	18.100	233.410	0	6.920	0	0	
0	[SLAMPOS]	0	18.170	233.820	0	8.530	0	0	
0	[SLAMPOS]	0	18.240	234.180	0	10.040	0	0	
0	[SLAMPOS]	0	18.360	234.580	0	11.670	0	0	
0	[SLAMPOS]	0	18.410	234.730	0	12.260	0	0	
0	[SLAMPOS]	0	18.510	235.080	0	13.750	0	0	
0	[SLAMPOS]	0	18.580	235.260	0	14.530	0	0	
0	[SLAMPOS]	0	18.780	235.820	0	17.040	0	0	
0	[SLAMPOS]	0	18.850	235.960	0	17.630	0	0	
0	[SLAMPOS]	0	18.980	236.280	0	19.120	0	0	
0	[SLAMPOS]	0	19.150	236.640	0	20.690	0	0	
0	[SLAMPOS]	0	19.340	236.990	0	22.350	0	0	
0	[SLAMPOS]	0	19.380	237.090	0	22.810	0	0	
0	[SLAMPOS]	0	19.570	237.430	0	24.390	0	0	
0	[SLAMPOS]	0	19.610	237.530	0	24.890	0	0	
0	[SLAMPOS]	0	19.830	237.860	0	26.520	0	0	
0	[SLAMPOS]	0	20.010	238.160	0	27.960	0	0	
0	[SLAMPOS]	0	20.100	238.260	0	28.500	0	0	
0	[SLAMPOS]	0	20.420	238.740	0	30.920	0	0	
0	[SLAMPOS]	0	20.540	238.900	0	31.720	0	0	
0	[SLAMPOS]	0	20.670	239.060	0	32.490	0	0	
0	[SLAMPOS]	0	20.950	239.420	0	34.240	0	0	
0	[SLAMPOS]	0	21.230	239.760	0	35.840	0	0	
0	[SLAMPOS]	0	21.310	239.860	0	36.310	0	0	
0	[SLAMPOS]	0	21.580	240.170	0	37.800	0	0	
0	[SLAMPOS]	0	21.940	240.560	0	39.630	0	0	
0	[SLAMPOS]	0	22.210	240.850	0	40.940	0	0	
0	[SLAMPOS]	0	22.330	240.960	0	41.430	0	0	
0	[SLAMPOS]	0	22.580	241.210	0	42.610	0	0	
0	[SLAMPOS]	0	22.870	241.480	0	43.890	0	0	
0	[SLAMPOS]	0	22.920	241.530	0	44.130	0	0	
0	[SLAMPOS]	0	23.280	241.840	0	45.650	0	0	
0	[SLAMPOS]	0	23.620	242.110	0	46.940	0	0	
0	[SLAMPOS]	0	23.940	242.360	0	48.090	0	0	
0	[SLAMPOS]	0	24.030	242.440	0	48.430	0	0	
0	[SLAMPOS]	0	24.380	242.710	0	49.550	0	0	
0	[SLAMPOS]	0	24.700	242.940	0	50.450	0	0	
0	[SLAMPOS]	0	24.820	243.040	0	50.810	0	0	
0	[SLAMPOS]	0	25.180	243.300	0	51.820	0	0	
0	[SLAMPOS]	0	25.230	243.330	0	51.930	0	0	
0	[SLAMPOS]	0	25.580	243.570	0	52.770	0	0	
0	[SLAMPOS]	0	25.910	243.790	0	53.520	0	0	
0	[SLAMPOS]	0	25.990	243.850	0	53.680	0	0	
0	[SLAMPOS]	0	26.400	244.110	0	54.490	0	0	
0	[SLAMPOS]	0	26.710	244.310	0	55.030	0	0	
0	[SLAMPOS]	0	26.850	244.390	0	55.250	0	0	
0	[SLAMPOS]	0	27.230	244.620	0	55.840	0	0	
0	[SLAMPOS]	0	27.560	244.830	0	56.300	0	0	
0	[SLAMPOS]	0	27.750	244.960	0	56.550	0	0	
0	[SLAMPOS]	0	28.160	245.200	0	57.010	0	0	
0	[SLAMPOS]	0	28.780	245.560	0	57.600	0	0	
0	[SLAMPOS]	0	28.960	245.670	0	57.730	0	0	
0	[SLAMPOS]	0	29.180	245.790	0	57.890	0	0	
0	[SLAMPOS]	0	29.500	245.970	0	58.080	0	0	
0	[SLAMPOS]	0	29.930	246.220	0	58.300	0	0	
0	[SLAMPOS]	0	30.200	246.380	0	58.430	0	0	
0	[SLAMPOS]	0	30.730	246.680	0	58.660	0	0	
0	[SLAMPOS]	0	31.070	246.870	0	58.770	0	0	
0	[SLAMPOS]	0	31.470	247.110	0	58.910	0	0	
0	[SLAMPOS]	0	31.870	247.320	0	59.020	0	0	
0	[SLAMPOS]	0	32.220	247.520	0	59.110	0	0	
0	[SLAMPOS]	0	32.450	247.650	0	59.160	0	0	
0	[SLAMPOS]	0	32.990	247.940	0	59.280	0	0	
0	[SLAMPOS]	0	33.140	248.010	0	59.320	0	0	
0	[SLAMPOS]	0	33.550	248.250	0	59.420	0	0	
0	[SLAMPOS]	0	34.050	248.530	0	59.540	0	0	
0	[SLAMPOS]	0	34.420	248.740	0	59.610	0	0	
0	[SLAMPOS]	0	34.790	248.940	0	59.680	0	0	
0	[SLAMPOS]	0	35.070	249.090	0	59.710	0	0	
0	[SLAMPOS]	0	35.470	249.310	0	59.740	0	0	
0	[SLAMPOS]	0	35.920	249.550	0	59.750	0	0	
0	[SLAMPOS]	0	36.040	249.620	0	59.750	0	0	
0	[SLAMPOS]	0	36.630	249.950	0	59.730	0	0	
0	[SLAMPOS]	0	37.110	250.200	0	59.730	0	0	
0	[SLAMPOS]	0	37.230	250.270	0	59.720	0	0	
0	[SLAMPOS]	0	37.670	250.520	0	59.700	0	0	
0	[SLAMPOS]	0	37.740	250.570	0	59.700	0	0	
0	[SLAMPOS]	0	38.270	250.860	0	59.690	0	0	
0	[SLAMPOS]	0	38.690	251.100	0	59.670	0	0	
0	[SLAMPOS]	0	39.220	251.410	0	59.650	0	0	
0	[SLAMPOS]	0	39.680	251.660	0	59.640	0	0	
0	[SLAMPOS]	0	40.070	251.860	0	59.620	0	0	
0	[SLAMPOS]	0	40.210	251.940	0	59.610	0	0	
0	[SLAMPOS]	0	40.690	252.200	0	59.590	0	0	
0	[SLAMPOS]	0	41.140	252.440	0	59.590	0	0	
0	[SLAMPOS]	0	41.770	252.780	0	59.590	0	0	
0	[SLAMPOS]	0	42.020	252.910	0	59.600	0	0	
0	[SLAMPOS]	0	42.400	253.130	0	59.580	0	0	
0	[SLAMPOS]	0	43.020	253.480	0	59.570	0	0	
0	[SLAMPOS]	0	43.260	253.600	0	59.570	0	0	
0	[SLAMPOS]	0	44.080	254.050	0	59.540	0	0	
0	[SLAMPOS]	0	44.520	254.290	0	59.530	0	0	
0	[SLAMPOS]	0	45.270	254.710	0	59.510	0	0	
0	[SLAMPOS]	0	45.330	254.750	0	59.510	0	0	
0	[SLAMPOS]	0	45.830	255.030	0	59.500	0	0	
0	[SLAMPOS]	0	45.960	255.110	0	59.490	0	0	
0	[SLAMPOS]	0	46.570	255.440	0	59.500	0	0	
0	[SLAMPOS]	0	47.020	255.700	0	59.490	0	0	
0	[SLAMPOS]	0	47.220	255.820	0	59.480	0	0	
0	[SLAMPOS]	0	48.000	256.260	0	59.460	0	0	
0	[SLAMPOS]	0	48.100	256.320	0	59.450	0	0	
0	[SLAMPOS]	0	48.650	256.630	0	59.440	0	0	
0	[SLAMPOS]	0	49.120	256.900	0	59.410	0	0	
0	[SLAMPOS]	0	49.350	257.020	0	59.380	0	0	
0	[SLAMPOS]	0	50.130	257.460	0	59.320	0	0	
0	[SLAMPOS]	0	50.340	257.580	0	59.310	0	0	
0	[SLAMPOS]	0	50.820	257.850	0	59.250	0	0	
0	[SLAMPOS]	0	51.020	257.970	0	59.240	0	0	
0	[SLAMPOS]	0	51.580	258.280	0	59.160	0	0	
0	[SLAMPOS]	0	52.170	258.620	0	59.090	0	0	
0	[SLAMPOS]	0	52.920	259.050	0	58.990	0	0	
0	[SLAMPOS]	0	53.210	259.210	0	58.960	0	0	
0	[SLAMPOS]	0	53.750	259.540	0	58.860	0	0	
0	[SLAMPOS]	0	54.350	259.880	0	58.780	0	0	
0	[SLAMPOS]	0	54.800	260.140	0	58.690	0	0	
0	[SLAMPOS]	0	55.220	260.380	0	58.610	0	0	
0	[SLAMPOS]	0	55.870	260.770	0	58.490	0	0	
0	[SLAMPOS]	0	56.470	261.130	0	58.370	0	0	
0	[SLAMPOS]	0	56.630	261.230	0	58.310	0	0	
0	[SLAMPOS]	0	57.260	261.600	0	58.180	0	0	
0	[SLAMPOS]	0	57.990	262.010	0	58.000	0	0	
0	[SLAMPOS]	0	58.710	262.440	0	57.820	0	0	
0	[SLAMPOS]	0	58.900	262.560	0	57.750	0	0	
0	[SLAMPOS]	0	59.490	262.930	0	57.610	0	0	
0	[SLAMPOS]	0	60.120	263.310	0	57.450	0	0	
0	[SLAMPOS]	0	60.340	263.450	0	57.390	0	0	
0	[SLAMPOS]	0	60.990	263.840	0	57.240	0	0	
0	[SLAMPOS]	0	61.600	264.230	0	57.120	0	0	
0	[SLAMPOS]	0	61.740	264.310	0	57.100	0	0	
0	[SLAMPOS]	0	62.370	264.710	0	57.010	0	0	
0	[SLAMPOS]	0	62.530	264.810	0	57.000	0	0	
0	[SLAMPOS]	0	63.150	265.200	0	56.930	0	0	
0	[SLAMPOS]	0	64.060	265.770	0	56.920	0	0	
0	[SLAMPOS]	0	64.340	265.950	0	56.920	0	0	
0	[SLAMPOS]	0	64.770	266.210	0	56.930	0	0	
0	[SLAMPOS]	0	65.400	266.610	0	56.930	0	0	
0	[SLAMPOS]	0	66.150	267.070	0	56.980	0	0	
0	[SLAMPOS]	0	66.300	267.170	0	56.990	0	0	
0	[SLAMPOS]	0	66.980	267.590	0	57.020	0	0	
0	[SLAMPOS]	0	67.750	268.070	0	57.050	0	0	
0	[SLAMPOS]	0	67.860	268.140	0	57.070	0	0	
0	[SLAMPOS]	0	68.490	268.510	0	57.110	0	0	
0	[SLAMPOS]	0	69.080	268.880	0	57.170	0	0	
0	[SLAMPOS]	0	69.500	269.140	0	57.220	0	0	
0	[SLAMPOS]	0	70.170	269.540	0	57.280	0	0	
0	[SLAMPOS]	0	70.840	269.950	0	57.330	0	0	
0	[SLAMPOS]	0	71.420	270.310	0	57.390	0	0	
0	[SLAMPOS]	0	71.720	270.480	0	57.430	0	0	
0	[SLAMPOS]	0	72.230	270.800	0	57.470	0	0	
0	[SLAMPOS]	0	72.970	271.250	0	57.530	0	0	
0	[SLAMPOS]	0	73.230	271.400	0	57.560	0	0	
0	[SLAMPOS]	0	74.150	271.970	0	57.620	0	0	
0	[SLAMPOS]	0	74.300	272.070	0	57.640	0	0	
0	[SLAMPOS]	0	75.020	272.490	0	57.700	0	0	
0	[SLAMPOS]	0	75.690	272.890	0	57.740	0	0	
0	[SLAMPOS]	0	75.870	273.000	0	57.760	0	0	
0	[SLAMPOS]	0	76.600	273.440	0	57.810	0	0	
0	[SLAMPOS]	0	77.440	273.910	0	57.910	0	0	
0	[SLAMPOS]	0	77.790	274.120	0	57.910	0	0	
0	[SLAMPOS]	0	78.360	274.470	0	57.960	0	0	
0	[SLAMPOS]	0	79.020	274.850	0	58.000	0	0	
0	[SLAMPOS]	0	79.700	275.270	0	58.050	0	0	
0	[SLAMPOS]	0	79.930	275.410	0	58.060	0	0	
0	[SLAMPOS]	0	80.970	276.020	0	58.140	0	0	
0	[SLAMPOS]	0	81.270	276.210	0	58.150	0	0	
0	[SLAMPOS]	0	81.620	276.410	0	58.190	0	0	
0	[SLAMPOS]	0	82.660	277.030	0	58.250	0	0	
0	[SLAMPOS]	0	83.100	277.290	0	58.290	0	0	
0	[SLAMPOS]	0	83.330	277.410	0	58.300	0	0	
0	[SLAMPOS]	0	84.450	278.090	0	58.370	0	0	
0	[SLAMPOS]	0	84.870	278.330	0	58.410	0	0	
0	[SLAMPOS]	0	85.910	278.940	0	58.470	0	0	
0	[SLAMPOS]	0	86.110	279.060	0	58.490	0	0	
0	[SLAMPOS]	0	86.800	279.440	0	58.540	0	0	
0	[SLAMPOS]	0	87.660	279.950	0	58.590	0	0	
0	[SLAMPOS]	0	87.790	280.030	0	58.610	0	0	
0	[SLAMPOS]	0	88.560	280.460	0	58.670	0	0	
0	[SLAMPOS]	0	89.220	280.860	0	58.720	0	0	
0	[SLAMPOS]	0	89.520	281.020	0	58.740	0	0	
0	[SLAMPOS]	0	90.590	281.630	0	58.860	0	0	
0	[SLAMPOS]	0	90.930	281.830	0	58.870	0	0	
0	[SLAMPOS]	0	91.200	281.980	0	58.890	0	0	
0	[SLAMPOS]	0	92.320	282.620	0	59.010	0	0	
0	[SLAMPOS]	0	92.880	282.950	0	59.060	0	0	
0	[SLAMPOS]	0	93.240	283.140	0	59.080	0	0	
0	[SLAMPOS]	0	94.040	283.590	0	59.150	0	0	
0	[SLAMPOS]	0	94.730	283.990	0	59.200	0	0	
0	[SLAMPOS]	0	95.090	284.200	0	59.220	0	0	
0	[SLAMPOS]	0	95.900	284.670	0	59.260	0	0	
0	[SLAMPOS]	0	96.810	285.170	0	59.330	0	0	
0	[SLAMPOS]	0	97.020	285.300	0	59.350	0	0	
0	[SLAMPOS]	0	97.990	285.850	0	59.410	0	0	
0	[SLAMPOS]	0	98.650	286.230	0	59.430	0	0	
0	[SLAMPOS]	0	99.610	286.760	0	59.510	0	0	
0	[SLAMPOS]	0	99.830	286.890	0	59.530	0	0	
0	[SLAMPOS]	0	100.590	287.320	0	59.570	0	0	
0	[SLAMPOS]	0	101.610	287.890	0	59.630	0	0	
0	[SLAMPOS]	0	101.750	287.970	0	59.640	0	0	
0	[SLAMPOS]	0	102.510	288.390	0	59.690	0	0	
0	[SLAMPOS]	0	103.180	288.770	0	59.720	0	0	
0	[SLAMPOS]	0	103.480	288.930	0	59.740	0	0	
0	[SLAMPOS]	0	104.380	289.410	0	59.790	0	0	
0	[SLAMPOS]	0	105.350	289.950	0	59.830	0	0	
0	[SLAMPOS]	0	105.480	290.020	0	59.840	0	0	
0	[SLAMPOS]	0	106.300	290.470	0	59.850	0	0	
0	[SLAMPOS]	0	106.950	290.850	0	59.870	0	0	
0	[SLAMPOS]	0	107.480	291.130	0	59.900	0	0	
0	[SLAMPOS]	0	108.310	291.600	0	59.910	0	0	
0	[SLAMPOS]	0	109.120	292.040	0	59.950	0	0	
0	[SLAMPOS]	0	110.100	292.580	0	59.980	0	0	
0	[SLAMPOS]	0	110.420	292.770	0	59.990	0	0	
0	[SLAMPOS]	0	111.220	293.210	0	60.000	0	0	
0	[SLAMPOS]	0	111.900	293.590	0	60.020	0	0	
0	[SLAMPOS]	0	112.230	293.770	0	60.040	0	0	
0	[SLAMPOS]	0	113.090	294.250	0	60.060	0	0	
0	[SLAMPOS]	0	113.750	294.620	0	60.070	0	0	
0	[SLAMPOS]	0	114.050	294.780	0	60.070	0	0	
0	[SLAMPOS]	0	115.280	295.470	0	60.110	0	0	
0	[SLAMPOS]	0	115.990	295.850	0	60.110	0	0	
0	[SLAMPOS]	0	116.950	296.370	0	60.140	0	0	
0	[SLAMPOS]	0	117.090	296.450	0	60.140	0	0	
0	[SLAMPOS]	0	118.040	296.960	0	60.170	0	0	
0	[SLAMPOS]	0	119.130	297.550	0	60.230	0	0	
0	[SLAMPOS]	0	119.940	297.990	0	60.230	0	0	
0	[SLAMPOS]	0	120.860	298.520	0	60.220	0	0	
0	[SLAMPOS]	0	121.020	298.600	0	60.210	0	0	
0	[SLAMPOS]	0	121.640	298.950	0	60.200	0	0	
0	[SLAMPOS]	0	121.990	299.130	0	60.200	0	0	
0	[SLAMPOS]	0	122.890	299.620	0	60.160	0	0	
0	[SLAMPOS]	0	123.730	300.090	0	60.130	0	0	
0	[SLAMPOS]	0	124.820	300.680	0	60.110	0	0	
0	[SLAMPOS]	0	125.460	301.030	0	60.100	0	0	
0	[SLAMPOS]	0	125.950	301.300	0	60.090	0	0	
0	[SLAMPOS]	0	126.740	301.730	0	60.060	0	0	
0	[SLAMPOS]	0	127.400	302.090	0	60.050	0	0	
0	[SLAMPOS]	0	128.320	302.580	0	60.050	0	0	
0	[SLAMPOS]	0	128.590	302.720	0	60.040	0	0	
0	[SLAMPOS]	0	129.870	303.430	0	60.100	0	0	
0	[SLAMPOS]	0	130.160	303.580	0	60.100	0	0	
0	[SLAMPOS]	0	130.880	303.990	0	60.150	0	0	
0	[SLAMPOS]	0	131.820	304.500	0	60.220	0	0	
0	[SLAMPOS]	0	132.260	304.740	0	60.260	0	0	
0	[SLAMPOS]	0	132.530	304.890	0	60.270	0	0	
0	[SLAMPOS]	0	133.510	305.420	0	60.340	0	0	
0	[SLAMPOS]	0	134.200	305.800	0	60.380	0	0	
0	[SLAMPOS]	0	134.680	306.050	0	60.420	0	0	
0	[SLAMPOS]	0	135.450	306.480	0	60.460	0	0	
0	[SLAMPOS]	0	136.320	306.930	0	60.510	0	0	
0	[SLAMPOS]	0	137.230	307.420	0	60.540	0	0	
0	[SLAMPOS]	0	137.360	307.490	0	60.530	0	0	
0	[SLAMPOS]	0	138.220	307.950	0	60.510	0	0	
0	[SLAMPOS]	0	138.940	308.340	0	60.500	0	0	
0	[SLAMPOS]	0	139.390	308.570	0	60.510	0	0	
0	[SLAMPOS]	0	140.090	308.950	0	60.510	0	0	
0	[SLAMPOS]	0	140.770	309.320	0	60.510	0	0	
0	[SLAMPOS]	0	141.470	309.690	0	60.520	0	0	
0	[SLAMPOS]	0	142.060	310.000	0	60.530	0	0	
0	[SLAMPOS]	0	142.860	310.440	0	60.520	0	0	
0	[SLAMPOS]	0	143.070	310.560	0	60.520	0	0	
0	[SLAMPOS]	0	143.780	310.930	0	60.530	0	0	
0	[SLAMPOS]	0	144.480	311.320	0	60.530	0	0	
0	[SLAMPOS]	0	144.740	311.460	0	60.530	0	0	
0	[SLAMPOS]	0	145.680	311.990	0	60.510	0	0	
0	[SLAMPOS]	0	146.660	312.530	0	60.500	0	0	
0	[SLAMPOS]	0	147.420	312.940	0	60.510	0	0	
0	[SLAMPOS]	0	148.070	313.280	0	60.500	0	0	
0	[SLAMPOS]	0	148.570	313.560	0	60.500	0	0	
0	[SLAMPOS]	0	149.340	313.970	0	60.480	0	0	
0	[SLAMPOS]	0	150.060	314.340	0	60.490	0	0	
0	[SLAMPOS]	0	150.380	314.520	0	60.480	0	0	
0	[SLAMPOS]	0	151.150	314.920	0	60.480	0	0	
0	[SLAMPOS]	0	151.930	315.370	0	60.460	0	0	
0	[SLAMPOS]	0	152.570	315.700	0	60.470	0	0	
0	[SLAMPOS]	0	153.160	316.010	0	60.470	0	0	
0	[SLAMPOS]	0	153.750	316.350	0	60.450	0	0	
0	[SLAMPOS]	0	154.480	316.730	0	60.450	0	0	
0	[SLAMPOS]	0	154.580	316.780	0	60.440	0	0	
0	[SLAMPOS]	0	155.480	317.290	0	60.410	0	0	
0	[SLAMPOS]	0	156.030	317.580	0	60.390	0	0	
0	[SLAMPOS]	0	156.280	317.720	0	60.390	0	0	
0	[SLAMPOS]	0	157.350	318.300	0	60.340	0	0	
0	[SLAMPOS]	0	157.600	318.430	0	60.330	0	0	
0	[SLAMPOS]	0	157.950	318.630	0	60.310	0	0	
0	[SLAMPOS]	0	158.970	319.190	0	60.240	0	0	
0	[SLAMPOS]	0	159.320	319.390	0	60.220	0	0	
0	[SLAMPOS]	0	159.720	319.610	0	60.190	0	0	
0	[SLAMPOS]	0	160.660	320.130	0	60.130	0	0	
0	[SLAMPOS]	0	161.020	320.330	0	60.120	0	0	
0	[SLAMPOS]	0	161.600	320.650	0	60.080	0	0	
0	[SLAMPOS]	0	162.160	320.960	0	60.050	0	0	
0	[SLAMPOS]	0	163.270	321.580	0	59.970	0	0	
0	[SLAMPOS]	0	163.800	321.880	0	59.950	0	0	
0	[SLAMPOS]	0	164.080	322.040	0	59.920	0	0	
0	[SLAMPOS]	0	164.740	322.420	0	59.890	0	0	
0	[SLAMPOS]	0	165.460	322.810	0	59.860	0	0	
0	[SLAMPOS]	0	165.690	322.940	0	59.830	0	0	
0	[SLAMPOS]	0	166.420	323.330	0	59.800	0	0	
0	[SLAMPOS]	0	167.140	323.720	0	59.760	0	0	
0	[SLAMPOS]	0	167.330	323.830	0	59.740	0	0	
0	[SLAMPOS]	0	168.060	324.230	0	59.700	0	0	
0	[SLAMPOS]	0	168.800	324.630	0	59.640	0	0	
0	[SLAMPOS]	0	168.940	324.710	0	59.630	0	0	
0	[SLAMPOS]	0	169.690	325.100	0	59.600	0	0	
0	[SLAMPOS]	0	170.370	325.490	0	59.570	0	0	
0	[SLAMPOS]	0	170.550	325.590	0	59.570	0	0	
0	[SLAMPOS]	0	171.190	325.960	0	59.530	0	0	
0	[SLAMPOS]	0	171.880	326.380	0	59.510	0	0	
0	[SLAMPOS]	0	172.110	326.520	0	59.500	0	0	
0	[SLAMPOS]	0	172.690	326.840	0	59.520	0	0	
0	[SLAMPOS]	0	173.390	327.240	0	59.510	0	0	
0	[SLAMPOS]	0	173.690	327.410	0	59.520	0	0	
0	[SLAMPOS]	0	174.480	327.850	0	59.500	0	0	
0	[SLAMPOS]	0	175.090	328.170	0	59.500	0	0	
0	[SLAMPOS]	0	175.810	328.580	0	59.510	0	0	
0	[SLAMPOS]	0	176.030	328.710	0	59.500	0	0	
0	[SLAMPOS]	0	177.080	329.300	0	59.510	0	0	
0	[SLAMPOS]	0	178.060	329.870	0	59.490	0	0	
0	[SLAMPOS]	0	178.290	330.010	0	59.480	0	0	
0	[SLAMPOS]	0	178.960	330.390	0	59.480	0	0	
0	[SLAMPOS]	0	179.630	330.770	0	59.470	0	0	
0	[SLAMPOS]	0	180.040	331.020	0	59.450	0	0	
0	[SLAMPOS]	0	180.420	331.240	0	59.430	0	0	
0	[SLAMPOS]	0	180.970	331.540	0	59.410	0	0	
0	[SLAMPOS]	0	181.520	331.860	0	59.370	0	0	
0	[SLAMPOS]	0	181.750	331.980	0	59.360	0	0	
0	[SLAMPOS]	0	182.610	332.480	0	59.290	0	0	
0	[SLAMPOS]	0	182.830	332.600	0	59.280	0	0	
0	[SLAMPOS]	0	183.350	332.890	0	59.220	0	0	
0	[SLAMPOS]	0	184.070	333.300	0	59.150	0	0	
0	[SLAMPOS]	0	184.290	333.420	0	59.140	0	0	
0	[SLAMPOS]	0	184.570	333.580	0	59.120	0	0	
0	[SLAMPOS]	0	185.400	334.060	0	59.010	0	0	
0	[SLAMPOS]	0	185.790	334.300	0	58.950	0	0	
0	[SLAMPOS]	0	186.320	334.600	0	58.910	0	0	
0	[SLAMPOS]	0	186.740	334.840	0	58.850	0	0	
0	[SLAMPOS]	0	187.490	335.270	0	58.740	0	0	
0	[SLAMPOS]	0	187.660	335.370	0	58.720	0	0	
0	[SLAMPOS]	0	188.180	335.680	0	58.600	0	0	
0	[SLAMPOS]	0	188.790	336.030	0	58.490	0	0	
0	[SLAMPOS]	0	189.050	336.180	0	58.440	0	0	
0	[SLAMPOS]	0	189.590	336.500	0	58.300	0	0	
0	[SLAMPOS]	0	190.130	336.820	0	58.180	0	0	
0	[SLAMPOS]	0	190.400	336.990	0	58.120	0	0	
0	[SLAMPOS]	0	190.900	337.290	0	57.980	0	0	
0	[SLAMPOS]	0	191.350	337.560	0	57.880	0	0	
0	[SLAMPOS]	0	191.850	337.870	0	57.740	0	0	
0	[SLAMPOS]	0	192.390	338.210	0	57.590	0	0	
0	[SLAMPOS]	0	192.640	338.360	0	57.520	0	0	
0	[SLAMPOS]	0	193.240	338.730	0	57.390	0	0	
0	[SLAMPOS]	0	193.720	339.040	0	57.280	0	0	
0	[SLAMPOS]	0	193.890	339.160	0	57.240	0	0	
0	[SLAMPOS]	0	194.510	339.540	0	57.110	0	0	
0	[SLAMPOS]	0	194.900	339.790	0	57.060	0	0	
0	[SLAMPOS]	0	195.120	339.940	0	57.040	0	0	
0	[SLAMPOS]	0	195.710	340.310	0	57.010	0	0	
0	[SLAMPOS]	0	196.220	340.630	0	57.010	0	0	
0	[SLAMPOS]	0	196.400	340.750	0	57.020	0	0	
0	[SLAMPOS]	0	197.140	341.200	0	57.060	0	0	
0	[SLAMPOS]	0	197.380	341.330	0	57.060	0	0	
0	[SLAMPOS]	0	198.030	341.740	0	57.120	0	0	
0	[SLAMPOS]	0	198.110	341.790	0	57.170	0	0	
0	[SLAMPOS]	0	198.570	342.060	0	57.230	0	0	
0	[SLAMPOS]	0	198.640	342.110	0	57.290	0	0	
0	[SLAMPOS]	0	199.160	342.430	0	57.480	0	0	
0	[SLAMPOS]	0	199.870	342.850	0	57.860	0	0	
0	[SLAMPOS]	0	200.250	343.080	0	58.170	0	0	
0	[SLAMPOS]	0	200.710	343.330	0	58.560	0	0	
0	[SLAMPOS]	0	200.830	343.400	0	58.700	0	0	
0	[SLAMPOS]	0	201.260	343.640	0	59.090	0	0	
0	[SLAMPOS]	0	201.820	343.950	0	59.680	0	0	
0	[SLAMPOS]	0	202.070	344.080	0	59.950	0	0	
0	[SLAMPOS]	0	202.330	344.220	0	60.270	0	0	
0	[SLAMPOS]	0	202.920	344.530	0	61.070	0	0	
0	[SLAMPOS]	0	203.120	344.630	0	61.370	0	0	
0	[SLAMPOS]	0	203.260	344.680	0	61.550	0	0	
0	[SLAMPOS]	0	203.860	344.970	0	62.500	0	0	
0	[SLAMPOS]	0	204.000	345.030	0	62.680	0	0	
0	[SLAMPOS]	0	204.320	345.190	0	63.270	0	0	
0	[SLAMPOS]	0	204.440	345.250	0	63.540	0	0	
0	[SLAMPOS]	0	204.870	345.450	0	64.370	0	0	
0	[SLAMPOS]	0	205.250	345.610	0	65.090	0	0	
0	[SLAMPOS]	0	205.350	345.650	0	65.370	0	0	
0	[SLAMPOS]	0	205.760	345.810	0	66.270	0	0	
0	[SLAMPOS]	0	206.110	345.950	0	67.210	0	0	
0	[SLAMPOS]	0	206.300	346.010	0	67.680	0	0	
0	[SLAMPOS]	0	206.910	346.210	0	69.430	0	0	
0	[SLAMPOS]	0	207.030	346.240	0	69.760	0	0	
0	[SLAMPOS]	0	207.290	346.320	0	70.550	0	0	
0	[SLAMPOS]	0	207.740	346.430	0	71.900	0	0	
0	[SLAMPOS]	0	208.140	346.540	0	73.280	0	0	
0	[SLAMPOS]	0	208.290	346.560	0	73.730	0	0	
0	[SLAMPOS]	0	208.870	346.690	0	75.710	0	0	
0	[SLAMPOS]	0	209.000	346.700	0	76.100	0	0	
0	[SLAMPOS]	0	209.330	346.760	0	77.360	0	0	
0	[SLAMPOS]	0	209.410	346.780	0	77.690	0	0	
0	[SLAMPOS]	0	209.820	346.820	0	79.060	0	0	
0	[SLAMPOS]	0	210.180	346.870	0	80.460	0	0	
0	[SLAMPOS]	0	210.330	346.870	0	81.010	0	0	
0	[SLAMPOS]	0	210.720	346.890	0	82.500	0	0	
0	[SLAMPOS]	0	211.080	346.910	0	84.010	0	0	
0	[SLAMPOS]	0	211.210	346.910	0	84.590	0	0	
0	[SLAMPOS]	0	211.790	346.910	0	87.130	0	0	
0	[SLAMPOS]	0	212.010	346.910	0	88.130	0	0	
0	[SLAMPOS]	0	212.450	346.880	0	90.120	0	0	
0	[SLAMPOS]	0	212.610	346.860	0	90.800	0	0	
0	[SLAMPOS]	0	212.870	346.830	0	92.090	0	0	
0	[SLAMPOS]	0	213.180	346.790	0	93.650	0	0	
0	[SLAMPOS]	0	213.490	346.730	0	95.140	0	0	
0	[SLAMPOS]	0	213.600	346.720	0	95.700	0	0	
0	[SLAMPOS]	0	213.950	346.640	0	97.480	0	0	
0	[SLAMPOS]	0	214.280	346.570	0	99.150	0	0	
0	[SLAMPOS]	0	214.450	346.520	0	100.050	0	0	
0	[SLAMPOS]	0	214.810	346.410	0	101.870	0	0	
0	[SLAMPOS]	0	215.130	346.320	0	103.520	0	0	
0	[SLAMPOS]	0	215.240	346.260	0	104.070	0	0	
0	[SLAMPOS]	0	215.760	346.080	0	106.780	0	0	
0	[SLAMPOS]	0	215.910	346.010	0	107.540	0	0	
0	[SLAMPOS]	0	216.200	345.890	0	109.150	0	0	
0	[SLAMPOS]	0	216.560	345.730	0	111.000	0	0	
0	[SLAMPOS]	0	216.700	345.660	0	111.710	0	0	
0	[SLAMPOS]	0	216.900	345.550	0	112.760	0	0	
0	[SLAMPOS]	0	217.300	345.340	0	114.780	0	0	
0	[SLAMPOS]	0	217.660	345.130	0	116.500	0	0	
0	[SLAMPOS]	0	217.730	345.090	0	116.820	0	0	
0	[SLAMPOS]	0	218.030	344.880	0	118.210	0	0	
0	[SLAMPOS]	0	218.300	344.710	0	119.330	0	0	
0	[SLAMPOS]	0	218.420	344.630	0	119.810	0	0	
0	[SLAMPOS]	0	218.860	344.330	0	121.480	0	0	
0	[SLAMPOS]	0	218.970	344.250	0	121.880	0	0	
0	[SLAMPOS]	0	219.100	344.340	0	123.360	0	0	
0	[SLAMPOS]	0	219.580	343.810	0	123.910	0	0	
0	[SLAMPOS]	0	219.610	343.790	0	123.960	0	0	
0	[SLAMPOS]	0	219.910	343.560	0	124.850	0	0	
0	[SLAMPOS]	0	220.190	343.330	0	125.630	0	0	
0	[SLAMPOS]	0	220.250	343.290	0	125.780	0	0	
0	[SLAMPOS]	0	220.540	343.060	0	126.480	0	0	
0	[SLAMPOS]	0	220.780	342.860	0	127.010	0	0	
0	[SLAMPOS]	0	220.900	342.760	0	127.270	0	0	
0	[SLAMPOS]	0	221.300	342.430	0	128.000	0	0	
0	[SLAMPOS]	0	221.410	342.340	0	128.160	0	0	
0	[SLAMPOS]	0	221.660	342.140	0	128.500	0	0	
0	[SLAMPOS]	0	221.950	341.890	0	128.830	0	0	
0	[SLAMPOS]	0	222.040	341.820	0	128.910	0	0	
0	[SLAMPOS]	0	222.340	341.560	0	129.180	0	0	
0	[SLAMPOS]	0	222.400	341.520	0	129.220	0	0	
0	[SLAMPOS]	0	222.680	341.270	0	129.430	0	0	
0	[SLAMPOS]	0	222.980	340.990	0	129.580	0	0	
0	[SLAMPOS]	0	223.060	340.920	0	129.610	0	0	
0	[SLAMPOS]	0	223.340	340.670	0	129.720	0	0	
0	[SLAMPOS]	0	223.620	340.430	0	129.810	0	0	
0	[SLAMPOS]	0	223.730	340.330	0	129.840	0	0	
0	[SLAMPOS]	0	224.180	339.930	0	129.900	0	0	
0	[SLAMPOS]	0	224.330	339.790	0	129.900	0	0	
0	[SLAMPOS]	0	224.570	339.590	0	129.880	0	0	
0	[SLAMPOS]	0	224.900	339.300	0	129.830	0	0	
0	[SLAMPOS]	0	225.310	338.950	0	129.750	0	0	
0	[SLAMPOS]	0	225.290	338.960	0	129.750	0	0	
0	[SLAMPOS]	0	225.630	338.660	0	129.680	0	0	
0	[SLAMPOS]	0	225.920	338.410	0	129.620	0	0	
0	[SLAMPOS]	0	226.150	338.200	0	129.580	0	0	
0	[SLAMPOS]	0	226.380	338.010	0	129.530	0	0	
0	[SLAMPOS]	0	226.510	337.910	0	129.500	0	0	
0	[SLAMPOS]	0	226.900	337.550	0	129.440	0	0	
0	[SLAMPOS]	0	227.160	337.320	0	129.400	0	0	
0	[SLAMPOS]	0	227.310	337.190	0	129.380	0	0	
0	[SLAMPOS]	0	227.830	336.740	0	129.370	0	0	
0	[SLAMPOS]	0	228.010	336.600	0	129.360	0	0	
0	[SLAMPOS]	0	228.330	336.330	0	129.380	0	0	
0	[SLAMPOS]	0	228.700	336.020	0	129.390	0	0	
0	[SLAMPOS]	0	228.930	335.820	0	129.380	0	0	
0	[SLAMPOS]	0	229.200	335.570	0	129.400	0	0	
0	[SLAMPOS]	0	229.270	335.510	0	129.400	0	0	
0	[SLAMPOS]	0	229.650	335.160	0	129.400	0	0	
0	[SLAMPOS]	0	229.970	334.890	0	129.410	0	0	
0	[SLAMPOS]	0	230.120	334.760	0	129.400	0	0	
0	[SLAMPOS]	0	230.500	334.430	0	129.400	0	0	
0	[SLAMPOS]	0	230.860	334.140	0	129.390	0	0	
0	[SLAMPOS]	0	231.240	333.790	0	129.410	0	0	
0	[SLAMPOS]	0	231.590	333.510	0	129.410	0	0	
0	[SLAMPOS]	0	232.000	333.170	0	129.420	0	0	
0	[SLAMPOS]	0	232.090	333.090	0	129.420	0	0	
0	[SLAMPOS]	0	232.500	332.740	0	129.420	0	0	
0	[SLAMPOS]	0	232.620	332.650	0	129.420	0	0	
0	[SLAMPOS]	0	233.060	332.290	0	129.400	0	0	
0	[SLAMPOS]	0	233.470	331.940	0	129.420	0	0	
0	[SLAMPOS]	0	233.580	331.850	0	129.430	0	0	
0	[SLAMPOS]	0	233.990	331.490	0	129.430	0	0	
0	[SLAMPOS]	0	234.350	331.180	0	129.440	0	0	
0	[SLAMPOS]	0	234.530	331.020	0	129.450	0	0	
0	[SLAMPOS]	0	235.140	330.480	0	129.470	0	0	
0	[SLAMPOS]	0	235.310	330.340	0	129.460	0	0	
0	[SLAMPOS]	0	235.680	330.020	0	129.470	0	0	
0	[SLAMPOS]	0	235.910	329.820	0	129.480	0	0	
0	[SLAMPOS]	0	236.320	329.440	0	129.500	0	0	
0	[SLAMPOS]	0	236.610	329.190	0	129.510	0	0	
0	[SLAMPOS]	0	236.890	328.950	0	129.510	0	0	
0	[SLAMPOS]	0	237.070	328.810	0	129.490	0	0	
0	[SLAMPOS]	0	237.730	328.240	0	129.510	0	0	
0	[SLAMPOS]	0	237.910	328.100	0	129.510	0	0	
0	[SLAMPOS]	0	238.290	327.770	0	129.530	0	0	
0	[SLAMPOS]	0	238.730	327.380	0	129.530	0	0	
0	[SLAMPOS]	0	238.850	327.280	0	129.540	0	0	
0	[SLAMPOS]	0	239.310	326.890	0	129.540	0	0	
0	[SLAMPOS]	0	239.700	326.570	0	129.540	0	0	
0	[SLAMPOS]	0	239.880	326.410	0	129.550	0	0	
0	[SLAMPOS]	0	240.350	326.000	0	129.560	0	0	
0	[SLAMPOS]	0	240.760	325.660	0	129.550	0	0	
0	[SLAMPOS]	0	241.140	325.330	0	129.560	0	0	
