0	[SLAMPOS]	0	198.030	111.980	0	240.400	0	0	
0	[SLAMPOS]	0	197.870	111.890	0	240.430	0	0	
0	[SLAMPOS]	0	197.290	111.570	0	240.520	0	0	
0	[SLAMPOS]	0	196.710	111.270	0	240.600	0	0	
0	[SLAMPOS]	0	196.560	111.180	0	240.620	0	0	
0	[SLAMPOS]	0	195.950	110.880	0	240.710	0	0	
0	[SLAMPOS]	0	195.820	110.800	0	240.740	0	0	
0	[SLAMPOS]	0	195.210	110.490	0	240.830	0	0	
0	[SLAMPOS]	0	194.330	110.030	0	240.970	0	0	
0	[SLAMPOS]	0	194.090	109.910	0	240.990	0	0	
0	[SLAMPOS]	0	193.560	109.650	0	241.080	0	0	
0	[SLAMPOS]	0	192.970	109.340	0	241.160	0	0	
0	[SLAMPOS]	0	192.730	109.220	0	241.190	0	0	
0	[SLAMPOS]	0	192.220	108.960	0	241.260	0	0	
0	[SLAMPOS]	0	191.950	108.830	0	241.300	0	0	
0	[SLAMPOS]	0	191.430	108.560	0	241.380	0	0	
0	[SLAMPOS]	0	190.820	108.240	0	241.480	0	0	
0	[SLAMPOS]	0	190.670	108.150	0	241.500	0	0	
0	[SLAMPOS]	0	190.110	107.880	0	241.580	0	0	
0	[SLAMPOS]	0	189.570	107.610	0	241.670	0	0	
0	[SLAMPOS]	0	189.340	107.490	0	241.690	0	0	
0	[SLAMPOS]	0	188.750	107.200	0	241.770	0	0	
0	[SLAMPOS]	0	188.220	106.930	0	241.880	0	0	
0	[SLAMPOS]	0	187.990	106.810	0	241.900	0	0	
0	[SLAMPOS]	0	187.100	106.370	0	242.040	0	0	
0	[SLAMPOS]	0	186.870	106.260	0	242.070	0	0	
0	[SLAMPOS]	0	186.340	105.980	0	242.120	0	0	
0	[SLAMPOS]	0	185.750	105.670	0	242.190	0	0	
0	[SLAMPOS]	0	185.590	105.590	0	242.200	0	0	
0	[SLAMPOS]	0	184.990	105.280	0	242.300	0	0	
0	[SLAMPOS]	0	184.380	104.970	0	242.350	0	0	
0	[SLAMPOS]	0	184.240	104.890	0	242.340	0	0	
0	[SLAMPOS]	0	183.650	104.600	0	242.350	0	0	
0	[SLAMPOS]	0	183.490	104.520	0	242.340	0	0	
0	[SLAMPOS]	0	182.900	104.220	0	242.330	0	0	
0	[SLAMPOS]	0	182.400	103.950	0	242.270	0	0	
0	[SLAMPOS]	0	181.840	103.660	0	242.230	0	0	
0	[SLAMPOS]	0	181.310	103.380	0	242.150	0	0	
0	[SLAMPOS]	0	180.710	103.080	0	242.130	0	0	
0	[SLAMPOS]	0	180.540	102.990	0	242.110	0	0	
0	[SLAMPOS]	0	179.930	102.690	0	242.060	0	0	
0	[SLAMPOS]	0	179.780	102.610	0	242.040	0	0	
0	[SLAMPOS]	0	179.140	102.290	0	241.970	0	0	
0	[SLAMPOS]	0	178.610	102.010	0	241.910	0	0	
0	[SLAMPOS]	0	178.440	101.920	0	241.890	0	0	
0	[SLAMPOS]	0	177.830	101.610	0	241.840	0	0	
0	[SLAMPOS]	0	177.280	101.320	0	241.790	0	0	
0	[SLAMPOS]	0	177.040	101.200	0	241.770	0	0	
0	[SLAMPOS]	0	176.450	100.890	0	241.720	0	0	
0	[SLAMPOS]	0	175.930	100.620	0	241.680	0	0	
0	[SLAMPOS]	0	175.620	100.460	0	241.630	0	0	
0	[SLAMPOS]	0	174.810	100.060	0	241.560	0	0	
0	[SLAMPOS]	0	174.570	99.940	0	241.550	0	0	
0	[SLAMPOS]	0	174.060	99.680	0	241.510	0	0	
0	[SLAMPOS]	0	173.470	99.370	0	241.480	0	0	
0	[SLAMPOS]	0	173.210	99.240	0	241.450	0	0	
0	[SLAMPOS]	0	172.690	98.970	0	241.400	0	0	
0	[SLAMPOS]	0	172.460	98.860	0	241.390	0	0	
0	[SLAMPOS]	0	171.950	98.570	0	241.320	0	0	
0	[SLAMPOS]	0	171.370	98.270	0	241.270	0	0	
0	[SLAMPOS]	0	171.200	98.170	0	241.240	0	0	
0	[SLAMPOS]	0	170.630	97.880	0	241.180	0	0	
0	[SLAMPOS]	0	170.120	97.600	0	241.110	0	0	
0	[SLAMPOS]	0	169.900	97.500	0	241.100	0	0	
0	[SLAMPOS]	0	169.340	97.210	0	241.040	0	0	
0	[SLAMPOS]	0	168.850	96.920	0	240.960	0	0	
0	[SLAMPOS]	0	168.650	96.830	0	240.960	0	0	
0	[SLAMPOS]	0	167.820	96.390	0	240.870	0	0	
0	[SLAMPOS]	0	167.630	96.280	0	240.840	0	0	
0	[SLAMPOS]	0	167.140	96.010	0	240.760	0	0	
0	[SLAMPOS]	0	166.580	95.740	0	240.710	0	0	
0	[SLAMPOS]	0	166.460	95.670	0	240.690	0	0	
0	[SLAMPOS]	0	165.920	95.390	0	240.630	0	0	
0	[SLAMPOS]	0	165.440	95.130	0	240.580	0	0	
0	[SLAMPOS]	0	165.220	95.020	0	240.570	0	0	
0	[SLAMPOS]	0	164.420	94.590	0	240.470	0	0	
0	[SLAMPOS]	0	164.210	94.480	0	240.440	0	0	
0	[SLAMPOS]	0	163.740	94.210	0	240.350	0	0	
0	[SLAMPOS]	0	163.200	93.920	0	240.260	0	0	
0	[SLAMPOS]	0	163.010	93.820	0	240.240	0	0	
0	[SLAMPOS]	0	162.540	93.570	0	240.180	0	0	
0	[SLAMPOS]	0	162.010	93.260	0	240.100	0	0	
0	[SLAMPOS]	0	161.880	93.190	0	240.080	0	0	
0	[SLAMPOS]	0	161.370	92.900	0	239.990	0	0	
0	[SLAMPOS]	0	161.220	92.810	0	239.960	0	0	
0	[SLAMPOS]	0	160.720	92.530	0	239.880	0	0	
0	[SLAMPOS]	0	160.260	92.270	0	239.800	0	0	
0	[SLAMPOS]	0	160.080	92.170	0	239.780	0	0	
0	[SLAMPOS]	0	159.340	91.750	0	239.640	0	0	
0	[SLAMPOS]	0	159.120	91.640	0	239.610	0	0	
0	[SLAMPOS]	0	158.640	91.360	0	239.550	0	0	
0	[SLAMPOS]	0	158.210	91.130	0	239.470	0	0	
0	[SLAMPOS]	0	158.020	91.030	0	239.440	0	0	
0	[SLAMPOS]	0	157.590	90.790	0	239.350	0	0	
0	[SLAMPOS]	0	157.110	90.520	0	239.290	0	0	
0	[SLAMPOS]	0	156.990	90.440	0	239.260	0	0	
0	[SLAMPOS]	0	156.540	90.190	0	239.190	0	0	
0	[SLAMPOS]	0	156.150	89.970	0	239.130	0	0	
0	[SLAMPOS]	0	155.930	89.840	0	239.090	0	0	
0	[SLAMPOS]	0	155.480	89.590	0	239.030	0	0	
0	[SLAMPOS]	0	155.100	89.370	0	239.020	0	0	
0	[SLAMPOS]	0	154.930	89.270	0	238.990	0	0	
0	[SLAMPOS]	0	154.290	88.900	0	238.980	0	0	
0	[SLAMPOS]	0	154.120	88.800	0	239.000	0	0	
0	[SLAMPOS]	0	153.740	88.590	0	239.060	0	0	
0	[SLAMPOS]	0	153.310	88.330	0	239.140	0	0	
0	[SLAMPOS]	0	153.200	88.270	0	239.150	0	0	
0	[SLAMPOS]	0	152.760	88.030	0	239.190	0	0	
0	[SLAMPOS]	0	152.320	87.790	0	239.220	0	0	
0	[SLAMPOS]	0	152.200	87.720	0	239.230	0	0	
0	[SLAMPOS]	0	151.770	87.470	0	239.260	0	0	
0	[SLAMPOS]	0	151.670	87.410	0	239.270	0	0	
0	[SLAMPOS]	0	151.240	87.160	0	239.310	0	0	
0	[SLAMPOS]	0	150.900	86.960	0	239.340	0	0	
0	[SLAMPOS]	0	150.750	86.870	0	239.350	0	0	
0	[SLAMPOS]	0	150.360	86.660	0	239.380	0	0	
0	[SLAMPOS]	0	150.030	86.460	0	239.400	0	0	
0	[SLAMPOS]	0	149.910	86.390	0	239.410	0	0	
0	[SLAMPOS]	0	149.380	86.090	0	239.450	0	0	
0	[SLAMPOS]	0	149.230	86.000	0	239.470	0	0	
0	[SLAMPOS]	0	148.930	85.830	0	239.490	0	0	
0	[SLAMPOS]	0	148.600	85.650	0	239.510	0	0	
0	[SLAMPOS]	0	148.510	85.600	0	239.520	0	0	
0	[SLAMPOS]	0	148.190	85.420	0	239.550	0	0	
0	[SLAMPOS]	0	148.120	85.380	0	239.550	0	0	
0	[SLAMPOS]	0	147.450	85.000	0	239.560	0	0	
0	[SLAMPOS]	0	147.430	85.000	0	239.560	0	0	
0	[SLAMPOS]	0	147.140	84.840	0	239.550	0	0	
0	[SLAMPOS]	0	146.680	85.700	0	239.170	0	0	
0	[SLAMPOS]	0	146.850	84.660	0	239.540	0	0	
0	[SLAMPOS]	0	146.730	84.600	0	239.550	0	0	
0	[SLAMPOS]	0	146.310	84.370	0	239.560	0	0	
0	[SLAMPOS]	0	146.220	84.320	0	239.550	0	0	
0	[SLAMPOS]	0	145.940	84.160	0	239.520	0	0	
0	[SLAMPOS]	0	145.700	84.030	0	239.510	0	0	
0	[SLAMPOS]	0	145.440	83.880	0	239.520	0	0	
0	[SLAMPOS]	0	145.370	83.840	0	239.510	0	0	
0	[SLAMPOS]	0	145.110	83.690	0	239.490	0	0	
0	[SLAMPOS]	0	145.040	83.650	0	239.480	0	0	
0	[SLAMPOS]	0	144.780	83.500	0	239.410	0	0	
0	[SLAMPOS]	0	144.560	83.370	0	239.370	0	0	
0	[SLAMPOS]	0	144.460	83.310	0	239.350	0	0	
0	[SLAMPOS]	0	144.110	83.120	0	239.330	0	0	
0	[SLAMPOS]	0	144.020	83.070	0	239.330	0	0	
0	[SLAMPOS]	0	143.820	82.950	0	239.300	0	0	
0	[SLAMPOS]	0	143.610	82.820	0	239.250	0	0	
0	[SLAMPOS]	0	143.560	82.790	0	239.240	0	0	
0	[SLAMPOS]	0	143.370	82.680	0	239.210	0	0	
0	[SLAMPOS]	0	143.160	82.560	0	239.210	0	0	
0	[SLAMPOS]	0	143.110	82.530	0	239.200	0	0	
0	[SLAMPOS]	0	142.910	82.410	0	239.180	0	0	
0	[SLAMPOS]	0	142.750	82.330	0	239.170	0	0	
0	[SLAMPOS]	0	142.690	82.290	0	239.160	0	0	
0	[SLAMPOS]	0	142.530	82.200	0	239.140	0	0	
0	[SLAMPOS]	0	142.370	82.110	0	239.130	0	0	
0	[SLAMPOS]	0	142.300	82.070	0	239.120	0	0	
0	[SLAMPOS]	0	142.070	81.920	0	239.090	0	0	
0	[SLAMPOS]	0	142.010	81.890	0	239.090	0	0	
0	[SLAMPOS]	0	141.880	81.820	0	239.070	0	0	
0	[SLAMPOS]	0	141.750	81.750	0	239.060	0	0	
0	[SLAMPOS]	0	141.700	81.720	0	239.060	0	0	
0	[SLAMPOS]	0	141.580	81.660	0	239.060	0	0	
0	[SLAMPOS]	0	141.540	81.630	0	239.050	0	0	
0	[SLAMPOS]	0	141.410	81.570	0	239.040	0	0	
0	[SLAMPOS]	0	141.310	81.510	0	239.020	0	0	
0	[SLAMPOS]	0	141.260	81.490	0	239.010	0	0	
0	[SLAMPOS]	0	141.140	81.430	0	239.000	0	0	
0	[SLAMPOS]	0	141.040	81.370	0	239.000	0	0	
0	[SLAMPOS]	0	140.990	81.340	0	238.990	0	0	
0	[SLAMPOS]	0	140.800	81.250	0	238.970	0	0	
0	[SLAMPOS]	0	140.760	81.230	0	238.960	0	0	
0	[SLAMPOS]	0	140.660	81.150	0	238.950	0	0	
0	[SLAMPOS]	0	140.560	81.090	0	238.940	0	0	
0	[SLAMPOS]	0	140.530	81.080	0	238.940	0	0	
0	[SLAMPOS]	0	140.430	81.020	0	238.930	0	0	
0	[SLAMPOS]	0	140.350	80.960	0	238.920	0	0	
0	[SLAMPOS]	0	140.320	80.940	0	238.910	0	0	
0	[SLAMPOS]	0	140.180	80.870	0	238.900	0	0	
0	[SLAMPOS]	0	140.150	80.850	0	238.900	0	0	
0	[SLAMPOS]	0	140.120	80.840	0	238.890	0	0	
0	[SLAMPOS]	0	140.010	80.770	0	238.870	0	0	
0	[SLAMPOS]	0	139.980	80.760	0	238.870	0	0	
0	[SLAMPOS]	0	139.930	80.730	0	238.860	0	0	
0	[SLAMPOS]	0	139.880	80.700	0	238.850	0	0	
0	[SLAMPOS]	0	139.860	80.680	0	238.850	0	0	
0	[SLAMPOS]	0	139.800	80.660	0	238.830	0	0	
0	[SLAMPOS]	0	139.790	80.650	0	238.820	0	0	
0	[SLAMPOS]	0	139.740	80.630	0	238.820	0	0	
0	[SLAMPOS]	0	139.700	80.600	0	238.820	0	0	
0	[SLAMPOS]	0	139.670	80.580	0	238.810	0	0	
0	[SLAMPOS]	0	139.620	80.570	0	238.790	0	0	
0	[SLAMPOS]	0	139.600	80.550	0	238.770	0	0	
0	[SLAMPOS]	0	139.590	80.540	0	238.780	0	0	
0	[SLAMPOS]	0	139.560	80.530	0	238.780	0	0	
0	[SLAMPOS]	0	139.540	80.510	0	238.790	0	0	
0	[SLAMPOS]	0	139.530	80.500	0	238.790	0	0	
0	[SLAMPOS]	0	139.510	80.490	0	238.780	0	0	
0	[SLAMPOS]	0	139.500	80.480	0	238.780	0	0	
0	[SLAMPOS]	0	139.480	80.470	0	238.760	0	0	
0	[SLAMPOS]	0	139.460	80.450	0	238.750	0	0	
0	[SLAMPOS]	0	139.450	80.450	0	238.760	0	0	
0	[SLAMPOS]	0	139.420	80.420	0	238.750	0	0	
0	[SLAMPOS]	0	139.400	80.410	0	238.730	0	0	
0	[SLAMPOS]	0	139.380	80.400	0	238.720	0	0	
0	[SLAMPOS]	0	139.320	80.360	0	238.690	0	0	
0	[SLAMPOS]	0	139.300	80.350	0	238.690	0	0	
0	[SLAMPOS]	0	139.260	80.330	0	238.690	0	0	
0	[SLAMPOS]	0	139.200	80.300	0	238.680	0	0	
0	[SLAMPOS]	0	139.180	80.290	0	238.670	0	0	
0	[SLAMPOS]	0	139.130	80.260	0	238.650	0	0	
0	[SLAMPOS]	0	139.070	80.220	0	238.630	0	0	
0	[SLAMPOS]	0	139.060	80.220	0	238.620	0	0	
0	[SLAMPOS]	0	138.990	80.180	0	238.590	0	0	
0	[SLAMPOS]	0	138.980	80.170	0	238.580	0	0	
0	[SLAMPOS]	0	138.910	80.120	0	238.560	0	0	
0	[SLAMPOS]	0	138.860	80.090	0	238.530	0	0	
0	[SLAMPOS]	0	138.830	80.070	0	238.520	0	0	
0	[SLAMPOS]	0	138.760	80.030	0	238.500	0	0	
0	[SLAMPOS]	0	138.700	80.000	0	238.460	0	0	
0	[SLAMPOS]	0	138.670	79.970	0	238.440	0	0	
0	[SLAMPOS]	0	138.550	79.910	0	238.370	0	0	
0	[SLAMPOS]	0	138.520	79.890	0	238.360	0	0	
0	[SLAMPOS]	0	138.460	79.840	0	238.330	0	0	
0	[SLAMPOS]	0	138.360	79.800	0	238.290	0	0	
0	[SLAMPOS]	0	138.340	79.780	0	238.290	0	0	
0	[SLAMPOS]	0	138.260	79.730	0	238.240	0	0	
0	[SLAMPOS]	0	138.230	79.710	0	238.230	0	0	
0	[SLAMPOS]	0	138.130	79.680	0	238.210	0	0	
0	[SLAMPOS]	0	138.040	79.630	0	238.190	0	0	
0	[SLAMPOS]	0	137.940	79.580	0	238.170	0	0	
0	[SLAMPOS]	0	137.900	79.550	0	238.160	0	0	
0	[SLAMPOS]	0	137.750	79.470	0	238.120	0	0	
0	[SLAMPOS]	0	137.720	79.430	0	238.100	0	0	
0	[SLAMPOS]	0	137.620	79.380	0	238.090	0	0	
0	[SLAMPOS]	0	137.510	79.320	0	238.080	0	0	
0	[SLAMPOS]	0	137.480	79.300	0	238.070	0	0	
0	[SLAMPOS]	0	137.360	79.230	0	238.050	0	0	
0	[SLAMPOS]	0	137.330	79.210	0	238.040	0	0	
0	[SLAMPOS]	0	137.210	79.140	0	238.040	0	0	
0	[SLAMPOS]	0	137.070	79.070	0	238.030	0	0	
0	[SLAMPOS]	0	137.030	79.050	0	238.030	0	0	
0	[SLAMPOS]	0	136.910	78.970	0	238.010	0	0	
0	[SLAMPOS]	0	136.800	78.900	0	238.010	0	0	
0	[SLAMPOS]	0	136.750	78.860	0	238.020	0	0	
0	[SLAMPOS]	0	136.540	78.740	0	238.020	0	0	
0	[SLAMPOS]	0	136.500	78.690	0	238.000	0	0	
0	[SLAMPOS]	0	136.380	78.620	0	237.990	0	0	
0	[SLAMPOS]	0	136.240	78.520	0	238.030	0	0	
0	[SLAMPOS]	0	136.180	78.490	0	238.060	0	0	
0	[SLAMPOS]	0	136.050	78.410	0	238.110	0	0	
0	[SLAMPOS]	0	135.890	78.310	0	238.130	0	0	
0	[SLAMPOS]	0	135.860	78.290	0	238.160	0	0	
0	[SLAMPOS]	0	135.700	78.190	0	238.200	0	0	
0	[SLAMPOS]	0	135.560	78.110	0	238.300	0	0	
0	[SLAMPOS]	0	135.490	78.080	0	238.340	0	0	
0	[SLAMPOS]	0	135.240	77.930	0	238.530	0	0	
0	[SLAMPOS]	0	135.160	77.890	0	238.570	0	0	
0	[SLAMPOS]	0	135.010	77.810	0	238.700	0	0	
0	[SLAMPOS]	0	134.820	77.700	0	238.860	0	0	
0	[SLAMPOS]	0	134.750	77.660	0	238.910	0	0	
0	[SLAMPOS]	0	134.590	77.570	0	239.110	0	0	
0	[SLAMPOS]	0	134.390	77.470	0	239.300	0	0	
0	[SLAMPOS]	0	134.340	77.440	0	239.390	0	0	
0	[SLAMPOS]	0	134.120	77.330	0	239.650	0	0	
0	[SLAMPOS]	0	133.940	77.230	0	239.970	0	0	
0	[SLAMPOS]	0	133.850	77.180	0	240.110	0	0	
0	[SLAMPOS]	0	133.550	77.020	0	240.690	0	0	
0	[SLAMPOS]	0	133.450	76.970	0	240.860	0	0	
0	[SLAMPOS]	0	133.260	76.870	0	241.320	0	0	
0	[SLAMPOS]	0	133.010	76.740	0	241.890	0	0	
0	[SLAMPOS]	0	132.950	76.710	0	242.070	0	0	
0	[SLAMPOS]	0	132.700	76.590	0	242.730	0	0	
0	[SLAMPOS]	0	132.630	76.550	0	242.950	0	0	
0	[SLAMPOS]	0	132.360	76.440	0	243.650	0	0	
0	[SLAMPOS]	0	132.120	76.330	0	244.370	0	0	
0	[SLAMPOS]	0	132.020	76.290	0	244.620	0	0	
0	[SLAMPOS]	0	131.710	76.170	0	245.460	0	0	
0	[SLAMPOS]	0	131.460	76.070	0	246.230	0	0	
0	[SLAMPOS]	0	131.330	76.020	0	246.590	0	0	
0	[SLAMPOS]	0	130.880	75.860	0	247.920	0	0	
0	[SLAMPOS]	0	130.560	75.760	0	248.830	0	0	
0	[SLAMPOS]	0	130.390	75.700	0	249.310	0	0	
0	[SLAMPOS]	0	130.150	75.620	0	250.000	0	0	
0	[SLAMPOS]	0	130.060	75.590	0	250.280	0	0	
0	[SLAMPOS]	0	129.720	75.500	0	251.230	0	0	
0	[SLAMPOS]	0	129.380	75.420	0	252.210	0	0	
0	[SLAMPOS]	0	129.290	75.390	0	252.520	0	0	
0	[SLAMPOS]	0	128.940	75.300	0	253.480	0	0	
0	[SLAMPOS]	0	128.620	75.220	0	254.440	0	0	
0	[SLAMPOS]	0	128.500	75.200	0	254.770	0	0	
0	[SLAMPOS]	0	127.940	75.090	0	256.460	0	0	
0	[SLAMPOS]	0	127.770	75.060	0	256.950	0	0	
0	[SLAMPOS]	0	127.450	75.010	0	257.910	0	0	
0	[SLAMPOS]	0	127.060	74.940	0	259.090	0	0	
0	[SLAMPOS]	0	126.970	74.920	0	259.420	0	0	
0	[SLAMPOS]	0	126.570	74.870	0	260.640	0	0	
0	[SLAMPOS]	0	126.150	74.830	0	261.900	0	0	
0	[SLAMPOS]	0	126.050	74.810	0	262.290	0	0	
0	[SLAMPOS]	0	125.590	74.790	0	263.770	0	0	
0	[SLAMPOS]	0	125.480	74.780	0	264.190	0	0	
0	[SLAMPOS]	0	125.070	74.770	0	265.520	0	0	
0	[SLAMPOS]	0	124.700	74.770	0	266.840	0	0	
0	[SLAMPOS]	0	124.550	74.780	0	267.340	0	0	
0	[SLAMPOS]	0	124.120	74.800	0	268.740	0	0	
0	[SLAMPOS]	0	123.750	74.810	0	270.050	0	0	
0	[SLAMPOS]	0	123.580	74.840	0	270.630	0	0	
0	[SLAMPOS]	0	122.960	74.890	0	272.790	0	0	
0	[SLAMPOS]	0	122.800	74.920	0	273.320	0	0	
0	[SLAMPOS]	0	122.420	74.970	0	274.650	0	0	
0	[SLAMPOS]	0	122.010	75.050	0	276.070	0	0	
0	[SLAMPOS]	0	121.900	75.060	0	276.500	0	0	
0	[SLAMPOS]	0	121.470	75.160	0	278.000	0	0	
0	[SLAMPOS]	0	121.090	75.240	0	279.340	0	0	
0	[SLAMPOS]	0	120.910	75.280	0	279.920	0	0	
0	[SLAMPOS]	0	120.260	75.450	0	282.220	0	0	
0	[SLAMPOS]	0	120.080	75.500	0	282.800	0	0	
0	[SLAMPOS]	0	119.700	75.610	0	284.160	0	0	
0	[SLAMPOS]	0	119.250	75.770	0	285.720	0	0	
0	[SLAMPOS]	0	119.030	75.850	0	286.470	0	0	
0	[SLAMPOS]	0	118.650	75.990	0	287.890	0	0	
0	[SLAMPOS]	0	118.190	76.190	0	289.560	0	0	
0	[SLAMPOS]	0	118.090	76.220	0	289.940	0	0	
0	[SLAMPOS]	0	117.670	76.430	0	291.450	0	0	
0	[SLAMPOS]	0	117.550	76.470	0	291.900	0	0	
0	[SLAMPOS]	0	117.120	76.700	0	293.410	0	0	
0	[SLAMPOS]	0	116.690	76.940	0	294.910	0	0	
0	[SLAMPOS]	0	116.570	77.000	0	295.320	0	0	
0	[SLAMPOS]	0	116.140	77.270	0	296.770	0	0	
0	[SLAMPOS]	0	115.760	77.500	0	298.060	0	0	
0	[SLAMPOS]	0	115.590	77.610	0	298.610	0	0	
0	[SLAMPOS]	0	114.950	78.030	0	300.710	0	0	
0	[SLAMPOS]	0	114.730	78.180	0	301.380	0	0	
0	[SLAMPOS]	0	114.360	78.430	0	302.630	0	0	
0	[SLAMPOS]	0	113.940	78.760	0	304.010	0	0	
0	[SLAMPOS]	0	113.750	78.910	0	304.640	0	0	
0	[SLAMPOS]	0	113.370	79.210	0	305.990	0	0	
0	[SLAMPOS]	0	112.960	79.560	0	307.360	0	0	
0	[SLAMPOS]	0	112.850	79.640	0	307.770	0	0	
0	[SLAMPOS]	0	112.460	80.010	0	309.130	0	0	
0	[SLAMPOS]	0	112.330	80.120	0	309.620	0	0	
0	[SLAMPOS]	0	111.920	80.530	0	311.120	0	0	
0	[SLAMPOS]	0	111.570	80.870	0	312.370	0	0	
0	[SLAMPOS]	0	111.190	81.290	0	313.690	0	0	
0	[SLAMPOS]	0	111.040	81.470	0	314.180	0	0	
0	[SLAMPOS]	0	110.450	82.150	0	316.130	0	0	
0	[SLAMPOS]	0	110.320	82.320	0	316.410	0	0	
0	[SLAMPOS]	0	109.980	82.700	0	317.310	0	0	
0	[SLAMPOS]	0	109.620	83.170	0	318.160	0	0	
0	[SLAMPOS]	0	109.510	83.300	0	318.390	0	0	
0	[SLAMPOS]	0	109.150	83.760	0	319.100	0	0	
0	[SLAMPOS]	0	109.040	83.890	0	319.320	0	0	
0	[SLAMPOS]	0	108.680	84.360	0	319.930	0	0	
0	[SLAMPOS]	0	108.300	84.860	0	320.440	0	0	
0	[SLAMPOS]	0	108.190	84.990	0	320.590	0	0	
0	[SLAMPOS]	0	107.810	85.490	0	321.070	0	0	
0	[SLAMPOS]	0	107.470	85.930	0	321.490	0	0	
0	[SLAMPOS]	0	107.330	86.130	0	321.640	0	0	
0	[SLAMPOS]	0	106.760	86.880	0	322.240	0	0	
0	[SLAMPOS]	0	106.620	87.090	0	322.370	0	0	
0	[SLAMPOS]	0	106.460	87.320	0	322.500	0	0	
0	[SLAMPOS]	0	105.930	88.070	0	323.030	0	0	
0	[SLAMPOS]	0	105.790	88.280	0	323.150	0	0	
0	[SLAMPOS]	0	105.470	88.740	0	323.460	0	0	
0	[SLAMPOS]	0	105.100	89.280	0	323.770	0	0	
0	[SLAMPOS]	0	105.000	89.410	0	323.840	0	0	
0	[SLAMPOS]	0	104.630	89.970	0	324.110	0	0	
0	[SLAMPOS]	0	104.540	90.100	0	324.150	0	0	
0	[SLAMPOS]	0	104.080	90.770	0	324.380	0	0	
0	[SLAMPOS]	0	103.510	91.640	0	324.540	0	0	
0	[SLAMPOS]	0	103.160	92.140	0	324.650	0	0	
0	[SLAMPOS]	0	102.750	92.740	0	324.760	0	0	
0	[SLAMPOS]	0	102.600	92.970	0	324.790	0	0	
0	[SLAMPOS]	0	102.290	93.420	0	324.870	0	0	
0	[SLAMPOS]	0	101.880	94.040	0	324.960	0	0	
0	[SLAMPOS]	0	101.390	94.780	0	325.100	0	0	
0	[SLAMPOS]	0	101.190	95.080	0	325.160	0	0	
0	[SLAMPOS]	0	100.870	95.570	0	325.260	0	0	
0	[SLAMPOS]	0	100.730	95.790	0	325.290	0	0	
0	[SLAMPOS]	0	100.410	96.260	0	325.380	0	0	
0	[SLAMPOS]	0	99.990	96.910	0	325.490	0	0	
0	[SLAMPOS]	0	99.620	97.490	0	325.570	0	0	
0	[SLAMPOS]	0	99.520	97.640	0	325.610	0	0	
0	[SLAMPOS]	0	99.170	98.180	0	325.690	0	0	
0	[SLAMPOS]	0	99.080	98.310	0	325.720	0	0	
0	[SLAMPOS]	0	98.670	98.940	0	325.830	0	0	
0	[SLAMPOS]	0	98.400	99.370	0	325.920	0	0	
0	[SLAMPOS]	0	98.220	99.650	0	325.960	0	0	
0	[SLAMPOS]	0	97.900	100.160	0	326.040	0	0	
0	[SLAMPOS]	0	97.570	100.660	0	326.140	0	0	
0	[SLAMPOS]	0	97.460	100.830	0	326.150	0	0	
0	[SLAMPOS]	0	96.950	101.640	0	326.290	0	0	
0	[SLAMPOS]	0	96.610	102.200	0	326.390	0	0	
0	[SLAMPOS]	0	96.530	102.320	0	326.420	0	0	
0	[SLAMPOS]	0	96.180	102.890	0	326.510	0	0	
0	[SLAMPOS]	0	95.740	103.580	0	326.630	0	0	
0	[SLAMPOS]	0	95.690	103.660	0	326.650	0	0	
0	[SLAMPOS]	0	95.420	104.100	0	326.730	0	0	
0	[SLAMPOS]	0	95.550	103.950	0	326.520	0	0	
0	[SLAMPOS]	0	94.800	105.100	0	326.920	0	0	
0	[SLAMPOS]	0	94.560	105.480	0	326.990	0	0	
0	[SLAMPOS]	0	94.440	105.680	0	327.020	0	0	
0	[SLAMPOS]	0	93.990	106.410	0	327.160	0	0	
0	[SLAMPOS]	0	93.940	106.480	0	327.180	0	0	
0	[SLAMPOS]	0	93.610	107.020	0	327.260	0	0	
0	[SLAMPOS]	0	93.240	107.640	0	327.370	0	0	
0	[SLAMPOS]	0	93.140	107.790	0	327.410	0	0	
0	[SLAMPOS]	0	92.680	108.550	0	327.540	0	0	
0	[SLAMPOS]	0	92.560	108.760	0	327.570	0	0	
0	[SLAMPOS]	0	92.270	109.230	0	327.650	0	0	
0	[SLAMPOS]	0	91.950	109.760	0	327.740	0	0	
0	[SLAMPOS]	0	91.670	110.220	0	327.810	0	0	
0	[SLAMPOS]	0	91.540	110.450	0	327.840	0	0	
0	[SLAMPOS]	0	91.100	111.200	0	327.950	0	0	
0	[SLAMPOS]	0	91.000	111.370	0	327.970	0	0	
0	[SLAMPOS]	0	90.760	111.770	0	327.970	0	0	
0	[SLAMPOS]	0	90.310	112.520	0	327.960	0	0	
0	[SLAMPOS]	0	90.280	112.570	0	327.960	0	0	
0	[SLAMPOS]	0	89.970	113.100	0	327.980	0	0	
0	[SLAMPOS]	0	89.870	113.260	0	327.980	0	0	
0	[SLAMPOS]	0	89.550	113.790	0	327.960	0	0	
0	[SLAMPOS]	0	89.250	114.280	0	327.940	0	0	
0	[SLAMPOS]	0	89.120	114.500	0	327.940	0	0	
0	[SLAMPOS]	0	88.620	115.330	0	327.940	0	0	
0	[SLAMPOS]	0	88.490	115.560	0	327.930	0	0	
0	[SLAMPOS]	0	88.200	116.030	0	327.920	0	0	
0	[SLAMPOS]	0	87.860	116.600	0	327.910	0	0	
0	[SLAMPOS]	0	87.520	117.170	0	327.870	0	0	
0	[SLAMPOS]	0	87.450	117.290	0	327.870	0	0	
0	[SLAMPOS]	0	87.060	117.940	0	327.860	0	0	
0	[SLAMPOS]	0	86.980	118.070	0	327.860	0	0	
0	[SLAMPOS]	0	86.660	118.610	0	327.840	0	0	
0	[SLAMPOS]	0	86.360	119.110	0	327.850	0	0	
0	[SLAMPOS]	0	86.230	119.330	0	327.830	0	0	
0	[SLAMPOS]	0	85.740	120.130	0	327.810	0	0	
0	[SLAMPOS]	0	85.580	120.410	0	327.800	0	0	
0	[SLAMPOS]	0	85.450	120.630	0	327.800	0	0	
0	[SLAMPOS]	0	84.910	121.510	0	327.790	0	0	
0	[SLAMPOS]	0	84.800	121.710	0	327.780	0	0	
0	[SLAMPOS]	0	84.590	122.060	0	327.790	0	0	
0	[SLAMPOS]	0	84.020	123.000	0	327.770	0	0	
0	[SLAMPOS]	0	83.890	123.210	0	327.770	0	0	
0	[SLAMPOS]	0	83.740	123.470	0	327.750	0	0	
0	[SLAMPOS]	0	83.170	124.390	0	327.710	0	0	
0	[SLAMPOS]	0	83.060	124.570	0	327.690	0	0	
0	[SLAMPOS]	0	82.820	124.980	0	327.710	0	0	
0	[SLAMPOS]	0	82.760	125.080	0	327.710	0	0	
0	[SLAMPOS]	0	82.440	125.630	0	327.730	0	0	
0	[SLAMPOS]	0	82.120	126.140	0	327.720	0	0	
0	[SLAMPOS]	0	81.970	126.390	0	327.700	0	0	
0	[SLAMPOS]	0	81.440	127.260	0	327.670	0	0	
0	[SLAMPOS]	0	81.270	127.520	0	327.650	0	0	
0	[SLAMPOS]	0	80.960	128.020	0	327.650	0	0	
0	[SLAMPOS]	0	80.620	128.590	0	327.660	0	0	
0	[SLAMPOS]	0	80.520	128.750	0	327.660	0	0	
0	[SLAMPOS]	0	80.150	129.360	0	327.630	0	0	
0	[SLAMPOS]	0	79.790	129.970	0	327.640	0	0	
0	[SLAMPOS]	0	79.680	130.150	0	327.630	0	0	
0	[SLAMPOS]	0	79.330	130.720	0	327.610	0	0	
0	[SLAMPOS]	0	78.990	131.270	0	327.590	0	0	
0	[SLAMPOS]	0	78.870	131.480	0	327.600	0	0	
0	[SLAMPOS]	0	78.320	132.380	0	327.580	0	0	
0	[SLAMPOS]	0	78.150	132.670	0	327.580	0	0	
0	[SLAMPOS]	0	77.820	133.200	0	327.560	0	0	
0	[SLAMPOS]	0	77.440	133.830	0	327.540	0	0	
0	[SLAMPOS]	0	77.270	134.120	0	327.540	0	0	
0	[SLAMPOS]	0	76.970	134.600	0	327.530	0	0	
0	[SLAMPOS]	0	76.600	135.230	0	327.530	0	0	
0	[SLAMPOS]	0	76.490	135.390	0	327.520	0	0	
0	[SLAMPOS]	0	76.110	136.020	0	327.510	0	0	
0	[SLAMPOS]	0	76.020	136.170	0	327.510	0	0	
0	[SLAMPOS]	0	75.640	136.790	0	327.510	0	0	
0	[SLAMPOS]	0	75.300	137.350	0	327.500	0	0	
0	[SLAMPOS]	0	75.170	137.570	0	327.500	0	0	
0	[SLAMPOS]	0	74.720	138.330	0	327.490	0	0	
0	[SLAMPOS]	0	74.280	139.040	0	327.470	0	0	
0	[SLAMPOS]	0	74.240	139.100	0	327.470	0	0	
0	[SLAMPOS]	0	73.750	139.920	0	327.450	0	0	
0	[SLAMPOS]	0	73.610	140.140	0	327.440	0	0	
0	[SLAMPOS]	0	73.430	140.440	0	327.440	0	0	
0	[SLAMPOS]	0	72.890	141.300	0	327.420	0	0	
0	[SLAMPOS]	0	72.790	141.470	0	327.420	0	0	
0	[SLAMPOS]	0	72.370	142.160	0	327.400	0	0	
0	[SLAMPOS]	0	72.060	142.660	0	327.390	0	0	
0	[SLAMPOS]	0	71.950	142.830	0	327.380	0	0	
0	[SLAMPOS]	0	71.590	143.430	0	327.390	0	0	
0	[SLAMPOS]	0	71.270	143.960	0	327.380	0	0	
0	[SLAMPOS]	0	71.140	144.160	0	327.360	0	0	
0	[SLAMPOS]	0	70.710	144.880	0	327.360	0	0	
0	[SLAMPOS]	0	70.400	145.370	0	327.350	0	0	
0	[SLAMPOS]	0	70.110	145.830	0	327.330	0	0	
0	[SLAMPOS]	0	69.770	146.390	0	327.320	0	0	
0	[SLAMPOS]	0	69.680	146.530	0	327.320	0	0	
0	[SLAMPOS]	0	69.310	147.130	0	327.300	0	0	
0	[SLAMPOS]	0	69.210	147.300	0	327.290	0	0	
0	[SLAMPOS]	0	68.850	147.870	0	327.290	0	0	
0	[SLAMPOS]	0	68.540	148.400	0	327.300	0	0	
0	[SLAMPOS]	0	68.400	148.630	0	327.290	0	0	
0	[SLAMPOS]	0	68.030	149.220	0	327.280	0	0	
0	[SLAMPOS]	0	67.710	149.750	0	327.270	0	0	
0	[SLAMPOS]	0	67.370	150.300	0	327.280	0	0	
0	[SLAMPOS]	0	67.060	150.800	0	327.260	0	0	
0	[SLAMPOS]	0	66.700	151.400	0	327.250	0	0	
0	[SLAMPOS]	0	66.610	151.540	0	327.250	0	0	
0	[SLAMPOS]	0	66.260	152.120	0	327.240	0	0	
0	[SLAMPOS]	0	66.170	152.260	0	327.230	0	0	
0	[SLAMPOS]	0	65.800	152.860	0	327.210	0	0	
0	[SLAMPOS]	0	65.500	153.330	0	327.170	0	0	
0	[SLAMPOS]	0	65.360	153.540	0	327.150	0	0	
0	[SLAMPOS]	0	64.980	154.160	0	327.120	0	0	
0	[SLAMPOS]	0	64.660	154.680	0	327.030	0	0	
0	[SLAMPOS]	0	64.540	154.860	0	327.020	0	0	
0	[SLAMPOS]	0	64.020	155.700	0	326.850	0	0	
0	[SLAMPOS]	0	63.890	155.910	0	326.820	0	0	
0	[SLAMPOS]	0	63.570	156.400	0	326.730	0	0	
0	[SLAMPOS]	0	63.240	156.940	0	326.640	0	0	
0	[SLAMPOS]	0	63.140	157.090	0	326.600	0	0	
0	[SLAMPOS]	0	62.780	157.630	0	326.510	0	0	
0	[SLAMPOS]	0	62.710	157.740	0	326.480	0	0	
0	[SLAMPOS]	0	62.340	158.310	0	326.390	0	0	
0	[SLAMPOS]	0	61.890	158.990	0	326.270	0	0	
0	[SLAMPOS]	0	61.560	159.500	0	326.190	0	0	
0	[SLAMPOS]	0	61.520	159.560	0	326.180	0	0	
0	[SLAMPOS]	0	61.070	160.250	0	326.070	0	0	
0	[SLAMPOS]	0	60.910	160.510	0	326.040	0	0	
0	[SLAMPOS]	0	60.650	160.900	0	325.980	0	0	
0	[SLAMPOS]	0	60.520	161.100	0	325.970	0	0	
0	[SLAMPOS]	0	60.230	161.540	0	325.900	0	0	
0	[SLAMPOS]	0	59.900	162.060	0	325.830	0	0	
0	[SLAMPOS]	0	59.820	162.170	0	325.810	0	0	
0	[SLAMPOS]	0	59.530	162.670	0	325.780	0	0	
0	[SLAMPOS]	0	59.210	163.180	0	325.730	0	0	
0	[SLAMPOS]	0	59.140	163.290	0	325.720	0	0	
0	[SLAMPOS]	0	58.840	163.760	0	325.680	0	0	
0	[SLAMPOS]	0	58.550	164.190	0	325.630	0	0	
0	[SLAMPOS]	0	58.440	164.370	0	325.620	0	0	
0	[SLAMPOS]	0	57.980	165.030	0	325.520	0	0	
0	[SLAMPOS]	0	57.860	165.210	0	325.500	0	0	
0	[SLAMPOS]	0	57.590	165.610	0	325.460	0	0	
0	[SLAMPOS]	0	57.290	166.070	0	325.440	0	0	
0	[SLAMPOS]	0	56.970	166.560	0	325.410	0	0	
0	[SLAMPOS]	0	56.880	166.690	0	325.390	0	0	
0	[SLAMPOS]	0	56.620	167.070	0	325.350	0	0	
0	[SLAMPOS]	0	56.520	167.220	0	325.330	0	0	
0	[SLAMPOS]	0	56.260	167.630	0	325.310	0	0	
0	[SLAMPOS]	0	55.870	168.220	0	325.260	0	0	
0	[SLAMPOS]	0	55.850	168.250	0	325.250	0	0	
0	[SLAMPOS]	0	55.460	168.850	0	325.200	0	0	
0	[SLAMPOS]	0	55.350	169.030	0	325.190	0	0	
0	[SLAMPOS]	0	55.160	169.300	0	325.180	0	0	
0	[SLAMPOS]	0	54.750	169.900	0	325.180	0	0	
0	[SLAMPOS]	0	54.680	170.010	0	325.170	0	0	
0	[SLAMPOS]	0	54.490	170.270	0	325.190	0	0	
0	[SLAMPOS]	0	54.100	170.820	0	325.250	0	0	
0	[SLAMPOS]	0	54.070	170.860	0	325.250	0	0	
0	[SLAMPOS]	0	53.790	171.270	0	325.330	0	0	
0	[SLAMPOS]	0	53.530	171.630	0	325.350	0	0	
0	[SLAMPOS]	0	53.420	171.780	0	325.380	0	0	
0	[SLAMPOS]	0	53.010	172.380	0	325.440	0	0	
0	[SLAMPOS]	0	52.850	172.610	0	325.450	0	0	
0	[SLAMPOS]	0	52.600	172.970	0	325.500	0	0	
0	[SLAMPOS]	0	52.490	173.130	0	325.520	0	0	
0	[SLAMPOS]	0	52.400	173.300	0	325.540	0	0	
0	[SLAMPOS]	0	51.990	173.940	0	325.590	0	0	
0	[SLAMPOS]	0	51.900	174.110	0	325.610	0	0	
0	[SLAMPOS]	0	51.650	174.490	0	325.650	0	0	
0	[SLAMPOS]	0	51.400	174.890	0	325.680	0	0	
0	[SLAMPOS]	0	51.330	175.010	0	325.690	0	0	
0	[SLAMPOS]	0	51.080	175.410	0	325.720	0	0	
0	[SLAMPOS]	0	50.840	175.770	0	325.740	0	0	
0	[SLAMPOS]	0	50.750	175.920	0	325.750	0	0	
0	[SLAMPOS]	0	50.340	176.540	0	325.770	0	0	
0	[SLAMPOS]	0	50.250	176.690	0	325.780	0	0	
0	[SLAMPOS]	0	50.140	176.870	0	325.790	0	0	
0	[SLAMPOS]	0	49.710	177.510	0	325.790	0	0	
0	[SLAMPOS]	0	49.630	177.640	0	325.800	0	0	
0	[SLAMPOS]	0	49.400	177.990	0	325.810	0	0	
0	[SLAMPOS]	0	49.130	178.420	0	325.810	0	0	
0	[SLAMPOS]	0	49.060	178.510	0	325.810	0	0	
0	[SLAMPOS]	0	48.800	178.920	0	325.780	0	0	
0	[SLAMPOS]	0	48.540	179.330	0	325.790	0	0	
0	[SLAMPOS]	0	48.470	179.430	0	325.790	0	0	
0	[SLAMPOS]	0	48.260	179.770	0	325.790	0	0	
0	[SLAMPOS]	0	48.150	179.940	0	325.790	0	0	
0	[SLAMPOS]	0	47.860	180.390	0	325.780	0	0	
0	[SLAMPOS]	0	47.660	180.700	0	325.770	0	0	
0	[SLAMPOS]	0	47.400	181.110	0	325.750	0	0	
0	[SLAMPOS]	0	47.240	181.350	0	325.740	0	0	
0	[SLAMPOS]	0	47.030	181.660	0	325.720	0	0	
0	[SLAMPOS]	0	46.810	182.010	0	325.710	0	0	
0	[SLAMPOS]	0	46.600	182.310	0	325.680	0	0	
0	[SLAMPOS]	0	46.410	182.620	0	325.660	0	0	
0	[SLAMPOS]	0	46.180	182.950	0	325.620	0	0	
0	[SLAMPOS]	0	45.890	183.400	0	325.560	0	0	
0	[SLAMPOS]	0	45.860	183.440	0	325.560	0	0	
0	[SLAMPOS]	0	45.610	183.850	0	325.540	0	0	
0	[SLAMPOS]	0	45.350	184.220	0	325.470	0	0	
0	[SLAMPOS]	0	45.280	184.350	0	325.460	0	0	
0	[SLAMPOS]	0	45.040	184.700	0	325.420	0	0	
0	[SLAMPOS]	0	44.760	185.130	0	325.380	0	0	
0	[SLAMPOS]	0	44.570	185.430	0	325.350	0	0	
0	[SLAMPOS]	0	44.320	185.810	0	325.310	0	0	
0	[SLAMPOS]	0	44.240	185.940	0	325.290	0	0	
0	[SLAMPOS]	0	44.010	186.280	0	325.250	0	0	
0	[SLAMPOS]	0	43.770	186.650	0	325.210	0	0	
0	[SLAMPOS]	0	43.700	186.750	0	325.200	0	0	
0	[SLAMPOS]	0	43.470	187.120	0	325.200	0	0	
0	[SLAMPOS]	0	43.410	187.210	0	325.190	0	0	
0	[SLAMPOS]	0	43.180	187.550	0	325.120	0	0	
0	[SLAMPOS]	0	42.960	187.880	0	325.070	0	0	
0	[SLAMPOS]	0	42.740	188.240	0	325.030	0	0	
0	[SLAMPOS]	0	42.550	188.570	0	325.020	0	0	
0	[SLAMPOS]	0	42.320	188.930	0	325.000	0	0	
0	[SLAMPOS]	0	42.250	189.030	0	324.990	0	0	
0	[SLAMPOS]	0	42.000	189.390	0	324.950	0	0	
0	[SLAMPOS]	0	41.750	189.760	0	324.920	0	0	
0	[SLAMPOS]	0	41.700	189.840	0	324.910	0	0	
0	[SLAMPOS]	0	41.440	190.190	0	324.890	0	0	
0	[SLAMPOS]	0	41.080	190.700	0	324.850	0	0	
0	[SLAMPOS]	0	41.000	190.820	0	324.850	0	0	
0	[SLAMPOS]	0	40.840	191.040	0	324.820	0	0	
0	[SLAMPOS]	0	40.810	191.080	0	324.820	0	0	
0	[SLAMPOS]	0	40.480	191.530	0	324.770	0	0	
0	[SLAMPOS]	0	40.400	191.660	0	324.770	0	0	
0	[SLAMPOS]	0	40.190	191.970	0	324.750	0	0	
0	[SLAMPOS]	0	39.970	192.290	0	324.730	0	0	
0	[SLAMPOS]	0	39.910	192.380	0	324.740	0	0	
0	[SLAMPOS]	0	39.660	192.720	0	324.710	0	0	
0	[SLAMPOS]	0	39.470	193.000	0	324.710	0	0	
0	[SLAMPOS]	0	39.380	193.130	0	324.710	0	0	
0	[SLAMPOS]	0	39.160	193.460	0	324.740	0	0	
0	[SLAMPOS]	0	38.950	193.770	0	324.740	0	0	
0	[SLAMPOS]	0	38.870	193.900	0	324.740	0	0	
0	[SLAMPOS]	0	38.520	194.410	0	324.750	0	0	
0	[SLAMPOS]	0	38.400	194.590	0	324.740	0	0	
0	[SLAMPOS]	0	38.230	194.830	0	324.740	0	0	
0	[SLAMPOS]	0	38.000	195.180	0	324.760	0	0	
0	[SLAMPOS]	0	37.890	195.350	0	324.770	0	0	
0	[SLAMPOS]	0	37.700	195.610	0	324.770	0	0	
0	[SLAMPOS]	0	37.460	195.950	0	324.780	0	0	
0	[SLAMPOS]	0	37.390	196.050	0	324.790	0	0	
0	[SLAMPOS]	0	37.170	196.400	0	324.820	0	0	
0	[SLAMPOS]	0	37.100	196.490	0	324.830	0	0	
0	[SLAMPOS]	0	36.850	196.880	0	324.870	0	0	
0	[SLAMPOS]	0	36.630	197.200	0	324.890	0	0	
0	[SLAMPOS]	0	36.520	197.350	0	324.900	0	0	
0	[SLAMPOS]	0	36.290	197.710	0	324.930	0	0	
0	[SLAMPOS]	0	36.080	198.030	0	324.950	0	0	
0	[SLAMPOS]	0	35.980	198.160	0	324.950	0	0	
0	[SLAMPOS]	0	35.600	198.720	0	324.990	0	0	
0	[SLAMPOS]	0	35.490	198.880	0	325.010	0	0	
0	[SLAMPOS]	0	35.260	199.230	0	325.040	0	0	
0	[SLAMPOS]	0	35.010	199.600	0	325.050	0	0	
0	[SLAMPOS]	0	34.900	199.770	0	325.060	0	0	
0	[SLAMPOS]	0	34.690	200.080	0	325.070	0	0	
0	[SLAMPOS]	0	34.460	200.410	0	325.090	0	0	
0	[SLAMPOS]	0	34.320	200.610	0	325.100	0	0	
0	[SLAMPOS]	0	34.110	200.970	0	325.150	0	0	
0	[SLAMPOS]	0	33.870	201.300	0	325.140	0	0	
0	[SLAMPOS]	0	33.760	201.470	0	325.140	0	0	
0	[SLAMPOS]	0	33.360	202.060	0	325.150	0	0	
0	[SLAMPOS]	0	33.270	202.210	0	325.160	0	0	
0	[SLAMPOS]	0	33.030	202.560	0	325.170	0	0	
0	[SLAMPOS]	0	32.760	202.970	0	325.170	0	0	
0	[SLAMPOS]	0	32.690	203.070	0	325.170	0	0	
0	[SLAMPOS]	0	32.430	203.470	0	325.190	0	0	
0	[SLAMPOS]	0	32.360	203.580	0	325.190	0	0	
0	[SLAMPOS]	0	32.080	204.010	0	325.210	0	0	
0	[SLAMPOS]	0	31.790	204.420	0	325.190	0	0	
0	[SLAMPOS]	0	31.710	204.540	0	325.190	0	0	
0	[SLAMPOS]	0	31.440	204.950	0	325.200	0	0	
0	[SLAMPOS]	0	31.190	205.310	0	325.210	0	0	
0	[SLAMPOS]	0	30.910	205.730	0	325.220	0	0	
0	[SLAMPOS]	0	30.660	206.100	0	325.220	0	0	
0	[SLAMPOS]	0	30.560	206.280	0	325.240	0	0	
0	[SLAMPOS]	0	30.320	206.640	0	325.250	0	0	
0	[SLAMPOS]	0	30.040	207.070	0	325.240	0	0	
0	[SLAMPOS]	0	29.960	207.180	0	325.230	0	0	
0	[SLAMPOS]	0	29.670	207.600	0	325.220	0	0	
0	[SLAMPOS]	0	29.420	207.980	0	325.210	0	0	
0	[SLAMPOS]	0	29.300	208.150	0	325.220	0	0	
0	[SLAMPOS]	0	29.020	208.570	0	325.220	0	0	
0	[SLAMPOS]	0	28.780	208.920	0	325.210	0	0	
0	[SLAMPOS]	0	28.670	209.070	0	325.200	0	0	
0	[SLAMPOS]	0	28.240	209.700	0	325.180	0	0	
0	[SLAMPOS]	0	28.150	209.830	0	325.170	0	0	
0	[SLAMPOS]	0	27.890	210.240	0	325.170	0	0	
0	[SLAMPOS]	0	27.620	210.640	0	325.160	0	0	
0	[SLAMPOS]	0	27.540	210.750	0	325.160	0	0	
0	[SLAMPOS]	0	27.290	211.160	0	325.150	0	0	
0	[SLAMPOS]	0	27.010	211.600	0	325.160	0	0	
0	[SLAMPOS]	0	26.950	211.690	0	325.150	0	0	
0	[SLAMPOS]	0	26.670	212.100	0	325.140	0	0	
0	[SLAMPOS]	0	26.420	212.480	0	325.130	0	0	
0	[SLAMPOS]	0	26.340	212.600	0	325.130	0	0	
0	[SLAMPOS]	0	26.020	213.070	0	325.130	0	0	
0	[SLAMPOS]	0	25.810	213.370	0	325.130	0	0	
0	[SLAMPOS]	0	25.570	213.740	0	325.120	0	0	
0	[SLAMPOS]	0	25.280	214.150	0	325.110	0	0	
0	[SLAMPOS]	0	25.170	214.290	0	325.090	0	0	
0	[SLAMPOS]	0	24.940	214.640	0	325.090	0	0	
0	[SLAMPOS]	0	24.680	215.030	0	325.090	0	0	
0	[SLAMPOS]	0	24.610	215.140	0	325.090	0	0	
0	[SLAMPOS]	0	24.370	215.510	0	325.090	0	0	
0	[SLAMPOS]	0	24.290	215.630	0	325.090	0	0	
0	[SLAMPOS]	0	24.030	216.000	0	325.060	0	0	
0	[SLAMPOS]	0	23.800	216.340	0	325.070	0	0	
0	[SLAMPOS]	0	23.720	216.490	0	325.090	0	0	
0	[SLAMPOS]	0	23.320	217.040	0	325.090	0	0	
0	[SLAMPOS]	0	23.220	217.190	0	325.090	0	0	
0	[SLAMPOS]	0	23.140	217.350	0	325.090	0	0	
0	[SLAMPOS]	0	22.760	217.890	0	325.160	0	0	
0	[SLAMPOS]	0	22.650	218.080	0	325.210	0	0	
0	[SLAMPOS]	0	22.440	218.400	0	325.290	0	0	
0	[SLAMPOS]	0	22.210	218.790	0	325.410	0	0	
0	[SLAMPOS]	0	22.110	218.940	0	325.460	0	0	
0	[SLAMPOS]	0	21.930	219.230	0	325.590	0	0	
0	[SLAMPOS]	0	21.880	219.310	0	325.650	0	0	
0	[SLAMPOS]	0	21.650	219.700	0	325.830	0	0	
0	[SLAMPOS]	0	21.400	220.090	0	326.080	0	0	
0	[SLAMPOS]	0	21.320	220.210	0	326.190	0	0	
0	[SLAMPOS]	0	21.110	220.520	0	326.390	0	0	
0	[SLAMPOS]	0	20.920	220.820	0	326.650	0	0	
0	[SLAMPOS]	0	20.840	220.960	0	326.730	0	0	
0	[SLAMPOS]	0	20.500	221.460	0	327.220	0	0	
0	[SLAMPOS]	0	20.430	221.590	0	327.350	0	0	
0	[SLAMPOS]	0	20.250	221.900	0	327.730	0	0	
0	[SLAMPOS]	0	20.040	222.230	0	328.150	0	0	
0	[SLAMPOS]	0	19.840	222.580	0	328.610	0	0	
0	[SLAMPOS]	0	19.780	222.670	0	328.790	0	0	
0	[SLAMPOS]	0	19.610	223.000	0	329.310	0	0	
0	[SLAMPOS]	0	19.560	223.090	0	329.500	0	0	
0	[SLAMPOS]	0	19.380	223.430	0	330.100	0	0	
0	[SLAMPOS]	0	19.230	223.720	0	330.720	0	0	
0	[SLAMPOS]	0	19.160	223.870	0	330.990	0	0	
0	[SLAMPOS]	0	18.910	224.370	0	332.110	0	0	
0	[SLAMPOS]	0	18.860	224.500	0	332.390	0	0	
0	[SLAMPOS]	0	18.720	224.800	0	333.150	0	0	
0	[SLAMPOS]	0	18.560	225.150	0	334.010	0	0	
0	[SLAMPOS]	0	18.510	225.290	0	334.360	0	0	
0	[SLAMPOS]	0	18.390	225.580	0	335.200	0	0	
0	[SLAMPOS]	0	18.260	225.910	0	336.180	0	0	
0	[SLAMPOS]	0	18.210	226.040	0	336.610	0	0	
0	[SLAMPOS]	0	18.080	226.400	0	337.700	0	0	
0	[SLAMPOS]	0	18.070	226.440	0	337.860	0	0	
0	[SLAMPOS]	0	17.960	226.780	0	338.910	0	0	
0	[SLAMPOS]	0	17.860	227.090	0	339.960	0	0	
0	[SLAMPOS]	0	17.830	227.230	0	340.380	0	0	
0	[SLAMPOS]	0	17.740	227.580	0	341.520	0	0	
0	[SLAMPOS]	0	17.660	227.870	0	342.560	0	0	
0	[SLAMPOS]	0	17.590	228.220	0	343.750	0	0	
0	[SLAMPOS]	0	17.510	228.540	0	344.970	0	0	
0	[SLAMPOS]	0	17.480	228.700	0	345.560	0	0	
0	[SLAMPOS]	0	17.430	229.000	0	346.720	0	0	
0	[SLAMPOS]	0	17.380	229.330	0	347.990	0	0	
0	[SLAMPOS]	0	17.360	229.490	0	348.620	0	0	
0	[SLAMPOS]	0	17.320	229.760	0	349.700	0	0	
0	[SLAMPOS]	0	17.290	230.100	0	351.130	0	0	
0	[SLAMPOS]	0	17.270	230.190	0	351.540	0	0	
0	[SLAMPOS]	0	17.260	230.530	0	353.000	0	0	
0	[SLAMPOS]	0	17.240	230.850	0	354.430	0	0	
0	[SLAMPOS]	0	17.240	230.980	0	354.960	0	0	
0	[SLAMPOS]	0	17.240	231.350	0	356.560	0	0	
0	[SLAMPOS]	0	17.240	231.440	0	357.040	0	0	
0	[SLAMPOS]	0	17.250	231.780	0	358.610	0	0	
0	[SLAMPOS]	0	17.270	232.080	0	0.050	0	0	
0	[SLAMPOS]	0	17.310	232.420	0	1.680	0	0	
0	[SLAMPOS]	0	17.340	232.720	0	3.190	0	0	
0	[SLAMPOS]	0	17.370	232.850	0	3.870	0	0	
0	[SLAMPOS]	0	17.420	233.140	0	5.350	0	0	
0	[SLAMPOS]	0	17.490	233.470	0	7.030	0	0	
0	[SLAMPOS]	0	17.520	233.610	0	7.700	0	0	
0	[SLAMPOS]	0	17.580	233.880	0	9.150	0	0	
0	[SLAMPOS]	0	17.670	234.200	0	10.760	0	0	
0	[SLAMPOS]	0	17.690	234.280	0	11.230	0	0	
0	[SLAMPOS]	0	17.790	234.610	0	12.940	0	0	
0	[SLAMPOS]	0	17.880	234.890	0	14.380	0	0	
0	[SLAMPOS]	0	17.930	235.010	0	14.990	0	0	
0	[SLAMPOS]	0	18.100	235.460	0	17.320	0	0	
0	[SLAMPOS]	0	18.150	235.590	0	17.910	0	0	
0	[SLAMPOS]	0	18.200	235.700	0	18.490	0	0	
0	[SLAMPOS]	0	18.390	236.150	0	20.660	0	0	
0	[SLAMPOS]	0	18.450	236.260	0	21.190	0	0	
0	[SLAMPOS]	0	18.570	236.530	0	22.420	0	0	
0	[SLAMPOS]	0	18.730	236.820	0	23.790	0	0	
0	[SLAMPOS]	0	18.780	236.920	0	24.250	0	0	
0	[SLAMPOS]	0	18.940	237.180	0	25.530	0	0	
0	[SLAMPOS]	0	18.980	237.270	0	25.950	0	0	
0	[SLAMPOS]	0	19.150	237.540	0	27.270	0	0	
0	[SLAMPOS]	0	19.320	237.810	0	28.600	0	0	
0	[SLAMPOS]	0	19.360	237.880	0	28.960	0	0	
0	[SLAMPOS]	0	19.550	238.150	0	30.310	0	0	
0	[SLAMPOS]	0	19.710	238.380	0	31.450	0	0	
0	[SLAMPOS]	0	19.850	238.580	0	32.390	0	0	
0	[SLAMPOS]	0	20.060	238.860	0	33.730	0	0	
0	[SLAMPOS]	0	20.320	239.190	0	35.340	0	0	
0	[SLAMPOS]	0	20.530	239.450	0	36.510	0	0	
0	[SLAMPOS]	0	20.670	239.610	0	37.240	0	0	
0	[SLAMPOS]	0	20.850	239.820	0	38.250	0	0	
0	[SLAMPOS]	0	21.070	240.060	0	39.280	0	0	
0	[SLAMPOS]	0	21.110	240.120	0	39.530	0	0	
0	[SLAMPOS]	0	21.330	240.330	0	40.510	0	0	
0	[SLAMPOS]	0	21.500	240.510	0	41.330	0	0	
0	[SLAMPOS]	0	21.640	240.640	0	41.930	0	0	
0	[SLAMPOS]	0	22.020	241.000	0	43.540	0	0	
0	[SLAMPOS]	0	22.270	241.240	0	44.590	0	0	
0	[SLAMPOS]	0	22.560	241.480	0	45.660	0	0	
0	[SLAMPOS]	0	22.650	241.560	0	46.000	0	0	
0	[SLAMPOS]	0	22.980	241.850	0	47.180	0	0	
0	[SLAMPOS]	0	23.120	241.960	0	47.630	0	0	
0	[SLAMPOS]	0	23.470	242.250	0	48.860	0	0	
0	[SLAMPOS]	0	23.620	242.350	0	49.310	0	0	
0	[SLAMPOS]	0	23.820	242.510	0	49.950	0	0	
0	[SLAMPOS]	0	23.850	242.530	0	50.050	0	0	
0	[SLAMPOS]	0	24.170	242.770	0	51.030	0	0	
0	[SLAMPOS]	0	24.390	242.920	0	51.660	0	0	
0	[SLAMPOS]	0	24.490	242.990	0	51.900	0	0	
0	[SLAMPOS]	0	24.800	243.210	0	52.770	0	0	
0	[SLAMPOS]	0	25.020	243.360	0	53.290	0	0	
0	[SLAMPOS]	0	25.160	243.460	0	53.590	0	0	
0	[SLAMPOS]	0	25.600	243.740	0	54.330	0	0	
0	[SLAMPOS]	0	25.890	243.910	0	54.730	0	0	
0	[SLAMPOS]	0	25.990	243.990	0	54.870	0	0	
0	[SLAMPOS]	0	26.470	244.300	0	55.450	0	0	
0	[SLAMPOS]	0	26.680	244.430	0	55.660	0	0	
0	[SLAMPOS]	0	26.990	244.640	0	55.990	0	0	
0	[SLAMPOS]	0	27.360	244.870	0	56.270	0	0	
0	[SLAMPOS]	0	27.750	245.110	0	56.540	0	0	
0	[SLAMPOS]	0	28.030	245.280	0	56.750	0	0	
0	[SLAMPOS]	0	28.270	245.430	0	56.950	0	0	
0	[SLAMPOS]	0	28.620	245.630	0	57.190	0	0	
0	[SLAMPOS]	0	28.990	245.860	0	57.440	0	0	
0	[SLAMPOS]	0	29.370	246.080	0	57.680	0	0	
0	[SLAMPOS]	0	29.450	246.140	0	57.730	0	0	
0	[SLAMPOS]	0	29.810	246.340	0	57.940	0	0	
0	[SLAMPOS]	0	29.880	246.390	0	57.980	0	0	
0	[SLAMPOS]	0	30.220	246.590	0	58.120	0	0	
0	[SLAMPOS]	0	30.470	246.740	0	58.220	0	0	
0	[SLAMPOS]	0	30.660	246.840	0	58.290	0	0	
0	[SLAMPOS]	0	31.000	247.040	0	58.440	0	0	
0	[SLAMPOS]	0	31.330	247.230	0	58.580	0	0	
0	[SLAMPOS]	0	31.480	247.320	0	58.620	0	0	
0	[SLAMPOS]	0	31.930	247.570	0	58.750	0	0	
0	[SLAMPOS]	0	32.300	247.780	0	58.870	0	0	
0	[SLAMPOS]	0	32.670	248.000	0	58.980	0	0	
0	[SLAMPOS]	0	32.830	248.080	0	59.020	0	0	
0	[SLAMPOS]	0	33.220	248.310	0	59.100	0	0	
0	[SLAMPOS]	0	33.680	248.570	0	59.210	0	0	
0	[SLAMPOS]	0	33.730	248.600	0	59.230	0	0	
0	[SLAMPOS]	0	34.150	248.840	0	59.330	0	0	
0	[SLAMPOS]	0	34.470	249.020	0	59.400	0	0	
0	[SLAMPOS]	0	35.070	249.340	0	59.530	0	0	
0	[SLAMPOS]	0	35.290	249.460	0	59.570	0	0	
0	[SLAMPOS]	0	35.660	249.670	0	59.630	0	0	
0	[SLAMPOS]	0	36.050	249.870	0	59.730	0	0	
0	[SLAMPOS]	0	36.100	249.910	0	59.740	0	0	
0	[SLAMPOS]	0	36.590	250.180	0	59.820	0	0	
0	[SLAMPOS]	0	37.080	250.440	0	59.880	0	0	
0	[SLAMPOS]	0	37.590	250.720	0	59.980	0	0	
0	[SLAMPOS]	0	37.940	250.920	0	60.040	0	0	
0	[SLAMPOS]	0	38.080	250.990	0	60.040	0	0	
0	[SLAMPOS]	0	38.570	251.250	0	60.100	0	0	
0	[SLAMPOS]	0	38.960	251.470	0	60.170	0	0	
0	[SLAMPOS]	0	39.220	251.600	0	60.210	0	0	
0	[SLAMPOS]	0	39.920	251.980	0	60.300	0	0	
0	[SLAMPOS]	0	40.360	252.220	0	60.380	0	0	
0	[SLAMPOS]	0	40.820	252.470	0	60.440	0	0	
0	[SLAMPOS]	0	40.920	252.520	0	60.460	0	0	
0	[SLAMPOS]	0	41.440	252.810	0	60.530	0	0	
0	[SLAMPOS]	0	41.830	253.010	0	60.590	0	0	
0	[SLAMPOS]	0	42.040	253.130	0	60.630	0	0	
0	[SLAMPOS]	0	42.430	253.330	0	60.680	0	0	
0	[SLAMPOS]	0	42.520	253.380	0	60.690	0	0	
0	[SLAMPOS]	0	43.000	253.630	0	60.760	0	0	
0	[SLAMPOS]	0	43.400	253.860	0	60.800	0	0	
0	[SLAMPOS]	0	43.700	254.010	0	60.840	0	0	
0	[SLAMPOS]	0	44.240	254.300	0	60.890	0	0	
0	[SLAMPOS]	0	44.720	254.560	0	60.860	0	0	
0	[SLAMPOS]	0	44.850	254.620	0	60.870	0	0	
0	[SLAMPOS]	0	45.380	254.910	0	60.780	0	0	
0	[SLAMPOS]	0	45.810	255.140	0	60.730	0	0	
0	[SLAMPOS]	0	46.320	255.390	0	60.610	0	0	
0	[SLAMPOS]	0	46.670	255.580	0	60.530	0	0	
0	[SLAMPOS]	0	47.150	255.870	0	60.440	0	0	
0	[SLAMPOS]	0	47.180	255.880	0	60.430	0	0	
0	[SLAMPOS]	0	47.580	256.090	0	60.350	0	0	
0	[SLAMPOS]	0	47.780	256.190	0	60.310	0	0	
0	[SLAMPOS]	0	48.580	256.630	0	60.100	0	0	
0	[SLAMPOS]	0	48.770	256.730	0	60.060	0	0	
0	[SLAMPOS]	0	49.030	256.870	0	59.990	0	0	
0	[SLAMPOS]	0	49.790	257.310	0	59.750	0	0	
0	[SLAMPOS]	0	50.110	257.490	0	59.650	0	0	
0	[SLAMPOS]	0	50.320	257.610	0	59.600	0	0	
0	[SLAMPOS]	0	51.080	258.040	0	59.360	0	0	
0	[SLAMPOS]	0	51.600	258.350	0	59.200	0	0	
0	[SLAMPOS]	0	51.870	258.500	0	59.120	0	0	
0	[SLAMPOS]	0	52.310	258.750	0	58.980	0	0	
0	[SLAMPOS]	0	52.870	259.080	0	58.800	0	0	
0	[SLAMPOS]	0	53.140	259.240	0	58.720	0	0	
0	[SLAMPOS]	0	53.380	259.380	0	58.650	0	0	
0	[SLAMPOS]	0	54.140	259.830	0	58.400	0	0	
0	[SLAMPOS]	0	54.220	259.870	0	58.360	0	0	
0	[SLAMPOS]	0	54.760	260.200	0	58.190	0	0	
0	[SLAMPOS]	0	55.410	260.600	0	57.950	0	0	
0	[SLAMPOS]	0	55.850	260.890	0	57.800	0	0	
0	[SLAMPOS]	0	56.010	260.990	0	57.730	0	0	
0	[SLAMPOS]	0	56.700	261.410	0	57.460	0	0	
0	[SLAMPOS]	0	56.930	261.540	0	57.400	0	0	
0	[SLAMPOS]	0	57.130	261.660	0	57.330	0	0	
0	[SLAMPOS]	0	57.830	262.090	0	57.070	0	0	
0	[SLAMPOS]	0	58.110	262.250	0	56.970	0	0	
0	[SLAMPOS]	0	58.570	262.550	0	56.780	0	0	
0	[SLAMPOS]	0	59.140	262.920	0	56.580	0	0	
0	[SLAMPOS]	0	59.720	263.300	0	56.360	0	0	
0	[SLAMPOS]	0	59.960	263.450	0	56.280	0	0	
0	[SLAMPOS]	0	60.270	263.650	0	56.170	0	0	
0	[SLAMPOS]	0	61.010	264.130	0	55.910	0	0	
0	[SLAMPOS]	0	61.220	264.280	0	55.850	0	0	
0	[SLAMPOS]	0	61.640	264.550	0	55.730	0	0	
0	[SLAMPOS]	0	62.250	264.950	0	55.570	0	0	
0	[SLAMPOS]	0	62.490	265.110	0	55.520	0	0	
0	[SLAMPOS]	0	63.010	265.450	0	55.430	0	0	
0	[SLAMPOS]	0	63.550	265.810	0	55.360	0	0	
0	[SLAMPOS]	0	63.640	265.870	0	55.350	0	0	
0	[SLAMPOS]	0	64.330	266.330	0	55.270	0	0	
0	[SLAMPOS]	0	64.880	266.700	0	55.180	0	0	
0	[SLAMPOS]	0	65.260	266.950	0	55.180	0	0	
0	[SLAMPOS]	0	65.960	267.420	0	55.160	0	0	
0	[SLAMPOS]	0	66.280	267.640	0	55.190	0	0	
0	[SLAMPOS]	0	66.830	268.000	0	55.240	0	0	
0	[SLAMPOS]	0	67.500	268.450	0	55.340	0	0	
0	[SLAMPOS]	0	68.010	268.780	0	55.430	0	0	
0	[SLAMPOS]	0	68.400	269.040	0	55.530	0	0	
0	[SLAMPOS]	0	68.740	269.250	0	55.610	0	0	
0	[SLAMPOS]	0	69.580	269.800	0	55.860	0	0	
0	[SLAMPOS]	0	69.830	269.950	0	55.920	0	0	
0	[SLAMPOS]	0	70.130	270.140	0	55.990	0	0	
0	[SLAMPOS]	0	70.760	270.530	0	56.140	0	0	
0	[SLAMPOS]	0	71.250	270.850	0	56.250	0	0	
0	[SLAMPOS]	0	71.580	271.060	0	56.310	0	0	
0	[SLAMPOS]	0	72.240	271.480	0	56.430	0	0	
0	[SLAMPOS]	0	72.950	271.920	0	56.550	0	0	
0	[SLAMPOS]	0	73.510	272.260	0	56.630	0	0	
0	[SLAMPOS]	0	73.980	272.560	0	56.710	0	0	
0	[SLAMPOS]	0	74.830	273.070	0	56.840	0	0	
0	[SLAMPOS]	0	75.530	273.520	0	56.950	0	0	
0	[SLAMPOS]	0	75.520	273.510	0	56.950	0	0	
0	[SLAMPOS]	0	76.430	274.070	0	57.100	0	0	
0	[SLAMPOS]	0	76.710	274.240	0	57.140	0	0	
0	[SLAMPOS]	0	77.350	274.630	0	57.230	0	0	
0	[SLAMPOS]	0	77.810	274.920	0	57.300	0	0	
0	[SLAMPOS]	0	78.110	275.100	0	57.330	0	0	
0	[SLAMPOS]	0	78.730	275.480	0	57.410	0	0	
0	[SLAMPOS]	0	79.180	275.760	0	57.450	0	0	
0	[SLAMPOS]	0	79.770	276.110	0	57.530	0	0	
0	[SLAMPOS]	0	80.280	276.430	0	57.570	0	0	
0	[SLAMPOS]	0	81.160	276.960	0	57.590	0	0	
0	[SLAMPOS]	0	81.590	277.230	0	57.630	0	0	
0	[SLAMPOS]	0	81.870	277.390	0	57.650	0	0	
0	[SLAMPOS]	0	82.580	277.820	0	57.710	0	0	
0	[SLAMPOS]	0	83.150	278.170	0	57.760	0	0	
0	[SLAMPOS]	0	83.340	278.290	0	57.750	0	0	
0	[SLAMPOS]	0	84.220	278.830	0	57.820	0	0	
0	[SLAMPOS]	0	84.600	279.060	0	57.850	0	0	
0	[SLAMPOS]	0	84.870	279.210	0	57.870	0	0	
0	[SLAMPOS]	0	85.750	279.750	0	57.930	0	0	
0	[SLAMPOS]	0	85.660	279.740	0	58.100	0	0	
0	[SLAMPOS]	0	86.410	280.130	0	57.990	0	0	
0	[SLAMPOS]	0	87.200	280.600	0	58.050	0	0	
0	[SLAMPOS]	0	87.450	280.740	0	58.090	0	0	
0	[SLAMPOS]	0	87.700	280.890	0	58.100	0	0	
0	[SLAMPOS]	0	88.600	281.410	0	58.210	0	0	
0	[SLAMPOS]	0	89.230	281.780	0	58.280	0	0	
0	[SLAMPOS]	0	89.370	281.860	0	58.310	0	0	
0	[SLAMPOS]	0	89.990	282.230	0	58.400	0	0	
0	[SLAMPOS]	0	90.150	282.320	0	58.430	0	0	
0	[SLAMPOS]	0	90.770	282.680	0	58.520	0	0	
0	[SLAMPOS]	0	91.450	283.070	0	58.640	0	0	
0	[SLAMPOS]	0	91.590	283.160	0	58.670	0	0	
0	[SLAMPOS]	0	92.240	283.530	0	58.770	0	0	
0	[SLAMPOS]	0	92.460	283.660	0	58.820	0	0	
0	[SLAMPOS]	0	93.060	284.000	0	58.910	0	0	
0	[SLAMPOS]	0	93.550	284.290	0	59.000	0	0	
0	[SLAMPOS]	0	93.800	284.420	0	59.030	0	0	
0	[SLAMPOS]	0	94.470	284.800	0	59.130	0	0	
0	[SLAMPOS]	0	95.000	285.120	0	59.220	0	0	
0	[SLAMPOS]	0	95.260	285.250	0	59.250	0	0	
0	[SLAMPOS]	0	96.060	285.710	0	59.370	0	0	
0	[SLAMPOS]	0	96.530	285.980	0	59.440	0	0	
0	[SLAMPOS]	0	97.040	286.270	0	59.500	0	0	
0	[SLAMPOS]	0	97.660	286.610	0	59.580	0	0	
0	[SLAMPOS]	0	97.950	286.760	0	59.620	0	0	
0	[SLAMPOS]	0	98.570	287.120	0	59.660	0	0	
0	[SLAMPOS]	0	99.140	287.420	0	59.690	0	0	
0	[SLAMPOS]	0	99.270	287.500	0	59.690	0	0	
0	[SLAMPOS]	0	100.020	287.920	0	59.690	0	0	
0	[SLAMPOS]	0	100.680	288.280	0	59.700	0	0	
0	[SLAMPOS]	0	100.780	288.330	0	59.710	0	0	
0	[SLAMPOS]	0	101.330	288.650	0	59.720	0	0	
0	[SLAMPOS]	0	101.950	289.000	0	59.700	0	0	
0	[SLAMPOS]	0	102.200	289.130	0	59.720	0	0	
0	[SLAMPOS]	0	103.120	289.650	0	59.720	0	0	
0	[SLAMPOS]	0	103.360	289.780	0	59.720	0	0	
0	[SLAMPOS]	0	103.900	290.090	0	59.720	0	0	
0	[SLAMPOS]	0	104.500	290.420	0	59.740	0	0	
0	[SLAMPOS]	0	104.720	290.550	0	59.750	0	0	
0	[SLAMPOS]	0	105.280	290.860	0	59.760	0	0	
0	[SLAMPOS]	0	105.410	290.930	0	59.770	0	0	
0	[SLAMPOS]	0	105.970	291.230	0	59.780	0	0	
0	[SLAMPOS]	0	106.480	291.520	0	59.820	0	0	
0	[SLAMPOS]	0	106.710	291.640	0	59.810	0	0	
0	[SLAMPOS]	0	107.310	291.970	0	59.830	0	0	
0	[SLAMPOS]	0	107.790	292.240	0	59.900	0	0	
0	[SLAMPOS]	0	107.980	292.340	0	59.920	0	0	
0	[SLAMPOS]	0	108.800	292.810	0	60.060	0	0	
0	[SLAMPOS]	0	109.010	292.910	0	60.090	0	0	
0	[SLAMPOS]	0	109.510	293.170	0	60.190	0	0	
0	[SLAMPOS]	0	110.070	293.480	0	60.280	0	0	
0	[SLAMPOS]	0	110.200	293.560	0	60.320	0	0	
0	[SLAMPOS]	0	110.720	293.850	0	60.420	0	0	
