0	[SLAMPOS]	0	16.720	444.810	0	252.310	0	0	
0	[SLAMPOS]	0	15.990	444.580	0	251.900	0	0	
0	[SLAMPOS]	0	15.320	444.360	0	251.480	0	0	
0	[SLAMPOS]	0	15.030	444.270	0	251.330	0	0	
0	[SLAMPOS]	0	13.930	443.900	0	250.690	0	0	
0	[SLAMPOS]	0	13.640	443.800	0	250.560	0	0	
0	[SLAMPOS]	0	12.770	443.500	0	250.150	0	0	
0	[SLAMPOS]	0	12.260	443.320	0	249.920	0	0	
0	[SLAMPOS]	0	12.070	443.250	0	249.820	0	0	
0	[SLAMPOS]	0	11.320	442.970	0	249.490	0	0	
0	[SLAMPOS]	0	10.610	442.710	0	249.180	0	0	
0	[SLAMPOS]	0	10.430	442.640	0	249.080	0	0	
0	[SLAMPOS]	0	9.700	442.380	0	248.780	0	0	
0	[SLAMPOS]	0	9.060	442.130	0	248.470	0	0	
0	[SLAMPOS]	0	8.790	442.030	0	248.360	0	0	
0	[SLAMPOS]	0	7.750	441.620	0	247.880	0	0	
0	[SLAMPOS]	0	7.450	441.510	0	247.760	0	0	
0	[SLAMPOS]	0	6.850	441.260	0	247.480	0	0	
0	[SLAMPOS]	0	6.170	440.980	0	247.200	0	0	
0	[SLAMPOS]	0	5.980	440.910	0	247.110	0	0	
0	[SLAMPOS]	0	5.280	440.620	0	246.840	0	0	
0	[SLAMPOS]	0	5.090	440.540	0	246.740	0	0	
0	[SLAMPOS]	0	4.390	440.240	0	246.470	0	0	
0	[SLAMPOS]	0	3.690	439.950	0	246.200	0	0	
0	[SLAMPOS]	0	3.510	439.870	0	246.110	0	0	
0	[SLAMPOS]	0	2.790	439.560	0	245.820	0	0	
0	[SLAMPOS]	0	2.040	439.230	0	245.530	0	0	
0	[SLAMPOS]	0	1.850	439.150	0	245.440	0	0	
0	[SLAMPOS]	0	1.180	438.850	0	245.160	0	0	
0	[SLAMPOS]	0	0.590	438.590	0	244.920	0	0	
0	[SLAMPOS]	0	0.320	438.460	0	244.840	0	0	
0	[SLAMPOS]	0	-0.660	438.010	0	244.520	0	0	
0	[SLAMPOS]	0	-0.900	437.900	0	244.460	0	0	
0	[SLAMPOS]	0	-1.480	437.630	0	244.280	0	0	
0	[SLAMPOS]	0	-2.140	437.320	0	244.090	0	0	
0	[SLAMPOS]	0	-2.390	437.200	0	244.010	0	0	
0	[SLAMPOS]	0	-2.950	436.940	0	243.840	0	0	
0	[SLAMPOS]	0	-3.610	436.630	0	243.650	0	0	
0	[SLAMPOS]	0	-3.740	436.560	0	243.610	0	0	
0	[SLAMPOS]	0	-4.390	436.250	0	243.440	0	0	
0	[SLAMPOS]	0	-4.970	435.970	0	243.270	0	0	
0	[SLAMPOS]	0	-5.190	435.850	0	243.220	0	0	
0	[SLAMPOS]	0	-5.750	435.580	0	243.060	0	0	
0	[SLAMPOS]	0	-6.460	435.230	0	242.860	0	0	
0	[SLAMPOS]	0	-6.950	434.980	0	242.710	0	0	
0	[SLAMPOS]	0	-7.210	434.860	0	242.640	0	0	
0	[SLAMPOS]	0	-7.750	434.580	0	242.490	0	0	
0	[SLAMPOS]	0	-8.390	434.270	0	242.340	0	0	
0	[SLAMPOS]	0	-9.010	433.950	0	242.160	0	0	
0	[SLAMPOS]	0	-9.190	433.860	0	242.140	0	0	
0	[SLAMPOS]	0	-9.800	433.550	0	241.980	0	0	
0	[SLAMPOS]	0	-9.960	433.460	0	241.960	0	0	
0	[SLAMPOS]	0	-10.610	433.120	0	241.900	0	0	
0	[SLAMPOS]	0	-11.130	432.840	0	241.840	0	0	
0	[SLAMPOS]	0	-11.370	432.720	0	241.810	0	0	
0	[SLAMPOS]	0	-11.980	432.410	0	241.740	0	0	
0	[SLAMPOS]	0	-12.510	432.130	0	241.680	0	0	
0	[SLAMPOS]	0	-12.740	432.010	0	241.630	0	0	
0	[SLAMPOS]	0	-13.650	431.540	0	241.530	0	0	
0	[SLAMPOS]	0	-13.890	431.430	0	241.510	0	0	
0	[SLAMPOS]	0	-14.430	431.140	0	241.450	0	0	
0	[SLAMPOS]	0	-15.010	430.840	0	241.380	0	0	
0	[SLAMPOS]	0	-15.170	430.760	0	241.370	0	0	
0	[SLAMPOS]	0	-15.760	430.440	0	241.260	0	0	
0	[SLAMPOS]	0	-16.370	430.120	0	241.190	0	0	
0	[SLAMPOS]	0	-16.530	430.030	0	241.170	0	0	
0	[SLAMPOS]	0	-17.120	429.730	0	241.100	0	0	
0	[SLAMPOS]	0	-17.270	429.640	0	241.080	0	0	
0	[SLAMPOS]	0	-17.910	429.300	0	241.010	0	0	
0	[SLAMPOS]	0	-18.380	429.050	0	240.950	0	0	
0	[SLAMPOS]	0	-18.600	428.940	0	240.930	0	0	
0	[SLAMPOS]	0	-19.470	428.480	0	240.860	0	0	
0	[SLAMPOS]	0	-19.670	428.380	0	240.830	0	0	
0	[SLAMPOS]	0	-20.160	428.100	0	240.770	0	0	
0	[SLAMPOS]	0	-20.710	427.790	0	240.700	0	0	
0	[SLAMPOS]	0	-21.310	427.470	0	240.660	0	0	
0	[SLAMPOS]	0	-21.440	427.390	0	240.640	0	0	
0	[SLAMPOS]	0	-22.000	427.070	0	240.540	0	0	
0	[SLAMPOS]	0	-22.160	426.980	0	240.520	0	0	
0	[SLAMPOS]	0	-22.720	426.670	0	240.450	0	0	
0	[SLAMPOS]	0	-23.250	426.380	0	240.420	0	0	
0	[SLAMPOS]	0	-23.460	426.280	0	240.390	0	0	
0	[SLAMPOS]	0	-24.280	425.820	0	240.290	0	0	
0	[SLAMPOS]	0	-24.510	425.710	0	240.270	0	0	
0	[SLAMPOS]	0	-24.990	425.440	0	240.220	0	0	
0	[SLAMPOS]	0	-25.620	425.110	0	240.170	0	0	
0	[SLAMPOS]	0	-25.780	425.030	0	240.140	0	0	
0	[SLAMPOS]	0	-26.270	424.760	0	240.100	0	0	
0	[SLAMPOS]	0	-26.840	424.470	0	240.050	0	0	
0	[SLAMPOS]	0	-26.990	424.380	0	240.030	0	0	
0	[SLAMPOS]	0	-27.540	424.070	0	239.960	0	0	
0	[SLAMPOS]	0	-28.000	423.820	0	239.930	0	0	
0	[SLAMPOS]	0	-28.220	423.700	0	239.920	0	0	
0	[SLAMPOS]	0	-29.060	423.230	0	239.820	0	0	
0	[SLAMPOS]	0	-29.250	423.120	0	239.800	0	0	
0	[SLAMPOS]	0	-29.490	423.000	0	239.850	0	0	
0	[SLAMPOS]	0	-30.150	422.640	0	239.760	0	0	
0	[SLAMPOS]	0	-30.620	422.380	0	239.710	0	0	
0	[SLAMPOS]	0	-30.820	422.270	0	239.710	0	0	
0	[SLAMPOS]	0	-31.600	421.840	0	239.650	0	0	
0	[SLAMPOS]	0	-31.680	421.800	0	239.640	0	0	
0	[SLAMPOS]	0	-32.170	421.530	0	239.610	0	0	
0	[SLAMPOS]	0	-32.310	421.450	0	239.590	0	0	
0	[SLAMPOS]	0	-32.830	421.150	0	239.530	0	0	
0	[SLAMPOS]	0	-33.270	420.900	0	239.480	0	0	
0	[SLAMPOS]	0	-33.490	420.780	0	239.460	0	0	
0	[SLAMPOS]	0	-34.260	420.340	0	239.400	0	0	
0	[SLAMPOS]	0	-34.460	420.230	0	239.390	0	0	
0	[SLAMPOS]	0	-34.660	420.120	0	239.370	0	0	
0	[SLAMPOS]	0	-35.420	419.680	0	239.270	0	0	
0	[SLAMPOS]	0	-35.620	419.570	0	239.250	0	0	
0	[SLAMPOS]	0	-36.100	419.290	0	239.220	0	0	
0	[SLAMPOS]	0	-36.680	418.970	0	239.190	0	0	
0	[SLAMPOS]	0	-36.730	418.940	0	239.190	0	0	
0	[SLAMPOS]	0	-37.240	418.640	0	239.190	0	0	
0	[SLAMPOS]	0	-37.790	418.330	0	239.220	0	0	
0	[SLAMPOS]	0	-37.900	418.260	0	239.230	0	0	
0	[SLAMPOS]	0	-38.380	417.990	0	239.260	0	0	
0	[SLAMPOS]	0	-38.820	417.740	0	239.280	0	0	
0	[SLAMPOS]	0	-39.000	417.650	0	239.300	0	0	
0	[SLAMPOS]	0	-39.740	417.240	0	239.340	0	0	
0	[SLAMPOS]	0	-39.960	417.120	0	239.370	0	0	
0	[SLAMPOS]	0	-40.400	416.870	0	239.410	0	0	
0	[SLAMPOS]	0	-40.880	416.600	0	239.440	0	0	
0	[SLAMPOS]	0	-41.010	416.530	0	239.450	0	0	
0	[SLAMPOS]	0	-41.490	416.260	0	239.490	0	0	
0	[SLAMPOS]	0	-41.960	415.990	0	239.520	0	0	
0	[SLAMPOS]	0	-42.080	415.920	0	239.530	0	0	
0	[SLAMPOS]	0	-42.580	415.650	0	239.580	0	0	
0	[SLAMPOS]	0	-42.710	415.580	0	239.590	0	0	
0	[SLAMPOS]	0	-43.210	415.300	0	239.600	0	0	
0	[SLAMPOS]	0	-43.770	414.990	0	239.650	0	0	
0	[SLAMPOS]	0	-43.820	414.950	0	239.650	0	0	
0	[SLAMPOS]	0	-44.540	414.550	0	239.680	0	0	
0	[SLAMPOS]	0	-44.740	414.450	0	239.690	0	0	
0	[SLAMPOS]	0	-45.180	414.200	0	239.700	0	0	
0	[SLAMPOS]	0	-45.660	413.940	0	239.720	0	0	
0	[SLAMPOS]	0	-45.870	413.830	0	239.730	0	0	
0	[SLAMPOS]	0	-46.290	413.580	0	239.720	0	0	
0	[SLAMPOS]	0	-46.760	413.330	0	239.740	0	0	
0	[SLAMPOS]	0	-46.900	413.250	0	239.740	0	0	
0	[SLAMPOS]	0	-47.380	412.990	0	239.770	0	0	
0	[SLAMPOS]	0	-47.810	412.750	0	239.780	0	0	
0	[SLAMPOS]	0	-48.010	412.640	0	239.790	0	0	
0	[SLAMPOS]	0	-48.730	412.240	0	239.800	0	0	
0	[SLAMPOS]	0	-48.930	412.130	0	239.800	0	0	
0	[SLAMPOS]	0	-49.370	411.880	0	239.810	0	0	
0	[SLAMPOS]	0	-49.830	411.620	0	239.810	0	0	
0	[SLAMPOS]	0	-49.940	411.560	0	239.810	0	0	
0	[SLAMPOS]	0	-50.430	411.290	0	239.840	0	0	
0	[SLAMPOS]	0	-50.940	411.020	0	239.860	0	0	
0	[SLAMPOS]	0	-51.050	410.960	0	239.860	0	0	
0	[SLAMPOS]	0	-51.550	410.680	0	239.870	0	0	
0	[SLAMPOS]	0	-51.680	410.600	0	239.870	0	0	
0	[SLAMPOS]	0	-52.170	410.340	0	239.880	0	0	
0	[SLAMPOS]	0	-52.620	410.090	0	239.900	0	0	
0	[SLAMPOS]	0	-52.810	409.980	0	239.890	0	0	
0	[SLAMPOS]	0	-53.560	409.570	0	239.910	0	0	
0	[SLAMPOS]	0	-53.760	409.460	0	239.900	0	0	
0	[SLAMPOS]	0	-54.200	409.220	0	239.910	0	0	
0	[SLAMPOS]	0	-54.720	408.940	0	239.920	0	0	
0	[SLAMPOS]	0	-54.910	408.840	0	239.920	0	0	
0	[SLAMPOS]	0	-55.360	408.590	0	239.920	0	0	
0	[SLAMPOS]	0	-55.910	408.290	0	239.930	0	0	
0	[SLAMPOS]	0	-56.030	408.220	0	239.930	0	0	
0	[SLAMPOS]	0	-56.540	407.940	0	239.930	0	0	
0	[SLAMPOS]	0	-57.090	407.640	0	239.940	0	0	
0	[SLAMPOS]	0	-57.200	407.580	0	239.940	0	0	
0	[SLAMPOS]	0	-57.720	407.310	0	239.960	0	0	
0	[SLAMPOS]	0	-58.190	407.030	0	239.960	0	0	
0	[SLAMPOS]	0	-58.400	406.940	0	239.970	0	0	
0	[SLAMPOS]	0	-59.170	406.490	0	239.940	0	0	
0	[SLAMPOS]	0	-59.140	406.510	0	239.940	0	0	
0	[SLAMPOS]	0	-59.900	406.090	0	239.940	0	0	
0	[SLAMPOS]	0	-60.410	405.800	0	239.930	0	0	
0	[SLAMPOS]	0	-60.560	405.710	0	239.940	0	0	
0	[SLAMPOS]	0	-61.080	405.430	0	239.950	0	0	
0	[SLAMPOS]	0	-61.630	405.130	0	239.950	0	0	
0	[SLAMPOS]	0	-61.780	405.050	0	239.950	0	0	
0	[SLAMPOS]	0	-62.360	404.730	0	239.950	0	0	
0	[SLAMPOS]	0	-62.480	404.660	0	239.950	0	0	
0	[SLAMPOS]	0	-63.050	404.360	0	239.950	0	0	
0	[SLAMPOS]	0	-63.520	404.090	0	239.950	0	0	
0	[SLAMPOS]	0	-63.740	403.980	0	239.930	0	0	
0	[SLAMPOS]	0	-64.560	403.510	0	239.960	0	0	
0	[SLAMPOS]	0	-64.790	403.390	0	239.970	0	0	
0	[SLAMPOS]	0	-65.280	403.120	0	240.020	0	0	
0	[SLAMPOS]	0	-65.870	402.790	0	240.050	0	0	
0	[SLAMPOS]	0	-66.110	402.660	0	240.050	0	0	
0	[SLAMPOS]	0	-66.600	402.390	0	240.070	0	0	
0	[SLAMPOS]	0	-67.190	402.080	0	240.110	0	0	
0	[SLAMPOS]	0	-67.340	402.000	0	240.120	0	0	
0	[SLAMPOS]	0	-67.900	401.690	0	240.120	0	0	
0	[SLAMPOS]	0	-68.390	401.410	0	240.140	0	0	
0	[SLAMPOS]	0	-68.660	401.290	0	240.140	0	0	
0	[SLAMPOS]	0	-69.250	400.940	0	240.140	0	0	
0	[SLAMPOS]	0	-69.390	400.870	0	240.140	0	0	
0	[SLAMPOS]	0	-69.970	400.570	0	240.160	0	0	
0	[SLAMPOS]	0	-70.470	400.280	0	240.150	0	0	
0	[SLAMPOS]	0	-71.040	399.980	0	240.130	0	0	
0	[SLAMPOS]	0	-71.550	399.690	0	240.110	0	0	
0	[SLAMPOS]	0	-71.770	399.580	0	240.100	0	0	
0	[SLAMPOS]	0	-72.260	399.300	0	240.070	0	0	
0	[SLAMPOS]	0	-72.870	398.970	0	240.060	0	0	
0	[SLAMPOS]	0	-73.410	398.700	0	240.050	0	0	
0	[SLAMPOS]	0	-73.600	398.590	0	240.050	0	0	
0	[SLAMPOS]	0	-74.170	398.280	0	240.010	0	0	
0	[SLAMPOS]	0	-74.290	398.220	0	240.010	0	0	
0	[SLAMPOS]	0	-74.890	397.900	0	239.990	0	0	
0	[SLAMPOS]	0	-75.510	397.550	0	239.960	0	0	
0	[SLAMPOS]	0	-75.650	397.470	0	239.960	0	0	
0	[SLAMPOS]	0	-76.210	397.150	0	239.910	0	0	
0	[SLAMPOS]	0	-76.830	396.810	0	239.880	0	0	
0	[SLAMPOS]	0	-76.900	396.770	0	239.870	0	0	
0	[SLAMPOS]	0	-77.390	396.490	0	239.850	0	0	
0	[SLAMPOS]	0	-78.000	396.150	0	239.830	0	0	
0	[SLAMPOS]	0	-78.250	396.020	0	239.830	0	0	
0	[SLAMPOS]	0	-78.870	395.670	0	239.790	0	0	
0	[SLAMPOS]	0	-78.930	395.640	0	239.780	0	0	
0	[SLAMPOS]	0	-79.730	395.200	0	239.690	0	0	
0	[SLAMPOS]	0	-79.960	395.070	0	239.650	0	0	
0	[SLAMPOS]	0	-80.420	394.800	0	239.580	0	0	
0	[SLAMPOS]	0	-80.940	394.510	0	239.510	0	0	
0	[SLAMPOS]	0	-81.060	394.440	0	239.490	0	0	
0	[SLAMPOS]	0	-81.590	394.140	0	239.400	0	0	
0	[SLAMPOS]	0	-82.100	393.850	0	239.330	0	0	
0	[SLAMPOS]	0	-82.210	393.790	0	239.300	0	0	
0	[SLAMPOS]	0	-82.780	393.460	0	239.210	0	0	
0	[SLAMPOS]	0	-83.140	393.250	0	239.130	0	0	
0	[SLAMPOS]	0	-83.330	393.150	0	239.100	0	0	
0	[SLAMPOS]	0	-84.070	392.720	0	238.900	0	0	
0	[SLAMPOS]	0	-84.250	392.620	0	238.860	0	0	
0	[SLAMPOS]	0	-84.670	392.370	0	238.710	0	0	
0	[SLAMPOS]	0	-85.140	392.100	0	238.560	0	0	
0	[SLAMPOS]	0	-85.280	392.020	0	238.490	0	0	
0	[SLAMPOS]	0	-85.740	391.760	0	238.330	0	0	
0	[SLAMPOS]	0	-85.850	391.690	0	238.280	0	0	
0	[SLAMPOS]	0	-86.300	391.420	0	238.060	0	0	
0	[SLAMPOS]	0	-86.740	391.150	0	237.820	0	0	
0	[SLAMPOS]	0	-86.850	391.080	0	237.730	0	0	
0	[SLAMPOS]	0	-87.300	390.800	0	237.480	0	0	
0	[SLAMPOS]	0	-87.670	390.570	0	237.210	0	0	
0	[SLAMPOS]	0	-88.070	390.310	0	236.950	0	0	
0	[SLAMPOS]	0	-88.290	390.160	0	236.790	0	0	
0	[SLAMPOS]	0	-88.860	389.800	0	236.310	0	0	
0	[SLAMPOS]	0	-88.940	389.740	0	236.230	0	0	
0	[SLAMPOS]	0	-89.340	389.470	0	235.880	0	0	
0	[SLAMPOS]	0	-89.450	389.400	0	235.760	0	0	
0	[SLAMPOS]	0	-89.840	389.140	0	235.400	0	0	
0	[SLAMPOS]	0	-90.180	388.900	0	235.020	0	0	
0	[SLAMPOS]	0	-90.320	388.800	0	234.890	0	0	
0	[SLAMPOS]	0	-90.690	388.530	0	234.480	0	0	
0	[SLAMPOS]	0	-91.030	388.290	0	234.030	0	0	
0	[SLAMPOS]	0	-91.180	388.190	0	233.850	0	0	
0	[SLAMPOS]	0	-91.730	387.790	0	233.030	0	0	
0	[SLAMPOS]	0	-91.890	387.680	0	232.800	0	0	
0	[SLAMPOS]	0	-92.190	387.450	0	232.260	0	0	
0	[SLAMPOS]	0	-92.540	387.200	0	231.640	0	0	
0	[SLAMPOS]	0	-92.630	387.130	0	231.450	0	0	
0	[SLAMPOS]	0	-92.980	386.850	0	230.760	0	0	
0	[SLAMPOS]	0	-93.310	386.590	0	230.160	0	0	
0	[SLAMPOS]	0	-93.390	386.520	0	229.970	0	0	
0	[SLAMPOS]	0	-93.710	386.240	0	229.370	0	0	
0	[SLAMPOS]	0	-93.990	386.000	0	228.770	0	0	
0	[SLAMPOS]	0	-94.090	385.890	0	228.520	0	0	
0	[SLAMPOS]	0	-94.540	385.490	0	227.500	0	0	
0	[SLAMPOS]	0	-94.650	385.370	0	227.250	0	0	
0	[SLAMPOS]	0	-94.920	385.110	0	226.620	0	0	
0	[SLAMPOS]	0	-95.210	384.850	0	225.960	0	0	
0	[SLAMPOS]	0	-95.290	384.770	0	225.760	0	0	
0	[SLAMPOS]	0	-95.580	384.490	0	225.070	0	0	
0	[SLAMPOS]	0	-95.850	384.200	0	224.350	0	0	
0	[SLAMPOS]	0	-95.920	384.130	0	224.120	0	0	
0	[SLAMPOS]	0	-96.210	383.850	0	223.360	0	0	
0	[SLAMPOS]	0	-96.270	383.780	0	223.130	0	0	
0	[SLAMPOS]	0	-96.540	383.490	0	222.310	0	0	
0	[SLAMPOS]	0	-96.760	383.250	0	221.570	0	0	
0	[SLAMPOS]	0	-96.860	383.130	0	221.230	0	0	
0	[SLAMPOS]	0	-97.210	382.690	0	219.850	0	0	
0	[SLAMPOS]	0	-97.310	382.580	0	219.440	0	0	
0	[SLAMPOS]	0	-97.520	382.310	0	218.520	0	0	
0	[SLAMPOS]	0	-97.750	382.020	0	217.580	0	0	
0	[SLAMPOS]	0	-97.960	381.720	0	216.610	0	0	
0	[SLAMPOS]	0	-98.020	381.640	0	216.300	0	0	
0	[SLAMPOS]	0	-98.220	381.320	0	215.240	0	0	
0	[SLAMPOS]	0	-98.280	381.240	0	214.910	0	0	
0	[SLAMPOS]	0	-98.470	380.920	0	213.770	0	0	
0	[SLAMPOS]	0	-98.630	380.660	0	212.750	0	0	
0	[SLAMPOS]	0	-98.700	380.540	0	212.320	0	0	
0	[SLAMPOS]	0	-98.980	380.070	0	210.540	0	0	
0	[SLAMPOS]	0	-99.060	379.940	0	210.070	0	0	
0	[SLAMPOS]	0	-99.210	379.660	0	209.000	0	0	
0	[SLAMPOS]	0	-99.380	379.340	0	207.820	0	0	
0	[SLAMPOS]	0	-99.440	379.220	0	207.360	0	0	
0	[SLAMPOS]	0	-99.580	378.920	0	206.200	0	0	
0	[SLAMPOS]	0	-99.740	378.590	0	204.910	0	0	
0	[SLAMPOS]	0	-99.780	378.500	0	204.520	0	0	
0	[SLAMPOS]	0	-99.920	378.170	0	203.290	0	0	
0	[SLAMPOS]	0	-99.950	378.080	0	202.890	0	0	
0	[SLAMPOS]	0	-100.070	377.750	0	201.610	0	0	
0	[SLAMPOS]	0	-100.170	377.460	0	200.420	0	0	
0	[SLAMPOS]	0	-100.270	377.120	0	199.000	0	0	
0	[SLAMPOS]	0	-100.360	376.820	0	197.750	0	0	
0	[SLAMPOS]	0	-100.450	376.480	0	196.430	0	0	
0	[SLAMPOS]	0	-100.480	376.340	0	195.890	0	0	
0	[SLAMPOS]	0	-100.570	376.050	0	194.670	0	0	
0	[SLAMPOS]	0	-100.650	375.670	0	193.200	0	0	
0	[SLAMPOS]	0	-100.660	375.610	0	192.950	0	0	
0	[SLAMPOS]	0	-100.720	375.270	0	191.610	0	0	
0	[SLAMPOS]	0	-100.740	375.180	0	191.230	0	0	
0	[SLAMPOS]	0	-100.800	374.810	0	189.810	0	0	
0	[SLAMPOS]	0	-100.840	374.530	0	188.690	0	0	
0	[SLAMPOS]	0	-100.860	374.400	0	188.210	0	0	
0	[SLAMPOS]	0	-100.890	374.010	0	186.740	0	0	
0	[SLAMPOS]	0	-100.920	373.710	0	185.560	0	0	
0	[SLAMPOS]	0	-100.930	373.570	0	185.020	0	0	
0	[SLAMPOS]	0	-100.940	373.050	0	183.150	0	0	
0	[SLAMPOS]	0	-100.940	372.910	0	182.680	0	0	
0	[SLAMPOS]	0	-100.940	372.590	0	181.570	0	0	
0	[SLAMPOS]	0	-100.940	372.230	0	180.420	0	0	
0	[SLAMPOS]	0	-100.940	372.140	0	180.140	0	0	
0	[SLAMPOS]	0	-100.920	371.800	0	179.100	0	0	
0	[SLAMPOS]	0	-100.890	371.310	0	177.630	0	0	
0	[SLAMPOS]	0	-100.870	371.080	0	176.970	0	0	
0	[SLAMPOS]	0	-100.860	370.900	0	176.480	0	0	
0	[SLAMPOS]	0	-100.830	370.540	0	175.530	0	0	
0	[SLAMPOS]	0	-100.800	370.220	0	174.740	0	0	
0	[SLAMPOS]	0	-100.790	370.040	0	174.290	0	0	
0	[SLAMPOS]	0	-100.740	369.670	0	173.380	0	0	
0	[SLAMPOS]	0	-100.700	369.280	0	172.450	0	0	
0	[SLAMPOS]	0	-100.660	368.970	0	171.710	0	0	
0	[SLAMPOS]	0	-100.630	368.820	0	171.350	0	0	
0	[SLAMPOS]	0	-100.560	368.370	0	170.240	0	0	
0	[SLAMPOS]	0	-100.540	368.310	0	170.080	0	0	
0	[SLAMPOS]	0	-100.480	368.020	0	169.400	0	0	
0	[SLAMPOS]	0	-100.470	367.940	0	169.200	0	0	
0	[SLAMPOS]	0	-100.400	367.590	0	168.380	0	0	
0	[SLAMPOS]	0	-100.330	367.280	0	167.650	0	0	
0	[SLAMPOS]	0	-100.300	367.160	0	167.400	0	0	
0	[SLAMPOS]	0	-100.180	366.640	0	166.270	0	0	
0	[SLAMPOS]	0	-100.140	366.510	0	166.020	0	0	
0	[SLAMPOS]	0	-100.060	366.190	0	165.380	0	0	
0	[SLAMPOS]	0	-99.960	365.810	0	164.630	0	0	
0	[SLAMPOS]	0	-99.920	365.680	0	164.400	0	0	
0	[SLAMPOS]	0	-99.830	365.380	0	163.820	0	0	
0	[SLAMPOS]	0	-99.720	365.010	0	163.130	0	0	
0	[SLAMPOS]	0	-99.690	364.920	0	162.960	0	0	
0	[SLAMPOS]	0	-99.570	364.570	0	162.300	0	0	
0	[SLAMPOS]	0	-99.540	364.650	0	160.780	0	0	
0	[SLAMPOS]	0	-99.340	363.940	0	161.070	0	0	
0	[SLAMPOS]	0	-99.150	364.190	0	160.550	0	0	
0	[SLAMPOS]	0	-99.150	363.430	0	160.020	0	0	
0	[SLAMPOS]	0	-99.050	363.130	0	159.420	0	0	
0	[SLAMPOS]	0	-98.910	362.740	0	158.690	0	0	
0	[SLAMPOS]	0	-98.840	362.590	0	158.410	0	0	
0	[SLAMPOS]	0	-98.720	362.270	0	157.790	0	0	
0	[SLAMPOS]	0	-98.560	361.890	0	157.130	0	0	
0	[SLAMPOS]	0	-98.450	361.630	0	156.650	0	0	
0	[SLAMPOS]	0	-98.330	361.380	0	156.200	0	0	
0	[SLAMPOS]	0	-98.300	361.300	0	156.050	0	0	
0	[SLAMPOS]	0	-98.130	360.920	0	155.390	0	0	
0	[SLAMPOS]	0	-97.970	360.600	0	154.820	0	0	
0	[SLAMPOS]	0	-97.900	360.450	0	154.590	0	0	
0	[SLAMPOS]	0	-97.620	359.870	0	153.660	0	0	
0	[SLAMPOS]	0	-97.540	359.720	0	153.420	0	0	
0	[SLAMPOS]	0	-97.480	359.570	0	153.200	0	0	
0	[SLAMPOS]	0	-97.180	358.990	0	152.230	0	0	
0	[SLAMPOS]	0	-97.100	358.840	0	152.020	0	0	
0	[SLAMPOS]	0	-96.910	358.490	0	151.430	0	0	
0	[SLAMPOS]	0	-96.690	358.080	0	150.810	0	0	
0	[SLAMPOS]	0	-96.640	357.990	0	150.640	0	0	
0	[SLAMPOS]	0	-96.410	357.590	0	150.030	0	0	
0	[SLAMPOS]	0	-96.350	357.480	0	149.850	0	0	
0	[SLAMPOS]	0	-96.110	357.090	0	149.270	0	0	
0	[SLAMPOS]	0	-95.860	356.690	0	148.690	0	0	
0	[SLAMPOS]	0	-95.650	356.340	0	148.190	0	0	
0	[SLAMPOS]	0	-95.540	356.190	0	147.980	0	0	
0	[SLAMPOS]	0	-95.320	355.830	0	147.520	0	0	
0	[SLAMPOS]	0	-95.060	355.430	0	147.020	0	0	
0	[SLAMPOS]	0	-94.830	355.070	0	146.590	0	0	
0	[SLAMPOS]	0	-94.550	354.660	0	146.130	0	0	
0	[SLAMPOS]	0	-94.490	354.560	0	146.040	0	0	
0	[SLAMPOS]	0	-94.210	354.140	0	145.620	0	0	
0	[SLAMPOS]	0	-94.140	354.040	0	145.540	0	0	
0	[SLAMPOS]	0	-93.860	353.620	0	145.190	0	0	
0	[SLAMPOS]	0	-93.590	353.220	0	144.890	0	0	
0	[SLAMPOS]	0	-93.510	353.110	0	144.830	0	0	
0	[SLAMPOS]	0	-93.200	352.670	0	144.570	0	0	
0	[SLAMPOS]	0	-92.940	352.310	0	144.410	0	0	
0	[SLAMPOS]	0	-92.820	352.120	0	144.350	0	0	
0	[SLAMPOS]	0	-92.380	351.530	0	144.190	0	0	
0	[SLAMPOS]	0	-92.250	351.330	0	144.150	0	0	
0	[SLAMPOS]	0	-92.140	351.160	0	144.110	0	0	
0	[SLAMPOS]	0	-91.690	350.530	0	143.940	0	0	
0	[SLAMPOS]	0	-91.570	350.350	0	143.900	0	0	
0	[SLAMPOS]	0	-91.300	349.980	0	143.820	0	0	
0	[SLAMPOS]	0	-90.970	349.500	0	143.780	0	0	
0	[SLAMPOS]	0	-90.890	349.380	0	143.780	0	0	
0	[SLAMPOS]	0	-90.570	348.930	0	143.720	0	0	
0	[SLAMPOS]	0	-90.490	348.820	0	143.720	0	0	
0	[SLAMPOS]	0	-90.180	348.380	0	143.690	0	0	
0	[SLAMPOS]	0	-89.870	347.930	0	143.700	0	0	
0	[SLAMPOS]	0	-89.790	347.830	0	143.700	0	0	
0	[SLAMPOS]	0	-89.470	347.370	0	143.730	0	0	
0	[SLAMPOS]	0	-89.190	346.980	0	143.740	0	0	
0	[SLAMPOS]	0	-88.860	346.510	0	143.710	0	0	
0	[SLAMPOS]	0	-88.570	346.100	0	143.730	0	0	
0	[SLAMPOS]	0	-88.440	345.920	0	143.720	0	0	
0	[SLAMPOS]	0	-88.150	345.510	0	143.720	0	0	
0	[SLAMPOS]	0	-87.820	345.030	0	143.730	0	0	
0	[SLAMPOS]	0	-87.730	344.900	0	143.720	0	0	
0	[SLAMPOS]	0	-87.390	344.420	0	143.710	0	0	
0	[SLAMPOS]	0	-87.050	343.930	0	143.700	0	0	
0	[SLAMPOS]	0	-86.960	343.810	0	143.690	0	0	
0	[SLAMPOS]	0	-86.630	343.350	0	143.680	0	0	
0	[SLAMPOS]	0	-86.320	342.910	0	143.640	0	0	
0	[SLAMPOS]	0	-86.200	342.740	0	143.630	0	0	
0	[SLAMPOS]	0	-85.690	342.030	0	143.560	0	0	
0	[SLAMPOS]	0	-85.550	341.830	0	143.550	0	0	
0	[SLAMPOS]	0	-85.250	341.410	0	143.510	0	0	
0	[SLAMPOS]	0	-84.910	340.930	0	143.460	0	0	
0	[SLAMPOS]	0	-84.810	340.800	0	143.440	0	0	
0	[SLAMPOS]	0	-84.480	340.320	0	143.410	0	0	
0	[SLAMPOS]	0	-84.170	339.900	0	143.370	0	0	
0	[SLAMPOS]	0	-84.020	339.700	0	143.340	0	0	
0	[SLAMPOS]	0	-83.690	339.220	0	143.280	0	0	
0	[SLAMPOS]	0	-83.380	338.800	0	143.240	0	0	
0	[SLAMPOS]	0	-83.260	338.620	0	143.240	0	0	
0	[SLAMPOS]	0	-82.730	337.890	0	143.170	0	0	
0	[SLAMPOS]	0	-82.580	337.680	0	143.150	0	0	
0	[SLAMPOS]	0	-82.290	337.290	0	143.090	0	0	
0	[SLAMPOS]	0	-81.940	336.790	0	143.050	0	0	
0	[SLAMPOS]	0	-81.840	336.660	0	143.030	0	0	
0	[SLAMPOS]	0	-81.490	336.170	0	143.010	0	0	
0	[SLAMPOS]	0	-81.390	336.040	0	142.990	0	0	
0	[SLAMPOS]	0	-81.030	335.540	0	142.940	0	0	
0	[SLAMPOS]	0	-80.710	335.110	0	142.880	0	0	
0	[SLAMPOS]	0	-80.570	334.910	0	142.870	0	0	
0	[SLAMPOS]	0	-80.020	334.160	0	142.790	0	0	
0	[SLAMPOS]	0	-79.890	333.980	0	142.780	0	0	
0	[SLAMPOS]	0	-79.530	333.480	0	142.740	0	0	
0	[SLAMPOS]	0	-79.210	333.040	0	142.690	0	0	
0	[SLAMPOS]	0	-78.840	332.540	0	142.650	0	0	
0	[SLAMPOS]	0	-78.740	332.410	0	142.630	0	0	
0	[SLAMPOS]	0	-78.370	331.900	0	142.580	0	0	
0	[SLAMPOS]	0	-78.280	331.780	0	142.560	0	0	
0	[SLAMPOS]	0	-77.910	331.280	0	142.510	0	0	
0	[SLAMPOS]	0	-77.580	330.840	0	142.440	0	0	
0	[SLAMPOS]	0	-77.430	330.640	0	142.410	0	0	
0	[SLAMPOS]	0	-76.890	329.920	0	142.300	0	0	
0	[SLAMPOS]	0	-76.740	329.720	0	142.270	0	0	
0	[SLAMPOS]	0	-76.590	329.510	0	142.250	0	0	
0	[SLAMPOS]	0	-76.050	328.780	0	142.120	0	0	
0	[SLAMPOS]	0	-75.890	328.580	0	142.100	0	0	
0	[SLAMPOS]	0	-75.540	328.100	0	141.970	0	0	
0	[SLAMPOS]	0	-75.160	327.620	0	141.850	0	0	
0	[SLAMPOS]	0	-75.070	327.500	0	141.800	0	0	
0	[SLAMPOS]	0	-74.700	327.000	0	141.630	0	0	
0	[SLAMPOS]	0	-74.360	326.560	0	141.460	0	0	
0	[SLAMPOS]	0	-74.200	326.340	0	141.400	0	0	
0	[SLAMPOS]	0	-73.630	325.610	0	141.140	0	0	
0	[SLAMPOS]	0	-73.470	325.400	0	141.070	0	0	
0	[SLAMPOS]	0	-73.150	325.000	0	140.920	0	0	
0	[SLAMPOS]	0	-72.770	324.500	0	140.750	0	0	
0	[SLAMPOS]	0	-72.670	324.380	0	140.690	0	0	
0	[SLAMPOS]	0	-72.280	323.900	0	140.530	0	0	
0	[SLAMPOS]	0	-71.940	323.470	0	140.350	0	0	
0	[SLAMPOS]	0	-71.770	323.260	0	140.270	0	0	
0	[SLAMPOS]	0	-71.450	322.850	0	140.100	0	0	
0	[SLAMPOS]	0	-71.030	322.360	0	139.890	0	0	
0	[SLAMPOS]	0	-70.890	322.170	0	139.820	0	0	
0	[SLAMPOS]	0	-70.280	321.440	0	139.480	0	0	
0	[SLAMPOS]	0	-70.140	321.270	0	139.420	0	0	
0	[SLAMPOS]	0	-69.790	320.850	0	139.230	0	0	
0	[SLAMPOS]	0	-69.590	320.610	0	139.130	0	0	
0	[SLAMPOS]	0	-69.190	320.140	0	138.930	0	0	
0	[SLAMPOS]	0	-68.810	319.690	0	138.710	0	0	
0	[SLAMPOS]	0	-68.650	319.500	0	138.650	0	0	
0	[SLAMPOS]	0	-68.300	319.110	0	138.450	0	0	
0	[SLAMPOS]	0	-67.860	318.600	0	138.210	0	0	
0	[SLAMPOS]	0	-67.770	318.490	0	138.150	0	0	
0	[SLAMPOS]	0	-67.360	318.020	0	137.950	0	0	
0	[SLAMPOS]	0	-66.950	317.550	0	137.760	0	0	
0	[SLAMPOS]	0	-66.820	317.410	0	137.680	0	0	
0	[SLAMPOS]	0	-66.420	316.950	0	137.480	0	0	
0	[SLAMPOS]	0	-66.050	316.550	0	137.270	0	0	
0	[SLAMPOS]	0	-65.880	316.360	0	137.190	0	0	
0	[SLAMPOS]	0	-65.240	315.650	0	136.840	0	0	
0	[SLAMPOS]	0	-65.120	315.520	0	136.790	0	0	
0	[SLAMPOS]	0	-64.710	315.060	0	136.590	0	0	
0	[SLAMPOS]	0	-64.290	314.600	0	136.410	0	0	
0	[SLAMPOS]	0	-64.140	314.440	0	136.340	0	0	
0	[SLAMPOS]	0	-63.770	314.040	0	136.190	0	0	
0	[SLAMPOS]	0	-63.350	313.590	0	136.050	0	0	
0	[SLAMPOS]	0	-63.190	313.430	0	136.010	0	0	
0	[SLAMPOS]	0	-62.740	312.950	0	135.910	0	0	
0	[SLAMPOS]	0	-62.230	312.410	0	135.800	0	0	
0	[SLAMPOS]	0	-62.220	312.400	0	135.800	0	0	
0	[SLAMPOS]	0	-61.900	312.050	0	135.730	0	0	
0	[SLAMPOS]	0	-61.740	311.880	0	135.700	0	0	
0	[SLAMPOS]	0	-61.110	311.220	0	135.560	0	0	
0	[SLAMPOS]	0	-60.940	311.030	0	135.530	0	0	
0	[SLAMPOS]	0	-60.560	310.640	0	135.480	0	0	
0	[SLAMPOS]	0	-60.130	310.180	0	135.430	0	0	
0	[SLAMPOS]	0	-59.930	309.960	0	135.450	0	0	
0	[SLAMPOS]	0	-59.550	309.570	0	135.500	0	0	
0	[SLAMPOS]	0	-59.100	309.090	0	135.580	0	0	
0	[SLAMPOS]	0	-59.010	309.000	0	135.620	0	0	
0	[SLAMPOS]	0	-58.590	308.550	0	135.710	0	0	
0	[SLAMPOS]	0	-58.100	308.020	0	135.890	0	0	
0	[SLAMPOS]	0	-58.040	307.960	0	135.930	0	0	
0	[SLAMPOS]	0	-57.430	307.300	0	136.230	0	0	
0	[SLAMPOS]	0	-57.270	307.110	0	136.310	0	0	
0	[SLAMPOS]	0	-57.100	306.920	0	136.400	0	0	
0	[SLAMPOS]	0	-56.480	306.230	0	136.750	0	0	
0	[SLAMPOS]	0	-56.330	306.050	0	136.820	0	0	
0	[SLAMPOS]	0	-55.960	305.640	0	137.010	0	0	
0	[SLAMPOS]	0	-55.550	305.160	0	137.220	0	0	
0	[SLAMPOS]	0	-55.440	305.030	0	137.270	0	0	
0	[SLAMPOS]	0	-55.010	304.530	0	137.470	0	0	
0	[SLAMPOS]	0	-54.910	304.420	0	137.530	0	0	
0	[SLAMPOS]	0	-54.530	303.970	0	137.670	0	0	
0	[SLAMPOS]	0	-54.160	303.540	0	137.840	0	0	
0	[SLAMPOS]	0	-54.010	303.350	0	137.910	0	0	
0	[SLAMPOS]	0	-53.600	302.880	0	138.090	0	0	
0	[SLAMPOS]	0	-53.230	302.460	0	138.280	0	0	
0	[SLAMPOS]	0	-53.090	302.280	0	138.340	0	0	
0	[SLAMPOS]	0	-52.490	301.580	0	138.630	0	0	
0	[SLAMPOS]	0	-52.330	301.390	0	138.690	0	0	
0	[SLAMPOS]	0	-51.980	300.970	0	138.850	0	0	
0	[SLAMPOS]	0	-51.580	300.470	0	139.030	0	0	
0	[SLAMPOS]	0	-51.170	299.980	0	139.200	0	0	
0	[SLAMPOS]	0	-51.100	299.900	0	139.240	0	0	
0	[SLAMPOS]	0	-50.760	299.470	0	139.390	0	0	
0	[SLAMPOS]	0	-50.600	299.280	0	139.450	0	0	
0	[SLAMPOS]	0	-50.220	298.810	0	139.600	0	0	
0	[SLAMPOS]	0	-49.880	298.390	0	139.740	0	0	
0	[SLAMPOS]	0	-49.740	298.200	0	139.800	0	0	
0	[SLAMPOS]	0	-49.170	297.490	0	140.020	0	0	
0	[SLAMPOS]	0	-49.020	297.300	0	140.060	0	0	
0	[SLAMPOS]	0	-48.690	296.900	0	140.180	0	0	
0	[SLAMPOS]	0	-48.330	296.430	0	140.290	0	0	
0	[SLAMPOS]	0	-48.220	296.300	0	140.330	0	0	
0	[SLAMPOS]	0	-47.860	295.840	0	140.450	0	0	
0	[SLAMPOS]	0	-47.760	295.710	0	140.480	0	0	
0	[SLAMPOS]	0	-47.400	295.250	0	140.590	0	0	
0	[SLAMPOS]	0	-47.050	294.790	0	140.680	0	0	
0	[SLAMPOS]	0	-46.950	294.670	0	140.720	0	0	
0	[SLAMPOS]	0	-46.590	294.200	0	140.810	0	0	
0	[SLAMPOS]	0	-46.270	293.800	0	140.910	0	0	
0	[SLAMPOS]	0	-45.940	293.350	0	141.000	0	0	
0	[SLAMPOS]	0	-45.620	292.950	0	141.090	0	0	
0	[SLAMPOS]	0	-45.290	292.510	0	141.160	0	0	
0	[SLAMPOS]	0	-45.190	292.390	0	141.190	0	0	
0	[SLAMPOS]	0	-44.840	291.930	0	141.270	0	0	
0	[SLAMPOS]	0	-44.750	291.810	0	141.290	0	0	
0	[SLAMPOS]	0	-44.410	291.360	0	141.380	0	0	
0	[SLAMPOS]	0	-44.070	290.910	0	141.470	0	0	
0	[SLAMPOS]	0	-43.970	290.780	0	141.470	0	0	
0	[SLAMPOS]	0	-43.640	290.350	0	141.520	0	0	
0	[SLAMPOS]	0	-43.350	289.960	0	141.520	0	0	
0	[SLAMPOS]	0	-43.220	289.780	0	141.530	0	0	
0	[SLAMPOS]	0	-42.730	289.140	0	141.490	0	0	
0	[SLAMPOS]	0	-42.610	288.970	0	141.490	0	0	
0	[SLAMPOS]	0	-42.320	288.600	0	141.430	0	0	
0	[SLAMPOS]	0	-41.990	288.170	0	141.370	0	0	
0	[SLAMPOS]	0	-41.900	288.060	0	141.350	0	0	
0	[SLAMPOS]	0	-41.540	287.590	0	141.290	0	0	
0	[SLAMPOS]	0	-41.270	287.230	0	141.260	0	0	
0	[SLAMPOS]	0	-41.180	287.120	0	141.240	0	0	
0	[SLAMPOS]	0	-40.860	286.700	0	141.170	0	0	
0	[SLAMPOS]	0	-40.570	286.340	0	141.120	0	0	
0	[SLAMPOS]	0	-40.440	286.170	0	141.090	0	0	
0	[SLAMPOS]	0	-39.960	285.550	0	141.020	0	0	
0	[SLAMPOS]	0	-39.830	285.390	0	141.000	0	0	
0	[SLAMPOS]	0	-39.550	285.020	0	141.010	0	0	
0	[SLAMPOS]	0	-39.230	284.610	0	141.010	0	0	
0	[SLAMPOS]	0	-39.090	284.420	0	141.020	0	0	
0	[SLAMPOS]	0	-38.800	284.060	0	141.070	0	0	
0	[SLAMPOS]	0	-38.490	283.660	0	141.090	0	0	
0	[SLAMPOS]	0	-38.410	283.560	0	141.110	0	0	
0	[SLAMPOS]	0	-38.110	283.160	0	141.150	0	0	
0	[SLAMPOS]	0	-38.010	283.030	0	141.170	0	0	
0	[SLAMPOS]	0	-37.710	282.630	0	141.220	0	0	
0	[SLAMPOS]	0	-37.430	282.270	0	141.290	0	0	
0	[SLAMPOS]	0	-37.320	282.120	0	141.310	0	0	
0	[SLAMPOS]	0	-36.840	281.500	0	141.390	0	0	
0	[SLAMPOS]	0	-36.720	281.350	0	141.400	0	0	
0	[SLAMPOS]	0	-36.440	280.990	0	141.450	0	0	
0	[SLAMPOS]	0	-36.130	280.570	0	141.490	0	0	
0	[SLAMPOS]	0	-36.010	280.410	0	141.500	0	0	
0	[SLAMPOS]	0	-35.730	280.040	0	141.550	0	0	
0	[SLAMPOS]	0	-35.420	279.620	0	141.590	0	0	
0	[SLAMPOS]	0	-35.330	279.510	0	141.600	0	0	
0	[SLAMPOS]	0	-35.020	279.090	0	141.640	0	0	
0	[SLAMPOS]	0	-34.740	278.730	0	141.680	0	0	
0	[SLAMPOS]	0	-34.610	278.550	0	141.680	0	0	
0	[SLAMPOS]	0	-34.150	277.950	0	141.700	0	0	
0	[SLAMPOS]	0	-34.030	277.790	0	141.710	0	0	
0	[SLAMPOS]	0	-33.890	277.590	0	141.730	0	0	
0	[SLAMPOS]	0	-33.460	277.020	0	141.790	0	0	
0	[SLAMPOS]	0	-33.380	276.920	0	141.800	0	0	
0	[SLAMPOS]	0	-33.040	276.460	0	141.830	0	0	
0	[SLAMPOS]	0	-32.750	276.070	0	141.840	0	0	
0	[SLAMPOS]	0	-32.650	275.950	0	141.850	0	0	
0	[SLAMPOS]	0	-32.340	275.530	0	141.880	0	0	
0	[SLAMPOS]	0	-32.260	275.430	0	141.890	0	0	
0	[SLAMPOS]	0	-31.950	275.000	0	141.910	0	0	
0	[SLAMPOS]	0	-31.670	274.640	0	141.940	0	0	
0	[SLAMPOS]	0	-31.530	274.450	0	141.960	0	0	
0	[SLAMPOS]	0	-31.230	274.040	0	141.990	0	0	
0	[SLAMPOS]	0	-30.950	273.680	0	142.000	0	0	
0	[SLAMPOS]	0	-30.640	273.250	0	142.040	0	0	
0	[SLAMPOS]	0	-30.370	272.910	0	142.070	0	0	
0	[SLAMPOS]	0	-30.250	272.740	0	142.070	0	0	
0	[SLAMPOS]	0	-29.980	272.370	0	142.100	0	0	
0	[SLAMPOS]	0	-29.680	271.960	0	142.120	0	0	
0	[SLAMPOS]	0	-29.590	271.850	0	142.120	0	0	
0	[SLAMPOS]	0	-29.290	271.440	0	142.120	0	0	
0	[SLAMPOS]	0	-29.030	271.090	0	142.110	0	0	
0	[SLAMPOS]	0	-28.910	270.930	0	142.110	0	0	
0	[SLAMPOS]	0	-28.620	270.530	0	142.090	0	0	
0	[SLAMPOS]	0	-28.350	270.180	0	142.050	0	0	
0	[SLAMPOS]	0	-28.240	270.030	0	142.020	0	0	
0	[SLAMPOS]	0	-27.810	269.460	0	141.940	0	0	
0	[SLAMPOS]	0	-27.710	269.330	0	141.920	0	0	
0	[SLAMPOS]	0	-27.460	269.010	0	141.870	0	0	
0	[SLAMPOS]	0	-27.180	268.640	0	141.840	0	0	
0	[SLAMPOS]	0	-27.050	268.460	0	141.820	0	0	
0	[SLAMPOS]	0	-26.820	268.160	0	141.800	0	0	
0	[SLAMPOS]	0	-26.560	267.810	0	141.770	0	0	
0	[SLAMPOS]	0	-26.480	267.710	0	141.780	0	0	
0	[SLAMPOS]	0	-26.240	267.380	0	141.780	0	0	
0	[SLAMPOS]	0	-26.160	267.290	0	141.780	0	0	
0	[SLAMPOS]	0	-25.900	266.940	0	141.790	0	0	
0	[SLAMPOS]	0	-25.690	266.650	0	141.800	0	0	
0	[SLAMPOS]	0	-25.590	266.530	0	141.790	0	0	
0	[SLAMPOS]	0	-25.240	266.060	0	141.810	0	0	
0	[SLAMPOS]	0	-25.150	265.930	0	141.820	0	0	
0	[SLAMPOS]	0	-25.040	265.780	0	141.830	0	0	
0	[SLAMPOS]	0	-24.700	265.340	0	141.840	0	0	
0	[SLAMPOS]	0	-24.620	265.220	0	141.850	0	0	
0	[SLAMPOS]	0	-24.420	264.960	0	141.860	0	0	
0	[SLAMPOS]	0	-24.220	264.690	0	141.890	0	0	
0	[SLAMPOS]	0	-24.150	264.610	0	141.890	0	0	
0	[SLAMPOS]	0	-23.960	264.340	0	141.910	0	0	
0	[SLAMPOS]	0	-23.770	264.100	0	141.920	0	0	
0	[SLAMPOS]	0	-23.680	263.970	0	141.930	0	0	
0	[SLAMPOS]	0	-23.500	263.720	0	141.940	0	0	
0	[SLAMPOS]	0	-23.320	263.480	0	141.950	0	0	
0	[SLAMPOS]	0	-23.250	263.400	0	141.950	0	0	
0	[SLAMPOS]	0	-22.980	263.020	0	141.980	0	0	
0	[SLAMPOS]	0	-22.910	262.930	0	141.990	0	0	
0	[SLAMPOS]	0	-22.750	262.720	0	142.010	0	0	
0	[SLAMPOS]	0	-22.660	262.610	0	142.010	0	0	
0	[SLAMPOS]	0	-22.510	262.400	0	142.030	0	0	
0	[SLAMPOS]	0	-22.370	262.210	0	142.040	0	0	
0	[SLAMPOS]	0	-22.240	262.030	0	142.040	0	0	
0	[SLAMPOS]	0	-22.200	261.990	0	142.050	0	0	
0	[SLAMPOS]	0	-22.060	261.790	0	142.060	0	0	
0	[SLAMPOS]	0	-22.020	261.740	0	142.070	0	0	
0	[SLAMPOS]	0	-21.900	261.580	0	142.080	0	0	
0	[SLAMPOS]	0	-21.800	261.440	0	142.090	0	0	
0	[SLAMPOS]	0	-21.760	261.390	0	142.090	0	0	
0	[SLAMPOS]	0	-21.660	261.240	0	142.110	0	0	
0	[SLAMPOS]	0	-21.570	261.130	0	142.120	0	0	
0	[SLAMPOS]	0	-21.540	261.080	0	142.120	0	0	
0	[SLAMPOS]	0	-21.410	260.910	0	142.120	0	0	
0	[SLAMPOS]	0	-21.390	260.880	0	142.120	0	0	
0	[SLAMPOS]	0	-21.320	260.800	0	142.130	0	0	
0	[SLAMPOS]	0	-21.270	260.700	0	142.150	0	0	
0	[SLAMPOS]	0	-21.250	260.680	0	142.150	0	0	
0	[SLAMPOS]	0	-21.200	260.610	0	142.150	0	0	
0	[SLAMPOS]	0	-21.160	260.540	0	142.150	0	0	
0	[SLAMPOS]	0	-21.150	260.540	0	142.150	0	0	
0	[SLAMPOS]	0	-21.120	260.480	0	142.160	0	0	
0	[SLAMPOS]	0	-21.090	260.450	0	142.170	0	0	
0	[SLAMPOS]	0	-21.080	260.450	0	142.160	0	0	
0	[SLAMPOS]	0	-21.050	260.400	0	142.170	0	0	
0	[SLAMPOS]	0	-21.040	260.400	0	142.170	0	0	
0	[SLAMPOS]	0	-21.030	260.380	0	142.170	0	0	
0	[SLAMPOS]	0	-21.020	260.380	0	142.170	0	0	
0	[SLAMPOS]	0	-21.020	260.380	0	142.170	0	0	
0	[SLAMPOS]	0	-21.010	260.390	0	142.160	0	0	
0	[SLAMPOS]	0	-21.010	260.380	0	142.160	0	0	
0	[SLAMPOS]	0	-21.020	260.400	0	142.160	0	0	
0	[SLAMPOS]	0	-21.030	260.410	0	142.160	0	0	
0	[SLAMPOS]	0	-21.040	260.430	0	142.160	0	0	
0	[SLAMPOS]	0	-21.050	260.440	0	142.160	0	0	
0	[SLAMPOS]	0	-21.050	260.440	0	142.160	0	0	
0	[SLAMPOS]	0	-21.050	260.440	0	142.160	0	0	
0	[SLAMPOS]	0	-21.040	260.420	0	142.150	0	0	
0	[SLAMPOS]	0	-21.040	260.420	0	142.150	0	0	
0	[SLAMPOS]	0	-21.040	260.410	0	142.150	0	0	
0	[SLAMPOS]	0	-21.030	260.400	0	142.150	0	0	
0	[SLAMPOS]	0	-21.030	260.400	0	142.150	0	0	
0	[SLAMPOS]	0	-21.030	260.400	0	142.160	0	0	
0	[SLAMPOS]	0	-21.030	260.400	0	142.150	0	0	
0	[SLAMPOS]	0	-21.030	260.400	0	142.150	0	0	
0	[SLAMPOS]	0	-21.030	260.400	0	142.150	0	0	
0	[SLAMPOS]	0	-21.030	260.400	0	142.150	0	0	
0	[SLAMPOS]	0	-21.030	260.410	0	142.150	0	0	
0	[SLAMPOS]	0	-21.030	260.410	0	142.150	0	0	
0	[SLAMPOS]	0	-21.040	260.420	0	142.150	0	0	
0	[SLAMPOS]	0	-21.040	260.420	0	142.150	0	0	
0	[SLAMPOS]	0	-21.040	260.420	0	142.150	0	0	
0	[SLAMPOS]	0	-21.040	260.420	0	142.140	0	0	
0	[SLAMPOS]	0	-21.040	260.420	0	142.140	0	0	
0	[SLAMPOS]	0	-21.040	260.420	0	142.140	0	0	
0	[SLAMPOS]	0	-21.040	260.420	0	142.140	0	0	
0	[SLAMPOS]	0	-21.040	260.420	0	142.140	0	0	
0	[SLAMPOS]	0	-21.040	260.420	0	142.140	0	0	
0	[SLAMPOS]	0	-21.040	260.420	0	142.140	0	0	
0	[SLAMPOS]	0	-21.040	260.420	0	142.140	0	0	
0	[SLAMPOS]	0	-21.050	260.420	0	142.130	0	0	
0	[SLAMPOS]	0	-21.050	260.420	0	142.130	0	0	
0	[SLAMPOS]	0	-21.050	260.420	0	142.130	0	0	
0	[SLAMPOS]	0	-21.050	260.420	0	142.130	0	0	
0	[SLAMPOS]	0	-21.050	260.420	0	142.130	0	0	
0	[SLAMPOS]	0	-21.050	260.420	0	142.130	0	0	
0	[SLAMPOS]	0	-21.050	260.420	0	142.120	0	0	
0	[SLAMPOS]	0	-21.050	260.420	0	142.130	0	0	
0	[SLAMPOS]	0	-21.050	260.420	0	142.130	0	0	
0	[SLAMPOS]	0	-21.050	260.420	0	142.130	0	0	
0	[SLAMPOS]	0	-21.050	260.420	0	142.130	0	0	
0	[SLAMPOS]	0	-21.050	260.430	0	142.120	0	0	
0	[SLAMPOS]	0	-21.050	260.430	0	142.130	0	0	
0	[SLAMPOS]	0	-21.050	260.430	0	142.120	0	0	
0	[SLAMPOS]	0	-21.050	260.430	0	142.120	0	0	
0	[SLAMPOS]	0	-21.050	260.430	0	142.120	0	0	
0	[SLAMPOS]	0	-21.050	260.430	0	142.130	0	0	
0	[SLAMPOS]	0	-21.050	260.430	0	142.120	0	0	
0	[SLAMPOS]	0	-21.050	260.430	0	142.120	0	0	
0	[SLAMPOS]	0	-21.050	260.430	0	142.120	0	0	
0	[SLAMPOS]	0	-21.050	260.430	0	142.120	0	0	
0	[SLAMPOS]	0	-21.050	260.430	0	142.120	0	0	
0	[SLAMPOS]	0	-21.050	260.430	0	142.120	0	0	
0	[SLAMPOS]	0	-21.050	260.430	0	142.120	0	0	
0	[SLAMPOS]	0	-21.050	260.430	0	142.120	0	0	
0	[SLAMPOS]	0	-21.050	260.430	0	142.120	0	0	
0	[SLAMPOS]	0	-21.050	260.430	0	142.120	0	0	
0	[SLAMPOS]	0	-21.050	260.430	0	142.120	0	0	
0	[SLAMPOS]	0	-21.050	260.430	0	142.110	0	0	
0	[SLAMPOS]	0	-21.050	260.430	0	142.110	0	0	
0	[SLAMPOS]	0	-21.050	260.430	0	142.120	0	0	
0	[SLAMPOS]	0	-21.050	260.430	0	142.120	0	0	
0	[SLAMPOS]	0	-21.050	260.430	0	142.120	0	0	
0	[SLAMPOS]	0	-21.050	260.430	0	142.110	0	0	
0	[SLAMPOS]	0	-21.050	260.430	0	142.110	0	0	
0	[SLAMPOS]	0	-21.050	260.430	0	142.110	0	0	
0	[SLAMPOS]	0	-21.050	260.430	0	142.110	0	0	
0	[SLAMPOS]	0	-21.050	260.430	0	142.110	0	0	
0	[SLAMPOS]	0	-21.050	260.430	0	142.110	0	0	
0	[SLAMPOS]	0	-21.050	260.430	0	142.110	0	0	
0	[SLAMPOS]	0	-21.050	260.430	0	142.110	0	0	
0	[SLAMPOS]	0	-21.050	260.430	0	142.110	0	0	
0	[SLAMPOS]	0	-21.050	260.430	0	142.110	0	0	
0	[SLAMPOS]	0	-21.050	260.430	0	142.110	0	0	
0	[SLAMPOS]	0	-21.050	260.430	0	142.110	0	0	
0	[SLAMPOS]	0	-21.060	260.430	0	142.110	0	0	
0	[SLAMPOS]	0	-21.060	260.430	0	142.110	0	0	
0	[SLAMPOS]	0	-21.060	260.430	0	142.110	0	0	
0	[SLAMPOS]	0	-21.060	260.430	0	142.110	0	0	
0	[SLAMPOS]	0	-21.050	260.430	0	142.110	0	0	
0	[SLAMPOS]	0	-21.050	260.430	0	142.110	0	0	
0	[SLAMPOS]	0	-21.050	260.430	0	142.110	0	0	
0	[SLAMPOS]	0	-21.060	260.430	0	142.110	0	0	
0	[SLAMPOS]	0	-21.060	260.430	0	142.100	0	0	
0	[SLAMPOS]	0	-21.060	260.430	0	142.100	0	0	
0	[SLAMPOS]	0	-21.050	260.430	0	142.100	0	0	
0	[SLAMPOS]	0	-21.050	260.430	0	142.100	0	0	
0	[SLAMPOS]	0	-21.050	260.430	0	142.100	0	0	
0	[SLAMPOS]	0	-21.050	260.430	0	142.100	0	0	
0	[SLAMPOS]	0	-21.050	260.430	0	142.100	0	0	
0	[SLAMPOS]	0	-21.050	260.430	0	142.100	0	0	
0	[SLAMPOS]	0	-21.050	260.430	0	142.100	0	0	
0	[SLAMPOS]	0	-21.050	260.430	0	142.100	0	0	
0	[SLAMPOS]	0	-21.060	260.430	0	142.100	0	0	
0	[SLAMPOS]	0	-21.060	260.430	0	142.100	0	0	
0	[SLAMPOS]	0	-21.060	260.430	0	142.100	0	0	
0	[SLAMPOS]	0	-21.060	260.430	0	142.090	0	0	
0	[SLAMPOS]	0	-21.060	260.430	0	142.090	0	0	
0	[SLAMPOS]	0	-21.060	260.430	0	142.090	0	0	
0	[SLAMPOS]	0	-21.060	260.430	0	142.090	0	0	
0	[SLAMPOS]	0	-21.060	260.430	0	142.090	0	0	
0	[SLAMPOS]	0	-21.050	260.440	0	142.090	0	0	
0	[SLAMPOS]	0	-21.050	260.440	0	142.090	0	0	
0	[SLAMPOS]	0	-21.050	260.440	0	142.090	0	0	
0	[SLAMPOS]	0	-21.050	260.430	0	142.090	0	0	
0	[SLAMPOS]	0	-21.060	260.430	0	142.090	0	0	
0	[SLAMPOS]	0	-21.060	260.440	0	142.090	0	0	
0	[SLAMPOS]	0	-21.060	260.430	0	142.090	0	0	
0	[SLAMPOS]	0	-21.060	260.430	0	142.090	0	0	
0	[SLAMPOS]	0	-21.060	260.440	0	142.090	0	0	
0	[SLAMPOS]	0	-21.060	260.440	0	142.090	0	0	
0	[SLAMPOS]	0	-21.060	260.440	0	142.090	0	0	
0	[SLAMPOS]	0	-21.060	260.440	0	142.090	0	0	
0	[SLAMPOS]	0	-21.060	260.430	0	142.090	0	0	
0	[SLAMPOS]	0	-21.060	260.430	0	142.090	0	0	
0	[SLAMPOS]	0	-21.060	260.440	0	142.090	0	0	
0	[SLAMPOS]	0	-21.060	260.440	0	142.090	0	0	
0	[SLAMPOS]	0	-21.060	260.430	0	142.090	0	0	
0	[SLAMPOS]	0	-21.060	260.430	0	142.090	0	0	
0	[SLAMPOS]	0	-21.060	260.430	0	142.080	0	0	
0	[SLAMPOS]	0	-21.060	260.430	0	142.080	0	0	
0	[SLAMPOS]	0	-21.060	260.430	0	142.080	0	0	
0	[SLAMPOS]	0	-21.060	260.430	0	142.080	0	0	
0	[SLAMPOS]	0	-21.060	260.440	0	142.080	0	0	
0	[SLAMPOS]	0	-21.060	260.440	0	142.080	0	0	
0	[SLAMPOS]	0	-21.060	260.440	0	142.080	0	0	
0	[SLAMPOS]	0	-21.060	260.430	0	142.080	0	0	
0	[SLAMPOS]	0	-21.060	260.430	0	142.080	0	0	
0	[SLAMPOS]	0	-21.060	260.440	0	142.080	0	0	
0	[SLAMPOS]	0	-21.060	260.440	0	142.080	0	0	
0	[SLAMPOS]	0	-21.060	260.440	0	142.080	0	0	
0	[SLAMPOS]	0	-21.050	260.440	0	142.080	0	0	
0	[SLAMPOS]	0	-21.050	260.440	0	142.080	0	0	
0	[SLAMPOS]	0	-21.060	260.440	0	142.080	0	0	
0	[SLAMPOS]	0	-21.060	260.440	0	142.080	0	0	
0	[SLAMPOS]	0	-21.060	260.440	0	142.080	0	0	
0	[SLAMPOS]	0	-21.060	260.440	0	142.080	0	0	
0	[SLAMPOS]	0	-21.060	260.440	0	142.070	0	0	
0	[SLAMPOS]	0	-21.060	260.440	0	142.070	0	0	
0	[SLAMPOS]	0	-21.060	260.440	0	142.070	0	0	
0	[SLAMPOS]	0	-21.060	260.440	0	142.070	0	0	
0	[SLAMPOS]	0	-21.060	260.430	0	142.070	0	0	
0	[SLAMPOS]	0	-21.060	260.430	0	142.070	0	0	
0	[SLAMPOS]	0	-21.060	260.430	0	142.070	0	0	
0	[SLAMPOS]	0	-21.060	260.430	0	142.070	0	0	
0	[SLAMPOS]	0	-21.060	260.430	0	142.070	0	0	
0	[SLAMPOS]	0	-21.050	260.430	0	142.070	0	0	
0	[SLAMPOS]	0	-21.050	260.440	0	142.070	0	0	
0	[SLAMPOS]	0	-21.050	260.440	0	142.070	0	0	
0	[SLAMPOS]	0	-21.050	260.440	0	142.070	0	0	
0	[SLAMPOS]	0	-21.060	260.440	0	142.070	0	0	
0	[SLAMPOS]	0	-21.060	260.440	0	142.070	0	0	
0	[SLAMPOS]	0	-21.050	260.440	0	142.070	0	0	
0	[SLAMPOS]	0	-21.060	260.440	0	142.060	0	0	
0	[SLAMPOS]	0	-21.060	260.440	0	142.060	0	0	
0	[SLAMPOS]	0	-21.060	260.440	0	142.060	0	0	
0	[SLAMPOS]	0	-21.060	260.440	0	142.060	0	0	
0	[SLAMPOS]	0	-21.060	260.440	0	142.060	0	0	
0	[SLAMPOS]	0	-21.060	260.440	0	142.060	0	0	
0	[SLAMPOS]	0	-21.060	260.440	0	142.060	0	0	
0	[SLAMPOS]	0	-21.060	260.440	0	142.060	0	0	
0	[SLAMPOS]	0	-21.060	260.440	0	142.060	0	0	
0	[SLAMPOS]	0	-21.060	260.440	0	142.060	0	0	
0	[SLAMPOS]	0	-21.060	260.440	0	142.060	0	0	
0	[SLAMPOS]	0	-21.060	260.440	0	142.060	0	0	
0	[SLAMPOS]	0	-21.060	260.440	0	142.060	0	0	
0	[SLAMPOS]	0	-21.060	260.440	0	142.060	0	0	
0	[SLAMPOS]	0	-21.060	260.440	0	142.060	0	0	
0	[SLAMPOS]	0	-21.060	260.440	0	142.060	0	0	
0	[SLAMPOS]	0	-21.060	260.440	0	142.060	0	0	
0	[SLAMPOS]	0	-21.060	260.440	0	142.060	0	0	
0	[SLAMPOS]	0	-21.050	260.440	0	142.060	0	0	
0	[SLAMPOS]	0	-21.050	260.440	0	142.060	0	0	
0	[SLAMPOS]	0	-21.060	260.440	0	142.060	0	0	
0	[SLAMPOS]	0	-21.050	260.430	0	142.060	0	0	
0	[SLAMPOS]	0	-21.050	260.440	0	142.060	0	0	
0	[SLAMPOS]	0	-21.050	260.440	0	142.060	0	0	
0	[SLAMPOS]	0	-21.050	260.430	0	142.050	0	0	
0	[SLAMPOS]	0	-21.050	260.430	0	142.050	0	0	
0	[SLAMPOS]	0	-21.060	260.440	0	142.050	0	0	
0	[SLAMPOS]	0	-21.060	260.440	0	142.050	0	0	
0	[SLAMPOS]	0	-21.060	260.440	0	142.050	0	0	
0	[SLAMPOS]	0	-21.050	260.440	0	142.050	0	0	
0	[SLAMPOS]	0	-21.060	260.440	0	142.050	0	0	
0	[SLAMPOS]	0	-21.060	260.440	0	142.050	0	0	
0	[SLAMPOS]	0	-21.050	260.440	0	142.050	0	0	
0	[SLAMPOS]	0	-21.050	260.440	0	142.050	0	0	
0	[SLAMPOS]	0	-21.060	260.440	0	142.050	0	0	
0	[SLAMPOS]	0	-21.060	260.440	0	142.040	0	0	
0	[SLAMPOS]	0	-21.060	260.440	0	142.040	0	0	
0	[SLAMPOS]	0	-21.060	260.440	0	142.040	0	0	
0	[SLAMPOS]	0	-21.060	260.440	0	142.040	0	0	
0	[SLAMPOS]	0	-21.060	260.440	0	142.040	0	0	
0	[SLAMPOS]	0	-21.060	260.440	0	142.040	0	0	
0	[SLAMPOS]	0	-21.060	260.440	0	142.040	0	0	
0	[SLAMPOS]	0	-21.060	260.440	0	142.040	0	0	
0	[SLAMPOS]	0	-21.060	260.440	0	142.040	0	0	
0	[SLAMPOS]	0	-21.060	260.440	0	142.040	0	0	
0	[SLAMPOS]	0	-21.060	260.440	0	142.040	0	0	
0	[SLAMPOS]	0	-21.060	260.440	0	142.040	0	0	
0	[SLAMPOS]	0	-21.060	260.440	0	142.030	0	0	
0	[SLAMPOS]	0	-21.060	260.440	0	142.030	0	0	
0	[SLAMPOS]	0	-21.060	260.440	0	142.030	0	0	
0	[SLAMPOS]	0	-21.050	260.440	0	142.030	0	0	
0	[SLAMPOS]	0	-21.050	260.440	0	142.030	0	0	
0	[SLAMPOS]	0	-21.060	260.440	0	142.030	0	0	
0	[SLAMPOS]	0	-21.050	260.440	0	142.020	0	0	
0	[SLAMPOS]	0	-21.050	260.440	0	142.020	0	0	
0	[SLAMPOS]	0	-21.050	260.440	0	142.020	0	0	
0	[SLAMPOS]	0	-21.050	260.440	0	142.020	0	0	
0	[SLAMPOS]	0	-21.050	260.440	0	142.020	0	0	
0	[SLAMPOS]	0	-21.050	260.440	0	142.020	0	0	
0	[SLAMPOS]	0	-21.050	260.440	0	142.020	0	0	
0	[SLAMPOS]	0	-21.050	260.440	0	142.020	0	0	
0	[SLAMPOS]	0	-21.050	260.440	0	142.030	0	0	
0	[SLAMPOS]	0	-21.050	260.440	0	142.030	0	0	
0	[SLAMPOS]	0	-21.050	260.440	0	142.020	0	0	
0	[SLAMPOS]	0	-21.050	260.440	0	142.020	0	0	
0	[SLAMPOS]	0	-21.050	260.440	0	142.020	0	0	
0	[SLAMPOS]	0	-21.050	260.440	0	142.020	0	0	
0	[SLAMPOS]	0	-21.050	260.440	0	142.020	0	0	
0	[SLAMPOS]	0	-21.060	260.440	0	142.020	0	0	
0	[SLAMPOS]	0	-21.060	260.430	0	142.020	0	0	
0	[SLAMPOS]	0	-21.060	260.430	0	142.020	0	0	
0	[SLAMPOS]	0	-21.060	260.430	0	142.020	0	0	
0	[SLAMPOS]	0	-21.060	260.430	0	142.020	0	0	
0	[SLAMPOS]	0	-21.060	260.430	0	142.020	0	0	
0	[SLAMPOS]	0	-21.060	260.430	0	142.020	0	0	
0	[SLAMPOS]	0	-21.060	260.430	0	142.020	0	0	
0	[SLAMPOS]	0	-21.060	260.430	0	142.020	0	0	
0	[SLAMPOS]	0	-21.060	260.440	0	142.020	0	0	
0	[SLAMPOS]	0	-21.060	260.430	0	142.010	0	0	
0	[SLAMPOS]	0	-21.060	260.430	0	142.010	0	0	
0	[SLAMPOS]	0	-21.060	260.430	0	142.020	0	0	
0	[SLAMPOS]	0	-21.060	260.430	0	142.010	0	0	
0	[SLAMPOS]	0	-21.060	260.430	0	142.010	0	0	
0	[SLAMPOS]	0	-21.060	260.440	0	142.010	0	0	
0	[SLAMPOS]	0	-21.060	260.440	0	142.010	0	0	
0	[SLAMPOS]	0	-21.060	260.440	0	142.010	0	0	
0	[SLAMPOS]	0	-21.060	260.440	0	142.010	0	0	
0	[SLAMPOS]	0	-21.060	260.440	0	142.010	0	0	
0	[SLAMPOS]	0	-21.060	260.440	0	142.010	0	0	
0	[SLAMPOS]	0	-21.060	260.440	0	142.010	0	0	
0	[SLAMPOS]	0	-21.060	260.440	0	142.010	0	0	
0	[SLAMPOS]	0	-21.060	260.440	0	142.010	0	0	
0	[SLAMPOS]	0	-21.060	260.440	0	142.010	0	0	
0	[SLAMPOS]	0	-21.060	260.440	0	142.010	0	0	
0	[SLAMPOS]	0	-21.060	260.440	0	142.000	0	0	
0	[SLAMPOS]	0	-21.060	260.440	0	142.000	0	0	
0	[SLAMPOS]	0	-21.060	260.440	0	142.000	0	0	
0	[SLAMPOS]	0	-21.060	260.440	0	142.000	0	0	
0	[SLAMPOS]	0	-21.060	260.440	0	142.000	0	0	
0	[SLAMPOS]	0	-21.060	260.430	0	142.000	0	0	
0	[SLAMPOS]	0	-21.060	260.430	0	142.000	0	0	
0	[SLAMPOS]	0	-21.060	260.440	0	142.000	0	0	
0	[SLAMPOS]	0	-21.060	260.430	0	142.000	0	0	
0	[SLAMPOS]	0	-21.060	260.430	0	142.000	0	0	
0	[SLAMPOS]	0	-21.060	260.430	0	141.990	0	0	
0	[SLAMPOS]	0	-21.060	260.430	0	141.990	0	0	
0	[SLAMPOS]	0	-21.060	260.430	0	141.990	0	0	
0	[SLAMPOS]	0	-21.060	260.440	0	141.990	0	0	
0	[SLAMPOS]	0	-21.060	260.440	0	141.990	0	0	
0	[SLAMPOS]	0	-21.060	260.440	0	141.990	0	0	
0	[SLAMPOS]	0	-21.060	260.440	0	141.990	0	0	
0	[SLAMPOS]	0	-21.060	260.440	0	141.990	0	0	
0	[SLAMPOS]	0	-21.060	260.440	0	141.990	0	0	
0	[SLAMPOS]	0	-21.060	260.440	0	141.990	0	0	
0	[SLAMPOS]	0	-21.060	260.440	0	141.990	0	0	
0	[SLAMPOS]	0	-21.060	260.440	0	141.990	0	0	
0	[SLAMPOS]	0	-21.060	260.440	0	141.980	0	0	
0	[SLAMPOS]	0	-21.050	260.440	0	141.980	0	0	
0	[SLAMPOS]	0	-21.060	260.440	0	141.980	0	0	
0	[SLAMPOS]	0	-21.060	260.440	0	141.980	0	0	
0	[SLAMPOS]	0	-21.060	260.430	0	141.980	0	0	
0	[SLAMPOS]	0	-21.060	260.430	0	141.980	0	0	
0	[SLAMPOS]	0	-21.060	260.430	0	141.980	0	0	
0	[SLAMPOS]	0	-21.050	260.430	0	141.980	0	0	
0	[SLAMPOS]	0	-21.050	260.430	0	141.980	0	0	
0	[SLAMPOS]	0	-21.060	260.430	0	141.980	0	0	
0	[SLAMPOS]	0	-21.060	260.430	0	141.980	0	0	
0	[SLAMPOS]	0	-21.060	260.430	0	141.980	0	0	
0	[SLAMPOS]	0	-21.060	260.440	0	141.970	0	0	
0	[SLAMPOS]	0	-21.060	260.430	0	141.970	0	0	
0	[SLAMPOS]	0	-21.060	260.430	0	141.970	0	0	
0	[SLAMPOS]	0	-21.060	260.440	0	141.970	0	0	
0	[SLAMPOS]	0	-21.060	260.440	0	141.970	0	0	
0	[SLAMPOS]	0	-21.060	260.430	0	141.970	0	0	
0	[SLAMPOS]	0	-21.050	260.430	0	141.970	0	0	
0	[SLAMPOS]	0	-21.050	260.430	0	141.970	0	0	
0	[SLAMPOS]	0	-21.040	260.420	0	141.970	0	0	
0	[SLAMPOS]	0	-21.040	260.410	0	141.960	0	0	
0	[SLAMPOS]	0	-21.030	260.400	0	141.970	0	0	
0	[SLAMPOS]	0	-21.020	260.380	0	141.970	0	0	
0	[SLAMPOS]	0	-21.020	260.380	0	141.970	0	0	
0	[SLAMPOS]	0	-21.010	260.370	0	141.970	0	0	
0	[SLAMPOS]	0	-21.000	260.360	0	141.970	0	0	
0	[SLAMPOS]	0	-21.000	260.360	0	141.970	0	0	
0	[SLAMPOS]	0	-20.990	260.340	0	141.970	0	0	
0	[SLAMPOS]	0	-20.980	260.330	0	141.970	0	0	
0	[SLAMPOS]	0	-20.970	260.330	0	141.970	0	0	
0	[SLAMPOS]	0	-20.960	260.300	0	141.970	0	0	
0	[SLAMPOS]	0	-20.950	260.300	0	141.970	0	0	
0	[SLAMPOS]	0	-20.930	260.270	0	141.970	0	0	
0	[SLAMPOS]	0	-20.900	260.220	0	141.970	0	0	
0	[SLAMPOS]	0	-20.890	260.210	0	141.970	0	0	
0	[SLAMPOS]	0	-20.870	260.180	0	141.970	0	0	
0	[SLAMPOS]	0	-20.840	260.130	0	141.980	0	0	
0	[SLAMPOS]	0	-20.830	260.120	0	141.970	0	0	
0	[SLAMPOS]	0	-20.800	260.090	0	141.980	0	0	
0	[SLAMPOS]	0	-20.800	260.080	0	141.980	0	0	
0	[SLAMPOS]	0	-20.760	260.030	0	141.970	0	0	
0	[SLAMPOS]	0	-20.730	259.990	0	141.970	0	0	
0	[SLAMPOS]	0	-20.720	259.980	0	141.970	0	0	
0	[SLAMPOS]	0	-20.690	259.930	0	141.960	0	0	
0	[SLAMPOS]	0	-20.660	259.890	0	141.950	0	0	
0	[SLAMPOS]	0	-20.640	259.870	0	141.950	0	0	
0	[SLAMPOS]	0	-20.580	259.790	0	141.940	0	0	
0	[SLAMPOS]	0	-20.570	259.760	0	141.940	0	0	
0	[SLAMPOS]	0	-20.530	259.720	0	141.930	0	0	
0	[SLAMPOS]	0	-20.480	259.660	0	141.920	0	0	
0	[SLAMPOS]	0	-20.470	259.630	0	141.920	0	0	
0	[SLAMPOS]	0	-20.430	259.590	0	141.910	0	0	
0	[SLAMPOS]	0	-20.380	259.530	0	141.890	0	0	
0	[SLAMPOS]	0	-20.370	259.510	0	141.890	0	0	
0	[SLAMPOS]	0	-20.320	259.450	0	141.870	0	0	
0	[SLAMPOS]	0	-20.310	259.440	0	141.870	0	0	
0	[SLAMPOS]	0	-20.250	259.370	0	141.850	0	0	
0	[SLAMPOS]	0	-20.210	259.310	0	141.840	0	0	
0	[SLAMPOS]	0	-20.150	259.230	0	141.830	0	0	
0	[SLAMPOS]	0	-20.130	259.200	0	141.820	0	0	
0	[SLAMPOS]	0	-20.040	259.080	0	141.790	0	0	
0	[SLAMPOS]	0	-20.050	259.090	0	141.800	0	0	
0	[SLAMPOS]	0	-19.950	258.970	0	141.760	0	0	
0	[SLAMPOS]	0	-19.930	258.920	0	141.760	0	0	
0	[SLAMPOS]	0	-19.870	258.840	0	141.740	0	0	
0	[SLAMPOS]	0	-19.800	258.740	0	141.730	0	0	
0	[SLAMPOS]	0	-19.780	258.720	0	141.730	0	0	
0	[SLAMPOS]	0	-19.710	258.610	0	141.710	0	0	
0	[SLAMPOS]	0	-19.630	258.500	0	141.680	0	0	
0	[SLAMPOS]	0	-19.600	258.470	0	141.670	0	0	
0	[SLAMPOS]	0	-19.520	258.360	0	141.660	0	0	
0	[SLAMPOS]	0	-19.440	258.250	0	141.650	0	0	
0	[SLAMPOS]	0	-19.380	258.170	0	141.630	0	0	
0	[SLAMPOS]	0	-19.260	258.020	0	141.570	0	0	
0	[SLAMPOS]	0	-19.220	257.970	0	141.560	0	0	
0	[SLAMPOS]	0	-19.130	257.860	0	141.550	0	0	
0	[SLAMPOS]	0	-19.030	257.730	0	141.540	0	0	
0	[SLAMPOS]	0	-18.980	257.660	0	141.540	0	0	
0	[SLAMPOS]	0	-18.890	257.550	0	141.490	0	0	
0	[SLAMPOS]	0	-18.770	257.400	0	141.460	0	0	
0	[SLAMPOS]	0	-18.730	257.350	0	141.450	0	0	
0	[SLAMPOS]	0	-18.600	257.190	0	141.400	0	0	
0	[SLAMPOS]	0	-18.470	257.020	0	141.350	0	0	
0	[SLAMPOS]	0	-18.450	256.990	0	141.350	0	0	
0	[SLAMPOS]	0	-18.310	256.820	0	141.330	0	0	
0	[SLAMPOS]	0	-18.270	256.780	0	141.320	0	0	
0	[SLAMPOS]	0	-18.150	256.600	0	141.340	0	0	
0	[SLAMPOS]	0	-18.030	256.450	0	141.330	0	0	
0	[SLAMPOS]	0	-17.960	256.350	0	141.350	0	0	
0	[SLAMPOS]	0	-17.780	256.110	0	141.350	0	0	
0	[SLAMPOS]	0	-17.720	256.030	0	141.360	0	0	
0	[SLAMPOS]	0	-17.600	255.880	0	141.390	0	0	
0	[SLAMPOS]	0	-17.470	255.680	0	141.440	0	0	
0	[SLAMPOS]	0	-17.440	255.640	0	141.450	0	0	
0	[SLAMPOS]	0	-17.310	255.440	0	141.530	0	0	
0	[SLAMPOS]	0	-17.170	255.260	0	141.550	0	0	
0	[SLAMPOS]	0	-17.130	255.210	0	141.560	0	0	
0	[SLAMPOS]	0	-17.000	255.020	0	141.610	0	0	
0	[SLAMPOS]	0	-16.880	254.850	0	141.640	0	0	
0	[SLAMPOS]	0	-16.820	254.790	0	141.640	0	0	
0	[SLAMPOS]	0	-16.610	254.500	0	141.690	0	0	
0	[SLAMPOS]	0	-16.550	254.430	0	141.680	0	0	
0	[SLAMPOS]	0	-16.420	254.260	0	141.700	0	0	
0	[SLAMPOS]	0	-16.280	254.070	0	141.760	0	0	
0	[SLAMPOS]	0	-16.230	254.000	0	141.770	0	0	
0	[SLAMPOS]	0	-16.080	253.810	0	141.820	0	0	
0	[SLAMPOS]	0	-16.030	253.740	0	141.810	0	0	
0	[SLAMPOS]	0	-15.970	253.660	0	141.800	0	0	
0	[SLAMPOS]	0	-15.760	253.390	0	141.840	0	0	
0	[SLAMPOS]	0	-15.720	253.330	0	141.860	0	0	
0	[SLAMPOS]	0	-15.580	253.160	0	141.870	0	0	
0	[SLAMPOS]	0	-15.450	252.970	0	141.890	0	0	
0	[SLAMPOS]	0	-15.410	252.920	0	141.900	0	0	
0	[SLAMPOS]	0	-15.270	252.730	0	141.920	0	0	
0	[SLAMPOS]	0	-15.140	252.560	0	141.940	0	0	
0	[SLAMPOS]	0	-15.090	252.490	0	141.970	0	0	
0	[SLAMPOS]	0	-14.870	252.190	0	141.990	0	0	
0	[SLAMPOS]	0	-14.810	252.120	0	141.980	0	0	
0	[SLAMPOS]	0	-14.680	251.950	0	141.990	0	0	
0	[SLAMPOS]	0	-14.530	251.740	0	142.010	0	0	
0	[SLAMPOS]	0	-14.480	251.670	0	142.030	0	0	
0	[SLAMPOS]	0	-14.360	251.500	0	142.060	0	0	
0	[SLAMPOS]	0	-14.210	251.290	0	142.070	0	0	
0	[SLAMPOS]	0	-14.170	251.240	0	142.070	0	0	
0	[SLAMPOS]	0	-14.020	251.030	0	142.090	0	0	
0	[SLAMPOS]	0	-13.980	250.980	0	142.090	0	0	
0	[SLAMPOS]	0	-13.830	250.780	0	142.100	0	0	
0	[SLAMPOS]	0	-13.600	250.480	0	142.090	0	0	
0	[SLAMPOS]	0	-13.550	250.400	0	142.100	0	0	
0	[SLAMPOS]	0	-13.410	250.220	0	142.110	0	0	
0	[SLAMPOS]	0	-13.260	250.010	0	142.100	0	0	
0	[SLAMPOS]	0	-13.220	249.960	0	142.090	0	0	
0	[SLAMPOS]	0	-13.060	249.740	0	142.070	0	0	
0	[SLAMPOS]	0	-13.020	249.690	0	142.060	0	0	
0	[SLAMPOS]	0	-12.860	249.470	0	142.040	0	0	
0	[SLAMPOS]	0	-12.710	249.260	0	142.020	0	0	
0	[SLAMPOS]	0	-12.660	249.200	0	142.000	0	0	
0	[SLAMPOS]	0	-12.500	248.990	0	141.950	0	0	
0	[SLAMPOS]	0	-12.360	248.800	0	141.900	0	0	
0	[SLAMPOS]	0	-12.300	248.710	0	141.880	0	0	
0	[SLAMPOS]	0	-12.050	248.380	0	141.770	0	0	
0	[SLAMPOS]	0	-11.980	248.310	0	141.730	0	0	
0	[SLAMPOS]	0	-11.830	248.110	0	141.630	0	0	
0	[SLAMPOS]	0	-11.670	247.900	0	141.540	0	0	
0	[SLAMPOS]	0	-11.620	247.840	0	141.490	0	0	
0	[SLAMPOS]	0	-11.450	247.610	0	141.370	0	0	
0	[SLAMPOS]	0	-11.300	247.420	0	141.240	0	0	
0	[SLAMPOS]	0	-11.240	247.330	0	141.190	0	0	
0	[SLAMPOS]	0	-11.060	247.100	0	141.010	0	0	
0	[SLAMPOS]	0	-10.910	246.910	0	140.810	0	0	
0	[SLAMPOS]	0	-10.840	246.810	0	140.730	0	0	
0	[SLAMPOS]	0	-10.550	246.460	0	140.300	0	0	
0	[SLAMPOS]	0	-10.510	246.400	0	140.230	0	0	
0	[SLAMPOS]	0	-10.340	246.200	0	139.930	0	0	
0	[SLAMPOS]	0	-10.150	245.970	0	139.580	0	0	
0	[SLAMPOS]	0	-10.110	245.920	0	139.470	0	0	
0	[SLAMPOS]	0	-9.920	245.680	0	139.010	0	0	
0	[SLAMPOS]	0	-9.770	245.500	0	138.610	0	0	
0	[SLAMPOS]	0	-9.690	245.400	0	138.400	0	0	
0	[SLAMPOS]	0	-9.400	245.070	0	137.610	0	0	
0	[SLAMPOS]	0	-9.320	244.980	0	137.400	0	0	
0	[SLAMPOS]	0	-9.230	244.880	0	137.140	0	0	
0	[SLAMPOS]	0	-8.940	244.570	0	136.230	0	0	
0	[SLAMPOS]	0	-8.860	244.480	0	135.980	0	0	
0	[SLAMPOS]	0	-8.680	244.290	0	135.430	0	0	
0	[SLAMPOS]	0	-8.470	244.080	0	134.790	0	0	
0	[SLAMPOS]	0	-8.410	244.030	0	134.580	0	0	
0	[SLAMPOS]	0	-8.190	243.810	0	133.860	0	0	
0	[SLAMPOS]	0	-8.130	243.750	0	133.620	0	0	
0	[SLAMPOS]	0	-7.910	243.550	0	132.900	0	0	
0	[SLAMPOS]	0	-7.720	243.370	0	132.220	0	0	
0	[SLAMPOS]	0	-7.630	243.290	0	131.920	0	0	
0	[SLAMPOS]	0	-7.400	243.100	0	131.150	0	0	
0	[SLAMPOS]	0	-7.200	242.930	0	130.440	0	0	
0	[SLAMPOS]	0	-7.100	242.850	0	130.110	0	0	
0	[SLAMPOS]	0	-6.750	242.570	0	128.880	0	0	
0	[SLAMPOS]	0	-6.640	242.480	0	128.510	0	0	
0	[SLAMPOS]	0	-6.430	242.320	0	127.780	0	0	
0	[SLAMPOS]	0	-6.200	242.160	0	126.990	0	0	
0	[SLAMPOS]	0	-6.130	242.110	0	126.730	0	0	
0	[SLAMPOS]	0	-5.870	241.920	0	125.820	0	0	
0	[SLAMPOS]	0	-5.660	241.770	0	125.030	0	0	
0	[SLAMPOS]	0	-5.560	241.710	0	124.690	0	0	
0	[SLAMPOS]	0	-5.290	241.530	0	123.720	0	0	
0	[SLAMPOS]	0	-5.100	241.400	0	122.960	0	0	
0	[SLAMPOS]	0	-4.870	241.260	0	122.080	0	0	
0	[SLAMPOS]	0	-4.600	241.100	0	121.070	0	0	
0	[SLAMPOS]	0	-4.530	241.060	0	120.780	0	0	
0	[SLAMPOS]	0	-4.260	240.890	0	119.750	0	0	
0	[SLAMPOS]	0	-3.980	240.750	0	118.750	0	0	
0	[SLAMPOS]	0	-3.910	240.710	0	118.480	0	0	
0	[SLAMPOS]	0	-3.620	240.570	0	117.450	0	0	
0	[SLAMPOS]	0	-3.380	240.450	0	116.590	0	0	
0	[SLAMPOS]	0	-3.240	240.390	0	116.130	0	0	
0	[SLAMPOS]	0	-2.990	240.270	0	115.250	0	0	
0	[SLAMPOS]	0	-2.700	240.150	0	114.290	0	0	
0	[SLAMPOS]	0	-2.590	240.100	0	113.940	0	0	
0	[SLAMPOS]	0	-2.340	240.000	0	113.170	0	0	
0	[SLAMPOS]	0	-2.030	239.870	0	112.200	0	0	
0	[SLAMPOS]	0	-1.760	239.760	0	111.370	0	0	
0	[SLAMPOS]	0	-1.460	239.650	0	110.470	0	0	
0	[SLAMPOS]	0	-1.380	239.620	0	110.250	0	0	
0	[SLAMPOS]	0	-1.060	239.510	0	109.370	0	0	
0	[SLAMPOS]	0	-0.980	239.480	0	109.130	0	0	
0	[SLAMPOS]	0	-0.650	239.380	0	108.240	0	0	
0	[SLAMPOS]	0	-0.370	239.300	0	107.480	0	0	
0	[SLAMPOS]	0	-0.240	239.260	0	107.150	0	0	
0	[SLAMPOS]	0	0.080	239.160	0	106.300	0	0	
0	[SLAMPOS]	0	0.360	239.080	0	105.550	0	0	
0	[SLAMPOS]	0	0.480	239.050	0	105.230	0	0	
0	[SLAMPOS]	0	0.970	238.930	0	103.920	0	0	
0	[SLAMPOS]	0	1.290	238.860	0	103.090	0	0	
0	[SLAMPOS]	0	1.380	238.830	0	102.840	0	0	
0	[SLAMPOS]	0	1.730	238.760	0	101.960	0	0	
0	[SLAMPOS]	0	1.800	238.750	0	101.770	0	0	
0	[SLAMPOS]	0	2.160	238.680	0	100.840	0	0	
0	[SLAMPOS]	0	2.460	238.630	0	100.040	0	0	
0	[SLAMPOS]	0	2.600	238.610	0	99.680	0	0	
0	[SLAMPOS]	0	3.110	238.530	0	98.360	0	0	
0	[SLAMPOS]	0	3.250	238.510	0	98.020	0	0	
0	[SLAMPOS]	0	3.400	238.490	0	97.690	0	0	
0	[SLAMPOS]	0	3.930	238.430	0	96.360	0	0	
0	[SLAMPOS]	0	4.070	238.410	0	96.020	0	0	
0	[SLAMPOS]	0	4.390	238.390	0	95.250	0	0	
0	[SLAMPOS]	0	4.750	238.360	0	94.430	0	0	
0	[SLAMPOS]	0	4.850	238.350	0	94.190	0	0	
0	[SLAMPOS]	0	5.220	238.330	0	93.340	0	0	
0	[SLAMPOS]	0	5.320	238.330	0	93.100	0	0	
0	[SLAMPOS]	0	5.700	238.310	0	92.230	0	0	
0	[SLAMPOS]	0	6.070	238.300	0	91.390	0	0	
0	[SLAMPOS]	0	6.180	238.300	0	91.120	0	0	
0	[SLAMPOS]	0	6.560	238.300	0	90.260	0	0	
0	[SLAMPOS]	0	6.900	238.300	0	89.470	0	0	
0	[SLAMPOS]	0	7.280	238.310	0	88.600	0	0	
0	[SLAMPOS]	0	7.630	238.320	0	87.810	0	0	
0	[SLAMPOS]	0	8.030	238.340	0	86.940	0	0	
0	[SLAMPOS]	0	8.120	238.350	0	86.730	0	0	
0	[SLAMPOS]	0	8.510	238.380	0	85.930	0	0	
0	[SLAMPOS]	0	8.930	238.420	0	85.110	0	0	
0	[SLAMPOS]	0	9.000	238.420	0	84.910	0	0	
0	[SLAMPOS]	0	9.400	238.460	0	84.160	0	0	
0	[SLAMPOS]	0	9.500	238.470	0	83.920	0	0	
0	[SLAMPOS]	0	9.880	238.510	0	83.240	0	0	
0	[SLAMPOS]	0	10.230	238.560	0	82.520	0	0	
0	[SLAMPOS]	0	10.380	238.580	0	82.280	0	0	
0	[SLAMPOS]	0	10.960	238.660	0	81.130	0	0	
0	[SLAMPOS]	0	11.120	238.690	0	80.900	0	0	
0	[SLAMPOS]	0	11.460	238.750	0	80.210	0	0	
0	[SLAMPOS]	0	11.860	238.820	0	79.560	0	0	
0	[SLAMPOS]	0	11.970	238.840	0	79.290	0	0	
0	[SLAMPOS]	0	12.350	238.920	0	78.730	0	0	
0	[SLAMPOS]	0	12.850	239.020	0	77.910	0	0	
0	[SLAMPOS]	0	13.150	239.090	0	77.460	0	0	
0	[SLAMPOS]	0	13.340	239.130	0	77.160	0	0	
0	[SLAMPOS]	0	13.890	239.260	0	76.250	0	0	
0	[SLAMPOS]	0	14.010	239.290	0	76.090	0	0	
0	[SLAMPOS]	0	14.350	239.380	0	75.530	0	0	
0	[SLAMPOS]	0	14.740	239.480	0	74.920	0	0	
0	[SLAMPOS]	0	15.130	239.580	0	74.300	0	0	
0	[SLAMPOS]	0	15.540	239.700	0	73.680	0	0	
0	[SLAMPOS]	0	15.860	239.790	0	73.170	0	0	
0	[SLAMPOS]	0	16.260	239.910	0	72.560	0	0	
0	[SLAMPOS]	0	16.350	239.940	0	72.400	0	0	
0	[SLAMPOS]	0	16.730	240.060	0	71.830	0	0	
0	[SLAMPOS]	0	16.800	240.080	0	71.700	0	0	
0	[SLAMPOS]	0	17.320	240.260	0	70.860	0	0	
0	[SLAMPOS]	0	17.720	240.400	0	70.220	0	0	
0	[SLAMPOS]	0	18.150	240.560	0	69.510	0	0	
0	[SLAMPOS]	0	18.320	240.630	0	69.220	0	0	
0	[SLAMPOS]	0	18.670	240.770	0	68.670	0	0	
0	[SLAMPOS]	0	19.130	240.960	0	67.930	0	0	
0	[SLAMPOS]	0	19.550	241.130	0	67.300	0	0	
0	[SLAMPOS]	0	19.760	241.210	0	67.040	0	0	
0	[SLAMPOS]	0	20.210	241.410	0	66.440	0	0	
0	[SLAMPOS]	0	20.760	241.650	0	65.760	0	0	
0	[SLAMPOS]	0	21.140	241.830	0	65.360	0	0	
0	[SLAMPOS]	0	21.480	241.990	0	65.080	0	0	
0	[SLAMPOS]	0	21.800	242.130	0	64.880	0	0	
0	[SLAMPOS]	0	22.140	242.290	0	64.700	0	0	
0	[SLAMPOS]	0	22.230	242.330	0	64.660	0	0	
0	[SLAMPOS]	0	22.900	242.630	0	64.400	0	0	
0	[SLAMPOS]	0	23.220	242.780	0	64.260	0	0	
0	[SLAMPOS]	0	23.430	242.870	0	64.200	0	0	
0	[SLAMPOS]	0	23.820	243.050	0	64.040	0	0	
0	[SLAMPOS]	0	24.270	243.250	0	63.860	0	0	
0	[SLAMPOS]	0	24.780	243.500	0	63.620	0	0	
0	[SLAMPOS]	0	25.230	243.720	0	63.410	0	0	
0	[SLAMPOS]	0	25.670	243.930	0	63.140	0	0	
0	[SLAMPOS]	0	25.830	244.020	0	63.040	0	0	
0	[SLAMPOS]	0	26.330	244.260	0	62.810	0	0	
0	[SLAMPOS]	0	26.720	244.450	0	62.620	0	0	
0	[SLAMPOS]	0	26.850	244.520	0	62.540	0	0	
0	[SLAMPOS]	0	27.260	244.730	0	62.320	0	0	
0	[SLAMPOS]	0	27.600	244.900	0	62.140	0	0	
0	[SLAMPOS]	0	27.810	245.010	0	62.030	0	0	
0	[SLAMPOS]	0	28.250	245.240	0	61.800	0	0	
0	[SLAMPOS]	0	28.650	245.460	0	61.630	0	0	
0	[SLAMPOS]	0	28.840	245.550	0	61.570	0	0	
0	[SLAMPOS]	0	29.300	245.800	0	61.420	0	0	
0	[SLAMPOS]	0	29.820	246.060	0	61.240	0	0	
0	[SLAMPOS]	0	29.940	246.130	0	61.190	0	0	
0	[SLAMPOS]	0	30.620	246.480	0	60.940	0	0	
0	[SLAMPOS]	0	30.960	246.670	0	60.820	0	0	
0	[SLAMPOS]	0	31.400	246.900	0	60.660	0	0	
0	[SLAMPOS]	0	31.970	247.220	0	60.490	0	0	
0	[SLAMPOS]	0	32.340	247.420	0	60.410	0	0	
0	[SLAMPOS]	0	32.450	247.480	0	60.390	0	0	
0	[SLAMPOS]	0	32.880	247.710	0	60.270	0	0	
0	[SLAMPOS]	0	33.450	248.020	0	60.180	0	0	
0	[SLAMPOS]	0	33.680	248.150	0	60.160	0	0	
0	[SLAMPOS]	0	33.940	248.280	0	60.140	0	0	
0	[SLAMPOS]	0	34.470	248.580	0	60.010	0	0	
0	[SLAMPOS]	0	34.970	248.860	0	59.900	0	0	
0	[SLAMPOS]	0	35.490	249.150	0	59.830	0	0	
0	[SLAMPOS]	0	35.830	249.340	0	59.770	0	0	
0	[SLAMPOS]	0	36.280	249.590	0	59.700	0	0	
0	[SLAMPOS]	0	36.700	249.830	0	59.690	0	0	
0	[SLAMPOS]	0	37.200	250.130	0	59.740	0	0	
