0	[SLAMPOS]	0	139.970	314.920	0	238.890	0	0	
0	[SLAMPOS]	0	139.370	314.570	0	238.870	0	0	
0	[SLAMPOS]	0	139.150	314.450	0	238.870	0	0	
0	[SLAMPOS]	0	137.990	313.760	0	238.840	0	0	
0	[SLAMPOS]	0	137.020	313.220	0	238.850	0	0	
0	[SLAMPOS]	0	136.960	313.180	0	238.860	0	0	
0	[SLAMPOS]	0	136.140	312.710	0	238.840	0	0	
0	[SLAMPOS]	0	135.930	312.580	0	238.850	0	0	
0	[SLAMPOS]	0	135.110	312.110	0	238.880	0	0	
0	[SLAMPOS]	0	134.420	311.710	0	238.920	0	0	
0	[SLAMPOS]	0	134.120	311.550	0	238.930	0	0	
0	[SLAMPOS]	0	132.930	310.860	0	238.980	0	0	
0	[SLAMPOS]	0	132.600	310.670	0	238.980	0	0	
0	[SLAMPOS]	0	132.290	310.500	0	238.990	0	0	
0	[SLAMPOS]	0	131.080	309.810	0	239.030	0	0	
0	[SLAMPOS]	0	130.730	309.610	0	239.040	0	0	
0	[SLAMPOS]	0	130.040	309.210	0	239.050	0	0	
0	[SLAMPOS]	0	129.140	308.710	0	239.050	0	0	
0	[SLAMPOS]	0	128.930	308.580	0	239.040	0	0	
0	[SLAMPOS]	0	128.120	308.120	0	239.030	0	0	
0	[SLAMPOS]	0	127.300	307.650	0	239.030	0	0	
0	[SLAMPOS]	0	127.100	307.530	0	239.020	0	0	
0	[SLAMPOS]	0	126.280	307.060	0	239.020	0	0	
0	[SLAMPOS]	0	126.100	306.960	0	239.010	0	0	
0	[SLAMPOS]	0	125.310	306.500	0	239.000	0	0	
0	[SLAMPOS]	0	124.600	306.080	0	239.000	0	0	
0	[SLAMPOS]	0	124.300	305.910	0	238.990	0	0	
0	[SLAMPOS]	0	123.130	305.240	0	238.980	0	0	
0	[SLAMPOS]	0	122.330	304.780	0	238.970	0	0	
0	[SLAMPOS]	0	122.120	304.660	0	238.970	0	0	
0	[SLAMPOS]	0	121.300	304.200	0	238.970	0	0	
0	[SLAMPOS]	0	120.530	303.760	0	238.950	0	0	
0	[SLAMPOS]	0	120.320	303.630	0	238.950	0	0	
0	[SLAMPOS]	0	119.530	303.180	0	238.940	0	0	
0	[SLAMPOS]	0	119.320	303.050	0	238.940	0	0	
0	[SLAMPOS]	0	118.500	302.580	0	238.920	0	0	
0	[SLAMPOS]	0	117.840	302.200	0	238.920	0	0	
0	[SLAMPOS]	0	117.530	302.030	0	238.920	0	0	
0	[SLAMPOS]	0	116.380	301.360	0	238.910	0	0	
0	[SLAMPOS]	0	115.990	301.140	0	238.910	0	0	
0	[SLAMPOS]	0	115.690	300.980	0	238.910	0	0	
0	[SLAMPOS]	0	114.620	300.360	0	238.900	0	0	
0	[SLAMPOS]	0	114.320	300.200	0	238.900	0	0	
0	[SLAMPOS]	0	113.660	299.800	0	238.900	0	0	
0	[SLAMPOS]	0	112.880	299.360	0	238.890	0	0	
0	[SLAMPOS]	0	112.680	299.240	0	238.880	0	0	
0	[SLAMPOS]	0	111.910	298.800	0	238.880	0	0	
0	[SLAMPOS]	0	111.720	298.680	0	238.880	0	0	
0	[SLAMPOS]	0	110.960	298.250	0	238.880	0	0	
0	[SLAMPOS]	0	110.290	297.860	0	238.880	0	0	
0	[SLAMPOS]	0	110.000	297.700	0	238.880	0	0	
0	[SLAMPOS]	0	109.250	297.260	0	238.860	0	0	
0	[SLAMPOS]	0	108.610	296.890	0	238.870	0	0	
0	[SLAMPOS]	0	107.870	296.470	0	238.880	0	0	
0	[SLAMPOS]	0	107.160	296.030	0	238.910	0	0	
0	[SLAMPOS]	0	106.920	295.890	0	238.910	0	0	
0	[SLAMPOS]	0	106.330	295.550	0	238.960	0	0	
0	[SLAMPOS]	0	105.520	295.080	0	239.010	0	0	
0	[SLAMPOS]	0	105.420	295.010	0	239.020	0	0	
0	[SLAMPOS]	0	104.690	294.620	0	239.070	0	0	
0	[SLAMPOS]	0	104.000	294.210	0	239.110	0	0	
0	[SLAMPOS]	0	103.810	294.100	0	239.140	0	0	
0	[SLAMPOS]	0	103.070	293.700	0	239.210	0	0	
0	[SLAMPOS]	0	102.450	293.340	0	239.260	0	0	
0	[SLAMPOS]	0	102.170	293.190	0	239.290	0	0	
0	[SLAMPOS]	0	101.190	292.630	0	239.370	0	0	
0	[SLAMPOS]	0	100.880	292.460	0	239.400	0	0	
0	[SLAMPOS]	0	100.280	292.120	0	239.460	0	0	
0	[SLAMPOS]	0	99.580	291.740	0	239.510	0	0	
0	[SLAMPOS]	0	99.400	291.630	0	239.530	0	0	
0	[SLAMPOS]	0	98.630	291.210	0	239.590	0	0	
0	[SLAMPOS]	0	98.010	290.870	0	239.640	0	0	
0	[SLAMPOS]	0	97.830	290.760	0	239.660	0	0	
0	[SLAMPOS]	0	97.120	290.370	0	239.720	0	0	
0	[SLAMPOS]	0	96.960	290.280	0	239.740	0	0	
0	[SLAMPOS]	0	96.170	289.840	0	239.800	0	0	
0	[SLAMPOS]	0	95.460	289.450	0	239.860	0	0	
0	[SLAMPOS]	0	95.010	289.200	0	239.900	0	0	
0	[SLAMPOS]	0	94.420	288.870	0	239.930	0	0	
0	[SLAMPOS]	0	93.740	288.510	0	239.980	0	0	
0	[SLAMPOS]	0	93.560	288.400	0	239.970	0	0	
0	[SLAMPOS]	0	92.880	288.030	0	239.980	0	0	
0	[SLAMPOS]	0	92.220	287.680	0	239.980	0	0	
0	[SLAMPOS]	0	92.060	287.580	0	239.970	0	0	
0	[SLAMPOS]	0	91.370	287.200	0	239.970	0	0	
0	[SLAMPOS]	0	91.170	287.090	0	239.960	0	0	
0	[SLAMPOS]	0	90.540	286.730	0	239.940	0	0	
0	[SLAMPOS]	0	89.960	286.410	0	239.920	0	0	
0	[SLAMPOS]	0	89.690	286.260	0	239.920	0	0	
0	[SLAMPOS]	0	88.740	285.720	0	239.900	0	0	
0	[SLAMPOS]	0	88.460	285.570	0	239.900	0	0	
0	[SLAMPOS]	0	88.140	285.400	0	239.900	0	0	
0	[SLAMPOS]	0	87.330	284.940	0	239.860	0	0	
0	[SLAMPOS]	0	87.060	284.800	0	239.860	0	0	
0	[SLAMPOS]	0	86.510	284.490	0	239.830	0	0	
0	[SLAMPOS]	0	85.870	284.130	0	239.820	0	0	
0	[SLAMPOS]	0	85.730	284.050	0	239.810	0	0	
0	[SLAMPOS]	0	85.120	283.710	0	239.800	0	0	
0	[SLAMPOS]	0	84.600	283.430	0	239.770	0	0	
0	[SLAMPOS]	0	84.330	283.280	0	239.760	0	0	
0	[SLAMPOS]	0	83.450	282.780	0	239.670	0	0	
0	[SLAMPOS]	0	83.240	282.670	0	239.650	0	0	
0	[SLAMPOS]	0	82.970	282.510	0	239.620	0	0	
0	[SLAMPOS]	0	82.460	282.230	0	239.550	0	0	
0	[SLAMPOS]	0	82.220	282.100	0	239.530	0	0	
0	[SLAMPOS]	0	81.370	281.620	0	239.410	0	0	
0	[SLAMPOS]	0	80.780	281.280	0	239.340	0	0	
0	[SLAMPOS]	0	80.640	281.200	0	239.320	0	0	
0	[SLAMPOS]	0	80.090	280.870	0	239.230	0	0	
0	[SLAMPOS]	0	79.870	280.760	0	239.210	0	0	
0	[SLAMPOS]	0	79.180	280.360	0	239.110	0	0	
0	[SLAMPOS]	0	78.800	280.140	0	239.050	0	0	
0	[SLAMPOS]	0	78.700	280.070	0	239.030	0	0	
0	[SLAMPOS]	0	78.140	279.750	0	238.950	0	0	
0	[SLAMPOS]	0	77.680	279.490	0	238.850	0	0	
0	[SLAMPOS]	0	77.470	279.350	0	238.800	0	0	
0	[SLAMPOS]	0	76.670	278.880	0	238.600	0	0	
0	[SLAMPOS]	0	76.480	278.770	0	238.560	0	0	
0	[SLAMPOS]	0	76.010	278.500	0	238.410	0	0	
0	[SLAMPOS]	0	75.490	278.180	0	238.260	0	0	
0	[SLAMPOS]	0	75.300	278.070	0	238.210	0	0	
0	[SLAMPOS]	0	74.850	277.790	0	238.020	0	0	
0	[SLAMPOS]	0	74.330	277.470	0	237.850	0	0	
0	[SLAMPOS]	0	74.190	277.390	0	237.760	0	0	
0	[SLAMPOS]	0	73.680	277.080	0	237.570	0	0	
0	[SLAMPOS]	0	73.520	276.980	0	237.460	0	0	
0	[SLAMPOS]	0	73.040	276.690	0	237.240	0	0	
0	[SLAMPOS]	0	72.610	276.420	0	236.990	0	0	
0	[SLAMPOS]	0	72.380	276.280	0	236.880	0	0	
0	[SLAMPOS]	0	71.920	275.990	0	236.630	0	0	
0	[SLAMPOS]	0	71.480	275.700	0	236.350	0	0	
0	[SLAMPOS]	0	71.310	275.580	0	236.260	0	0	
0	[SLAMPOS]	0	70.600	275.110	0	235.800	0	0	
0	[SLAMPOS]	0	70.410	274.970	0	235.690	0	0	
0	[SLAMPOS]	0	70.000	274.700	0	235.430	0	0	
0	[SLAMPOS]	0	69.540	274.380	0	235.150	0	0	
0	[SLAMPOS]	0	69.420	274.300	0	235.070	0	0	
0	[SLAMPOS]	0	68.950	273.980	0	234.790	0	0	
0	[SLAMPOS]	0	68.520	273.680	0	234.530	0	0	
0	[SLAMPOS]	0	68.400	273.590	0	234.470	0	0	
0	[SLAMPOS]	0	67.980	273.290	0	234.240	0	0	
0	[SLAMPOS]	0	67.600	273.010	0	234.060	0	0	
0	[SLAMPOS]	0	67.430	272.890	0	234.000	0	0	
0	[SLAMPOS]	0	66.790	272.420	0	233.730	0	0	
0	[SLAMPOS]	0	66.620	272.310	0	233.670	0	0	
0	[SLAMPOS]	0	66.240	272.040	0	233.510	0	0	
0	[SLAMPOS]	0	65.840	271.750	0	233.350	0	0	
0	[SLAMPOS]	0	65.720	271.660	0	233.310	0	0	
0	[SLAMPOS]	0	65.300	271.350	0	233.150	0	0	
0	[SLAMPOS]	0	65.190	271.270	0	233.110	0	0	
0	[SLAMPOS]	0	64.740	270.950	0	232.970	0	0	
0	[SLAMPOS]	0	64.130	270.510	0	232.820	0	0	
0	[SLAMPOS]	0	63.970	270.390	0	232.790	0	0	
0	[SLAMPOS]	0	63.810	270.280	0	232.760	0	0	
0	[SLAMPOS]	0	63.200	269.830	0	232.690	0	0	
0	[SLAMPOS]	0	63.010	269.690	0	232.670	0	0	
0	[SLAMPOS]	0	62.670	269.440	0	232.700	0	0	
0	[SLAMPOS]	0	62.290	269.160	0	232.740	0	0	
0	[SLAMPOS]	0	62.180	269.070	0	232.770	0	0	
0	[SLAMPOS]	0	61.790	268.790	0	232.840	0	0	
0	[SLAMPOS]	0	61.730	268.740	0	232.870	0	0	
0	[SLAMPOS]	0	61.310	268.430	0	232.940	0	0	
0	[SLAMPOS]	0	60.970	268.180	0	233.040	0	0	
0	[SLAMPOS]	0	60.810	268.070	0	233.070	0	0	
0	[SLAMPOS]	0	60.410	267.790	0	233.180	0	0	
0	[SLAMPOS]	0	60.070	267.540	0	233.310	0	0	
0	[SLAMPOS]	0	59.910	267.430	0	233.340	0	0	
0	[SLAMPOS]	0	59.320	267.020	0	233.530	0	0	
0	[SLAMPOS]	0	59.170	266.930	0	233.560	0	0	
0	[SLAMPOS]	0	58.820	266.680	0	233.720	0	0	
0	[SLAMPOS]	0	58.420	266.410	0	233.870	0	0	
0	[SLAMPOS]	0	58.320	266.330	0	233.950	0	0	
0	[SLAMPOS]	0	57.930	266.060	0	234.150	0	0	
0	[SLAMPOS]	0	57.590	265.820	0	234.360	0	0	
0	[SLAMPOS]	0	57.440	265.720	0	234.440	0	0	
0	[SLAMPOS]	0	57.040	265.450	0	234.680	0	0	
0	[SLAMPOS]	0	56.710	265.230	0	234.890	0	0	
0	[SLAMPOS]	0	56.560	265.130	0	234.980	0	0	
0	[SLAMPOS]	0	55.970	264.740	0	235.340	0	0	
0	[SLAMPOS]	0	55.820	264.650	0	235.420	0	0	
0	[SLAMPOS]	0	55.480	264.430	0	235.640	0	0	
0	[SLAMPOS]	0	55.100	264.180	0	235.850	0	0	
0	[SLAMPOS]	0	55.000	264.110	0	235.920	0	0	
0	[SLAMPOS]	0	54.610	263.870	0	236.130	0	0	
0	[SLAMPOS]	0	54.520	263.810	0	236.190	0	0	
0	[SLAMPOS]	0	54.140	263.570	0	236.390	0	0	
0	[SLAMPOS]	0	53.730	263.320	0	236.600	0	0	
0	[SLAMPOS]	0	53.620	263.240	0	236.650	0	0	
0	[SLAMPOS]	0	53.250	263.010	0	236.810	0	0	
0	[SLAMPOS]	0	52.910	262.800	0	236.940	0	0	
0	[SLAMPOS]	0	52.750	262.700	0	236.990	0	0	
0	[SLAMPOS]	0	52.200	262.370	0	237.170	0	0	
0	[SLAMPOS]	0	52.050	262.270	0	237.200	0	0	
0	[SLAMPOS]	0	51.730	262.080	0	237.290	0	0	
0	[SLAMPOS]	0	51.360	261.840	0	237.380	0	0	
0	[SLAMPOS]	0	51.180	261.730	0	237.430	0	0	
0	[SLAMPOS]	0	50.840	261.530	0	237.530	0	0	
0	[SLAMPOS]	0	50.480	261.320	0	237.620	0	0	
0	[SLAMPOS]	0	50.380	261.260	0	237.660	0	0	
0	[SLAMPOS]	0	49.990	261.030	0	237.770	0	0	
0	[SLAMPOS]	0	49.910	260.970	0	237.810	0	0	
0	[SLAMPOS]	0	49.540	260.740	0	237.910	0	0	
0	[SLAMPOS]	0	49.160	260.520	0	238.010	0	0	
0	[SLAMPOS]	0	48.850	260.330	0	238.090	0	0	
0	[SLAMPOS]	0	48.700	260.250	0	238.120	0	0	
0	[SLAMPOS]	0	48.350	260.030	0	238.230	0	0	
0	[SLAMPOS]	0	47.990	259.820	0	238.320	0	0	
0	[SLAMPOS]	0	47.660	259.630	0	238.410	0	0	
0	[SLAMPOS]	0	47.280	259.410	0	238.470	0	0	
0	[SLAMPOS]	0	47.190	259.350	0	238.500	0	0	
0	[SLAMPOS]	0	46.820	259.140	0	238.580	0	0	
0	[SLAMPOS]	0	46.440	258.930	0	238.670	0	0	
0	[SLAMPOS]	0	46.340	258.870	0	238.710	0	0	
0	[SLAMPOS]	0	45.980	258.640	0	238.810	0	0	
0	[SLAMPOS]	0	45.880	258.590	0	238.840	0	0	
0	[SLAMPOS]	0	45.490	258.360	0	238.920	0	0	
0	[SLAMPOS]	0	45.180	258.180	0	239.000	0	0	
0	[SLAMPOS]	0	45.040	258.100	0	239.020	0	0	
0	[SLAMPOS]	0	44.470	257.770	0	239.180	0	0	
0	[SLAMPOS]	0	44.300	257.670	0	239.210	0	0	
0	[SLAMPOS]	0	43.970	257.490	0	239.290	0	0	
0	[SLAMPOS]	0	43.590	257.270	0	239.370	0	0	
0	[SLAMPOS]	0	43.440	257.190	0	239.400	0	0	
0	[SLAMPOS]	0	43.090	256.990	0	239.460	0	0	
0	[SLAMPOS]	0	42.680	256.770	0	239.510	0	0	
0	[SLAMPOS]	0	42.570	256.700	0	239.520	0	0	
0	[SLAMPOS]	0	42.180	256.480	0	239.520	0	0	
0	[SLAMPOS]	0	41.830	256.280	0	239.540	0	0	
0	[SLAMPOS]	0	41.670	256.190	0	239.520	0	0	
0	[SLAMPOS]	0	41.320	255.990	0	239.540	0	0	
0	[SLAMPOS]	0	40.890	255.750	0	239.550	0	0	
0	[SLAMPOS]	0	40.540	255.550	0	239.560	0	0	
0	[SLAMPOS]	0	40.080	255.290	0	239.550	0	0	
0	[SLAMPOS]	0	39.950	255.210	0	239.530	0	0	
0	[SLAMPOS]	0	39.590	255.010	0	239.540	0	0	
0	[SLAMPOS]	0	39.160	254.760	0	239.540	0	0	
0	[SLAMPOS]	0	39.060	254.710	0	239.550	0	0	
0	[SLAMPOS]	0	38.620	254.460	0	239.560	0	0	
0	[SLAMPOS]	0	38.520	254.400	0	239.570	0	0	
0	[SLAMPOS]	0	38.110	254.170	0	239.580	0	0	
0	[SLAMPOS]	0	37.720	253.940	0	239.580	0	0	
0	[SLAMPOS]	0	37.580	253.870	0	239.580	0	0	
0	[SLAMPOS]	0	36.960	253.510	0	239.600	0	0	
0	[SLAMPOS]	0	36.520	253.270	0	239.610	0	0	
0	[SLAMPOS]	0	36.290	253.150	0	239.620	0	0	
0	[SLAMPOS]	0	35.910	252.940	0	239.650	0	0	
0	[SLAMPOS]	0	35.480	252.700	0	239.670	0	0	
0	[SLAMPOS]	0	35.360	252.630	0	239.680	0	0	
0	[SLAMPOS]	0	34.890	252.370	0	239.750	0	0	
0	[SLAMPOS]	0	34.760	252.300	0	239.770	0	0	
0	[SLAMPOS]	0	34.290	252.050	0	239.850	0	0	
0	[SLAMPOS]	0	33.890	251.830	0	239.900	0	0	
0	[SLAMPOS]	0	33.540	251.620	0	239.930	0	0	
0	[SLAMPOS]	0	33.150	251.410	0	239.990	0	0	
0	[SLAMPOS]	0	32.830	251.220	0	240.010	0	0	
0	[SLAMPOS]	0	32.640	251.120	0	240.010	0	0	
0	[SLAMPOS]	0	32.240	250.910	0	240.070	0	0	
0	[SLAMPOS]	0	31.800	250.670	0	240.100	0	0	
0	[SLAMPOS]	0	31.390	250.440	0	240.130	0	0	
0	[SLAMPOS]	0	30.940	250.200	0	240.150	0	0	
0	[SLAMPOS]	0	30.760	250.100	0	240.130	0	0	
0	[SLAMPOS]	0	30.360	249.880	0	240.160	0	0	
0	[SLAMPOS]	0	29.930	249.650	0	240.160	0	0	
0	[SLAMPOS]	0	29.760	249.550	0	240.180	0	0	
0	[SLAMPOS]	0	29.310	249.300	0	240.180	0	0	
0	[SLAMPOS]	0	28.860	249.050	0	240.190	0	0	
0	[SLAMPOS]	0	28.760	249.000	0	240.200	0	0	
0	[SLAMPOS]	0	28.380	248.780	0	240.220	0	0	
0	[SLAMPOS]	0	28.210	248.690	0	240.210	0	0	
0	[SLAMPOS]	0	27.750	248.450	0	240.210	0	0	
0	[SLAMPOS]	0	27.350	248.220	0	240.210	0	0	
0	[SLAMPOS]	0	27.190	248.150	0	240.210	0	0	
0	[SLAMPOS]	0	26.530	247.770	0	240.180	0	0	
0	[SLAMPOS]	0	26.360	247.680	0	240.160	0	0	
0	[SLAMPOS]	0	25.970	247.450	0	240.100	0	0	
0	[SLAMPOS]	0	25.470	247.180	0	240.040	0	0	
0	[SLAMPOS]	0	25.300	247.090	0	240.020	0	0	
0	[SLAMPOS]	0	24.910	246.870	0	239.930	0	0	
0	[SLAMPOS]	0	24.470	246.630	0	239.830	0	0	
0	[SLAMPOS]	0	24.350	246.560	0	239.780	0	0	
0	[SLAMPOS]	0	23.900	246.300	0	239.610	0	0	
0	[SLAMPOS]	0	23.780	246.240	0	239.540	0	0	
0	[SLAMPOS]	0	23.330	245.980	0	239.340	0	0	
0	[SLAMPOS]	0	22.940	245.750	0	239.100	0	0	
0	[SLAMPOS]	0	22.760	245.640	0	239.010	0	0	
0	[SLAMPOS]	0	22.310	245.370	0	238.750	0	0	
0	[SLAMPOS]	0	21.920	245.140	0	238.410	0	0	
0	[SLAMPOS]	0	21.750	245.030	0	238.280	0	0	
0	[SLAMPOS]	0	21.050	244.590	0	237.550	0	0	
0	[SLAMPOS]	0	20.850	244.460	0	237.320	0	0	
0	[SLAMPOS]	0	20.520	244.250	0	236.910	0	0	
0	[SLAMPOS]	0	20.090	243.970	0	236.410	0	0	
0	[SLAMPOS]	0	19.980	243.890	0	236.230	0	0	
0	[SLAMPOS]	0	19.550	243.600	0	235.690	0	0	
0	[SLAMPOS]	0	19.170	243.340	0	235.160	0	0	
0	[SLAMPOS]	0	19.010	243.230	0	234.940	0	0	
0	[SLAMPOS]	0	18.400	242.780	0	234.060	0	0	
0	[SLAMPOS]	0	18.240	242.670	0	233.850	0	0	
0	[SLAMPOS]	0	18.080	242.550	0	233.650	0	0	
0	[SLAMPOS]	0	17.470	242.090	0	232.740	0	0	
0	[SLAMPOS]	0	17.290	241.950	0	232.490	0	0	
0	[SLAMPOS]	0	16.910	241.650	0	231.840	0	0	
0	[SLAMPOS]	0	16.540	241.350	0	231.250	0	0	
0	[SLAMPOS]	0	16.430	241.260	0	231.010	0	0	
0	[SLAMPOS]	0	16.010	240.930	0	230.320	0	0	
0	[SLAMPOS]	0	15.900	240.830	0	230.040	0	0	
0	[SLAMPOS]	0	15.510	240.500	0	229.300	0	0	
0	[SLAMPOS]	0	15.110	240.150	0	228.460	0	0	
0	[SLAMPOS]	0	15.010	240.060	0	228.210	0	0	
0	[SLAMPOS]	0	14.620	239.700	0	227.290	0	0	
0	[SLAMPOS]	0	14.290	239.380	0	226.440	0	0	
0	[SLAMPOS]	0	14.140	239.240	0	226.050	0	0	
0	[SLAMPOS]	0	13.610	238.690	0	224.410	0	0	
0	[SLAMPOS]	0	13.440	238.520	0	223.900	0	0	
0	[SLAMPOS]	0	13.320	238.370	0	223.510	0	0	
0	[SLAMPOS]	0	12.810	237.800	0	221.760	0	0	
0	[SLAMPOS]	0	12.690	237.650	0	221.320	0	0	
0	[SLAMPOS]	0	12.400	237.310	0	220.220	0	0	
0	[SLAMPOS]	0	12.100	236.910	0	219.070	0	0	
0	[SLAMPOS]	0	12.010	236.800	0	218.690	0	0	
0	[SLAMPOS]	0	11.710	236.380	0	217.420	0	0	
0	[SLAMPOS]	0	11.470	236.040	0	216.370	0	0	
0	[SLAMPOS]	0	11.360	235.870	0	215.900	0	0	
0	[SLAMPOS]	0	11.110	235.510	0	214.760	0	0	
0	[SLAMPOS]	0	10.840	235.080	0	213.540	0	0	
0	[SLAMPOS]	0	10.610	234.710	0	212.390	0	0	
0	[SLAMPOS]	0	10.360	234.280	0	211.120	0	0	
0	[SLAMPOS]	0	10.280	234.130	0	210.670	0	0	
0	[SLAMPOS]	0	10.070	233.740	0	209.460	0	0	
0	[SLAMPOS]	0	9.850	233.300	0	208.170	0	0	
0	[SLAMPOS]	0	9.790	233.190	0	207.770	0	0	
0	[SLAMPOS]	0	9.590	232.760	0	206.510	0	0	
0	[SLAMPOS]	0	9.530	232.640	0	206.120	0	0	
0	[SLAMPOS]	0	9.340	232.190	0	204.780	0	0	
0	[SLAMPOS]	0	9.070	231.530	0	202.790	0	0	
0	[SLAMPOS]	0	9.000	231.330	0	202.200	0	0	
0	[SLAMPOS]	0	8.860	230.960	0	201.050	0	0	
0	[SLAMPOS]	0	8.710	230.490	0	199.720	0	0	
0	[SLAMPOS]	0	8.670	230.370	0	199.330	0	0	
0	[SLAMPOS]	0	8.530	229.930	0	198.040	0	0	
0	[SLAMPOS]	0	8.400	229.410	0	196.580	0	0	
0	[SLAMPOS]	0	8.380	229.350	0	196.410	0	0	
0	[SLAMPOS]	0	8.280	228.940	0	195.210	0	0	
0	[SLAMPOS]	0	8.240	228.750	0	194.690	0	0	
0	[SLAMPOS]	0	8.090	228.070	0	192.700	0	0	
0	[SLAMPOS]	0	8.050	227.870	0	192.160	0	0	
0	[SLAMPOS]	0	7.970	227.400	0	190.860	0	0	
0	[SLAMPOS]	0	7.900	226.980	0	189.630	0	0	
0	[SLAMPOS]	0	7.880	226.810	0	189.190	0	0	
0	[SLAMPOS]	0	7.830	226.390	0	187.990	0	0	
0	[SLAMPOS]	0	7.790	225.900	0	186.650	0	0	
0	[SLAMPOS]	0	7.770	225.790	0	186.300	0	0	
0	[SLAMPOS]	0	7.750	225.320	0	185.060	0	0	
0	[SLAMPOS]	0	7.730	224.890	0	183.870	0	0	
0	[SLAMPOS]	0	7.730	224.730	0	183.460	0	0	
0	[SLAMPOS]	0	7.710	223.990	0	181.550	0	0	
0	[SLAMPOS]	0	7.710	223.840	0	181.190	0	0	
0	[SLAMPOS]	0	7.710	223.410	0	180.160	0	0	
0	[SLAMPOS]	0	7.730	222.940	0	179.050	0	0	
0	[SLAMPOS]	0	7.750	222.640	0	178.340	0	0	
0	[SLAMPOS]	0	7.790	222.150	0	177.210	0	0	
0	[SLAMPOS]	0	7.820	221.710	0	176.180	0	0	
0	[SLAMPOS]	0	7.870	221.190	0	175.060	0	0	
0	[SLAMPOS]	0	7.900	220.910	0	174.450	0	0	
0	[SLAMPOS]	0	7.940	220.590	0	173.740	0	0	
0	[SLAMPOS]	0	8.020	220.010	0	172.430	0	0	
0	[SLAMPOS]	0	8.100	219.590	0	171.470	0	0	
0	[SLAMPOS]	0	8.130	219.380	0	170.960	0	0	
0	[SLAMPOS]	0	8.230	218.860	0	169.770	0	0	
0	[SLAMPOS]	0	8.340	218.340	0	168.700	0	0	
0	[SLAMPOS]	0	8.450	217.840	0	167.690	0	0	
0	[SLAMPOS]	0	8.470	217.750	0	167.500	0	0	
0	[SLAMPOS]	0	8.600	217.280	0	166.510	0	0	
0	[SLAMPOS]	0	8.630	217.150	0	166.220	0	0	
0	[SLAMPOS]	0	8.770	216.640	0	165.230	0	0	
0	[SLAMPOS]	0	8.930	216.160	0	164.330	0	0	
0	[SLAMPOS]	0	9.110	215.550	0	163.210	0	0	
0	[SLAMPOS]	0	9.140	215.440	0	162.980	0	0	
0	[SLAMPOS]	0	9.310	214.950	0	162.070	0	0	
0	[SLAMPOS]	0	9.350	214.820	0	161.790	0	0	
0	[SLAMPOS]	0	9.500	214.390	0	161.030	0	0	
0	[SLAMPOS]	0	9.640	214.010	0	160.320	0	0	
0	[SLAMPOS]	0	9.830	213.540	0	159.450	0	0	
0	[SLAMPOS]	0	10.010	213.070	0	158.580	0	0	
0	[SLAMPOS]	0	10.180	212.670	0	157.940	0	0	
0	[SLAMPOS]	0	10.370	212.220	0	157.190	0	0	
0	[SLAMPOS]	0	10.430	212.100	0	157.020	0	0	
0	[SLAMPOS]	0	10.740	211.430	0	156.010	0	0	
0	[SLAMPOS]	0	10.780	211.330	0	155.860	0	0	
0	[SLAMPOS]	0	10.980	210.880	0	155.290	0	0	
0	[SLAMPOS]	0	10.990	211.020	0	154.220	0	0	
0	[SLAMPOS]	0	11.340	210.160	0	154.420	0	0	
0	[SLAMPOS]	0	11.440	209.950	0	154.190	0	0	
0	[SLAMPOS]	0	11.610	209.600	0	153.760	0	0	
0	[SLAMPOS]	0	11.840	209.150	0	153.230	0	0	
0	[SLAMPOS]	0	11.920	209.000	0	153.040	0	0	
0	[SLAMPOS]	0	12.160	208.520	0	152.520	0	0	
0	[SLAMPOS]	0	12.220	208.390	0	152.360	0	0	
0	[SLAMPOS]	0	12.490	207.900	0	151.870	0	0	
0	[SLAMPOS]	0	12.710	207.500	0	151.410	0	0	
0	[SLAMPOS]	0	12.980	206.990	0	150.860	0	0	
0	[SLAMPOS]	0	13.090	206.850	0	150.700	0	0	
0	[SLAMPOS]	0	13.320	206.410	0	150.250	0	0	
0	[SLAMPOS]	0	13.620	205.930	0	149.760	0	0	
0	[SLAMPOS]	0	13.880	205.530	0	149.370	0	0	
0	[SLAMPOS]	0	13.980	205.330	0	149.200	0	0	
0	[SLAMPOS]	0	14.240	204.920	0	148.840	0	0	
0	[SLAMPOS]	0	14.530	204.450	0	148.500	0	0	
0	[SLAMPOS]	0	14.670	204.220	0	148.350	0	0	
0	[SLAMPOS]	0	14.940	203.800	0	148.110	0	0	
0	[SLAMPOS]	0	15.250	203.310	0	147.880	0	0	
0	[SLAMPOS]	0	15.330	203.190	0	147.840	0	0	
0	[SLAMPOS]	0	15.640	202.700	0	147.680	0	0	
0	[SLAMPOS]	0	15.900	202.290	0	147.590	0	0	
0	[SLAMPOS]	0	16.040	202.080	0	147.550	0	0	
0	[SLAMPOS]	0	16.490	201.350	0	147.420	0	0	
0	[SLAMPOS]	0	16.630	201.140	0	147.360	0	0	
0	[SLAMPOS]	0	16.750	200.940	0	147.320	0	0	
0	[SLAMPOS]	0	17.210	200.190	0	147.180	0	0	
0	[SLAMPOS]	0	17.320	200.010	0	147.150	0	0	
0	[SLAMPOS]	0	17.590	199.580	0	147.080	0	0	
0	[SLAMPOS]	0	17.900	199.070	0	147.010	0	0	
0	[SLAMPOS]	0	17.980	198.940	0	146.990	0	0	
0	[SLAMPOS]	0	18.330	198.390	0	146.880	0	0	
0	[SLAMPOS]	0	18.660	197.880	0	146.810	0	0	
0	[SLAMPOS]	0	18.740	197.750	0	146.790	0	0	
0	[SLAMPOS]	0	19.070	197.240	0	146.740	0	0	
0	[SLAMPOS]	0	19.160	197.110	0	146.730	0	0	
0	[SLAMPOS]	0	19.490	196.600	0	146.660	0	0	
0	[SLAMPOS]	0	19.790	196.130	0	146.630	0	0	
0	[SLAMPOS]	0	19.940	195.900	0	146.610	0	0	
0	[SLAMPOS]	0	20.400	195.190	0	146.550	0	0	
0	[SLAMPOS]	0	20.530	194.990	0	146.520	0	0	
0	[SLAMPOS]	0	20.830	194.540	0	146.470	0	0	
0	[SLAMPOS]	0	21.170	194.010	0	146.400	0	0	
0	[SLAMPOS]	0	21.300	193.800	0	146.400	0	0	
0	[SLAMPOS]	0	21.600	193.340	0	146.350	0	0	
0	[SLAMPOS]	0	21.930	192.820	0	146.320	0	0	
0	[SLAMPOS]	0	22.040	192.670	0	146.290	0	0	
0	[SLAMPOS]	0	22.380	192.150	0	146.220	0	0	
0	[SLAMPOS]	0	22.680	191.690	0	146.160	0	0	
0	[SLAMPOS]	0	22.820	191.470	0	146.130	0	0	
0	[SLAMPOS]	0	23.340	190.680	0	146.020	0	0	
0	[SLAMPOS]	0	23.470	190.490	0	145.990	0	0	
0	[SLAMPOS]	0	23.770	190.030	0	145.930	0	0	
0	[SLAMPOS]	0	24.160	189.440	0	145.840	0	0	
0	[SLAMPOS]	0	24.240	189.320	0	145.820	0	0	
0	[SLAMPOS]	0	24.600	188.790	0	145.750	0	0	
0	[SLAMPOS]	0	24.950	188.250	0	145.690	0	0	
0	[SLAMPOS]	0	25.070	188.070	0	145.650	0	0	
0	[SLAMPOS]	0	25.390	187.570	0	145.610	0	0	
0	[SLAMPOS]	0	25.500	187.410	0	145.590	0	0	
0	[SLAMPOS]	0	25.870	186.860	0	145.500	0	0	
0	[SLAMPOS]	0	26.190	186.380	0	145.440	0	0	
0	[SLAMPOS]	0	26.350	186.110	0	145.430	0	0	
0	[SLAMPOS]	0	26.920	185.290	0	145.290	0	0	
0	[SLAMPOS]	0	27.060	185.070	0	145.280	0	0	
0	[SLAMPOS]	0	27.200	184.870	0	145.230	0	0	
0	[SLAMPOS]	0	27.790	184.020	0	145.150	0	0	
0	[SLAMPOS]	0	27.920	183.810	0	145.130	0	0	
0	[SLAMPOS]	0	28.260	183.310	0	145.120	0	0	
0	[SLAMPOS]	0	28.630	182.750	0	145.120	0	0	
0	[SLAMPOS]	0	28.730	182.610	0	145.120	0	0	
0	[SLAMPOS]	0	29.120	182.040	0	145.090	0	0	
0	[SLAMPOS]	0	29.600	181.330	0	145.060	0	0	
0	[SLAMPOS]	0	29.610	181.320	0	145.060	0	0	
0	[SLAMPOS]	0	30.190	180.460	0	145.070	0	0	
0	[SLAMPOS]	0	30.370	180.190	0	145.060	0	0	
0	[SLAMPOS]	0	30.670	179.740	0	145.070	0	0	
0	[SLAMPOS]	0	31.060	179.150	0	145.080	0	0	
0	[SLAMPOS]	0	31.200	178.940	0	145.080	0	0	
0	[SLAMPOS]	0	31.550	178.430	0	145.100	0	0	
0	[SLAMPOS]	0	31.960	177.830	0	145.110	0	0	
0	[SLAMPOS]	0	32.060	177.680	0	145.120	0	0	
0	[SLAMPOS]	0	32.460	177.080	0	145.150	0	0	
0	[SLAMPOS]	0	32.560	176.930	0	145.160	0	0	
0	[SLAMPOS]	0	32.960	176.330	0	145.180	0	0	
0	[SLAMPOS]	0	33.560	175.450	0	145.200	0	0	
0	[SLAMPOS]	0	33.740	175.170	0	145.210	0	0	
0	[SLAMPOS]	0	34.050	174.700	0	145.220	0	0	
0	[SLAMPOS]	0	34.460	174.090	0	145.260	0	0	
0	[SLAMPOS]	0	34.590	173.870	0	145.280	0	0	
0	[SLAMPOS]	0	34.950	173.320	0	145.310	0	0	
0	[SLAMPOS]	0	35.350	172.690	0	145.330	0	0	
0	[SLAMPOS]	0	35.450	172.550	0	145.340	0	0	
0	[SLAMPOS]	0	35.840	171.950	0	145.350	0	0	
0	[SLAMPOS]	0	35.940	171.800	0	145.360	0	0	
0	[SLAMPOS]	0	36.340	171.200	0	145.370	0	0	
0	[SLAMPOS]	0	36.700	170.660	0	145.390	0	0	
0	[SLAMPOS]	0	36.870	170.420	0	145.380	0	0	
0	[SLAMPOS]	0	37.290	169.790	0	145.420	0	0	
0	[SLAMPOS]	0	37.650	169.250	0	145.420	0	0	
0	[SLAMPOS]	0	37.820	169.010	0	145.430	0	0	
0	[SLAMPOS]	0	38.440	168.060	0	145.400	0	0	
0	[SLAMPOS]	0	38.590	167.830	0	145.380	0	0	
0	[SLAMPOS]	0	38.950	167.290	0	145.340	0	0	
0	[SLAMPOS]	0	39.370	166.660	0	145.310	0	0	
0	[SLAMPOS]	0	39.500	166.470	0	145.290	0	0	
0	[SLAMPOS]	0	39.920	165.860	0	145.240	0	0	
0	[SLAMPOS]	0	40.370	165.200	0	145.200	0	0	
0	[SLAMPOS]	0	40.460	165.080	0	145.190	0	0	
0	[SLAMPOS]	0	40.880	164.440	0	145.170	0	0	
0	[SLAMPOS]	0	41.000	164.270	0	145.160	0	0	
0	[SLAMPOS]	0	41.480	163.550	0	145.120	0	0	
0	[SLAMPOS]	0	42.060	162.690	0	145.080	0	0	
0	[SLAMPOS]	0	42.230	162.430	0	145.070	0	0	
0	[SLAMPOS]	0	42.620	161.870	0	145.050	0	0	
0	[SLAMPOS]	0	43.040	161.220	0	145.040	0	0	
0	[SLAMPOS]	0	43.250	160.900	0	145.050	0	0	
0	[SLAMPOS]	0	43.640	160.330	0	145.060	0	0	
0	[SLAMPOS]	0	44.070	159.680	0	145.060	0	0	
0	[SLAMPOS]	0	44.200	159.500	0	145.060	0	0	
0	[SLAMPOS]	0	44.620	158.860	0	145.070	0	0	
0	[SLAMPOS]	0	44.740	158.690	0	145.060	0	0	
0	[SLAMPOS]	0	45.180	158.010	0	145.070	0	0	
0	[SLAMPOS]	0	45.650	157.290	0	145.080	0	0	
0	[SLAMPOS]	0	45.800	157.080	0	145.080	0	0	
0	[SLAMPOS]	0	46.210	156.450	0	145.070	0	0	
0	[SLAMPOS]	0	46.600	155.870	0	145.060	0	0	
0	[SLAMPOS]	0	46.770	155.620	0	145.060	0	0	
0	[SLAMPOS]	0	47.470	154.580	0	145.040	0	0	
0	[SLAMPOS]	0	47.630	154.330	0	145.040	0	0	
0	[SLAMPOS]	0	48.040	153.750	0	145.030	0	0	
0	[SLAMPOS]	0	48.500	153.060	0	145.040	0	0	
0	[SLAMPOS]	0	48.600	152.910	0	145.040	0	0	
0	[SLAMPOS]	0	49.070	152.210	0	145.020	0	0	
0	[SLAMPOS]	0	49.210	152.020	0	145.020	0	0	
0	[SLAMPOS]	0	49.650	151.340	0	145.010	0	0	
0	[SLAMPOS]	0	50.050	150.760	0	144.990	0	0	
0	[SLAMPOS]	0	50.230	150.480	0	144.990	0	0	
0	[SLAMPOS]	0	50.690	149.780	0	145.010	0	0	
0	[SLAMPOS]	0	51.380	148.780	0	145.000	0	0	
0	[SLAMPOS]	0	51.550	148.510	0	145.000	0	0	
0	[SLAMPOS]	0	51.980	147.880	0	144.980	0	0	
0	[SLAMPOS]	0	52.420	147.210	0	144.980	0	0	
0	[SLAMPOS]	0	52.550	147.030	0	144.970	0	0	
0	[SLAMPOS]	0	53.000	146.370	0	144.970	0	0	
0	[SLAMPOS]	0	53.120	146.190	0	144.960	0	0	
0	[SLAMPOS]	0	53.690	145.320	0	144.970	0	0	
0	[SLAMPOS]	0	54.000	144.880	0	144.950	0	0	
0	[SLAMPOS]	0	54.180	144.600	0	144.960	0	0	
0	[SLAMPOS]	0	54.630	143.920	0	144.940	0	0	
0	[SLAMPOS]	0	55.050	143.310	0	144.930	0	0	
0	[SLAMPOS]	0	55.240	143.010	0	144.940	0	0	
0	[SLAMPOS]	0	55.930	142.000	0	144.930	0	0	
0	[SLAMPOS]	0	56.090	141.740	0	144.940	0	0	
0	[SLAMPOS]	0	56.500	141.140	0	144.930	0	0	
0	[SLAMPOS]	0	56.960	140.450	0	144.920	0	0	
0	[SLAMPOS]	0	57.110	140.240	0	144.910	0	0	
0	[SLAMPOS]	0	57.560	139.570	0	144.900	0	0	
0	[SLAMPOS]	0	57.960	138.970	0	144.900	0	0	
0	[SLAMPOS]	0	58.130	138.710	0	144.900	0	0	
0	[SLAMPOS]	0	58.830	137.690	0	144.910	0	0	
0	[SLAMPOS]	0	59.010	137.420	0	144.900	0	0	
0	[SLAMPOS]	0	59.170	137.170	0	144.900	0	0	
0	[SLAMPOS]	0	59.880	136.130	0	144.890	0	0	
0	[SLAMPOS]	0	60.060	135.850	0	144.900	0	0	
0	[SLAMPOS]	0	60.470	135.250	0	144.920	0	0	
0	[SLAMPOS]	0	60.920	134.580	0	144.940	0	0	
0	[SLAMPOS]	0	61.040	134.400	0	144.950	0	0	
0	[SLAMPOS]	0	61.510	133.700	0	144.980	0	0	
0	[SLAMPOS]	0	61.650	133.500	0	145.000	0	0	
0	[SLAMPOS]	0	62.100	132.820	0	145.030	0	0	
0	[SLAMPOS]	0	62.520	132.200	0	145.070	0	0	
0	[SLAMPOS]	0	62.690	131.940	0	145.080	0	0	
0	[SLAMPOS]	0	63.150	131.240	0	145.120	0	0	
0	[SLAMPOS]	0	63.560	130.630	0	145.140	0	0	
0	[SLAMPOS]	0	64.020	129.940	0	145.170	0	0	
0	[SLAMPOS]	0	64.440	129.310	0	145.150	0	0	
0	[SLAMPOS]	0	64.900	128.610	0	145.150	0	0	
0	[SLAMPOS]	0	65.010	128.450	0	145.140	0	0	
0	[SLAMPOS]	0	65.450	127.770	0	145.130	0	0	
0	[SLAMPOS]	0	65.580	127.590	0	145.120	0	0	
0	[SLAMPOS]	0	66.100	126.800	0	145.110	0	0	
0	[SLAMPOS]	0	66.530	126.150	0	145.100	0	0	
0	[SLAMPOS]	0	66.670	125.950	0	145.090	0	0	
0	[SLAMPOS]	0	67.100	125.300	0	145.070	0	0	
0	[SLAMPOS]	0	67.510	124.700	0	145.050	0	0	
0	[SLAMPOS]	0	67.690	124.420	0	145.050	0	0	
0	[SLAMPOS]	0	68.380	123.400	0	145.010	0	0	
0	[SLAMPOS]	0	68.550	123.130	0	145.020	0	0	
0	[SLAMPOS]	0	68.960	122.540	0	144.980	0	0	
0	[SLAMPOS]	0	69.420	121.860	0	144.960	0	0	
0	[SLAMPOS]	0	69.550	121.670	0	144.950	0	0	
0	[SLAMPOS]	0	70.000	121.000	0	144.940	0	0	
0	[SLAMPOS]	0	70.450	120.330	0	144.910	0	0	
0	[SLAMPOS]	0	70.580	120.150	0	144.900	0	0	
0	[SLAMPOS]	0	71.020	119.480	0	144.880	0	0	
0	[SLAMPOS]	0	71.140	119.310	0	144.880	0	0	
0	[SLAMPOS]	0	71.600	118.640	0	144.850	0	0	
0	[SLAMPOS]	0	71.980	118.070	0	144.830	0	0	
0	[SLAMPOS]	0	72.420	117.400	0	144.820	0	0	
0	[SLAMPOS]	0	72.810	116.830	0	144.800	0	0	
0	[SLAMPOS]	0	73.260	116.160	0	144.790	0	0	
0	[SLAMPOS]	0	73.390	115.980	0	144.780	0	0	
0	[SLAMPOS]	0	73.830	115.320	0	144.770	0	0	
0	[SLAMPOS]	0	74.250	114.670	0	144.760	0	0	
0	[SLAMPOS]	0	74.410	114.440	0	144.750	0	0	
0	[SLAMPOS]	0	74.840	113.800	0	144.740	0	0	
0	[SLAMPOS]	0	74.970	113.630	0	144.730	0	0	
0	[SLAMPOS]	0	75.400	112.980	0	144.720	0	0	
0	[SLAMPOS]	0	75.790	112.420	0	144.700	0	0	
0	[SLAMPOS]	0	75.960	112.160	0	144.700	0	0	
0	[SLAMPOS]	0	76.380	111.530	0	144.680	0	0	
0	[SLAMPOS]	0	76.760	110.980	0	144.670	0	0	
0	[SLAMPOS]	0	76.930	110.730	0	144.660	0	0	
0	[SLAMPOS]	0	77.550	109.810	0	144.650	0	0	
0	[SLAMPOS]	0	77.740	109.540	0	144.640	0	0	
0	[SLAMPOS]	0	78.080	109.040	0	144.630	0	0	
0	[SLAMPOS]	0	78.470	108.470	0	144.610	0	0	
0	[SLAMPOS]	0	78.570	108.320	0	144.610	0	0	
0	[SLAMPOS]	0	78.980	107.720	0	144.590	0	0	
0	[SLAMPOS]	0	79.090	107.560	0	144.580	0	0	
0	[SLAMPOS]	0	79.480	106.980	0	144.570	0	0	
0	[SLAMPOS]	0	79.830	106.470	0	144.570	0	0	
0	[SLAMPOS]	0	79.990	106.240	0	144.560	0	0	
0	[SLAMPOS]	0	80.370	105.710	0	144.540	0	0	
0	[SLAMPOS]	0	80.710	105.190	0	144.530	0	0	
0	[SLAMPOS]	0	81.110	104.630	0	144.520	0	0	
0	[SLAMPOS]	0	81.440	104.140	0	144.520	0	0	
0	[SLAMPOS]	0	81.820	103.580	0	144.510	0	0	
0	[SLAMPOS]	0	81.930	103.430	0	144.500	0	0	
0	[SLAMPOS]	0	82.300	102.870	0	144.490	0	0	
0	[SLAMPOS]	0	82.400	102.720	0	144.490	0	0	
0	[SLAMPOS]	0	82.780	102.170	0	144.470	0	0	
0	[SLAMPOS]	0	83.110	101.690	0	144.450	0	0	
0	[SLAMPOS]	0	83.260	101.460	0	144.450	0	0	
0	[SLAMPOS]	0	83.600	100.960	0	144.450	0	0	
0	[SLAMPOS]	0	83.940	100.470	0	144.440	0	0	
0	[SLAMPOS]	0	84.070	100.270	0	144.440	0	0	
0	[SLAMPOS]	0	84.620	99.470	0	144.420	0	0	
0	[SLAMPOS]	0	84.760	99.270	0	144.420	0	0	
0	[SLAMPOS]	0	85.080	98.790	0	144.400	0	0	
0	[SLAMPOS]	0	85.440	98.280	0	144.380	0	0	
0	[SLAMPOS]	0	85.550	98.120	0	144.370	0	0	
0	[SLAMPOS]	0	85.890	97.610	0	144.370	0	0	
0	[SLAMPOS]	0	85.990	97.470	0	144.360	0	0	
0	[SLAMPOS]	0	86.350	96.950	0	144.360	0	0	
0	[SLAMPOS]	0	86.690	96.440	0	144.340	0	0	
0	[SLAMPOS]	0	87.000	96.010	0	144.330	0	0	
0	[SLAMPOS]	0	87.130	95.810	0	144.330	0	0	
0	[SLAMPOS]	0	87.430	95.370	0	144.310	0	0	
0	[SLAMPOS]	0	87.770	94.870	0	144.300	0	0	
0	[SLAMPOS]	0	88.070	94.430	0	144.300	0	0	
0	[SLAMPOS]	0	88.220	94.200	0	144.300	0	0	
0	[SLAMPOS]	0	88.540	93.730	0	144.300	0	0	
0	[SLAMPOS]	0	88.840	93.310	0	144.290	0	0	
0	[SLAMPOS]	0	89.170	92.840	0	144.270	0	0	
0	[SLAMPOS]	0	89.270	92.700	0	144.260	0	0	
0	[SLAMPOS]	0	89.600	92.220	0	144.250	0	0	
0	[SLAMPOS]	0	89.700	92.080	0	144.250	0	0	
0	[SLAMPOS]	0	90.000	91.630	0	144.240	0	0	
0	[SLAMPOS]	0	90.290	91.210	0	144.240	0	0	
0	[SLAMPOS]	0	90.420	91.030	0	144.240	0	0	
0	[SLAMPOS]	0	90.900	90.330	0	144.240	0	0	
0	[SLAMPOS]	0	91.020	90.150	0	144.230	0	0	
0	[SLAMPOS]	0	91.300	89.750	0	144.220	0	0	
0	[SLAMPOS]	0	91.590	89.320	0	144.250	0	0	
0	[SLAMPOS]	0	91.710	89.140	0	144.290	0	0	
0	[SLAMPOS]	0	92.040	88.670	0	144.320	0	0	
0	[SLAMPOS]	0	92.320	88.250	0	144.380	0	0	
0	[SLAMPOS]	0	92.410	88.130	0	144.400	0	0	
0	[SLAMPOS]	0	92.710	87.690	0	144.430	0	0	
0	[SLAMPOS]	0	93.010	87.240	0	144.470	0	0	
0	[SLAMPOS]	0	93.070	87.160	0	144.490	0	0	
0	[SLAMPOS]	0	93.380	86.700	0	144.540	0	0	
0	[SLAMPOS]	0	93.470	86.580	0	144.550	0	0	
0	[SLAMPOS]	0	93.750	86.150	0	144.580	0	0	
0	[SLAMPOS]	0	94.020	85.760	0	144.630	0	0	
0	[SLAMPOS]	0	94.120	85.610	0	144.650	0	0	
0	[SLAMPOS]	0	94.550	84.980	0	144.710	0	0	
0	[SLAMPOS]	0	94.680	84.770	0	144.740	0	0	
0	[SLAMPOS]	0	94.930	84.410	0	144.770	0	0	
0	[SLAMPOS]	0	95.180	84.030	0	144.820	0	0	
0	[SLAMPOS]	0	95.280	83.870	0	144.840	0	0	
0	[SLAMPOS]	0	95.520	83.530	0	144.880	0	0	
0	[SLAMPOS]	0	95.780	83.130	0	144.920	0	0	
0	[SLAMPOS]	0	95.850	83.030	0	144.950	0	0	
0	[SLAMPOS]	0	96.100	82.640	0	145.000	0	0	
0	[SLAMPOS]	0	96.350	82.280	0	145.100	0	0	
0	[SLAMPOS]	0	96.440	82.140	0	145.130	0	0	
0	[SLAMPOS]	0	96.820	81.570	0	145.330	0	0	
0	[SLAMPOS]	0	96.920	81.420	0	145.380	0	0	
0	[SLAMPOS]	0	97.010	81.270	0	145.440	0	0	
0	[SLAMPOS]	0	97.370	80.720	0	145.730	0	0	
0	[SLAMPOS]	0	97.450	80.580	0	145.800	0	0	
0	[SLAMPOS]	0	97.670	80.250	0	146.000	0	0	
0	[SLAMPOS]	0	97.880	79.890	0	146.250	0	0	
0	[SLAMPOS]	0	97.960	79.790	0	146.380	0	0	
0	[SLAMPOS]	0	98.170	79.450	0	146.650	0	0	
0	[SLAMPOS]	0	98.240	79.350	0	146.790	0	0	
0	[SLAMPOS]	0	98.440	79.020	0	147.110	0	0	
0	[SLAMPOS]	0	98.630	78.720	0	147.510	0	0	
0	[SLAMPOS]	0	98.710	78.570	0	147.690	0	0	
0	[SLAMPOS]	0	98.910	78.230	0	148.140	0	0	
0	[SLAMPOS]	0	99.080	77.930	0	148.660	0	0	
0	[SLAMPOS]	0	99.270	77.570	0	149.320	0	0	
0	[SLAMPOS]	0	99.420	77.280	0	149.930	0	0	
0	[SLAMPOS]	0	99.500	77.130	0	150.220	0	0	
