0	[SLAMPOS]	0	30.080	17.140	0	239.220	0	0	
0	[SLAMPOS]	0	29.650	16.900	0	239.260	0	0	
0	[SLAMPOS]	0	29.510	16.810	0	239.260	0	0	
0	[SLAMPOS]	0	29.210	16.650	0	239.310	0	0	
0	[SLAMPOS]	0	28.910	16.470	0	239.300	0	0	
0	[SLAMPOS]	0	28.790	16.400	0	239.320	0	0	
0	[SLAMPOS]	0	28.370	16.170	0	239.370	0	0	
0	[SLAMPOS]	0	27.950	15.930	0	239.390	0	0	
0	[SLAMPOS]	0	27.760	15.830	0	239.400	0	0	
0	[SLAMPOS]	0	27.550	15.720	0	239.430	0	0	
0	[SLAMPOS]	0	27.080	15.460	0	239.460	0	0	
0	[SLAMPOS]	0	26.660	15.230	0	239.510	0	0	
0	[SLAMPOS]	0	26.220	14.990	0	239.540	0	0	
0	[SLAMPOS]	0	26.150	14.940	0	239.540	0	0	
0	[SLAMPOS]	0	25.730	14.700	0	239.550	0	0	
0	[SLAMPOS]	0	25.660	14.660	0	239.560	0	0	
0	[SLAMPOS]	0	25.290	14.450	0	239.580	0	0	
0	[SLAMPOS]	0	24.930	14.250	0	239.590	0	0	
0	[SLAMPOS]	0	24.640	14.100	0	239.630	0	0	
0	[SLAMPOS]	0	24.360	13.940	0	239.650	0	0	
0	[SLAMPOS]	0	23.930	13.690	0	239.680	0	0	
0	[SLAMPOS]	0	23.480	13.440	0	239.710	0	0	
0	[SLAMPOS]	0	23.100	13.220	0	239.720	0	0	
0	[SLAMPOS]	0	22.930	13.130	0	239.730	0	0	
0	[SLAMPOS]	0	22.630	12.960	0	239.750	0	0	
0	[SLAMPOS]	0	22.280	12.750	0	239.710	0	0	
0	[SLAMPOS]	0	22.030	12.630	0	239.710	0	0	
0	[SLAMPOS]	0	21.730	12.450	0	239.690	0	0	
0	[SLAMPOS]	0	21.240	12.180	0	239.670	0	0	
0	[SLAMPOS]	0	21.080	12.100	0	239.650	0	0	
0	[SLAMPOS]	0	20.820	11.950	0	239.630	0	0	
0	[SLAMPOS]	0	20.420	11.740	0	239.640	0	0	
0	[SLAMPOS]	0	20.250	11.660	0	239.650	0	0	
0	[SLAMPOS]	0	19.830	11.410	0	239.620	0	0	
0	[SLAMPOS]	0	19.440	11.200	0	239.600	0	0	
0	[SLAMPOS]	0	19.080	10.990	0	239.550	0	0	
0	[SLAMPOS]	0	19.000	10.940	0	239.550	0	0	
0	[SLAMPOS]	0	18.600	10.700	0	239.520	0	0	
0	[SLAMPOS]	0	18.220	10.500	0	239.530	0	0	
0	[SLAMPOS]	0	17.710	10.210	0	239.500	0	0	
0	[SLAMPOS]	0	17.250	9.960	0	239.470	0	0	
0	[SLAMPOS]	0	17.020	9.820	0	239.450	0	0	
0	[SLAMPOS]	0	16.840	9.720	0	239.440	0	0	
0	[SLAMPOS]	0	16.380	9.480	0	239.430	0	0	
0	[SLAMPOS]	0	15.870	9.190	0	239.410	0	0	
0	[SLAMPOS]	0	15.500	8.980	0	239.390	0	0	
0	[SLAMPOS]	0	15.390	8.920	0	239.400	0	0	
0	[SLAMPOS]	0	14.980	8.690	0	239.430	0	0	
0	[SLAMPOS]	0	14.570	8.460	0	239.420	0	0	
0	[SLAMPOS]	0	14.130	8.210	0	239.430	0	0	
0	[SLAMPOS]	0	13.540	7.880	0	239.470	0	0	
0	[SLAMPOS]	0	13.410	7.820	0	239.480	0	0	
0	[SLAMPOS]	0	13.110	7.640	0	239.500	0	0	
0	[SLAMPOS]	0	12.690	7.400	0	239.480	0	0	
0	[SLAMPOS]	0	12.500	7.300	0	239.490	0	0	
0	[SLAMPOS]	0	11.980	7.010	0	239.530	0	0	
0	[SLAMPOS]	0	11.660	6.830	0	239.550	0	0	
0	[SLAMPOS]	0	11.290	6.630	0	239.560	0	0	
0	[SLAMPOS]	0	11.300	6.640	0	239.560	0	0	
0	[SLAMPOS]	0	10.740	6.330	0	239.600	0	0	
0	[SLAMPOS]	0	10.600	6.250	0	239.610	0	0	
0	[SLAMPOS]	0	10.290	6.080	0	239.630	0	0	
0	[SLAMPOS]	0	9.850	5.830	0	239.660	0	0	
0	[SLAMPOS]	0	9.470	5.630	0	239.720	0	0	
0	[SLAMPOS]	0	9.360	5.560	0	239.740	0	0	
0	[SLAMPOS]	0	8.910	5.310	0	239.810	0	0	
0	[SLAMPOS]	0	8.700	5.180	0	239.820	0	0	
0	[SLAMPOS]	0	8.420	5.040	0	239.870	0	0	
0	[SLAMPOS]	0	8.040	4.850	0	239.940	0	0	
0	[SLAMPOS]	0	7.580	4.600	0	240.000	0	0	
0	[SLAMPOS]	0	7.470	4.530	0	240.020	0	0	
0	[SLAMPOS]	0	7.040	4.290	0	240.060	0	0	
0	[SLAMPOS]	0	6.680	4.090	0	240.100	0	0	
0	[SLAMPOS]	0	6.310	3.880	0	240.140	0	0	
0	[SLAMPOS]	0	6.130	3.790	0	240.170	0	0	
0	[SLAMPOS]	0	5.750	3.580	0	240.210	0	0	
0	[SLAMPOS]	0	5.590	3.490	0	240.210	0	0	
0	[SLAMPOS]	0	5.040	3.190	0	240.220	0	0	
0	[SLAMPOS]	0	4.660	3.000	0	240.270	0	0	
0	[SLAMPOS]	0	4.290	2.790	0	240.250	0	0	
0	[SLAMPOS]	0	4.050	2.660	0	240.230	0	0	
0	[SLAMPOS]	0	3.550	2.400	0	240.220	0	0	
0	[SLAMPOS]	0	3.150	2.180	0	240.150	0	0	
0	[SLAMPOS]	0	2.750	1.960	0	240.090	0	0	
0	[SLAMPOS]	0	2.600	1.870	0	240.060	0	0	
0	[SLAMPOS]	0	2.160	1.630	0	240.010	0	0	
0	[SLAMPOS]	0	1.680	1.360	0	239.960	0	0	
0	[SLAMPOS]	0	1.620	1.330	0	239.950	0	0	
0	[SLAMPOS]	0	1.220	1.110	0	239.910	0	0	
0	[SLAMPOS]	0	1.120	1.050	0	239.890	0	0	
0	[SLAMPOS]	0	0.720	0.820	0	239.830	0	0	
0	[SLAMPOS]	0	0.290	0.590	0	239.780	0	0	
0	[SLAMPOS]	0	0.180	0.530	0	239.770	0	0	
0	[SLAMPOS]	0	-0.230	0.310	0	239.740	0	0	
0	[SLAMPOS]	0	-0.590	0.100	0	239.710	0	0	
0	[SLAMPOS]	0	-0.810	-0.020	0	239.700	0	0	
0	[SLAMPOS]	0	-1.400	-0.350	0	239.640	0	0	
0	[SLAMPOS]	0	-1.530	-0.430	0	239.620	0	0	
0	[SLAMPOS]	0	-1.870	-0.620	0	239.600	0	0	
0	[SLAMPOS]	0	-2.300	-0.850	0	239.570	0	0	
0	[SLAMPOS]	0	-2.610	-1.030	0	239.550	0	0	
0	[SLAMPOS]	0	-2.940	-1.210	0	239.530	0	0	
0	[SLAMPOS]	0	-3.320	-1.410	0	239.500	0	0	
0	[SLAMPOS]	0	-3.450	-1.490	0	239.490	0	0	
0	[SLAMPOS]	0	-3.910	-1.740	0	239.470	0	0	
0	[SLAMPOS]	0	-4.390	-2.010	0	239.440	0	0	
0	[SLAMPOS]	0	-4.490	-2.060	0	239.450	0	0	
0	[SLAMPOS]	0	-4.980	-2.350	0	239.420	0	0	
0	[SLAMPOS]	0	-5.410	-2.590	0	239.440	0	0	
0	[SLAMPOS]	0	-5.550	-2.680	0	239.430	0	0	
0	[SLAMPOS]	0	-6.020	-2.940	0	239.430	0	0	
0	[SLAMPOS]	0	-6.570	-3.250	0	239.430	0	0	
0	[SLAMPOS]	0	-6.660	-3.300	0	239.430	0	0	
0	[SLAMPOS]	0	-7.150	-3.580	0	239.420	0	0	
0	[SLAMPOS]	0	-7.640	-3.850	0	239.430	0	0	
0	[SLAMPOS]	0	-8.130	-4.140	0	239.410	0	0	
0	[SLAMPOS]	0	-8.670	-4.440	0	239.400	0	0	
0	[SLAMPOS]	0	-8.790	-4.510	0	239.390	0	0	
0	[SLAMPOS]	0	-9.130	-4.700	0	239.390	0	0	
0	[SLAMPOS]	0	-9.290	-4.780	0	239.410	0	0	
0	[SLAMPOS]	0	-9.980	-5.160	0	239.430	0	0	
0	[SLAMPOS]	0	-10.210	-5.290	0	239.430	0	0	
0	[SLAMPOS]	0	-10.430	-5.430	0	239.390	0	0	
0	[SLAMPOS]	0	-11.150	-5.820	0	239.490	0	0	
0	[SLAMPOS]	0	-11.400	-5.970	0	239.520	0	0	
0	[SLAMPOS]	0	-11.590	-6.070	0	239.560	0	0	
0	[SLAMPOS]	0	-12.310	-6.460	0	239.660	0	0	
0	[SLAMPOS]	0	-12.490	-6.580	0	239.660	0	0	
0	[SLAMPOS]	0	-12.800	-6.750	0	239.690	0	0	
0	[SLAMPOS]	0	-13.600	-7.200	0	239.770	0	0	
0	[SLAMPOS]	0	-14.170	-7.510	0	239.810	0	0	
0	[SLAMPOS]	0	-14.650	-7.780	0	239.840	0	0	
0	[SLAMPOS]	0	-15.210	-8.100	0	239.870	0	0	
0	[SLAMPOS]	0	-15.440	-8.220	0	239.890	0	0	
0	[SLAMPOS]	0	-15.660	-8.340	0	239.890	0	0	
0	[SLAMPOS]	0	-16.380	-8.740	0	239.920	0	0	
0	[SLAMPOS]	0	-16.590	-8.840	0	239.940	0	0	
0	[SLAMPOS]	0	-17.030	-9.090	0	239.940	0	0	
0	[SLAMPOS]	0	-17.510	-9.350	0	239.920	0	0	
0	[SLAMPOS]	0	-17.630	-9.420	0	239.910	0	0	
0	[SLAMPOS]	0	-18.140	-9.690	0	239.890	0	0	
0	[SLAMPOS]	0	-18.710	-10.010	0	239.860	0	0	
0	[SLAMPOS]	0	-18.820	-10.070	0	239.850	0	0	
0	[SLAMPOS]	0	-19.330	-10.350	0	239.840	0	0	
0	[SLAMPOS]	0	-19.450	-10.420	0	239.830	0	0	
0	[SLAMPOS]	0	-20.050	-10.760	0	239.800	0	0	
0	[SLAMPOS]	0	-20.600	-11.060	0	239.780	0	0	
0	[SLAMPOS]	0	-21.150	-11.370	0	239.750	0	0	
0	[SLAMPOS]	0	-21.210	-11.410	0	239.750	0	0	
0	[SLAMPOS]	0	-21.740	-11.710	0	239.710	0	0	
0	[SLAMPOS]	0	-22.130	-11.930	0	239.700	0	0	
0	[SLAMPOS]	0	-22.300	-12.020	0	239.700	0	0	
0	[SLAMPOS]	0	-23.090	-12.470	0	239.690	0	0	
0	[SLAMPOS]	0	-23.230	-12.540	0	239.690	0	0	
0	[SLAMPOS]	0	-23.660	-12.770	0	239.710	0	0	
0	[SLAMPOS]	0	-24.230	-13.080	0	239.720	0	0	
0	[SLAMPOS]	0	-24.410	-13.170	0	239.730	0	0	
0	[SLAMPOS]	0	-24.820	-13.400	0	239.780	0	0	
0	[SLAMPOS]	0	-24.920	-13.450	0	239.790	0	0	
0	[SLAMPOS]	0	-25.360	-13.700	0	239.840	0	0	
0	[SLAMPOS]	0	-25.750	-13.920	0	239.870	0	0	
0	[SLAMPOS]	0	-26.080	-14.110	0	239.880	0	0	
0	[SLAMPOS]	0	-26.570	-14.380	0	239.920	0	0	
0	[SLAMPOS]	0	-27.000	-14.620	0	239.940	0	0	
0	[SLAMPOS]	0	-27.310	-14.800	0	239.930	0	0	
0	[SLAMPOS]	0	-27.870	-15.100	0	239.920	0	0	
0	[SLAMPOS]	0	-28.460	-15.430	0	239.890	0	0	
0	[SLAMPOS]	0	-29.040	-15.740	0	239.850	0	0	
0	[SLAMPOS]	0	-29.330	-15.900	0	239.810	0	0	
0	[SLAMPOS]	0	-29.770	-16.140	0	239.780	0	0	
0	[SLAMPOS]	0	-30.180	-16.380	0	239.740	0	0	
0	[SLAMPOS]	0	-30.470	-16.530	0	239.730	0	0	
0	[SLAMPOS]	0	-30.940	-16.810	0	239.690	0	0	
0	[SLAMPOS]	0	-31.040	-16.870	0	239.680	0	0	
0	[SLAMPOS]	0	-31.580	-17.180	0	239.620	0	0	
0	[SLAMPOS]	0	-32.260	-17.570	0	239.570	0	0	
0	[SLAMPOS]	0	-32.870	-17.900	0	239.540	0	0	
0	[SLAMPOS]	0	-33.090	-18.040	0	239.500	0	0	
0	[SLAMPOS]	0	-33.670	-18.350	0	239.470	0	0	
0	[SLAMPOS]	0	-33.940	-18.500	0	239.450	0	0	
0	[SLAMPOS]	0	-34.680	-18.920	0	239.390	0	0	
0	[SLAMPOS]	0	-34.960	-19.090	0	239.360	0	0	
0	[SLAMPOS]	0	-35.110	-19.170	0	239.360	0	0	
0	[SLAMPOS]	0	-35.720	-19.530	0	239.300	0	0	
0	[SLAMPOS]	0	-36.160	-19.780	0	239.280	0	0	
0	[SLAMPOS]	0	-36.330	-19.870	0	239.260	0	0	
0	[SLAMPOS]	0	-36.880	-20.190	0	239.210	0	0	
0	[SLAMPOS]	0	-37.540	-20.550	0	239.170	0	0	
0	[SLAMPOS]	0	-37.710	-20.660	0	239.160	0	0	
0	[SLAMPOS]	0	-38.260	-20.970	0	239.110	0	0	
0	[SLAMPOS]	0	-38.860	-21.320	0	239.050	0	0	
0	[SLAMPOS]	0	-39.300	-21.540	0	239.050	0	0	
0	[SLAMPOS]	0	-39.470	-21.650	0	239.040	0	0	
0	[SLAMPOS]	0	-39.960	-21.940	0	238.980	0	0	
0	[SLAMPOS]	0	-40.590	-22.270	0	238.950	0	0	
0	[SLAMPOS]	0	-41.140	-22.600	0	238.900	0	0	
0	[SLAMPOS]	0	-41.310	-22.700	0	238.880	0	0	
0	[SLAMPOS]	0	-41.940	-23.070	0	238.840	0	0	
0	[SLAMPOS]	0	-42.160	-23.210	0	238.810	0	0	
0	[SLAMPOS]	0	-42.850	-23.600	0	238.760	0	0	
0	[SLAMPOS]	0	-43.060	-23.720	0	238.750	0	0	
0	[SLAMPOS]	0	-43.570	-24.000	0	238.730	0	0	
0	[SLAMPOS]	0	-44.010	-24.260	0	238.690	0	0	
0	[SLAMPOS]	0	-44.800	-24.700	0	238.630	0	0	
0	[SLAMPOS]	0	-44.940	-24.790	0	238.610	0	0	
0	[SLAMPOS]	0	-45.430	-25.070	0	238.590	0	0	
0	[SLAMPOS]	0	-45.490	-25.110	0	238.580	0	0	
0	[SLAMPOS]	0	-46.090	-25.470	0	238.540	0	0	
0	[SLAMPOS]	0	-46.500	-25.710	0	238.510	0	0	
0	[SLAMPOS]	0	-46.750	-25.860	0	238.480	0	0	
0	[SLAMPOS]	0	-47.370	-26.230	0	238.430	0	0	
0	[SLAMPOS]	0	-47.920	-26.570	0	238.370	0	0	
0	[SLAMPOS]	0	-48.560	-26.930	0	238.340	0	0	
0	[SLAMPOS]	0	-49.010	-27.210	0	238.300	0	0	
0	[SLAMPOS]	0	-49.480	-27.490	0	238.270	0	0	
0	[SLAMPOS]	0	-49.790	-27.670	0	238.240	0	0	
0	[SLAMPOS]	0	-50.280	-27.970	0	238.190	0	0	
0	[SLAMPOS]	0	-50.680	-28.200	0	238.170	0	0	
0	[SLAMPOS]	0	-50.980	-28.380	0	238.140	0	0	
0	[SLAMPOS]	0	-51.450	-28.660	0	238.110	0	0	
0	[SLAMPOS]	0	-51.890	-28.920	0	238.070	0	0	
0	[SLAMPOS]	0	-52.240	-29.130	0	238.040	0	0	
0	[SLAMPOS]	0	-52.700	-29.400	0	238.000	0	0	
0	[SLAMPOS]	0	-52.820	-29.480	0	237.990	0	0	
0	[SLAMPOS]	0	-53.400	-29.830	0	237.940	0	0	
0	[SLAMPOS]	0	-53.620	-29.950	0	237.920	0	0	
0	[SLAMPOS]	0	-54.190	-30.300	0	237.880	0	0	
0	[SLAMPOS]	0	-54.620	-30.560	0	237.840	0	0	
0	[SLAMPOS]	0	-55.070	-30.830	0	237.800	0	0	
0	[SLAMPOS]	0	-55.610	-31.160	0	237.750	0	0	
0	[SLAMPOS]	0	-55.760	-31.250	0	237.740	0	0	
0	[SLAMPOS]	0	-56.250	-31.540	0	237.720	0	0	
0	[SLAMPOS]	0	-56.770	-31.860	0	237.670	0	0	
0	[SLAMPOS]	0	-57.300	-32.180	0	237.620	0	0	
0	[SLAMPOS]	0	-57.380	-32.230	0	237.620	0	0	
0	[SLAMPOS]	0	-57.740	-32.450	0	237.600	0	0	
0	[SLAMPOS]	0	-57.890	-32.550	0	237.590	0	0	
0	[SLAMPOS]	0	-58.560	-32.960	0	237.590	0	0	
0	[SLAMPOS]	0	-58.710	-33.040	0	237.620	0	0	
0	[SLAMPOS]	0	-58.980	-33.200	0	237.630	0	0	
0	[SLAMPOS]	0	-59.690	-33.640	0	237.750	0	0	
0	[SLAMPOS]	0	-59.820	-33.710	0	237.760	0	0	
0	[SLAMPOS]	0	-60.190	-33.950	0	237.840	0	0	
0	[SLAMPOS]	0	-60.830	-34.320	0	238.020	0	0	
0	[SLAMPOS]	0	-61.090	-34.470	0	238.110	0	0	
0	[SLAMPOS]	0	-61.230	-34.550	0	238.130	0	0	
0	[SLAMPOS]	0	-61.830	-34.910	0	238.380	0	0	
0	[SLAMPOS]	0	-61.950	-34.980	0	238.480	0	0	
0	[SLAMPOS]	0	-62.400	-35.230	0	238.680	0	0	
0	[SLAMPOS]	0	-62.820	-35.460	0	238.910	0	0	
0	[SLAMPOS]	0	-62.930	-35.530	0	239.050	0	0	
0	[SLAMPOS]	0	-63.430	-35.810	0	239.460	0	0	
0	[SLAMPOS]	0	-63.780	-36.000	0	239.860	0	0	
0	[SLAMPOS]	0	-63.950	-36.090	0	240.010	0	0	
0	[SLAMPOS]	0	-64.580	-36.430	0	240.850	0	0	
0	[SLAMPOS]	0	-64.750	-36.510	0	241.060	0	0	
0	[SLAMPOS]	0	-65.140	-36.710	0	241.680	0	0	
0	[SLAMPOS]	0	-65.580	-36.910	0	242.340	0	0	
0	[SLAMPOS]	0	-65.760	-36.990	0	242.610	0	0	
0	[SLAMPOS]	0	-66.140	-37.170	0	243.330	0	0	
0	[SLAMPOS]	0	-66.540	-37.330	0	244.030	0	0	
0	[SLAMPOS]	0	-66.660	-37.390	0	244.320	0	0	
0	[SLAMPOS]	0	-67.070	-37.550	0	245.130	0	0	
0	[SLAMPOS]	0	-67.440	-37.710	0	246.030	0	0	
0	[SLAMPOS]	0	-67.590	-37.760	0	246.330	0	0	
0	[SLAMPOS]	0	-68.220	-37.990	0	248.020	0	0	
0	[SLAMPOS]	0	-68.370	-38.030	0	248.400	0	0	
0	[SLAMPOS]	0	-68.730	-38.150	0	249.550	0	0	
0	[SLAMPOS]	0	-69.160	-38.270	0	250.820	0	0	
0	[SLAMPOS]	0	-69.270	-38.310	0	251.250	0	0	
0	[SLAMPOS]	0	-69.670	-38.400	0	252.540	0	0	
0	[SLAMPOS]	0	-69.780	-38.430	0	252.970	0	0	
0	[SLAMPOS]	0	-70.190	-38.520	0	254.380	0	0	
0	[SLAMPOS]	0	-70.600	-38.590	0	255.840	0	0	
0	[SLAMPOS]	0	-70.700	-38.610	0	256.290	0	0	
0	[SLAMPOS]	0	-71.110	-38.670	0	257.820	0	0	
0	[SLAMPOS]	0	-71.470	-38.720	0	259.320	0	0	
0	[SLAMPOS]	0	-71.620	-38.730	0	259.870	0	0	
0	[SLAMPOS]	0	-72.230	-38.780	0	262.680	0	0	
0	[SLAMPOS]	0	-72.650	-38.780	0	264.550	0	0	
0	[SLAMPOS]	0	-72.720	-38.790	0	264.950	0	0	
0	[SLAMPOS]	0	-73.100	-38.770	0	266.770	0	0	
0	[SLAMPOS]	0	-73.580	-38.740	0	269.270	0	0	
0	[SLAMPOS]	0	-73.650	-38.740	0	269.640	0	0	
0	[SLAMPOS]	0	-73.930	-38.710	0	271.230	0	0	
0	[SLAMPOS]	0	-74.040	-38.690	0	271.710	0	0	
0	[SLAMPOS]	0	-74.600	-38.610	0	274.940	0	0	
0	[SLAMPOS]	0	-74.740	-38.570	0	275.670	0	0	
0	[SLAMPOS]	0	-75.070	-38.500	0	277.720	0	0	
0	[SLAMPOS]	0	-75.430	-38.400	0	279.830	0	0	
0	[SLAMPOS]	0	-75.750	-38.310	0	281.870	0	0	
0	[SLAMPOS]	0	-75.840	-38.290	0	282.490	0	0	
0	[SLAMPOS]	0	-76.210	-38.180	0	284.680	0	0	
0	[SLAMPOS]	0	-76.300	-38.150	0	285.320	0	0	
0	[SLAMPOS]	0	-76.670	-37.990	0	287.760	0	0	
0	[SLAMPOS]	0	-77.030	-37.810	0	290.150	0	0	
0	[SLAMPOS]	0	-77.400	-37.600	0	292.810	0	0	
0	[SLAMPOS]	0	-77.510	-37.550	0	293.580	0	0	
0	[SLAMPOS]	0	-77.810	-37.370	0	295.700	0	0	
0	[SLAMPOS]	0	-77.850	-37.360	0	295.950	0	0	
0	[SLAMPOS]	0	-78.190	-37.130	0	298.510	0	0	
0	[SLAMPOS]	0	-78.550	-36.870	0	301.120	0	0	
0	[SLAMPOS]	0	-78.610	-36.840	0	301.570	0	0	
0	[SLAMPOS]	0	-78.870	-36.620	0	303.460	0	0	
0	[SLAMPOS]	0	-79.100	-36.430	0	305.200	0	0	
0	[SLAMPOS]	0	-79.360	-36.180	0	307.280	0	0	
0	[SLAMPOS]	0	-79.600	-35.970	0	309.020	0	0	
0	[SLAMPOS]	0	-79.890	-35.660	0	311.230	0	0	
0	[SLAMPOS]	0	-79.990	-35.550	0	311.930	0	0	
0	[SLAMPOS]	0	-80.100	-35.440	0	312.630	0	0	
0	[SLAMPOS]	0	-80.500	-34.990	0	315.310	0	0	
0	[SLAMPOS]	0	-80.610	-34.840	0	316.040	0	0	
0	[SLAMPOS]	0	-80.690	-34.720	0	316.620	0	0	
0	[SLAMPOS]	0	-80.930	-34.410	0	318.180	0	0	
0	[SLAMPOS]	0	-81.240	-34.020	0	319.840	0	0	
0	[SLAMPOS]	0	-81.480	-33.670	0	321.140	0	0	
0	[SLAMPOS]	0	-81.710	-33.320	0	322.250	0	0	
0	[SLAMPOS]	0	-81.940	-32.960	0	323.200	0	0	
0	[SLAMPOS]	0	-82.010	-32.860	0	323.370	0	0	
0	[SLAMPOS]	0	-82.220	-32.500	0	324.070	0	0	
0	[SLAMPOS]	0	-82.440	-32.140	0	324.570	0	0	
0	[SLAMPOS]	0	-82.510	-32.040	0	324.670	0	0	
0	[SLAMPOS]	0	-82.710	-31.720	0	325.050	0	0	
0	[SLAMPOS]	0	-82.990	-31.300	0	325.400	0	0	
0	[SLAMPOS]	0	-83.000	-31.250	0	325.620	0	0	
0	[SLAMPOS]	0	-83.300	-30.830	0	325.610	0	0	
0	[SLAMPOS]	0	-83.430	-30.630	0	325.670	0	0	
0	[SLAMPOS]	0	-83.490	-30.540	0	325.700	0	0	
0	[SLAMPOS]	0	-83.820	-30.030	0	325.740	0	0	
0	[SLAMPOS]	0	-83.930	-29.870	0	325.750	0	0	
0	[SLAMPOS]	0	-84.130	-29.570	0	325.760	0	0	
0	[SLAMPOS]	0	-84.370	-29.200	0	325.770	0	0	
0	[SLAMPOS]	0	-84.440	-29.100	0	325.770	0	0	
0	[SLAMPOS]	0	-84.680	-28.730	0	325.790	0	0	
0	[SLAMPOS]	0	-84.750	-28.620	0	325.800	0	0	
0	[SLAMPOS]	0	-84.990	-28.250	0	325.800	0	0	
0	[SLAMPOS]	0	-85.210	-27.920	0	325.800	0	0	
0	[SLAMPOS]	0	-85.460	-27.520	0	325.810	0	0	
0	[SLAMPOS]	0	-85.550	-27.360	0	325.830	0	0	
0	[SLAMPOS]	0	-85.780	-27.020	0	325.830	0	0	
0	[SLAMPOS]	0	-86.030	-26.600	0	325.820	0	0	
0	[SLAMPOS]	0	-86.270	-26.250	0	325.780	0	0	
0	[SLAMPOS]	0	-86.550	-25.810	0	325.770	0	0	
0	[SLAMPOS]	0	-86.610	-25.720	0	325.760	0	0	
0	[SLAMPOS]	0	-86.900	-25.260	0	325.750	0	0	
0	[SLAMPOS]	0	-86.970	-25.170	0	325.740	0	0	
0	[SLAMPOS]	0	-87.230	-24.740	0	325.740	0	0	
0	[SLAMPOS]	0	-87.540	-24.290	0	325.700	0	0	
0	[SLAMPOS]	0	-87.610	-24.170	0	325.690	0	0	
0	[SLAMPOS]	0	-87.910	-23.730	0	325.670	0	0	
0	[SLAMPOS]	0	-88.170	-23.350	0	325.650	0	0	
0	[SLAMPOS]	0	-88.280	-23.180	0	325.650	0	0	
0	[SLAMPOS]	0	-88.740	-22.470	0	325.620	0	0	
0	[SLAMPOS]	0	-88.840	-22.320	0	325.620	0	0	
0	[SLAMPOS]	0	-89.110	-21.920	0	325.590	0	0	
0	[SLAMPOS]	0	-89.420	-21.420	0	325.590	0	0	
0	[SLAMPOS]	0	-89.510	-21.290	0	325.580	0	0	
0	[SLAMPOS]	0	-89.820	-20.800	0	325.560	0	0	
0	[SLAMPOS]	0	-90.100	-20.380	0	325.530	0	0	
0	[SLAMPOS]	0	-90.270	-20.130	0	325.500	0	0	
0	[SLAMPOS]	0	-90.580	-19.630	0	325.500	0	0	
0	[SLAMPOS]	0	-90.860	-19.210	0	325.480	0	0	
0	[SLAMPOS]	0	-90.990	-19.010	0	325.470	0	0	
0	[SLAMPOS]	0	-91.480	-18.260	0	325.440	0	0	
0	[SLAMPOS]	0	-91.630	-18.050	0	325.420	0	0	
0	[SLAMPOS]	0	-91.920	-17.610	0	325.390	0	0	
0	[SLAMPOS]	0	-92.260	-17.090	0	325.370	0	0	
0	[SLAMPOS]	0	-92.340	-16.960	0	325.360	0	0	
0	[SLAMPOS]	0	-92.690	-16.440	0	325.330	0	0	
0	[SLAMPOS]	0	-92.780	-16.300	0	325.320	0	0	
0	[SLAMPOS]	0	-93.120	-15.770	0	325.330	0	0	
0	[SLAMPOS]	0	-93.470	-15.240	0	325.290	0	0	
0	[SLAMPOS]	0	-93.560	-15.110	0	325.280	0	0	
0	[SLAMPOS]	0	-93.910	-14.570	0	325.260	0	0	
0	[SLAMPOS]	0	-94.230	-14.080	0	325.240	0	0	
0	[SLAMPOS]	0	-94.600	-13.560	0	325.200	0	0	
0	[SLAMPOS]	0	-94.910	-13.080	0	325.190	0	0	
0	[SLAMPOS]	0	-95.290	-12.510	0	325.170	0	0	
0	[SLAMPOS]	0	-95.380	-12.380	0	325.160	0	0	
0	[SLAMPOS]	0	-95.750	-11.800	0	325.150	0	0	
0	[SLAMPOS]	0	-95.840	-11.670	0	325.160	0	0	
0	[SLAMPOS]	0	-96.240	-11.090	0	325.120	0	0	
0	[SLAMPOS]	0	-96.560	-10.600	0	325.140	0	0	
0	[SLAMPOS]	0	-96.710	-10.370	0	325.170	0	0	
0	[SLAMPOS]	0	-97.110	-9.750	0	325.210	0	0	
0	[SLAMPOS]	0	-97.440	-9.260	0	325.230	0	0	
0	[SLAMPOS]	0	-97.560	-9.060	0	325.240	0	0	
0	[SLAMPOS]	0	-98.160	-8.160	0	325.270	0	0	
0	[SLAMPOS]	0	-98.310	-7.920	0	325.280	0	0	
0	[SLAMPOS]	0	-98.670	-7.380	0	325.310	0	0	
0	[SLAMPOS]	0	-99.040	-6.800	0	325.340	0	0	
0	[SLAMPOS]	0	-99.150	-6.650	0	325.340	0	0	
0	[SLAMPOS]	0	-99.540	-6.050	0	325.360	0	0	
0	[SLAMPOS]	0	-99.940	-5.430	0	325.370	0	0	
0	[SLAMPOS]	0	-100.090	-5.210	0	325.350	0	0	
0	[SLAMPOS]	0	-100.490	-4.610	0	325.370	0	0	
0	[SLAMPOS]	0	-100.620	-4.430	0	325.360	0	0	
0	[SLAMPOS]	0	-100.990	-3.850	0	325.340	0	0	
0	[SLAMPOS]	0	-101.340	-3.350	0	325.300	0	0	
0	[SLAMPOS]	0	-101.500	-3.100	0	325.290	0	0	
0	[SLAMPOS]	0	-101.890	-2.490	0	325.280	0	0	
0	[SLAMPOS]	0	-102.260	-1.950	0	325.250	0	0	
0	[SLAMPOS]	0	-102.640	-1.360	0	325.240	0	0	
0	[SLAMPOS]	0	-103.000	-0.820	0	325.210	0	0	
0	[SLAMPOS]	0	-103.400	-0.210	0	325.180	0	0	
0	[SLAMPOS]	0	-103.500	-0.060	0	325.170	0	0	
0	[SLAMPOS]	0	-103.900	0.570	0	325.170	0	0	
0	[SLAMPOS]	0	-104.020	0.740	0	325.160	0	0	
0	[SLAMPOS]	0	-104.420	1.350	0	325.120	0	0	
0	[SLAMPOS]	0	-104.780	1.890	0	325.100	0	0	
0	[SLAMPOS]	0	-104.940	2.130	0	325.080	0	0	
0	[SLAMPOS]	0	-105.550	3.050	0	325.050	0	0	
0	[SLAMPOS]	0	-105.710	3.290	0	325.040	0	0	
0	[SLAMPOS]	0	-105.870	3.540	0	325.050	0	0	
0	[SLAMPOS]	0	-106.500	4.470	0	325.040	0	0	
0	[SLAMPOS]	0	-106.660	4.690	0	325.020	0	0	
0	[SLAMPOS]	0	-107.030	5.240	0	325.030	0	0	
0	[SLAMPOS]	0	-107.450	5.870	0	325.050	0	0	
0	[SLAMPOS]	0	-107.660	6.170	0	325.050	0	0	
0	[SLAMPOS]	0	-108.030	6.720	0	325.050	0	0	
0	[SLAMPOS]	0	-108.440	7.350	0	325.070	0	0	
0	[SLAMPOS]	0	-108.560	7.520	0	325.080	0	0	
0	[SLAMPOS]	0	-108.980	8.160	0	325.080	0	0	
0	[SLAMPOS]	0	-109.100	8.340	0	325.090	0	0	
0	[SLAMPOS]	0	-109.530	8.990	0	325.100	0	0	
0	[SLAMPOS]	0	-109.890	9.530	0	325.120	0	0	
0	[SLAMPOS]	0	-110.060	9.790	0	325.120	0	0	
0	[SLAMPOS]	0	-110.700	10.740	0	325.130	0	0	
0	[SLAMPOS]	0	-110.880	11.000	0	325.130	0	0	
0	[SLAMPOS]	0	-111.060	11.270	0	325.130	0	0	
0	[SLAMPOS]	0	-111.690	12.220	0	325.160	0	0	
0	[SLAMPOS]	0	-111.850	12.470	0	325.160	0	0	
0	[SLAMPOS]	0	-112.230	13.040	0	325.180	0	0	
0	[SLAMPOS]	0	-112.670	13.690	0	325.170	0	0	
0	[SLAMPOS]	0	-112.780	13.860	0	325.190	0	0	
0	[SLAMPOS]	0	-113.210	14.520	0	325.220	0	0	
0	[SLAMPOS]	0	-113.330	14.700	0	325.240	0	0	
0	[SLAMPOS]	0	-113.760	15.360	0	325.280	0	0	
0	[SLAMPOS]	0	-114.200	16.020	0	325.310	0	0	
0	[SLAMPOS]	0	-114.580	16.600	0	325.340	0	0	
0	[SLAMPOS]	0	-114.750	16.860	0	325.360	0	0	
0	[SLAMPOS]	0	-115.410	17.850	0	325.430	0	0	
0	[SLAMPOS]	0	-115.580	18.120	0	325.440	0	0	
0	[SLAMPOS]	0	-115.970	18.690	0	325.470	0	0	
0	[SLAMPOS]	0	-116.420	19.370	0	325.500	0	0	
0	[SLAMPOS]	0	-116.540	19.540	0	325.510	0	0	
0	[SLAMPOS]	0	-116.970	20.200	0	325.540	0	0	
0	[SLAMPOS]	0	-117.400	20.870	0	325.580	0	0	
0	[SLAMPOS]	0	-117.510	21.030	0	325.590	0	0	
0	[SLAMPOS]	0	-117.900	21.600	0	325.620	0	0	
0	[SLAMPOS]	0	-118.060	21.860	0	325.630	0	0	
0	[SLAMPOS]	0	-118.490	22.550	0	325.660	0	0	
0	[SLAMPOS]	0	-118.880	23.130	0	325.690	0	0	
0	[SLAMPOS]	0	-119.310	23.800	0	325.720	0	0	
0	[SLAMPOS]	0	-119.710	24.400	0	325.750	0	0	
0	[SLAMPOS]	0	-119.880	24.670	0	325.760	0	0	
0	[SLAMPOS]	0	-120.260	25.260	0	325.800	0	0	
0	[SLAMPOS]	0	-120.720	25.950	0	325.820	0	0	
0	[SLAMPOS]	0	-120.920	26.270	0	325.830	0	0	
0	[SLAMPOS]	0	-121.340	26.930	0	325.880	0	0	
0	[SLAMPOS]	0	-121.750	27.550	0	325.890	0	0	
0	[SLAMPOS]	0	-121.880	27.750	0	325.910	0	0	
0	[SLAMPOS]	0	-122.320	28.440	0	325.940	0	0	
0	[SLAMPOS]	0	-122.730	29.070	0	325.970	0	0	
0	[SLAMPOS]	0	-122.920	29.360	0	325.980	0	0	
0	[SLAMPOS]	0	-123.310	29.960	0	326.010	0	0	
0	[SLAMPOS]	0	-123.760	30.650	0	326.030	0	0	
0	[SLAMPOS]	0	-124.160	31.260	0	326.060	0	0	
0	[SLAMPOS]	0	-124.610	31.980	0	326.090	0	0	
0	[SLAMPOS]	0	-124.770	32.240	0	326.090	0	0	
0	[SLAMPOS]	0	-125.180	32.850	0	326.110	0	0	
0	[SLAMPOS]	0	-125.630	33.570	0	326.140	0	0	
0	[SLAMPOS]	0	-125.760	33.760	0	326.150	0	0	
0	[SLAMPOS]	0	-126.210	34.480	0	326.170	0	0	
0	[SLAMPOS]	0	-126.330	34.670	0	326.170	0	0	
0	[SLAMPOS]	0	-126.760	35.370	0	326.200	0	0	
0	[SLAMPOS]	0	-127.170	36.010	0	326.210	0	0	
0	[SLAMPOS]	0	-127.600	36.690	0	326.220	0	0	
0	[SLAMPOS]	0	-128.040	37.370	0	326.220	0	0	
0	[SLAMPOS]	0	-128.470	38.060	0	326.220	0	0	
0	[SLAMPOS]	0	-128.590	38.230	0	326.210	0	0	
0	[SLAMPOS]	0	-129.070	38.950	0	326.190	0	0	
0	[SLAMPOS]	0	-129.520	39.680	0	326.200	0	0	
0	[SLAMPOS]	0	-129.650	39.870	0	326.190	0	0	
0	[SLAMPOS]	0	-130.130	40.610	0	326.190	0	0	
0	[SLAMPOS]	0	-130.240	40.770	0	326.190	0	0	
0	[SLAMPOS]	0	-130.690	41.500	0	326.190	0	0	
0	[SLAMPOS]	0	-131.120	42.150	0	326.180	0	0	
0	[SLAMPOS]	0	-131.310	42.440	0	326.180	0	0	
0	[SLAMPOS]	0	-132.010	43.530	0	326.170	0	0	
0	[SLAMPOS]	0	-132.200	43.840	0	326.170	0	0	
0	[SLAMPOS]	0	-132.600	44.460	0	326.170	0	0	
0	[SLAMPOS]	0	-133.070	45.210	0	326.170	0	0	
0	[SLAMPOS]	0	-133.240	45.480	0	326.170	0	0	
0	[SLAMPOS]	0	-133.660	46.120	0	326.160	0	0	
0	[SLAMPOS]	0	-134.130	46.890	0	326.160	0	0	
0	[SLAMPOS]	0	-134.290	47.120	0	326.150	0	0	
0	[SLAMPOS]	0	-134.720	47.800	0	326.150	0	0	
0	[SLAMPOS]	0	-135.150	48.460	0	326.140	0	0	
0	[SLAMPOS]	0	-135.340	48.770	0	326.140	0	0	
0	[SLAMPOS]	0	-136.050	49.860	0	326.140	0	0	
0	[SLAMPOS]	0	-135.970	49.750	0	326.140	0	0	
0	[SLAMPOS]	0	-136.460	50.500	0	326.130	0	0	
0	[SLAMPOS]	0	-136.930	51.230	0	326.130	0	0	
0	[SLAMPOS]	0	-137.110	51.490	0	326.120	0	0	
0	[SLAMPOS]	0	-137.820	52.590	0	326.110	0	0	
0	[SLAMPOS]	0	-138.000	52.890	0	326.100	0	0	
0	[SLAMPOS]	0	-138.180	53.170	0	326.110	0	0	
0	[SLAMPOS]	0	-138.900	54.260	0	326.080	0	0	
0	[SLAMPOS]	0	-139.110	54.610	0	326.090	0	0	
0	[SLAMPOS]	0	-139.490	55.200	0	326.080	0	0	
0	[SLAMPOS]	0	-139.940	55.910	0	326.070	0	0	
0	[SLAMPOS]	0	-140.090	56.130	0	326.070	0	0	
0	[SLAMPOS]	0	-140.560	56.840	0	326.050	0	0	
0	[SLAMPOS]	0	-141.000	57.520	0	326.040	0	0	
0	[SLAMPOS]	0	-141.150	57.780	0	326.040	0	0	
0	[SLAMPOS]	0	-141.660	58.570	0	326.030	0	0	
0	[SLAMPOS]	0	-141.790	58.770	0	326.030	0	0	
0	[SLAMPOS]	0	-142.270	59.510	0	326.020	0	0	
0	[SLAMPOS]	0	-142.710	60.180	0	326.010	0	0	
0	[SLAMPOS]	0	-143.150	60.880	0	326.010	0	0	
0	[SLAMPOS]	0	-143.560	61.500	0	326.000	0	0	
0	[SLAMPOS]	0	-143.740	61.800	0	326.000	0	0	
0	[SLAMPOS]	0	-144.170	62.440	0	325.990	0	0	
0	[SLAMPOS]	0	-144.630	63.170	0	325.990	0	0	
0	[SLAMPOS]	0	-144.750	63.360	0	325.990	0	0	
0	[SLAMPOS]	0	-145.210	64.050	0	325.980	0	0	
0	[SLAMPOS]	0	-145.670	64.760	0	325.970	0	0	
0	[SLAMPOS]	0	-145.790	64.950	0	325.970	0	0	
0	[SLAMPOS]	0	-146.250	65.660	0	325.960	0	0	
0	[SLAMPOS]	0	-146.670	66.310	0	325.950	0	0	
0	[SLAMPOS]	0	-146.830	66.570	0	325.950	0	0	
0	[SLAMPOS]	0	-147.510	67.610	0	325.940	0	0	
0	[SLAMPOS]	0	-147.680	67.890	0	325.930	0	0	
0	[SLAMPOS]	0	-147.890	68.220	0	325.930	0	0	
0	[SLAMPOS]	0	-148.560	69.250	0	325.920	0	0	
0	[SLAMPOS]	0	-148.760	69.550	0	325.920	0	0	
0	[SLAMPOS]	0	-149.160	70.160	0	325.910	0	0	
0	[SLAMPOS]	0	-149.600	70.830	0	325.890	0	0	
0	[SLAMPOS]	0	-149.770	71.090	0	325.890	0	0	
0	[SLAMPOS]	0	-150.210	71.770	0	325.880	0	0	
0	[SLAMPOS]	0	-150.660	72.460	0	325.890	0	0	
0	[SLAMPOS]	0	-150.820	72.700	0	325.880	0	0	
0	[SLAMPOS]	0	-151.270	73.390	0	325.860	0	0	
0	[SLAMPOS]	0	-151.410	73.590	0	325.850	0	0	
0	[SLAMPOS]	0	-151.830	74.260	0	325.830	0	0	
0	[SLAMPOS]	0	-152.230	74.870	0	325.800	0	0	
0	[SLAMPOS]	0	-152.380	75.100	0	325.800	0	0	
0	[SLAMPOS]	0	-152.850	75.820	0	325.750	0	0	
0	[SLAMPOS]	0	-153.230	76.400	0	325.710	0	0	
0	[SLAMPOS]	0	-153.390	76.640	0	325.700	0	0	
0	[SLAMPOS]	0	-154.040	77.640	0	325.630	0	0	
0	[SLAMPOS]	0	-154.200	77.890	0	325.610	0	0	
0	[SLAMPOS]	0	-154.580	78.480	0	325.570	0	0	
0	[SLAMPOS]	0	-155.030	79.160	0	325.530	0	0	
0	[SLAMPOS]	0	-155.150	79.330	0	325.520	0	0	
0	[SLAMPOS]	0	-155.590	79.990	0	325.470	0	0	
0	[SLAMPOS]	0	-155.960	80.550	0	325.430	0	0	
0	[SLAMPOS]	0	-156.110	80.800	0	325.430	0	0	
0	[SLAMPOS]	0	-156.770	81.790	0	325.370	0	0	
0	[SLAMPOS]	0	-156.940	82.050	0	325.350	0	0	
0	[SLAMPOS]	0	-157.090	82.290	0	325.330	0	0	
0	[SLAMPOS]	0	-157.740	83.260	0	325.280	0	0	
0	[SLAMPOS]	0	-157.890	83.490	0	325.260	0	0	
0	[SLAMPOS]	0	-158.270	84.050	0	325.260	0	0	
0	[SLAMPOS]	0	-158.690	84.690	0	325.270	0	0	
0	[SLAMPOS]	0	-158.810	84.860	0	325.290	0	0	
0	[SLAMPOS]	0	-159.230	85.510	0	325.320	0	0	
0	[SLAMPOS]	0	-159.340	85.670	0	325.330	0	0	
0	[SLAMPOS]	0	-159.760	86.300	0	325.340	0	0	
0	[SLAMPOS]	0	-160.120	86.850	0	325.360	0	0	
0	[SLAMPOS]	0	-160.280	87.100	0	325.370	0	0	
0	[SLAMPOS]	0	-160.690	87.730	0	325.390	0	0	
0	[SLAMPOS]	0	-161.050	88.270	0	325.430	0	0	
0	[SLAMPOS]	0	-161.440	88.880	0	325.460	0	0	
0	[SLAMPOS]	0	-161.810	89.420	0	325.480	0	0	
0	[SLAMPOS]	0	-161.970	89.660	0	325.480	0	0	
0	[SLAMPOS]	0	-162.330	90.200	0	325.490	0	0	
0	[SLAMPOS]	0	-162.720	90.790	0	325.510	0	0	
0	[SLAMPOS]	0	-162.840	90.950	0	325.500	0	0	
0	[SLAMPOS]	0	-163.220	91.530	0	325.500	0	0	
0	[SLAMPOS]	0	-163.560	92.030	0	325.480	0	0	
0	[SLAMPOS]	0	-163.700	92.270	0	325.480	0	0	
0	[SLAMPOS]	0	-164.110	92.900	0	325.440	0	0	
0	[SLAMPOS]	0	-164.460	93.410	0	325.410	0	0	
0	[SLAMPOS]	0	-164.600	93.630	0	325.410	0	0	
0	[SLAMPOS]	0	-165.170	94.480	0	325.370	0	0	
0	[SLAMPOS]	0	-165.320	94.710	0	325.370	0	0	
0	[SLAMPOS]	0	-165.660	95.210	0	325.340	0	0	
0	[SLAMPOS]	0	-166.050	95.800	0	325.320	0	0	
0	[SLAMPOS]	0	-166.140	95.930	0	325.320	0	0	
0	[SLAMPOS]	0	-166.510	96.510	0	325.300	0	0	
0	[SLAMPOS]	0	-166.880	97.070	0	325.280	0	0	
0	[SLAMPOS]	0	-166.990	97.220	0	325.280	0	0	
0	[SLAMPOS]	0	-167.360	97.800	0	325.260	0	0	
0	[SLAMPOS]	0	-167.470	97.950	0	325.250	0	0	
0	[SLAMPOS]	0	-167.830	98.500	0	325.240	0	0	
0	[SLAMPOS]	0	-168.140	98.960	0	325.220	0	0	
0	[SLAMPOS]	0	-168.280	99.180	0	325.210	0	0	
0	[SLAMPOS]	0	-168.840	100.000	0	325.180	0	0	
0	[SLAMPOS]	0	-168.970	100.200	0	325.170	0	0	
0	[SLAMPOS]	0	-169.300	100.690	0	325.160	0	0	
0	[SLAMPOS]	0	-169.640	101.220	0	325.140	0	0	
0	[SLAMPOS]	0	-169.770	101.420	0	325.130	0	0	
0	[SLAMPOS]	0	-170.080	101.880	0	325.110	0	0	
0	[SLAMPOS]	0	-170.430	102.420	0	325.090	0	0	
0	[SLAMPOS]	0	-170.530	102.560	0	325.090	0	0	
0	[SLAMPOS]	0	-170.890	103.100	0	325.070	0	0	
0	[SLAMPOS]	0	-171.190	103.540	0	325.060	0	0	
0	[SLAMPOS]	0	-171.340	103.750	0	325.050	0	0	
0	[SLAMPOS]	0	-171.860	104.530	0	325.020	0	0	
0	[SLAMPOS]	0	-172.000	104.730	0	325.010	0	0	
0	[SLAMPOS]	0	-172.310	105.180	0	325.000	0	0	
0	[SLAMPOS]	0	-172.610	105.650	0	325.000	0	0	
0	[SLAMPOS]	0	-172.780	105.900	0	324.990	0	0	
0	[SLAMPOS]	0	-173.080	106.330	0	324.970	0	0	
0	[SLAMPOS]	0	-173.420	106.830	0	324.940	0	0	
0	[SLAMPOS]	0	-173.510	106.960	0	324.940	0	0	
0	[SLAMPOS]	0	-173.830	107.470	0	324.930	0	0	
0	[SLAMPOS]	0	-174.130	107.910	0	324.940	0	0	
0	[SLAMPOS]	0	-174.240	108.080	0	324.930	0	0	
0	[SLAMPOS]	0	-174.730	108.790	0	324.940	0	0	
0	[SLAMPOS]	0	-174.840	108.980	0	324.940	0	0	
0	[SLAMPOS]	0	-175.120	109.390	0	324.980	0	0	
0	[SLAMPOS]	0	-175.440	109.880	0	325.020	0	0	
0	[SLAMPOS]	0	-175.520	110.000	0	325.070	0	0	
0	[SLAMPOS]	0	-175.830	110.460	0	325.160	0	0	
0	[SLAMPOS]	0	-176.130	110.910	0	325.290	0	0	
0	[SLAMPOS]	0	-176.240	111.070	0	325.400	0	0	
0	[SLAMPOS]	0	-176.530	111.530	0	325.590	0	0	
0	[SLAMPOS]	0	-176.610	111.640	0	325.690	0	0	
0	[SLAMPOS]	0	-176.900	112.090	0	325.950	0	0	
0	[SLAMPOS]	0	-177.190	112.540	0	326.240	0	0	
0	[SLAMPOS]	0	-177.260	112.650	0	326.370	0	0	
0	[SLAMPOS]	0	-177.540	113.100	0	326.700	0	0	
0	[SLAMPOS]	0	-177.800	113.530	0	327.150	0	0	
0	[SLAMPOS]	0	-177.900	113.690	0	327.290	0	0	
0	[SLAMPOS]	0	-178.130	114.080	0	327.760	0	0	
0	[SLAMPOS]	0	-178.370	114.510	0	328.280	0	0	
0	[SLAMPOS]	0	-178.460	114.680	0	328.490	0	0	
0	[SLAMPOS]	0	-178.690	115.080	0	329.120	0	0	
0	[SLAMPOS]	0	-178.900	115.490	0	329.720	0	0	
0	[SLAMPOS]	0	-179.120	115.890	0	330.480	0	0	
0	[SLAMPOS]	0	-179.200	116.050	0	330.740	0	0	
0	[SLAMPOS]	0	-179.400	116.490	0	331.560	0	0	
0	[SLAMPOS]	0	-179.580	116.850	0	332.410	0	0	
0	[SLAMPOS]	0	-179.780	117.300	0	333.510	0	0	
0	[SLAMPOS]	0	-179.830	117.390	0	333.790	0	0	
0	[SLAMPOS]	0	-179.990	117.820	0	334.890	0	0	
0	[SLAMPOS]	0	-180.040	117.940	0	335.340	0	0	
0	[SLAMPOS]	0	-180.190	118.350	0	336.510	0	0	
0	[SLAMPOS]	0	-180.320	118.730	0	337.760	0	0	
0	[SLAMPOS]	0	-180.380	118.890	0	338.260	0	0	
0	[SLAMPOS]	0	-180.580	119.510	0	340.480	0	0	
0	[SLAMPOS]	0	-180.620	119.690	0	341.060	0	0	
0	[SLAMPOS]	0	-180.720	120.070	0	342.470	0	0	
0	[SLAMPOS]	0	-180.790	120.490	0	344.020	0	0	
0	[SLAMPOS]	0	-180.820	120.590	0	344.470	0	0	
0	[SLAMPOS]	0	-180.890	121.040	0	346.150	0	0	
0	[SLAMPOS]	0	-180.950	121.510	0	347.990	0	0	
0	[SLAMPOS]	0	-180.980	121.620	0	348.530	0	0	
0	[SLAMPOS]	0	-181.000	122.050	0	350.230	0	0	
0	[SLAMPOS]	0	-181.020	122.160	0	350.770	0	0	
0	[SLAMPOS]	0	-181.040	122.580	0	352.530	0	0	
0	[SLAMPOS]	0	-181.050	122.930	0	354.140	0	0	
0	[SLAMPOS]	0	-181.050	123.090	0	354.840	0	0	
0	[SLAMPOS]	0	-181.040	123.500	0	356.690	0	0	
0	[SLAMPOS]	0	-181.030	123.860	0	358.460	0	0	
0	[SLAMPOS]	0	-180.990	124.260	0	0.330	0	0	
0	[SLAMPOS]	0	-180.960	124.630	0	2.140	0	0	
0	[SLAMPOS]	0	-180.920	124.770	0	2.770	0	0	
0	[SLAMPOS]	0	-180.870	125.140	0	4.540	0	0	
0	[SLAMPOS]	0	-180.800	125.530	0	6.440	0	0	
0	[SLAMPOS]	0	-180.790	125.630	0	7.010	0	0	
0	[SLAMPOS]	0	-180.680	126.020	0	8.940	0	0	
0	[SLAMPOS]	0	-180.610	126.350	0	10.640	0	0	
0	[SLAMPOS]	0	-180.570	126.490	0	11.360	0	0	
0	[SLAMPOS]	0	-180.450	126.870	0	13.250	0	0	
0	[SLAMPOS]	0	-180.350	127.190	0	15.020	0	0	
0	[SLAMPOS]	0	-180.280	127.340	0	15.780	0	0	
0	[SLAMPOS]	0	-180.070	127.850	0	18.680	0	0	
0	[SLAMPOS]	0	-180.000	127.990	0	19.450	0	0	
0	[SLAMPOS]	0	-179.850	128.290	0	21.190	0	0	
0	[SLAMPOS]	0	-179.670	128.620	0	23.050	0	0	
0	[SLAMPOS]	0	-179.630	128.720	0	23.630	0	0	
0	[SLAMPOS]	0	-179.440	129.030	0	25.450	0	0	
0	[SLAMPOS]	0	-179.270	129.320	0	27.170	0	0	
0	[SLAMPOS]	0	-179.180	129.440	0	27.890	0	0	
0	[SLAMPOS]	0	-178.860	129.900	0	30.720	0	0	
0	[SLAMPOS]	0	-178.750	130.050	0	31.530	0	0	
0	[SLAMPOS]	0	-178.660	130.140	0	32.130	0	0	
0	[SLAMPOS]	0	-178.300	130.610	0	34.990	0	0	
0	[SLAMPOS]	0	-178.210	130.690	0	35.520	0	0	
0	[SLAMPOS]	0	-178.000	130.940	0	37.010	0	0	
0	[SLAMPOS]	0	-177.730	131.210	0	38.670	0	0	
0	[SLAMPOS]	0	-177.600	131.360	0	39.460	0	0	
0	[SLAMPOS]	0	-177.350	131.610	0	40.940	0	0	
0	[SLAMPOS]	0	-177.020	131.910	0	42.750	0	0	
0	[SLAMPOS]	0	-176.980	131.960	0	43.020	0	0	
0	[SLAMPOS]	0	-176.710	132.190	0	44.350	0	0	
0	[SLAMPOS]	0	-176.300	132.540	0	46.280	0	0	
0	[SLAMPOS]	0	-176.040	132.740	0	47.430	0	0	
0	[SLAMPOS]	0	-175.800	132.940	0	48.450	0	0	
0	[SLAMPOS]	0	-175.600	133.080	0	49.170	0	0	
0	[SLAMPOS]	0	-175.190	133.400	0	50.700	0	0	
0	[SLAMPOS]	0	-175.020	133.510	0	51.240	0	0	
0	[SLAMPOS]	0	-174.850	133.640	0	51.790	0	0	
0	[SLAMPOS]	0	-174.520	133.860	0	52.720	0	0	
0	[SLAMPOS]	0	-174.210	134.070	0	53.520	0	0	
0	[SLAMPOS]	0	-173.700	134.400	0	54.680	0	0	
0	[SLAMPOS]	0	-173.550	134.500	0	55.000	0	0	
0	[SLAMPOS]	0	-173.250	134.690	0	55.570	0	0	
0	[SLAMPOS]	0	-172.890	134.900	0	56.190	0	0	
0	[SLAMPOS]	0	-172.750	134.990	0	56.390	0	0	
0	[SLAMPOS]	0	-172.400	135.180	0	56.890	0	0	
0	[SLAMPOS]	0	-172.010	135.410	0	57.370	0	0	
0	[SLAMPOS]	0	-171.910	135.470	0	57.460	0	0	
0	[SLAMPOS]	0	-171.530	135.690	0	57.800	0	0	
0	[SLAMPOS]	0	-171.070	135.960	0	58.100	0	0	
0	[SLAMPOS]	0	-171.020	135.990	0	58.120	0	0	
0	[SLAMPOS]	0	-170.470	136.300	0	58.360	0	0	
0	[SLAMPOS]	0	-170.000	136.580	0	58.510	0	0	
0	[SLAMPOS]	0	-169.760	136.700	0	58.580	0	0	
0	[SLAMPOS]	0	-169.110	137.060	0	58.700	0	0	
0	[SLAMPOS]	0	-168.990	137.130	0	58.730	0	0	
0	[SLAMPOS]	0	-168.250	137.560	0	58.840	0	0	
0	[SLAMPOS]	0	-168.000	137.700	0	58.860	0	0	
0	[SLAMPOS]	0	-167.470	138.000	0	58.900	0	0	
0	[SLAMPOS]	0	-166.960	138.290	0	58.940	0	0	
0	[SLAMPOS]	0	-166.830	138.360	0	58.960	0	0	
0	[SLAMPOS]	0	-166.310	138.640	0	59.030	0	0	
0	[SLAMPOS]	0	-165.780	138.950	0	59.070	0	0	
0	[SLAMPOS]	0	-165.180	139.260	0	59.140	0	0	
0	[SLAMPOS]	0	-164.640	139.560	0	59.170	0	0	
0	[SLAMPOS]	0	-164.520	139.630	0	59.180	0	0	
0	[SLAMPOS]	0	-164.030	139.900	0	59.200	0	0	
0	[SLAMPOS]	0	-163.900	139.970	0	59.220	0	0	
0	[SLAMPOS]	0	-163.310	140.300	0	59.250	0	0	
0	[SLAMPOS]	0	-162.660	140.670	0	59.280	0	0	
0	[SLAMPOS]	0	-162.030	141.020	0	59.340	0	0	
0	[SLAMPOS]	0	-161.920	141.080	0	59.350	0	0	
0	[SLAMPOS]	0	-161.250	141.470	0	59.370	0	0	
0	[SLAMPOS]	0	-160.700	141.780	0	59.390	0	0	
0	[SLAMPOS]	0	-159.990	142.180	0	59.460	0	0	
0	[SLAMPOS]	0	-159.860	142.250	0	59.470	0	0	
0	[SLAMPOS]	0	-159.280	142.580	0	59.510	0	0	
0	[SLAMPOS]	0	-158.700	142.890	0	59.530	0	0	
0	[SLAMPOS]	0	-158.480	143.020	0	59.550	0	0	
0	[SLAMPOS]	0	-157.900	143.350	0	59.560	0	0	
0	[SLAMPOS]	0	-157.250	143.700	0	59.600	0	0	
0	[SLAMPOS]	0	-157.110	143.790	0	59.610	0	0	
0	[SLAMPOS]	0	-156.570	144.090	0	59.640	0	0	
0	[SLAMPOS]	0	-156.360	144.210	0	59.650	0	0	
0	[SLAMPOS]	0	-155.770	144.520	0	59.690	0	0	
0	[SLAMPOS]	0	-155.230	144.830	0	59.710	0	0	
0	[SLAMPOS]	0	-154.870	145.030	0	59.720	0	0	
0	[SLAMPOS]	0	-153.990	145.520	0	59.740	0	0	
0	[SLAMPOS]	0	-153.340	145.890	0	59.770	0	0	
0	[SLAMPOS]	0	-152.610	146.290	0	59.810	0	0	
0	[SLAMPOS]	0	-152.300	146.450	0	59.830	0	0	
0	[SLAMPOS]	0	-151.950	146.640	0	59.840	0	0	
0	[SLAMPOS]	0	-151.280	147.010	0	59.840	0	0	
0	[SLAMPOS]	0	-150.330	147.540	0	59.870	0	0	
0	[SLAMPOS]	0	-149.700	147.890	0	59.880	0	0	
0	[SLAMPOS]	0	-149.450	148.030	0	59.890	0	0	
0	[SLAMPOS]	0	-148.430	148.580	0	59.920	0	0	
0	[SLAMPOS]	0	-147.930	148.870	0	59.930	0	0	
0	[SLAMPOS]	0	-147.110	149.340	0	59.930	0	0	
0	[SLAMPOS]	0	-146.750	149.540	0	59.940	0	0	
0	[SLAMPOS]	0	-146.570	149.630	0	59.950	0	0	
0	[SLAMPOS]	0	-145.610	150.180	0	59.960	0	0	
0	[SLAMPOS]	0	-145.220	150.400	0	59.970	0	0	
0	[SLAMPOS]	0	-144.810	150.620	0	59.990	0	0	
0	[SLAMPOS]	0	-143.740	151.200	0	60.010	0	0	
0	[SLAMPOS]	0	-143.190	151.500	0	60.020	0	0	
0	[SLAMPOS]	0	-142.400	151.920	0	60.040	0	0	
0	[SLAMPOS]	0	-142.350	151.910	0	60.100	0	0	
0	[SLAMPOS]	0	-140.870	152.760	0	60.090	0	0	
0	[SLAMPOS]	0	-140.340	153.070	0	60.080	0	0	
0	[SLAMPOS]	0	-139.980	153.250	0	60.090	0	0	
0	[SLAMPOS]	0	-138.960	153.800	0	60.130	0	0	
0	[SLAMPOS]	0	-138.770	153.900	0	60.120	0	0	
0	[SLAMPOS]	0	-138.220	154.200	0	60.130	0	0	
0	[SLAMPOS]	0	-138.060	154.290	0	60.130	0	0	
0	[SLAMPOS]	0	-137.440	154.620	0	60.130	0	0	
0	[SLAMPOS]	0	-136.860	154.940	0	60.100	0	0	
0	[SLAMPOS]	0	-136.560	155.110	0	60.100	0	0	
0	[SLAMPOS]	0	-135.550	155.660	0	60.070	0	0	
0	[SLAMPOS]	0	-135.350	155.770	0	60.070	0	0	
0	[SLAMPOS]	0	-134.740	156.110	0	60.060	0	0	
0	[SLAMPOS]	0	-134.060	156.490	0	60.040	0	0	
0	[SLAMPOS]	0	-133.820	156.630	0	60.030	0	0	
0	[SLAMPOS]	0	-133.000	157.090	0	60.000	0	0	
0	[SLAMPOS]	0	-132.380	157.420	0	60.000	0	0	
0	[SLAMPOS]	0	-132.240	157.500	0	59.990	0	0	
0	[SLAMPOS]	0	-131.470	157.940	0	59.960	0	0	
0	[SLAMPOS]	0	-131.300	158.040	0	59.960	0	0	
0	[SLAMPOS]	0	-130.410	158.530	0	59.940	0	0	
0	[SLAMPOS]	0	-129.640	158.950	0	59.920	0	0	
0	[SLAMPOS]	0	-128.980	159.300	0	59.900	0	0	
0	[SLAMPOS]	0	-128.850	159.380	0	59.900	0	0	
0	[SLAMPOS]	0	-128.310	159.680	0	59.880	0	0	
0	[SLAMPOS]	0	-128.040	159.820	0	59.880	0	0	
0	[SLAMPOS]	0	-126.970	160.420	0	59.860	0	0	
0	[SLAMPOS]	0	-126.670	160.570	0	59.860	0	0	
0	[SLAMPOS]	0	-125.980	160.950	0	59.830	0	0	
0	[SLAMPOS]	0	-125.380	161.290	0	59.810	0	0	
0	[SLAMPOS]	0	-125.250	161.370	0	59.800	0	0	
0	[SLAMPOS]	0	-124.550	161.750	0	59.780	0	0	
0	[SLAMPOS]	0	-123.670	162.230	0	59.780	0	0	
0	[SLAMPOS]	0	-123.540	162.300	0	59.780	0	0	
0	[SLAMPOS]	0	-122.790	162.710	0	59.750	0	0	
0	[SLAMPOS]	0	-121.910	163.200	0	59.710	0	0	
0	[SLAMPOS]	0	-121.770	163.280	0	59.710	0	0	
0	[SLAMPOS]	0	-120.990	163.710	0	59.690	0	0	
0	[SLAMPOS]	0	-120.150	164.180	0	59.660	0	0	
0	[SLAMPOS]	0	-119.970	164.280	0	59.660	0	0	
0	[SLAMPOS]	0	-119.350	164.630	0	59.630	0	0	
0	[SLAMPOS]	0	-118.720	164.990	0	59.630	0	0	
0	[SLAMPOS]	0	-118.500	165.110	0	59.610	0	0	
0	[SLAMPOS]	0	-117.480	165.690	0	59.600	0	0	
0	[SLAMPOS]	0	-117.100	165.910	0	59.600	0	0	
0	[SLAMPOS]	0	-116.790	166.070	0	59.600	0	0	
0	[SLAMPOS]	0	-115.740	166.660	0	59.620	0	0	
0	[SLAMPOS]	0	-115.440	166.840	0	59.620	0	0	
0	[SLAMPOS]	0	-114.790	167.200	0	59.650	0	0	
0	[SLAMPOS]	0	-114.080	167.580	0	59.680	0	0	
0	[SLAMPOS]	0	-113.890	167.690	0	59.690	0	0	
0	[SLAMPOS]	0	-113.200	168.080	0	59.690	0	0	
0	[SLAMPOS]	0	-113.030	168.180	0	59.700	0	0	
0	[SLAMPOS]	0	-112.260	168.600	0	59.720	0	0	
0	[SLAMPOS]	0	-111.260	169.160	0	59.750	0	0	
0	[SLAMPOS]	0	-110.520	169.560	0	59.770	0	0	
0	[SLAMPOS]	0	-110.360	169.650	0	59.780	0	0	
0	[SLAMPOS]	0	-109.660	170.040	0	59.790	0	0	
0	[SLAMPOS]	0	-108.890	170.460	0	59.820	0	0	
0	[SLAMPOS]	0	-108.730	170.550	0	59.820	0	0	
0	[SLAMPOS]	0	-108.120	170.910	0	59.840	0	0	
0	[SLAMPOS]	0	-107.350	171.320	0	59.870	0	0	
0	[SLAMPOS]	0	-107.120	171.460	0	59.860	0	0	
0	[SLAMPOS]	0	-106.050	172.040	0	59.930	0	0	
0	[SLAMPOS]	0	-105.780	172.200	0	59.930	0	0	
0	[SLAMPOS]	0	-105.390	172.400	0	59.950	0	0	
0	[SLAMPOS]	0	-104.240	173.060	0	59.970	0	0	
0	[SLAMPOS]	0	-104.040	173.150	0	59.980	0	0	
0	[SLAMPOS]	0	-103.470	173.470	0	59.990	0	0	
0	[SLAMPOS]	0	-103.320	173.550	0	59.980	0	0	
0	[SLAMPOS]	0	-102.630	173.920	0	60.000	0	0	
0	[SLAMPOS]	0	-101.850	174.340	0	59.990	0	0	
0	[SLAMPOS]	0	-101.740	174.410	0	59.990	0	0	
0	[SLAMPOS]	0	-101.020	174.800	0	59.960	0	0	
0	[SLAMPOS]	0	-100.390	175.150	0	59.950	0	0	
0	[SLAMPOS]	0	-100.070	175.320	0	59.950	0	0	
0	[SLAMPOS]	0	-99.060	175.880	0	59.910	0	0	
0	[SLAMPOS]	0	-98.760	176.050	0	59.910	0	0	
0	[SLAMPOS]	0	-98.150	176.390	0	59.890	0	0	
0	[SLAMPOS]	0	-97.460	176.760	0	59.850	0	0	
0	[SLAMPOS]	0	-97.310	176.850	0	59.840	0	0	
0	[SLAMPOS]	0	-96.460	177.320	0	59.810	0	0	
0	[SLAMPOS]	0	-95.810	177.660	0	59.810	0	0	
0	[SLAMPOS]	0	-95.680	177.740	0	59.800	0	0	
0	[SLAMPOS]	0	-95.010	178.120	0	59.780	0	0	
0	[SLAMPOS]	0	-94.370	178.490	0	59.760	0	0	
0	[SLAMPOS]	0	-94.140	178.620	0	59.740	0	0	
0	[SLAMPOS]	0	-93.050	179.230	0	59.710	0	0	
0	[SLAMPOS]	0	-92.660	179.450	0	59.710	0	0	
0	[SLAMPOS]	0	-92.340	179.610	0	59.710	0	0	
0	[SLAMPOS]	0	-91.310	180.210	0	59.670	0	0	
0	[SLAMPOS]	0	-90.940	180.410	0	59.680	0	0	
0	[SLAMPOS]	0	-90.720	180.520	0	59.670	0	0	
0	[SLAMPOS]	0	-89.760	181.060	0	59.680	0	0	
0	[SLAMPOS]	0	-89.640	181.130	0	59.690	0	0	
0	[SLAMPOS]	0	-88.990	181.490	0	59.690	0	0	
0	[SLAMPOS]	0	-88.840	181.580	0	59.700	0	0	
0	[SLAMPOS]	0	-88.200	181.930	0	59.710	0	0	
0	[SLAMPOS]	0	-87.540	182.310	0	59.750	0	0	
0	[SLAMPOS]	0	-87.330	182.420	0	59.740	0	0	
0	[SLAMPOS]	0	-86.310	182.980	0	59.830	0	0	
0	[SLAMPOS]	0	-85.920	183.190	0	59.850	0	0	
0	[SLAMPOS]	0	-85.280	183.550	0	59.890	0	0	
0	[SLAMPOS]	0	-84.790	183.820	0	59.950	0	0	
0	[SLAMPOS]	0	-84.610	183.930	0	59.980	0	0	
0	[SLAMPOS]	0	-83.940	184.300	0	60.040	0	0	
0	[SLAMPOS]	0	-83.230	184.680	0	60.100	0	0	
0	[SLAMPOS]	0	-83.030	184.800	0	60.130	0	0	
0	[SLAMPOS]	0	-82.410	185.120	0	60.200	0	0	
0	[SLAMPOS]	0	-81.840	185.430	0	60.260	0	0	
0	[SLAMPOS]	0	-81.580	185.570	0	60.280	0	0	
0	[SLAMPOS]	0	-80.600	186.100	0	60.410	0	0	
0	[SLAMPOS]	0	-79.920	186.470	0	60.490	0	0	
0	[SLAMPOS]	0	-79.730	186.580	0	60.540	0	0	
0	[SLAMPOS]	0	-79.050	186.940	0	60.650	0	0	
0	[SLAMPOS]	0	-78.900	187.030	0	60.690	0	0	
0	[SLAMPOS]	0	-78.230	187.390	0	60.790	0	0	
0	[SLAMPOS]	0	-77.580	187.730	0	60.910	0	0	
0	[SLAMPOS]	0	-77.290	187.880	0	60.940	0	0	
0	[SLAMPOS]	0	-76.340	188.380	0	61.110	0	0	
0	[SLAMPOS]	0	-76.110	188.480	0	61.130	0	0	
0	[SLAMPOS]	0	-75.730	188.670	0	61.200	0	0	
0	[SLAMPOS]	0	-74.780	189.170	0	61.370	0	0	
0	[SLAMPOS]	0	-74.360	189.390	0	61.440	0	0	
0	[SLAMPOS]	0	-73.650	189.750	0	61.560	0	0	
0	[SLAMPOS]	0	-73.070	190.050	0	61.670	0	0	
0	[SLAMPOS]	0	-72.840	190.160	0	61.700	0	0	
0	[SLAMPOS]	0	-72.070	190.550	0	61.830	0	0	
0	[SLAMPOS]	0	-71.450	190.860	0	61.950	0	0	
0	[SLAMPOS]	0	-70.760	191.210	0	62.060	0	0	
0	[SLAMPOS]	0	-70.360	191.400	0	62.120	0	0	
0	[SLAMPOS]	0	-69.850	191.650	0	62.220	0	0	
0	[SLAMPOS]	0	-69.750	191.710	0	62.240	0	0	
0	[SLAMPOS]	0	-69.140	192.000	0	62.340	0	0	
0	[SLAMPOS]	0	-68.580	192.290	0	62.440	0	0	
0	[SLAMPOS]	0	-68.250	192.460	0	62.490	0	0	
0	[SLAMPOS]	0	-67.270	192.940	0	62.660	0	0	
0	[SLAMPOS]	0	-67.090	193.020	0	62.690	0	0	
0	[SLAMPOS]	0	-66.550	193.270	0	62.780	0	0	
0	[SLAMPOS]	0	-65.890	193.590	0	62.880	0	0	
0	[SLAMPOS]	0	-65.480	193.810	0	62.950	0	0	
0	[SLAMPOS]	0	-64.960	194.070	0	63.030	0	0	
0	[SLAMPOS]	0	-64.240	194.410	0	63.140	0	0	
0	[SLAMPOS]	0	-64.130	194.470	0	63.160	0	0	
0	[SLAMPOS]	0	-63.620	194.720	0	63.230	0	0	
0	[SLAMPOS]	0	-63.380	194.830	0	63.250	0	0	
0	[SLAMPOS]	0	-62.460	195.250	0	63.330	0	0	
0	[SLAMPOS]	0	-61.840	195.530	0	63.390	0	0	
0	[SLAMPOS]	0	-61.360	195.760	0	63.360	0	0	
0	[SLAMPOS]	0	-60.980	195.950	0	63.340	0	0	
0	[SLAMPOS]	0	-60.460	196.200	0	63.290	0	0	
0	[SLAMPOS]	0	-59.850	196.510	0	63.220	0	0	
0	[SLAMPOS]	0	-59.390	196.740	0	63.160	0	0	
0	[SLAMPOS]	0	-58.480	197.180	0	63.060	0	0	
0	[SLAMPOS]	0	-58.190	197.330	0	63.030	0	0	
0	[SLAMPOS]	0	-57.790	197.520	0	62.980	0	0	
0	[SLAMPOS]	0	-56.910	197.950	0	62.840	0	0	
0	[SLAMPOS]	0	-56.510	198.150	0	62.760	0	0	
0	[SLAMPOS]	0	-56.370	198.200	0	62.760	0	0	
0	[SLAMPOS]	0	-55.390	198.700	0	62.560	0	0	
0	[SLAMPOS]	0	-55.190	198.800	0	62.530	0	0	
0	[SLAMPOS]	0	-54.650	199.080	0	62.420	0	0	
0	[SLAMPOS]	0	-53.950	199.450	0	62.280	0	0	
0	[SLAMPOS]	0	-53.840	199.510	0	62.250	0	0	
0	[SLAMPOS]	0	-53.270	199.790	0	62.160	0	0	
0	[SLAMPOS]	0	-52.740	200.070	0	62.040	0	0	
0	[SLAMPOS]	0	-52.550	200.160	0	62.010	0	0	
0	[SLAMPOS]	0	-51.670	200.610	0	61.780	0	0	
0	[SLAMPOS]	0	-51.450	200.730	0	61.740	0	0	
0	[SLAMPOS]	0	-50.960	200.980	0	61.590	0	0	
0	[SLAMPOS]	0	-50.820	201.060	0	61.550	0	0	
0	[SLAMPOS]	0	-50.210	201.380	0	61.400	0	0	
0	[SLAMPOS]	0	-49.640	201.670	0	61.240	0	0	
0	[SLAMPOS]	0	-49.480	201.760	0	61.230	0	0	
0	[SLAMPOS]	0	-48.830	202.080	0	61.120	0	0	
0	[SLAMPOS]	0	-48.240	202.410	0	61.080	0	0	
0	[SLAMPOS]	0	-48.100	202.480	0	61.060	0	0	
0	[SLAMPOS]	0	-47.250	202.930	0	61.030	0	0	
0	[SLAMPOS]	0	-46.990	203.060	0	61.020	0	0	
0	[SLAMPOS]	0	-46.730	203.200	0	61.000	0	0	
0	[SLAMPOS]	0	-45.900	203.630	0	60.810	0	0	
0	[SLAMPOS]	0	-45.700	203.740	0	60.760	0	0	
0	[SLAMPOS]	0	-45.190	204.000	0	60.640	0	0	
0	[SLAMPOS]	0	-44.590	204.330	0	60.520	0	0	
0	[SLAMPOS]	0	-44.430	204.420	0	60.490	0	0	
0	[SLAMPOS]	0	-43.890	204.710	0	60.370	0	0	
0	[SLAMPOS]	0	-43.240	205.060	0	60.240	0	0	
0	[SLAMPOS]	0	-43.160	205.110	0	60.220	0	0	
0	[SLAMPOS]	0	-42.610	205.420	0	60.130	0	0	
0	[SLAMPOS]	0	-42.460	205.510	0	60.100	0	0	
0	[SLAMPOS]	0	-41.880	205.820	0	60.000	0	0	
0	[SLAMPOS]	0	-41.400	206.100	0	59.910	0	0	
0	[SLAMPOS]	0	-41.020	206.310	0	59.840	0	0	
0	[SLAMPOS]	0	-40.480	206.610	0	59.750	0	0	
0	[SLAMPOS]	0	-39.890	206.940	0	59.650	0	0	
0	[SLAMPOS]	0	-39.350	207.250	0	59.550	0	0	
0	[SLAMPOS]	0	-39.160	207.340	0	59.530	0	0	
0	[SLAMPOS]	0	-38.420	207.760	0	59.410	0	0	
0	[SLAMPOS]	0	-38.270	207.860	0	59.390	0	0	
0	[SLAMPOS]	0	-37.820	208.120	0	59.340	0	0	
0	[SLAMPOS]	0	-37.720	208.190	0	59.340	0	0	
0	[SLAMPOS]	0	-37.240	208.460	0	59.290	0	0	
0	[SLAMPOS]	0	-36.770	208.740	0	59.290	0	0	
0	[SLAMPOS]	0	-36.530	208.860	0	59.300	0	0	
0	[SLAMPOS]	0	-35.820	209.290	0	59.260	0	0	
0	[SLAMPOS]	0	-35.530	209.470	0	59.240	0	0	
0	[SLAMPOS]	0	-35.410	209.540	0	59.250	0	0	
0	[SLAMPOS]	0	-34.660	209.950	0	59.250	0	0	
0	[SLAMPOS]	0	-34.150	210.230	0	59.250	0	0	
0	[SLAMPOS]	0	-34.060	210.280	0	59.240	0	0	
0	[SLAMPOS]	0	-33.330	210.690	0	59.210	0	0	
0	[SLAMPOS]	0	-33.090	210.830	0	59.180	0	0	
0	[SLAMPOS]	0	-32.720	211.040	0	59.180	0	0	
0	[SLAMPOS]	0	-32.680	211.070	0	59.170	0	0	
0	[SLAMPOS]	0	-32.240	211.290	0	59.190	0	0	
0	[SLAMPOS]	0	-31.820	211.540	0	59.170	0	0	
0	[SLAMPOS]	0	-31.320	211.820	0	59.160	0	0	
0	[SLAMPOS]	0	-30.930	212.050	0	59.150	0	0	
0	[SLAMPOS]	0	-30.730	212.160	0	59.150	0	0	
0	[SLAMPOS]	0	-30.290	212.420	0	59.150	0	0	
0	[SLAMPOS]	0	-29.890	212.640	0	59.140	0	0	
0	[SLAMPOS]	0	-29.370	212.940	0	59.120	0	0	
0	[SLAMPOS]	0	-29.300	212.980	0	59.120	0	0	
0	[SLAMPOS]	0	-28.860	213.230	0	59.110	0	0	
0	[SLAMPOS]	0	-28.740	213.300	0	59.110	0	0	
0	[SLAMPOS]	0	-28.290	213.530	0	59.130	0	0	
0	[SLAMPOS]	0	-27.890	213.770	0	59.110	0	0	
0	[SLAMPOS]	0	-27.730	213.850	0	59.110	0	0	
0	[SLAMPOS]	0	-27.170	214.160	0	59.120	0	0	
0	[SLAMPOS]	0	-26.830	214.350	0	59.120	0	0	
0	[SLAMPOS]	0	-26.700	214.410	0	59.130	0	0	
0	[SLAMPOS]	0	-26.070	214.780	0	59.140	0	0	
0	[SLAMPOS]	0	-25.850	214.910	0	59.140	0	0	
0	[SLAMPOS]	0	-25.500	215.110	0	59.150	0	0	
0	[SLAMPOS]	0	-25.070	215.370	0	59.160	0	0	
0	[SLAMPOS]	0	-24.750	215.550	0	59.170	0	0	
0	[SLAMPOS]	0	-24.610	215.630	0	59.160	0	0	
0	[SLAMPOS]	0	-23.950	216.020	0	59.230	0	0	
0	[SLAMPOS]	0	-23.760	216.120	0	59.260	0	0	
0	[SLAMPOS]	0	-23.480	216.280	0	59.340	0	0	
0	[SLAMPOS]	0	-23.200	216.460	0	59.380	0	0	
0	[SLAMPOS]	0	-23.040	216.560	0	59.390	0	0	
0	[SLAMPOS]	0	-22.400	216.920	0	59.530	0	0	
0	[SLAMPOS]	0	-22.240	217.000	0	59.560	0	0	
0	[SLAMPOS]	0	-21.870	217.210	0	59.690	0	0	
0	[SLAMPOS]	0	-21.700	217.300	0	59.740	0	0	
0	[SLAMPOS]	0	-21.320	217.510	0	59.890	0	0	
0	[SLAMPOS]	0	-20.900	217.730	0	60.050	0	0	
0	[SLAMPOS]	0	-20.790	217.790	0	60.130	0	0	
0	[SLAMPOS]	0	-20.370	218.020	0	60.310	0	0	
0	[SLAMPOS]	0	-19.930	218.220	0	60.520	0	0	
0	[SLAMPOS]	0	-19.810	218.290	0	60.630	0	0	
0	[SLAMPOS]	0	-19.410	218.500	0	60.880	0	0	
0	[SLAMPOS]	0	-19.050	218.700	0	61.220	0	0	
0	[SLAMPOS]	0	-18.880	218.790	0	61.340	0	0	
0	[SLAMPOS]	0	-18.260	219.110	0	62.060	0	0	
0	[SLAMPOS]	0	-18.100	219.190	0	62.250	0	0	
0	[SLAMPOS]	0	-17.750	219.370	0	62.760	0	0	
0	[SLAMPOS]	0	-17.330	219.570	0	63.430	0	0	
0	[SLAMPOS]	0	-16.850	219.780	0	64.250	0	0	
0	[SLAMPOS]	0	-16.720	219.840	0	64.550	0	0	
0	[SLAMPOS]	0	-16.350	219.980	0	65.200	0	0	
0	[SLAMPOS]	0	-16.270	220.020	0	65.420	0	0	
0	[SLAMPOS]	0	-15.870	220.160	0	66.200	0	0	
0	[SLAMPOS]	0	-15.510	220.310	0	67.090	0	0	
0	[SLAMPOS]	0	-15.220	220.390	0	67.810	0	0	
0	[SLAMPOS]	0	-14.760	220.530	0	68.890	0	0	
0	[SLAMPOS]	0	-14.280	220.670	0	70.140	0	0	
0	[SLAMPOS]	0	-14.240	220.690	0	70.300	0	0	
0	[SLAMPOS]	0	-13.680	220.840	0	71.930	0	0	
0	[SLAMPOS]	0	-13.280	220.930	0	73.020	0	0	
0	[SLAMPOS]	0	-13.170	220.970	0	73.450	0	0	
0	[SLAMPOS]	0	-12.770	221.030	0	74.650	0	0	
0	[SLAMPOS]	0	-12.680	221.050	0	74.990	0	0	
0	[SLAMPOS]	0	-12.230	221.120	0	76.410	0	0	
0	[SLAMPOS]	0	-11.850	221.190	0	77.750	0	0	
0	[SLAMPOS]	0	-11.760	221.190	0	77.960	0	0	
0	[SLAMPOS]	0	-11.400	221.250	0	79.250	0	0	
0	[SLAMPOS]	0	-10.980	221.280	0	80.660	0	0	
0	[SLAMPOS]	0	-10.610	221.320	0	82.000	0	0	
0	[SLAMPOS]	0	-10.190	221.340	0	83.460	0	0	
0	[SLAMPOS]	0	-10.060	221.350	0	83.940	0	0	
0	[SLAMPOS]	0	-9.670	221.350	0	85.330	0	0	
0	[SLAMPOS]	0	-9.570	221.360	0	85.730	0	0	
0	[SLAMPOS]	0	-9.120	221.350	0	87.300	0	0	
0	[SLAMPOS]	0	-8.710	221.320	0	88.750	0	0	
0	[SLAMPOS]	0	-8.590	221.320	0	89.210	0	0	
0	[SLAMPOS]	0	-8.200	221.290	0	90.660	0	0	
0	[SLAMPOS]	0	-7.850	221.270	0	91.970	0	0	
0	[SLAMPOS]	0	-7.690	221.250	0	92.520	0	0	
0	[SLAMPOS]	0	-7.090	221.180	0	94.740	0	0	
0	[SLAMPOS]	0	-6.930	221.140	0	95.330	0	0	
0	[SLAMPOS]	0	-6.570	221.080	0	96.660	0	0	
0	[SLAMPOS]	0	-6.190	221.000	0	98.030	0	0	
0	[SLAMPOS]	0	-6.090	220.980	0	98.450	0	0	
0	[SLAMPOS]	0	-5.690	220.870	0	99.890	0	0	
0	[SLAMPOS]	0	-5.280	220.770	0	101.360	0	0	
0	[SLAMPOS]	0	-5.190	220.750	0	101.750	0	0	
0	[SLAMPOS]	0	-4.790	220.620	0	103.190	0	0	
0	[SLAMPOS]	0	-4.690	220.600	0	103.620	0	0	
0	[SLAMPOS]	0	-4.320	220.460	0	105.090	0	0	
0	[SLAMPOS]	0	-3.970	220.340	0	106.530	0	0	
0	[SLAMPOS]	0	-3.610	220.190	0	108.010	0	0	
0	[SLAMPOS]	0	-3.290	220.060	0	109.370	0	0	
0	[SLAMPOS]	0	-3.140	219.990	0	109.950	0	0	
0	[SLAMPOS]	0	-2.780	219.830	0	111.420	0	0	
0	[SLAMPOS]	0	-2.460	219.670	0	112.830	0	0	
0	[SLAMPOS]	0	-2.130	219.490	0	114.190	0	0	
0	[SLAMPOS]	0	-2.020	219.440	0	114.680	0	0	
0	[SLAMPOS]	0	-1.670	219.220	0	116.220	0	0	
0	[SLAMPOS]	0	-1.580	219.180	0	116.650	0	0	
0	[SLAMPOS]	0	-1.220	218.940	0	118.250	0	0	
0	[SLAMPOS]	0	-0.920	218.760	0	119.620	0	0	
0	[SLAMPOS]	0	-0.780	218.660	0	120.210	0	0	
0	[SLAMPOS]	0	-0.270	218.300	0	122.580	0	0	
0	[SLAMPOS]	0	-0.140	218.190	0	123.180	0	0	
0	[SLAMPOS]	0	-0.000	218.070	0	123.830	0	0	
0	[SLAMPOS]	0	0.510	217.660	0	126.250	0	0	
0	[SLAMPOS]	0	0.820	217.370	0	127.770	0	0	
0	[SLAMPOS]	0	0.920	217.290	0	128.240	0	0	
0	[SLAMPOS]	0	1.360	216.890	0	130.280	0	0	
0	[SLAMPOS]	0	1.490	216.740	0	130.910	0	0	
0	[SLAMPOS]	0	1.640	216.580	0	131.610	0	0	
0	[SLAMPOS]	0	2.110	216.080	0	133.810	0	0	
0	[SLAMPOS]	0	2.290	215.870	0	134.630	0	0	
0	[SLAMPOS]	0	2.630	215.460	0	136.170	0	0	
0	[SLAMPOS]	0	2.900	215.160	0	137.310	0	0	
0	[SLAMPOS]	0	3.170	214.800	0	138.480	0	0	
0	[SLAMPOS]	0	3.250	214.710	0	138.790	0	0	
0	[SLAMPOS]	0	3.510	214.330	0	139.940	0	0	
0	[SLAMPOS]	0	3.590	214.230	0	140.230	0	0	
0	[SLAMPOS]	0	3.890	213.830	0	141.360	0	0	
0	[SLAMPOS]	0	4.100	213.530	0	142.100	0	0	
0	[SLAMPOS]	0	4.180	213.390	0	142.400	0	0	
0	[SLAMPOS]	0	4.590	212.800	0	143.620	0	0	
0	[SLAMPOS]	0	4.690	212.640	0	143.910	0	0	
0	[SLAMPOS]	0	4.950	212.260	0	144.470	0	0	
0	[SLAMPOS]	0	5.240	211.800	0	145.040	0	0	
0	[SLAMPOS]	0	5.580	211.260	0	145.540	0	0	
0	[SLAMPOS]	0	5.900	210.740	0	145.870	0	0	
0	[SLAMPOS]	0	5.990	210.610	0	145.950	0	0	
0	[SLAMPOS]	0	6.370	210.000	0	146.210	0	0	
0	[SLAMPOS]	0	6.680	209.520	0	146.390	0	0	
0	[SLAMPOS]	0	7.090	208.900	0	146.580	0	0	
0	[SLAMPOS]	0	7.250	208.640	0	146.620	0	0	
0	[SLAMPOS]	0	7.380	208.420	0	146.650	0	0	
0	[SLAMPOS]	0	7.800	207.740	0	146.690	0	0	
0	[SLAMPOS]	0	8.210	207.080	0	146.640	0	0	
0	[SLAMPOS]	0	8.520	206.590	0	146.540	0	0	
0	[SLAMPOS]	0	8.640	206.410	0	146.510	0	0	
0	[SLAMPOS]	0	8.940	205.910	0	146.440	0	0	
0	[SLAMPOS]	0	9.310	205.330	0	146.370	0	0	
0	[SLAMPOS]	0	9.580	204.910	0	146.300	0	0	
0	[SLAMPOS]	0	9.780	204.640	0	146.240	0	0	
0	[SLAMPOS]	0	10.310	203.830	0	146.140	0	0	
0	[SLAMPOS]	0	10.620	203.330	0	146.080	0	0	
0	[SLAMPOS]	0	11.030	202.720	0	146.000	0	0	
0	[SLAMPOS]	0	11.220	202.420	0	145.970	0	0	
0	[SLAMPOS]	0	11.770	201.570	0	145.860	0	0	
0	[SLAMPOS]	0	11.830	201.480	0	145.850	0	0	
0	[SLAMPOS]	0	12.210	200.890	0	145.790	0	0	
0	[SLAMPOS]	0	12.660	200.210	0	145.730	0	0	
0	[SLAMPOS]	0	13.100	199.550	0	145.650	0	0	
0	[SLAMPOS]	0	13.260	199.320	0	145.620	0	0	
0	[SLAMPOS]	0	13.660	198.720	0	145.570	0	0	
0	[SLAMPOS]	0	14.050	198.090	0	145.540	0	0	
0	[SLAMPOS]	0	14.510	197.400	0	145.450	0	0	
0	[SLAMPOS]	0	14.600	197.260	0	145.440	0	0	
0	[SLAMPOS]	0	15.130	196.410	0	145.430	0	0	
0	[SLAMPOS]	0	15.420	195.980	0	145.390	0	0	
0	[SLAMPOS]	0	15.480	195.890	0	145.380	0	0	
0	[SLAMPOS]	0	15.820	195.350	0	145.350	0	0	
0	[SLAMPOS]	0	16.280	194.620	0	145.330	0	0	
0	[SLAMPOS]	0	16.720	193.960	0	145.300	0	0	
0	[SLAMPOS]	0	16.780	193.880	0	145.300	0	0	
0	[SLAMPOS]	0	17.250	193.190	0	145.250	0	0	
