0	[SLAMPOS]	0	-54.520	-73.830	0	326.420	0	0	
0	[SLAMPOS]	0	-54.610	-73.670	0	326.390	0	0	
0	[SLAMPOS]	0	-54.640	-73.620	0	326.390	0	0	
0	[SLAMPOS]	0	-54.770	-73.440	0	326.300	0	0	
0	[SLAMPOS]	0	-54.860	-73.290	0	326.300	0	0	
0	[SLAMPOS]	0	-54.900	-73.210	0	326.310	0	0	
0	[SLAMPOS]	0	-55.060	-72.950	0	326.330	0	0	
0	[SLAMPOS]	0	-55.120	-72.870	0	326.310	0	0	
0	[SLAMPOS]	0	-55.160	-72.800	0	326.380	0	0	
0	[SLAMPOS]	0	-55.320	-72.530	0	326.370	0	0	
0	[SLAMPOS]	0	-55.370	-72.450	0	326.350	0	0	
0	[SLAMPOS]	0	-55.480	-72.290	0	326.350	0	0	
0	[SLAMPOS]	0	-55.590	-72.080	0	326.390	0	0	
0	[SLAMPOS]	0	-55.620	-72.030	0	326.390	0	0	
0	[SLAMPOS]	0	-55.740	-71.830	0	326.360	0	0	
0	[SLAMPOS]	0	-55.780	-71.780	0	326.350	0	0	
0	[SLAMPOS]	0	-55.900	-71.570	0	326.290	0	0	
0	[SLAMPOS]	0	-56.010	-71.400	0	326.280	0	0	
0	[SLAMPOS]	0	-56.060	-71.340	0	326.250	0	0	
0	[SLAMPOS]	0	-56.260	-71.030	0	326.230	0	0	
0	[SLAMPOS]	0	-56.310	-70.950	0	326.220	0	0	
0	[SLAMPOS]	0	-56.450	-70.750	0	326.210	0	0	
0	[SLAMPOS]	0	-56.580	-70.550	0	326.180	0	0	
0	[SLAMPOS]	0	-56.660	-70.460	0	326.140	0	0	
0	[SLAMPOS]	0	-56.790	-70.280	0	326.110	0	0	
0	[SLAMPOS]	0	-56.930	-70.070	0	326.110	0	0	
0	[SLAMPOS]	0	-56.970	-70.010	0	326.100	0	0	
0	[SLAMPOS]	0	-57.110	-69.810	0	326.070	0	0	
0	[SLAMPOS]	0	-57.220	-69.620	0	326.070	0	0	
0	[SLAMPOS]	0	-57.280	-69.530	0	326.060	0	0	
0	[SLAMPOS]	0	-57.490	-69.210	0	326.010	0	0	
0	[SLAMPOS]	0	-57.560	-69.100	0	326.000	0	0	
0	[SLAMPOS]	0	-57.630	-69.010	0	325.960	0	0	
0	[SLAMPOS]	0	-57.840	-68.670	0	325.940	0	0	
0	[SLAMPOS]	0	-57.810	-68.710	0	325.940	0	0	
0	[SLAMPOS]	0	-57.970	-68.470	0	325.890	0	0	
0	[SLAMPOS]	0	-58.090	-68.280	0	325.880	0	0	
0	[SLAMPOS]	0	-58.260	-68.050	0	325.860	0	0	
0	[SLAMPOS]	0	-58.410	-67.840	0	325.810	0	0	
0	[SLAMPOS]	0	-58.480	-67.730	0	325.790	0	0	
0	[SLAMPOS]	0	-58.540	-67.630	0	325.790	0	0	
0	[SLAMPOS]	0	-58.790	-67.280	0	325.730	0	0	
0	[SLAMPOS]	0	-58.860	-67.190	0	325.730	0	0	
0	[SLAMPOS]	0	-59.000	-66.980	0	325.700	0	0	
0	[SLAMPOS]	0	-59.160	-66.740	0	325.640	0	0	
0	[SLAMPOS]	0	-59.210	-66.680	0	325.630	0	0	
0	[SLAMPOS]	0	-59.360	-66.430	0	325.630	0	0	
0	[SLAMPOS]	0	-59.510	-66.220	0	325.590	0	0	
0	[SLAMPOS]	0	-59.570	-66.120	0	325.580	0	0	
0	[SLAMPOS]	0	-59.810	-65.750	0	325.520	0	0	
0	[SLAMPOS]	0	-59.880	-65.640	0	325.520	0	0	
0	[SLAMPOS]	0	-59.940	-65.530	0	325.510	0	0	
0	[SLAMPOS]	0	-60.190	-65.160	0	325.470	0	0	
0	[SLAMPOS]	0	-60.270	-65.060	0	325.420	0	0	
0	[SLAMPOS]	0	-60.420	-64.840	0	325.400	0	0	
0	[SLAMPOS]	0	-60.610	-64.560	0	325.360	0	0	
0	[SLAMPOS]	0	-60.660	-64.480	0	325.350	0	0	
0	[SLAMPOS]	0	-60.840	-64.220	0	325.310	0	0	
0	[SLAMPOS]	0	-60.890	-64.150	0	325.300	0	0	
0	[SLAMPOS]	0	-61.060	-63.890	0	325.270	0	0	
0	[SLAMPOS]	0	-61.250	-63.620	0	325.220	0	0	
0	[SLAMPOS]	0	-61.300	-63.540	0	325.210	0	0	
0	[SLAMPOS]	0	-61.470	-63.280	0	325.190	0	0	
0	[SLAMPOS]	0	-61.640	-63.040	0	325.170	0	0	
0	[SLAMPOS]	0	-61.700	-62.930	0	325.160	0	0	
0	[SLAMPOS]	0	-61.980	-62.530	0	325.090	0	0	
0	[SLAMPOS]	0	-62.160	-62.250	0	325.090	0	0	
0	[SLAMPOS]	0	-62.200	-62.180	0	325.080	0	0	
0	[SLAMPOS]	0	-62.400	-61.890	0	325.060	0	0	
0	[SLAMPOS]	0	-62.440	-61.830	0	325.060	0	0	
0	[SLAMPOS]	0	-62.660	-61.530	0	324.980	0	0	
0	[SLAMPOS]	0	-62.800	-61.310	0	325.010	0	0	
0	[SLAMPOS]	0	-62.880	-61.200	0	324.980	0	0	
0	[SLAMPOS]	0	-63.060	-60.920	0	325.000	0	0	
0	[SLAMPOS]	0	-63.220	-60.680	0	325.060	0	0	
0	[SLAMPOS]	0	-63.310	-60.590	0	325.020	0	0	
0	[SLAMPOS]	0	-63.600	-60.160	0	325.160	0	0	
0	[SLAMPOS]	0	-63.680	-60.050	0	325.200	0	0	
0	[SLAMPOS]	0	-63.850	-59.790	0	325.320	0	0	
0	[SLAMPOS]	0	-64.050	-59.490	0	325.450	0	0	
0	[SLAMPOS]	0	-64.090	-59.420	0	325.510	0	0	
0	[SLAMPOS]	0	-64.300	-59.130	0	325.670	0	0	
0	[SLAMPOS]	0	-64.350	-59.050	0	325.760	0	0	
0	[SLAMPOS]	0	-64.560	-58.750	0	325.970	0	0	
0	[SLAMPOS]	0	-64.750	-58.460	0	326.200	0	0	
0	[SLAMPOS]	0	-64.810	-58.380	0	326.340	0	0	
0	[SLAMPOS]	0	-65.000	-58.070	0	326.680	0	0	
0	[SLAMPOS]	0	-65.160	-57.810	0	327.120	0	0	
0	[SLAMPOS]	0	-65.220	-57.700	0	327.290	0	0	
0	[SLAMPOS]	0	-65.480	-57.240	0	328.160	0	0	
0	[SLAMPOS]	0	-65.550	-57.110	0	328.420	0	0	
0	[SLAMPOS]	0	-65.700	-56.850	0	329.040	0	0	
0	[SLAMPOS]	0	-65.850	-56.530	0	329.750	0	0	
0	[SLAMPOS]	0	-66.000	-56.220	0	330.490	0	0	
0	[SLAMPOS]	0	-66.050	-56.140	0	330.720	0	0	
0	[SLAMPOS]	0	-66.190	-55.830	0	331.600	0	0	
0	[SLAMPOS]	0	-66.230	-55.760	0	331.910	0	0	
0	[SLAMPOS]	0	-66.370	-55.440	0	332.890	0	0	
0	[SLAMPOS]	0	-66.490	-55.170	0	333.900	0	0	
0	[SLAMPOS]	0	-66.540	-55.050	0	334.310	0	0	
0	[SLAMPOS]	0	-66.730	-54.580	0	336.230	0	0	
0	[SLAMPOS]	0	-66.760	-54.460	0	336.770	0	0	
0	[SLAMPOS]	0	-66.860	-54.190	0	337.980	0	0	
0	[SLAMPOS]	0	-66.960	-53.850	0	339.560	0	0	
0	[SLAMPOS]	0	-66.980	-53.780	0	340.070	0	0	
0	[SLAMPOS]	0	-67.060	-53.450	0	341.660	0	0	
0	[SLAMPOS]	0	-67.110	-53.110	0	343.300	0	0	
0	[SLAMPOS]	0	-67.140	-53.020	0	343.810	0	0	
0	[SLAMPOS]	0	-67.200	-52.670	0	345.590	0	0	
0	[SLAMPOS]	0	-67.220	-52.570	0	346.170	0	0	
0	[SLAMPOS]	0	-67.250	-52.240	0	347.800	0	0	
0	[SLAMPOS]	0	-67.310	-51.740	0	350.520	0	0	
0	[SLAMPOS]	0	-67.310	-51.620	0	351.150	0	0	
0	[SLAMPOS]	0	-67.330	-51.320	0	352.840	0	0	
0	[SLAMPOS]	0	-67.330	-50.980	0	354.730	0	0	
0	[SLAMPOS]	0	-67.340	-50.910	0	355.220	0	0	
0	[SLAMPOS]	0	-67.320	-50.560	0	357.200	0	0	
0	[SLAMPOS]	0	-67.290	-50.230	0	359.180	0	0	
0	[SLAMPOS]	0	-67.300	-50.130	0	359.810	0	0	
0	[SLAMPOS]	0	-67.250	-49.810	0	1.760	0	0	
0	[SLAMPOS]	0	-67.250	-49.720	0	2.340	0	0	
0	[SLAMPOS]	0	-67.200	-49.380	0	4.380	0	0	
0	[SLAMPOS]	0	-67.160	-49.100	0	6.240	0	0	
0	[SLAMPOS]	0	-67.120	-48.980	0	7.010	0	0	
0	[SLAMPOS]	0	-67.010	-48.510	0	10.160	0	0	
0	[SLAMPOS]	0	-66.970	-48.400	0	10.910	0	0	
0	[SLAMPOS]	0	-66.880	-48.130	0	12.700	0	0	
0	[SLAMPOS]	0	-66.760	-47.820	0	14.800	0	0	
0	[SLAMPOS]	0	-66.700	-47.710	0	15.610	0	0	
0	[SLAMPOS]	0	-66.590	-47.440	0	17.410	0	0	
0	[SLAMPOS]	0	-66.450	-47.130	0	19.520	0	0	
0	[SLAMPOS]	0	-66.430	-47.060	0	20.030	0	0	
0	[SLAMPOS]	0	-66.290	-46.750	0	21.970	0	0	
0	[SLAMPOS]	0	-66.170	-46.490	0	23.670	0	0	
0	[SLAMPOS]	0	-66.110	-46.380	0	24.390	0	0	
0	[SLAMPOS]	0	-65.880	-45.960	0	27.300	0	0	
0	[SLAMPOS]	0	-65.800	-45.850	0	27.990	0	0	
0	[SLAMPOS]	0	-65.650	-45.610	0	29.630	0	0	
0	[SLAMPOS]	0	-65.410	-45.310	0	31.850	0	0	
0	[SLAMPOS]	0	-65.340	-45.240	0	32.380	0	0	
0	[SLAMPOS]	0	-65.230	-45.110	0	33.330	0	0	
0	[SLAMPOS]	0	-64.920	-44.750	0	35.950	0	0	
0	[SLAMPOS]	0	-64.840	-44.660	0	36.530	0	0	
0	[SLAMPOS]	0	-64.670	-44.460	0	37.890	0	0	
0	[SLAMPOS]	0	-64.630	-44.400	0	38.220	0	0	
0	[SLAMPOS]	0	-64.410	-44.180	0	39.740	0	0	
0	[SLAMPOS]	0	-64.210	-43.970	0	41.040	0	0	
0	[SLAMPOS]	0	-64.110	-43.880	0	41.590	0	0	
0	[SLAMPOS]	0	-63.860	-43.660	0	43.020	0	0	
0	[SLAMPOS]	0	-63.640	-43.450	0	44.250	0	0	
0	[SLAMPOS]	0	-63.540	-43.370	0	44.750	0	0	
0	[SLAMPOS]	0	-63.160	-43.050	0	46.620	0	0	
0	[SLAMPOS]	0	-63.060	-42.980	0	47.080	0	0	
0	[SLAMPOS]	0	-62.940	-42.880	0	47.630	0	0	
0	[SLAMPOS]	0	-62.560	-42.590	0	49.270	0	0	
0	[SLAMPOS]	0	-62.470	-42.530	0	49.640	0	0	
0	[SLAMPOS]	0	-62.240	-42.350	0	50.560	0	0	
0	[SLAMPOS]	0	-61.950	-42.140	0	51.580	0	0	
0	[SLAMPOS]	0	-61.890	-42.090	0	51.790	0	0	
0	[SLAMPOS]	0	-61.630	-41.930	0	52.620	0	0	
0	[SLAMPOS]	0	-61.210	-41.640	0	53.900	0	0	
0	[SLAMPOS]	0	-60.890	-41.430	0	54.780	0	0	
0	[SLAMPOS]	0	-60.720	-41.330	0	55.180	0	0	
0	[SLAMPOS]	0	-60.550	-41.220	0	55.580	0	0	
0	[SLAMPOS]	0	-60.240	-41.030	0	56.190	0	0	
0	[SLAMPOS]	0	-59.920	-40.850	0	56.750	0	0	
0	[SLAMPOS]	0	-59.740	-40.750	0	57.000	0	0	
0	[SLAMPOS]	0	-59.370	-40.530	0	57.480	0	0	
0	[SLAMPOS]	0	-59.100	-40.370	0	57.770	0	0	
0	[SLAMPOS]	0	-59.390	-40.600	0	58.760	0	0	
0	[SLAMPOS]	0	-58.570	-40.080	0	58.230	0	0	
0	[SLAMPOS]	0	-58.360	-39.950	0	58.380	0	0	
0	[SLAMPOS]	0	-58.080	-39.790	0	58.550	0	0	
0	[SLAMPOS]	0	-58.100	-39.800	0	58.530	0	0	
0	[SLAMPOS]	0	-57.640	-39.540	0	58.770	0	0	
0	[SLAMPOS]	0	-57.510	-39.460	0	58.830	0	0	
0	[SLAMPOS]	0	-57.360	-39.390	0	58.900	0	0	
0	[SLAMPOS]	0	-56.850	-39.090	0	59.150	0	0	
0	[SLAMPOS]	0	-56.720	-39.030	0	59.190	0	0	
0	[SLAMPOS]	0	-56.420	-38.850	0	59.310	0	0	
0	[SLAMPOS]	0	-56.060	-38.650	0	59.410	0	0	
0	[SLAMPOS]	0	-55.970	-38.600	0	59.450	0	0	
0	[SLAMPOS]	0	-55.590	-38.410	0	59.580	0	0	
0	[SLAMPOS]	0	-55.290	-38.240	0	59.690	0	0	
0	[SLAMPOS]	0	-55.150	-38.160	0	59.740	0	0	
0	[SLAMPOS]	0	-54.600	-37.860	0	59.930	0	0	
0	[SLAMPOS]	0	-54.440	-37.790	0	59.980	0	0	
0	[SLAMPOS]	0	-54.280	-37.690	0	60.020	0	0	
0	[SLAMPOS]	0	-53.730	-37.390	0	60.210	0	0	
0	[SLAMPOS]	0	-53.570	-37.300	0	60.250	0	0	
0	[SLAMPOS]	0	-53.230	-37.110	0	60.350	0	0	
0	[SLAMPOS]	0	-52.850	-36.890	0	60.470	0	0	
0	[SLAMPOS]	0	-52.740	-36.830	0	60.470	0	0	
0	[SLAMPOS]	0	-52.340	-36.630	0	60.670	0	0	
0	[SLAMPOS]	0	-52.230	-36.570	0	60.660	0	0	
0	[SLAMPOS]	0	-51.810	-36.340	0	60.440	0	0	
0	[SLAMPOS]	0	-51.380	-36.140	0	60.550	0	0	
0	[SLAMPOS]	0	-51.030	-35.950	0	60.390	0	0	
0	[SLAMPOS]	0	-50.850	-35.850	0	60.350	0	0	
0	[SLAMPOS]	0	-50.460	-35.650	0	60.320	0	0	
0	[SLAMPOS]	0	-50.040	-35.400	0	60.170	0	0	
0	[SLAMPOS]	0	-49.820	-35.290	0	60.170	0	0	
0	[SLAMPOS]	0	-49.220	-34.950	0	60.050	0	0	
0	[SLAMPOS]	0	-48.940	-34.800	0	59.990	0	0	
0	[SLAMPOS]	0	-48.770	-34.700	0	59.910	0	0	
0	[SLAMPOS]	0	-48.140	-34.360	0	59.830	0	0	
0	[SLAMPOS]	0	-47.980	-34.270	0	59.810	0	0	
0	[SLAMPOS]	0	-47.600	-34.060	0	59.740	0	0	
0	[SLAMPOS]	0	-47.190	-33.850	0	59.700	0	0	
0	[SLAMPOS]	0	-46.630	-33.560	0	59.590	0	0	
0	[SLAMPOS]	0	-46.530	-33.500	0	59.570	0	0	
0	[SLAMPOS]	0	-46.100	-33.250	0	59.500	0	0	
0	[SLAMPOS]	0	-45.520	-32.910	0	59.370	0	0	
0	[SLAMPOS]	0	-45.340	-32.800	0	59.470	0	0	
0	[SLAMPOS]	0	-44.950	-32.580	0	59.380	0	0	
0	[SLAMPOS]	0	-44.400	-32.270	0	59.400	0	0	
0	[SLAMPOS]	0	-44.140	-32.130	0	59.400	0	0	
0	[SLAMPOS]	0	-43.750	-31.910	0	59.410	0	0	
0	[SLAMPOS]	0	-43.540	-31.790	0	59.400	0	0	
0	[SLAMPOS]	0	-43.140	-31.560	0	59.400	0	0	
0	[SLAMPOS]	0	-42.620	-31.270	0	59.400	0	0	
0	[SLAMPOS]	0	-42.050	-30.940	0	59.360	0	0	
0	[SLAMPOS]	0	-41.950	-30.880	0	59.350	0	0	
0	[SLAMPOS]	0	-41.500	-30.640	0	59.380	0	0	
0	[SLAMPOS]	0	-41.330	-30.540	0	59.370	0	0	
0	[SLAMPOS]	0	-40.870	-30.290	0	59.380	0	0	
0	[SLAMPOS]	0	-40.460	-30.060	0	59.330	0	0	
0	[SLAMPOS]	0	-40.300	-29.980	0	59.320	0	0	
0	[SLAMPOS]	0	-39.630	-29.600	0	59.220	0	0	
0	[SLAMPOS]	0	-39.190	-29.350	0	59.170	0	0	
0	[SLAMPOS]	0	-38.960	-29.220	0	59.140	0	0	
0	[SLAMPOS]	0	-38.520	-28.970	0	59.090	0	0	
0	[SLAMPOS]	0	-37.990	-28.640	0	58.980	0	0	
0	[SLAMPOS]	0	-37.430	-28.310	0	58.890	0	0	
0	[SLAMPOS]	0	-37.330	-28.260	0	58.880	0	0	
0	[SLAMPOS]	0	-36.860	-28.000	0	58.850	0	0	
0	[SLAMPOS]	0	-36.790	-27.960	0	58.850	0	0	
0	[SLAMPOS]	0	-36.120	-27.560	0	58.770	0	0	
0	[SLAMPOS]	0	-35.940	-27.470	0	58.790	0	0	
0	[SLAMPOS]	0	-35.580	-27.260	0	58.770	0	0	
0	[SLAMPOS]	0	-35.100	-26.990	0	58.760	0	0	
0	[SLAMPOS]	0	-34.970	-26.910	0	58.750	0	0	
0	[SLAMPOS]	0	-34.480	-26.650	0	58.740	0	0	
0	[SLAMPOS]	0	-34.060	-26.390	0	58.690	0	0	
0	[SLAMPOS]	0	-33.860	-26.290	0	58.720	0	0	
0	[SLAMPOS]	0	-33.130	-25.850	0	58.620	0	0	
0	[SLAMPOS]	0	-32.920	-25.740	0	58.620	0	0	
0	[SLAMPOS]	0	-32.540	-25.520	0	58.620	0	0	
0	[SLAMPOS]	0	-31.980	-25.200	0	58.600	0	0	
0	[SLAMPOS]	0	-31.740	-25.030	0	58.540	0	0	
0	[SLAMPOS]	0	-31.530	-24.920	0	58.570	0	0	
0	[SLAMPOS]	0	-30.810	-24.510	0	58.620	0	0	
0	[SLAMPOS]	0	-30.610	-24.400	0	58.580	0	0	
0	[SLAMPOS]	0	-30.140	-24.140	0	58.640	0	0	
0	[SLAMPOS]	0	-29.670	-23.860	0	58.700	0	0	
0	[SLAMPOS]	0	-29.360	-23.700	0	58.720	0	0	
0	[SLAMPOS]	0	-28.910	-23.430	0	58.610	0	0	
0	[SLAMPOS]	0	-28.420	-23.140	0	58.630	0	0	
0	[SLAMPOS]	0	-28.270	-23.050	0	58.620	0	0	
0	[SLAMPOS]	0	-27.770	-22.760	0	58.610	0	0	
0	[SLAMPOS]	0	-27.360	-22.530	0	58.610	0	0	
0	[SLAMPOS]	0	-27.190	-22.430	0	58.590	0	0	
0	[SLAMPOS]	0	-26.470	-21.990	0	58.560	0	0	
0	[SLAMPOS]	0	-26.260	-21.880	0	58.570	0	0	
0	[SLAMPOS]	0	-25.830	-21.600	0	58.500	0	0	
0	[SLAMPOS]	0	-25.330	-21.300	0	58.530	0	0	
0	[SLAMPOS]	0	-24.890	-21.050	0	58.520	0	0	
0	[SLAMPOS]	0	-24.620	-20.900	0	58.530	0	0	
0	[SLAMPOS]	0	-23.910	-20.460	0	58.460	0	0	
0	[SLAMPOS]	0	-23.670	-20.310	0	58.440	0	0	
0	[SLAMPOS]	0	-23.360	-20.120	0	58.400	0	0	
0	[SLAMPOS]	0	-22.630	-19.690	0	58.380	0	0	
0	[SLAMPOS]	0	-22.420	-19.570	0	58.370	0	0	
0	[SLAMPOS]	0	-22.020	-19.330	0	58.260	0	0	
0	[SLAMPOS]	0	-21.470	-19.040	0	58.260	0	0	
0	[SLAMPOS]	0	-21.340	-18.960	0	58.270	0	0	
0	[SLAMPOS]	0	-20.790	-18.670	0	58.280	0	0	
0	[SLAMPOS]	0	-20.660	-18.590	0	58.300	0	0	
0	[SLAMPOS]	0	-20.120	-18.270	0	58.250	0	0	
0	[SLAMPOS]	0	-19.590	-17.950	0	58.280	0	0	
0	[SLAMPOS]	0	-19.410	-17.840	0	58.290	0	0	
0	[SLAMPOS]	0	-18.830	-17.500	0	58.360	0	0	
0	[SLAMPOS]	0	-18.400	-17.240	0	58.390	0	0	
0	[SLAMPOS]	0	-18.180	-17.120	0	58.400	0	0	
0	[SLAMPOS]	0	-17.410	-16.660	0	58.440	0	0	
0	[SLAMPOS]	0	-17.210	-16.560	0	58.480	0	0	
0	[SLAMPOS]	0	-16.750	-16.300	0	58.540	0	0	
0	[SLAMPOS]	0	-16.170	-15.970	0	58.570	0	0	
0	[SLAMPOS]	0	-16.050	-15.890	0	58.580	0	0	
0	[SLAMPOS]	0	-15.450	-15.550	0	58.630	0	0	
0	[SLAMPOS]	0	-14.920	-15.260	0	58.660	0	0	
0	[SLAMPOS]	0	-14.780	-15.180	0	58.680	0	0	
0	[SLAMPOS]	0	-14.270	-14.890	0	58.690	0	0	
0	[SLAMPOS]	0	-13.840	-14.630	0	58.720	0	0	
0	[SLAMPOS]	0	-13.620	-14.510	0	58.730	0	0	
0	[SLAMPOS]	0	-12.790	-14.040	0	58.800	0	0	
0	[SLAMPOS]	0	-12.590	-13.920	0	58.790	0	0	
0	[SLAMPOS]	0	-12.100	-13.640	0	58.820	0	0	
0	[SLAMPOS]	0	-11.540	-13.330	0	58.860	0	0	
0	[SLAMPOS]	0	-11.380	-13.230	0	58.870	0	0	
0	[SLAMPOS]	0	-10.840	-12.910	0	58.870	0	0	
0	[SLAMPOS]	0	-10.690	-12.820	0	58.880	0	0	
0	[SLAMPOS]	0	-10.010	-12.450	0	58.920	0	0	
0	[SLAMPOS]	0	-9.540	-12.180	0	58.930	0	0	
0	[SLAMPOS]	0	-9.080	-11.910	0	58.950	0	0	
0	[SLAMPOS]	0	-8.880	-11.790	0	58.960	0	0	
0	[SLAMPOS]	0	-8.050	-11.320	0	58.990	0	0	
0	[SLAMPOS]	0	-7.840	-11.210	0	59.010	0	0	
0	[SLAMPOS]	0	-7.320	-10.900	0	59.020	0	0	
0	[SLAMPOS]	0	-6.750	-10.580	0	59.050	0	0	
0	[SLAMPOS]	0	-6.590	-10.490	0	59.060	0	0	
0	[SLAMPOS]	0	-6.050	-10.190	0	59.070	0	0	
0	[SLAMPOS]	0	-5.900	-10.100	0	59.080	0	0	
0	[SLAMPOS]	0	-5.300	-9.780	0	59.110	0	0	
0	[SLAMPOS]	0	-4.820	-9.480	0	59.110	0	0	
0	[SLAMPOS]	0	-4.550	-9.340	0	59.140	0	0	
0	[SLAMPOS]	0	-3.950	-9.010	0	59.170	0	0	
0	[SLAMPOS]	0	-3.440	-8.700	0	59.180	0	0	
0	[SLAMPOS]	0	-2.770	-8.320	0	59.200	0	0	
0	[SLAMPOS]	0	-2.570	-8.210	0	59.210	0	0	
0	[SLAMPOS]	0	-2.030	-7.900	0	59.210	0	0	
0	[SLAMPOS]	0	-1.470	-7.590	0	59.270	0	0	
0	[SLAMPOS]	0	-0.950	-7.290	0	59.290	0	0	
0	[SLAMPOS]	0	-0.300	-6.900	0	59.300	0	0	
0	[SLAMPOS]	0	-0.080	-6.780	0	59.310	0	0	
0	[SLAMPOS]	0	0.400	-6.500	0	59.340	0	0	
0	[SLAMPOS]	0	0.980	-6.160	0	59.350	0	0	
0	[SLAMPOS]	0	1.140	-6.070	0	59.360	0	0	
0	[SLAMPOS]	0	1.710	-5.750	0	59.390	0	0	
0	[SLAMPOS]	0	1.840	-5.680	0	59.390	0	0	
0	[SLAMPOS]	0	2.530	-5.300	0	59.430	0	0	
0	[SLAMPOS]	0	2.990	-5.060	0	59.440	0	0	
0	[SLAMPOS]	0	3.160	-4.960	0	59.420	0	0	
0	[SLAMPOS]	0	3.960	-4.510	0	59.450	0	0	
0	[SLAMPOS]	0	4.090	-4.440	0	59.460	0	0	
0	[SLAMPOS]	0	4.690	-4.110	0	59.470	0	0	
0	[SLAMPOS]	0	4.790	-4.040	0	59.480	0	0	
0	[SLAMPOS]	0	5.700	-3.550	0	59.520	0	0	
0	[SLAMPOS]	0	6.280	-3.230	0	59.540	0	0	
0	[SLAMPOS]	0	6.900	-2.890	0	59.540	0	0	
0	[SLAMPOS]	0	7.040	-2.810	0	59.550	0	0	
0	[SLAMPOS]	0	7.640	-2.480	0	59.580	0	0	
0	[SLAMPOS]	0	8.240	-2.150	0	59.600	0	0	
0	[SLAMPOS]	0	8.390	-2.060	0	59.600	0	0	
0	[SLAMPOS]	0	8.980	-1.740	0	59.620	0	0	
0	[SLAMPOS]	0	9.560	-1.420	0	59.640	0	0	
0	[SLAMPOS]	0	9.830	-1.270	0	59.650	0	0	
0	[SLAMPOS]	0	10.550	-0.890	0	59.680	0	0	
0	[SLAMPOS]	0	11.180	-0.530	0	59.670	0	0	
0	[SLAMPOS]	0	11.320	-0.450	0	59.680	0	0	
0	[SLAMPOS]	0	12.230	0.070	0	59.710	0	0	
0	[SLAMPOS]	0	12.470	0.190	0	59.730	0	0	
0	[SLAMPOS]	0	12.690	0.310	0	59.730	0	0	
0	[SLAMPOS]	0	13.560	0.800	0	59.730	0	0	
0	[SLAMPOS]	0	14.200	1.130	0	59.740	0	0	
0	[SLAMPOS]	0	14.380	1.240	0	59.730	0	0	
0	[SLAMPOS]	0	15.000	1.570	0	59.740	0	0	
0	[SLAMPOS]	0	15.150	1.660	0	59.730	0	0	
0	[SLAMPOS]	0	15.790	2.000	0	59.720	0	0	
0	[SLAMPOS]	0	16.350	2.310	0	59.720	0	0	
0	[SLAMPOS]	0	16.580	2.450	0	59.710	0	0	
0	[SLAMPOS]	0	17.450	2.940	0	59.710	0	0	
0	[SLAMPOS]	0	17.700	3.090	0	59.690	0	0	
0	[SLAMPOS]	0	18.210	3.380	0	59.680	0	0	
0	[SLAMPOS]	0	18.810	3.710	0	59.690	0	0	
0	[SLAMPOS]	0	19.050	3.850	0	59.670	0	0	
0	[SLAMPOS]	0	19.580	4.140	0	59.670	0	0	
0	[SLAMPOS]	0	20.200	4.490	0	59.660	0	0	
0	[SLAMPOS]	0	20.360	4.580	0	59.650	0	0	
0	[SLAMPOS]	0	20.960	4.910	0	59.650	0	0	
0	[SLAMPOS]	0	21.180	5.040	0	59.640	0	0	
0	[SLAMPOS]	0	22.030	5.500	0	59.630	0	0	
0	[SLAMPOS]	0	22.510	5.770	0	59.610	0	0	
0	[SLAMPOS]	0	23.090	6.080	0	59.610	0	0	
0	[SLAMPOS]	0	23.170	6.120	0	59.600	0	0	
0	[SLAMPOS]	0	23.990	6.580	0	59.550	0	0	
0	[SLAMPOS]	0	24.210	6.700	0	59.540	0	0	
0	[SLAMPOS]	0	24.660	6.950	0	59.480	0	0	
0	[SLAMPOS]	0	25.240	7.260	0	59.430	0	0	
0	[SLAMPOS]	0	25.370	7.340	0	59.410	0	0	
0	[SLAMPOS]	0	25.940	7.660	0	59.330	0	0	
0	[SLAMPOS]	0	26.090	7.750	0	59.290	0	0	
0	[SLAMPOS]	0	26.640	8.070	0	59.220	0	0	
0	[SLAMPOS]	0	27.150	8.380	0	59.120	0	0	
0	[SLAMPOS]	0	27.680	8.690	0	59.050	0	0	
0	[SLAMPOS]	0	27.970	8.850	0	59.010	0	0	
0	[SLAMPOS]	0	28.740	9.310	0	58.850	0	0	
0	[SLAMPOS]	0	28.870	9.390	0	58.810	0	0	
0	[SLAMPOS]	0	29.420	9.690	0	58.710	0	0	
0	[SLAMPOS]	0	29.570	9.780	0	58.670	0	0	
0	[SLAMPOS]	0	30.130	10.100	0	58.560	0	0	
0	[SLAMPOS]	0	30.710	10.440	0	58.450	0	0	
0	[SLAMPOS]	0	30.820	10.510	0	58.420	0	0	
0	[SLAMPOS]	0	31.390	10.830	0	58.310	0	0	
0	[SLAMPOS]	0	31.830	11.090	0	58.210	0	0	
0	[SLAMPOS]	0	32.090	11.250	0	58.160	0	0	
0	[SLAMPOS]	0	32.830	11.690	0	57.980	0	0	
0	[SLAMPOS]	0	33.020	11.810	0	57.950	0	0	
0	[SLAMPOS]	0	33.510	12.110	0	57.810	0	0	
0	[SLAMPOS]	0	34.000	12.420	0	57.700	0	0	
0	[SLAMPOS]	0	34.150	12.510	0	57.630	0	0	
0	[SLAMPOS]	0	34.650	12.830	0	57.480	0	0	
0	[SLAMPOS]	0	35.160	13.160	0	57.300	0	0	
0	[SLAMPOS]	0	35.290	13.240	0	57.230	0	0	
0	[SLAMPOS]	0	35.910	13.650	0	56.940	0	0	
0	[SLAMPOS]	0	36.440	13.990	0	56.680	0	0	
0	[SLAMPOS]	0	37.050	14.370	0	56.370	0	0	
0	[SLAMPOS]	0	37.290	14.520	0	56.260	0	0	
0	[SLAMPOS]	0	37.710	14.790	0	56.030	0	0	
0	[SLAMPOS]	0	37.770	14.830	0	55.990	0	0	
0	[SLAMPOS]	0	38.290	15.160	0	55.730	0	0	
0	[SLAMPOS]	0	38.370	15.220	0	55.680	0	0	
0	[SLAMPOS]	0	38.800	15.490	0	55.470	0	0	
0	[SLAMPOS]	0	39.160	15.730	0	55.280	0	0	
0	[SLAMPOS]	0	39.520	15.980	0	55.110	0	0	
0	[SLAMPOS]	0	39.990	16.280	0	54.900	0	0	
0	[SLAMPOS]	0	40.110	16.370	0	54.850	0	0	
0	[SLAMPOS]	0	40.590	16.690	0	54.650	0	0	
0	[SLAMPOS]	0	41.000	16.970	0	54.480	0	0	
0	[SLAMPOS]	0	41.180	17.100	0	54.420	0	0	
0	[SLAMPOS]	0	41.650	17.430	0	54.250	0	0	
0	[SLAMPOS]	0	42.060	17.720	0	54.090	0	0	
0	[SLAMPOS]	0	42.250	17.850	0	54.020	0	0	
0	[SLAMPOS]	0	42.940	18.340	0	53.720	0	0	
0	[SLAMPOS]	0	43.120	18.460	0	53.650	0	0	
0	[SLAMPOS]	0	43.520	18.750	0	53.470	0	0	
0	[SLAMPOS]	0	44.020	19.100	0	53.260	0	0	
0	[SLAMPOS]	0	44.140	19.190	0	53.200	0	0	
0	[SLAMPOS]	0	44.640	19.550	0	52.990	0	0	
0	[SLAMPOS]	0	45.120	19.890	0	52.780	0	0	
0	[SLAMPOS]	0	45.220	19.960	0	52.730	0	0	
0	[SLAMPOS]	0	45.650	20.290	0	52.530	0	0	
0	[SLAMPOS]	0	45.830	20.430	0	52.430	0	0	
0	[SLAMPOS]	0	46.250	20.730	0	52.230	0	0	
0	[SLAMPOS]	0	46.630	21.030	0	52.050	0	0	
0	[SLAMPOS]	0	47.070	21.360	0	51.870	0	0	
0	[SLAMPOS]	0	47.470	21.660	0	51.700	0	0	
0	[SLAMPOS]	0	47.650	21.800	0	51.620	0	0	
0	[SLAMPOS]	0	48.130	22.160	0	51.440	0	0	
0	[SLAMPOS]	0	48.500	22.440	0	51.340	0	0	
0	[SLAMPOS]	0	48.950	22.800	0	51.250	0	0	
0	[SLAMPOS]	0	49.070	22.900	0	51.230	0	0	
0	[SLAMPOS]	0	49.560	23.270	0	51.160	0	0	
0	[SLAMPOS]	0	49.670	23.360	0	51.160	0	0	
0	[SLAMPOS]	0	50.160	23.740	0	51.110	0	0	
0	[SLAMPOS]	0	50.550	24.040	0	51.130	0	0	
0	[SLAMPOS]	0	50.690	24.140	0	51.110	0	0	
0	[SLAMPOS]	0	51.390	24.680	0	51.190	0	0	
0	[SLAMPOS]	0	51.580	24.820	0	51.210	0	0	
0	[SLAMPOS]	0	51.970	25.120	0	51.260	0	0	
0	[SLAMPOS]	0	52.440	25.480	0	51.290	0	0	
0	[SLAMPOS]	0	52.630	25.610	0	51.310	0	0	
0	[SLAMPOS]	0	53.050	25.930	0	51.380	0	0	
0	[SLAMPOS]	0	53.540	26.300	0	51.440	0	0	
0	[SLAMPOS]	0	53.650	26.390	0	51.480	0	0	
0	[SLAMPOS]	0	54.130	26.750	0	51.520	0	0	
0	[SLAMPOS]	0	54.540	27.070	0	51.600	0	0	
0	[SLAMPOS]	0	54.740	27.210	0	51.620	0	0	
0	[SLAMPOS]	0	55.170	27.540	0	51.750	0	0	
0	[SLAMPOS]	0	55.390	27.710	0	51.800	0	0	
0	[SLAMPOS]	0	55.880	28.070	0	51.930	0	0	
0	[SLAMPOS]	0	56.310	28.400	0	52.080	0	0	
0	[SLAMPOS]	0	56.490	28.530	0	52.110	0	0	
0	[SLAMPOS]	0	57.240	29.080	0	52.350	0	0	
0	[SLAMPOS]	0	57.420	29.210	0	52.400	0	0	
0	[SLAMPOS]	0	57.840	29.530	0	52.580	0	0	
0	[SLAMPOS]	0	58.360	29.890	0	52.750	0	0	
0	[SLAMPOS]	0	58.480	29.980	0	52.830	0	0	
0	[SLAMPOS]	0	58.980	30.340	0	53.000	0	0	
0	[SLAMPOS]	0	59.470	30.680	0	53.180	0	0	
0	[SLAMPOS]	0	59.610	30.780	0	53.280	0	0	
0	[SLAMPOS]	0	60.100	31.120	0	53.480	0	0	
0	[SLAMPOS]	0	60.540	31.430	0	53.740	0	0	
0	[SLAMPOS]	0	60.780	31.600	0	53.860	0	0	
0	[SLAMPOS]	0	61.500	32.090	0	54.300	0	0	
0	[SLAMPOS]	0	61.710	32.240	0	54.410	0	0	
0	[SLAMPOS]	0	61.960	32.410	0	54.550	0	0	
0	[SLAMPOS]	0	62.700	32.900	0	55.030	0	0	
0	[SLAMPOS]	0	62.890	33.020	0	55.110	0	0	
0	[SLAMPOS]	0	63.390	33.340	0	55.430	0	0	
0	[SLAMPOS]	0	63.910	33.680	0	55.720	0	0	
0	[SLAMPOS]	0	64.060	33.770	0	55.810	0	0	
0	[SLAMPOS]	0	64.510	34.050	0	56.010	0	0	
0	[SLAMPOS]	0	65.190	34.470	0	56.310	0	0	
0	[SLAMPOS]	0	65.250	34.510	0	56.340	0	0	
0	[SLAMPOS]	0	65.960	34.940	0	56.640	0	0	
0	[SLAMPOS]	0	66.280	35.140	0	56.780	0	0	
0	[SLAMPOS]	0	66.390	35.200	0	56.800	0	0	
0	[SLAMPOS]	0	67.090	35.630	0	57.100	0	0	
0	[SLAMPOS]	0	67.220	35.720	0	57.170	0	0	
0	[SLAMPOS]	0	67.710	36.010	0	57.360	0	0	
0	[SLAMPOS]	0	67.840	36.090	0	57.410	0	0	
0	[SLAMPOS]	0	68.370	36.390	0	57.600	0	0	
0	[SLAMPOS]	0	68.870	36.690	0	57.730	0	0	
0	[SLAMPOS]	0	69.020	36.780	0	57.770	0	0	
0	[SLAMPOS]	0	69.510	37.060	0	57.860	0	0	
0	[SLAMPOS]	0	69.940	37.320	0	57.940	0	0	
0	[SLAMPOS]	0	70.140	37.430	0	57.960	0	0	
0	[SLAMPOS]	0	70.870	37.870	0	58.060	0	0	
0	[SLAMPOS]	0	71.060	37.970	0	58.060	0	0	
0	[SLAMPOS]	0	71.480	38.240	0	58.130	0	0	
0	[SLAMPOS]	0	71.980	38.530	0	58.190	0	0	
0	[SLAMPOS]	0	72.200	38.650	0	58.200	0	0	
0	[SLAMPOS]	0	72.590	38.890	0	58.250	0	0	
0	[SLAMPOS]	0	73.000	39.140	0	58.300	0	0	
0	[SLAMPOS]	0	73.200	39.250	0	58.320	0	0	
0	[SLAMPOS]	0	73.680	39.520	0	58.380	0	0	
0	[SLAMPOS]	0	74.090	39.770	0	58.450	0	0	
0	[SLAMPOS]	0	74.280	39.870	0	58.460	0	0	
0	[SLAMPOS]	0	74.960	40.270	0	58.550	0	0	
0	[SLAMPOS]	0	75.140	40.370	0	58.570	0	0	
0	[SLAMPOS]	0	75.550	40.610	0	58.630	0	0	
0	[SLAMPOS]	0	76.000	40.860	0	58.670	0	0	
0	[SLAMPOS]	0	76.130	40.950	0	58.700	0	0	
0	[SLAMPOS]	0	76.560	41.190	0	58.740	0	0	
0	[SLAMPOS]	0	77.050	41.470	0	58.790	0	0	
0	[SLAMPOS]	0	77.160	41.540	0	58.810	0	0	
0	[SLAMPOS]	0	77.600	41.780	0	58.860	0	0	
0	[SLAMPOS]	0	78.000	42.020	0	58.900	0	0	
0	[SLAMPOS]	0	78.170	42.110	0	58.910	0	0	
0	[SLAMPOS]	0	78.830	42.490	0	58.940	0	0	
0	[SLAMPOS]	0	79.020	42.590	0	58.930	0	0	
0	[SLAMPOS]	0	79.400	42.810	0	58.940	0	0	
0	[SLAMPOS]	0	79.840	43.050	0	58.930	0	0	
0	[SLAMPOS]	0	79.960	43.130	0	58.930	0	0	
0	[SLAMPOS]	0	80.380	43.370	0	58.900	0	0	
0	[SLAMPOS]	0	80.500	43.440	0	58.900	0	0	
0	[SLAMPOS]	0	80.960	43.720	0	58.860	0	0	
0	[SLAMPOS]	0	81.360	43.940	0	58.840	0	0	
0	[SLAMPOS]	0	81.470	44.010	0	58.840	0	0	
0	[SLAMPOS]	0	81.920	44.270	0	58.820	0	0	
0	[SLAMPOS]	0	82.290	44.490	0	58.810	0	0	
0	[SLAMPOS]	0	82.460	44.580	0	58.800	0	0	
0	[SLAMPOS]	0	83.100	44.950	0	58.770	0	0	
0	[SLAMPOS]	0	83.270	45.050	0	58.760	0	0	
0	[SLAMPOS]	0	83.640	45.260	0	58.750	0	0	
0	[SLAMPOS]	0	84.070	45.510	0	58.720	0	0	
0	[SLAMPOS]	0	84.230	45.600	0	58.710	0	0	
0	[SLAMPOS]	0	84.610	45.820	0	58.680	0	0	
0	[SLAMPOS]	0	84.990	46.030	0	58.660	0	0	
0	[SLAMPOS]	0	85.120	46.110	0	58.650	0	0	
0	[SLAMPOS]	0	85.520	46.360	0	58.600	0	0	
0	[SLAMPOS]	0	85.870	46.580	0	58.570	0	0	
0	[SLAMPOS]	0	86.030	46.670	0	58.550	0	0	
0	[SLAMPOS]	0	86.610	47.030	0	58.500	0	0	
0	[SLAMPOS]	0	86.770	47.110	0	58.500	0	0	
0	[SLAMPOS]	0	86.950	47.210	0	58.500	0	0	
0	[SLAMPOS]	0	87.510	47.540	0	58.540	0	0	
0	[SLAMPOS]	0	87.670	47.630	0	58.560	0	0	
0	[SLAMPOS]	0	88.040	47.840	0	58.590	0	0	
0	[SLAMPOS]	0	88.410	48.060	0	58.570	0	0	
0	[SLAMPOS]	0	88.510	48.120	0	58.570	0	0	
0	[SLAMPOS]	0	88.890	48.330	0	58.550	0	0	
0	[SLAMPOS]	0	89.000	48.400	0	58.550	0	0	
0	[SLAMPOS]	0	89.350	48.600	0	58.530	0	0	
0	[SLAMPOS]	0	89.640	48.770	0	58.520	0	0	
0	[SLAMPOS]	0	89.770	48.850	0	58.520	0	0	
0	[SLAMPOS]	0	90.270	49.140	0	58.480	0	0	
0	[SLAMPOS]	0	90.400	49.210	0	58.470	0	0	
0	[SLAMPOS]	0	90.530	49.280	0	58.460	0	0	
0	[SLAMPOS]	0	90.910	49.510	0	58.420	0	0	
0	[SLAMPOS]	0	91.140	49.650	0	58.400	0	0	
0	[SLAMPOS]	0	91.410	49.820	0	58.390	0	0	
0	[SLAMPOS]	0	91.720	49.990	0	58.350	0	0	
0	[SLAMPOS]	0	91.790	50.040	0	58.340	0	0	
0	[SLAMPOS]	0	92.100	50.220	0	58.290	0	0	
0	[SLAMPOS]	0	92.370	50.370	0	58.250	0	0	
0	[SLAMPOS]	0	92.450	50.420	0	58.230	0	0	
0	[SLAMPOS]	0	92.750	50.590	0	58.150	0	0	
0	[SLAMPOS]	0	92.970	50.720	0	58.080	0	0	
0	[SLAMPOS]	0	93.050	50.780	0	58.060	0	0	
0	[SLAMPOS]	0	93.460	51.020	0	57.890	0	0	
0	[SLAMPOS]	0	93.560	51.080	0	57.840	0	0	
0	[SLAMPOS]	0	93.790	51.210	0	57.720	0	0	
0	[SLAMPOS]	0	93.900	51.290	0	57.650	0	0	
0	[SLAMPOS]	0	94.150	51.440	0	57.490	0	0	
0	[SLAMPOS]	0	94.370	51.570	0	57.330	0	0	
0	[SLAMPOS]	0	94.460	51.630	0	57.260	0	0	
0	[SLAMPOS]	0	94.670	51.760	0	57.090	0	0	
0	[SLAMPOS]	0	94.890	51.900	0	56.910	0	0	
0	[SLAMPOS]	0	94.950	51.940	0	56.860	0	0	
0	[SLAMPOS]	0	95.180	52.080	0	56.670	0	0	
0	[SLAMPOS]	0	95.410	52.230	0	56.450	0	0	
0	[SLAMPOS]	0	95.500	52.290	0	56.370	0	0	
0	[SLAMPOS]	0	95.670	52.400	0	56.190	0	0	
0	[SLAMPOS]	0	95.840	52.510	0	56.020	0	0	
0	[SLAMPOS]	0	95.910	52.550	0	55.960	0	0	
0	[SLAMPOS]	0	96.210	52.750	0	55.680	0	0	
0	[SLAMPOS]	0	96.290	52.800	0	55.610	0	0	
0	[SLAMPOS]	0	96.460	52.920	0	55.430	0	0	
0	[SLAMPOS]	0	96.650	53.040	0	55.230	0	0	
0	[SLAMPOS]	0	96.700	53.080	0	55.180	0	0	
0	[SLAMPOS]	0	96.880	53.200	0	55.010	0	0	
0	[SLAMPOS]	0	97.060	53.330	0	54.830	0	0	
0	[SLAMPOS]	0	97.110	53.360	0	54.780	0	0	
0	[SLAMPOS]	0	97.300	53.490	0	54.600	0	0	
0	[SLAMPOS]	0	97.360	53.530	0	54.530	0	0	
0	[SLAMPOS]	0	97.540	53.660	0	54.350	0	0	
0	[SLAMPOS]	0	97.700	53.760	0	54.210	0	0	
0	[SLAMPOS]	0	97.780	53.820	0	54.140	0	0	
0	[SLAMPOS]	0	97.940	53.940	0	53.980	0	0	
0	[SLAMPOS]	0	98.100	54.050	0	53.810	0	0	
0	[SLAMPOS]	0	98.170	54.090	0	53.740	0	0	
0	[SLAMPOS]	0	98.420	54.270	0	53.510	0	0	
0	[SLAMPOS]	0	98.490	54.320	0	53.440	0	0	
0	[SLAMPOS]	0	98.620	54.420	0	53.290	0	0	
0	[SLAMPOS]	0	98.780	54.530	0	53.130	0	0	
0	[SLAMPOS]	0	98.820	54.560	0	53.080	0	0	
0	[SLAMPOS]	0	98.980	54.680	0	52.910	0	0	
0	[SLAMPOS]	0	99.020	54.710	0	52.860	0	0	
0	[SLAMPOS]	0	99.170	54.820	0	52.690	0	0	
0	[SLAMPOS]	0	99.320	54.930	0	52.510	0	0	
0	[SLAMPOS]	0	99.460	55.030	0	52.350	0	0	
0	[SLAMPOS]	0	99.520	55.080	0	52.280	0	0	
0	[SLAMPOS]	0	99.760	55.260	0	51.990	0	0	
0	[SLAMPOS]	0	99.820	55.310	0	51.930	0	0	
0	[SLAMPOS]	0	99.960	55.410	0	51.760	0	0	
0	[SLAMPOS]	0	100.130	55.550	0	51.540	0	0	
0	[SLAMPOS]	0	100.200	55.600	0	51.450	0	0	
0	[SLAMPOS]	0	100.330	55.700	0	51.280	0	0	
0	[SLAMPOS]	0	100.370	55.730	0	51.210	0	0	
0	[SLAMPOS]	0	100.530	55.850	0	51.020	0	0	
0	[SLAMPOS]	0	100.660	55.960	0	50.830	0	0	
0	[SLAMPOS]	0	100.740	56.010	0	50.730	0	0	
0	[SLAMPOS]	0	100.980	56.210	0	50.350	0	0	
0	[SLAMPOS]	0	101.050	56.260	0	50.240	0	0	
0	[SLAMPOS]	0	101.210	56.380	0	50.000	0	0	
0	[SLAMPOS]	0	101.350	56.500	0	49.760	0	0	
0	[SLAMPOS]	0	101.520	56.640	0	49.480	0	0	
0	[SLAMPOS]	0	101.560	56.670	0	49.410	0	0	
0	[SLAMPOS]	0	101.720	56.810	0	49.110	0	0	
0	[SLAMPOS]	0	101.780	56.860	0	48.990	0	0	
0	[SLAMPOS]	0	101.930	56.980	0	48.710	0	0	
0	[SLAMPOS]	0	102.070	57.110	0	48.410	0	0	
0	[SLAMPOS]	0	102.140	57.170	0	48.280	0	0	
0	[SLAMPOS]	0	102.390	57.380	0	47.760	0	0	
0	[SLAMPOS]	0	102.450	57.450	0	47.620	0	0	
0	[SLAMPOS]	0	102.520	57.510	0	47.480	0	0	
0	[SLAMPOS]	0	102.770	57.730	0	46.910	0	0	
0	[SLAMPOS]	0	102.830	57.790	0	46.760	0	0	
0	[SLAMPOS]	0	102.980	57.930	0	46.370	0	0	
0	[SLAMPOS]	0	103.140	58.090	0	45.930	0	0	
0	[SLAMPOS]	0	103.200	58.140	0	45.750	0	0	
0	[SLAMPOS]	0	103.360	58.300	0	45.280	0	0	
0	[SLAMPOS]	0	103.410	58.340	0	45.120	0	0	
0	[SLAMPOS]	0	103.580	58.510	0	44.610	0	0	
0	[SLAMPOS]	0	103.750	58.690	0	44.040	0	0	
0	[SLAMPOS]	0	103.900	58.850	0	43.490	0	0	
0	[SLAMPOS]	0	103.970	58.920	0	43.260	0	0	
0	[SLAMPOS]	0	104.130	59.080	0	42.690	0	0	
0	[SLAMPOS]	0	104.300	59.280	0	42.050	0	0	
0	[SLAMPOS]	0	104.450	59.450	0	41.440	0	0	
0	[SLAMPOS]	0	104.620	59.650	0	40.740	0	0	
0	[SLAMPOS]	0	104.660	59.700	0	40.550	0	0	
0	[SLAMPOS]	0	104.830	59.900	0	39.900	0	0	
0	[SLAMPOS]	0	104.870	59.960	0	39.670	0	0	
0	[SLAMPOS]	0	105.050	60.170	0	38.930	0	0	
0	[SLAMPOS]	0	105.200	60.350	0	38.200	0	0	
0	[SLAMPOS]	0	105.380	60.580	0	37.330	0	0	
0	[SLAMPOS]	0	105.450	60.680	0	36.970	0	0	
0	[SLAMPOS]	0	105.600	60.890	0	36.160	0	0	
0	[SLAMPOS]	0	105.770	61.120	0	35.270	0	0	
0	[SLAMPOS]	0	105.910	61.340	0	34.370	0	0	
0	[SLAMPOS]	0	105.990	61.460	0	33.900	0	0	
0	[SLAMPOS]	0	106.130	61.680	0	33.010	0	0	
0	[SLAMPOS]	0	106.280	61.940	0	31.970	0	0	
0	[SLAMPOS]	0	106.330	62.010	0	31.650	0	0	
0	[SLAMPOS]	0	106.480	62.280	0	30.560	0	0	
0	[SLAMPOS]	0	106.610	62.560	0	29.440	0	0	
0	[SLAMPOS]	0	106.650	62.630	0	29.120	0	0	
0	[SLAMPOS]	0	106.810	62.900	0	27.980	0	0	
0	[SLAMPOS]	0	106.840	62.970	0	27.670	0	0	
0	[SLAMPOS]	0	106.970	63.270	0	26.510	0	0	
0	[SLAMPOS]	0	107.090	63.520	0	25.470	0	0	
0	[SLAMPOS]	0	107.220	63.820	0	24.290	0	0	
0	[SLAMPOS]	0	107.330	64.060	0	23.280	0	0	
0	[SLAMPOS]	0	107.380	64.180	0	22.830	0	0	
0	[SLAMPOS]	0	107.500	64.480	0	21.700	0	0	
0	[SLAMPOS]	0	107.600	64.760	0	20.700	0	0	
0	[SLAMPOS]	0	107.710	65.060	0	19.640	0	0	
0	[SLAMPOS]	0	107.740	65.150	0	19.300	0	0	
0	[SLAMPOS]	0	107.850	65.490	0	18.180	0	0	
0	[SLAMPOS]	0	107.870	65.540	0	18.010	0	0	
0	[SLAMPOS]	0	107.960	65.890	0	16.920	0	0	
0	[SLAMPOS]	0	108.040	66.170	0	16.030	0	0	
0	[SLAMPOS]	0	108.070	66.300	0	15.670	0	0	
0	[SLAMPOS]	0	108.200	66.790	0	14.300	0	0	
0	[SLAMPOS]	0	108.220	66.930	0	13.960	0	0	
0	[SLAMPOS]	0	108.260	67.060	0	13.620	0	0	
0	[SLAMPOS]	0	108.370	67.560	0	12.370	0	0	
0	[SLAMPOS]	0	108.400	67.690	0	12.070	0	0	
0	[SLAMPOS]	0	108.460	67.990	0	11.390	0	0	
0	[SLAMPOS]	0	108.520	68.360	0	10.650	0	0	
0	[SLAMPOS]	0	108.550	68.470	0	10.390	0	0	
0	[SLAMPOS]	0	108.610	68.800	0	9.710	0	0	
0	[SLAMPOS]	0	108.650	69.110	0	9.070	0	0	
0	[SLAMPOS]	0	108.680	69.250	0	8.790	0	0	
0	[SLAMPOS]	0	108.750	69.800	0	7.690	0	0	
0	[SLAMPOS]	0	108.770	69.950	0	7.400	0	0	
0	[SLAMPOS]	0	108.790	70.100	0	7.130	0	0	
0	[SLAMPOS]	0	108.860	70.650	0	6.000	0	0	
0	[SLAMPOS]	0	108.870	70.810	0	5.710	0	0	
0	[SLAMPOS]	0	108.900	71.150	0	5.020	0	0	
0	[SLAMPOS]	0	108.920	71.540	0	4.270	0	0	
0	[SLAMPOS]	0	108.930	71.640	0	4.040	0	0	
0	[SLAMPOS]	0	108.950	72.040	0	3.270	0	0	
0	[SLAMPOS]	0	108.950	72.140	0	3.040	0	0	
0	[SLAMPOS]	0	108.970	72.540	0	2.260	0	0	
0	[SLAMPOS]	0	108.980	72.880	0	1.560	0	0	
0	[SLAMPOS]	0	108.980	73.070	0	1.210	0	0	
0	[SLAMPOS]	0	108.990	73.450	0	0.480	0	0	
0	[SLAMPOS]	0	108.990	73.810	0	359.760	0	0	
0	[SLAMPOS]	0	108.980	73.970	0	359.460	0	0	
0	[SLAMPOS]	0	108.960	74.620	0	358.110	0	0	
0	[SLAMPOS]	0	108.950	74.760	0	357.830	0	0	
0	[SLAMPOS]	0	108.930	75.120	0	357.100	0	0	
0	[SLAMPOS]	0	108.900	75.540	0	356.250	0	0	
0	[SLAMPOS]	0	108.890	75.660	0	355.990	0	0	
0	[SLAMPOS]	0	108.870	76.100	0	355.130	0	0	
0	[SLAMPOS]	0	108.820	76.500	0	354.370	0	0	
0	[SLAMPOS]	0	108.810	76.620	0	354.090	0	0	
0	[SLAMPOS]	0	108.760	77.080	0	353.200	0	0	
0	[SLAMPOS]	0	108.710	77.460	0	352.410	0	0	
0	[SLAMPOS]	0	108.680	77.660	0	352.020	0	0	
0	[SLAMPOS]	0	108.610	78.150	0	351.120	0	0	
0	[SLAMPOS]	0	108.540	78.510	0	350.400	0	0	
0	[SLAMPOS]	0	108.510	78.680	0	350.110	0	0	
0	[SLAMPOS]	0	108.370	79.350	0	348.770	0	0	
0	[SLAMPOS]	0	108.330	79.530	0	348.450	0	0	
0	[SLAMPOS]	0	108.250	79.920	0	347.680	0	0	
0	[SLAMPOS]	0	108.150	80.390	0	346.810	0	0	
0	[SLAMPOS]	0	108.130	80.490	0	346.590	0	0	
0	[SLAMPOS]	0	108.010	80.950	0	345.720	0	0	
0	[SLAMPOS]	0	107.980	81.080	0	345.430	0	0	
0	[SLAMPOS]	0	107.840	81.540	0	344.520	0	0	
0	[SLAMPOS]	0	107.720	81.940	0	343.700	0	0	
0	[SLAMPOS]	0	107.570	82.390	0	342.850	0	0	
0	[SLAMPOS]	0	107.440	82.800	0	342.090	0	0	
0	[SLAMPOS]	0	107.280	83.280	0	341.250	0	0	
0	[SLAMPOS]	0	107.190	83.560	0	340.790	0	0	
0	[SLAMPOS]	0	107.040	83.960	0	340.100	0	0	
0	[SLAMPOS]	0	106.870	84.410	0	339.350	0	0	
0	[SLAMPOS]	0	106.830	84.510	0	339.180	0	0	
0	[SLAMPOS]	0	106.630	85.020	0	338.360	0	0	
0	[SLAMPOS]	0	106.410	85.550	0	337.580	0	0	
0	[SLAMPOS]	0	106.340	85.710	0	337.310	0	0	
0	[SLAMPOS]	0	106.140	86.180	0	336.670	0	0	
0	[SLAMPOS]	0	106.100	86.280	0	336.510	0	0	
0	[SLAMPOS]	0	105.790	86.970	0	335.510	0	0	
0	[SLAMPOS]	0	105.730	87.110	0	335.340	0	0	
0	[SLAMPOS]	0	105.540	87.510	0	334.760	0	0	
0	[SLAMPOS]	0	105.280	88.040	0	334.030	0	0	
0	[SLAMPOS]	0	105.200	88.210	0	333.820	0	0	
0	[SLAMPOS]	0	104.990	88.620	0	333.280	0	0	
0	[SLAMPOS]	0	104.710	89.160	0	332.640	0	0	
0	[SLAMPOS]	0	104.640	89.300	0	332.470	0	0	
0	[SLAMPOS]	0	104.400	89.770	0	331.960	0	0	
0	[SLAMPOS]	0	104.170	90.200	0	331.480	0	0	
0	[SLAMPOS]	0	104.060	90.390	0	331.310	0	0	
0	[SLAMPOS]	0	103.730	91.000	0	330.730	0	0	
0	[SLAMPOS]	0	103.420	91.550	0	330.240	0	0	
0	[SLAMPOS]	0	103.100	92.100	0	329.770	0	0	
0	[SLAMPOS]	0	103.030	92.210	0	329.660	0	0	
0	[SLAMPOS]	0	102.790	92.650	0	329.340	0	0	
0	[SLAMPOS]	0	102.400	93.300	0	328.800	0	0	
0	[SLAMPOS]	0	102.300	93.460	0	328.670	0	0	
0	[SLAMPOS]	0	101.960	94.020	0	328.230	0	0	
0	[SLAMPOS]	0	101.690	94.460	0	327.930	0	0	
0	[SLAMPOS]	0	101.610	94.600	0	327.830	0	0	
0	[SLAMPOS]	0	101.380	94.960	0	327.600	0	0	
0	[SLAMPOS]	0	101.300	95.100	0	327.520	0	0	
0	[SLAMPOS]	0	100.840	95.820	0	327.070	0	0	
0	[SLAMPOS]	0	100.730	96.000	0	326.970	0	0	
0	[SLAMPOS]	0	100.450	96.440	0	326.730	0	0	
0	[SLAMPOS]	0	100.130	96.930	0	326.480	0	0	
0	[SLAMPOS]	0	100.050	97.050	0	326.420	0	0	
0	[SLAMPOS]	0	99.740	97.550	0	326.170	0	0	
0	[SLAMPOS]	0	99.430	98.020	0	325.940	0	0	
0	[SLAMPOS]	0	99.050	98.590	0	325.690	0	0	
0	[SLAMPOS]	0	98.970	98.710	0	325.620	0	0	
0	[SLAMPOS]	0	98.690	99.120	0	325.440	0	0	
0	[SLAMPOS]	0	98.570	99.310	0	325.360	0	0	
0	[SLAMPOS]	0	98.230	99.810	0	325.140	0	0	
0	[SLAMPOS]	0	97.950	100.210	0	324.960	0	0	
0	[SLAMPOS]	0	97.840	100.380	0	324.890	0	0	
0	[SLAMPOS]	0	97.330	101.110	0	324.550	0	0	
0	[SLAMPOS]	0	97.200	101.300	0	324.470	0	0	
0	[SLAMPOS]	0	96.890	101.740	0	324.260	0	0	
0	[SLAMPOS]	0	96.540	102.260	0	324.040	0	0	
0	[SLAMPOS]	0	96.370	102.500	0	323.940	0	0	
0	[SLAMPOS]	0	96.180	102.750	0	323.830	0	0	
0	[SLAMPOS]	0	95.720	103.410	0	323.510	0	0	
0	[SLAMPOS]	0	95.630	103.530	0	323.450	0	0	
0	[SLAMPOS]	0	95.180	104.150	0	323.160	0	0	
0	[SLAMPOS]	0	94.760	104.700	0	322.910	0	0	
0	[SLAMPOS]	0	94.440	105.140	0	322.730	0	0	
0	[SLAMPOS]	0	94.330	105.290	0	322.650	0	0	
0	[SLAMPOS]	0	94.010	105.710	0	322.470	0	0	
0	[SLAMPOS]	0	93.580	106.280	0	322.190	0	0	
0	[SLAMPOS]	0	93.270	106.680	0	322.000	0	0	
0	[SLAMPOS]	0	92.970	107.080	0	321.810	0	0	
0	[SLAMPOS]	0	92.600	107.560	0	321.600	0	0	
0	[SLAMPOS]	0	92.530	107.650	0	321.560	0	0	
0	[SLAMPOS]	0	92.150	108.140	0	321.350	0	0	
0	[SLAMPOS]	0	91.750	108.650	0	321.140	0	0	
0	[SLAMPOS]	0	91.610	108.820	0	321.080	0	0	
0	[SLAMPOS]	0	91.230	109.300	0	320.890	0	0	
0	[SLAMPOS]	0	91.150	109.400	0	320.860	0	0	
0	[SLAMPOS]	0	90.760	109.900	0	320.700	0	0	
0	[SLAMPOS]	0	90.350	110.400	0	320.550	0	0	
0	[SLAMPOS]	0	90.290	110.490	0	320.550	0	0	
0	[SLAMPOS]	0	89.750	111.150	0	320.440	0	0	
0	[SLAMPOS]	0	89.590	111.360	0	320.400	0	0	
0	[SLAMPOS]	0	89.290	111.730	0	320.390	0	0	
0	[SLAMPOS]	0	88.900	112.210	0	320.420	0	0	
0	[SLAMPOS]	0	88.800	112.330	0	320.450	0	0	
0	[SLAMPOS]	0	88.400	112.830	0	320.500	0	0	
0	[SLAMPOS]	0	88.070	113.250	0	320.590	0	0	
0	[SLAMPOS]	0	87.930	113.440	0	320.620	0	0	
0	[SLAMPOS]	0	87.380	114.140	0	320.760	0	0	
0	[SLAMPOS]	0	87.230	114.350	0	320.790	0	0	
0	[SLAMPOS]	0	86.910	114.760	0	320.870	0	0	
0	[SLAMPOS]	0	86.500	115.300	0	320.920	0	0	
0	[SLAMPOS]	0	86.410	115.410	0	320.950	0	0	
0	[SLAMPOS]	0	86.040	115.890	0	321.050	0	0	
0	[SLAMPOS]	0	85.950	116.000	0	321.070	0	0	
0	[SLAMPOS]	0	85.550	116.540	0	321.160	0	0	
0	[SLAMPOS]	0	85.170	117.040	0	321.250	0	0	
0	[SLAMPOS]	0	85.070	117.160	0	321.280	0	0	
0	[SLAMPOS]	0	84.690	117.660	0	321.370	0	0	
0	[SLAMPOS]	0	84.340	118.120	0	321.450	0	0	
0	[SLAMPOS]	0	84.130	118.390	0	321.490	0	0	
0	[SLAMPOS]	0	83.570	119.130	0	321.660	0	0	
0	[SLAMPOS]	0	83.180	119.640	0	321.730	0	0	
0	[SLAMPOS]	0	83.090	119.760	0	321.760	0	0	
0	[SLAMPOS]	0	82.700	120.300	0	321.890	0	0	
0	[SLAMPOS]	0	82.130	121.040	0	321.970	0	0	
0	[SLAMPOS]	0	82.010	121.210	0	321.990	0	0	
0	[SLAMPOS]	0	81.700	121.630	0	322.050	0	0	
0	[SLAMPOS]	0	81.650	121.690	0	322.060	0	0	
0	[SLAMPOS]	0	81.320	122.140	0	322.140	0	0	
0	[SLAMPOS]	0	81.020	122.540	0	322.200	0	0	
0	[SLAMPOS]	0	80.860	122.760	0	322.240	0	0	
0	[SLAMPOS]	0	80.280	123.530	0	322.270	0	0	
0	[SLAMPOS]	0	80.130	123.740	0	322.290	0	0	
0	[SLAMPOS]	0	79.770	124.220	0	322.300	0	0	
0	[SLAMPOS]	0	79.340	124.810	0	322.300	0	0	
0	[SLAMPOS]	0	79.270	124.910	0	322.300	0	0	
0	[SLAMPOS]	0	78.900	125.410	0	322.300	0	0	
0	[SLAMPOS]	0	78.540	125.880	0	322.290	0	0	
0	[SLAMPOS]	0	78.390	126.080	0	322.280	0	0	
0	[SLAMPOS]	0	77.780	126.890	0	322.250	0	0	
0	[SLAMPOS]	0	77.630	127.090	0	322.230	0	0	
0	[SLAMPOS]	0	77.410	127.380	0	322.220	0	0	
0	[SLAMPOS]	0	77.090	127.820	0	322.240	0	0	
0	[SLAMPOS]	0	76.700	128.350	0	322.260	0	0	
0	[SLAMPOS]	0	76.340	128.820	0	322.250	0	0	
0	[SLAMPOS]	0	75.930	129.380	0	322.230	0	0	
0	[SLAMPOS]	0	75.820	129.510	0	322.230	0	0	
0	[SLAMPOS]	0	75.420	130.070	0	322.220	0	0	
0	[SLAMPOS]	0	75.300	130.220	0	322.220	0	0	
0	[SLAMPOS]	0	74.900	130.770	0	322.200	0	0	
0	[SLAMPOS]	0	74.460	131.360	0	322.180	0	0	
0	[SLAMPOS]	0	74.350	131.490	0	322.180	0	0	
0	[SLAMPOS]	0	73.940	132.050	0	322.170	0	0	
0	[SLAMPOS]	0	73.580	132.530	0	322.180	0	0	
0	[SLAMPOS]	0	73.390	132.790	0	322.170	0	0	
0	[SLAMPOS]	0	72.920	133.410	0	322.150	0	0	
0	[SLAMPOS]	0	72.550	133.910	0	322.150	0	0	
0	[SLAMPOS]	0	72.380	134.130	0	322.140	0	0	
0	[SLAMPOS]	0	71.720	135.020	0	322.160	0	0	
0	[SLAMPOS]	0	71.600	135.180	0	322.150	0	0	
0	[SLAMPOS]	0	71.250	135.640	0	322.150	0	0	
0	[SLAMPOS]	0	70.880	136.150	0	322.140	0	0	
0	[SLAMPOS]	0	70.660	136.440	0	322.150	0	0	
0	[SLAMPOS]	0	70.270	136.960	0	322.150	0	0	
0	[SLAMPOS]	0	69.830	137.550	0	322.150	0	0	
0	[SLAMPOS]	0	69.740	137.670	0	322.160	0	0	
0	[SLAMPOS]	0	69.370	138.180	0	322.160	0	0	
0	[SLAMPOS]	0	69.190	138.400	0	322.180	0	0	
0	[SLAMPOS]	0	68.770	138.980	0	322.210	0	0	
0	[SLAMPOS]	0	68.410	139.470	0	322.230	0	0	
0	[SLAMPOS]	0	68.280	139.650	0	322.230	0	0	
0	[SLAMPOS]	0	67.800	140.310	0	322.280	0	0	
0	[SLAMPOS]	0	67.280	141.010	0	322.340	0	0	
0	[SLAMPOS]	0	67.140	141.190	0	322.370	0	0	
0	[SLAMPOS]	0	66.720	141.750	0	322.420	0	0	
0	[SLAMPOS]	0	66.360	142.240	0	322.500	0	0	
0	[SLAMPOS]	0	66.290	142.350	0	322.480	0	0	
0	[SLAMPOS]	0	65.690	143.170	0	322.600	0	0	
0	[SLAMPOS]	0	65.600	143.290	0	322.630	0	0	
0	[SLAMPOS]	0	65.180	143.830	0	322.650	0	0	
0	[SLAMPOS]	0	65.070	143.980	0	322.680	0	0	
0	[SLAMPOS]	0	64.650	144.560	0	322.750	0	0	
0	[SLAMPOS]	0	64.290	145.050	0	322.840	0	0	
0	[SLAMPOS]	0	63.870	145.630	0	322.920	0	0	
0	[SLAMPOS]	0	63.710	145.860	0	322.950	0	0	
0	[SLAMPOS]	0	63.040	146.770	0	323.090	0	0	
0	[SLAMPOS]	0	62.870	147.030	0	323.110	0	0	
0	[SLAMPOS]	0	62.550	147.470	0	323.180	0	0	
0	[SLAMPOS]	0	62.100	148.110	0	323.260	0	0	
0	[SLAMPOS]	0	61.660	148.750	0	323.340	0	0	
0	[SLAMPOS]	0	61.130	149.490	0	323.410	0	0	
0	[SLAMPOS]	0	60.860	149.870	0	323.450	0	0	
0	[SLAMPOS]	0	60.550	150.310	0	323.490	0	0	
0	[SLAMPOS]	0	60.420	150.490	0	323.510	0	0	
0	[SLAMPOS]	0	60.040	151.030	0	323.540	0	0	
0	[SLAMPOS]	0	59.650	151.590	0	323.580	0	0	
0	[SLAMPOS]	0	59.260	152.150	0	323.610	0	0	
0	[SLAMPOS]	0	58.910	152.640	0	323.650	0	0	
0	[SLAMPOS]	0	58.800	152.810	0	323.640	0	0	
0	[SLAMPOS]	0	58.420	153.340	0	323.680	0	0	
0	[SLAMPOS]	0	58.000	153.930	0	323.710	0	0	
0	[SLAMPOS]	0	57.880	154.090	0	323.730	0	0	
0	[SLAMPOS]	0	57.410	154.760	0	323.760	0	0	
0	[SLAMPOS]	0	57.030	155.290	0	323.790	0	0	
0	[SLAMPOS]	0	56.850	155.550	0	323.800	0	0	
0	[SLAMPOS]	0	56.210	156.470	0	323.870	0	0	
0	[SLAMPOS]	0	56.050	156.700	0	323.880	0	0	
0	[SLAMPOS]	0	55.850	156.990	0	323.890	0	0	
0	[SLAMPOS]	0	55.310	157.750	0	323.910	0	0	
0	[SLAMPOS]	0	55.010	158.180	0	323.940	0	0	
0	[SLAMPOS]	0	54.680	158.650	0	323.970	0	0	
0	[SLAMPOS]	0	54.240	159.280	0	324.000	0	0	
0	[SLAMPOS]	0	54.130	159.440	0	324.010	0	0	
0	[SLAMPOS]	0	53.690	160.070	0	324.030	0	0	
0	[SLAMPOS]	0	53.220	160.750	0	324.060	0	0	
0	[SLAMPOS]	0	53.140	160.860	0	324.070	0	0	
0	[SLAMPOS]	0	52.750	161.410	0	324.110	0	0	
0	[SLAMPOS]	0	52.580	161.670	0	324.120	0	0	
0	[SLAMPOS]	0	52.140	162.310	0	324.150	0	0	
0	[SLAMPOS]	0	51.770	162.840	0	324.190	0	0	
0	[SLAMPOS]	0	51.360	163.460	0	324.230	0	0	
0	[SLAMPOS]	0	50.970	164.010	0	324.280	0	0	
0	[SLAMPOS]	0	50.550	164.630	0	324.310	0	0	
0	[SLAMPOS]	0	50.340	164.950	0	324.330	0	0	
0	[SLAMPOS]	0	49.950	165.510	0	324.400	0	0	
0	[SLAMPOS]	0	49.780	165.760	0	324.410	0	0	
0	[SLAMPOS]	0	49.390	166.310	0	324.460	0	0	
0	[SLAMPOS]	0	48.990	166.910	0	324.500	0	0	
0	[SLAMPOS]	0	48.840	167.120	0	324.530	0	0	
0	[SLAMPOS]	0	48.360	167.830	0	324.590	0	0	
0	[SLAMPOS]	0	48.050	168.300	0	324.640	0	0	
0	[SLAMPOS]	0	47.870	168.570	0	324.670	0	0	
0	[SLAMPOS]	0	47.440	169.200	0	324.700	0	0	
0	[SLAMPOS]	0	47.010	169.830	0	324.750	0	0	
0	[SLAMPOS]	0	46.780	170.180	0	324.780	0	0	
0	[SLAMPOS]	0	46.250	170.960	0	324.840	0	0	
0	[SLAMPOS]	0	45.820	171.610	0	324.890	0	0	
0	[SLAMPOS]	0	45.760	171.700	0	324.900	0	0	
0	[SLAMPOS]	0	45.920	171.510	0	324.800	0	0	
0	[SLAMPOS]	0	44.740	173.210	0	324.980	0	0	
0	[SLAMPOS]	0	44.270	173.910	0	325.020	0	0	
0	[SLAMPOS]	0	44.210	174.010	0	325.030	0	0	
0	[SLAMPOS]	0	43.620	174.890	0	325.090	0	0	
0	[SLAMPOS]	0	43.450	175.140	0	325.090	0	0	
0	[SLAMPOS]	0	43.050	175.720	0	325.130	0	0	
0	[SLAMPOS]	0	42.610	176.400	0	325.170	0	0	
0	[SLAMPOS]	0	42.500	176.560	0	325.190	0	0	
0	[SLAMPOS]	0	42.070	177.230	0	325.230	0	0	
0	[SLAMPOS]	0	41.940	177.400	0	325.240	0	0	
0	[SLAMPOS]	0	41.480	178.100	0	325.260	0	0	
0	[SLAMPOS]	0	41.030	178.790	0	325.310	0	0	
0	[SLAMPOS]	0	40.940	178.930	0	325.300	0	0	
0	[SLAMPOS]	0	40.460	179.640	0	325.320	0	0	
0	[SLAMPOS]	0	40.120	180.160	0	325.290	0	0	
0	[SLAMPOS]	0	39.930	180.460	0	325.280	0	0	
0	[SLAMPOS]	0	39.250	181.470	0	325.230	0	0	
0	[SLAMPOS]	0	39.050	181.780	0	325.220	0	0	
0	[SLAMPOS]	0	38.850	182.070	0	325.210	0	0	
0	[SLAMPOS]	0	38.220	183.010	0	325.160	0	0	
0	[SLAMPOS]	0	37.990	183.370	0	325.140	0	0	
0	[SLAMPOS]	0	37.660	183.850	0	325.110	0	0	
0	[SLAMPOS]	0	37.210	184.510	0	325.070	0	0	
0	[SLAMPOS]	0	37.080	184.700	0	325.060	0	0	
0	[SLAMPOS]	0	36.640	185.350	0	325.030	0	0	
0	[SLAMPOS]	0	36.240	185.940	0	325.000	0	0	
0	[SLAMPOS]	0	36.080	186.180	0	324.990	0	0	
0	[SLAMPOS]	0	35.420	187.170	0	324.940	0	0	
0	[SLAMPOS]	0	35.250	187.430	0	324.920	0	0	
0	[SLAMPOS]	0	34.850	188.010	0	324.890	0	0	
0	[SLAMPOS]	0	34.340	188.760	0	324.850	0	0	
0	[SLAMPOS]	0	34.260	188.880	0	324.840	0	0	
0	[SLAMPOS]	0	33.820	189.520	0	324.810	0	0	
0	[SLAMPOS]	0	33.320	190.260	0	324.760	0	0	
0	[SLAMPOS]	0	33.250	190.360	0	324.760	0	0	
0	[SLAMPOS]	0	32.800	191.030	0	324.720	0	0	
0	[SLAMPOS]	0	32.680	191.200	0	324.710	0	0	
0	[SLAMPOS]	0	32.260	191.830	0	324.680	0	0	
0	[SLAMPOS]	0	31.870	192.390	0	324.650	0	0	
0	[SLAMPOS]	0	31.680	192.680	0	324.630	0	0	
0	[SLAMPOS]	0	31.050	193.600	0	324.580	0	0	
0	[SLAMPOS]	0	30.890	193.840	0	324.560	0	0	
0	[SLAMPOS]	0	30.360	194.600	0	324.520	0	0	
0	[SLAMPOS]	0	30.060	195.050	0	324.500	0	0	
0	[SLAMPOS]	0	29.640	195.660	0	324.460	0	0	
0	[SLAMPOS]	0	29.520	195.830	0	324.450	0	0	
0	[SLAMPOS]	0	29.090	196.460	0	324.410	0	0	
0	[SLAMPOS]	0	28.980	196.610	0	324.400	0	0	
0	[SLAMPOS]	0	28.550	197.260	0	324.370	0	0	
0	[SLAMPOS]	0	28.180	197.790	0	324.340	0	0	
0	[SLAMPOS]	0	28.010	198.030	0	324.320	0	0	
0	[SLAMPOS]	0	27.380	198.950	0	324.270	0	0	
0	[SLAMPOS]	0	27.150	199.280	0	324.250	0	0	
0	[SLAMPOS]	0	27.010	199.480	0	324.240	0	0	
0	[SLAMPOS]	0	26.630	200.030	0	324.210	0	0	
0	[SLAMPOS]	0	26.220	200.640	0	324.190	0	0	
0	[SLAMPOS]	0	25.860	201.150	0	324.160	0	0	
0	[SLAMPOS]	0	25.440	201.760	0	324.120	0	0	
0	[SLAMPOS]	0	25.340	201.910	0	324.110	0	0	
0	[SLAMPOS]	0	24.920	202.510	0	324.060	0	0	
0	[SLAMPOS]	0	24.810	202.660	0	324.050	0	0	
0	[SLAMPOS]	0	24.400	203.260	0	324.010	0	0	
0	[SLAMPOS]	0	24.040	203.770	0	323.980	0	0	
0	[SLAMPOS]	0	23.890	203.990	0	323.960	0	0	
0	[SLAMPOS]	0	23.490	204.560	0	323.920	0	0	
0	[SLAMPOS]	0	23.140	205.060	0	323.880	0	0	
0	[SLAMPOS]	0	22.760	205.600	0	323.830	0	0	
0	[SLAMPOS]	0	22.410	206.100	0	323.790	0	0	
0	[SLAMPOS]	0	22.200	206.390	0	323.760	0	0	
0	[SLAMPOS]	0	21.890	206.840	0	323.730	0	0	
0	[SLAMPOS]	0	21.510	207.380	0	323.700	0	0	
0	[SLAMPOS]	0	21.370	207.580	0	323.680	0	0	
0	[SLAMPOS]	0	21.030	208.060	0	323.630	0	0	
0	[SLAMPOS]	0	20.670	208.570	0	323.590	0	0	
0	[SLAMPOS]	0	20.570	208.700	0	323.560	0	0	
0	[SLAMPOS]	0	20.210	209.210	0	323.500	0	0	
0	[SLAMPOS]	0	20.110	209.350	0	323.470	0	0	
0	[SLAMPOS]	0	19.770	209.830	0	323.390	0	0	
0	[SLAMPOS]	0	19.430	210.300	0	323.280	0	0	
0	[SLAMPOS]	0	19.120	210.740	0	323.210	0	0	
0	[SLAMPOS]	0	18.970	210.950	0	323.170	0	0	
0	[SLAMPOS]	0	18.640	211.380	0	323.020	0	0	
0	[SLAMPOS]	0	18.310	211.850	0	322.870	0	0	
0	[SLAMPOS]	0	17.990	212.270	0	322.660	0	0	
0	[SLAMPOS]	0	17.670	212.700	0	322.450	0	0	
0	[SLAMPOS]	0	17.570	212.830	0	322.340	0	0	
0	[SLAMPOS]	0	17.250	213.260	0	322.100	0	0	
0	[SLAMPOS]	0	17.160	213.370	0	321.990	0	0	
0	[SLAMPOS]	0	16.830	213.820	0	321.680	0	0	
0	[SLAMPOS]	0	16.490	214.260	0	321.360	0	0	
0	[SLAMPOS]	0	16.400	214.380	0	321.240	0	0	
0	[SLAMPOS]	0	15.850	215.040	0	320.630	0	0	
0	[SLAMPOS]	0	15.510	215.450	0	320.150	0	0	
0	[SLAMPOS]	0	15.180	215.860	0	319.730	0	0	
0	[SLAMPOS]	0	15.000	216.080	0	319.490	0	0	
0	[SLAMPOS]	0	14.700	216.430	0	319.000	0	0	
0	[SLAMPOS]	0	14.350	216.820	0	318.440	0	0	
0	[SLAMPOS]	0	14.190	217.000	0	318.160	0	0	
0	[SLAMPOS]	0	13.900	217.330	0	317.630	0	0	
0	[SLAMPOS]	0	13.520	217.740	0	316.960	0	0	
0	[SLAMPOS]	0	13.470	217.800	0	316.860	0	0	
0	[SLAMPOS]	0	13.110	218.160	0	316.240	0	0	
0	[SLAMPOS]	0	13.020	218.250	0	316.050	0	0	
0	[SLAMPOS]	0	12.640	218.640	0	315.330	0	0	
0	[SLAMPOS]	0	12.280	219.000	0	314.660	0	0	
0	[SLAMPOS]	0	12.160	219.120	0	314.380	0	0	
0	[SLAMPOS]	0	11.790	219.480	0	313.660	0	0	
0	[SLAMPOS]	0	11.430	219.820	0	312.930	0	0	
0	[SLAMPOS]	0	10.930	220.260	0	311.870	0	0	
0	[SLAMPOS]	0	10.710	220.440	0	311.390	0	0	
0	[SLAMPOS]	0	10.560	220.590	0	311.060	0	0	
0	[SLAMPOS]	0	10.010	221.070	0	309.820	0	0	
0	[SLAMPOS]	0	9.890	221.160	0	309.580	0	0	
0	[SLAMPOS]	0	9.420	221.530	0	308.550	0	0	
0	[SLAMPOS]	0	9.120	221.760	0	307.880	0	0	
0	[SLAMPOS]	0	9.050	221.820	0	307.710	0	0	
0	[SLAMPOS]	0	8.600	222.150	0	306.750	0	0	
0	[SLAMPOS]	0	8.230	222.420	0	306.020	0	0	
0	[SLAMPOS]	0	8.110	222.500	0	305.760	0	0	
0	[SLAMPOS]	0	7.650	222.830	0	304.830	0	0	
0	[SLAMPOS]	0	7.210	223.110	0	303.970	0	0	
0	[SLAMPOS]	0	6.800	223.380	0	303.170	0	0	
0	[SLAMPOS]	0	6.680	223.460	0	302.890	0	0	
0	[SLAMPOS]	0	6.250	223.720	0	302.080	0	0	
0	[SLAMPOS]	0	6.160	223.770	0	301.870	0	0	
0	[SLAMPOS]	0	5.760	224.020	0	301.090	0	0	
0	[SLAMPOS]	0	5.280	224.300	0	300.120	0	0	
0	[SLAMPOS]	0	4.800	224.560	0	299.140	0	0	
0	[SLAMPOS]	0	4.280	224.840	0	298.060	0	0	
0	[SLAMPOS]	0	4.100	224.930	0	297.710	0	0	
0	[SLAMPOS]	0	3.750	225.100	0	296.960	0	0	
0	[SLAMPOS]	0	3.610	225.170	0	296.670	0	0	
0	[SLAMPOS]	0	3.260	225.340	0	295.940	0	0	
0	[SLAMPOS]	0	2.860	225.540	0	295.110	0	0	
0	[SLAMPOS]	0	2.350	225.760	0	294.040	0	0	
0	[SLAMPOS]	0	2.210	225.830	0	293.710	0	0	
0	[SLAMPOS]	0	1.740	226.010	0	292.750	0	0	
0	[SLAMPOS]	0	1.300	226.180	0	291.830	0	0	
0	[SLAMPOS]	0	1.130	226.250	0	291.440	0	0	
0	[SLAMPOS]	0	0.690	226.410	0	290.540	0	0	
0	[SLAMPOS]	0	0.210	226.570	0	289.530	0	0	
0	[SLAMPOS]	0	-0.230	226.720	0	288.660	0	0	
0	[SLAMPOS]	0	-0.540	226.820	0	288.010	0	0	
0	[SLAMPOS]	0	-0.740	226.870	0	287.620	0	0	
0	[SLAMPOS]	0	-1.370	227.070	0	286.350	0	0	
0	[SLAMPOS]	0	-1.620	227.140	0	285.890	0	0	
0	[SLAMPOS]	0	-1.780	227.180	0	285.600	0	0	
0	[SLAMPOS]	0	-2.360	227.340	0	284.590	0	0	
0	[SLAMPOS]	0	-2.460	227.370	0	284.420	0	0	
0	[SLAMPOS]	0	-2.850	227.450	0	283.810	0	0	
0	[SLAMPOS]	0	-2.920	227.470	0	283.700	0	0	
0	[SLAMPOS]	0	-3.350	227.570	0	283.050	0	0	
0	[SLAMPOS]	0	-3.790	227.670	0	282.380	0	0	
0	[SLAMPOS]	0	-3.990	227.710	0	282.100	0	0	
0	[SLAMPOS]	0	-4.500	227.820	0	281.330	0	0	
0	[SLAMPOS]	0	-5.000	227.920	0	280.560	0	0	
0	[SLAMPOS]	0	-5.460	228.000	0	279.780	0	0	
0	[SLAMPOS]	0	-6.090	228.100	0	278.690	0	0	
0	[SLAMPOS]	0	-6.640	228.170	0	277.730	0	0	
0	[SLAMPOS]	0	-6.880	228.200	0	277.330	0	0	
0	[SLAMPOS]	0	-7.310	228.250	0	276.580	0	0	
0	[SLAMPOS]	0	-7.710	228.290	0	275.810	0	0	
0	[SLAMPOS]	0	-8.150	228.330	0	274.990	0	0	
0	[SLAMPOS]	0	-8.360	228.350	0	274.620	0	0	
0	[SLAMPOS]	0	-8.760	228.370	0	273.840	0	0	
0	[SLAMPOS]	0	-9.290	228.390	0	272.880	0	0	
0	[SLAMPOS]	0	-9.540	228.400	0	272.400	0	0	
0	[SLAMPOS]	0	-9.790	228.400	0	271.940	0	0	
0	[SLAMPOS]	0	-10.420	228.410	0	270.750	0	0	
0	[SLAMPOS]	0	-10.860	228.410	0	269.910	0	0	
0	[SLAMPOS]	0	-11.360	228.410	0	268.990	0	0	
0	[SLAMPOS]	0	-11.610	228.400	0	268.540	0	0	
0	[SLAMPOS]	0	-12.160	228.380	0	267.600	0	0	
0	[SLAMPOS]	0	-12.910	228.330	0	266.420	0	0	
0	[SLAMPOS]	0	-13.150	228.310	0	266.070	0	0	
0	[SLAMPOS]	0	-13.390	228.290	0	265.720	0	0	
0	[SLAMPOS]	0	-13.930	228.240	0	264.960	0	0	
0	[SLAMPOS]	0	-14.370	228.200	0	264.310	0	0	
0	[SLAMPOS]	0	-14.630	228.170	0	263.920	0	0	
0	[SLAMPOS]	0	-15.110	228.120	0	263.240	0	0	
0	[SLAMPOS]	0	-15.570	228.050	0	262.560	0	0	
0	[SLAMPOS]	0	-15.660	228.040	0	262.390	0	0	
0	[SLAMPOS]	0	-16.170	227.960	0	261.580	0	0	
0	[SLAMPOS]	0	-16.560	227.900	0	260.890	0	0	
0	[SLAMPOS]	0	-16.740	227.880	0	260.600	0	0	
0	[SLAMPOS]	0	-17.410	227.760	0	259.390	0	0	
0	[SLAMPOS]	0	-17.640	227.710	0	258.980	0	0	
0	[SLAMPOS]	0	-18.540	227.510	0	257.360	0	0	
0	[SLAMPOS]	0	-18.800	227.450	0	256.910	0	0	
0	[SLAMPOS]	0	-19.040	227.390	0	256.480	0	0	
0	[SLAMPOS]	0	-19.550	227.260	0	255.560	0	0	
0	[SLAMPOS]	0	-20.120	227.100	0	254.520	0	0	
0	[SLAMPOS]	0	-20.660	226.930	0	253.550	0	0	
0	[SLAMPOS]	0	-21.150	226.770	0	252.700	0	0	
0	[SLAMPOS]	0	-21.420	226.690	0	252.250	0	0	
0	[SLAMPOS]	0	-21.850	226.550	0	251.500	0	0	
0	[SLAMPOS]	0	-22.380	226.360	0	250.600	0	0	
0	[SLAMPOS]	0	-22.530	226.310	0	250.390	0	0	
0	[SLAMPOS]	0	-22.920	226.160	0	249.700	0	0	
0	[SLAMPOS]	0	-23.400	225.980	0	248.980	0	0	
0	[SLAMPOS]	0	-23.620	225.890	0	248.690	0	0	
0	[SLAMPOS]	0	-23.980	225.740	0	248.100	0	0	
0	[SLAMPOS]	0	-24.450	225.540	0	247.490	0	0	
0	[SLAMPOS]	0	-24.570	225.490	0	247.240	0	0	
0	[SLAMPOS]	0	-25.150	225.250	0	246.540	0	0	
0	[SLAMPOS]	0	-25.150	225.250	0	246.540	0	0	
0	[SLAMPOS]	0	-25.570	225.060	0	246.010	0	0	
0	[SLAMPOS]	0	-25.720	224.990	0	245.820	0	0	
0	[SLAMPOS]	0	-26.170	224.800	0	245.270	0	0	
0	[SLAMPOS]	0	-26.710	224.540	0	244.650	0	0	
0	[SLAMPOS]	0	-26.750	224.520	0	244.610	0	0	
0	[SLAMPOS]	0	-27.410	224.200	0	243.930	0	0	
0	[SLAMPOS]	0	-27.670	224.060	0	243.690	0	0	
0	[SLAMPOS]	0	-27.850	223.980	0	243.540	0	0	
0	[SLAMPOS]	0	-28.270	223.780	0	243.180	0	0	
0	[SLAMPOS]	0	-28.530	223.640	0	242.970	0	0	
0	[SLAMPOS]	0	-29.060	223.380	0	242.620	0	0	
0	[SLAMPOS]	0	-29.370	223.220	0	242.410	0	0	
0	[SLAMPOS]	0	-29.800	222.990	0	242.120	0	0	
0	[SLAMPOS]	0	-30.210	222.780	0	241.900	0	0	
0	[SLAMPOS]	0	-30.700	222.520	0	241.690	0	0	
0	[SLAMPOS]	0	-30.680	222.530	0	241.700	0	0	
0	[SLAMPOS]	0	-31.230	222.250	0	241.520	0	0	
0	[SLAMPOS]	0	-31.960	221.850	0	241.290	0	0	
0	[SLAMPOS]	0	-32.160	221.720	0	241.230	0	0	
0	[SLAMPOS]	0	-32.540	221.510	0	241.130	0	0	
0	[SLAMPOS]	0	-33.020	221.210	0	241.030	0	0	
0	[SLAMPOS]	0	-33.070	221.180	0	241.020	0	0	
0	[SLAMPOS]	0	-33.640	220.870	0	240.910	0	0	
0	[SLAMPOS]	0	-33.660	220.860	0	240.910	0	0	
0	[SLAMPOS]	0	-34.270	220.540	0	240.800	0	0	
0	[SLAMPOS]	0	-34.380	220.470	0	240.780	0	0	
0	[SLAMPOS]	0	-34.900	220.210	0	240.700	0	0	
0	[SLAMPOS]	0	-35.440	219.940	0	240.640	0	0	
0	[SLAMPOS]	0	-35.550	219.870	0	240.620	0	0	
0	[SLAMPOS]	0	-36.150	219.560	0	240.560	0	0	
0	[SLAMPOS]	0	-36.280	219.490	0	240.530	0	0	
0	[SLAMPOS]	0	-36.830	219.200	0	240.510	0	0	
0	[SLAMPOS]	0	-37.390	218.900	0	240.470	0	0	
0	[SLAMPOS]	0	-37.520	218.820	0	240.440	0	0	
0	[SLAMPOS]	0	-38.210	218.450	0	240.370	0	0	
0	[SLAMPOS]	0	-38.730	218.170	0	240.360	0	0	
0	[SLAMPOS]	0	-38.910	218.060	0	240.340	0	0	
0	[SLAMPOS]	0	-39.420	217.780	0	240.310	0	0	
0	[SLAMPOS]	0	-40.060	217.440	0	240.260	0	0	
0	[SLAMPOS]	0	-40.430	217.230	0	240.230	0	0	
0	[SLAMPOS]	0	-40.780	217.040	0	240.190	0	0	
0	[SLAMPOS]	0	-40.900	216.970	0	240.160	0	0	
0	[SLAMPOS]	0	-41.650	216.560	0	240.090	0	0	
0	[SLAMPOS]	0	-42.170	216.260	0	240.000	0	0	
0	[SLAMPOS]	0	-42.730	215.950	0	239.930	0	0	
0	[SLAMPOS]	0	-42.840	215.890	0	239.910	0	0	
0	[SLAMPOS]	0	-43.370	215.600	0	239.820	0	0	
0	[SLAMPOS]	0	-43.530	215.510	0	239.790	0	0	
0	[SLAMPOS]	0	-44.130	215.160	0	239.700	0	0	
0	[SLAMPOS]	0	-44.750	214.830	0	239.600	0	0	
0	[SLAMPOS]	0	-45.490	214.410	0	239.470	0	0	
0	[SLAMPOS]	0	-45.710	214.280	0	239.420	0	0	
0	[SLAMPOS]	0	-46.330	213.940	0	239.330	0	0	
0	[SLAMPOS]	0	-47.020	213.550	0	239.220	0	0	
0	[SLAMPOS]	0	-47.280	213.400	0	239.180	0	0	
0	[SLAMPOS]	0	-47.800	213.090	0	239.080	0	0	
0	[SLAMPOS]	0	-48.440	212.730	0	238.980	0	0	
0	[SLAMPOS]	0	-48.700	212.580	0	238.940	0	0	
0	[SLAMPOS]	0	-49.180	212.300	0	238.860	0	0	
0	[SLAMPOS]	0	-49.780	211.940	0	238.770	0	0	
0	[SLAMPOS]	0	-49.900	211.870	0	238.740	0	0	
0	[SLAMPOS]	0	-50.530	211.500	0	238.630	0	0	
0	[SLAMPOS]	0	-50.620	211.450	0	238.610	0	0	
0	[SLAMPOS]	0	-51.140	211.140	0	238.530	0	0	
0	[SLAMPOS]	0	-51.560	210.900	0	238.450	0	0	
0	[SLAMPOS]	0	-52.090	210.580	0	238.340	0	0	
0	[SLAMPOS]	0	-52.720	210.210	0	238.220	0	0	
0	[SLAMPOS]	0	-52.860	210.120	0	238.170	0	0	
0	[SLAMPOS]	0	-53.460	209.760	0	238.060	0	0	
0	[SLAMPOS]	0	-53.630	209.660	0	238.010	0	0	
0	[SLAMPOS]	0	-54.240	209.280	0	237.890	0	0	
0	[SLAMPOS]	0	-54.890	208.900	0	237.760	0	0	
0	[SLAMPOS]	0	-55.010	208.820	0	237.730	0	0	
0	[SLAMPOS]	0	-55.640	208.440	0	237.600	0	0	
0	[SLAMPOS]	0	-56.180	208.100	0	237.460	0	0	
0	[SLAMPOS]	0	-56.810	207.710	0	237.310	0	0	
0	[SLAMPOS]	0	-57.090	207.540	0	237.260	0	0	
0	[SLAMPOS]	0	-57.920	207.030	0	237.070	0	0	
0	[SLAMPOS]	0	-58.060	206.930	0	237.030	0	0	
0	[SLAMPOS]	0	-58.720	206.520	0	236.880	0	0	
0	[SLAMPOS]	0	-59.330	206.150	0	236.750	0	0	
0	[SLAMPOS]	0	-59.520	206.020	0	236.700	0	0	
0	[SLAMPOS]	0	-60.120	205.630	0	236.590	0	0	
0	[SLAMPOS]	0	-60.810	205.190	0	236.430	0	0	
0	[SLAMPOS]	0	-60.940	205.100	0	236.400	0	0	
0	[SLAMPOS]	0	-61.620	204.670	0	236.270	0	0	
0	[SLAMPOS]	0	-62.490	204.100	0	236.110	0	0	
0	[SLAMPOS]	0	-63.390	203.510	0	235.960	0	0	
0	[SLAMPOS]	0	-63.850	203.220	0	235.890	0	0	
0	[SLAMPOS]	0	-64.360	202.880	0	235.830	0	0	
0	[SLAMPOS]	0	-64.830	202.560	0	235.770	0	0	
0	[SLAMPOS]	0	-65.460	202.150	0	235.720	0	0	
0	[SLAMPOS]	0	-65.620	202.040	0	235.720	0	0	
0	[SLAMPOS]	0	-66.150	201.700	0	235.700	0	0	
0	[SLAMPOS]	0	-67.150	201.040	0	235.670	0	0	
0	[SLAMPOS]	0	-67.370	200.910	0	235.650	0	0	
0	[SLAMPOS]	0	-68.010	200.480	0	235.720	0	0	
0	[SLAMPOS]	0	-68.620	200.080	0	235.770	0	0	
0	[SLAMPOS]	0	-68.720	200.010	0	235.800	0	0	
0	[SLAMPOS]	0	-69.380	199.590	0	235.850	0	0	
0	[SLAMPOS]	0	-69.470	199.530	0	235.880	0	0	
0	[SLAMPOS]	0	-70.380	198.940	0	236.020	0	0	
0	[SLAMPOS]	0	-70.650	198.780	0	236.050	0	0	
0	[SLAMPOS]	0	-71.180	198.440	0	236.150	0	0	
0	[SLAMPOS]	0	-71.910	197.970	0	236.270	0	0	
0	[SLAMPOS]	0	-72.020	197.900	0	236.300	0	0	
0	[SLAMPOS]	0	-72.690	197.470	0	236.390	0	0	
0	[SLAMPOS]	0	-73.380	197.050	0	236.490	0	0	
0	[SLAMPOS]	0	-73.560	196.930	0	236.540	0	0	
0	[SLAMPOS]	0	-74.260	196.500	0	236.640	0	0	
0	[SLAMPOS]	0	-74.820	196.140	0	236.740	0	0	
0	[SLAMPOS]	0	-75.090	195.990	0	236.760	0	0	
0	[SLAMPOS]	0	-76.110	195.350	0	236.940	0	0	
0	[SLAMPOS]	0	-76.420	195.160	0	236.990	0	0	
0	[SLAMPOS]	0	-76.710	194.980	0	237.020	0	0	
0	[SLAMPOS]	0	-77.730	194.350	0	237.200	0	0	
0	[SLAMPOS]	0	-78.010	194.190	0	237.230	0	0	
0	[SLAMPOS]	0	-78.610	193.810	0	237.350	0	0	
0	[SLAMPOS]	0	-79.350	193.380	0	237.450	0	0	
0	[SLAMPOS]	0	-79.790	193.110	0	237.520	0	0	
0	[SLAMPOS]	0	-80.390	192.750	0	237.630	0	0	
0	[SLAMPOS]	0	-80.710	192.550	0	237.670	0	0	
0	[SLAMPOS]	0	-81.300	192.180	0	237.780	0	0	
0	[SLAMPOS]	0	-81.890	191.840	0	237.840	0	0	
0	[SLAMPOS]	0	-82.730	191.340	0	237.970	0	0	
0	[SLAMPOS]	0	-82.780	191.310	0	237.980	0	0	
0	[SLAMPOS]	0	-83.410	190.930	0	238.090	0	0	
0	[SLAMPOS]	0	-83.690	190.750	0	238.120	0	0	
0	[SLAMPOS]	0	-84.780	190.100	0	238.290	0	0	
0	[SLAMPOS]	0	-85.090	189.930	0	238.320	0	0	
0	[SLAMPOS]	0	-85.390	189.750	0	238.340	0	0	
0	[SLAMPOS]	0	-86.430	189.140	0	238.480	0	0	
0	[SLAMPOS]	0	-86.620	189.020	0	238.520	0	0	
0	[SLAMPOS]	0	-87.360	188.600	0	238.610	0	0	
0	[SLAMPOS]	0	-88.270	188.070	0	238.710	0	0	
0	[SLAMPOS]	0	-88.530	187.930	0	238.740	0	0	
0	[SLAMPOS]	0	-89.120	187.590	0	238.810	0	0	
0	[SLAMPOS]	0	-89.970	187.110	0	238.890	0	0	
0	[SLAMPOS]	0	-90.140	187.010	0	238.910	0	0	
0	[SLAMPOS]	0	-90.880	186.590	0	238.970	0	0	
0	[SLAMPOS]	0	-91.580	186.180	0	238.990	0	0	
0	[SLAMPOS]	0	-91.890	186.000	0	239.000	0	0	
0	[SLAMPOS]	0	-92.950	185.410	0	239.100	0	0	
0	[SLAMPOS]	0	-93.170	185.300	0	239.130	0	0	
0	[SLAMPOS]	0	-93.790	184.950	0	239.160	0	0	
0	[SLAMPOS]	0	-94.540	184.530	0	239.200	0	0	
0	[SLAMPOS]	0	-94.730	184.420	0	239.200	0	0	
0	[SLAMPOS]	0	-95.500	183.990	0	239.230	0	0	
0	[SLAMPOS]	0	-95.670	183.890	0	239.230	0	0	
0	[SLAMPOS]	0	-96.450	183.440	0	239.220	0	0	
0	[SLAMPOS]	0	-97.080	183.080	0	239.230	0	0	
0	[SLAMPOS]	0	-97.370	182.910	0	239.240	0	0	
0	[SLAMPOS]	0	-98.470	182.270	0	239.250	0	0	
0	[SLAMPOS]	0	-98.790	182.100	0	239.250	0	0	
0	[SLAMPOS]	0	-99.420	181.730	0	239.250	0	0	
0	[SLAMPOS]	0	-100.220	181.270	0	239.250	0	0	
0	[SLAMPOS]	0	-100.800	180.940	0	239.270	0	0	
0	[SLAMPOS]	0	-101.590	180.500	0	239.280	0	0	
0	[SLAMPOS]	0	-102.090	180.220	0	239.270	0	0	
0	[SLAMPOS]	0	-102.860	179.800	0	239.290	0	0	
0	[SLAMPOS]	0	-103.740	179.300	0	239.290	0	0	
0	[SLAMPOS]	0	-103.970	179.170	0	239.290	0	0	
0	[SLAMPOS]	0	-104.570	178.820	0	239.290	0	0	
0	[SLAMPOS]	0	-105.340	178.390	0	239.280	0	0	
0	[SLAMPOS]	0	-105.610	178.240	0	239.290	0	0	
0	[SLAMPOS]	0	-106.740	177.590	0	239.280	0	0	
0	[SLAMPOS]	0	-107.040	177.430	0	239.270	0	0	
0	[SLAMPOS]	0	-107.690	177.050	0	239.260	0	0	
0	[SLAMPOS]	0	-108.550	176.570	0	239.260	0	0	
0	[SLAMPOS]	0	-108.950	176.340	0	239.270	0	0	
0	[SLAMPOS]	0	-109.620	175.950	0	239.240	0	0	
0	[SLAMPOS]	0	-110.330	175.560	0	239.220	0	0	
0	[SLAMPOS]	0	-110.820	175.280	0	239.210	0	0	
0	[SLAMPOS]	0	-111.420	174.940	0	239.180	0	0	
0	[SLAMPOS]	0	-111.480	174.910	0	239.170	0	0	
0	[SLAMPOS]	0	-112.140	174.540	0	239.150	0	0	
0	[SLAMPOS]	0	-112.800	174.160	0	239.080	0	0	
0	[SLAMPOS]	0	-113.120	173.980	0	239.070	0	0	
0	[SLAMPOS]	0	-113.940	173.510	0	238.990	0	0	
0	[SLAMPOS]	0	-114.670	173.080	0	238.900	0	0	
0	[SLAMPOS]	0	-114.950	172.920	0	238.880	0	0	
0	[SLAMPOS]	0	-116.030	172.290	0	238.760	0	0	
0	[SLAMPOS]	0	-116.400	172.070	0	238.730	0	0	
0	[SLAMPOS]	0	-117.000	171.710	0	238.640	0	0	
0	[SLAMPOS]	0	-117.710	171.300	0	238.570	0	0	
0	[SLAMPOS]	0	-117.870	171.200	0	238.550	0	0	
0	[SLAMPOS]	0	-118.630	170.760	0	238.470	0	0	
0	[SLAMPOS]	0	-118.830	170.630	0	238.440	0	0	
0	[SLAMPOS]	0	-119.930	169.990	0	238.330	0	0	
0	[SLAMPOS]	0	-120.670	169.550	0	238.250	0	0	
0	[SLAMPOS]	0	-121.370	169.150	0	238.180	0	0	
0	[SLAMPOS]	0	-121.510	169.060	0	238.160	0	0	
0	[SLAMPOS]	0	-122.270	168.610	0	238.080	0	0	
0	[SLAMPOS]	0	-123.430	167.900	0	237.940	0	0	
0	[SLAMPOS]	0	-123.710	167.740	0	237.910	0	0	
0	[SLAMPOS]	0	-124.530	167.230	0	237.810	0	0	
0	[SLAMPOS]	0	-125.160	166.840	0	237.740	0	0	
0	[SLAMPOS]	0	-125.480	166.660	0	237.720	0	0	
0	[SLAMPOS]	0	-125.920	166.390	0	237.680	0	0	
0	[SLAMPOS]	0	-126.990	165.740	0	237.560	0	0	
0	[SLAMPOS]	0	-127.250	165.590	0	237.540	0	0	
0	[SLAMPOS]	0	-127.820	165.240	0	237.480	0	0	
0	[SLAMPOS]	0	-128.500	164.830	0	237.410	0	0	
0	[SLAMPOS]	0	-128.640	164.740	0	237.400	0	0	
0	[SLAMPOS]	0	-129.690	164.090	0	237.300	0	0	
0	[SLAMPOS]	0	-129.960	163.930	0	237.280	0	0	
0	[SLAMPOS]	0	-130.590	163.540	0	237.220	0	0	
0	[SLAMPOS]	0	-131.340	163.070	0	237.140	0	0	
0	[SLAMPOS]	0	-131.590	162.920	0	237.130	0	0	
0	[SLAMPOS]	0	-132.200	162.540	0	237.070	0	0	
0	[SLAMPOS]	0	-132.910	162.110	0	237.010	0	0	
0	[SLAMPOS]	0	-133.080	162.000	0	237.000	0	0	
0	[SLAMPOS]	0	-133.790	161.560	0	236.940	0	0	
0	[SLAMPOS]	0	-133.970	161.440	0	236.930	0	0	
0	[SLAMPOS]	0	-134.670	161.020	0	236.890	0	0	
0	[SLAMPOS]	0	-135.430	160.540	0	236.820	0	0	
0	[SLAMPOS]	0	-135.570	160.450	0	236.830	0	0	
0	[SLAMPOS]	0	-136.320	159.990	0	236.810	0	0	
0	[SLAMPOS]	0	-136.860	159.640	0	236.830	0	0	
0	[SLAMPOS]	0	-137.140	159.460	0	236.810	0	0	
0	[SLAMPOS]	0	-138.190	158.810	0	236.870	0	0	
0	[SLAMPOS]	0	-138.430	158.660	0	236.880	0	0	
0	[SLAMPOS]	0	-139.020	158.290	0	236.910	0	0	
0	[SLAMPOS]	0	-139.700	157.880	0	236.930	0	0	
0	[SLAMPOS]	0	-140.740	157.230	0	237.010	0	0	
0	[SLAMPOS]	0	-140.720	157.240	0	237.020	0	0	
0	[SLAMPOS]	0	-141.530	156.740	0	237.070	0	0	
0	[SLAMPOS]	0	-141.590	156.700	0	237.080	0	0	
0	[SLAMPOS]	0	-142.110	156.390	0	237.100	0	0	
0	[SLAMPOS]	0	-142.710	156.020	0	237.160	0	0	
0	[SLAMPOS]	0	-142.960	155.870	0	237.190	0	0	
0	[SLAMPOS]	0	-143.960	155.250	0	237.290	0	0	
0	[SLAMPOS]	0	-144.240	155.090	0	237.310	0	0	
0	[SLAMPOS]	0	-144.810	154.740	0	237.370	0	0	
0	[SLAMPOS]	0	-145.520	154.300	0	237.430	0	0	
0	[SLAMPOS]	0	-145.660	154.210	0	237.450	0	0	
0	[SLAMPOS]	0	-146.330	153.820	0	237.520	0	0	
0	[SLAMPOS]	0	-147.130	153.340	0	237.620	0	0	
0	[SLAMPOS]	0	-147.200	153.300	0	237.640	0	0	
0	[SLAMPOS]	0	-147.830	152.930	0	237.710	0	0	
0	[SLAMPOS]	0	-148.360	152.610	0	237.810	0	0	
0	[SLAMPOS]	0	-148.630	152.450	0	237.840	0	0	
0	[SLAMPOS]	0	-149.230	152.080	0	238.000	0	0	
0	[SLAMPOS]	0	-149.850	151.720	0	238.120	0	0	
0	[SLAMPOS]	0	-150.430	151.380	0	238.270	0	0	
0	[SLAMPOS]	0	-151.050	151.030	0	238.400	0	0	
0	[SLAMPOS]	0	-151.210	150.930	0	238.430	0	0	
0	[SLAMPOS]	0	-151.840	150.560	0	238.550	0	0	
0	[SLAMPOS]	0	-152.020	150.460	0	238.590	0	0	
0	[SLAMPOS]	0	-152.630	150.110	0	238.690	0	0	
0	[SLAMPOS]	0	-153.410	149.670	0	238.790	0	0	
0	[SLAMPOS]	0	-153.440	149.660	0	238.790	0	0	
0	[SLAMPOS]	0	-154.040	149.310	0	238.890	0	0	
0	[SLAMPOS]	0	-154.610	148.980	0	238.980	0	0	
0	[SLAMPOS]	0	-154.910	148.810	0	239.020	0	0	
0	[SLAMPOS]	0	-155.780	148.310	0	239.130	0	0	
0	[SLAMPOS]	0	-156.020	148.190	0	239.160	0	0	
0	[SLAMPOS]	0	-156.590	147.860	0	239.230	0	0	
0	[SLAMPOS]	0	-157.180	147.530	0	239.310	0	0	
0	[SLAMPOS]	0	-157.360	147.430	0	239.320	0	0	
0	[SLAMPOS]	0	-157.900	147.130	0	239.370	0	0	
0	[SLAMPOS]	0	-158.570	146.750	0	239.410	0	0	
0	[SLAMPOS]	0	-159.420	146.270	0	239.430	0	0	
0	[SLAMPOS]	0	-159.830	146.040	0	239.460	0	0	
0	[SLAMPOS]	0	-160.070	145.910	0	239.460	0	0	
0	[SLAMPOS]	0	-160.580	145.620	0	239.490	0	0	
0	[SLAMPOS]	0	-161.180	145.280	0	239.520	0	0	
0	[SLAMPOS]	0	-161.670	145.010	0	239.530	0	0	
0	[SLAMPOS]	0	-162.260	144.680	0	239.550	0	0	
0	[SLAMPOS]	0	-162.410	144.590	0	239.540	0	0	
0	[SLAMPOS]	0	-162.990	144.270	0	239.550	0	0	
0	[SLAMPOS]	0	-163.600	143.940	0	239.540	0	0	
0	[SLAMPOS]	0	-163.730	143.860	0	239.530	0	0	
0	[SLAMPOS]	0	-164.300	143.540	0	239.510	0	0	
0	[SLAMPOS]	0	-164.450	143.450	0	239.510	0	0	
0	[SLAMPOS]	0	-165.020	143.130	0	239.480	0	0	
0	[SLAMPOS]	0	-165.720	142.730	0	239.460	0	0	
0	[SLAMPOS]	0	-165.870	142.650	0	239.450	0	0	
0	[SLAMPOS]	0	-166.600	142.230	0	239.420	0	0	
0	[SLAMPOS]	0	-166.750	142.150	0	239.410	0	0	
0	[SLAMPOS]	0	-167.220	141.880	0	239.410	0	0	
0	[SLAMPOS]	0	-167.760	141.590	0	239.390	0	0	
0	[SLAMPOS]	0	-168.350	141.260	0	239.360	0	0	
0	[SLAMPOS]	0	-168.480	141.180	0	239.360	0	0	
0	[SLAMPOS]	0	-168.930	140.930	0	239.330	0	0	
0	[SLAMPOS]	0	-169.090	140.830	0	239.330	0	0	
0	[SLAMPOS]	0	-169.640	140.520	0	239.300	0	0	
0	[SLAMPOS]	0	-170.060	140.280	0	239.280	0	0	
0	[SLAMPOS]	0	-170.310	140.140	0	239.270	0	0	
0	[SLAMPOS]	0	-170.860	139.840	0	239.260	0	0	
0	[SLAMPOS]	0	-171.230	139.610	0	239.250	0	0	
0	[SLAMPOS]	0	-171.400	139.520	0	239.250	0	0	
0	[SLAMPOS]	0	-172.010	139.190	0	239.220	0	0	
0	[SLAMPOS]	0	-172.460	138.920	0	239.180	0	0	
0	[SLAMPOS]	0	-172.570	138.870	0	239.170	0	0	
0	[SLAMPOS]	0	-172.980	138.640	0	239.140	0	0	
0	[SLAMPOS]	0	-173.350	138.430	0	239.100	0	0	
0	[SLAMPOS]	0	-173.780	138.170	0	239.070	0	0	
0	[SLAMPOS]	0	-173.960	138.080	0	239.040	0	0	
0	[SLAMPOS]	0	-174.340	137.860	0	238.960	0	0	
0	[SLAMPOS]	0	-174.790	137.600	0	238.860	0	0	
0	[SLAMPOS]	0	-174.920	137.520	0	238.810	0	0	
0	[SLAMPOS]	0	-175.330	137.290	0	238.710	0	0	
0	[SLAMPOS]	0	-175.710	137.060	0	238.570	0	0	
0	[SLAMPOS]	0	-175.890	136.960	0	238.510	0	0	
0	[SLAMPOS]	0	-176.470	136.600	0	238.240	0	0	
0	[SLAMPOS]	0	-176.640	136.500	0	238.160	0	0	
0	[SLAMPOS]	0	-176.990	136.290	0	237.920	0	0	
0	[SLAMPOS]	0	-177.390	136.050	0	237.660	0	0	
0	[SLAMPOS]	0	-177.530	135.960	0	237.590	0	0	
0	[SLAMPOS]	0	-177.870	135.750	0	237.250	0	0	
0	[SLAMPOS]	0	-178.260	135.500	0	236.830	0	0	
0	[SLAMPOS]	0	-178.360	135.440	0	236.670	0	0	
0	[SLAMPOS]	0	-178.740	135.200	0	236.190	0	0	
0	[SLAMPOS]	0	-179.070	134.980	0	235.640	0	0	
0	[SLAMPOS]	0	-179.200	134.880	0	235.410	0	0	
0	[SLAMPOS]	0	-179.740	134.500	0	234.340	0	0	
0	[SLAMPOS]	0	-179.880	134.410	0	234.060	0	0	
0	[SLAMPOS]	0	-180.180	134.180	0	233.310	0	0	
0	[SLAMPOS]	0	-180.520	133.920	0	232.490	0	0	
0	[SLAMPOS]	0	-180.660	133.820	0	232.140	0	0	
0	[SLAMPOS]	0	-180.970	133.550	0	231.250	0	0	
0	[SLAMPOS]	0	-181.240	133.310	0	230.480	0	0	
0	[SLAMPOS]	0	-181.330	133.240	0	230.180	0	0	
0	[SLAMPOS]	0	-181.650	132.960	0	229.220	0	0	
0	[SLAMPOS]	0	-181.740	132.880	0	228.850	0	0	
0	[SLAMPOS]	0	-182.040	132.610	0	227.860	0	0	
0	[SLAMPOS]	0	-182.310	132.360	0	226.840	0	0	
0	[SLAMPOS]	0	-182.430	132.230	0	226.360	0	0	
0	[SLAMPOS]	0	-182.730	131.930	0	225.210	0	0	
0	[SLAMPOS]	0	-182.970	131.690	0	224.160	0	0	
0	[SLAMPOS]	0	-183.070	131.560	0	223.680	0	0	
0	[SLAMPOS]	0	-183.470	131.110	0	221.690	0	0	
0	[SLAMPOS]	0	-183.560	130.980	0	221.190	0	0	
0	[SLAMPOS]	0	-183.810	130.680	0	219.800	0	0	
0	[SLAMPOS]	0	-183.990	130.440	0	218.810	0	0	
0	[SLAMPOS]	0	-184.200	130.160	0	217.470	0	0	
0	[SLAMPOS]	0	-184.370	129.910	0	216.320	0	0	
0	[SLAMPOS]	0	-184.550	129.630	0	215.070	0	0	
0	[SLAMPOS]	0	-184.600	129.570	0	214.730	0	0	
0	[SLAMPOS]	0	-184.790	129.260	0	213.290	0	0	
0	[SLAMPOS]	0	-184.840	129.170	0	212.830	0	0	
0	[SLAMPOS]	0	-185.030	128.840	0	211.290	0	0	
0	[SLAMPOS]	0	-185.200	128.540	0	209.820	0	0	
0	[SLAMPOS]	0	-185.350	128.230	0	208.340	0	0	
0	[SLAMPOS]	0	-185.510	127.910	0	206.780	0	0	
0	[SLAMPOS]	0	-185.640	127.580	0	205.260	0	0	
0	[SLAMPOS]	0	-185.680	127.510	0	204.880	0	0	
0	[SLAMPOS]	0	-185.820	127.140	0	203.250	0	0	
0	[SLAMPOS]	0	-185.940	126.810	0	201.740	0	0	
0	[SLAMPOS]	0	-185.970	126.720	0	201.300	0	0	
0	[SLAMPOS]	0	-186.080	126.360	0	199.720	0	0	
0	[SLAMPOS]	0	-186.110	126.270	0	199.310	0	0	
0	[SLAMPOS]	0	-186.210	125.910	0	197.810	0	0	
0	[SLAMPOS]	0	-186.290	125.600	0	196.480	0	0	
0	[SLAMPOS]	0	-186.320	125.460	0	195.940	0	0	
0	[SLAMPOS]	0	-186.450	124.930	0	193.760	0	0	
0	[SLAMPOS]	0	-186.480	124.790	0	193.220	0	0	
0	[SLAMPOS]	0	-186.500	124.660	0	192.740	0	0	
0	[SLAMPOS]	0	-186.600	124.140	0	190.750	0	0	
0	[SLAMPOS]	0	-186.620	124.000	0	190.240	0	0	
0	[SLAMPOS]	0	-186.670	123.680	0	189.040	0	0	
0	[SLAMPOS]	0	-186.710	123.310	0	187.660	0	0	
0	[SLAMPOS]	0	-186.730	123.150	0	187.040	0	0	
0	[SLAMPOS]	0	-186.770	122.860	0	185.950	0	0	
0	[SLAMPOS]	0	-186.790	122.500	0	184.610	0	0	
0	[SLAMPOS]	0	-186.800	122.400	0	184.220	0	0	
0	[SLAMPOS]	0	-186.810	122.030	0	182.890	0	0	
0	[SLAMPOS]	0	-186.810	121.960	0	182.610	0	0	
0	[SLAMPOS]	0	-186.810	121.610	0	181.320	0	0	
0	[SLAMPOS]	0	-186.810	121.290	0	180.130	0	0	
0	[SLAMPOS]	0	-186.800	121.140	0	179.600	0	0	
0	[SLAMPOS]	0	-186.770	120.630	0	177.640	0	0	
0	[SLAMPOS]	0	-186.760	120.490	0	177.130	0	0	
0	[SLAMPOS]	0	-186.730	120.180	0	175.960	0	0	
0	[SLAMPOS]	0	-186.700	119.820	0	174.670	0	0	
0	[SLAMPOS]	0	-186.630	119.460	0	173.330	0	0	
0	[SLAMPOS]	0	-186.630	119.380	0	173.070	0	0	
0	[SLAMPOS]	0	-186.570	119.040	0	171.780	0	0	
0	[SLAMPOS]	0	-186.560	118.950	0	171.480	0	0	
0	[SLAMPOS]	0	-186.480	118.570	0	170.160	0	0	
0	[SLAMPOS]	0	-186.400	118.220	0	168.990	0	0	
0	[SLAMPOS]	0	-186.380	118.130	0	168.720	0	0	
0	[SLAMPOS]	0	-186.270	117.630	0	167.130	0	0	
0	[SLAMPOS]	0	-186.240	117.510	0	166.730	0	0	
0	[SLAMPOS]	0	-186.200	117.370	0	166.320	0	0	
0	[SLAMPOS]	0	-186.060	116.850	0	164.740	0	0	
0	[SLAMPOS]	0	-186.020	116.740	0	164.390	0	0	
0	[SLAMPOS]	0	-185.930	116.460	0	163.540	0	0	
0	[SLAMPOS]	0	-185.820	116.110	0	162.540	0	0	
0	[SLAMPOS]	0	-185.800	116.030	0	162.270	0	0	
0	[SLAMPOS]	0	-185.670	115.670	0	161.210	0	0	
0	[SLAMPOS]	0	-185.640	115.590	0	160.940	0	0	
0	[SLAMPOS]	0	-185.520	115.250	0	159.930	0	0	
0	[SLAMPOS]	0	-185.410	114.960	0	159.020	0	0	
0	[SLAMPOS]	0	-185.350	114.830	0	158.630	0	0	
0	[SLAMPOS]	0	-185.190	114.450	0	157.490	0	0	
0	[SLAMPOS]	0	-184.970	113.950	0	156.010	0	0	
0	[SLAMPOS]	0	-184.780	113.570	0	154.950	0	0	
0	[SLAMPOS]	0	-184.720	113.450	0	154.590	0	0	
0	[SLAMPOS]	0	-184.630	113.260	0	154.060	0	0	
0	[SLAMPOS]	0	-184.370	112.780	0	152.790	0	0	
0	[SLAMPOS]	0	-184.340	112.720	0	152.620	0	0	
0	[SLAMPOS]	0	-184.140	112.340	0	151.770	0	0	
0	[SLAMPOS]	0	-183.910	111.950	0	150.880	0	0	
0	[SLAMPOS]	0	-183.870	111.880	0	150.720	0	0	
0	[SLAMPOS]	0	-183.630	111.450	0	149.900	0	0	
0	[SLAMPOS]	0	-183.720	111.590	0	149.350	0	0	
0	[SLAMPOS]	0	-183.100	110.620	0	148.700	0	0	
0	[SLAMPOS]	0	-182.790	110.100	0	148.200	0	0	
0	[SLAMPOS]	0	-182.820	110.150	0	148.250	0	0	
0	[SLAMPOS]	0	-182.610	109.810	0	148.030	0	0	
0	[SLAMPOS]	0	-182.520	109.660	0	147.980	0	0	
0	[SLAMPOS]	0	-182.310	109.280	0	147.780	0	0	
0	[SLAMPOS]	0	-182.100	108.950	0	147.570	0	0	
0	[SLAMPOS]	0	-182.010	108.790	0	147.490	0	0	
0	[SLAMPOS]	0	-181.640	108.200	0	147.170	0	0	
0	[SLAMPOS]	0	-181.540	108.040	0	147.120	0	0	
0	[SLAMPOS]	0	-181.310	107.700	0	146.950	0	0	
0	[SLAMPOS]	0	-181.050	107.270	0	146.870	0	0	
0	[SLAMPOS]	0	-181.000	107.190	0	146.850	0	0	
0	[SLAMPOS]	0	-180.730	106.760	0	146.760	0	0	
0	[SLAMPOS]	0	-180.490	106.400	0	146.680	0	0	
0	[SLAMPOS]	0	-180.390	106.220	0	146.670	0	0	
0	[SLAMPOS]	0	-179.960	105.570	0	146.560	0	0	
0	[SLAMPOS]	0	-179.850	105.400	0	146.540	0	0	
0	[SLAMPOS]	0	-179.600	105.000	0	146.500	0	0	
0	[SLAMPOS]	0	-179.300	104.540	0	146.470	0	0	
0	[SLAMPOS]	0	-179.180	104.350	0	146.460	0	0	
0	[SLAMPOS]	0	-178.910	103.930	0	146.400	0	0	
0	[SLAMPOS]	0	-178.620	103.470	0	146.360	0	0	
0	[SLAMPOS]	0	-178.540	103.350	0	146.340	0	0	
0	[SLAMPOS]	0	-178.220	102.840	0	146.310	0	0	
0	[SLAMPOS]	0	-178.160	102.740	0	146.300	0	0	
0	[SLAMPOS]	0	-177.860	102.250	0	146.240	0	0	
0	[SLAMPOS]	0	-177.580	101.830	0	146.230	0	0	
0	[SLAMPOS]	0	-177.270	101.320	0	146.210	0	0	
0	[SLAMPOS]	0	-176.980	100.880	0	146.160	0	0	
0	[SLAMPOS]	0	-176.620	100.380	0	146.100	0	0	
0	[SLAMPOS]	0	-176.490	100.170	0	146.100	0	0	
0	[SLAMPOS]	0	-176.210	99.750	0	146.060	0	0	
0	[SLAMPOS]	0	-175.870	99.240	0	146.030	0	0	
0	[SLAMPOS]	0	-175.770	99.090	0	146.010	0	0	
0	[SLAMPOS]	0	-175.440	98.570	0	145.970	0	0	
0	[SLAMPOS]	0	-175.330	98.400	0	145.940	0	0	
0	[SLAMPOS]	0	-175.000	97.920	0	145.880	0	0	
0	[SLAMPOS]	0	-174.690	97.440	0	145.810	0	0	
0	[SLAMPOS]	0	-174.550	97.240	0	145.790	0	0	
0	[SLAMPOS]	0	-174.020	96.460	0	145.660	0	0	
0	[SLAMPOS]	0	-173.880	96.240	0	145.650	0	0	
0	[SLAMPOS]	0	-173.740	96.020	0	145.630	0	0	
0	[SLAMPOS]	0	-173.170	95.170	0	145.490	0	0	
0	[SLAMPOS]	0	-173.060	95.000	0	145.470	0	0	
0	[SLAMPOS]	0	-172.740	94.500	0	145.410	0	0	
0	[SLAMPOS]	0	-172.360	93.920	0	145.370	0	0	
0	[SLAMPOS]	0	-172.260	93.780	0	145.350	0	0	
0	[SLAMPOS]	0	-171.890	93.210	0	145.290	0	0	
0	[SLAMPOS]	0	-171.780	93.060	0	145.280	0	0	
0	[SLAMPOS]	0	-171.400	92.480	0	145.240	0	0	
0	[SLAMPOS]	0	-171.000	91.880	0	145.230	0	0	
0	[SLAMPOS]	0	-170.910	91.740	0	145.220	0	0	
0	[SLAMPOS]	0	-170.510	91.150	0	145.200	0	0	
0	[SLAMPOS]	0	-170.170	90.640	0	145.180	0	0	
0	[SLAMPOS]	0	-169.770	90.030	0	145.160	0	0	
0	[SLAMPOS]	0	-169.410	89.490	0	145.150	0	0	
0	[SLAMPOS]	0	-169.010	88.910	0	145.120	0	0	
0	[SLAMPOS]	0	-168.910	88.750	0	145.100	0	0	
0	[SLAMPOS]	0	-168.510	88.140	0	145.090	0	0	
0	[SLAMPOS]	0	-168.400	87.990	0	145.080	0	0	
0	[SLAMPOS]	0	-167.990	87.380	0	145.040	0	0	
0	[SLAMPOS]	0	-167.570	86.760	0	145.040	0	0	
0	[SLAMPOS]	0	-167.460	86.600	0	145.030	0	0	
0	[SLAMPOS]	0	-167.050	86.010	0	144.970	0	0	
0	[SLAMPOS]	0	-166.690	85.460	0	144.950	0	0	
0	[SLAMPOS]	0	-166.520	85.210	0	144.940	0	0	
0	[SLAMPOS]	0	-165.910	84.330	0	144.880	0	0	
0	[SLAMPOS]	0	-165.760	84.070	0	144.890	0	0	
0	[SLAMPOS]	0	-165.380	83.560	0	144.820	0	0	
0	[SLAMPOS]	0	-165.000	82.930	0	144.830	0	0	
0	[SLAMPOS]	0	-164.850	82.720	0	144.810	0	0	
0	[SLAMPOS]	0	-164.450	82.130	0	144.770	0	0	
0	[SLAMPOS]	0	-164.070	81.560	0	144.740	0	0	
0	[SLAMPOS]	0	-163.910	81.310	0	144.730	0	0	
0	[SLAMPOS]	0	-163.450	80.620	0	144.710	0	0	
0	[SLAMPOS]	0	-163.080	80.080	0	144.670	0	0	
0	[SLAMPOS]	0	-162.900	79.830	0	144.640	0	0	
0	[SLAMPOS]	0	-162.230	78.870	0	144.570	0	0	
0	[SLAMPOS]	0	-162.050	78.610	0	144.560	0	0	
0	[SLAMPOS]	0	-161.650	78.030	0	144.530	0	0	
0	[SLAMPOS]	0	-161.210	77.360	0	144.510	0	0	
0	[SLAMPOS]	0	-161.090	77.190	0	144.490	0	0	
0	[SLAMPOS]	0	-160.590	76.460	0	144.460	0	0	
0	[SLAMPOS]	0	-160.510	76.350	0	144.450	0	0	
0	[SLAMPOS]	0	-160.040	75.660	0	144.410	0	0	
0	[SLAMPOS]	0	-159.570	75.000	0	144.380	0	0	
0	[SLAMPOS]	0	-159.450	74.830	0	144.380	0	0	
0	[SLAMPOS]	0	-158.980	74.170	0	144.370	0	0	
0	[SLAMPOS]	0	-158.570	73.570	0	144.380	0	0	
0	[SLAMPOS]	0	-158.370	73.270	0	144.390	0	0	
0	[SLAMPOS]	0	-157.660	72.240	0	144.400	0	0	
0	[SLAMPOS]	0	-157.490	71.980	0	144.410	0	0	
0	[SLAMPOS]	0	-157.090	71.390	0	144.430	0	0	
0	[SLAMPOS]	0	-156.610	70.690	0	144.420	0	0	
0	[SLAMPOS]	0	-156.170	70.000	0	144.450	0	0	
0	[SLAMPOS]	0	-156.030	69.810	0	144.450	0	0	
0	[SLAMPOS]	0	-155.540	69.090	0	144.470	0	0	
0	[SLAMPOS]	0	-155.430	68.930	0	144.470	0	0	
0	[SLAMPOS]	0	-154.890	68.150	0	144.460	0	0	
0	[SLAMPOS]	0	-154.760	67.960	0	144.460	0	0	
0	[SLAMPOS]	0	-154.280	67.240	0	144.460	0	0	
0	[SLAMPOS]	0	-153.800	66.540	0	144.450	0	0	
0	[SLAMPOS]	0	-153.350	65.890	0	144.450	0	0	
0	[SLAMPOS]	0	-153.170	65.630	0	144.450	0	0	
0	[SLAMPOS]	0	-152.440	64.570	0	144.450	0	0	
0	[SLAMPOS]	0	-152.240	64.270	0	144.450	0	0	
0	[SLAMPOS]	0	-151.780	63.600	0	144.450	0	0	
0	[SLAMPOS]	0	-151.280	62.860	0	144.440	0	0	
0	[SLAMPOS]	0	-151.140	62.670	0	144.430	0	0	
0	[SLAMPOS]	0	-150.640	61.920	0	144.450	0	0	
0	[SLAMPOS]	0	-150.140	61.170	0	144.440	0	0	
0	[SLAMPOS]	0	-150.010	60.980	0	144.440	0	0	
0	[SLAMPOS]	0	-149.500	60.230	0	144.440	0	0	
0	[SLAMPOS]	0	-149.330	59.990	0	144.440	0	0	
0	[SLAMPOS]	0	-148.830	59.230	0	144.440	0	0	
0	[SLAMPOS]	0	-148.360	58.570	0	144.430	0	0	
0	[SLAMPOS]	0	-148.170	58.280	0	144.440	0	0	
0	[SLAMPOS]	0	-147.650	57.520	0	144.440	0	0	
0	[SLAMPOS]	0	-147.190	56.860	0	144.440	0	0	
0	[SLAMPOS]	0	-146.990	56.560	0	144.440	0	0	
0	[SLAMPOS]	0	-146.170	55.380	0	144.450	0	0	
0	[SLAMPOS]	0	-146.000	55.120	0	144.440	0	0	
0	[SLAMPOS]	0	-145.540	54.450	0	144.460	0	0	
0	[SLAMPOS]	0	-144.990	53.660	0	144.450	0	0	
0	[SLAMPOS]	0	-144.840	53.450	0	144.450	0	0	
0	[SLAMPOS]	0	-144.320	52.660	0	144.470	0	0	
0	[SLAMPOS]	0	-143.780	51.890	0	144.460	0	0	
0	[SLAMPOS]	0	-143.630	51.680	0	144.460	0	0	
0	[SLAMPOS]	0	-143.130	50.920	0	144.470	0	0	
0	[SLAMPOS]	0	-142.970	50.700	0	144.470	0	0	
0	[SLAMPOS]	0	-142.430	49.910	0	144.470	0	0	
0	[SLAMPOS]	0	-141.970	49.230	0	144.490	0	0	
0	[SLAMPOS]	0	-141.760	48.920	0	144.480	0	0	
0	[SLAMPOS]	0	-141.220	48.130	0	144.470	0	0	
0	[SLAMPOS]	0	-140.760	47.460	0	144.490	0	0	
0	[SLAMPOS]	0	-140.510	47.080	0	144.500	0	0	
0	[SLAMPOS]	0	-139.710	45.930	0	144.490	0	0	
0	[SLAMPOS]	0	-139.490	45.600	0	144.490	0	0	
0	[SLAMPOS]	0	-139.020	44.920	0	144.500	0	0	
0	[SLAMPOS]	0	-138.490	44.110	0	144.510	0	0	
0	[SLAMPOS]	0	-138.360	43.930	0	144.520	0	0	
0	[SLAMPOS]	0	-137.810	43.120	0	144.520	0	0	
0	[SLAMPOS]	0	-137.320	42.410	0	144.520	0	0	
0	[SLAMPOS]	0	-137.110	42.090	0	144.520	0	0	
0	[SLAMPOS]	0	-136.280	40.870	0	144.520	0	0	
0	[SLAMPOS]	0	-136.080	40.570	0	144.520	0	0	
0	[SLAMPOS]	0	-135.850	40.230	0	144.530	0	0	
0	[SLAMPOS]	0	-135.030	39.050	0	144.530	0	0	
0	[SLAMPOS]	0	-134.800	38.700	0	144.540	0	0	
0	[SLAMPOS]	0	-134.310	37.990	0	144.530	0	0	
0	[SLAMPOS]	0	-133.750	37.170	0	144.520	0	0	
0	[SLAMPOS]	0	-133.590	36.960	0	144.510	0	0	
0	[SLAMPOS]	0	-133.050	36.120	0	144.510	0	0	
0	[SLAMPOS]	0	-132.890	35.910	0	144.500	0	0	
0	[SLAMPOS]	0	-132.320	35.060	0	144.490	0	0	
0	[SLAMPOS]	0	-131.720	34.180	0	144.470	0	0	
0	[SLAMPOS]	0	-131.600	34.000	0	144.470	0	0	
0	[SLAMPOS]	0	-131.040	33.160	0	144.460	0	0	
0	[SLAMPOS]	0	-130.530	32.430	0	144.430	0	0	
0	[SLAMPOS]	0	-129.990	31.630	0	144.420	0	0	
0	[SLAMPOS]	0	-129.470	30.890	0	144.390	0	0	
0	[SLAMPOS]	0	-129.270	30.590	0	144.380	0	0	
0	[SLAMPOS]	0	-128.760	29.870	0	144.340	0	0	
0	[SLAMPOS]	0	-128.190	29.030	0	144.330	0	0	
0	[SLAMPOS]	0	-128.030	28.810	0	144.310	0	0	
0	[SLAMPOS]	0	-127.440	27.960	0	144.280	0	0	
0	[SLAMPOS]	0	-126.860	27.120	0	144.250	0	0	
0	[SLAMPOS]	0	-126.740	26.950	0	144.240	0	0	
0	[SLAMPOS]	0	-126.190	26.140	0	144.210	0	0	
0	[SLAMPOS]	0	-125.700	25.430	0	144.160	0	0	
0	[SLAMPOS]	0	-125.490	25.120	0	144.170	0	0	
0	[SLAMPOS]	0	-124.630	23.890	0	144.060	0	0	
0	[SLAMPOS]	0	-124.430	23.590	0	144.050	0	0	
0	[SLAMPOS]	0	-124.140	23.160	0	144.030	0	0	
0	[SLAMPOS]	0	-123.330	22.010	0	143.950	0	0	
0	[SLAMPOS]	0	-123.120	21.700	0	143.930	0	0	
0	[SLAMPOS]	0	-122.640	21.020	0	143.880	0	0	
0	[SLAMPOS]	0	-122.080	20.210	0	143.840	0	0	
0	[SLAMPOS]	0	-121.940	20.010	0	143.820	0	0	
0	[SLAMPOS]	0	-121.410	19.230	0	143.780	0	0	
0	[SLAMPOS]	0	-121.250	19.020	0	143.760	0	0	
0	[SLAMPOS]	0	-120.660	18.170	0	143.700	0	0	
0	[SLAMPOS]	0	-120.160	17.480	0	143.650	0	0	
0	[SLAMPOS]	0	-119.950	17.170	0	143.630	0	0	
0	[SLAMPOS]	0	-119.390	16.380	0	143.590	0	0	
0	[SLAMPOS]	0	-118.900	15.700	0	143.540	0	0	
0	[SLAMPOS]	0	-118.700	15.420	0	143.520	0	0	
0	[SLAMPOS]	0	-117.870	14.240	0	143.450	0	0	
0	[SLAMPOS]	0	-117.640	13.910	0	143.430	0	0	
0	[SLAMPOS]	0	-117.170	13.270	0	143.380	0	0	
0	[SLAMPOS]	0	-116.640	12.500	0	143.340	0	0	
0	[SLAMPOS]	0	-116.490	12.300	0	143.320	0	0	
0	[SLAMPOS]	0	-115.950	11.530	0	143.280	0	0	
0	[SLAMPOS]	0	-115.420	10.780	0	143.240	0	0	
0	[SLAMPOS]	0	-115.260	10.570	0	143.220	0	0	
0	[SLAMPOS]	0	-114.700	9.780	0	143.180	0	0	
0	[SLAMPOS]	0	-114.240	9.150	0	143.140	0	0	
0	[SLAMPOS]	0	-114.040	8.850	0	143.140	0	0	
0	[SLAMPOS]	0	-113.240	7.750	0	143.120	0	0	
0	[SLAMPOS]	0	-113.030	7.450	0	143.130	0	0	
0	[SLAMPOS]	0	-112.540	6.790	0	143.170	0	0	
0	[SLAMPOS]	0	-112.020	6.050	0	143.220	0	0	
0	[SLAMPOS]	0	-111.880	5.870	0	143.240	0	0	
0	[SLAMPOS]	0	-111.370	5.140	0	143.280	0	0	
0	[SLAMPOS]	0	-111.220	4.940	0	143.300	0	0	
0	[SLAMPOS]	0	-110.690	4.180	0	143.340	0	0	
0	[SLAMPOS]	0	-110.170	3.460	0	143.370	0	0	
0	[SLAMPOS]	0	-110.050	3.300	0	143.390	0	0	
0	[SLAMPOS]	0	-109.520	2.540	0	143.430	0	0	
0	[SLAMPOS]	0	-109.080	1.920	0	143.470	0	0	
0	[SLAMPOS]	0	-108.550	1.180	0	143.500	0	0	
0	[SLAMPOS]	0	-108.120	0.580	0	143.560	0	0	
0	[SLAMPOS]	0	-107.930	0.290	0	143.580	0	0	
0	[SLAMPOS]	0	-107.480	-0.340	0	143.640	0	0	
0	[SLAMPOS]	0	-106.990	-1.030	0	143.680	0	0	
0	[SLAMPOS]	0	-106.850	-1.220	0	143.710	0	0	
0	[SLAMPOS]	0	-106.370	-1.920	0	143.750	0	0	
0	[SLAMPOS]	0	-105.950	-2.520	0	143.820	0	0	
0	[SLAMPOS]	0	-105.760	-2.790	0	143.840	0	0	
0	[SLAMPOS]	0	-105.290	-3.490	0	143.890	0	0	
0	[SLAMPOS]	0	-104.850	-4.110	0	143.970	0	0	
0	[SLAMPOS]	0	-104.670	-4.390	0	144.000	0	0	
0	[SLAMPOS]	0	-103.970	-5.420	0	144.130	0	0	
0	[SLAMPOS]	0	-103.740	-5.740	0	144.170	0	0	
0	[SLAMPOS]	0	-103.320	-6.340	0	144.240	0	0	
0	[SLAMPOS]	0	-102.850	-7.030	0	144.290	0	0	
0	[SLAMPOS]	0	-102.700	-7.270	0	144.310	0	0	
0	[SLAMPOS]	0	-102.280	-7.870	0	144.390	0	0	
0	[SLAMPOS]	0	-101.830	-8.530	0	144.470	0	0	
0	[SLAMPOS]	0	-101.700	-8.710	0	144.500	0	0	
0	[SLAMPOS]	0	-101.270	-9.370	0	144.560	0	0	
0	[SLAMPOS]	0	-101.110	-9.590	0	144.600	0	0	
0	[SLAMPOS]	0	-100.660	-10.250	0	144.670	0	0	
0	[SLAMPOS]	0	-100.260	-10.830	0	144.740	0	0	
0	[SLAMPOS]	0	-100.090	-11.100	0	144.750	0	0	
0	[SLAMPOS]	0	-99.660	-11.740	0	144.820	0	0	
0	[SLAMPOS]	0	-99.280	-12.310	0	144.880	0	0	
0	[SLAMPOS]	0	-99.110	-12.580	0	144.910	0	0	
0	[SLAMPOS]	0	-98.480	-13.530	0	145.040	0	0	
0	[SLAMPOS]	0	-98.320	-13.780	0	145.050	0	0	
0	[SLAMPOS]	0	-97.920	-14.380	0	145.130	0	0	
0	[SLAMPOS]	0	-97.530	-14.980	0	145.190	0	0	
0	[SLAMPOS]	0	-97.390	-15.170	0	145.210	0	0	
0	[SLAMPOS]	0	-96.990	-15.790	0	145.270	0	0	
0	[SLAMPOS]	0	-96.630	-16.330	0	145.320	0	0	
0	[SLAMPOS]	0	-96.470	-16.580	0	145.340	0	0	
0	[SLAMPOS]	0	-96.070	-17.200	0	145.370	0	0	
0	[SLAMPOS]	0	-95.720	-17.720	0	145.410	0	0	
0	[SLAMPOS]	0	-95.580	-17.950	0	145.420	0	0	
0	[SLAMPOS]	0	-94.980	-18.850	0	145.490	0	0	
0	[SLAMPOS]	0	-94.830	-19.080	0	145.500	0	0	
0	[SLAMPOS]	0	-94.480	-19.610	0	145.540	0	0	
0	[SLAMPOS]	0	-94.100	-20.200	0	145.580	0	0	
0	[SLAMPOS]	0	-93.990	-20.360	0	145.600	0	0	
0	[SLAMPOS]	0	-93.620	-20.940	0	145.620	0	0	
0	[SLAMPOS]	0	-93.210	-21.560	0	145.650	0	0	
0	[SLAMPOS]	0	-93.140	-21.670	0	145.660	0	0	
0	[SLAMPOS]	0	-92.770	-22.240	0	145.690	0	0	
0	[SLAMPOS]	0	-92.670	-22.390	0	145.710	0	0	
0	[SLAMPOS]	0	-92.300	-22.960	0	145.730	0	0	
0	[SLAMPOS]	0	-91.980	-23.450	0	145.760	0	0	
0	[SLAMPOS]	0	-91.840	-23.670	0	145.780	0	0	
0	[SLAMPOS]	0	-91.310	-24.490	0	145.840	0	0	
0	[SLAMPOS]	0	-91.170	-24.700	0	145.840	0	0	
0	[SLAMPOS]	0	-90.860	-25.180	0	145.880	0	0	
0	[SLAMPOS]	0	-90.500	-25.740	0	145.900	0	0	
0	[SLAMPOS]	0	-90.380	-25.930	0	145.910	0	0	
0	[SLAMPOS]	0	-90.080	-26.390	0	145.940	0	0	
0	[SLAMPOS]	0	-89.750	-26.910	0	145.970	0	0	
0	[SLAMPOS]	0	-89.650	-27.050	0	145.980	0	0	
0	[SLAMPOS]	0	-89.290	-27.630	0	146.010	0	0	
0	[SLAMPOS]	0	-89.210	-27.750	0	146.020	0	0	
0	[SLAMPOS]	0	-88.890	-28.250	0	146.040	0	0	
0	[SLAMPOS]	0	-88.590	-28.710	0	146.050	0	0	
0	[SLAMPOS]	0	-88.280	-29.200	0	146.080	0	0	
0	[SLAMPOS]	0	-88.150	-29.410	0	146.100	0	0	
0	[SLAMPOS]	0	-87.690	-30.120	0	146.110	0	0	
0	[SLAMPOS]	0	-87.580	-30.310	0	146.100	0	0	
0	[SLAMPOS]	0	-87.290	-30.740	0	146.080	0	0	
0	[SLAMPOS]	0	-86.980	-31.230	0	146.030	0	0	
0	[SLAMPOS]	0	-86.830	-31.470	0	146.020	0	0	
0	[SLAMPOS]	0	-86.610	-31.830	0	145.990	0	0	
0	[SLAMPOS]	0	-86.300	-32.330	0	145.920	0	0	
0	[SLAMPOS]	0	-86.210	-32.460	0	145.900	0	0	
0	[SLAMPOS]	0	-85.910	-32.900	0	145.790	0	0	
0	[SLAMPOS]	0	-85.790	-33.060	0	145.740	0	0	
0	[SLAMPOS]	0	-85.510	-33.480	0	145.660	0	0	
0	[SLAMPOS]	0	-85.250	-33.860	0	145.540	0	0	
0	[SLAMPOS]	0	-85.150	-34.040	0	145.490	0	0	
0	[SLAMPOS]	0	-84.720	-34.670	0	145.250	0	0	
0	[SLAMPOS]	0	-84.590	-34.860	0	145.170	0	0	
0	[SLAMPOS]	0	-84.510	-34.980	0	145.130	0	0	
0	[SLAMPOS]	0	-84.070	-35.630	0	144.630	0	0	
0	[SLAMPOS]	0	-83.980	-35.770	0	144.530	0	0	
0	[SLAMPOS]	0	-83.730	-36.130	0	144.150	0	0	
0	[SLAMPOS]	0	-83.450	-36.530	0	143.740	0	0	
0	[SLAMPOS]	0	-83.370	-36.640	0	143.560	0	0	
0	[SLAMPOS]	0	-83.080	-37.030	0	143.070	0	0	
0	[SLAMPOS]	0	-83.000	-37.140	0	142.860	0	0	
0	[SLAMPOS]	0	-82.690	-37.540	0	142.200	0	0	
0	[SLAMPOS]	0	-82.410	-37.890	0	141.590	0	0	
0	[SLAMPOS]	0	-82.330	-37.990	0	141.330	0	0	
0	[SLAMPOS]	0	-82.030	-38.350	0	140.620	0	0	
0	[SLAMPOS]	0	-81.770	-38.670	0	139.820	0	0	
0	[SLAMPOS]	0	-81.660	-38.800	0	139.520	0	0	
0	[SLAMPOS]	0	-81.220	-39.320	0	137.980	0	0	
0	[SLAMPOS]	0	-81.100	-39.440	0	137.580	0	0	
0	[SLAMPOS]	0	-80.820	-39.720	0	136.540	0	0	
0	[SLAMPOS]	0	-80.510	-40.030	0	135.400	0	0	
0	[SLAMPOS]	0	-80.380	-40.150	0	134.950	0	0	
0	[SLAMPOS]	0	-80.090	-40.420	0	133.670	0	0	
0	[SLAMPOS]	0	-79.780	-40.690	0	132.390	0	0	
0	[SLAMPOS]	0	-79.690	-40.770	0	131.920	0	0	
0	[SLAMPOS]	0	-79.360	-41.030	0	130.490	0	0	
0	[SLAMPOS]	0	-79.070	-41.260	0	129.060	0	0	
0	[SLAMPOS]	0	-78.940	-41.340	0	128.520	0	0	
0	[SLAMPOS]	0	-78.460	-41.700	0	126.110	0	0	
0	[SLAMPOS]	0	-78.340	-41.780	0	125.550	0	0	
0	[SLAMPOS]	0	-78.040	-41.970	0	124.090	0	0	
0	[SLAMPOS]	0	-77.700	-42.160	0	122.440	0	0	
0	[SLAMPOS]	0	-77.550	-42.240	0	121.740	0	0	
0	[SLAMPOS]	0	-77.250	-42.410	0	120.270	0	0	
0	[SLAMPOS]	0	-76.890	-42.590	0	118.530	0	0	
0	[SLAMPOS]	0	-76.800	-42.640	0	118.050	0	0	
0	[SLAMPOS]	0	-76.450	-42.800	0	116.280	0	0	
0	[SLAMPOS]	0	-76.350	-42.850	0	115.780	0	0	
0	[SLAMPOS]	0	-75.990	-42.990	0	114.120	0	0	
0	[SLAMPOS]	0	-75.680	-43.120	0	112.660	0	0	
0	[SLAMPOS]	0	-75.320	-43.240	0	111.000	0	0	
0	[SLAMPOS]	0	-75.000	-43.350	0	109.510	0	0	
0	[SLAMPOS]	0	-74.850	-43.390	0	108.900	0	0	
0	[SLAMPOS]	0	-74.480	-43.490	0	107.330	0	0	
0	[SLAMPOS]	0	-74.150	-43.580	0	105.880	0	0	
0	[SLAMPOS]	0	-73.760	-43.670	0	104.290	0	0	
0	[SLAMPOS]	0	-73.660	-43.700	0	103.830	0	0	
0	[SLAMPOS]	0	-73.280	-43.780	0	102.210	0	0	
0	[SLAMPOS]	0	-73.180	-43.800	0	101.790	0	0	
0	[SLAMPOS]	0	-72.810	-43.850	0	100.220	0	0	
0	[SLAMPOS]	0	-72.470	-43.910	0	98.800	0	0	
0	[SLAMPOS]	0	-72.320	-43.920	0	98.220	0	0	
0	[SLAMPOS]	0	-71.760	-43.970	0	95.810	0	0	
0	[SLAMPOS]	0	-71.610	-43.980	0	95.210	0	0	
0	[SLAMPOS]	0	-71.460	-43.980	0	94.600	0	0	
0	[SLAMPOS]	0	-70.890	-43.990	0	92.190	0	0	
0	[SLAMPOS]	0	-70.720	-43.990	0	91.440	0	0	
0	[SLAMPOS]	0	-70.410	-43.980	0	90.140	0	0	
0	[SLAMPOS]	0	-70.050	-43.960	0	88.680	0	0	
0	[SLAMPOS]	0	-69.960	-43.960	0	88.280	0	0	
