0	[SLAMPOS]	0	-483.850	192.290	0	62.870	0	0	
0	[SLAMPOS]	0	-483.820	192.300	0	62.870	0	0	
0	[SLAMPOS]	0	-483.800	192.310	0	62.870	0	0	
0	[SLAMPOS]	0	-483.730	192.350	0	62.870	0	0	
0	[SLAMPOS]	0	-483.710	192.350	0	62.870	0	0	
0	[SLAMPOS]	0	-483.660	192.380	0	62.870	0	0	
0	[SLAMPOS]	0	-483.610	192.400	0	62.870	0	0	
0	[SLAMPOS]	0	-483.590	192.410	0	62.870	0	0	
0	[SLAMPOS]	0	-483.530	192.440	0	62.870	0	0	
0	[SLAMPOS]	0	-483.520	192.450	0	62.880	0	0	
0	[SLAMPOS]	0	-483.450	192.480	0	62.880	0	0	
0	[SLAMPOS]	0	-483.360	192.520	0	62.880	0	0	
0	[SLAMPOS]	0	-483.350	192.530	0	62.880	0	0	
0	[SLAMPOS]	0	-483.270	192.570	0	62.890	0	0	
0	[SLAMPOS]	0	-483.200	192.600	0	62.890	0	0	
0	[SLAMPOS]	0	-483.160	192.620	0	62.890	0	0	
0	[SLAMPOS]	0	-483.030	192.680	0	62.890	0	0	
0	[SLAMPOS]	0	-482.990	192.700	0	62.890	0	0	
0	[SLAMPOS]	0	-482.950	192.720	0	62.900	0	0	
0	[SLAMPOS]	0	-482.800	192.790	0	62.880	0	0	
0	[SLAMPOS]	0	-482.750	192.810	0	62.910	0	0	
0	[SLAMPOS]	0	-482.660	192.860	0	62.900	0	0	
0	[SLAMPOS]	0	-482.550	192.910	0	62.870	0	0	
0	[SLAMPOS]	0	-482.520	192.930	0	62.870	0	0	
0	[SLAMPOS]	0	-482.380	192.990	0	62.890	0	0	
0	[SLAMPOS]	0	-482.280	193.040	0	62.880	0	0	
0	[SLAMPOS]	0	-482.220	193.070	0	62.920	0	0	
0	[SLAMPOS]	0	-482.020	193.170	0	62.870	0	0	
0	[SLAMPOS]	0	-481.970	193.190	0	62.850	0	0	
0	[SLAMPOS]	0	-481.900	193.220	0	62.900	0	0	
0	[SLAMPOS]	0	-481.670	193.330	0	62.890	0	0	
0	[SLAMPOS]	0	-481.610	193.360	0	62.880	0	0	
0	[SLAMPOS]	0	-481.470	193.430	0	62.890	0	0	
0	[SLAMPOS]	0	-481.290	193.510	0	62.910	0	0	
0	[SLAMPOS]	0	-481.250	193.530	0	62.900	0	0	
0	[SLAMPOS]	0	-481.070	193.610	0	62.890	0	0	
0	[SLAMPOS]	0	-481.020	193.640	0	62.880	0	0	
0	[SLAMPOS]	0	-480.840	193.730	0	62.880	0	0	
0	[SLAMPOS]	0	-480.640	193.820	0	62.880	0	0	
0	[SLAMPOS]	0	-480.590	193.850	0	62.870	0	0	
0	[SLAMPOS]	0	-480.400	193.940	0	62.820	0	0	
0	[SLAMPOS]	0	-480.220	194.030	0	62.810	0	0	
0	[SLAMPOS]	0	-480.140	194.070	0	62.800	0	0	
0	[SLAMPOS]	0	-479.830	194.230	0	62.760	0	0	
0	[SLAMPOS]	0	-479.740	194.270	0	62.750	0	0	
0	[SLAMPOS]	0	-479.540	194.360	0	62.800	0	0	
0	[SLAMPOS]	0	-479.300	194.470	0	62.800	0	0	
0	[SLAMPOS]	0	-479.250	194.500	0	62.790	0	0	
0	[SLAMPOS]	0	-479.010	194.620	0	62.690	0	0	
0	[SLAMPOS]	0	-478.760	194.740	0	62.710	0	0	
0	[SLAMPOS]	0	-478.690	194.770	0	62.690	0	0	
0	[SLAMPOS]	0	-478.410	194.910	0	62.650	0	0	
0	[SLAMPOS]	0	-478.360	194.940	0	62.640	0	0	
0	[SLAMPOS]	0	-478.090	195.070	0	62.580	0	0	
0	[SLAMPOS]	0	-477.860	195.180	0	62.530	0	0	
0	[SLAMPOS]	0	-477.750	195.230	0	62.480	0	0	
0	[SLAMPOS]	0	-477.470	195.380	0	62.450	0	0	
0	[SLAMPOS]	0	-477.060	195.590	0	62.460	0	0	
0	[SLAMPOS]	0	-476.940	195.640	0	62.480	0	0	
0	[SLAMPOS]	0	-476.690	195.770	0	62.520	0	0	
0	[SLAMPOS]	0	-476.400	195.910	0	62.520	0	0	
0	[SLAMPOS]	0	-476.320	195.950	0	62.520	0	0	
0	[SLAMPOS]	0	-476.020	196.090	0	62.630	0	0	
0	[SLAMPOS]	0	-475.930	196.130	0	62.630	0	0	
0	[SLAMPOS]	0	-475.620	196.280	0	62.650	0	0	
0	[SLAMPOS]	0	-475.350	196.420	0	62.640	0	0	
0	[SLAMPOS]	0	-475.220	196.480	0	62.690	0	0	
0	[SLAMPOS]	0	-474.900	196.640	0	62.650	0	0	
0	[SLAMPOS]	0	-474.620	196.770	0	62.690	0	0	
0	[SLAMPOS]	0	-474.480	196.840	0	62.690	0	0	
0	[SLAMPOS]	0	-474.000	197.070	0	62.750	0	0	
0	[SLAMPOS]	0	-473.860	197.140	0	62.740	0	0	
0	[SLAMPOS]	0	-473.560	197.280	0	62.760	0	0	
0	[SLAMPOS]	0	-473.220	197.450	0	62.770	0	0	
0	[SLAMPOS]	0	-473.130	197.490	0	62.780	0	0	
0	[SLAMPOS]	0	-472.780	197.660	0	62.800	0	0	
0	[SLAMPOS]	0	-472.480	197.810	0	62.810	0	0	
0	[SLAMPOS]	0	-472.330	197.880	0	62.830	0	0	
0	[SLAMPOS]	0	-471.810	198.140	0	62.860	0	0	
0	[SLAMPOS]	0	-471.660	198.210	0	62.860	0	0	
0	[SLAMPOS]	0	-471.520	198.280	0	62.850	0	0	
0	[SLAMPOS]	0	-470.980	198.550	0	62.850	0	0	
0	[SLAMPOS]	0	-470.830	198.620	0	62.860	0	0	
0	[SLAMPOS]	0	-470.540	198.770	0	62.840	0	0	
0	[SLAMPOS]	0	-470.170	198.930	0	62.890	0	0	
0	[SLAMPOS]	0	-470.080	198.980	0	62.880	0	0	
0	[SLAMPOS]	0	-469.720	199.150	0	62.910	0	0	
0	[SLAMPOS]	0	-469.630	199.190	0	62.900	0	0	
0	[SLAMPOS]	0	-469.270	199.370	0	62.870	0	0	
0	[SLAMPOS]	0	-468.940	199.530	0	62.840	0	0	
0	[SLAMPOS]	0	-468.800	199.600	0	62.800	0	0	
0	[SLAMPOS]	0	-468.410	199.790	0	62.820	0	0	
0	[SLAMPOS]	0	-468.080	199.950	0	62.780	0	0	
0	[SLAMPOS]	0	-467.940	200.020	0	62.780	0	0	
0	[SLAMPOS]	0	-467.370	200.290	0	62.740	0	0	
0	[SLAMPOS]	0	-467.200	200.370	0	62.720	0	0	
0	[SLAMPOS]	0	-466.860	200.550	0	62.640	0	0	
0	[SLAMPOS]	0	-466.450	200.760	0	62.580	0	0	
0	[SLAMPOS]	0	-466.270	200.850	0	62.580	0	0	
0	[SLAMPOS]	0	-465.900	201.020	0	62.600	0	0	
0	[SLAMPOS]	0	-465.500	201.220	0	62.620	0	0	
0	[SLAMPOS]	0	-465.390	201.270	0	62.620	0	0	
0	[SLAMPOS]	0	-464.970	201.480	0	62.610	0	0	
0	[SLAMPOS]	0	-464.870	201.530	0	62.610	0	0	
0	[SLAMPOS]	0	-464.420	201.750	0	62.610	0	0	
0	[SLAMPOS]	0	-463.980	201.960	0	62.620	0	0	
0	[SLAMPOS]	0	-463.860	202.020	0	62.630	0	0	
0	[SLAMPOS]	0	-463.420	202.240	0	62.660	0	0	
0	[SLAMPOS]	0	-463.030	202.430	0	62.660	0	0	
0	[SLAMPOS]	0	-462.570	202.650	0	62.670	0	0	
0	[SLAMPOS]	0	-462.180	202.850	0	62.690	0	0	
0	[SLAMPOS]	0	-461.720	203.070	0	62.690	0	0	
0	[SLAMPOS]	0	-461.600	203.130	0	62.700	0	0	
0	[SLAMPOS]	0	-461.130	203.360	0	62.730	0	0	
0	[SLAMPOS]	0	-461.000	203.420	0	62.740	0	0	
0	[SLAMPOS]	0	-460.530	203.650	0	62.740	0	0	
0	[SLAMPOS]	0	-460.070	203.880	0	62.760	0	0	
0	[SLAMPOS]	0	-459.930	203.950	0	62.770	0	0	
0	[SLAMPOS]	0	-459.450	204.180	0	62.770	0	0	
0	[SLAMPOS]	0	-459.030	204.390	0	62.780	0	0	
0	[SLAMPOS]	0	-458.840	204.480	0	62.810	0	0	
0	[SLAMPOS]	0	-458.120	204.830	0	62.870	0	0	
0	[SLAMPOS]	0	-457.910	204.920	0	62.880	0	0	
0	[SLAMPOS]	0	-457.490	205.140	0	62.880	0	0	
0	[SLAMPOS]	0	-456.980	205.380	0	62.900	0	0	
0	[SLAMPOS]	0	-456.850	205.450	0	62.900	0	0	
0	[SLAMPOS]	0	-456.330	205.690	0	62.940	0	0	
0	[SLAMPOS]	0	-455.820	205.930	0	62.960	0	0	
0	[SLAMPOS]	0	-455.670	206.010	0	62.960	0	0	
0	[SLAMPOS]	0	-455.140	206.260	0	63.010	0	0	
0	[SLAMPOS]	0	-454.680	206.480	0	63.030	0	0	
0	[SLAMPOS]	0	-454.480	206.580	0	63.040	0	0	
0	[SLAMPOS]	0	-453.690	206.970	0	63.050	0	0	
0	[SLAMPOS]	0	-453.480	207.070	0	63.060	0	0	
0	[SLAMPOS]	0	-453.010	207.290	0	63.090	0	0	
0	[SLAMPOS]	0	-452.470	207.550	0	63.130	0	0	
0	[SLAMPOS]	0	-452.330	207.620	0	63.130	0	0	
0	[SLAMPOS]	0	-451.790	207.870	0	63.170	0	0	
0	[SLAMPOS]	0	-451.250	208.130	0	63.180	0	0	
0	[SLAMPOS]	0	-451.140	208.190	0	63.170	0	0	
0	[SLAMPOS]	0	-450.560	208.480	0	63.140	0	0	
0	[SLAMPOS]	0	-450.410	208.550	0	63.130	0	0	
0	[SLAMPOS]	0	-449.860	208.820	0	63.110	0	0	
0	[SLAMPOS]	0	-449.380	209.050	0	63.090	0	0	
0	[SLAMPOS]	0	-449.160	209.160	0	63.090	0	0	
0	[SLAMPOS]	0	-448.340	209.560	0	63.080	0	0	
0	[SLAMPOS]	0	-448.130	209.660	0	63.080	0	0	
0	[SLAMPOS]	0	-447.920	209.750	0	63.080	0	0	
0	[SLAMPOS]	0	-447.100	210.150	0	63.050	0	0	
0	[SLAMPOS]	0	-446.900	210.240	0	63.050	0	0	
0	[SLAMPOS]	0	-446.410	210.480	0	63.030	0	0	
0	[SLAMPOS]	0	-445.830	210.760	0	63.020	0	0	
0	[SLAMPOS]	0	-445.700	210.830	0	63.020	0	0	
0	[SLAMPOS]	0	-445.130	211.100	0	63.010	0	0	
0	[SLAMPOS]	0	-444.980	211.170	0	63.010	0	0	
0	[SLAMPOS]	0	-444.420	211.440	0	63.000	0	0	
0	[SLAMPOS]	0	-443.850	211.710	0	62.980	0	0	
0	[SLAMPOS]	0	-443.330	211.970	0	63.000	0	0	
0	[SLAMPOS]	0	-443.110	212.080	0	63.000	0	0	
0	[SLAMPOS]	0	-442.270	212.490	0	63.040	0	0	
0	[SLAMPOS]	0	-442.040	212.600	0	63.040	0	0	
0	[SLAMPOS]	0	-441.540	212.840	0	63.060	0	0	
0	[SLAMPOS]	0	-441.020	213.080	0	63.070	0	0	
0	[SLAMPOS]	0	-440.820	213.190	0	63.070	0	0	
0	[SLAMPOS]	0	-440.240	213.460	0	63.100	0	0	
0	[SLAMPOS]	0	-440.090	213.540	0	63.100	0	0	
0	[SLAMPOS]	0	-439.510	213.820	0	63.110	0	0	
0	[SLAMPOS]	0	-438.920	214.090	0	63.120	0	0	
0	[SLAMPOS]	0	-438.770	214.170	0	63.120	0	0	
0	[SLAMPOS]	0	-438.180	214.450	0	63.130	0	0	
0	[SLAMPOS]	0	-437.680	214.700	0	63.150	0	0	
0	[SLAMPOS]	0	-437.430	214.820	0	63.140	0	0	
0	[SLAMPOS]	0	-436.570	215.230	0	63.160	0	0	
0	[SLAMPOS]	0	-436.330	215.350	0	63.160	0	0	
0	[SLAMPOS]	0	-435.830	215.590	0	63.170	0	0	
0	[SLAMPOS]	0	-435.250	215.870	0	63.180	0	0	
0	[SLAMPOS]	0	-435.080	215.950	0	63.180	0	0	
0	[SLAMPOS]	0	-434.500	216.230	0	63.200	0	0	
0	[SLAMPOS]	0	-433.900	216.500	0	63.210	0	0	
0	[SLAMPOS]	0	-433.730	216.590	0	63.210	0	0	
0	[SLAMPOS]	0	-433.130	216.880	0	63.220	0	0	
0	[SLAMPOS]	0	-432.610	217.130	0	63.220	0	0	
0	[SLAMPOS]	0	-432.360	217.250	0	63.230	0	0	
0	[SLAMPOS]	0	-431.470	217.670	0	63.230	0	0	
0	[SLAMPOS]	0	-431.250	217.780	0	63.240	0	0	
0	[SLAMPOS]	0	-430.710	218.040	0	63.230	0	0	
0	[SLAMPOS]	0	-430.100	218.330	0	63.220	0	0	
0	[SLAMPOS]	0	-429.940	218.410	0	63.210	0	0	
0	[SLAMPOS]	0	-429.320	218.710	0	63.210	0	0	
0	[SLAMPOS]	0	-428.700	218.990	0	63.230	0	0	
0	[SLAMPOS]	0	-428.540	219.070	0	63.230	0	0	
0	[SLAMPOS]	0	-427.940	219.360	0	63.230	0	0	
0	[SLAMPOS]	0	-427.780	219.440	0	63.220	0	0	
0	[SLAMPOS]	0	-427.190	219.720	0	63.210	0	0	
0	[SLAMPOS]	0	-426.610	220.010	0	63.190	0	0	
0	[SLAMPOS]	0	-426.380	220.120	0	63.180	0	0	
0	[SLAMPOS]	0	-425.450	220.570	0	63.190	0	0	
0	[SLAMPOS]	0	-425.210	220.680	0	63.190	0	0	
0	[SLAMPOS]	0	-424.660	220.950	0	63.180	0	0	
0	[SLAMPOS]	0	-424.020	221.250	0	63.180	0	0	
0	[SLAMPOS]	0	-423.790	221.360	0	63.170	0	0	
0	[SLAMPOS]	0	-423.220	221.640	0	63.180	0	0	
0	[SLAMPOS]	0	-422.520	221.960	0	63.190	0	0	
0	[SLAMPOS]	0	-422.400	222.020	0	63.190	0	0	
0	[SLAMPOS]	0	-421.780	222.320	0	63.190	0	0	
0	[SLAMPOS]	0	-421.210	222.590	0	63.180	0	0	
0	[SLAMPOS]	0	-420.970	222.710	0	63.180	0	0	
0	[SLAMPOS]	0	-420.040	223.160	0	63.190	0	0	
0	[SLAMPOS]	0	-419.790	223.280	0	63.190	0	0	
0	[SLAMPOS]	0	-419.220	223.560	0	63.200	0	0	
0	[SLAMPOS]	0	-418.580	223.860	0	63.220	0	0	
0	[SLAMPOS]	0	-418.320	223.980	0	63.220	0	0	
0	[SLAMPOS]	0	-417.760	224.260	0	63.230	0	0	
0	[SLAMPOS]	0	-417.120	224.560	0	63.240	0	0	
0	[SLAMPOS]	0	-416.940	224.650	0	63.230	0	0	
0	[SLAMPOS]	0	-416.310	224.950	0	63.240	0	0	
0	[SLAMPOS]	0	-416.140	225.030	0	63.230	0	0	
0	[SLAMPOS]	0	-415.510	225.330	0	63.240	0	0	
0	[SLAMPOS]	0	-414.960	225.590	0	63.230	0	0	
0	[SLAMPOS]	0	-414.330	225.890	0	63.200	0	0	
0	[SLAMPOS]	0	-413.750	226.170	0	63.190	0	0	
0	[SLAMPOS]	0	-413.500	226.290	0	63.180	0	0	
0	[SLAMPOS]	0	-412.860	226.600	0	63.150	0	0	
0	[SLAMPOS]	0	-412.300	226.880	0	63.130	0	0	
0	[SLAMPOS]	0	-411.650	227.190	0	63.120	0	0	
0	[SLAMPOS]	0	-411.480	227.270	0	63.120	0	0	
0	[SLAMPOS]	0	-410.840	227.580	0	63.100	0	0	
0	[SLAMPOS]	0	-410.670	227.670	0	63.090	0	0	
0	[SLAMPOS]	0	-410.030	227.970	0	63.070	0	0	
0	[SLAMPOS]	0	-409.470	228.250	0	63.050	0	0	
0	[SLAMPOS]	0	-409.220	228.360	0	63.060	0	0	
0	[SLAMPOS]	0	-408.270	228.820	0	63.040	0	0	
0	[SLAMPOS]	0	-407.990	228.950	0	63.030	0	0	
0	[SLAMPOS]	0	-407.770	229.050	0	63.020	0	0	
0	[SLAMPOS]	0	-406.850	229.510	0	63.020	0	0	
0	[SLAMPOS]	0	-406.610	229.620	0	63.030	0	0	
0	[SLAMPOS]	0	-406.050	229.890	0	63.030	0	0	
0	[SLAMPOS]	0	-405.390	230.210	0	63.040	0	0	
0	[SLAMPOS]	0	-405.220	230.290	0	63.040	0	0	
0	[SLAMPOS]	0	-404.570	230.600	0	63.060	0	0	
0	[SLAMPOS]	0	-404.010	230.880	0	63.060	0	0	
0	[SLAMPOS]	0	-403.750	231.000	0	63.070	0	0	
0	[SLAMPOS]	0	-403.180	231.280	0	63.060	0	0	
0	[SLAMPOS]	0	-402.530	231.590	0	63.060	0	0	
0	[SLAMPOS]	0	-402.280	231.710	0	63.070	0	0	
0	[SLAMPOS]	0	-401.340	232.160	0	63.080	0	0	
0	[SLAMPOS]	0	-401.060	232.300	0	63.080	0	0	
0	[SLAMPOS]	0	-400.500	232.580	0	63.090	0	0	
0	[SLAMPOS]	0	-399.850	232.880	0	63.100	0	0	
0	[SLAMPOS]	0	-399.690	232.970	0	63.110	0	0	
0	[SLAMPOS]	0	-399.040	233.270	0	63.120	0	0	
0	[SLAMPOS]	0	-398.870	233.360	0	63.140	0	0	
0	[SLAMPOS]	0	-398.220	233.670	0	63.150	0	0	
0	[SLAMPOS]	0	-397.650	233.950	0	63.170	0	0	
0	[SLAMPOS]	0	-397.390	234.070	0	63.170	0	0	
0	[SLAMPOS]	0	-396.750	234.370	0	63.210	0	0	
0	[SLAMPOS]	0	-396.170	234.660	0	63.240	0	0	
0	[SLAMPOS]	0	-395.920	234.770	0	63.250	0	0	
0	[SLAMPOS]	0	-394.960	235.230	0	63.290	0	0	
0	[SLAMPOS]	0	-394.710	235.350	0	63.290	0	0	
0	[SLAMPOS]	0	-394.140	235.630	0	63.320	0	0	
0	[SLAMPOS]	0	-393.490	235.930	0	63.350	0	0	
0	[SLAMPOS]	0	-393.320	236.020	0	63.350	0	0	
0	[SLAMPOS]	0	-392.660	236.330	0	63.380	0	0	
0	[SLAMPOS]	0	-392.030	236.620	0	63.400	0	0	
0	[SLAMPOS]	0	-391.860	236.700	0	63.390	0	0	
0	[SLAMPOS]	0	-391.200	237.010	0	63.400	0	0	
0	[SLAMPOS]	0	-390.630	237.290	0	63.380	0	0	
0	[SLAMPOS]	0	-390.360	237.410	0	63.380	0	0	
0	[SLAMPOS]	0	-389.750	237.710	0	63.320	0	0	
0	[SLAMPOS]	0	-389.490	237.830	0	63.310	0	0	
0	[SLAMPOS]	0	-388.830	238.150	0	63.270	0	0	
0	[SLAMPOS]	0	-388.260	238.420	0	63.210	0	0	
0	[SLAMPOS]	0	-387.610	238.730	0	63.150	0	0	
0	[SLAMPOS]	0	-387.040	239.020	0	63.070	0	0	
0	[SLAMPOS]	0	-386.780	239.140	0	63.040	0	0	
0	[SLAMPOS]	0	-386.210	239.420	0	62.970	0	0	
0	[SLAMPOS]	0	-385.580	239.730	0	62.920	0	0	
0	[SLAMPOS]	0	-385.400	239.820	0	62.910	0	0	
0	[SLAMPOS]	0	-384.750	240.130	0	62.870	0	0	
0	[SLAMPOS]	0	-384.180	240.420	0	62.850	0	0	
0	[SLAMPOS]	0	-383.940	240.530	0	62.830	0	0	
0	[SLAMPOS]	0	-383.300	240.850	0	62.840	0	0	
0	[SLAMPOS]	0	-382.710	241.140	0	62.850	0	0	
0	[SLAMPOS]	0	-382.470	241.250	0	62.850	0	0	
0	[SLAMPOS]	0	-381.490	241.730	0	62.860	0	0	
0	[SLAMPOS]	0	-381.200	241.870	0	62.870	0	0	
0	[SLAMPOS]	0	-380.630	242.150	0	62.880	0	0	
0	[SLAMPOS]	0	-379.970	242.470	0	62.880	0	0	
0	[SLAMPOS]	0	-379.720	242.580	0	62.880	0	0	
0	[SLAMPOS]	0	-379.140	242.870	0	62.880	0	0	
0	[SLAMPOS]	0	-378.500	243.180	0	62.890	0	0	
0	[SLAMPOS]	0	-378.320	243.270	0	62.890	0	0	
0	[SLAMPOS]	0	-377.680	243.580	0	62.900	0	0	
0	[SLAMPOS]	0	-377.500	243.660	0	62.900	0	0	
0	[SLAMPOS]	0	-376.860	243.980	0	62.900	0	0	
0	[SLAMPOS]	0	-376.290	244.250	0	62.900	0	0	
0	[SLAMPOS]	0	-376.050	244.370	0	62.890	0	0	
0	[SLAMPOS]	0	-375.090	244.840	0	62.900	0	0	
0	[SLAMPOS]	0	-374.850	244.950	0	62.900	0	0	
0	[SLAMPOS]	0	-374.210	245.260	0	62.900	0	0	
0	[SLAMPOS]	0	-373.660	245.530	0	62.920	0	0	
0	[SLAMPOS]	0	-373.410	245.650	0	62.920	0	0	
0	[SLAMPOS]	0	-372.860	245.930	0	62.910	0	0	
0	[SLAMPOS]	0	-372.230	246.230	0	62.920	0	0	
0	[SLAMPOS]	0	-372.060	246.310	0	62.920	0	0	
0	[SLAMPOS]	0	-371.450	246.610	0	62.930	0	0	
0	[SLAMPOS]	0	-370.890	246.880	0	62.940	0	0	
0	[SLAMPOS]	0	-370.630	247.000	0	62.940	0	0	
0	[SLAMPOS]	0	-369.710	247.460	0	62.950	0	0	
0	[SLAMPOS]	0	-369.460	247.570	0	62.950	0	0	
0	[SLAMPOS]	0	-369.200	247.690	0	62.960	0	0	
0	[SLAMPOS]	0	-368.280	248.140	0	62.950	0	0	
0	[SLAMPOS]	0	-368.030	248.260	0	62.950	0	0	
0	[SLAMPOS]	0	-367.460	248.540	0	62.950	0	0	
0	[SLAMPOS]	0	-366.860	248.830	0	62.970	0	0	
0	[SLAMPOS]	0	-366.680	248.920	0	62.960	0	0	
0	[SLAMPOS]	0	-366.090	249.200	0	62.980	0	0	
0	[SLAMPOS]	0	-365.900	249.300	0	62.980	0	0	
0	[SLAMPOS]	0	-365.290	249.590	0	62.980	0	0	
0	[SLAMPOS]	0	-364.670	249.890	0	62.980	0	0	
0	[SLAMPOS]	0	-364.490	249.980	0	62.980	0	0	
0	[SLAMPOS]	0	-363.890	250.270	0	62.990	0	0	
0	[SLAMPOS]	0	-363.370	250.520	0	62.990	0	0	
0	[SLAMPOS]	0	-363.110	250.640	0	63.000	0	0	
0	[SLAMPOS]	0	-362.180	251.100	0	63.000	0	0	
0	[SLAMPOS]	0	-361.940	251.210	0	63.010	0	0	
0	[SLAMPOS]	0	-361.410	251.470	0	63.010	0	0	
0	[SLAMPOS]	0	-360.800	251.770	0	63.000	0	0	
0	[SLAMPOS]	0	-360.550	251.880	0	63.010	0	0	
0	[SLAMPOS]	0	-360.010	252.140	0	63.010	0	0	
0	[SLAMPOS]	0	-359.400	252.440	0	63.030	0	0	
0	[SLAMPOS]	0	-359.240	252.530	0	63.030	0	0	
0	[SLAMPOS]	0	-358.610	252.820	0	63.020	0	0	
0	[SLAMPOS]	0	-358.090	253.080	0	63.030	0	0	
0	[SLAMPOS]	0	-357.850	253.190	0	63.040	0	0	
0	[SLAMPOS]	0	-357.330	253.450	0	63.040	0	0	
0	[SLAMPOS]	0	-356.710	253.750	0	63.040	0	0	
0	[SLAMPOS]	0	-356.200	254.000	0	63.050	0	0	
0	[SLAMPOS]	0	-355.610	254.280	0	63.060	0	0	
0	[SLAMPOS]	0	-355.370	254.390	0	63.070	0	0	
0	[SLAMPOS]	0	-354.850	254.640	0	63.100	0	0	
0	[SLAMPOS]	0	-354.250	254.930	0	63.140	0	0	
0	[SLAMPOS]	0	-354.090	255.010	0	63.160	0	0	
0	[SLAMPOS]	0	-353.470	255.310	0	63.200	0	0	
0	[SLAMPOS]	0	-353.320	255.380	0	63.210	0	0	
0	[SLAMPOS]	0	-352.720	255.660	0	63.250	0	0	
0	[SLAMPOS]	0	-352.190	255.920	0	63.300	0	0	
0	[SLAMPOS]	0	-351.970	256.020	0	63.330	0	0	
0	[SLAMPOS]	0	-351.090	256.440	0	63.370	0	0	
0	[SLAMPOS]	0	-350.490	256.720	0	63.400	0	0	
0	[SLAMPOS]	0	-350.240	256.840	0	63.410	0	0	
0	[SLAMPOS]	0	-349.720	257.090	0	63.420	0	0	
0	[SLAMPOS]	0	-349.110	257.370	0	63.440	0	0	
0	[SLAMPOS]	0	-348.960	257.450	0	63.440	0	0	
0	[SLAMPOS]	0	-348.350	257.730	0	63.470	0	0	
0	[SLAMPOS]	0	-348.200	257.810	0	63.460	0	0	
0	[SLAMPOS]	0	-347.610	258.090	0	63.460	0	0	
0	[SLAMPOS]	0	-347.080	258.340	0	63.450	0	0	
0	[SLAMPOS]	0	-346.840	258.450	0	63.450	0	0	
0	[SLAMPOS]	0	-346.240	258.730	0	63.450	0	0	
0	[SLAMPOS]	0	-345.720	258.990	0	63.430	0	0	
0	[SLAMPOS]	0	-345.510	259.080	0	63.430	0	0	
0	[SLAMPOS]	0	-344.590	259.520	0	63.430	0	0	
0	[SLAMPOS]	0	-344.360	259.630	0	63.430	0	0	
0	[SLAMPOS]	0	-343.830	259.890	0	63.420	0	0	
0	[SLAMPOS]	0	-343.230	260.170	0	63.400	0	0	
0	[SLAMPOS]	0	-343.060	260.260	0	63.400	0	0	
0	[SLAMPOS]	0	-342.460	260.540	0	63.390	0	0	
0	[SLAMPOS]	0	-342.300	260.620	0	63.380	0	0	
0	[SLAMPOS]	0	-341.700	260.900	0	63.380	0	0	
0	[SLAMPOS]	0	-341.070	261.200	0	63.360	0	0	
0	[SLAMPOS]	0	-340.900	261.280	0	63.350	0	0	
0	[SLAMPOS]	0	-340.330	261.560	0	63.330	0	0	
0	[SLAMPOS]	0	-339.770	261.830	0	63.300	0	0	
0	[SLAMPOS]	0	-339.530	261.940	0	63.290	0	0	
0	[SLAMPOS]	0	-338.910	262.230	0	63.270	0	0	
0	[SLAMPOS]	0	-338.360	262.500	0	63.260	0	0	
0	[SLAMPOS]	0	-338.120	262.610	0	63.260	0	0	
0	[SLAMPOS]	0	-337.230	263.050	0	63.250	0	0	
0	[SLAMPOS]	0	-337.000	263.150	0	63.250	0	0	
0	[SLAMPOS]	0	-336.490	263.400	0	63.250	0	0	
0	[SLAMPOS]	0	-335.890	263.690	0	63.250	0	0	
0	[SLAMPOS]	0	-335.730	263.770	0	63.250	0	0	
0	[SLAMPOS]	0	-335.140	264.050	0	63.230	0	0	
0	[SLAMPOS]	0	-334.620	264.300	0	63.240	0	0	
0	[SLAMPOS]	0	-334.400	264.400	0	63.240	0	0	
0	[SLAMPOS]	0	-333.810	264.680	0	63.230	0	0	
0	[SLAMPOS]	0	-333.280	264.940	0	63.230	0	0	
0	[SLAMPOS]	0	-333.050	265.040	0	63.230	0	0	
0	[SLAMPOS]	0	-332.200	265.450	0	63.230	0	0	
0	[SLAMPOS]	0	-331.930	265.580	0	63.230	0	0	
0	[SLAMPOS]	0	-331.450	265.820	0	63.210	0	0	
0	[SLAMPOS]	0	-331.230	265.920	0	63.200	0	0	
0	[SLAMPOS]	0	-330.680	266.180	0	63.190	0	0	
0	[SLAMPOS]	0	-330.190	266.420	0	63.170	0	0	
0	[SLAMPOS]	0	-329.970	266.520	0	63.150	0	0	
0	[SLAMPOS]	0	-329.490	266.760	0	63.130	0	0	
0	[SLAMPOS]	0	-328.960	267.020	0	63.100	0	0	
0	[SLAMPOS]	0	-328.800	267.100	0	63.090	0	0	
0	[SLAMPOS]	0	-328.280	267.340	0	63.060	0	0	
0	[SLAMPOS]	0	-327.820	267.570	0	63.030	0	0	
0	[SLAMPOS]	0	-327.640	267.660	0	63.030	0	0	
0	[SLAMPOS]	0	-326.880	268.030	0	62.990	0	0	
0	[SLAMPOS]	0	-326.690	268.120	0	62.980	0	0	
0	[SLAMPOS]	0	-326.490	268.210	0	62.970	0	0	
0	[SLAMPOS]	0	-325.750	268.570	0	62.920	0	0	
0	[SLAMPOS]	0	-325.560	268.660	0	62.920	0	0	
0	[SLAMPOS]	0	-325.090	268.900	0	62.890	0	0	
0	[SLAMPOS]	0	-324.640	269.110	0	62.870	0	0	
0	[SLAMPOS]	0	-324.520	269.180	0	62.860	0	0	
0	[SLAMPOS]	0	-324.000	269.420	0	62.820	0	0	
0	[SLAMPOS]	0	-323.630	269.610	0	62.810	0	0	
0	[SLAMPOS]	0	-323.440	269.700	0	62.800	0	0	
0	[SLAMPOS]	0	-322.750	270.040	0	62.770	0	0	
0	[SLAMPOS]	0	-322.570	270.120	0	62.760	0	0	
0	[SLAMPOS]	0	-322.370	270.220	0	62.750	0	0	
0	[SLAMPOS]	0	-321.680	270.560	0	62.720	0	0	
0	[SLAMPOS]	0	-321.500	270.650	0	62.700	0	0	
0	[SLAMPOS]	0	-321.100	270.860	0	62.670	0	0	
0	[SLAMPOS]	0	-320.610	271.090	0	62.620	0	0	
0	[SLAMPOS]	0	-320.490	271.160	0	62.620	0	0	
0	[SLAMPOS]	0	-320.040	271.370	0	62.620	0	0	
0	[SLAMPOS]	0	-319.910	271.440	0	62.610	0	0	
0	[SLAMPOS]	0	-319.460	271.660	0	62.600	0	0	
0	[SLAMPOS]	0	-319.020	271.880	0	62.560	0	0	
0	[SLAMPOS]	0	-318.890	271.950	0	62.550	0	0	
0	[SLAMPOS]	0	-318.460	272.160	0	62.510	0	0	
0	[SLAMPOS]	0	-318.080	272.340	0	62.500	0	0	
0	[SLAMPOS]	0	-317.920	272.430	0	62.500	0	0	
0	[SLAMPOS]	0	-317.300	272.740	0	62.460	0	0	
0	[SLAMPOS]	0	-317.150	272.810	0	62.440	0	0	
0	[SLAMPOS]	0	-316.790	272.990	0	62.410	0	0	
0	[SLAMPOS]	0	-316.380	273.190	0	62.400	0	0	
0	[SLAMPOS]	0	-316.270	273.250	0	62.390	0	0	
0	[SLAMPOS]	0	-315.880	273.440	0	62.380	0	0	
0	[SLAMPOS]	0	-315.500	273.620	0	62.350	0	0	
0	[SLAMPOS]	0	-315.400	273.680	0	62.350	0	0	
0	[SLAMPOS]	0	-315.000	273.880	0	62.310	0	0	
0	[SLAMPOS]	0	-314.670	274.050	0	62.290	0	0	
0	[SLAMPOS]	0	-314.520	274.120	0	62.290	0	0	
0	[SLAMPOS]	0	-314.160	274.300	0	62.270	0	0	
0	[SLAMPOS]	0	-313.790	274.490	0	62.250	0	0	
0	[SLAMPOS]	0	-313.630	274.560	0	62.240	0	0	
0	[SLAMPOS]	0	-313.310	274.730	0	62.210	0	0	
0	[SLAMPOS]	0	-312.950	274.910	0	62.190	0	0	
0	[SLAMPOS]	0	-312.640	275.070	0	62.180	0	0	
0	[SLAMPOS]	0	-312.480	275.150	0	62.170	0	0	
0	[SLAMPOS]	0	-312.170	275.310	0	62.160	0	0	
0	[SLAMPOS]	0	-311.840	275.470	0	62.140	0	0	
0	[SLAMPOS]	0	-311.690	275.540	0	62.130	0	0	
0	[SLAMPOS]	0	-311.410	275.690	0	62.120	0	0	
0	[SLAMPOS]	0	-311.080	275.850	0	62.090	0	0	
0	[SLAMPOS]	0	-310.970	275.910	0	62.090	0	0	
0	[SLAMPOS]	0	-310.660	276.060	0	62.110	0	0	
0	[SLAMPOS]	0	-310.380	276.210	0	62.110	0	0	
0	[SLAMPOS]	0	-310.250	276.270	0	62.110	0	0	
0	[SLAMPOS]	0	-309.780	276.500	0	62.110	0	0	
0	[SLAMPOS]	0	-309.670	276.560	0	62.100	0	0	
0	[SLAMPOS]	0	-309.540	276.620	0	62.090	0	0	
0	[SLAMPOS]	0	-309.100	276.850	0	62.090	0	0	
0	[SLAMPOS]	0	-308.980	276.910	0	62.090	0	0	
0	[SLAMPOS]	0	-308.720	277.040	0	62.090	0	0	
0	[SLAMPOS]	0	-308.430	277.190	0	62.080	0	0	
0	[SLAMPOS]	0	-308.350	277.230	0	62.080	0	0	
0	[SLAMPOS]	0	-308.070	277.370	0	62.070	0	0	
0	[SLAMPOS]	0	-308.000	277.410	0	62.070	0	0	
0	[SLAMPOS]	0	-307.720	277.550	0	62.090	0	0	
0	[SLAMPOS]	0	-307.470	277.670	0	62.100	0	0	
0	[SLAMPOS]	0	-307.370	277.720	0	62.110	0	0	
0	[SLAMPOS]	0	-306.960	277.930	0	62.100	0	0	
0	[SLAMPOS]	0	-306.860	277.990	0	62.110	0	0	
0	[SLAMPOS]	0	-306.590	278.110	0	62.130	0	0	
0	[SLAMPOS]	0	-306.340	278.240	0	62.150	0	0	
0	[SLAMPOS]	0	-306.060	278.380	0	62.150	0	0	
0	[SLAMPOS]	0	-305.980	278.420	0	62.160	0	0	
0	[SLAMPOS]	0	-305.690	278.560	0	62.170	0	0	
0	[SLAMPOS]	0	-305.610	278.600	0	62.190	0	0	
0	[SLAMPOS]	0	-305.340	278.740	0	62.230	0	0	
0	[SLAMPOS]	0	-305.070	278.880	0	62.290	0	0	
0	[SLAMPOS]	0	-304.990	278.920	0	62.310	0	0	
0	[SLAMPOS]	0	-304.720	279.050	0	62.330	0	0	
0	[SLAMPOS]	0	-304.470	279.170	0	62.360	0	0	
0	[SLAMPOS]	0	-304.370	279.220	0	62.380	0	0	
0	[SLAMPOS]	0	-304.120	279.340	0	62.410	0	0	
0	[SLAMPOS]	0	-303.850	279.470	0	62.440	0	0	
0	[SLAMPOS]	0	-303.620	279.590	0	62.470	0	0	
0	[SLAMPOS]	0	-303.360	279.720	0	62.490	0	0	
0	[SLAMPOS]	0	-303.250	279.770	0	62.480	0	0	
0	[SLAMPOS]	0	-303.020	279.890	0	62.490	0	0	
0	[SLAMPOS]	0	-302.760	280.020	0	62.510	0	0	
0	[SLAMPOS]	0	-302.690	280.050	0	62.520	0	0	
0	[SLAMPOS]	0	-302.410	280.190	0	62.550	0	0	
0	[SLAMPOS]	0	-302.330	280.230	0	62.560	0	0	
0	[SLAMPOS]	0	-302.060	280.360	0	62.580	0	0	
0	[SLAMPOS]	0	-301.820	280.470	0	62.610	0	0	
0	[SLAMPOS]	0	-301.720	280.530	0	62.630	0	0	
0	[SLAMPOS]	0	-301.320	280.730	0	62.700	0	0	
0	[SLAMPOS]	0	-301.210	280.780	0	62.720	0	0	
0	[SLAMPOS]	0	-300.960	280.900	0	62.750	0	0	
0	[SLAMPOS]	0	-300.690	281.040	0	62.780	0	0	
0	[SLAMPOS]	0	-300.630	281.060	0	62.790	0	0	
0	[SLAMPOS]	0	-300.330	281.210	0	62.830	0	0	
0	[SLAMPOS]	0	-300.050	281.350	0	62.860	0	0	
0	[SLAMPOS]	0	-299.970	281.390	0	62.860	0	0	
0	[SLAMPOS]	0	-299.670	281.530	0	62.890	0	0	
0	[SLAMPOS]	0	-299.410	281.660	0	62.920	0	0	
0	[SLAMPOS]	0	-299.270	281.730	0	62.930	0	0	
0	[SLAMPOS]	0	-299.010	281.870	0	62.950	0	0	
0	[SLAMPOS]	0	-298.700	282.020	0	62.960	0	0	
0	[SLAMPOS]	0	-298.430	282.150	0	62.980	0	0	
0	[SLAMPOS]	0	-298.110	282.300	0	62.990	0	0	
0	[SLAMPOS]	0	-297.980	282.360	0	63.010	0	0	
0	[SLAMPOS]	0	-297.670	282.500	0	63.050	0	0	
0	[SLAMPOS]	0	-297.340	282.660	0	63.080	0	0	
0	[SLAMPOS]	0	-297.260	282.700	0	63.090	0	0	
0	[SLAMPOS]	0	-296.920	282.870	0	63.100	0	0	
0	[SLAMPOS]	0	-296.570	283.040	0	63.110	0	0	
0	[SLAMPOS]	0	-296.480	283.080	0	63.120	0	0	
0	[SLAMPOS]	0	-296.120	283.250	0	63.120	0	0	
0	[SLAMPOS]	0	-296.040	283.300	0	63.130	0	0	
0	[SLAMPOS]	0	-295.660	283.470	0	63.150	0	0	
0	[SLAMPOS]	0	-295.350	283.620	0	63.160	0	0	
0	[SLAMPOS]	0	-295.210	283.690	0	63.170	0	0	
0	[SLAMPOS]	0	-294.650	283.960	0	63.180	0	0	
0	[SLAMPOS]	0	-294.500	284.020	0	63.180	0	0	
0	[SLAMPOS]	0	-294.170	284.180	0	63.180	0	0	
0	[SLAMPOS]	0	-293.780	284.370	0	63.190	0	0	
0	[SLAMPOS]	0	-293.630	284.450	0	63.190	0	0	
0	[SLAMPOS]	0	-293.290	284.610	0	63.180	0	0	
0	[SLAMPOS]	0	-292.890	284.800	0	63.170	0	0	
0	[SLAMPOS]	0	-292.790	284.850	0	63.180	0	0	
0	[SLAMPOS]	0	-292.380	285.050	0	63.180	0	0	
0	[SLAMPOS]	0	-292.050	285.210	0	63.180	0	0	
0	[SLAMPOS]	0	-291.870	285.300	0	63.180	0	0	
0	[SLAMPOS]	0	-291.510	285.470	0	63.180	0	0	
0	[SLAMPOS]	0	-291.090	285.670	0	63.170	0	0	
0	[SLAMPOS]	0	-290.730	285.850	0	63.160	0	0	
0	[SLAMPOS]	0	-290.320	286.050	0	63.160	0	0	
0	[SLAMPOS]	0	-290.150	286.130	0	63.160	0	0	
0	[SLAMPOS]	0	-289.780	286.300	0	63.180	0	0	
0	[SLAMPOS]	0	-289.350	286.510	0	63.180	0	0	
0	[SLAMPOS]	0	-289.240	286.560	0	63.180	0	0	
0	[SLAMPOS]	0	-288.810	286.770	0	63.180	0	0	
0	[SLAMPOS]	0	-288.690	286.830	0	63.190	0	0	
0	[SLAMPOS]	0	-288.260	287.030	0	63.180	0	0	
0	[SLAMPOS]	0	-287.900	287.210	0	63.210	0	0	
0	[SLAMPOS]	0	-287.730	287.280	0	63.220	0	0	
0	[SLAMPOS]	0	-287.090	287.590	0	63.270	0	0	
0	[SLAMPOS]	0	-286.890	287.690	0	63.270	0	0	
0	[SLAMPOS]	0	-286.710	287.770	0	63.270	0	0	
0	[SLAMPOS]	0	-286.060	288.080	0	63.320	0	0	
0	[SLAMPOS]	0	-285.880	288.170	0	63.330	0	0	
0	[SLAMPOS]	0	-285.470	288.360	0	63.370	0	0	
0	[SLAMPOS]	0	-285.060	288.560	0	63.390	0	0	
0	[SLAMPOS]	0	-284.950	288.610	0	63.410	0	0	
0	[SLAMPOS]	0	-284.500	288.830	0	63.430	0	0	
0	[SLAMPOS]	0	-284.110	289.010	0	63.460	0	0	
0	[SLAMPOS]	0	-283.940	289.090	0	63.470	0	0	
0	[SLAMPOS]	0	-283.280	289.410	0	63.540	0	0	
0	[SLAMPOS]	0	-283.100	289.490	0	63.540	0	0	
0	[SLAMPOS]	0	-282.930	289.560	0	63.550	0	0	
0	[SLAMPOS]	0	-282.260	289.890	0	63.600	0	0	
0	[SLAMPOS]	0	-282.090	289.960	0	63.610	0	0	
0	[SLAMPOS]	0	-281.690	290.150	0	63.660	0	0	
0	[SLAMPOS]	0	-281.220	290.350	0	63.710	0	0	
0	[SLAMPOS]	0	-281.100	290.410	0	63.720	0	0	
0	[SLAMPOS]	0	-280.640	290.630	0	63.750	0	0	
0	[SLAMPOS]	0	-280.520	290.690	0	63.760	0	0	
0	[SLAMPOS]	0	-280.050	290.900	0	63.750	0	0	
0	[SLAMPOS]	0	-279.640	291.100	0	63.760	0	0	
0	[SLAMPOS]	0	-279.460	291.190	0	63.760	0	0	
0	[SLAMPOS]	0	-278.770	291.500	0	63.790	0	0	
0	[SLAMPOS]	0	-278.300	291.710	0	63.780	0	0	
0	[SLAMPOS]	0	-278.120	291.790	0	63.790	0	0	
0	[SLAMPOS]	0	-277.710	292.000	0	63.770	0	0	
0	[SLAMPOS]	0	-277.240	292.220	0	63.730	0	0	
0	[SLAMPOS]	0	-277.120	292.270	0	63.730	0	0	
0	[SLAMPOS]	0	-276.640	292.500	0	63.710	0	0	
0	[SLAMPOS]	0	-276.100	292.760	0	63.720	0	0	
0	[SLAMPOS]	0	-275.920	292.850	0	63.720	0	0	
0	[SLAMPOS]	0	-275.360	293.110	0	63.770	0	0	
0	[SLAMPOS]	0	-274.880	293.330	0	63.780	0	0	
0	[SLAMPOS]	0	-274.730	293.400	0	63.790	0	0	
0	[SLAMPOS]	0	-274.190	293.660	0	63.790	0	0	
0	[SLAMPOS]	0	-273.740	293.860	0	63.800	0	0	
0	[SLAMPOS]	0	-273.670	293.890	0	63.800	0	0	
0	[SLAMPOS]	0	-273.240	294.090	0	63.790	0	0	
0	[SLAMPOS]	0	-272.800	294.300	0	63.780	0	0	
0	[SLAMPOS]	0	-272.650	294.360	0	63.780	0	0	
0	[SLAMPOS]	0	-271.910	294.710	0	63.770	0	0	
0	[SLAMPOS]	0	-271.680	294.820	0	63.760	0	0	
0	[SLAMPOS]	0	-271.540	294.880	0	63.750	0	0	
0	[SLAMPOS]	0	-271.470	294.940	0	63.140	0	0	
0	[SLAMPOS]	0	-270.530	295.360	0	63.710	0	0	
0	[SLAMPOS]	0	-270.210	295.510	0	63.710	0	0	
0	[SLAMPOS]	0	-269.760	295.720	0	63.720	0	0	
0	[SLAMPOS]	0	-269.640	295.780	0	63.710	0	0	
0	[SLAMPOS]	0	-269.180	296.000	0	63.690	0	0	
0	[SLAMPOS]	0	-268.710	296.210	0	63.680	0	0	
0	[SLAMPOS]	0	-268.560	296.290	0	63.670	0	0	
0	[SLAMPOS]	0	-268.140	296.480	0	63.660	0	0	
0	[SLAMPOS]	0	-268.010	296.540	0	63.660	0	0	
0	[SLAMPOS]	0	-267.560	296.750	0	63.640	0	0	
0	[SLAMPOS]	0	-267.150	296.950	0	63.620	0	0	
0	[SLAMPOS]	0	-266.670	297.170	0	63.600	0	0	
0	[SLAMPOS]	0	-266.270	297.370	0	63.590	0	0	
0	[SLAMPOS]	0	-265.820	297.570	0	63.570	0	0	
0	[SLAMPOS]	0	-265.700	297.640	0	63.560	0	0	
0	[SLAMPOS]	0	-265.220	297.860	0	63.540	0	0	
0	[SLAMPOS]	0	-264.750	298.090	0	63.530	0	0	
0	[SLAMPOS]	0	-264.640	298.140	0	63.520	0	0	
0	[SLAMPOS]	0	-264.120	298.390	0	63.510	0	0	
0	[SLAMPOS]	0	-263.990	298.450	0	63.510	0	0	
0	[SLAMPOS]	0	-263.510	298.670	0	63.490	0	0	
0	[SLAMPOS]	0	-263.100	298.870	0	63.480	0	0	
0	[SLAMPOS]	0	-262.890	298.960	0	63.480	0	0	
0	[SLAMPOS]	0	-262.410	299.190	0	63.460	0	0	
0	[SLAMPOS]	0	-262.010	299.370	0	63.460	0	0	
0	[SLAMPOS]	0	-261.820	299.460	0	63.440	0	0	
0	[SLAMPOS]	0	-261.100	299.810	0	63.410	0	0	
0	[SLAMPOS]	0	-260.910	299.900	0	63.400	0	0	
0	[SLAMPOS]	0	-260.500	300.100	0	63.400	0	0	
0	[SLAMPOS]	0	-260.010	300.330	0	63.390	0	0	
0	[SLAMPOS]	0	-259.880	300.390	0	63.380	0	0	
0	[SLAMPOS]	0	-259.380	300.630	0	63.360	0	0	
0	[SLAMPOS]	0	-259.260	300.690	0	63.360	0	0	
0	[SLAMPOS]	0	-258.770	300.920	0	63.350	0	0	
0	[SLAMPOS]	0	-258.220	301.180	0	63.340	0	0	
0	[SLAMPOS]	0	-258.090	301.240	0	63.350	0	0	
0	[SLAMPOS]	0	-257.600	301.480	0	63.320	0	0	
0	[SLAMPOS]	0	-257.170	301.700	0	63.320	0	0	
0	[SLAMPOS]	0	-256.970	301.790	0	63.320	0	0	
0	[SLAMPOS]	0	-256.460	302.030	0	63.350	0	0	
0	[SLAMPOS]	0	-256.020	302.250	0	63.350	0	0	
0	[SLAMPOS]	0	-255.810	302.340	0	63.360	0	0	
0	[SLAMPOS]	0	-255.060	302.690	0	63.370	0	0	
0	[SLAMPOS]	0	-254.850	302.790	0	63.370	0	0	
0	[SLAMPOS]	0	-254.400	303.010	0	63.370	0	0	
0	[SLAMPOS]	0	-253.870	303.250	0	63.370	0	0	
0	[SLAMPOS]	0	-253.740	303.320	0	63.360	0	0	
0	[SLAMPOS]	0	-253.190	303.580	0	63.340	0	0	
0	[SLAMPOS]	0	-252.720	303.800	0	63.330	0	0	
0	[SLAMPOS]	0	-252.520	303.900	0	63.340	0	0	
0	[SLAMPOS]	0	-251.950	304.170	0	63.340	0	0	
0	[SLAMPOS]	0	-251.760	304.270	0	63.330	0	0	
0	[SLAMPOS]	0	-251.200	304.530	0	63.320	0	0	
0	[SLAMPOS]	0	-250.730	304.760	0	63.310	0	0	
0	[SLAMPOS]	0	-250.190	305.020	0	63.310	0	0	
0	[SLAMPOS]	0	-249.690	305.260	0	63.300	0	0	
0	[SLAMPOS]	0	-249.450	305.370	0	63.300	0	0	
0	[SLAMPOS]	0	-248.960	305.610	0	63.280	0	0	
0	[SLAMPOS]	0	-248.410	305.870	0	63.270	0	0	
0	[SLAMPOS]	0	-247.830	306.150	0	63.260	0	0	
0	[SLAMPOS]	0	-247.670	306.230	0	63.250	0	0	
0	[SLAMPOS]	0	-247.100	306.500	0	63.240	0	0	
0	[SLAMPOS]	0	-246.950	306.570	0	63.240	0	0	
0	[SLAMPOS]	0	-246.370	306.840	0	63.240	0	0	
0	[SLAMPOS]	0	-245.860	307.100	0	63.240	0	0	
0	[SLAMPOS]	0	-245.640	307.200	0	63.250	0	0	
0	[SLAMPOS]	0	-244.750	307.630	0	63.240	0	0	
0	[SLAMPOS]	0	-244.520	307.730	0	63.240	0	0	
0	[SLAMPOS]	0	-244.000	307.980	0	63.230	0	0	
0	[SLAMPOS]	0	-243.380	308.270	0	63.230	0	0	
0	[SLAMPOS]	0	-243.150	308.380	0	63.230	0	0	
0	[SLAMPOS]	0	-242.610	308.640	0	63.220	0	0	
0	[SLAMPOS]	0	-242.000	308.920	0	63.220	0	0	
0	[SLAMPOS]	0	-241.840	309.000	0	63.210	0	0	
0	[SLAMPOS]	0	-241.180	309.320	0	63.200	0	0	
0	[SLAMPOS]	0	-241.020	309.400	0	63.200	0	0	
0	[SLAMPOS]	0	-240.400	309.690	0	63.210	0	0	
0	[SLAMPOS]	0	-239.770	309.990	0	63.210	0	0	
0	[SLAMPOS]	0	-239.620	310.070	0	63.200	0	0	
0	[SLAMPOS]	0	-238.990	310.370	0	63.170	0	0	
0	[SLAMPOS]	0	-238.440	310.640	0	63.160	0	0	
0	[SLAMPOS]	0	-238.170	310.760	0	63.170	0	0	
0	[SLAMPOS]	0	-237.240	311.220	0	63.150	0	0	
0	[SLAMPOS]	0	-237.020	311.320	0	63.160	0	0	
0	[SLAMPOS]	0	-236.480	311.590	0	63.140	0	0	
0	[SLAMPOS]	0	-235.820	311.890	0	63.140	0	0	
0	[SLAMPOS]	0	-235.180	312.200	0	63.140	0	0	
0	[SLAMPOS]	0	-235.010	312.290	0	63.130	0	0	
0	[SLAMPOS]	0	-234.360	312.610	0	63.130	0	0	
0	[SLAMPOS]	0	-234.200	312.680	0	63.130	0	0	
0	[SLAMPOS]	0	-233.540	312.990	0	63.130	0	0	
0	[SLAMPOS]	0	-232.990	313.270	0	63.120	0	0	
0	[SLAMPOS]	0	-232.730	313.390	0	63.120	0	0	
0	[SLAMPOS]	0	-231.990	313.740	0	63.110	0	0	
0	[SLAMPOS]	0	-231.420	314.020	0	63.110	0	0	
0	[SLAMPOS]	0	-231.170	314.130	0	63.100	0	0	
0	[SLAMPOS]	0	-230.210	314.600	0	63.090	0	0	
0	[SLAMPOS]	0	-229.960	314.700	0	63.110	0	0	
0	[SLAMPOS]	0	-229.380	315.000	0	63.090	0	0	
0	[SLAMPOS]	0	-228.720	315.300	0	63.100	0	0	
0	[SLAMPOS]	0	-228.530	315.400	0	63.090	0	0	
0	[SLAMPOS]	0	-227.870	315.720	0	63.070	0	0	
0	[SLAMPOS]	0	-227.190	316.050	0	63.070	0	0	
0	[SLAMPOS]	0	-227.020	316.140	0	63.060	0	0	
0	[SLAMPOS]	0	-226.340	316.450	0	63.070	0	0	
0	[SLAMPOS]	0	-226.170	316.550	0	63.060	0	0	
0	[SLAMPOS]	0	-225.480	316.870	0	63.040	0	0	
0	[SLAMPOS]	0	-224.920	317.150	0	63.010	0	0	
0	[SLAMPOS]	0	-224.610	317.290	0	63.010	0	0	
0	[SLAMPOS]	0	-223.600	317.790	0	62.940	0	0	
0	[SLAMPOS]	0	-223.310	317.920	0	62.930	0	0	
0	[SLAMPOS]	0	-222.710	318.220	0	62.880	0	0	
0	[SLAMPOS]	0	-222.020	318.560	0	62.840	0	0	
0	[SLAMPOS]	0	-221.750	318.690	0	62.820	0	0	
0	[SLAMPOS]	0	-221.140	318.990	0	62.790	0	0	
0	[SLAMPOS]	0	-220.470	319.320	0	62.750	0	0	
0	[SLAMPOS]	0	-220.290	319.410	0	62.760	0	0	
0	[SLAMPOS]	0	-219.570	319.760	0	62.750	0	0	
0	[SLAMPOS]	0	-218.960	320.070	0	62.770	0	0	
0	[SLAMPOS]	0	-218.680	320.200	0	62.770	0	0	
0	[SLAMPOS]	0	-217.630	320.720	0	62.780	0	0	
0	[SLAMPOS]	0	-217.350	320.850	0	62.770	0	0	
0	[SLAMPOS]	0	-216.750	321.150	0	62.770	0	0	
0	[SLAMPOS]	0	-216.040	321.500	0	62.780	0	0	
0	[SLAMPOS]	0	-215.850	321.600	0	62.780	0	0	
0	[SLAMPOS]	0	-215.130	321.940	0	62.800	0	0	
0	[SLAMPOS]	0	-214.380	322.300	0	62.800	0	0	
0	[SLAMPOS]	0	-214.200	322.390	0	62.800	0	0	
0	[SLAMPOS]	0	-213.480	322.740	0	62.790	0	0	
0	[SLAMPOS]	0	-213.300	322.830	0	62.800	0	0	
0	[SLAMPOS]	0	-212.570	323.170	0	62.810	0	0	
0	[SLAMPOS]	0	-211.930	323.490	0	62.840	0	0	
0	[SLAMPOS]	0	-211.190	323.850	0	62.860	0	0	
0	[SLAMPOS]	0	-210.550	324.170	0	62.880	0	0	
0	[SLAMPOS]	0	-209.790	324.530	0	62.900	0	0	
0	[SLAMPOS]	0	-209.610	324.620	0	62.910	0	0	
0	[SLAMPOS]	0	-208.850	324.980	0	62.950	0	0	
0	[SLAMPOS]	0	-208.580	325.110	0	62.950	0	0	
0	[SLAMPOS]	0	-207.910	325.440	0	62.990	0	0	
0	[SLAMPOS]	0	-207.160	325.800	0	63.010	0	0	
0	[SLAMPOS]	0	-206.960	325.900	0	63.020	0	0	
0	[SLAMPOS]	0	-206.190	326.260	0	63.050	0	0	
0	[SLAMPOS]	0	-205.570	326.560	0	63.070	0	0	
0	[SLAMPOS]	0	-205.270	326.700	0	63.080	0	0	
0	[SLAMPOS]	0	-204.150	327.240	0	63.120	0	0	
0	[SLAMPOS]	0	-203.850	327.390	0	63.120	0	0	
0	[SLAMPOS]	0	-203.540	327.540	0	63.130	0	0	
0	[SLAMPOS]	0	-202.430	328.080	0	63.170	0	0	
0	[SLAMPOS]	0	-202.100	328.240	0	63.180	0	0	
0	[SLAMPOS]	0	-201.450	328.550	0	63.210	0	0	
0	[SLAMPOS]	0	-200.690	328.910	0	63.230	0	0	
0	[SLAMPOS]	0	-200.470	329.020	0	63.240	0	0	
0	[SLAMPOS]	0	-199.710	329.380	0	63.250	0	0	
0	[SLAMPOS]	0	-199.510	329.480	0	63.260	0	0	
0	[SLAMPOS]	0	-198.740	329.840	0	63.300	0	0	
0	[SLAMPOS]	0	-197.980	330.200	0	63.330	0	0	
0	[SLAMPOS]	0	-197.330	330.510	0	63.360	0	0	
0	[SLAMPOS]	0	-196.660	330.820	0	63.390	0	0	
0	[SLAMPOS]	0	-195.890	331.180	0	63.420	0	0	
0	[SLAMPOS]	0	-195.600	331.310	0	63.430	0	0	
0	[SLAMPOS]	0	-194.940	331.630	0	63.440	0	0	
0	[SLAMPOS]	0	-194.190	331.990	0	63.460	0	0	
0	[SLAMPOS]	0	-193.960	332.100	0	63.450	0	0	
0	[SLAMPOS]	0	-193.140	332.490	0	63.450	0	0	
0	[SLAMPOS]	0	-192.370	332.860	0	63.410	0	0	
0	[SLAMPOS]	0	-192.200	332.940	0	63.400	0	0	
0	[SLAMPOS]	0	-191.450	333.300	0	63.360	0	0	
0	[SLAMPOS]	0	-191.250	333.400	0	63.350	0	0	
0	[SLAMPOS]	0	-190.490	333.760	0	63.310	0	0	
0	[SLAMPOS]	0	-189.830	334.090	0	63.280	0	0	
0	[SLAMPOS]	0	-189.560	334.220	0	63.260	0	0	
0	[SLAMPOS]	0	-188.400	334.780	0	63.190	0	0	
0	[SLAMPOS]	0	-188.110	334.920	0	63.180	0	0	
0	[SLAMPOS]	0	-187.820	335.050	0	63.180	0	0	
0	[SLAMPOS]	0	-186.700	335.590	0	63.090	0	0	
0	[SLAMPOS]	0	-186.400	335.730	0	63.070	0	0	
0	[SLAMPOS]	0	-185.750	336.050	0	63.030	0	0	
0	[SLAMPOS]	0	-185.000	336.400	0	62.990	0	0	
0	[SLAMPOS]	0	-184.800	336.510	0	62.980	0	0	
0	[SLAMPOS]	0	-184.020	336.860	0	62.940	0	0	
0	[SLAMPOS]	0	-183.830	336.960	0	62.960	0	0	
0	[SLAMPOS]	0	-183.040	337.340	0	62.920	0	0	
0	[SLAMPOS]	0	-182.280	337.700	0	62.930	0	0	
0	[SLAMPOS]	0	-182.140	337.780	0	62.930	0	0	
0	[SLAMPOS]	0	-181.410	338.130	0	62.950	0	0	
0	[SLAMPOS]	0	-180.740	338.460	0	62.940	0	0	
0	[SLAMPOS]	0	-180.450	338.600	0	62.940	0	0	
0	[SLAMPOS]	0	-179.340	339.140	0	62.950	0	0	
0	[SLAMPOS]	0	-179.040	339.280	0	62.950	0	0	
0	[SLAMPOS]	0	-178.410	339.590	0	62.950	0	0	
0	[SLAMPOS]	0	-177.660	339.950	0	62.960	0	0	
0	[SLAMPOS]	0	-177.440	340.060	0	62.960	0	0	
0	[SLAMPOS]	0	-176.720	340.410	0	62.940	0	0	
0	[SLAMPOS]	0	-175.990	340.760	0	62.940	0	0	
0	[SLAMPOS]	0	-175.780	340.860	0	62.940	0	0	
0	[SLAMPOS]	0	-175.030	341.220	0	62.940	0	0	
0	[SLAMPOS]	0	-174.400	341.530	0	62.940	0	0	
0	[SLAMPOS]	0	-174.120	341.660	0	62.940	0	0	
0	[SLAMPOS]	0	-173.050	342.190	0	62.930	0	0	
0	[SLAMPOS]	0	-172.780	342.310	0	62.940	0	0	
0	[SLAMPOS]	0	-172.150	342.620	0	62.940	0	0	
0	[SLAMPOS]	0	-171.420	342.980	0	62.940	0	0	
0	[SLAMPOS]	0	-171.250	343.070	0	62.940	0	0	
0	[SLAMPOS]	0	-170.540	343.410	0	62.930	0	0	
0	[SLAMPOS]	0	-169.880	343.740	0	62.930	0	0	
0	[SLAMPOS]	0	-169.650	343.830	0	62.940	0	0	
0	[SLAMPOS]	0	-168.570	344.370	0	62.960	0	0	
0	[SLAMPOS]	0	-168.290	344.500	0	62.960	0	0	
0	[SLAMPOS]	0	-168.020	344.620	0	62.960	0	0	
0	[SLAMPOS]	0	-166.950	345.150	0	62.950	0	0	
0	[SLAMPOS]	0	-166.680	345.270	0	62.940	0	0	
0	[SLAMPOS]	0	-166.070	345.570	0	62.950	0	0	
0	[SLAMPOS]	0	-165.400	345.880	0	62.960	0	0	
0	[SLAMPOS]	0	-165.150	346.010	0	62.960	0	0	
0	[SLAMPOS]	0	-164.410	346.370	0	62.960	0	0	
0	[SLAMPOS]	0	-164.250	346.450	0	62.970	0	0	
0	[SLAMPOS]	0	-163.530	346.790	0	62.990	0	0	
0	[SLAMPOS]	0	-162.860	347.110	0	63.000	0	0	
0	[SLAMPOS]	0	-162.660	347.210	0	63.010	0	0	
0	[SLAMPOS]	0	-161.970	347.540	0	63.010	0	0	
0	[SLAMPOS]	0	-161.360	347.840	0	63.010	0	0	
0	[SLAMPOS]	0	-161.100	347.960	0	63.010	0	0	
0	[SLAMPOS]	0	-160.080	348.460	0	63.040	0	0	
0	[SLAMPOS]	0	-159.790	348.590	0	63.040	0	0	
0	[SLAMPOS]	0	-159.200	348.890	0	63.040	0	0	
0	[SLAMPOS]	0	-158.520	349.220	0	63.040	0	0	
0	[SLAMPOS]	0	-158.250	349.340	0	63.040	0	0	
0	[SLAMPOS]	0	-157.600	349.660	0	63.040	0	0	
0	[SLAMPOS]	0	-156.980	349.960	0	63.050	0	0	
0	[SLAMPOS]	0	-156.800	350.060	0	63.040	0	0	
0	[SLAMPOS]	0	-156.130	350.370	0	63.030	0	0	
0	[SLAMPOS]	0	-155.950	350.470	0	63.020	0	0	
0	[SLAMPOS]	0	-155.260	350.790	0	63.010	0	0	
0	[SLAMPOS]	0	-154.680	351.080	0	63.000	0	0	
0	[SLAMPOS]	0	-154.070	351.360	0	63.000	0	0	
0	[SLAMPOS]	0	-153.510	351.640	0	62.990	0	0	
0	[SLAMPOS]	0	-152.840	351.960	0	62.970	0	0	
0	[SLAMPOS]	0	-152.670	352.050	0	62.960	0	0	
0	[SLAMPOS]	0	-152.000	352.370	0	62.940	0	0	
0	[SLAMPOS]	0	-151.830	352.450	0	62.930	0	0	
0	[SLAMPOS]	0	-151.170	352.770	0	62.910	0	0	
0	[SLAMPOS]	0	-150.500	353.090	0	62.890	0	0	
0	[SLAMPOS]	0	-150.340	353.170	0	62.880	0	0	
0	[SLAMPOS]	0	-149.690	353.490	0	62.850	0	0	
0	[SLAMPOS]	0	-149.120	353.770	0	62.830	0	0	
0	[SLAMPOS]	0	-148.850	353.900	0	62.810	0	0	
0	[SLAMPOS]	0	-148.160	354.240	0	62.780	0	0	
0	[SLAMPOS]	0	-147.620	354.510	0	62.750	0	0	
0	[SLAMPOS]	0	-147.370	354.620	0	62.750	0	0	
0	[SLAMPOS]	0	-146.390	355.110	0	62.700	0	0	
0	[SLAMPOS]	0	-146.120	355.240	0	62.690	0	0	
0	[SLAMPOS]	0	-145.530	355.540	0	62.650	0	0	
0	[SLAMPOS]	0	-144.970	355.810	0	62.620	0	0	
0	[SLAMPOS]	0	-144.770	355.910	0	62.610	0	0	
0	[SLAMPOS]	0	-144.140	356.220	0	62.590	0	0	
0	[SLAMPOS]	0	-143.510	356.520	0	62.570	0	0	
0	[SLAMPOS]	0	-143.280	356.650	0	62.550	0	0	
0	[SLAMPOS]	0	-142.680	356.940	0	62.520	0	0	
0	[SLAMPOS]	0	-142.500	357.030	0	62.510	0	0	
0	[SLAMPOS]	0	-141.890	357.320	0	62.490	0	0	
0	[SLAMPOS]	0	-141.350	357.600	0	62.470	0	0	
0	[SLAMPOS]	0	-141.090	357.720	0	62.470	0	0	
0	[SLAMPOS]	0	-140.200	358.170	0	62.420	0	0	
0	[SLAMPOS]	0	-139.980	358.270	0	62.400	0	0	
0	[SLAMPOS]	0	-139.710	358.410	0	62.390	0	0	
0	[SLAMPOS]	0	-138.840	358.840	0	62.340	0	0	
0	[SLAMPOS]	0	-138.600	358.960	0	62.340	0	0	
0	[SLAMPOS]	0	-138.070	359.230	0	62.320	0	0	
0	[SLAMPOS]	0	-137.470	359.530	0	62.290	0	0	
0	[SLAMPOS]	0	-137.310	359.610	0	62.270	0	0	
0	[SLAMPOS]	0	-136.700	359.900	0	62.240	0	0	
0	[SLAMPOS]	0	-136.090	360.210	0	62.200	0	0	
0	[SLAMPOS]	0	-135.950	360.290	0	62.180	0	0	
0	[SLAMPOS]	0	-135.380	360.570	0	62.130	0	0	
0	[SLAMPOS]	0	-134.840	360.850	0	62.040	0	0	
0	[SLAMPOS]	0	-134.620	360.950	0	62.020	0	0	
0	[SLAMPOS]	0	-133.720	361.410	0	61.910	0	0	
0	[SLAMPOS]	0	-133.530	361.510	0	61.890	0	0	
0	[SLAMPOS]	0	-133.020	361.780	0	61.790	0	0	
0	[SLAMPOS]	0	-132.430	362.080	0	61.710	0	0	
0	[SLAMPOS]	0	-132.170	362.210	0	61.700	0	0	
0	[SLAMPOS]	0	-131.650	362.480	0	61.620	0	0	
0	[SLAMPOS]	0	-131.440	362.580	0	61.600	0	0	
0	[SLAMPOS]	0	-130.940	362.840	0	61.500	0	0	
0	[SLAMPOS]	0	-130.380	363.130	0	61.420	0	0	
0	[SLAMPOS]	0	-130.240	363.210	0	61.390	0	0	
0	[SLAMPOS]	0	-129.670	363.500	0	61.310	0	0	
0	[SLAMPOS]	0	-129.170	363.760	0	61.220	0	0	
0	[SLAMPOS]	0	-128.960	363.880	0	61.190	0	0	
0	[SLAMPOS]	0	-128.120	364.330	0	61.050	0	0	
0	[SLAMPOS]	0	-127.910	364.430	0	61.030	0	0	
0	[SLAMPOS]	0	-127.660	364.570	0	60.990	0	0	
0	[SLAMPOS]	0	-126.830	365.020	0	60.880	0	0	
0	[SLAMPOS]	0	-126.630	365.120	0	60.870	0	0	
0	[SLAMPOS]	0	-126.150	365.370	0	60.800	0	0	
0	[SLAMPOS]	0	-125.610	365.660	0	60.710	0	0	
0	[SLAMPOS]	0	-125.470	365.740	0	60.690	0	0	
0	[SLAMPOS]	0	-124.900	366.050	0	60.600	0	0	
0	[SLAMPOS]	0	-124.380	366.320	0	60.540	0	0	
0	[SLAMPOS]	0	-124.200	366.430	0	60.500	0	0	
0	[SLAMPOS]	0	-123.670	366.700	0	60.440	0	0	
0	[SLAMPOS]	0	-123.510	366.790	0	60.420	0	0	
0	[SLAMPOS]	0	-122.990	367.070	0	60.350	0	0	
0	[SLAMPOS]	0	-122.540	367.330	0	60.290	0	0	
0	[SLAMPOS]	0	-122.330	367.440	0	60.270	0	0	
0	[SLAMPOS]	0	-121.550	367.870	0	60.180	0	0	
0	[SLAMPOS]	0	-121.300	368.010	0	60.160	0	0	
0	[SLAMPOS]	0	-120.840	368.260	0	60.120	0	0	
0	[SLAMPOS]	0	-120.390	368.510	0	60.060	0	0	
0	[SLAMPOS]	0	-120.190	368.620	0	60.050	0	0	
0	[SLAMPOS]	0	-119.730	368.870	0	59.990	0	0	
0	[SLAMPOS]	0	-119.220	369.160	0	59.920	0	0	
0	[SLAMPOS]	0	-119.080	369.240	0	59.900	0	0	
0	[SLAMPOS]	0	-118.520	369.540	0	59.830	0	0	
0	[SLAMPOS]	0	-117.950	369.860	0	59.770	0	0	
0	[SLAMPOS]	0	-117.870	369.900	0	59.760	0	0	
0	[SLAMPOS]	0	-117.360	370.180	0	59.690	0	0	
0	[SLAMPOS]	0	-116.910	370.440	0	59.640	0	0	
0	[SLAMPOS]	0	-116.710	370.550	0	59.610	0	0	
0	[SLAMPOS]	0	-115.960	370.980	0	59.520	0	0	
0	[SLAMPOS]	0	-115.750	371.090	0	59.500	0	0	
0	[SLAMPOS]	0	-115.320	371.340	0	59.450	0	0	
0	[SLAMPOS]	0	-114.820	371.620	0	59.410	0	0	
0	[SLAMPOS]	0	-114.690	371.700	0	59.390	0	0	
0	[SLAMPOS]	0	-114.190	371.990	0	59.340	0	0	
0	[SLAMPOS]	0	-114.050	372.070	0	59.320	0	0	
0	[SLAMPOS]	0	-113.540	372.360	0	59.250	0	0	
0	[SLAMPOS]	0	-113.100	372.610	0	59.200	0	0	
0	[SLAMPOS]	0	-112.900	372.720	0	59.200	0	0	
0	[SLAMPOS]	0	-112.390	373.010	0	59.170	0	0	
0	[SLAMPOS]	0	-111.940	373.270	0	59.140	0	0	
0	[SLAMPOS]	0	-111.420	373.560	0	59.080	0	0	
0	[SLAMPOS]	0	-110.990	373.820	0	59.070	0	0	
0	[SLAMPOS]	0	-110.480	374.110	0	59.070	0	0	
0	[SLAMPOS]	0	-110.360	374.180	0	59.070	0	0	
0	[SLAMPOS]	0	-109.870	374.460	0	59.060	0	0	
0	[SLAMPOS]	0	-109.730	374.540	0	59.060	0	0	
0	[SLAMPOS]	0	-109.230	374.820	0	59.050	0	0	
0	[SLAMPOS]	0	-108.800	375.070	0	59.060	0	0	
0	[SLAMPOS]	0	-108.590	375.180	0	59.050	0	0	
0	[SLAMPOS]	0	-108.050	375.490	0	59.030	0	0	
0	[SLAMPOS]	0	-107.630	375.740	0	59.030	0	0	
0	[SLAMPOS]	0	-107.420	375.850	0	59.030	0	0	
0	[SLAMPOS]	0	-106.660	376.280	0	59.030	0	0	
0	[SLAMPOS]	0	-106.470	376.390	0	59.030	0	0	
0	[SLAMPOS]	0	-106.030	376.650	0	59.030	0	0	
0	[SLAMPOS]	0	-105.530	376.940	0	59.030	0	0	
0	[SLAMPOS]	0	-105.410	377.000	0	59.030	0	0	
0	[SLAMPOS]	0	-104.890	377.300	0	59.030	0	0	
0	[SLAMPOS]	0	-104.360	377.600	0	59.010	0	0	
0	[SLAMPOS]	0	-104.230	377.680	0	59.010	0	0	
0	[SLAMPOS]	0	-103.740	377.960	0	59.000	0	0	
0	[SLAMPOS]	0	-103.640	378.020	0	59.000	0	0	
0	[SLAMPOS]	0	-103.140	378.300	0	58.990	0	0	
0	[SLAMPOS]	0	-102.710	378.560	0	59.000	0	0	
0	[SLAMPOS]	0	-102.510	378.670	0	59.000	0	0	
0	[SLAMPOS]	0	-101.760	379.100	0	59.020	0	0	
0	[SLAMPOS]	0	-101.560	379.210	0	59.020	0	0	
0	[SLAMPOS]	0	-101.050	379.510	0	59.030	0	0	
0	[SLAMPOS]	0	-100.600	379.770	0	59.070	0	0	
0	[SLAMPOS]	0	-100.090	380.050	0	59.090	0	0	
0	[SLAMPOS]	0	-99.950	380.130	0	59.100	0	0	
0	[SLAMPOS]	0	-99.380	380.450	0	59.110	0	0	
0	[SLAMPOS]	0	-99.180	380.570	0	59.100	0	0	
0	[SLAMPOS]	0	-98.720	380.830	0	59.120	0	0	
0	[SLAMPOS]	0	-98.190	381.130	0	59.120	0	0	
0	[SLAMPOS]	0	-98.050	381.210	0	59.130	0	0	
0	[SLAMPOS]	0	-97.550	381.490	0	59.170	0	0	
0	[SLAMPOS]	0	-97.080	381.760	0	59.200	0	0	
0	[SLAMPOS]	0	-96.880	381.870	0	59.220	0	0	
0	[SLAMPOS]	0	-96.430	382.130	0	59.250	0	0	
0	[SLAMPOS]	0	-95.920	382.420	0	59.270	0	0	
0	[SLAMPOS]	0	-95.470	382.670	0	59.290	0	0	
0	[SLAMPOS]	0	-94.960	382.960	0	59.290	0	0	
0	[SLAMPOS]	0	-94.740	383.070	0	59.280	0	0	
0	[SLAMPOS]	0	-94.300	383.320	0	59.290	0	0	
0	[SLAMPOS]	0	-93.790	383.610	0	59.320	0	0	
0	[SLAMPOS]	0	-93.670	383.680	0	59.330	0	0	
0	[SLAMPOS]	0	-93.160	383.970	0	59.310	0	0	
0	[SLAMPOS]	0	-93.030	384.050	0	59.340	0	0	
0	[SLAMPOS]	0	-92.530	384.330	0	59.340	0	0	
0	[SLAMPOS]	0	-92.070	384.590	0	59.430	0	0	
0	[SLAMPOS]	0	-91.890	384.690	0	59.490	0	0	
0	[SLAMPOS]	0	-91.140	385.120	0	59.630	0	0	
0	[SLAMPOS]	0	-90.940	385.220	0	59.650	0	0	
0	[SLAMPOS]	0	-90.490	385.470	0	59.700	0	0	
0	[SLAMPOS]	0	-89.990	385.740	0	59.760	0	0	
0	[SLAMPOS]	0	-89.780	385.850	0	59.790	0	0	
0	[SLAMPOS]	0	-89.330	386.100	0	59.860	0	0	
0	[SLAMPOS]	0	-88.820	386.370	0	59.920	0	0	
0	[SLAMPOS]	0	-88.630	386.480	0	59.940	0	0	
0	[SLAMPOS]	0	-88.090	386.780	0	59.980	0	0	
0	[SLAMPOS]	0	-87.560	387.070	0	60.040	0	0	
0	[SLAMPOS]	0	-87.430	387.140	0	60.040	0	0	
0	[SLAMPOS]	0	-86.950	387.410	0	60.060	0	0	
0	[SLAMPOS]	0	-86.550	387.630	0	60.080	0	0	
0	[SLAMPOS]	0	-86.390	387.720	0	60.070	0	0	
0	[SLAMPOS]	0	-85.790	388.040	0	60.090	0	0	
0	[SLAMPOS]	0	-85.310	388.310	0	60.100	0	0	
