0	[SLAMPOS]	0	358.960	226.100	0	312.170	0	0	
0	[SLAMPOS]	0	358.900	226.150	0	312.180	0	0	
0	[SLAMPOS]	0	358.690	226.350	0	312.200	0	0	
0	[SLAMPOS]	0	358.640	226.400	0	312.200	0	0	
0	[SLAMPOS]	0	358.520	226.530	0	312.210	0	0	
0	[SLAMPOS]	0	358.380	226.660	0	312.190	0	0	
0	[SLAMPOS]	0	358.330	226.720	0	312.180	0	0	
0	[SLAMPOS]	0	358.210	226.840	0	312.190	0	0	
0	[SLAMPOS]	0	358.070	226.990	0	312.170	0	0	
0	[SLAMPOS]	0	358.030	227.030	0	312.170	0	0	
0	[SLAMPOS]	0	357.880	227.150	0	312.170	0	0	
0	[SLAMPOS]	0	357.840	227.190	0	312.180	0	0	
0	[SLAMPOS]	0	357.670	227.340	0	312.170	0	0	
0	[SLAMPOS]	0	357.540	227.460	0	312.170	0	0	
0	[SLAMPOS]	0	357.470	227.510	0	312.190	0	0	
0	[SLAMPOS]	0	357.300	227.660	0	312.230	0	0	
0	[SLAMPOS]	0	357.150	227.800	0	312.250	0	0	
0	[SLAMPOS]	0	357.080	227.860	0	312.260	0	0	
0	[SLAMPOS]	0	356.820	228.090	0	312.250	0	0	
0	[SLAMPOS]	0	356.740	228.160	0	312.260	0	0	
0	[SLAMPOS]	0	356.600	228.300	0	312.320	0	0	
0	[SLAMPOS]	0	356.420	228.470	0	312.340	0	0	
0	[SLAMPOS]	0	356.370	228.520	0	312.340	0	0	
0	[SLAMPOS]	0	356.200	228.680	0	312.350	0	0	
0	[SLAMPOS]	0	356.040	228.830	0	312.360	0	0	
0	[SLAMPOS]	0	355.960	228.900	0	312.370	0	0	
0	[SLAMPOS]	0	355.690	229.160	0	312.400	0	0	
0	[SLAMPOS]	0	355.610	229.230	0	312.390	0	0	
0	[SLAMPOS]	0	355.530	229.310	0	312.400	0	0	
0	[SLAMPOS]	0	355.250	229.590	0	312.430	0	0	
0	[SLAMPOS]	0	355.170	229.660	0	312.410	0	0	
0	[SLAMPOS]	0	354.990	229.830	0	312.420	0	0	
0	[SLAMPOS]	0	354.770	230.040	0	312.410	0	0	
0	[SLAMPOS]	0	354.720	230.090	0	312.410	0	0	
0	[SLAMPOS]	0	354.510	230.300	0	312.410	0	0	
0	[SLAMPOS]	0	354.290	230.510	0	312.420	0	0	
0	[SLAMPOS]	0	354.230	230.560	0	312.420	0	0	
0	[SLAMPOS]	0	353.990	230.770	0	312.410	0	0	
0	[SLAMPOS]	0	353.930	230.810	0	312.410	0	0	
0	[SLAMPOS]	0	353.680	231.060	0	312.440	0	0	
0	[SLAMPOS]	0	353.490	231.240	0	312.430	0	0	
0	[SLAMPOS]	0	353.390	231.330	0	312.430	0	0	
0	[SLAMPOS]	0	353.040	231.660	0	312.440	0	0	
0	[SLAMPOS]	0	352.940	231.750	0	312.450	0	0	
0	[SLAMPOS]	0	352.830	231.850	0	312.440	0	0	
0	[SLAMPOS]	0	352.460	232.200	0	312.440	0	0	
0	[SLAMPOS]	0	352.360	232.290	0	312.450	0	0	
0	[SLAMPOS]	0	352.130	232.510	0	312.450	0	0	
0	[SLAMPOS]	0	351.880	232.750	0	312.500	0	0	
0	[SLAMPOS]	0	351.810	232.820	0	312.500	0	0	
0	[SLAMPOS]	0	351.540	233.070	0	312.470	0	0	
0	[SLAMPOS]	0	351.480	233.130	0	312.480	0	0	
0	[SLAMPOS]	0	351.220	233.380	0	312.480	0	0	
0	[SLAMPOS]	0	350.810	233.760	0	312.470	0	0	
0	[SLAMPOS]	0	350.700	233.860	0	312.480	0	0	
0	[SLAMPOS]	0	350.590	233.960	0	312.480	0	0	
0	[SLAMPOS]	0	350.170	234.360	0	312.490	0	0	
0	[SLAMPOS]	0	350.050	234.480	0	312.480	0	0	
0	[SLAMPOS]	0	349.800	234.710	0	312.460	0	0	
0	[SLAMPOS]	0	349.470	235.010	0	312.460	0	0	
0	[SLAMPOS]	0	349.390	235.080	0	312.440	0	0	
0	[SLAMPOS]	0	349.080	235.370	0	312.440	0	0	
0	[SLAMPOS]	0	348.750	235.660	0	312.330	0	0	
0	[SLAMPOS]	0	348.670	235.730	0	312.310	0	0	
0	[SLAMPOS]	0	348.350	236.010	0	312.230	0	0	
0	[SLAMPOS]	0	348.260	236.100	0	312.200	0	0	
0	[SLAMPOS]	0	347.950	236.400	0	312.120	0	0	
0	[SLAMPOS]	0	347.650	236.670	0	312.040	0	0	
0	[SLAMPOS]	0	347.540	236.790	0	312.020	0	0	
0	[SLAMPOS]	0	347.060	237.250	0	311.910	0	0	
0	[SLAMPOS]	0	346.930	237.380	0	311.880	0	0	
0	[SLAMPOS]	0	346.640	237.650	0	311.810	0	0	
0	[SLAMPOS]	0	346.280	237.980	0	311.740	0	0	
0	[SLAMPOS]	0	346.150	238.100	0	311.720	0	0	
0	[SLAMPOS]	0	345.850	238.380	0	311.660	0	0	
0	[SLAMPOS]	0	345.480	238.710	0	311.600	0	0	
0	[SLAMPOS]	0	345.390	238.800	0	311.580	0	0	
0	[SLAMPOS]	0	345.010	239.140	0	311.520	0	0	
0	[SLAMPOS]	0	344.920	239.220	0	311.520	0	0	
0	[SLAMPOS]	0	344.550	239.560	0	311.460	0	0	
0	[SLAMPOS]	0	344.230	239.850	0	311.460	0	0	
0	[SLAMPOS]	0	344.080	239.990	0	311.460	0	0	
0	[SLAMPOS]	0	343.700	240.340	0	311.430	0	0	
0	[SLAMPOS]	0	343.160	240.840	0	311.390	0	0	
0	[SLAMPOS]	0	343.020	240.970	0	311.370	0	0	
0	[SLAMPOS]	0	342.690	241.270	0	311.350	0	0	
0	[SLAMPOS]	0	342.290	241.630	0	311.320	0	0	
0	[SLAMPOS]	0	342.180	241.730	0	311.310	0	0	
0	[SLAMPOS]	0	341.790	242.080	0	311.290	0	0	
0	[SLAMPOS]	0	341.690	242.170	0	311.270	0	0	
0	[SLAMPOS]	0	341.290	242.540	0	311.250	0	0	
0	[SLAMPOS]	0	340.880	242.900	0	311.200	0	0	
0	[SLAMPOS]	0	340.780	242.990	0	311.190	0	0	
0	[SLAMPOS]	0	340.360	243.360	0	311.140	0	0	
0	[SLAMPOS]	0	339.990	243.670	0	311.070	0	0	
0	[SLAMPOS]	0	339.840	243.820	0	311.090	0	0	
0	[SLAMPOS]	0	339.210	244.380	0	311.000	0	0	
0	[SLAMPOS]	0	339.040	244.540	0	311.000	0	0	
0	[SLAMPOS]	0	338.680	244.870	0	310.970	0	0	
0	[SLAMPOS]	0	338.270	245.240	0	310.900	0	0	
0	[SLAMPOS]	0	338.100	245.390	0	310.860	0	0	
0	[SLAMPOS]	0	337.730	245.730	0	310.860	0	0	
0	[SLAMPOS]	0	337.290	246.120	0	310.810	0	0	
0	[SLAMPOS]	0	337.200	246.200	0	310.810	0	0	
0	[SLAMPOS]	0	336.720	246.630	0	310.770	0	0	
0	[SLAMPOS]	0	336.630	246.710	0	310.760	0	0	
0	[SLAMPOS]	0	336.170	247.110	0	310.710	0	0	
0	[SLAMPOS]	0	335.780	247.460	0	310.720	0	0	
0	[SLAMPOS]	0	335.620	247.600	0	310.720	0	0	
0	[SLAMPOS]	0	335.180	248.000	0	310.730	0	0	
0	[SLAMPOS]	0	334.780	248.350	0	310.710	0	0	
0	[SLAMPOS]	0	334.620	248.500	0	310.710	0	0	
0	[SLAMPOS]	0	333.920	249.120	0	310.690	0	0	
0	[SLAMPOS]	0	333.750	249.260	0	310.680	0	0	
0	[SLAMPOS]	0	333.350	249.620	0	310.680	0	0	
0	[SLAMPOS]	0	332.910	250.020	0	310.680	0	0	
0	[SLAMPOS]	0	332.780	250.130	0	310.690	0	0	
0	[SLAMPOS]	0	332.320	250.560	0	310.700	0	0	
0	[SLAMPOS]	0	331.880	250.980	0	310.710	0	0	
0	[SLAMPOS]	0	331.750	251.090	0	310.720	0	0	
0	[SLAMPOS]	0	331.300	251.500	0	310.730	0	0	
0	[SLAMPOS]	0	330.890	251.860	0	310.750	0	0	
0	[SLAMPOS]	0	330.700	252.050	0	310.770	0	0	
0	[SLAMPOS]	0	330.000	252.670	0	310.820	0	0	
0	[SLAMPOS]	0	329.820	252.830	0	310.820	0	0	
0	[SLAMPOS]	0	329.410	253.200	0	310.830	0	0	
0	[SLAMPOS]	0	328.920	253.640	0	310.880	0	0	
0	[SLAMPOS]	0	328.790	253.760	0	310.890	0	0	
0	[SLAMPOS]	0	328.310	254.190	0	310.940	0	0	
0	[SLAMPOS]	0	327.830	254.630	0	310.970	0	0	
0	[SLAMPOS]	0	327.690	254.740	0	310.990	0	0	
0	[SLAMPOS]	0	327.210	255.170	0	311.010	0	0	
0	[SLAMPOS]	0	327.070	255.300	0	311.020	0	0	
0	[SLAMPOS]	0	326.580	255.720	0	311.040	0	0	
0	[SLAMPOS]	0	326.140	256.110	0	311.050	0	0	
0	[SLAMPOS]	0	325.960	256.280	0	311.060	0	0	
0	[SLAMPOS]	0	325.220	256.950	0	311.100	0	0	
0	[SLAMPOS]	0	325.020	257.130	0	311.110	0	0	
0	[SLAMPOS]	0	324.590	257.510	0	311.110	0	0	
0	[SLAMPOS]	0	324.070	258.000	0	311.120	0	0	
0	[SLAMPOS]	0	323.590	258.440	0	311.130	0	0	
0	[SLAMPOS]	0	323.450	258.560	0	311.130	0	0	
0	[SLAMPOS]	0	322.940	259.030	0	311.140	0	0	
0	[SLAMPOS]	0	322.810	259.150	0	311.150	0	0	
0	[SLAMPOS]	0	322.290	259.610	0	311.140	0	0	
0	[SLAMPOS]	0	321.840	260.020	0	311.150	0	0	
0	[SLAMPOS]	0	321.640	260.220	0	311.160	0	0	
0	[SLAMPOS]	0	320.880	260.910	0	311.200	0	0	
0	[SLAMPOS]	0	320.680	261.100	0	311.210	0	0	
0	[SLAMPOS]	0	320.470	261.290	0	311.190	0	0	
0	[SLAMPOS]	0	319.710	261.990	0	311.230	0	0	
0	[SLAMPOS]	0	319.510	262.180	0	311.220	0	0	
0	[SLAMPOS]	0	319.020	262.630	0	311.240	0	0	
0	[SLAMPOS]	0	318.550	263.080	0	311.260	0	0	
0	[SLAMPOS]	0	318.410	263.200	0	311.260	0	0	
0	[SLAMPOS]	0	317.880	263.670	0	311.250	0	0	
0	[SLAMPOS]	0	317.740	263.800	0	311.260	0	0	
0	[SLAMPOS]	0	317.220	264.290	0	311.280	0	0	
0	[SLAMPOS]	0	316.760	264.690	0	311.280	0	0	
0	[SLAMPOS]	0	316.560	264.870	0	311.280	0	0	
0	[SLAMPOS]	0	316.030	265.340	0	311.300	0	0	
0	[SLAMPOS]	0	315.580	265.750	0	311.300	0	0	
0	[SLAMPOS]	0	315.360	265.960	0	311.310	0	0	
0	[SLAMPOS]	0	314.600	266.640	0	311.280	0	0	
0	[SLAMPOS]	0	314.390	266.840	0	311.260	0	0	
0	[SLAMPOS]	0	313.940	267.240	0	311.240	0	0	
0	[SLAMPOS]	0	313.420	267.710	0	311.200	0	0	
0	[SLAMPOS]	0	313.290	267.830	0	311.200	0	0	
0	[SLAMPOS]	0	312.840	268.250	0	311.210	0	0	
0	[SLAMPOS]	0	312.270	268.770	0	311.170	0	0	
0	[SLAMPOS]	0	312.120	268.900	0	311.170	0	0	
0	[SLAMPOS]	0	311.600	269.380	0	311.160	0	0	
0	[SLAMPOS]	0	311.140	269.800	0	311.140	0	0	
0	[SLAMPOS]	0	310.930	269.980	0	311.130	0	0	
0	[SLAMPOS]	0	310.150	270.680	0	311.100	0	0	
0	[SLAMPOS]	0	309.960	270.860	0	311.090	0	0	
0	[SLAMPOS]	0	309.490	271.280	0	311.080	0	0	
0	[SLAMPOS]	0	308.990	271.740	0	311.060	0	0	
0	[SLAMPOS]	0	308.850	271.860	0	311.060	0	0	
0	[SLAMPOS]	0	308.330	272.320	0	311.030	0	0	
0	[SLAMPOS]	0	307.810	272.790	0	311.010	0	0	
0	[SLAMPOS]	0	307.670	272.910	0	311.010	0	0	
0	[SLAMPOS]	0	307.140	273.410	0	310.980	0	0	
0	[SLAMPOS]	0	307.020	273.510	0	310.980	0	0	
0	[SLAMPOS]	0	306.500	273.970	0	310.960	0	0	
0	[SLAMPOS]	0	306.050	274.380	0	310.950	0	0	
0	[SLAMPOS]	0	305.860	274.570	0	310.970	0	0	
0	[SLAMPOS]	0	305.290	275.070	0	310.950	0	0	
0	[SLAMPOS]	0	304.880	275.440	0	310.950	0	0	
0	[SLAMPOS]	0	304.710	275.630	0	310.980	0	0	
0	[SLAMPOS]	0	303.970	276.320	0	310.970	0	0	
0	[SLAMPOS]	0	303.790	276.500	0	310.980	0	0	
0	[SLAMPOS]	0	303.370	276.880	0	310.980	0	0	
0	[SLAMPOS]	0	302.830	277.370	0	310.990	0	0	
0	[SLAMPOS]	0	302.680	277.500	0	311.010	0	0	
0	[SLAMPOS]	0	302.180	277.970	0	311.040	0	0	
0	[SLAMPOS]	0	301.730	278.370	0	311.080	0	0	
0	[SLAMPOS]	0	301.550	278.540	0	311.100	0	0	
0	[SLAMPOS]	0	300.800	279.220	0	311.160	0	0	
0	[SLAMPOS]	0	300.600	279.400	0	311.160	0	0	
0	[SLAMPOS]	0	300.350	279.640	0	311.190	0	0	
0	[SLAMPOS]	0	299.620	280.310	0	311.240	0	0	
0	[SLAMPOS]	0	299.410	280.490	0	311.250	0	0	
0	[SLAMPOS]	0	298.970	280.890	0	311.300	0	0	
0	[SLAMPOS]	0	298.460	281.360	0	311.330	0	0	
0	[SLAMPOS]	0	298.320	281.480	0	311.340	0	0	
0	[SLAMPOS]	0	297.800	281.950	0	311.370	0	0	
0	[SLAMPOS]	0	297.670	282.070	0	311.380	0	0	
0	[SLAMPOS]	0	297.160	282.540	0	311.430	0	0	
0	[SLAMPOS]	0	296.660	283.010	0	311.470	0	0	
0	[SLAMPOS]	0	296.510	283.140	0	311.480	0	0	
0	[SLAMPOS]	0	296.030	283.590	0	311.510	0	0	
0	[SLAMPOS]	0	295.580	284.000	0	311.550	0	0	
0	[SLAMPOS]	0	295.400	284.180	0	311.570	0	0	
0	[SLAMPOS]	0	294.670	284.860	0	311.610	0	0	
0	[SLAMPOS]	0	294.480	285.050	0	311.640	0	0	
0	[SLAMPOS]	0	294.040	285.460	0	311.680	0	0	
0	[SLAMPOS]	0	293.540	285.930	0	311.700	0	0	
0	[SLAMPOS]	0	293.350	286.110	0	311.720	0	0	
0	[SLAMPOS]	0	292.900	286.510	0	311.740	0	0	
0	[SLAMPOS]	0	292.390	286.980	0	311.790	0	0	
0	[SLAMPOS]	0	292.260	287.090	0	311.790	0	0	
0	[SLAMPOS]	0	291.750	287.570	0	311.830	0	0	
0	[SLAMPOS]	0	291.310	287.960	0	311.830	0	0	
0	[SLAMPOS]	0	291.120	288.150	0	311.850	0	0	
0	[SLAMPOS]	0	290.380	288.830	0	311.830	0	0	
0	[SLAMPOS]	0	290.190	289.010	0	311.820	0	0	
0	[SLAMPOS]	0	289.750	289.420	0	311.820	0	0	
0	[SLAMPOS]	0	289.250	289.890	0	311.810	0	0	
0	[SLAMPOS]	0	289.060	290.070	0	311.810	0	0	
0	[SLAMPOS]	0	288.620	290.470	0	311.800	0	0	
0	[SLAMPOS]	0	288.100	290.950	0	311.790	0	0	
0	[SLAMPOS]	0	287.990	291.050	0	311.790	0	0	
0	[SLAMPOS]	0	287.500	291.520	0	311.790	0	0	
0	[SLAMPOS]	0	287.360	291.640	0	311.780	0	0	
0	[SLAMPOS]	0	286.850	292.110	0	311.780	0	0	
0	[SLAMPOS]	0	286.430	292.510	0	311.780	0	0	
0	[SLAMPOS]	0	286.240	292.690	0	311.780	0	0	
0	[SLAMPOS]	0	285.500	293.390	0	311.770	0	0	
0	[SLAMPOS]	0	285.310	293.570	0	311.770	0	0	
0	[SLAMPOS]	0	284.830	294.040	0	311.760	0	0	
0	[SLAMPOS]	0	284.380	294.440	0	311.750	0	0	
0	[SLAMPOS]	0	283.890	294.920	0	311.740	0	0	
0	[SLAMPOS]	0	283.750	295.040	0	311.730	0	0	
0	[SLAMPOS]	0	283.250	295.510	0	311.750	0	0	
0	[SLAMPOS]	0	283.110	295.630	0	311.740	0	0	
0	[SLAMPOS]	0	282.610	296.100	0	311.740	0	0	
0	[SLAMPOS]	0	282.150	296.520	0	311.720	0	0	
0	[SLAMPOS]	0	281.980	296.680	0	311.710	0	0	
0	[SLAMPOS]	0	281.230	297.360	0	311.660	0	0	
0	[SLAMPOS]	0	281.050	297.550	0	311.670	0	0	
0	[SLAMPOS]	0	280.850	297.760	0	311.680	0	0	
0	[SLAMPOS]	0	280.100	298.460	0	311.650	0	0	
0	[SLAMPOS]	0	279.890	298.640	0	311.630	0	0	
0	[SLAMPOS]	0	279.440	299.040	0	311.620	0	0	
0	[SLAMPOS]	0	278.920	299.500	0	311.630	0	0	
0	[SLAMPOS]	0	278.760	299.650	0	311.630	0	0	
0	[SLAMPOS]	0	278.280	300.090	0	311.600	0	0	
0	[SLAMPOS]	0	278.150	300.210	0	311.600	0	0	
0	[SLAMPOS]	0	277.640	300.670	0	311.570	0	0	
0	[SLAMPOS]	0	277.130	301.130	0	311.560	0	0	
0	[SLAMPOS]	0	277.000	301.250	0	311.550	0	0	
0	[SLAMPOS]	0	276.500	301.720	0	311.540	0	0	
0	[SLAMPOS]	0	275.770	302.430	0	311.530	0	0	
0	[SLAMPOS]	0	275.590	302.600	0	311.530	0	0	
0	[SLAMPOS]	0	275.140	303.000	0	311.500	0	0	
0	[SLAMPOS]	0	274.640	303.460	0	311.480	0	0	
0	[SLAMPOS]	0	274.500	303.590	0	311.470	0	0	
0	[SLAMPOS]	0	274.010	304.060	0	311.480	0	0	
0	[SLAMPOS]	0	273.900	304.150	0	311.460	0	0	
0	[SLAMPOS]	0	273.380	304.640	0	311.450	0	0	
0	[SLAMPOS]	0	272.880	305.100	0	311.400	0	0	
0	[SLAMPOS]	0	272.750	305.220	0	311.380	0	0	
0	[SLAMPOS]	0	272.230	305.680	0	311.320	0	0	
0	[SLAMPOS]	0	271.790	306.080	0	311.260	0	0	
0	[SLAMPOS]	0	271.590	306.250	0	311.240	0	0	
0	[SLAMPOS]	0	270.850	306.950	0	311.180	0	0	
0	[SLAMPOS]	0	270.660	307.130	0	311.170	0	0	
0	[SLAMPOS]	0	270.220	307.520	0	311.120	0	0	
0	[SLAMPOS]	0	269.700	307.980	0	311.050	0	0	
0	[SLAMPOS]	0	269.500	308.170	0	311.030	0	0	
0	[SLAMPOS]	0	269.070	308.540	0	311.010	0	0	
0	[SLAMPOS]	0	268.510	309.050	0	310.970	0	0	
0	[SLAMPOS]	0	268.420	309.130	0	310.960	0	0	
0	[SLAMPOS]	0	267.890	309.610	0	310.930	0	0	
0	[SLAMPOS]	0	267.460	310.000	0	310.940	0	0	
0	[SLAMPOS]	0	267.270	310.190	0	310.950	0	0	
0	[SLAMPOS]	0	266.780	310.610	0	310.950	0	0	
0	[SLAMPOS]	0	266.330	311.040	0	310.980	0	0	
0	[SLAMPOS]	0	265.890	311.440	0	310.990	0	0	
0	[SLAMPOS]	0	265.390	311.910	0	311.010	0	0	
0	[SLAMPOS]	0	265.150	312.140	0	311.020	0	0	
0	[SLAMPOS]	0	264.710	312.540	0	311.030	0	0	
0	[SLAMPOS]	0	264.210	313.010	0	311.060	0	0	
0	[SLAMPOS]	0	264.080	313.120	0	311.060	0	0	
0	[SLAMPOS]	0	263.560	313.570	0	311.070	0	0	
0	[SLAMPOS]	0	263.420	313.700	0	311.070	0	0	
0	[SLAMPOS]	0	262.910	314.170	0	311.110	0	0	
0	[SLAMPOS]	0	262.460	314.540	0	311.110	0	0	
0	[SLAMPOS]	0	262.250	314.730	0	311.120	0	0	
0	[SLAMPOS]	0	261.730	315.180	0	311.120	0	0	
0	[SLAMPOS]	0	261.280	315.580	0	311.140	0	0	
0	[SLAMPOS]	0	261.080	315.770	0	311.150	0	0	
0	[SLAMPOS]	0	260.330	316.450	0	311.160	0	0	
0	[SLAMPOS]	0	260.130	316.620	0	311.170	0	0	
0	[SLAMPOS]	0	259.690	317.040	0	311.190	0	0	
0	[SLAMPOS]	0	259.200	317.510	0	311.210	0	0	
0	[SLAMPOS]	0	259.060	317.630	0	311.200	0	0	
0	[SLAMPOS]	0	258.540	318.080	0	311.200	0	0	
0	[SLAMPOS]	0	258.400	318.210	0	311.190	0	0	
0	[SLAMPOS]	0	257.910	318.660	0	311.210	0	0	
0	[SLAMPOS]	0	257.410	319.140	0	311.210	0	0	
0	[SLAMPOS]	0	256.980	319.540	0	311.200	0	0	
0	[SLAMPOS]	0	256.790	319.740	0	311.210	0	0	
0	[SLAMPOS]	0	256.340	320.140	0	311.190	0	0	
0	[SLAMPOS]	0	255.830	320.600	0	311.160	0	0	
0	[SLAMPOS]	0	255.390	321.020	0	311.160	0	0	
0	[SLAMPOS]	0	255.190	321.210	0	311.170	0	0	
0	[SLAMPOS]	0	254.770	321.600	0	311.150	0	0	
0	[SLAMPOS]	0	254.250	322.070	0	311.140	0	0	
0	[SLAMPOS]	0	254.120	322.190	0	311.120	0	0	
0	[SLAMPOS]	0	253.610	322.670	0	311.080	0	0	
0	[SLAMPOS]	0	253.170	323.070	0	311.040	0	0	
0	[SLAMPOS]	0	252.970	323.260	0	311.040	0	0	
0	[SLAMPOS]	0	252.420	323.750	0	310.980	0	0	
0	[SLAMPOS]	0	251.970	324.150	0	310.920	0	0	
0	[SLAMPOS]	0	251.750	324.350	0	310.910	0	0	
0	[SLAMPOS]	0	250.970	325.040	0	310.840	0	0	
0	[SLAMPOS]	0	250.790	325.210	0	310.830	0	0	
0	[SLAMPOS]	0	250.340	325.570	0	310.770	0	0	
0	[SLAMPOS]	0	249.840	326.060	0	310.740	0	0	
0	[SLAMPOS]	0	249.640	326.240	0	310.720	0	0	
0	[SLAMPOS]	0	249.190	326.630	0	310.670	0	0	
0	[SLAMPOS]	0	248.700	327.100	0	310.630	0	0	
0	[SLAMPOS]	0	248.560	327.220	0	310.610	0	0	
0	[SLAMPOS]	0	248.050	327.670	0	310.550	0	0	
0	[SLAMPOS]	0	247.900	327.790	0	310.530	0	0	
0	[SLAMPOS]	0	247.380	328.270	0	310.480	0	0	
0	[SLAMPOS]	0	246.610	328.930	0	310.410	0	0	
0	[SLAMPOS]	0	246.430	329.090	0	310.390	0	0	
0	[SLAMPOS]	0	245.950	329.510	0	310.330	0	0	
0	[SLAMPOS]	0	245.750	329.700	0	310.310	0	0	
0	[SLAMPOS]	0	245.230	330.160	0	310.260	0	0	
0	[SLAMPOS]	0	244.770	330.560	0	310.210	0	0	
0	[SLAMPOS]	0	244.260	331.020	0	310.160	0	0	
0	[SLAMPOS]	0	244.120	331.140	0	310.140	0	0	
0	[SLAMPOS]	0	243.590	331.610	0	310.080	0	0	
0	[SLAMPOS]	0	243.460	331.720	0	310.060	0	0	
0	[SLAMPOS]	0	242.950	332.180	0	310.010	0	0	
0	[SLAMPOS]	0	242.490	332.580	0	309.960	0	0	
0	[SLAMPOS]	0	242.310	332.750	0	309.950	0	0	
0	[SLAMPOS]	0	241.530	333.420	0	309.830	0	0	
0	[SLAMPOS]	0	241.330	333.610	0	309.810	0	0	
0	[SLAMPOS]	0	241.130	333.780	0	309.800	0	0	
0	[SLAMPOS]	0	240.360	334.450	0	309.720	0	0	
0	[SLAMPOS]	0	240.150	334.640	0	309.700	0	0	
0	[SLAMPOS]	0	239.690	335.020	0	309.620	0	0	
0	[SLAMPOS]	0	239.150	335.480	0	309.570	0	0	
0	[SLAMPOS]	0	239.010	335.600	0	309.550	0	0	
0	[SLAMPOS]	0	238.480	336.040	0	309.500	0	0	
0	[SLAMPOS]	0	238.020	336.430	0	309.420	0	0	
0	[SLAMPOS]	0	237.810	336.600	0	309.400	0	0	
0	[SLAMPOS]	0	237.030	337.280	0	309.320	0	0	
0	[SLAMPOS]	0	236.840	337.440	0	309.290	0	0	
0	[SLAMPOS]	0	236.380	337.840	0	309.230	0	0	
0	[SLAMPOS]	0	235.860	338.280	0	309.170	0	0	
0	[SLAMPOS]	0	235.630	338.490	0	309.150	0	0	
0	[SLAMPOS]	0	235.160	338.880	0	309.080	0	0	
0	[SLAMPOS]	0	234.660	339.300	0	309.030	0	0	
0	[SLAMPOS]	0	234.500	339.440	0	309.000	0	0	
0	[SLAMPOS]	0	233.970	339.880	0	308.930	0	0	
0	[SLAMPOS]	0	233.820	340.000	0	308.900	0	0	
0	[SLAMPOS]	0	233.300	340.450	0	308.840	0	0	
0	[SLAMPOS]	0	232.850	340.820	0	308.770	0	0	
0	[SLAMPOS]	0	232.320	341.260	0	308.690	0	0	
0	[SLAMPOS]	0	231.840	341.650	0	308.610	0	0	
0	[SLAMPOS]	0	231.630	341.830	0	308.590	0	0	
0	[SLAMPOS]	0	231.100	342.270	0	308.510	0	0	
0	[SLAMPOS]	0	230.630	342.660	0	308.440	0	0	
0	[SLAMPOS]	0	230.430	342.830	0	308.410	0	0	
0	[SLAMPOS]	0	229.950	343.230	0	308.350	0	0	
0	[SLAMPOS]	0	229.410	343.680	0	308.280	0	0	
0	[SLAMPOS]	0	229.260	343.800	0	308.250	0	0	
0	[SLAMPOS]	0	228.740	344.250	0	308.200	0	0	
0	[SLAMPOS]	0	228.260	344.620	0	308.120	0	0	
0	[SLAMPOS]	0	228.050	344.800	0	308.100	0	0	
0	[SLAMPOS]	0	227.530	345.230	0	308.030	0	0	
0	[SLAMPOS]	0	227.040	345.620	0	307.950	0	0	
0	[SLAMPOS]	0	226.840	345.780	0	307.940	0	0	
0	[SLAMPOS]	0	226.050	346.410	0	307.810	0	0	
0	[SLAMPOS]	0	225.850	346.570	0	307.790	0	0	
0	[SLAMPOS]	0	225.360	346.960	0	307.720	0	0	
0	[SLAMPOS]	0	224.810	347.410	0	307.630	0	0	
0	[SLAMPOS]	0	224.670	347.520	0	307.600	0	0	
0	[SLAMPOS]	0	224.150	347.960	0	307.530	0	0	
0	[SLAMPOS]	0	223.990	348.080	0	307.500	0	0	
0	[SLAMPOS]	0	223.450	348.510	0	307.420	0	0	
0	[SLAMPOS]	0	222.890	348.960	0	307.340	0	0	
0	[SLAMPOS]	0	222.420	349.320	0	307.270	0	0	
0	[SLAMPOS]	0	222.210	349.490	0	307.240	0	0	
0	[SLAMPOS]	0	221.400	350.130	0	307.170	0	0	
0	[SLAMPOS]	0	221.180	350.310	0	307.150	0	0	
0	[SLAMPOS]	0	220.700	350.690	0	307.100	0	0	
0	[SLAMPOS]	0	220.180	351.110	0	307.060	0	0	
0	[SLAMPOS]	0	220.030	351.230	0	307.050	0	0	
0	[SLAMPOS]	0	219.480	351.650	0	307.000	0	0	
0	[SLAMPOS]	0	219.330	351.770	0	306.980	0	0	
0	[SLAMPOS]	0	218.780	352.220	0	306.950	0	0	
0	[SLAMPOS]	0	218.250	352.630	0	306.900	0	0	
0	[SLAMPOS]	0	218.090	352.750	0	306.890	0	0	
0	[SLAMPOS]	0	217.540	353.190	0	306.860	0	0	
0	[SLAMPOS]	0	217.060	353.570	0	306.830	0	0	
0	[SLAMPOS]	0	216.810	353.770	0	306.810	0	0	
0	[SLAMPOS]	0	215.980	354.400	0	306.730	0	0	
0	[SLAMPOS]	0	215.780	354.570	0	306.730	0	0	
0	[SLAMPOS]	0	215.580	354.730	0	306.730	0	0	
0	[SLAMPOS]	0	214.750	355.360	0	306.640	0	0	
0	[SLAMPOS]	0	214.530	355.530	0	306.640	0	0	
0	[SLAMPOS]	0	214.050	355.900	0	306.590	0	0	
0	[SLAMPOS]	0	213.520	356.320	0	306.570	0	0	
0	[SLAMPOS]	0	213.370	356.430	0	306.540	0	0	
0	[SLAMPOS]	0	212.830	356.850	0	306.500	0	0	
0	[SLAMPOS]	0	212.670	356.970	0	306.480	0	0	
0	[SLAMPOS]	0	212.140	357.380	0	306.440	0	0	
0	[SLAMPOS]	0	211.310	358.010	0	306.370	0	0	
0	[SLAMPOS]	0	211.090	358.190	0	306.360	0	0	
0	[SLAMPOS]	0	210.620	358.550	0	306.310	0	0	
0	[SLAMPOS]	0	210.040	358.990	0	306.260	0	0	
0	[SLAMPOS]	0	209.840	359.150	0	306.260	0	0	
0	[SLAMPOS]	0	209.360	359.500	0	306.200	0	0	
0	[SLAMPOS]	0	208.820	359.920	0	306.160	0	0	
0	[SLAMPOS]	0	208.680	360.020	0	306.140	0	0	
0	[SLAMPOS]	0	208.200	360.390	0	306.100	0	0	
0	[SLAMPOS]	0	207.590	360.850	0	306.050	0	0	
0	[SLAMPOS]	0	207.450	360.970	0	306.060	0	0	
0	[SLAMPOS]	0	206.970	361.340	0	306.010	0	0	
0	[SLAMPOS]	0	206.700	361.540	0	305.970	0	0	
0	[SLAMPOS]	0	205.880	362.170	0	305.880	0	0	
0	[SLAMPOS]	0	205.660	362.330	0	305.880	0	0	
0	[SLAMPOS]	0	205.180	362.700	0	305.830	0	0	
0	[SLAMPOS]	0	204.630	363.120	0	305.780	0	0	
0	[SLAMPOS]	0	204.410	363.290	0	305.770	0	0	
0	[SLAMPOS]	0	203.890	363.660	0	305.710	0	0	
0	[SLAMPOS]	0	203.350	364.070	0	305.650	0	0	
0	[SLAMPOS]	0	203.190	364.180	0	305.630	0	0	
0	[SLAMPOS]	0	202.620	364.610	0	305.590	0	0	
0	[SLAMPOS]	0	202.130	364.970	0	305.520	0	0	
0	[SLAMPOS]	0	201.930	365.130	0	305.510	0	0	
0	[SLAMPOS]	0	201.080	365.770	0	305.430	0	0	
0	[SLAMPOS]	0	200.860	365.940	0	305.420	0	0	
0	[SLAMPOS]	0	200.370	366.290	0	305.370	0	0	
0	[SLAMPOS]	0	199.790	366.720	0	305.320	0	0	
0	[SLAMPOS]	0	199.580	366.870	0	305.310	0	0	
0	[SLAMPOS]	0	199.080	367.230	0	305.270	0	0	
0	[SLAMPOS]	0	198.500	367.650	0	305.250	0	0	
0	[SLAMPOS]	0	198.340	367.760	0	305.230	0	0	
0	[SLAMPOS]	0	197.790	368.190	0	305.200	0	0	
0	[SLAMPOS]	0	197.620	368.310	0	305.180	0	0	
0	[SLAMPOS]	0	197.030	368.760	0	305.170	0	0	
0	[SLAMPOS]	0	196.460	369.180	0	305.130	0	0	
0	[SLAMPOS]	0	196.310	369.290	0	305.110	0	0	
0	[SLAMPOS]	0	195.740	369.720	0	305.070	0	0	
0	[SLAMPOS]	0	195.240	370.080	0	305.040	0	0	
0	[SLAMPOS]	0	195.030	370.240	0	305.030	0	0	
0	[SLAMPOS]	0	194.130	370.880	0	304.920	0	0	
0	[SLAMPOS]	0	193.910	371.050	0	304.910	0	0	
0	[SLAMPOS]	0	193.670	371.220	0	304.880	0	0	
0	[SLAMPOS]	0	192.810	371.830	0	304.770	0	0	
0	[SLAMPOS]	0	192.600	371.980	0	304.760	0	0	
0	[SLAMPOS]	0	192.100	372.360	0	304.700	0	0	
0	[SLAMPOS]	0	191.540	372.770	0	304.630	0	0	
0	[SLAMPOS]	0	191.390	372.880	0	304.600	0	0	
0	[SLAMPOS]	0	190.820	373.300	0	304.530	0	0	
0	[SLAMPOS]	0	190.310	373.660	0	304.460	0	0	
0	[SLAMPOS]	0	190.080	373.830	0	304.440	0	0	
0	[SLAMPOS]	0	189.560	374.190	0	304.370	0	0	
0	[SLAMPOS]	0	188.950	374.650	0	304.310	0	0	
0	[SLAMPOS]	0	188.760	374.790	0	304.300	0	0	
0	[SLAMPOS]	0	187.900	375.400	0	304.170	0	0	
0	[SLAMPOS]	0	187.690	375.540	0	304.140	0	0	
0	[SLAMPOS]	0	187.110	375.960	0	304.050	0	0	
0	[SLAMPOS]	0	186.560	376.340	0	303.980	0	0	
0	[SLAMPOS]	0	186.370	376.460	0	303.950	0	0	
0	[SLAMPOS]	0	185.830	376.830	0	303.910	0	0	
0	[SLAMPOS]	0	185.670	376.940	0	303.890	0	0	
0	[SLAMPOS]	0	185.080	377.360	0	303.830	0	0	
0	[SLAMPOS]	0	184.550	377.710	0	303.770	0	0	
0	[SLAMPOS]	0	184.290	377.900	0	303.770	0	0	
0	[SLAMPOS]	0	183.400	378.520	0	303.710	0	0	
0	[SLAMPOS]	0	183.190	378.660	0	303.690	0	0	
0	[SLAMPOS]	0	182.600	379.080	0	303.670	0	0	
0	[SLAMPOS]	0	182.060	379.450	0	303.620	0	0	
0	[SLAMPOS]	0	181.440	379.900	0	303.580	0	0	
0	[SLAMPOS]	0	181.300	380.000	0	303.560	0	0	
0	[SLAMPOS]	0	180.700	380.410	0	303.500	0	0	
0	[SLAMPOS]	0	180.570	380.500	0	303.480	0	0	
0	[SLAMPOS]	0	179.960	380.930	0	303.410	0	0	
0	[SLAMPOS]	0	179.410	381.300	0	303.350	0	0	
0	[SLAMPOS]	0	179.170	381.460	0	303.320	0	0	
0	[SLAMPOS]	0	178.260	382.080	0	303.220	0	0	
0	[SLAMPOS]	0	178.020	382.250	0	303.200	0	0	
0	[SLAMPOS]	0	177.500	382.610	0	303.140	0	0	
0	[SLAMPOS]	0	176.850	383.070	0	303.100	0	0	
0	[SLAMPOS]	0	176.660	383.210	0	303.080	0	0	
0	[SLAMPOS]	0	176.080	383.590	0	303.000	0	0	
0	[SLAMPOS]	0	175.490	384.010	0	302.980	0	0	
0	[SLAMPOS]	0	175.350	384.100	0	302.970	0	0	
0	[SLAMPOS]	0	174.710	384.560	0	302.930	0	0	
0	[SLAMPOS]	0	174.550	384.660	0	302.920	0	0	
0	[SLAMPOS]	0	173.940	385.080	0	302.880	0	0	
0	[SLAMPOS]	0	173.400	385.440	0	302.860	0	0	
0	[SLAMPOS]	0	173.150	385.620	0	302.850	0	0	
0	[SLAMPOS]	0	172.520	386.060	0	302.840	0	0	
0	[SLAMPOS]	0	171.610	386.670	0	302.830	0	0	
0	[SLAMPOS]	0	171.360	386.840	0	302.840	0	0	
0	[SLAMPOS]	0	170.810	387.210	0	302.840	0	0	
0	[SLAMPOS]	0	170.180	387.640	0	302.860	0	0	
0	[SLAMPOS]	0	169.990	387.770	0	302.860	0	0	
0	[SLAMPOS]	0	169.390	388.190	0	302.890	0	0	
0	[SLAMPOS]	0	169.220	388.300	0	302.900	0	0	
0	[SLAMPOS]	0	168.600	388.750	0	302.890	0	0	
0	[SLAMPOS]	0	168.060	389.100	0	302.900	0	0	
0	[SLAMPOS]	0	167.820	389.270	0	302.900	0	0	
0	[SLAMPOS]	0	167.200	389.700	0	302.940	0	0	
0	[SLAMPOS]	0	166.640	390.070	0	302.980	0	0	
0	[SLAMPOS]	0	166.380	390.240	0	303.000	0	0	
0	[SLAMPOS]	0	165.470	390.870	0	303.070	0	0	
0	[SLAMPOS]	0	165.220	391.040	0	303.090	0	0	
0	[SLAMPOS]	0	164.660	391.410	0	303.120	0	0	
0	[SLAMPOS]	0	164.020	391.860	0	303.170	0	0	
0	[SLAMPOS]	0	163.850	391.970	0	303.180	0	0	
0	[SLAMPOS]	0	163.230	392.390	0	303.220	0	0	
0	[SLAMPOS]	0	162.520	392.880	0	303.250	0	0	
0	[SLAMPOS]	0	162.410	392.950	0	303.250	0	0	
0	[SLAMPOS]	0	161.800	393.390	0	303.290	0	0	
0	[SLAMPOS]	0	161.250	393.750	0	303.280	0	0	
0	[SLAMPOS]	0	161.000	393.930	0	303.290	0	0	
0	[SLAMPOS]	0	160.050	394.580	0	303.280	0	0	
0	[SLAMPOS]	0	159.820	394.740	0	303.270	0	0	
0	[SLAMPOS]	0	159.260	395.120	0	303.250	0	0	
0	[SLAMPOS]	0	158.640	395.560	0	303.250	0	0	
0	[SLAMPOS]	0	158.480	395.670	0	303.250	0	0	
0	[SLAMPOS]	0	157.840	396.110	0	303.240	0	0	
0	[SLAMPOS]	0	157.670	396.220	0	303.230	0	0	
0	[SLAMPOS]	0	157.030	396.650	0	303.220	0	0	
0	[SLAMPOS]	0	156.400	397.090	0	303.220	0	0	
0	[SLAMPOS]	0	156.230	397.210	0	303.210	0	0	
0	[SLAMPOS]	0	155.580	397.660	0	303.200	0	0	
0	[SLAMPOS]	0	155.040	398.020	0	303.200	0	0	
0	[SLAMPOS]	0	154.820	398.170	0	303.190	0	0	
0	[SLAMPOS]	0	153.850	398.840	0	303.180	0	0	
0	[SLAMPOS]	0	153.590	399.020	0	303.190	0	0	
0	[SLAMPOS]	0	153.040	399.390	0	303.200	0	0	
0	[SLAMPOS]	0	152.430	399.810	0	303.190	0	0	
0	[SLAMPOS]	0	152.230	399.940	0	303.200	0	0	
0	[SLAMPOS]	0	151.610	400.380	0	303.200	0	0	
0	[SLAMPOS]	0	151.040	400.760	0	303.200	0	0	
0	[SLAMPOS]	0	150.780	400.950	0	303.210	0	0	
0	[SLAMPOS]	0	150.150	401.390	0	303.220	0	0	
0	[SLAMPOS]	0	149.580	401.770	0	303.210	0	0	
0	[SLAMPOS]	0	149.330	401.940	0	303.220	0	0	
0	[SLAMPOS]	0	148.370	402.600	0	303.220	0	0	
0	[SLAMPOS]	0	148.110	402.780	0	303.220	0	0	
0	[SLAMPOS]	0	147.530	403.170	0	303.220	0	0	
0	[SLAMPOS]	0	146.900	403.610	0	303.210	0	0	
0	[SLAMPOS]	0	146.640	403.790	0	303.220	0	0	
0	[SLAMPOS]	0	146.080	404.180	0	303.210	0	0	
0	[SLAMPOS]	0	145.440	404.620	0	303.200	0	0	
0	[SLAMPOS]	0	145.280	404.730	0	303.190	0	0	
0	[SLAMPOS]	0	144.660	405.160	0	303.190	0	0	
0	[SLAMPOS]	0	144.450	405.300	0	303.190	0	0	
0	[SLAMPOS]	0	143.820	405.730	0	303.180	0	0	
0	[SLAMPOS]	0	143.220	406.140	0	303.160	0	0	
0	[SLAMPOS]	0	143.010	406.290	0	303.170	0	0	
0	[SLAMPOS]	0	142.040	406.940	0	303.150	0	0	
0	[SLAMPOS]	0	141.410	407.380	0	303.150	0	0	
0	[SLAMPOS]	0	141.260	407.480	0	303.140	0	0	
0	[SLAMPOS]	0	140.600	407.940	0	303.140	0	0	
0	[SLAMPOS]	0	140.440	408.040	0	303.140	0	0	
0	[SLAMPOS]	0	139.790	408.490	0	303.130	0	0	
0	[SLAMPOS]	0	139.160	408.930	0	303.130	0	0	
0	[SLAMPOS]	0	139.000	409.030	0	303.130	0	0	
0	[SLAMPOS]	0	138.330	409.490	0	303.110	0	0	
0	[SLAMPOS]	0	137.770	409.870	0	303.110	0	0	
0	[SLAMPOS]	0	137.530	410.040	0	303.100	0	0	
0	[SLAMPOS]	0	136.560	410.700	0	303.080	0	0	
0	[SLAMPOS]	0	136.300	410.890	0	303.080	0	0	
0	[SLAMPOS]	0	135.730	411.260	0	303.070	0	0	
0	[SLAMPOS]	0	135.080	411.700	0	303.050	0	0	
0	[SLAMPOS]	0	134.910	411.820	0	303.050	0	0	
0	[SLAMPOS]	0	134.260	412.270	0	303.050	0	0	
0	[SLAMPOS]	0	133.620	412.710	0	303.050	0	0	
0	[SLAMPOS]	0	133.450	412.830	0	303.050	0	0	
0	[SLAMPOS]	0	132.800	413.270	0	303.020	0	0	
0	[SLAMPOS]	0	132.220	413.660	0	303.000	0	0	
0	[SLAMPOS]	0	131.970	413.840	0	303.010	0	0	
0	[SLAMPOS]	0	131.010	414.490	0	303.000	0	0	
0	[SLAMPOS]	0	130.690	414.700	0	302.990	0	0	
0	[SLAMPOS]	0	130.170	415.040	0	302.970	0	0	
0	[SLAMPOS]	0	129.530	415.490	0	302.950	0	0	
0	[SLAMPOS]	0	129.350	415.610	0	302.950	0	0	
0	[SLAMPOS]	0	128.690	416.050	0	302.930	0	0	
0	[SLAMPOS]	0	128.020	416.510	0	302.910	0	0	
0	[SLAMPOS]	0	127.880	416.600	0	302.910	0	0	
0	[SLAMPOS]	0	127.220	417.050	0	302.900	0	0	
0	[SLAMPOS]	0	127.040	417.170	0	302.890	0	0	
0	[SLAMPOS]	0	126.400	417.610	0	302.870	0	0	
0	[SLAMPOS]	0	125.800	418.000	0	302.860	0	0	
0	[SLAMPOS]	0	125.570	418.170	0	302.850	0	0	
0	[SLAMPOS]	0	124.600	418.810	0	302.820	0	0	
0	[SLAMPOS]	0	123.940	419.270	0	302.810	0	0	
0	[SLAMPOS]	0	123.790	419.360	0	302.810	0	0	
0	[SLAMPOS]	0	123.130	419.810	0	302.790	0	0	
0	[SLAMPOS]	0	122.950	419.920	0	302.780	0	0	
0	[SLAMPOS]	0	122.290	420.370	0	302.740	0	0	
0	[SLAMPOS]	0	121.650	420.810	0	302.730	0	0	
0	[SLAMPOS]	0	121.460	420.930	0	302.720	0	0	
0	[SLAMPOS]	0	120.800	421.380	0	302.710	0	0	
0	[SLAMPOS]	0	120.250	421.750	0	302.680	0	0	
0	[SLAMPOS]	0	119.980	421.930	0	302.660	0	0	
0	[SLAMPOS]	0	118.990	422.580	0	302.580	0	0	
0	[SLAMPOS]	0	118.730	422.770	0	302.560	0	0	
0	[SLAMPOS]	0	118.410	422.990	0	302.540	0	0	
0	[SLAMPOS]	0	117.450	423.630	0	302.450	0	0	
0	[SLAMPOS]	0	117.200	423.800	0	302.420	0	0	
0	[SLAMPOS]	0	116.620	424.180	0	302.340	0	0	
0	[SLAMPOS]	0	115.960	424.610	0	302.270	0	0	
0	[SLAMPOS]	0	115.770	424.740	0	302.230	0	0	
0	[SLAMPOS]	0	115.120	425.160	0	302.150	0	0	
0	[SLAMPOS]	0	114.950	425.270	0	302.120	0	0	
0	[SLAMPOS]	0	114.280	425.710	0	302.010	0	0	
0	[SLAMPOS]	0	113.700	426.090	0	301.910	0	0	
0	[SLAMPOS]	0	113.030	426.520	0	301.810	0	0	
0	[SLAMPOS]	0	112.460	426.880	0	301.710	0	0	
0	[SLAMPOS]	0	111.810	427.300	0	301.610	0	0	
0	[SLAMPOS]	0	111.560	427.460	0	301.570	0	0	
0	[SLAMPOS]	0	111.120	427.750	0	301.490	0	0	
0	[SLAMPOS]	0	110.250	428.300	0	301.320	0	0	
0	[SLAMPOS]	0	109.300	428.900	0	301.100	0	0	
0	[SLAMPOS]	0	108.920	429.150	0	301.000	0	0	
0	[SLAMPOS]	0	108.610	429.330	0	300.920	0	0	
0	[SLAMPOS]	0	107.750	429.870	0	300.730	0	0	
0	[SLAMPOS]	0	107.070	430.290	0	300.580	0	0	
0	[SLAMPOS]	0	106.260	430.790	0	300.390	0	0	
0	[SLAMPOS]	0	105.540	431.220	0	300.200	0	0	
0	[SLAMPOS]	0	105.300	431.360	0	300.120	0	0	
0	[SLAMPOS]	0	105.780	431.150	0	299.820	0	0	
0	[SLAMPOS]	0	103.650	432.350	0	299.610	0	0	
0	[SLAMPOS]	0	103.550	432.420	0	299.600	0	0	
0	[SLAMPOS]	0	102.970	432.750	0	299.380	0	0	
0	[SLAMPOS]	0	102.330	433.130	0	299.160	0	0	
0	[SLAMPOS]	0	102.140	433.230	0	299.080	0	0	
0	[SLAMPOS]	0	101.480	433.620	0	298.830	0	0	
0	[SLAMPOS]	0	101.300	433.710	0	298.730	0	0	
0	[SLAMPOS]	0	100.650	434.070	0	298.480	0	0	
0	[SLAMPOS]	0	100.070	434.400	0	298.210	0	0	
0	[SLAMPOS]	0	99.810	434.550	0	298.110	0	0	
0	[SLAMPOS]	0	98.830	435.070	0	297.650	0	0	
0	[SLAMPOS]	0	98.570	435.220	0	297.540	0	0	
0	[SLAMPOS]	0	98.290	435.380	0	297.430	0	0	
0	[SLAMPOS]	0	97.330	435.880	0	296.970	0	0	
0	[SLAMPOS]	0	96.680	436.220	0	296.680	0	0	
0	[SLAMPOS]	0	96.500	436.310	0	296.580	0	0	
0	[SLAMPOS]	0	95.840	436.640	0	296.300	0	0	
0	[SLAMPOS]	0	95.660	436.730	0	296.190	0	0	
0	[SLAMPOS]	0	95.000	437.060	0	295.900	0	0	
0	[SLAMPOS]	0	94.420	437.350	0	295.600	0	0	
0	[SLAMPOS]	0	94.160	437.480	0	295.490	0	0	
0	[SLAMPOS]	0	93.180	437.950	0	295.000	0	0	
0	[SLAMPOS]	0	92.920	438.080	0	294.890	0	0	
0	[SLAMPOS]	0	92.680	438.200	0	294.780	0	0	
0	[SLAMPOS]	0	91.680	438.670	0	294.290	0	0	
0	[SLAMPOS]	0	91.420	438.790	0	294.180	0	0	
0	[SLAMPOS]	0	90.840	439.060	0	293.880	0	0	
0	[SLAMPOS]	0	90.190	439.350	0	293.580	0	0	
0	[SLAMPOS]	0	90.010	439.430	0	293.480	0	0	
0	[SLAMPOS]	0	89.370	439.730	0	293.180	0	0	
0	[SLAMPOS]	0	89.170	439.810	0	293.070	0	0	
0	[SLAMPOS]	0	88.530	440.090	0	292.770	0	0	
0	[SLAMPOS]	0	87.960	440.340	0	292.470	0	0	
0	[SLAMPOS]	0	87.690	440.450	0	292.360	0	0	
0	[SLAMPOS]	0	87.020	440.740	0	292.070	0	0	
0	[SLAMPOS]	0	86.450	440.980	0	291.780	0	0	
0	[SLAMPOS]	0	86.180	441.090	0	291.670	0	0	
0	[SLAMPOS]	0	85.190	441.480	0	291.200	0	0	
0	[SLAMPOS]	0	84.550	441.740	0	290.930	0	0	
0	[SLAMPOS]	0	84.370	441.810	0	290.860	0	0	
0	[SLAMPOS]	0	83.660	442.080	0	290.570	0	0	
0	[SLAMPOS]	0	83.380	442.190	0	290.480	0	0	
0	[SLAMPOS]	0	82.850	442.380	0	290.280	0	0	
0	[SLAMPOS]	0	82.200	442.640	0	290.050	0	0	
0	[SLAMPOS]	0	82.020	442.710	0	289.960	0	0	
0	[SLAMPOS]	0	81.360	442.950	0	289.690	0	0	
0	[SLAMPOS]	0	80.780	443.170	0	289.440	0	0	
0	[SLAMPOS]	0	80.510	443.270	0	289.330	0	0	
0	[SLAMPOS]	0	79.560	443.620	0	288.920	0	0	
0	[SLAMPOS]	0	79.320	443.720	0	288.840	0	0	
0	[SLAMPOS]	0	78.740	443.920	0	288.580	0	0	
0	[SLAMPOS]	0	78.120	444.140	0	288.330	0	0	
0	[SLAMPOS]	0	77.840	444.240	0	288.220	0	0	
0	[SLAMPOS]	0	77.270	444.440	0	287.980	0	0	
0	[SLAMPOS]	0	76.610	444.660	0	287.720	0	0	
0	[SLAMPOS]	0	76.430	444.720	0	287.630	0	0	
0	[SLAMPOS]	0	75.760	444.940	0	287.350	0	0	
0	[SLAMPOS]	0	75.550	445.010	0	287.240	0	0	
0	[SLAMPOS]	0	74.940	445.210	0	286.960	0	0	
0	[SLAMPOS]	0	74.330	445.390	0	286.670	0	0	
0	[SLAMPOS]	0	74.080	445.470	0	286.560	0	0	
0	[SLAMPOS]	0	73.120	445.760	0	286.100	0	0	
0	[SLAMPOS]	0	72.860	445.840	0	285.990	0	0	
0	[SLAMPOS]	0	72.200	446.040	0	285.680	0	0	
0	[SLAMPOS]	0	71.630	446.190	0	285.370	0	0	
0	[SLAMPOS]	0	70.980	446.380	0	285.050	0	0	
0	[SLAMPOS]	0	70.800	446.430	0	284.920	0	0	
0	[SLAMPOS]	0	70.140	446.610	0	284.570	0	0	
0	[SLAMPOS]	0	69.950	446.660	0	284.430	0	0	
0	[SLAMPOS]	0	69.300	446.840	0	284.060	0	0	
0	[SLAMPOS]	0	68.720	446.980	0	283.680	0	0	
0	[SLAMPOS]	0	68.450	447.050	0	283.530	0	0	
0	[SLAMPOS]	0	67.480	447.280	0	282.920	0	0	
0	[SLAMPOS]	0	67.220	447.350	0	282.780	0	0	
0	[SLAMPOS]	0	66.960	447.400	0	282.640	0	0	
0	[SLAMPOS]	0	65.890	447.640	0	281.960	0	0	
0	[SLAMPOS]	0	65.700	447.680	0	281.860	0	0	
0	[SLAMPOS]	0	65.120	447.810	0	281.480	0	0	
0	[SLAMPOS]	0	64.460	447.950	0	281.070	0	0	
0	[SLAMPOS]	0	64.280	447.990	0	280.940	0	0	
0	[SLAMPOS]	0	63.610	448.120	0	280.540	0	0	
0	[SLAMPOS]	0	63.430	448.160	0	280.400	0	0	
0	[SLAMPOS]	0	62.780	448.280	0	280.000	0	0	
0	[SLAMPOS]	0	62.200	448.380	0	279.600	0	0	
0	[SLAMPOS]	0	61.520	448.500	0	279.180	0	0	
0	[SLAMPOS]	0	61.280	448.550	0	279.040	0	0	
0	[SLAMPOS]	0	60.680	448.650	0	278.630	0	0	
0	[SLAMPOS]	0	60.000	448.750	0	278.210	0	0	
0	[SLAMPOS]	0	59.430	448.830	0	277.800	0	0	
0	[SLAMPOS]	0	59.180	448.870	0	277.650	0	0	
0	[SLAMPOS]	0	58.600	448.950	0	277.230	0	0	
0	[SLAMPOS]	0	57.940	449.040	0	276.800	0	0	
0	[SLAMPOS]	0	57.260	449.120	0	276.340	0	0	
0	[SLAMPOS]	0	57.090	449.140	0	276.220	0	0	
0	[SLAMPOS]	0	56.440	449.210	0	275.800	0	0	
0	[SLAMPOS]	0	56.250	449.230	0	275.650	0	0	
0	[SLAMPOS]	0	55.590	449.300	0	275.230	0	0	
0	[SLAMPOS]	0	54.980	449.350	0	274.800	0	0	
0	[SLAMPOS]	0	54.750	449.380	0	274.670	0	0	
0	[SLAMPOS]	0	53.900	449.450	0	274.100	0	0	
0	[SLAMPOS]	0	53.450	449.480	0	273.810	0	0	
0	[SLAMPOS]	0	52.960	449.510	0	273.460	0	0	
0	[SLAMPOS]	0	52.280	449.550	0	273.040	0	0	
0	[SLAMPOS]	0	52.150	449.560	0	272.940	0	0	
0	[SLAMPOS]	0	51.490	449.590	0	272.540	0	0	
0	[SLAMPOS]	0	50.920	449.620	0	272.160	0	0	
0	[SLAMPOS]	0	50.660	449.630	0	272.010	0	0	
0	[SLAMPOS]	0	49.970	449.670	0	271.600	0	0	
0	[SLAMPOS]	0	49.430	449.680	0	271.260	0	0	
0	[SLAMPOS]	0	49.210	449.690	0	271.130	0	0	
0	[SLAMPOS]	0	48.230	449.720	0	270.500	0	0	
0	[SLAMPOS]	0	47.970	449.720	0	270.360	0	0	
0	[SLAMPOS]	0	47.400	449.720	0	269.970	0	0	
0	[SLAMPOS]	0	46.750	449.720	0	269.550	0	0	
0	[SLAMPOS]	0	46.590	449.720	0	269.430	0	0	
0	[SLAMPOS]	0	45.940	449.720	0	269.000	0	0	
0	[SLAMPOS]	0	45.770	449.720	0	268.870	0	0	
0	[SLAMPOS]	0	45.100	449.710	0	268.440	0	0	
0	[SLAMPOS]	0	44.540	449.690	0	268.030	0	0	
0	[SLAMPOS]	0	43.890	449.670	0	267.590	0	0	
0	[SLAMPOS]	0	43.630	449.660	0	267.420	0	0	
0	[SLAMPOS]	0	42.660	449.620	0	266.720	0	0	
0	[SLAMPOS]	0	42.400	449.610	0	266.560	0	0	
0	[SLAMPOS]	0	41.840	449.570	0	266.150	0	0	
0	[SLAMPOS]	0	41.190	449.530	0	265.710	0	0	
0	[SLAMPOS]	0	41.010	449.520	0	265.560	0	0	
0	[SLAMPOS]	0	40.370	449.470	0	265.130	0	0	
0	[SLAMPOS]	0	39.680	449.410	0	264.660	0	0	
0	[SLAMPOS]	0	39.510	449.400	0	264.510	0	0	
0	[SLAMPOS]	0	38.890	449.340	0	264.100	0	0	
0	[SLAMPOS]	0	38.740	449.330	0	263.980	0	0	
0	[SLAMPOS]	0	38.120	449.260	0	263.570	0	0	
0	[SLAMPOS]	0	37.460	449.190	0	263.090	0	0	
0	[SLAMPOS]	0	37.140	449.150	0	262.860	0	0	
0	[SLAMPOS]	0	36.290	449.050	0	262.250	0	0	
0	[SLAMPOS]	0	36.070	449.030	0	262.120	0	0	
0	[SLAMPOS]	0	35.510	448.950	0	261.730	0	0	
0	[SLAMPOS]	0	34.860	448.860	0	261.280	0	0	
0	[SLAMPOS]	0	34.710	448.830	0	261.170	0	0	
0	[SLAMPOS]	0	34.070	448.740	0	260.770	0	0	
0	[SLAMPOS]	0	33.900	448.710	0	260.660	0	0	
0	[SLAMPOS]	0	33.270	448.610	0	260.310	0	0	
0	[SLAMPOS]	0	32.590	448.500	0	259.940	0	0	
0	[SLAMPOS]	0	32.450	448.480	0	259.840	0	0	
0	[SLAMPOS]	0	31.730	448.350	0	259.430	0	0	
0	[SLAMPOS]	0	31.230	448.260	0	259.130	0	0	
0	[SLAMPOS]	0	30.640	448.140	0	258.790	0	0	
0	[SLAMPOS]	0	30.300	448.060	0	258.610	0	0	
0	[SLAMPOS]	0	29.430	447.890	0	258.140	0	0	
0	[SLAMPOS]	0	29.300	447.860	0	258.060	0	0	
0	[SLAMPOS]	0	28.680	447.750	0	257.760	0	0	
0	[SLAMPOS]	0	28.550	447.720	0	257.690	0	0	
0	[SLAMPOS]	0	27.890	447.580	0	257.360	0	0	
0	[SLAMPOS]	0	27.290	447.450	0	257.070	0	0	
0	[SLAMPOS]	0	27.100	447.410	0	256.970	0	0	
0	[SLAMPOS]	0	26.500	447.280	0	256.690	0	0	
0	[SLAMPOS]	0	25.960	447.160	0	256.410	0	0	
0	[SLAMPOS]	0	25.720	447.110	0	256.300	0	0	
0	[SLAMPOS]	0	24.790	446.890	0	255.830	0	0	
0	[SLAMPOS]	0	24.550	446.830	0	255.730	0	0	
0	[SLAMPOS]	0	24.010	446.700	0	255.460	0	0	
0	[SLAMPOS]	0	23.380	446.540	0	255.160	0	0	
0	[SLAMPOS]	0	23.210	446.490	0	255.070	0	0	
0	[SLAMPOS]	0	22.510	446.310	0	254.740	0	0	
0	[SLAMPOS]	0	21.860	446.140	0	254.470	0	0	
0	[SLAMPOS]	0	21.770	446.110	0	254.420	0	0	
0	[SLAMPOS]	0	21.150	445.950	0	254.170	0	0	
0	[SLAMPOS]	0	20.580	445.780	0	253.900	0	0	
0	[SLAMPOS]	0	19.670	445.530	0	253.490	0	0	
0	[SLAMPOS]	0	19.330	445.430	0	253.340	0	0	
0	[SLAMPOS]	0	18.860	445.290	0	253.120	0	0	
0	[SLAMPOS]	0	18.710	445.250	0	253.040	0	0	
0	[SLAMPOS]	0	18.180	445.100	0	252.810	0	0	
0	[SLAMPOS]	0	17.710	444.960	0	252.590	0	0	
0	[SLAMPOS]	0	17.270	444.820	0	252.390	0	0	
0	[SLAMPOS]	0	16.760	444.670	0	252.180	0	0	
0	[SLAMPOS]	0	16.610	444.620	0	252.110	0	0	
0	[SLAMPOS]	0	16.010	444.440	0	251.830	0	0	
0	[SLAMPOS]	0	15.840	444.390	0	251.750	0	0	
0	[SLAMPOS]	0	15.210	444.190	0	251.460	0	0	
0	[SLAMPOS]	0	14.690	444.020	0	251.220	0	0	
0	[SLAMPOS]	0	14.450	443.940	0	251.120	0	0	
0	[SLAMPOS]	0	13.830	443.740	0	250.860	0	0	
0	[SLAMPOS]	0	13.330	443.570	0	250.640	0	0	
0	[SLAMPOS]	0	13.030	443.470	0	250.520	0	0	
0	[SLAMPOS]	0	12.200	443.190	0	250.160	0	0	
0	[SLAMPOS]	0	11.980	443.110	0	250.070	0	0	
0	[SLAMPOS]	0	11.420	442.910	0	249.810	0	0	
0	[SLAMPOS]	0	10.880	442.720	0	249.590	0	0	
0	[SLAMPOS]	0	10.730	442.660	0	249.510	0	0	
0	[SLAMPOS]	0	10.140	442.440	0	249.260	0	0	
0	[SLAMPOS]	0	9.550	442.230	0	249.010	0	0	
0	[SLAMPOS]	0	9.400	442.180	0	248.930	0	0	
0	[SLAMPOS]	0	8.820	441.960	0	248.690	0	0	
0	[SLAMPOS]	0	8.320	441.770	0	248.480	0	0	
0	[SLAMPOS]	0	8.020	441.650	0	248.350	0	0	
0	[SLAMPOS]	0	7.550	441.470	0	248.160	0	0	
0	[SLAMPOS]	0	7.310	441.380	0	248.080	0	0	
0	[SLAMPOS]	0	6.720	441.150	0	247.880	0	0	
0	[SLAMPOS]	0	6.220	440.950	0	247.700	0	0	
0	[SLAMPOS]	0	5.640	440.720	0	247.490	0	0	
0	[SLAMPOS]	0	5.140	440.520	0	247.310	0	0	
0	[SLAMPOS]	0	4.560	440.290	0	247.110	0	0	
0	[SLAMPOS]	0	4.400	440.230	0	247.050	0	0	
0	[SLAMPOS]	0	3.720	439.950	0	246.800	0	0	
0	[SLAMPOS]	0	3.050	439.670	0	246.580	0	0	
0	[SLAMPOS]	0	2.970	439.640	0	246.550	0	0	
0	[SLAMPOS]	0	2.570	439.470	0	246.400	0	0	
0	[SLAMPOS]	0	2.460	439.430	0	246.360	0	0	
0	[SLAMPOS]	0	1.600	439.050	0	246.050	0	0	
0	[SLAMPOS]	0	1.380	438.950	0	245.970	0	0	
0	[SLAMPOS]	0	0.890	438.730	0	245.820	0	0	
0	[SLAMPOS]	0	0.320	438.470	0	245.670	0	0	
0	[SLAMPOS]	0	0.090	438.370	0	245.600	0	0	
0	[SLAMPOS]	0	-0.390	438.150	0	245.500	0	0	
0	[SLAMPOS]	0	-1.010	437.880	0	245.370	0	0	
0	[SLAMPOS]	0	-1.160	437.820	0	245.350	0	0	
0	[SLAMPOS]	0	-1.700	437.580	0	245.260	0	0	
0	[SLAMPOS]	0	-2.360	437.300	0	245.180	0	0	
0	[SLAMPOS]	0	-2.430	437.270	0	245.180	0	0	
0	[SLAMPOS]	0	-2.990	437.030	0	245.110	0	0	
0	[SLAMPOS]	0	-3.160	436.950	0	245.100	0	0	
0	[SLAMPOS]	0	-3.740	436.700	0	245.040	0	0	
0	[SLAMPOS]	0	-4.210	436.490	0	244.980	0	0	
0	[SLAMPOS]	0	-4.790	436.240	0	244.940	0	0	
0	[SLAMPOS]	0	-5.280	436.020	0	244.900	0	0	
0	[SLAMPOS]	0	-5.840	435.770	0	244.830	0	0	
0	[SLAMPOS]	0	-5.980	435.710	0	244.810	0	0	
0	[SLAMPOS]	0	-6.530	435.460	0	244.740	0	0	
0	[SLAMPOS]	0	-6.680	435.390	0	244.730	0	0	
0	[SLAMPOS]	0	-7.240	435.150	0	244.690	0	0	
0	[SLAMPOS]	0	-7.880	434.870	0	244.650	0	0	
0	[SLAMPOS]	0	-7.970	434.820	0	244.640	0	0	
0	[SLAMPOS]	0	-8.520	434.580	0	244.590	0	0	
0	[SLAMPOS]	0	-9.000	434.360	0	244.530	0	0	
0	[SLAMPOS]	0	-9.230	434.250	0	244.490	0	0	
0	[SLAMPOS]	0	-10.060	433.880	0	244.430	0	0	
0	[SLAMPOS]	0	-10.270	433.780	0	244.390	0	0	
0	[SLAMPOS]	0	-10.790	433.530	0	244.330	0	0	
0	[SLAMPOS]	0	-11.410	433.260	0	244.290	0	0	
0	[SLAMPOS]	0	-11.580	433.180	0	244.260	0	0	
0	[SLAMPOS]	0	-12.110	432.920	0	244.180	0	0	
0	[SLAMPOS]	0	-12.680	432.670	0	244.120	0	0	
0	[SLAMPOS]	0	-12.830	432.590	0	244.100	0	0	
0	[SLAMPOS]	0	-13.390	432.340	0	244.030	0	0	
0	[SLAMPOS]	0	-13.980	432.070	0	243.950	0	0	
0	[SLAMPOS]	0	-14.100	432.010	0	243.930	0	0	
0	[SLAMPOS]	0	-14.660	431.750	0	243.850	0	0	
0	[SLAMPOS]	0	-14.810	431.680	0	243.830	0	0	
0	[SLAMPOS]	0	-15.370	431.410	0	243.740	0	0	
0	[SLAMPOS]	0	-15.870	431.180	0	243.660	0	0	
0	[SLAMPOS]	0	-16.080	431.080	0	243.630	0	0	
0	[SLAMPOS]	0	-16.940	430.680	0	243.520	0	0	
0	[SLAMPOS]	0	-17.140	430.580	0	243.480	0	0	
0	[SLAMPOS]	0	-17.640	430.340	0	243.410	0	0	
0	[SLAMPOS]	0	-18.200	430.070	0	243.320	0	0	
0	[SLAMPOS]	0	-18.410	429.980	0	243.330	0	0	
0	[SLAMPOS]	0	-18.940	429.710	0	243.230	0	0	
0	[SLAMPOS]	0	-19.480	429.450	0	243.150	0	0	
0	[SLAMPOS]	0	-19.620	429.380	0	243.130	0	0	
0	[SLAMPOS]	0	-20.200	429.110	0	243.050	0	0	
0	[SLAMPOS]	0	-20.370	429.020	0	243.020	0	0	
0	[SLAMPOS]	0	-20.920	428.760	0	242.930	0	0	
0	[SLAMPOS]	0	-21.490	428.490	0	242.880	0	0	
0	[SLAMPOS]	0	-22.050	428.210	0	242.790	0	0	
0	[SLAMPOS]	0	-22.230	428.120	0	242.760	0	0	
0	[SLAMPOS]	0	-23.040	427.740	0	242.610	0	0	
0	[SLAMPOS]	0	-23.260	427.630	0	242.580	0	0	
0	[SLAMPOS]	0	-23.740	427.380	0	242.530	0	0	
0	[SLAMPOS]	0	-24.300	427.100	0	242.460	0	0	
0	[SLAMPOS]	0	-24.450	427.020	0	242.450	0	0	
0	[SLAMPOS]	0	-25.020	426.740	0	242.420	0	0	
0	[SLAMPOS]	0	-25.170	426.660	0	242.420	0	0	
0	[SLAMPOS]	0	-25.820	426.320	0	242.390	0	0	
0	[SLAMPOS]	0	-26.410	426.030	0	242.370	0	0	
0	[SLAMPOS]	0	-26.510	425.980	0	242.370	0	0	
0	[SLAMPOS]	0	-27.090	425.690	0	242.360	0	0	
0	[SLAMPOS]	0	-27.710	425.390	0	242.380	0	0	
0	[SLAMPOS]	0	-27.830	425.320	0	242.370	0	0	
0	[SLAMPOS]	0	-28.420	425.040	0	242.370	0	0	
0	[SLAMPOS]	0	-28.910	424.790	0	242.370	0	0	
0	[SLAMPOS]	0	-29.130	424.690	0	242.360	0	0	
0	[SLAMPOS]	0	-29.990	424.260	0	242.350	0	0	
0	[SLAMPOS]	0	-30.290	424.110	0	242.350	0	0	
0	[SLAMPOS]	0	-30.480	424.020	0	242.340	0	0	
0	[SLAMPOS]	0	-31.270	423.630	0	242.340	0	0	
0	[SLAMPOS]	0	-31.540	423.490	0	242.340	0	0	
0	[SLAMPOS]	0	-32.060	423.230	0	242.350	0	0	
0	[SLAMPOS]	0	-32.630	422.960	0	242.330	0	0	
0	[SLAMPOS]	0	-32.780	422.880	0	242.330	0	0	
0	[SLAMPOS]	0	-33.350	422.600	0	242.330	0	0	
0	[SLAMPOS]	0	-33.510	422.520	0	242.320	0	0	
0	[SLAMPOS]	0	-34.090	422.230	0	242.310	0	0	
0	[SLAMPOS]	0	-34.580	421.990	0	242.310	0	0	
0	[SLAMPOS]	0	-34.810	421.890	0	242.330	0	0	
0	[SLAMPOS]	0	-35.680	421.460	0	242.310	0	0	
0	[SLAMPOS]	0	-35.900	421.360	0	242.310	0	0	
0	[SLAMPOS]	0	-36.160	421.220	0	242.280	0	0	
0	[SLAMPOS]	0	-36.990	420.820	0	242.270	0	0	
0	[SLAMPOS]	0	-37.210	420.700	0	242.270	0	0	
0	[SLAMPOS]	0	-37.720	420.450	0	242.250	0	0	
0	[SLAMPOS]	0	-38.290	420.160	0	242.210	0	0	
0	[SLAMPOS]	0	-38.450	420.070	0	242.200	0	0	
0	[SLAMPOS]	0	-39.000	419.790	0	242.190	0	0	
0	[SLAMPOS]	0	-39.160	419.710	0	242.180	0	0	
0	[SLAMPOS]	0	-39.740	419.410	0	242.150	0	0	
0	[SLAMPOS]	0	-40.330	419.120	0	242.130	0	0	
0	[SLAMPOS]	0	-40.850	418.850	0	242.110	0	0	
0	[SLAMPOS]	0	-41.120	418.720	0	242.120	0	0	
0	[SLAMPOS]	0	-41.750	418.400	0	242.090	0	0	
0	[SLAMPOS]	0	-41.960	418.290	0	242.070	0	0	
0	[SLAMPOS]	0	-42.630	417.960	0	242.030	0	0	
0	[SLAMPOS]	0	-43.050	417.740	0	242.010	0	0	
0	[SLAMPOS]	0	-43.210	417.670	0	242.010	0	0	
0	[SLAMPOS]	0	-44.080	417.240	0	241.960	0	0	
0	[SLAMPOS]	0	-44.330	417.110	0	241.950	0	0	
0	[SLAMPOS]	0	-44.800	416.870	0	241.920	0	0	
0	[SLAMPOS]	0	-45.370	416.570	0	241.850	0	0	
0	[SLAMPOS]	0	-45.640	416.430	0	241.850	0	0	
0	[SLAMPOS]	0	-46.130	416.180	0	241.810	0	0	
0	[SLAMPOS]	0	-46.730	415.850	0	241.770	0	0	
0	[SLAMPOS]	0	-46.950	415.740	0	241.750	0	0	
0	[SLAMPOS]	0	-47.430	415.500	0	241.730	0	0	
0	[SLAMPOS]	0	-47.900	415.250	0	241.690	0	0	
0	[SLAMPOS]	0	-48.130	415.130	0	241.670	0	0	
0	[SLAMPOS]	0	-48.990	414.690	0	241.600	0	0	
0	[SLAMPOS]	0	-49.230	414.570	0	241.590	0	0	
0	[SLAMPOS]	0	-49.740	414.310	0	241.560	0	0	
0	[SLAMPOS]	0	-50.310	414.030	0	241.520	0	0	
0	[SLAMPOS]	0	-50.590	413.890	0	241.510	0	0	
0	[SLAMPOS]	0	-51.090	413.630	0	241.470	0	0	
0	[SLAMPOS]	0	-51.350	413.500	0	241.450	0	0	
0	[SLAMPOS]	0	-51.830	413.240	0	241.410	0	0	
0	[SLAMPOS]	0	-52.460	412.920	0	241.370	0	0	
0	[SLAMPOS]	0	-52.680	412.810	0	241.360	0	0	
0	[SLAMPOS]	0	-53.180	412.540	0	241.330	0	0	
0	[SLAMPOS]	0	-53.750	412.250	0	241.290	0	0	
0	[SLAMPOS]	0	-53.920	412.160	0	241.280	0	0	
0	[SLAMPOS]	0	-54.480	411.870	0	241.220	0	0	
0	[SLAMPOS]	0	-54.980	411.590	0	241.180	0	0	
0	[SLAMPOS]	0	-55.220	411.480	0	241.170	0	0	
0	[SLAMPOS]	0	-56.060	411.030	0	241.120	0	0	
0	[SLAMPOS]	0	-56.310	410.900	0	241.120	0	0	
0	[SLAMPOS]	0	-56.790	410.640	0	241.090	0	0	
0	[SLAMPOS]	0	-57.350	410.350	0	241.050	0	0	
0	[SLAMPOS]	0	-57.500	410.260	0	241.040	0	0	
0	[SLAMPOS]	0	-58.080	409.960	0	240.980	0	0	
0	[SLAMPOS]	0	-58.770	409.610	0	240.950	0	0	
0	[SLAMPOS]	0	-58.830	409.570	0	240.950	0	0	
0	[SLAMPOS]	0	-59.390	409.270	0	240.920	0	0	
0	[SLAMPOS]	0	-59.530	409.190	0	240.910	0	0	
0	[SLAMPOS]	0	-60.090	408.900	0	240.900	0	0	
0	[SLAMPOS]	0	-60.630	408.610	0	240.860	0	0	
0	[SLAMPOS]	0	-60.840	408.500	0	240.830	0	0	
0	[SLAMPOS]	0	-61.690	408.050	0	240.790	0	0	
0	[SLAMPOS]	0	-61.920	407.930	0	240.770	0	0	
0	[SLAMPOS]	0	-62.150	407.810	0	240.770	0	0	
0	[SLAMPOS]	0	-63.000	407.350	0	240.730	0	0	
0	[SLAMPOS]	0	-63.350	407.170	0	240.730	0	0	
0	[SLAMPOS]	0	-63.760	406.950	0	240.730	0	0	
0	[SLAMPOS]	0	-64.290	406.650	0	240.690	0	0	
0	[SLAMPOS]	0	-64.450	406.560	0	240.700	0	0	
0	[SLAMPOS]	0	-65.020	406.250	0	240.720	0	0	
0	[SLAMPOS]	0	-65.510	405.990	0	240.730	0	0	
0	[SLAMPOS]	0	-65.730	405.870	0	240.730	0	0	
0	[SLAMPOS]	0	-66.570	405.410	0	240.730	0	0	
0	[SLAMPOS]	0	-66.890	405.230	0	240.740	0	0	
0	[SLAMPOS]	0	-67.030	405.170	0	240.740	0	0	
0	[SLAMPOS]	0	-67.870	404.710	0	240.750	0	0	
0	[SLAMPOS]	0	-68.170	404.550	0	240.750	0	0	
0	[SLAMPOS]	0	-68.580	404.340	0	240.770	0	0	
0	[SLAMPOS]	0	-69.150	404.070	0	240.790	0	0	
0	[SLAMPOS]	0	-69.300	403.980	0	240.790	0	0	
0	[SLAMPOS]	0	-69.870	403.680	0	240.760	0	0	
0	[SLAMPOS]	0	-70.020	403.600	0	240.770	0	0	
0	[SLAMPOS]	0	-70.610	403.280	0	240.730	0	0	
0	[SLAMPOS]	0	-71.170	403.010	0	240.790	0	0	
0	[SLAMPOS]	0	-71.310	402.930	0	240.800	0	0	
0	[SLAMPOS]	0	-71.850	402.640	0	240.810	0	0	
0	[SLAMPOS]	0	-72.670	402.190	0	240.820	0	0	
0	[SLAMPOS]	0	-72.880	402.070	0	240.810	0	0	
0	[SLAMPOS]	0	-73.220	401.910	0	240.870	0	0	
0	[SLAMPOS]	0	-73.990	401.470	0	240.870	0	0	
0	[SLAMPOS]	0	-74.090	401.420	0	240.870	0	0	
0	[SLAMPOS]	0	-74.660	401.120	0	240.910	0	0	
0	[SLAMPOS]	0	-74.820	401.040	0	240.920	0	0	
0	[SLAMPOS]	0	-75.370	400.720	0	240.930	0	0	
0	[SLAMPOS]	0	-75.970	400.420	0	240.950	0	0	
0	[SLAMPOS]	0	-76.120	400.340	0	240.960	0	0	
0	[SLAMPOS]	0	-76.660	400.070	0	241.020	0	0	
0	[SLAMPOS]	0	-77.150	399.800	0	241.040	0	0	
0	[SLAMPOS]	0	-77.380	399.690	0	241.060	0	0	
0	[SLAMPOS]	0	-78.230	399.240	0	241.080	0	0	
0	[SLAMPOS]	0	-78.450	399.140	0	241.100	0	0	
0	[SLAMPOS]	0	-78.930	398.880	0	241.110	0	0	
0	[SLAMPOS]	0	-79.510	398.600	0	241.120	0	0	
0	[SLAMPOS]	0	-79.640	398.530	0	241.110	0	0	
0	[SLAMPOS]	0	-80.180	398.220	0	241.060	0	0	
0	[SLAMPOS]	0	-80.780	397.910	0	241.050	0	0	
0	[SLAMPOS]	0	-80.930	397.830	0	241.040	0	0	
0	[SLAMPOS]	0	-81.490	397.530	0	241.040	0	0	
0	[SLAMPOS]	0	-81.640	397.440	0	241.030	0	0	
0	[SLAMPOS]	0	-82.210	397.140	0	241.000	0	0	
0	[SLAMPOS]	0	-82.830	396.850	0	241.020	0	0	
0	[SLAMPOS]	0	-82.960	396.780	0	241.010	0	0	
0	[SLAMPOS]	0	-83.510	396.480	0	240.990	0	0	
0	[SLAMPOS]	0	-84.000	396.220	0	240.980	0	0	
0	[SLAMPOS]	0	-84.290	396.070	0	240.970	0	0	
0	[SLAMPOS]	0	-85.040	395.670	0	240.970	0	0	
0	[SLAMPOS]	0	-85.270	395.560	0	240.980	0	0	
0	[SLAMPOS]	0	-85.580	395.390	0	240.970	0	0	
0	[SLAMPOS]	0	-86.330	394.980	0	240.980	0	0	
0	[SLAMPOS]	0	-86.520	394.880	0	240.980	0	0	
0	[SLAMPOS]	0	-86.980	394.640	0	240.990	0	0	
0	[SLAMPOS]	0	-87.550	394.340	0	241.050	0	0	
0	[SLAMPOS]	0	-87.700	394.260	0	241.060	0	0	
0	[SLAMPOS]	0	-88.230	393.980	0	241.110	0	0	
0	[SLAMPOS]	0	-88.810	393.680	0	241.140	0	0	
0	[SLAMPOS]	0	-88.870	393.650	0	241.140	0	0	
0	[SLAMPOS]	0	-89.410	393.370	0	241.170	0	0	
0	[SLAMPOS]	0	-89.520	393.300	0	241.180	0	0	
0	[SLAMPOS]	0	-90.000	393.080	0	241.240	0	0	
0	[SLAMPOS]	0	-90.430	392.860	0	241.280	0	0	
0	[SLAMPOS]	0	-90.590	392.790	0	241.310	0	0	
0	[SLAMPOS]	0	-91.270	392.450	0	241.360	0	0	
0	[SLAMPOS]	0	-91.440	392.370	0	241.370	0	0	
0	[SLAMPOS]	0	-91.610	392.300	0	241.360	0	0	
0	[SLAMPOS]	0	-92.290	391.940	0	241.390	0	0	
0	[SLAMPOS]	0	-92.430	391.870	0	241.380	0	0	
0	[SLAMPOS]	0	-92.810	391.670	0	241.430	0	0	
0	[SLAMPOS]	0	-93.320	391.400	0	241.490	0	0	
0	[SLAMPOS]	0	-93.390	391.360	0	241.500	0	0	
0	[SLAMPOS]	0	-93.740	391.170	0	241.520	0	0	
0	[SLAMPOS]	0	-94.080	390.980	0	241.570	0	0	
0	[SLAMPOS]	0	-94.220	390.920	0	241.600	0	0	
0	[SLAMPOS]	0	-94.760	390.620	0	241.660	0	0	
0	[SLAMPOS]	0	-94.900	390.550	0	241.660	0	0	
0	[SLAMPOS]	0	-95.030	390.480	0	241.650	0	0	
0	[SLAMPOS]	0	-95.560	390.210	0	241.690	0	0	
0	[SLAMPOS]	0	-95.690	390.140	0	241.710	0	0	
0	[SLAMPOS]	0	-96.000	389.980	0	241.740	0	0	
0	[SLAMPOS]	0	-96.380	389.800	0	241.760	0	0	
0	[SLAMPOS]	0	-96.470	389.750	0	241.760	0	0	
0	[SLAMPOS]	0	-96.820	389.570	0	241.780	0	0	
0	[SLAMPOS]	0	-96.910	389.530	0	241.790	0	0	
0	[SLAMPOS]	0	-97.290	389.340	0	241.830	0	0	
0	[SLAMPOS]	0	-97.650	389.170	0	241.880	0	0	
0	[SLAMPOS]	0	-97.740	389.120	0	241.890	0	0	
0	[SLAMPOS]	0	-98.090	388.950	0	241.920	0	0	
0	[SLAMPOS]	0	-98.430	388.770	0	241.930	0	0	
0	[SLAMPOS]	0	-98.550	388.710	0	241.920	0	0	
0	[SLAMPOS]	0	-99.080	388.450	0	241.970	0	0	
0	[SLAMPOS]	0	-99.210	388.390	0	241.960	0	0	
0	[SLAMPOS]	0	-99.510	388.230	0	241.970	0	0	
0	[SLAMPOS]	0	-99.860	388.060	0	241.990	0	0	
0	[SLAMPOS]	0	-100.000	387.990	0	242.010	0	0	
0	[SLAMPOS]	0	-100.300	387.840	0	242.050	0	0	
0	[SLAMPOS]	0	-100.640	387.670	0	242.090	0	0	
0	[SLAMPOS]	0	-100.740	387.610	0	242.100	0	0	
0	[SLAMPOS]	0	-101.050	387.460	0	242.120	0	0	
0	[SLAMPOS]	0	-101.140	387.410	0	242.130	0	0	
0	[SLAMPOS]	0	-101.450	387.250	0	242.150	0	0	
0	[SLAMPOS]	0	-101.700	387.130	0	242.170	0	0	
0	[SLAMPOS]	0	-101.950	387.000	0	242.200	0	0	
0	[SLAMPOS]	0	-102.190	386.880	0	242.230	0	0	
0	[SLAMPOS]	0	-102.440	386.760	0	242.250	0	0	
0	[SLAMPOS]	0	-102.540	386.710	0	242.250	0	0	
0	[SLAMPOS]	0	-102.780	386.590	0	242.280	0	0	
0	[SLAMPOS]	0	-103.060	386.450	0	242.310	0	0	
0	[SLAMPOS]	0	-103.140	386.410	0	242.320	0	0	
0	[SLAMPOS]	0	-103.430	386.270	0	242.340	0	0	
0	[SLAMPOS]	0	-103.500	386.240	0	242.340	0	0	
0	[SLAMPOS]	0	-103.800	386.090	0	242.360	0	0	
0	[SLAMPOS]	0	-104.050	385.970	0	242.370	0	0	
0	[SLAMPOS]	0	-104.160	385.920	0	242.390	0	0	
0	[SLAMPOS]	0	-104.580	385.700	0	242.420	0	0	
0	[SLAMPOS]	0	-104.700	385.650	0	242.420	0	0	
0	[SLAMPOS]	0	-104.940	385.530	0	242.420	0	0	
0	[SLAMPOS]	0	-105.220	385.390	0	242.440	0	0	
0	[SLAMPOS]	0	-105.330	385.330	0	242.450	0	0	
0	[SLAMPOS]	0	-105.580	385.210	0	242.470	0	0	
0	[SLAMPOS]	0	-105.860	385.060	0	242.470	0	0	
0	[SLAMPOS]	0	-105.940	385.030	0	242.490	0	0	
0	[SLAMPOS]	0	-106.250	384.870	0	242.490	0	0	
0	[SLAMPOS]	0	-106.330	384.830	0	242.500	0	0	
0	[SLAMPOS]	0	-106.610	384.690	0	242.530	0	0	
0	[SLAMPOS]	0	-107.000	384.500	0	242.600	0	0	
0	[SLAMPOS]	0	-107.300	384.360	0	242.660	0	0	
0	[SLAMPOS]	0	-107.310	384.350	0	242.660	0	0	
0	[SLAMPOS]	0	-107.760	384.140	0	242.730	0	0	
0	[SLAMPOS]	0	-107.820	384.110	0	242.740	0	0	
0	[SLAMPOS]	0	-108.080	383.980	0	242.800	0	0	
0	[SLAMPOS]	0	-108.390	383.830	0	242.850	0	0	
0	[SLAMPOS]	0	-108.460	383.790	0	242.870	0	0	
0	[SLAMPOS]	0	-108.750	383.660	0	242.920	0	0	
0	[SLAMPOS]	0	-108.820	383.630	0	242.940	0	0	
0	[SLAMPOS]	0	-109.140	383.470	0	242.990	0	0	
0	[SLAMPOS]	0	-109.450	383.320	0	243.050	0	0	
0	[SLAMPOS]	0	-109.520	383.280	0	243.070	0	0	
0	[SLAMPOS]	0	-109.830	383.130	0	243.150	0	0	
0	[SLAMPOS]	0	-110.100	383.000	0	243.230	0	0	
0	[SLAMPOS]	0	-110.210	382.950	0	243.250	0	0	
0	[SLAMPOS]	0	-110.660	382.740	0	243.400	0	0	
0	[SLAMPOS]	0	-110.780	382.680	0	243.430	0	0	
0	[SLAMPOS]	0	-111.040	382.560	0	243.530	0	0	
0	[SLAMPOS]	0	-111.340	382.420	0	243.610	0	0	
0	[SLAMPOS]	0	-111.420	382.380	0	243.650	0	0	
0	[SLAMPOS]	0	-111.730	382.240	0	243.740	0	0	
0	[SLAMPOS]	0	-111.990	382.120	0	243.820	0	0	
0	[SLAMPOS]	0	-112.110	382.060	0	243.850	0	0	
0	[SLAMPOS]	0	-112.410	381.930	0	243.930	0	0	
0	[SLAMPOS]	0	-112.680	381.810	0	244.020	0	0	
0	[SLAMPOS]	0	-112.810	381.760	0	244.050	0	0	
0	[SLAMPOS]	0	-113.260	381.540	0	244.200	0	0	
0	[SLAMPOS]	0	-113.390	381.480	0	244.220	0	0	
0	[SLAMPOS]	0	-113.670	381.360	0	244.320	0	0	
0	[SLAMPOS]	0	-113.990	381.220	0	244.430	0	0	
0	[SLAMPOS]	0	-114.080	381.180	0	244.480	0	0	
0	[SLAMPOS]	0	-114.380	381.050	0	244.570	0	0	
0	[SLAMPOS]	0	-114.480	381.000	0	244.620	0	0	
0	[SLAMPOS]	0	-114.970	380.790	0	244.770	0	0	
0	[SLAMPOS]	0	-115.250	380.660	0	244.890	0	0	
0	[SLAMPOS]	0	-115.530	380.530	0	244.990	0	0	
0	[SLAMPOS]	0	-115.550	380.520	0	245.000	0	0	
0	[SLAMPOS]	0	-115.840	380.390	0	245.090	0	0	
0	[SLAMPOS]	0	-115.980	380.340	0	245.110	0	0	
0	[SLAMPOS]	0	-116.460	380.130	0	245.270	0	0	
0	[SLAMPOS]	0	-116.590	380.070	0	245.300	0	0	
0	[SLAMPOS]	0	-116.880	379.950	0	245.370	0	0	
0	[SLAMPOS]	0	-117.220	379.800	0	245.440	0	0	
0	[SLAMPOS]	0	-117.350	379.750	0	245.460	0	0	
0	[SLAMPOS]	0	-117.650	379.620	0	245.530	0	0	
0	[SLAMPOS]	0	-117.990	379.470	0	245.590	0	0	
0	[SLAMPOS]	0	-118.080	379.430	0	245.610	0	0	
0	[SLAMPOS]	0	-118.420	379.290	0	245.680	0	0	
0	[SLAMPOS]	0	-118.720	379.160	0	245.740	0	0	
0	[SLAMPOS]	0	-118.860	379.100	0	245.770	0	0	
0	[SLAMPOS]	0	-119.380	378.890	0	245.880	0	0	
0	[SLAMPOS]	0	-119.510	378.830	0	245.910	0	0	
0	[SLAMPOS]	0	-119.700	378.750	0	245.950	0	0	
0	[SLAMPOS]	0	-120.170	378.560	0	246.060	0	0	
0	[SLAMPOS]	0	-120.310	378.500	0	246.080	0	0	
0	[SLAMPOS]	0	-120.630	378.370	0	246.150	0	0	
0	[SLAMPOS]	0	-120.990	378.220	0	246.210	0	0	
0	[SLAMPOS]	0	-121.080	378.180	0	246.230	0	0	
0	[SLAMPOS]	0	-121.440	378.040	0	246.310	0	0	
0	[SLAMPOS]	0	-121.530	378.000	0	246.330	0	0	
0	[SLAMPOS]	0	-121.910	377.850	0	246.410	0	0	
0	[SLAMPOS]	0	-122.440	377.630	0	246.510	0	0	
0	[SLAMPOS]	0	-122.580	377.570	0	246.520	0	0	
0	[SLAMPOS]	0	-122.900	377.440	0	246.570	0	0	
0	[SLAMPOS]	0	-123.270	377.290	0	246.630	0	0	
0	[SLAMPOS]	0	-123.350	377.260	0	246.640	0	0	
0	[SLAMPOS]	0	-123.720	377.110	0	246.700	0	0	
0	[SLAMPOS]	0	-124.110	376.960	0	246.760	0	0	
0	[SLAMPOS]	0	-124.350	376.860	0	246.790	0	0	
0	[SLAMPOS]	0	-124.670	376.730	0	246.850	0	0	
0	[SLAMPOS]	0	-125.050	376.580	0	246.890	0	0	
0	[SLAMPOS]	0	-125.130	376.550	0	246.900	0	0	
0	[SLAMPOS]	0	-125.400	376.440	0	246.940	0	0	
0	[SLAMPOS]	0	-125.560	376.380	0	246.960	0	0	
0	[SLAMPOS]	0	-126.160	376.140	0	247.030	0	0	
0	[SLAMPOS]	0	-126.320	376.080	0	247.050	0	0	
0	[SLAMPOS]	0	-126.460	376.020	0	247.060	0	0	
0	[SLAMPOS]	0	-127.040	375.790	0	247.090	0	0	
0	[SLAMPOS]	0	-127.190	375.730	0	247.100	0	0	
0	[SLAMPOS]	0	-127.540	375.590	0	247.090	0	0	
0	[SLAMPOS]	0	-127.940	375.440	0	247.090	0	0	
0	[SLAMPOS]	0	-128.040	375.400	0	247.080	0	0	
0	[SLAMPOS]	0	-128.440	375.240	0	247.050	0	0	
0	[SLAMPOS]	0	-128.790	375.100	0	247.010	0	0	
0	[SLAMPOS]	0	-128.940	375.040	0	247.000	0	0	
0	[SLAMPOS]	0	-129.400	374.850	0	246.940	0	0	
0	[SLAMPOS]	0	-129.870	374.660	0	246.880	0	0	
0	[SLAMPOS]	0	-129.930	374.630	0	246.870	0	0	
0	[SLAMPOS]	0	-130.510	374.400	0	246.800	0	0	
0	[SLAMPOS]	0	-130.670	374.340	0	246.780	0	0	
0	[SLAMPOS]	0	-131.060	374.180	0	246.730	0	0	
0	[SLAMPOS]	0	-131.460	374.020	0	246.670	0	0	
0	[SLAMPOS]	0	-131.570	373.970	0	246.650	0	0	
0	[SLAMPOS]	0	-132.000	373.790	0	246.610	0	0	
0	[SLAMPOS]	0	-132.420	373.620	0	246.580	0	0	
0	[SLAMPOS]	0	-132.720	373.500	0	246.550	0	0	
0	[SLAMPOS]	0	-132.980	373.390	0	246.520	0	0	
0	[SLAMPOS]	0	-133.050	373.360	0	246.510	0	0	
0	[SLAMPOS]	0	-133.470	373.180	0	246.450	0	0	
0	[SLAMPOS]	0	-133.850	373.020	0	246.390	0	0	
0	[SLAMPOS]	0	-134.020	372.950	0	246.370	0	0	
0	[SLAMPOS]	0	-134.660	372.690	0	246.300	0	0	
0	[SLAMPOS]	0	-134.840	372.620	0	246.290	0	0	
0	[SLAMPOS]	0	-135.200	372.460	0	246.240	0	0	
0	[SLAMPOS]	0	-135.640	372.280	0	246.190	0	0	
0	[SLAMPOS]	0	-135.740	372.230	0	246.170	0	0	
0	[SLAMPOS]	0	-136.160	372.060	0	246.130	0	0	
0	[SLAMPOS]	0	-136.640	371.860	0	246.080	0	0	
0	[SLAMPOS]	0	-136.760	371.810	0	246.050	0	0	
0	[SLAMPOS]	0	-137.200	371.640	0	246.010	0	0	
0	[SLAMPOS]	0	-137.320	371.580	0	245.990	0	0	
0	[SLAMPOS]	0	-137.800	371.380	0	245.920	0	0	
0	[SLAMPOS]	0	-138.160	371.230	0	245.870	0	0	
0	[SLAMPOS]	0	-138.600	371.040	0	245.810	0	0	
0	[SLAMPOS]	0	-138.990	370.870	0	245.740	0	0	
0	[SLAMPOS]	0	-139.190	370.790	0	245.720	0	0	
0	[SLAMPOS]	0	-139.600	370.620	0	245.670	0	0	
0	[SLAMPOS]	0	-139.990	370.450	0	245.600	0	0	
0	[SLAMPOS]	0	-140.460	370.240	0	245.530	0	0	
0	[SLAMPOS]	0	-140.560	370.200	0	245.510	0	0	
0	[SLAMPOS]	0	-141.070	369.970	0	245.430	0	0	
0	[SLAMPOS]	0	-141.180	369.920	0	245.420	0	0	
0	[SLAMPOS]	0	-141.630	369.720	0	245.360	0	0	
0	[SLAMPOS]	0	-142.090	369.520	0	245.290	0	0	
0	[SLAMPOS]	0	-142.230	369.450	0	245.280	0	0	
0	[SLAMPOS]	0	-142.670	369.270	0	245.230	0	0	
0	[SLAMPOS]	0	-143.060	369.090	0	245.200	0	0	
0	[SLAMPOS]	0	-143.240	369.010	0	245.200	0	0	
0	[SLAMPOS]	0	-143.940	368.700	0	245.150	0	0	
0	[SLAMPOS]	0	-144.120	368.630	0	245.140	0	0	
0	[SLAMPOS]	0	-144.380	368.510	0	245.120	0	0	
0	[SLAMPOS]	0	-145.000	368.240	0	245.080	0	0	
0	[SLAMPOS]	0	-145.110	368.190	0	245.070	0	0	
0	[SLAMPOS]	0	-145.590	367.980	0	245.030	0	0	
0	[SLAMPOS]	0	-146.040	367.790	0	244.990	0	0	
0	[SLAMPOS]	0	-146.190	367.720	0	244.960	0	0	
0	[SLAMPOS]	0	-146.660	367.520	0	244.920	0	0	
0	[SLAMPOS]	0	-146.760	367.470	0	244.900	0	0	
0	[SLAMPOS]	0	-147.250	367.250	0	244.840	0	0	
0	[SLAMPOS]	0	-147.680	367.060	0	244.780	0	0	
0	[SLAMPOS]	0	-148.200	366.820	0	244.710	0	0	
0	[SLAMPOS]	0	-148.540	366.670	0	244.660	0	0	
0	[SLAMPOS]	0	-148.700	366.600	0	244.650	0	0	
0	[SLAMPOS]	0	-149.220	366.370	0	244.580	0	0	
0	[SLAMPOS]	0	-149.620	366.190	0	244.520	0	0	
0	[SLAMPOS]	0	-150.110	365.960	0	244.460	0	0	
0	[SLAMPOS]	0	-150.220	365.910	0	244.440	0	0	
0	[SLAMPOS]	0	-150.710	365.690	0	244.360	0	0	
0	[SLAMPOS]	0	-150.840	365.620	0	244.330	0	0	
0	[SLAMPOS]	0	-151.330	365.410	0	244.280	0	0	
0	[SLAMPOS]	0	-151.750	365.210	0	244.220	0	0	
0	[SLAMPOS]	0	-151.950	365.120	0	244.190	0	0	
0	[SLAMPOS]	0	-152.490	364.870	0	244.100	0	0	
0	[SLAMPOS]	0	-152.880	364.690	0	244.020	0	0	
0	[SLAMPOS]	0	-153.070	364.600	0	243.980	0	0	
0	[SLAMPOS]	0	-153.810	364.250	0	243.860	0	0	
0	[SLAMPOS]	0	-153.980	364.170	0	243.850	0	0	
0	[SLAMPOS]	0	-154.410	363.960	0	243.770	0	0	
0	[SLAMPOS]	0	-154.920	363.730	0	243.700	0	0	
0	[SLAMPOS]	0	-155.040	363.670	0	243.680	0	0	
0	[SLAMPOS]	0	-155.590	363.410	0	243.600	0	0	
0	[SLAMPOS]	0	-156.070	363.180	0	243.530	0	0	
0	[SLAMPOS]	0	-156.190	363.120	0	243.520	0	0	
0	[SLAMPOS]	0	-156.670	362.900	0	243.470	0	0	
0	[SLAMPOS]	0	-156.810	362.830	0	243.460	0	0	
0	[SLAMPOS]	0	-157.370	362.570	0	243.440	0	0	
0	[SLAMPOS]	0	-157.790	362.360	0	243.430	0	0	
0	[SLAMPOS]	0	-157.990	362.280	0	243.420	0	0	
0	[SLAMPOS]	0	-158.540	362.020	0	243.390	0	0	
0	[SLAMPOS]	0	-158.910	361.840	0	243.380	0	0	
0	[SLAMPOS]	0	-159.340	361.640	0	243.360	0	0	
0	[SLAMPOS]	0	-159.960	361.340	0	243.340	0	0	
0	[SLAMPOS]	0	-160.180	361.240	0	243.340	0	0	
0	[SLAMPOS]	0	-160.500	361.090	0	243.340	0	0	
0	[SLAMPOS]	0	-161.180	360.770	0	243.340	0	0	
0	[SLAMPOS]	0	-161.720	360.510	0	243.330	0	0	
0	[SLAMPOS]	0	-161.960	360.400	0	243.330	0	0	
0	[SLAMPOS]	0	-162.300	360.230	0	243.310	0	0	
0	[SLAMPOS]	0	-162.400	360.180	0	243.310	0	0	
0	[SLAMPOS]	0	-163.100	359.850	0	243.290	0	0	
0	[SLAMPOS]	0	-163.300	359.750	0	243.290	0	0	
0	[SLAMPOS]	0	-163.490	359.670	0	243.290	0	0	
0	[SLAMPOS]	0	-164.250	359.300	0	243.290	0	0	
0	[SLAMPOS]	0	-164.460	359.200	0	243.280	0	0	
0	[SLAMPOS]	0	-164.920	358.970	0	243.250	0	0	
0	[SLAMPOS]	0	-165.420	358.740	0	243.260	0	0	
0	[SLAMPOS]	0	-165.570	358.670	0	243.250	0	0	
0	[SLAMPOS]	0	-166.090	358.420	0	243.250	0	0	
0	[SLAMPOS]	0	-166.220	358.350	0	243.250	0	0	
0	[SLAMPOS]	0	-166.750	358.100	0	243.220	0	0	
0	[SLAMPOS]	0	-167.200	357.880	0	243.210	0	0	
0	[SLAMPOS]	0	-167.460	357.770	0	243.210	0	0	
0	[SLAMPOS]	0	-167.970	357.520	0	243.210	0	0	
0	[SLAMPOS]	0	-168.450	357.290	0	243.200	0	0	
0	[SLAMPOS]	0	-168.650	357.210	0	243.200	0	0	
0	[SLAMPOS]	0	-169.430	356.820	0	243.180	0	0	
0	[SLAMPOS]	0	-169.720	356.680	0	243.180	0	0	
0	[SLAMPOS]	0	-170.100	356.500	0	243.160	0	0	
0	[SLAMPOS]	0	-170.640	356.250	0	243.150	0	0	
0	[SLAMPOS]	0	-170.840	356.150	0	243.150	0	0	
0	[SLAMPOS]	0	-171.360	355.900	0	243.150	0	0	
0	[SLAMPOS]	0	-171.850	355.660	0	243.140	0	0	
0	[SLAMPOS]	0	-171.990	355.590	0	243.130	0	0	
0	[SLAMPOS]	0	-172.570	355.310	0	243.120	0	0	
0	[SLAMPOS]	0	-172.720	355.240	0	243.110	0	0	
0	[SLAMPOS]	0	-173.260	354.980	0	243.110	0	0	
0	[SLAMPOS]	0	-173.800	354.730	0	243.110	0	0	
0	[SLAMPOS]	0	-173.940	354.660	0	243.110	0	0	
0	[SLAMPOS]	0	-174.490	354.390	0	243.090	0	0	
0	[SLAMPOS]	0	-174.960	354.160	0	243.080	0	0	
0	[SLAMPOS]	0	-175.510	353.900	0	243.080	0	0	
0	[SLAMPOS]	0	-175.940	353.700	0	243.080	0	0	
0	[SLAMPOS]	0	-176.520	353.420	0	243.090	0	0	
0	[SLAMPOS]	0	-176.650	353.360	0	243.080	0	0	
0	[SLAMPOS]	0	-177.190	353.090	0	243.080	0	0	
0	[SLAMPOS]	0	-177.330	353.020	0	243.070	0	0	
0	[SLAMPOS]	0	-177.880	352.760	0	243.060	0	0	
0	[SLAMPOS]	0	-178.420	352.500	0	243.070	0	0	
0	[SLAMPOS]	0	-178.570	352.430	0	243.060	0	0	
0	[SLAMPOS]	0	-179.160	352.140	0	243.050	0	0	
0	[SLAMPOS]	0	-179.640	351.900	0	243.020	0	0	
0	[SLAMPOS]	0	-179.850	351.800	0	243.010	0	0	
0	[SLAMPOS]	0	-180.400	351.540	0	243.000	0	0	
0	[SLAMPOS]	0	-180.870	351.320	0	242.980	0	0	
0	[SLAMPOS]	0	-181.320	351.090	0	242.980	0	0	
0	[SLAMPOS]	0	-181.880	350.830	0	242.970	0	0	
0	[SLAMPOS]	0	-182.130	350.710	0	242.980	0	0	
0	[SLAMPOS]	0	-182.590	350.480	0	242.990	0	0	
0	[SLAMPOS]	0	-183.180	350.200	0	243.000	0	0	
0	[SLAMPOS]	0	-183.280	350.150	0	243.000	0	0	
0	[SLAMPOS]	0	-183.810	349.900	0	243.020	0	0	
0	[SLAMPOS]	0	-183.950	349.820	0	243.030	0	0	
0	[SLAMPOS]	0	-184.510	349.560	0	243.050	0	0	
0	[SLAMPOS]	0	-185.010	349.320	0	243.070	0	0	
0	[SLAMPOS]	0	-185.220	349.220	0	243.090	0	0	
0	[SLAMPOS]	0	-185.790	348.950	0	243.110	0	0	
0	[SLAMPOS]	0	-186.270	348.710	0	243.120	0	0	
0	[SLAMPOS]	0	-186.500	348.610	0	243.130	0	0	
0	[SLAMPOS]	0	-187.340	348.200	0	243.150	0	0	
0	[SLAMPOS]	0	-187.540	348.110	0	243.160	0	0	
0	[SLAMPOS]	0	-188.020	347.870	0	243.170	0	0	
0	[SLAMPOS]	0	-188.610	347.590	0	243.200	0	0	
0	[SLAMPOS]	0	-188.740	347.530	0	243.200	0	0	
0	[SLAMPOS]	0	-189.260	347.280	0	243.220	0	0	
0	[SLAMPOS]	0	-189.760	347.040	0	243.220	0	0	
0	[SLAMPOS]	0	-190.000	346.930	0	243.230	0	0	
0	[SLAMPOS]	0	-190.530	346.680	0	243.250	0	0	
0	[SLAMPOS]	0	-191.210	346.360	0	243.280	0	0	
0	[SLAMPOS]	0	-191.270	346.330	0	243.290	0	0	
0	[SLAMPOS]	0	-192.110	345.920	0	243.300	0	0	
0	[SLAMPOS]	0	-192.330	345.820	0	243.300	0	0	
0	[SLAMPOS]	0	-192.830	345.580	0	243.310	0	0	
0	[SLAMPOS]	0	-193.390	345.310	0	243.320	0	0	
0	[SLAMPOS]	0	-193.620	345.210	0	243.320	0	0	
0	[SLAMPOS]	0	-194.110	344.970	0	243.290	0	0	
0	[SLAMPOS]	0	-194.720	344.680	0	243.270	0	0	
0	[SLAMPOS]	0	-194.850	344.610	0	243.260	0	0	
0	[SLAMPOS]	0	-195.410	344.350	0	243.280	0	0	
0	[SLAMPOS]	0	-195.680	344.220	0	243.270	0	0	
0	[SLAMPOS]	0	-196.220	343.950	0	243.240	0	0	
0	[SLAMPOS]	0	-196.810	343.680	0	243.240	0	0	
0	[SLAMPOS]	0	-196.950	343.600	0	243.230	0	0	
0	[SLAMPOS]	0	-197.560	343.320	0	243.220	0	0	
0	[SLAMPOS]	0	-197.670	343.260	0	243.220	0	0	
0	[SLAMPOS]	0	-198.270	342.980	0	243.210	0	0	
0	[SLAMPOS]	0	-198.830	342.710	0	243.190	0	0	
0	[SLAMPOS]	0	-199.320	342.470	0	243.190	0	0	
0	[SLAMPOS]	0	-199.610	342.330	0	243.180	0	0	
0	[SLAMPOS]	0	-200.090	342.100	0	243.180	0	0	
0	[SLAMPOS]	0	-200.320	341.990	0	243.180	0	0	
0	[SLAMPOS]	0	-201.170	341.580	0	243.210	0	0	
0	[SLAMPOS]	0	-201.400	341.480	0	243.210	0	0	
0	[SLAMPOS]	0	-201.960	341.210	0	243.200	0	0	
0	[SLAMPOS]	0	-202.460	340.960	0	243.210	0	0	
0	[SLAMPOS]	0	-203.020	340.700	0	243.220	0	0	
0	[SLAMPOS]	0	-203.170	340.620	0	243.230	0	0	
0	[SLAMPOS]	0	-203.760	340.350	0	243.250	0	0	
0	[SLAMPOS]	0	-203.910	340.280	0	243.250	0	0	
0	[SLAMPOS]	0	-204.480	340.000	0	243.240	0	0	
0	[SLAMPOS]	0	-204.990	339.750	0	243.250	0	0	
0	[SLAMPOS]	0	-205.220	339.650	0	243.260	0	0	
0	[SLAMPOS]	0	-205.780	339.380	0	243.260	0	0	
0	[SLAMPOS]	0	-206.300	339.140	0	243.280	0	0	
0	[SLAMPOS]	0	-206.560	339.010	0	243.270	0	0	
0	[SLAMPOS]	0	-207.060	338.770	0	243.270	0	0	
0	[SLAMPOS]	0	-207.690	338.480	0	243.270	0	0	
0	[SLAMPOS]	0	-208.140	338.260	0	243.270	0	0	
0	[SLAMPOS]	0	-208.720	337.980	0	243.270	0	0	
0	[SLAMPOS]	0	-209.000	337.850	0	243.280	0	0	
0	[SLAMPOS]	0	-209.470	337.620	0	243.280	0	0	
0	[SLAMPOS]	0	-210.060	337.340	0	243.290	0	0	
0	[SLAMPOS]	0	-210.210	337.270	0	243.290	0	0	
0	[SLAMPOS]	0	-210.790	336.990	0	243.290	0	0	
0	[SLAMPOS]	0	-210.950	336.910	0	243.280	0	0	
0	[SLAMPOS]	0	-211.540	336.640	0	243.290	0	0	
0	[SLAMPOS]	0	-212.040	336.400	0	243.290	0	0	
0	[SLAMPOS]	0	-212.260	336.300	0	243.300	0	0	
0	[SLAMPOS]	0	-213.120	335.880	0	243.300	0	0	
0	[SLAMPOS]	0	-213.350	335.780	0	243.300	0	0	
0	[SLAMPOS]	0	-213.580	335.660	0	243.300	0	0	
0	[SLAMPOS]	0	-214.460	335.250	0	243.320	0	0	
0	[SLAMPOS]	0	-214.660	335.160	0	243.330	0	0	
0	[SLAMPOS]	0	-215.190	334.900	0	243.340	0	0	
0	[SLAMPOS]	0	-215.770	334.630	0	243.370	0	0	
0	[SLAMPOS]	0	-215.930	334.550	0	243.370	0	0	
0	[SLAMPOS]	0	-216.510	334.270	0	243.370	0	0	
0	[SLAMPOS]	0	-217.010	334.030	0	243.380	0	0	
0	[SLAMPOS]	0	-217.250	333.920	0	243.380	0	0	
0	[SLAMPOS]	0	-217.830	333.650	0	243.400	0	0	
0	[SLAMPOS]	0	-218.350	333.390	0	243.420	0	0	
0	[SLAMPOS]	0	-218.580	333.290	0	243.430	0	0	
0	[SLAMPOS]	0	-219.430	332.880	0	243.440	0	0	
0	[SLAMPOS]	0	-219.660	332.770	0	243.440	0	0	
0	[SLAMPOS]	0	-220.180	332.520	0	243.440	0	0	
0	[SLAMPOS]	0	-220.770	332.230	0	243.440	0	0	
0	[SLAMPOS]	0	-220.940	332.150	0	243.440	0	0	
0	[SLAMPOS]	0	-221.520	331.880	0	243.450	0	0	
0	[SLAMPOS]	0	-222.130	331.590	0	243.470	0	0	
0	[SLAMPOS]	0	-222.260	331.530	0	243.470	0	0	
0	[SLAMPOS]	0	-222.860	331.250	0	243.470	0	0	
0	[SLAMPOS]	0	-223.040	331.160	0	243.470	0	0	
0	[SLAMPOS]	0	-223.600	330.900	0	243.480	0	0	
0	[SLAMPOS]	0	-224.120	330.650	0	243.480	0	0	
0	[SLAMPOS]	0	-224.450	330.490	0	243.480	0	0	
0	[SLAMPOS]	0	-225.270	330.100	0	243.480	0	0	
0	[SLAMPOS]	0	-225.460	330.020	0	243.490	0	0	
0	[SLAMPOS]	0	-225.790	329.860	0	243.490	0	0	
0	[SLAMPOS]	0	-226.570	329.500	0	243.510	0	0	
0	[SLAMPOS]	0	-226.800	329.390	0	243.510	0	0	
0	[SLAMPOS]	0	-227.320	329.140	0	243.510	0	0	
0	[SLAMPOS]	0	-227.960	328.840	0	243.530	0	0	
0	[SLAMPOS]	0	-228.060	328.790	0	243.530	0	0	
0	[SLAMPOS]	0	-228.640	328.520	0	243.530	0	0	
0	[SLAMPOS]	0	-229.180	328.260	0	243.540	0	0	
0	[SLAMPOS]	0	-229.400	328.160	0	243.550	0	0	
0	[SLAMPOS]	0	-230.290	327.730	0	243.570	0	0	
0	[SLAMPOS]	0	-230.510	327.630	0	243.560	0	0	
0	[SLAMPOS]	0	-231.040	327.380	0	243.570	0	0	
0	[SLAMPOS]	0	-231.650	327.100	0	243.570	0	0	
0	[SLAMPOS]	0	-231.870	327.000	0	243.580	0	0	
0	[SLAMPOS]	0	-232.410	326.740	0	243.590	0	0	
0	[SLAMPOS]	0	-232.990	326.470	0	243.600	0	0	
0	[SLAMPOS]	0	-233.200	326.360	0	243.600	0	0	
0	[SLAMPOS]	0	-233.730	326.110	0	243.600	0	0	
0	[SLAMPOS]	0	-233.890	326.030	0	243.600	0	0	
0	[SLAMPOS]	0	-234.490	325.760	0	243.610	0	0	
0	[SLAMPOS]	0	-235.000	325.510	0	243.620	0	0	
0	[SLAMPOS]	0	-235.250	325.400	0	243.630	0	0	
0	[SLAMPOS]	0	-236.140	324.970	0	243.620	0	0	
0	[SLAMPOS]	0	-236.360	324.880	0	243.620	0	0	
0	[SLAMPOS]	0	-236.960	324.600	0	243.630	0	0	
0	[SLAMPOS]	0	-237.480	324.350	0	243.620	0	0	
0	[SLAMPOS]	0	-238.100	324.060	0	243.610	0	0	
0	[SLAMPOS]	0	-238.230	323.990	0	243.600	0	0	
0	[SLAMPOS]	0	-238.860	323.700	0	243.600	0	0	
0	[SLAMPOS]	0	-238.980	323.640	0	243.590	0	0	
0	[SLAMPOS]	0	-239.590	323.360	0	243.590	0	0	
0	[SLAMPOS]	0	-240.100	323.110	0	243.570	0	0	
0	[SLAMPOS]	0	-240.330	323.010	0	243.570	0	0	
0	[SLAMPOS]	0	-241.220	322.590	0	243.530	0	0	
0	[SLAMPOS]	0	-241.400	322.500	0	243.530	0	0	
0	[SLAMPOS]	0	-241.930	322.250	0	243.490	0	0	
0	[SLAMPOS]	0	-242.530	321.970	0	243.480	0	0	
0	[SLAMPOS]	0	-242.690	321.890	0	243.460	0	0	
0	[SLAMPOS]	0	-243.270	321.610	0	243.430	0	0	
0	[SLAMPOS]	0	-243.790	321.360	0	243.380	0	0	
0	[SLAMPOS]	0	-244.000	321.270	0	243.370	0	0	
0	[SLAMPOS]	0	-244.680	320.940	0	243.330	0	0	
0	[SLAMPOS]	0	-244.830	320.860	0	243.310	0	0	
0	[SLAMPOS]	0	-245.440	320.580	0	243.280	0	0	
0	[SLAMPOS]	0	-246.080	320.270	0	243.230	0	0	
0	[SLAMPOS]	0	-246.590	320.020	0	243.190	0	0	
0	[SLAMPOS]	0	-247.080	319.780	0	243.170	0	0	
0	[SLAMPOS]	0	-247.320	319.670	0	243.160	0	0	
0	[SLAMPOS]	0	-247.910	319.390	0	243.140	0	0	
0	[SLAMPOS]	0	-248.440	319.130	0	243.150	0	0	
0	[SLAMPOS]	0	-249.030	318.840	0	243.170	0	0	
0	[SLAMPOS]	0	-249.190	318.760	0	243.170	0	0	
0	[SLAMPOS]	0	-249.780	318.480	0	243.190	0	0	
0	[SLAMPOS]	0	-249.960	318.390	0	243.190	0	0	
0	[SLAMPOS]	0	-250.590	318.090	0	243.210	0	0	
0	[SLAMPOS]	0	-251.110	317.850	0	243.230	0	0	
0	[SLAMPOS]	0	-251.330	317.740	0	243.230	0	0	
0	[SLAMPOS]	0	-252.210	317.320	0	243.240	0	0	
0	[SLAMPOS]	0	-252.460	317.200	0	243.250	0	0	
0	[SLAMPOS]	0	-252.710	317.090	0	243.250	0	0	
0	[SLAMPOS]	0	-253.590	316.660	0	243.240	0	0	
0	[SLAMPOS]	0	-253.820	316.560	0	243.250	0	0	
0	[SLAMPOS]	0	-254.350	316.300	0	243.250	0	0	
0	[SLAMPOS]	0	-254.950	316.020	0	243.250	0	0	
0	[SLAMPOS]	0	-255.120	315.930	0	243.250	0	0	
0	[SLAMPOS]	0	-255.730	315.640	0	243.240	0	0	
0	[SLAMPOS]	0	-256.530	315.250	0	243.240	0	0	
0	[SLAMPOS]	0	-256.530	315.260	0	243.240	0	0	
0	[SLAMPOS]	0	-257.070	315.000	0	243.250	0	0	
0	[SLAMPOS]	0	-257.650	314.720	0	243.240	0	0	
0	[SLAMPOS]	0	-257.830	314.630	0	243.240	0	0	
0	[SLAMPOS]	0	-258.730	314.200	0	243.240	0	0	
0	[SLAMPOS]	0	-258.970	314.090	0	243.240	0	0	
0	[SLAMPOS]	0	-259.500	313.830	0	243.240	0	0	
0	[SLAMPOS]	0	-260.130	313.530	0	243.220	0	0	
0	[SLAMPOS]	0	-260.260	313.460	0	243.220	0	0	
0	[SLAMPOS]	0	-260.880	313.170	0	243.210	0	0	
0	[SLAMPOS]	0	-261.460	312.890	0	243.210	0	0	
0	[SLAMPOS]	0	-261.620	312.810	0	243.200	0	0	
0	[SLAMPOS]	0	-262.280	312.500	0	243.180	0	0	
0	[SLAMPOS]	0	-262.380	312.440	0	243.170	0	0	
0	[SLAMPOS]	0	-262.990	312.150	0	243.140	0	0	
0	[SLAMPOS]	0	-263.520	311.890	0	243.100	0	0	
0	[SLAMPOS]	0	-263.810	311.760	0	243.080	0	0	
0	[SLAMPOS]	0	-264.420	311.470	0	243.050	0	0	
0	[SLAMPOS]	0	-264.950	311.210	0	243.000	0	0	
0	[SLAMPOS]	0	-265.180	311.090	0	242.970	0	0	
0	[SLAMPOS]	0	-266.080	310.650	0	242.880	0	0	
0	[SLAMPOS]	0	-266.310	310.540	0	242.870	0	0	
0	[SLAMPOS]	0	-266.860	310.270	0	242.820	0	0	
0	[SLAMPOS]	0	-267.490	309.960	0	242.770	0	0	
0	[SLAMPOS]	0	-267.730	309.850	0	242.750	0	0	
0	[SLAMPOS]	0	-268.260	309.580	0	242.700	0	0	
0	[SLAMPOS]	0	-268.840	309.290	0	242.640	0	0	
0	[SLAMPOS]	0	-269.040	309.190	0	242.620	0	0	
0	[SLAMPOS]	0	-269.600	308.920	0	242.580	0	0	
0	[SLAMPOS]	0	-269.760	308.830	0	242.560	0	0	
0	[SLAMPOS]	0	-270.380	308.540	0	242.530	0	0	
0	[SLAMPOS]	0	-270.900	308.270	0	242.490	0	0	
0	[SLAMPOS]	0	-271.140	308.160	0	242.460	0	0	
0	[SLAMPOS]	0	-272.030	307.710	0	242.380	0	0	
0	[SLAMPOS]	0	-272.270	307.590	0	242.370	0	0	
0	[SLAMPOS]	0	-272.500	307.490	0	242.350	0	0	
0	[SLAMPOS]	0	-273.390	307.040	0	242.340	0	0	
0	[SLAMPOS]	0	-273.630	306.920	0	242.330	0	0	
0	[SLAMPOS]	0	-274.160	306.650	0	242.340	0	0	
0	[SLAMPOS]	0	-274.730	306.360	0	242.350	0	0	
0	[SLAMPOS]	0	-274.890	306.280	0	242.360	0	0	
0	[SLAMPOS]	0	-275.540	305.960	0	242.390	0	0	
0	[SLAMPOS]	0	-276.150	305.660	0	242.410	0	0	
0	[SLAMPOS]	0	-276.340	305.560	0	242.430	0	0	
0	[SLAMPOS]	0	-276.940	305.270	0	242.460	0	0	
0	[SLAMPOS]	0	-277.100	305.190	0	242.480	0	0	
0	[SLAMPOS]	0	-277.750	304.870	0	242.540	0	0	
0	[SLAMPOS]	0	-278.340	304.580	0	242.620	0	0	
0	[SLAMPOS]	0	-278.500	304.490	0	242.630	0	0	
0	[SLAMPOS]	0	-279.090	304.210	0	242.690	0	0	
0	[SLAMPOS]	0	-279.630	303.940	0	242.740	0	0	
0	[SLAMPOS]	0	-279.870	303.840	0	242.770	0	0	
0	[SLAMPOS]	0	-280.760	303.400	0	242.860	0	0	
0	[SLAMPOS]	0	-281.000	303.290	0	242.880	0	0	
0	[SLAMPOS]	0	-281.530	303.030	0	242.940	0	0	
0	[SLAMPOS]	0	-282.130	302.740	0	242.990	0	0	
0	[SLAMPOS]	0	-282.370	302.630	0	243.010	0	0	
0	[SLAMPOS]	0	-282.900	302.370	0	243.040	0	0	
0	[SLAMPOS]	0	-283.500	302.090	0	243.100	0	0	
0	[SLAMPOS]	0	-283.660	302.010	0	243.100	0	0	
0	[SLAMPOS]	0	-284.240	301.730	0	243.140	0	0	
0	[SLAMPOS]	0	-284.390	301.650	0	243.140	0	0	
0	[SLAMPOS]	0	-285.050	301.330	0	243.180	0	0	
0	[SLAMPOS]	0	-285.530	301.100	0	243.200	0	0	
0	[SLAMPOS]	0	-286.120	300.820	0	243.220	0	0	
0	[SLAMPOS]	0	-286.650	300.560	0	243.230	0	0	
0	[SLAMPOS]	0	-286.890	300.450	0	243.240	0	0	
0	[SLAMPOS]	0	-287.490	300.170	0	243.250	0	0	
0	[SLAMPOS]	0	-288.010	299.910	0	243.260	0	0	
0	[SLAMPOS]	0	-288.610	299.630	0	243.260	0	0	
0	[SLAMPOS]	0	-288.760	299.560	0	243.260	0	0	
0	[SLAMPOS]	0	-289.420	299.240	0	243.260	0	0	
0	[SLAMPOS]	0	-289.670	299.130	0	243.260	0	0	
0	[SLAMPOS]	0	-290.200	298.880	0	243.260	0	0	
0	[SLAMPOS]	0	-290.780	298.600	0	243.260	0	0	
0	[SLAMPOS]	0	-290.950	298.520	0	243.250	0	0	
0	[SLAMPOS]	0	-291.550	298.230	0	243.250	0	0	
0	[SLAMPOS]	0	-292.060	297.980	0	243.240	0	0	
0	[SLAMPOS]	0	-292.340	297.850	0	243.230	0	0	
0	[SLAMPOS]	0	-293.220	297.430	0	243.220	0	0	
0	[SLAMPOS]	0	-293.460	297.310	0	243.220	0	0	
0	[SLAMPOS]	0	-293.980	297.060	0	243.190	0	0	
0	[SLAMPOS]	0	-294.630	296.740	0	243.170	0	0	
0	[SLAMPOS]	0	-294.740	296.690	0	243.160	0	0	
0	[SLAMPOS]	0	-295.350	296.400	0	243.140	0	0	
0	[SLAMPOS]	0	-295.960	296.120	0	243.120	0	0	
0	[SLAMPOS]	0	-296.120	296.040	0	243.090	0	0	
0	[SLAMPOS]	0	-296.730	295.750	0	243.050	0	0	
0	[SLAMPOS]	0	-296.920	295.650	0	243.030	0	0	
0	[SLAMPOS]	0	-297.480	295.390	0	242.970	0	0	
0	[SLAMPOS]	0	-298.000	295.130	0	242.920	0	0	
0	[SLAMPOS]	0	-298.250	295.010	0	242.900	0	0	
0	[SLAMPOS]	0	-299.150	294.560	0	242.840	0	0	
0	[SLAMPOS]	0	-299.380	294.450	0	242.830	0	0	
0	[SLAMPOS]	0	-300.010	294.140	0	242.800	0	0	
0	[SLAMPOS]	0	-300.520	293.890	0	242.790	0	0	
0	[SLAMPOS]	0	-300.770	293.770	0	242.780	0	0	
0	[SLAMPOS]	0	-301.270	293.520	0	242.750	0	0	
0	[SLAMPOS]	0	-301.860	293.230	0	242.720	0	0	
0	[SLAMPOS]	0	-301.990	293.170	0	242.710	0	0	
0	[SLAMPOS]	0	-302.620	292.860	0	242.690	0	0	
0	[SLAMPOS]	0	-303.140	292.600	0	242.660	0	0	
0	[SLAMPOS]	0	-303.380	292.500	0	242.660	0	0	
0	[SLAMPOS]	0	-304.270	292.050	0	242.610	0	0	
0	[SLAMPOS]	0	-304.560	291.900	0	242.610	0	0	
0	[SLAMPOS]	0	-304.990	291.690	0	242.590	0	0	
0	[SLAMPOS]	0	-305.580	291.400	0	242.560	0	0	
0	[SLAMPOS]	0	-305.730	291.320	0	242.560	0	0	
0	[SLAMPOS]	0	-306.330	291.030	0	242.530	0	0	
0	[SLAMPOS]	0	-306.930	290.730	0	242.510	0	0	
0	[SLAMPOS]	0	-307.090	290.640	0	242.510	0	0	
0	[SLAMPOS]	0	-307.680	290.350	0	242.500	0	0	
0	[SLAMPOS]	0	-308.210	290.080	0	242.500	0	0	
0	[SLAMPOS]	0	-308.440	289.970	0	242.510	0	0	
0	[SLAMPOS]	0	-309.320	289.530	0	242.540	0	0	
0	[SLAMPOS]	0	-309.570	289.410	0	242.550	0	0	
0	[SLAMPOS]	0	-310.080	289.160	0	242.550	0	0	
0	[SLAMPOS]	0	-310.680	288.880	0	242.560	0	0	
0	[SLAMPOS]	0	-310.910	288.770	0	242.560	0	0	
0	[SLAMPOS]	0	-311.430	288.500	0	242.560	0	0	
0	[SLAMPOS]	0	-312.030	288.210	0	242.560	0	0	
0	[SLAMPOS]	0	-312.200	288.130	0	242.550	0	0	
0	[SLAMPOS]	0	-312.800	287.840	0	242.560	0	0	
0	[SLAMPOS]	0	-312.930	287.760	0	242.550	0	0	
0	[SLAMPOS]	0	-313.530	287.470	0	242.570	0	0	
0	[SLAMPOS]	0	-314.050	287.210	0	242.560	0	0	
0	[SLAMPOS]	0	-314.280	287.100	0	242.540	0	0	
0	[SLAMPOS]	0	-315.150	286.660	0	242.500	0	0	
0	[SLAMPOS]	0	-315.400	286.540	0	242.490	0	0	
0	[SLAMPOS]	0	-315.620	286.430	0	242.500	0	0	
0	[SLAMPOS]	0	-316.490	286.000	0	242.460	0	0	
0	[SLAMPOS]	0	-316.730	285.880	0	242.450	0	0	
0	[SLAMPOS]	0	-317.250	285.620	0	242.390	0	0	
0	[SLAMPOS]	0	-317.820	285.340	0	242.340	0	0	
0	[SLAMPOS]	0	-317.970	285.260	0	242.320	0	0	
0	[SLAMPOS]	0	-318.580	284.960	0	242.280	0	0	
0	[SLAMPOS]	0	-319.100	284.700	0	242.240	0	0	
0	[SLAMPOS]	0	-319.310	284.590	0	242.220	0	0	
0	[SLAMPOS]	0	-320.180	284.150	0	242.160	0	0	
0	[SLAMPOS]	0	-320.420	284.040	0	242.150	0	0	
0	[SLAMPOS]	0	-320.640	283.930	0	242.140	0	0	
0	[SLAMPOS]	0	-321.510	283.480	0	242.130	0	0	
0	[SLAMPOS]	0	-321.730	283.370	0	242.120	0	0	
0	[SLAMPOS]	0	-322.250	283.110	0	242.120	0	0	
0	[SLAMPOS]	0	-322.840	282.820	0	242.120	0	0	
0	[SLAMPOS]	0	-323.000	282.730	0	242.120	0	0	
0	[SLAMPOS]	0	-323.630	282.420	0	242.110	0	0	
0	[SLAMPOS]	0	-324.210	282.120	0	242.090	0	0	
0	[SLAMPOS]	0	-324.370	282.040	0	242.090	0	0	
0	[SLAMPOS]	0	-324.970	281.750	0	242.110	0	0	
0	[SLAMPOS]	0	-325.130	281.660	0	242.110	0	0	
0	[SLAMPOS]	0	-325.720	281.370	0	242.140	0	0	
0	[SLAMPOS]	0	-326.350	281.060	0	242.140	0	0	
0	[SLAMPOS]	0	-326.470	280.990	0	242.140	0	0	
0	[SLAMPOS]	0	-327.330	280.560	0	242.140	0	0	
0	[SLAMPOS]	0	-327.560	280.450	0	242.150	0	0	
0	[SLAMPOS]	0	-327.780	280.340	0	242.150	0	0	
0	[SLAMPOS]	0	-328.660	279.900	0	242.180	0	0	
0	[SLAMPOS]	0	-328.880	279.790	0	242.190	0	0	
0	[SLAMPOS]	0	-329.390	279.540	0	242.190	0	0	
0	[SLAMPOS]	0	-329.970	279.250	0	242.190	0	0	
0	[SLAMPOS]	0	-330.130	279.160	0	242.190	0	0	
0	[SLAMPOS]	0	-330.700	278.880	0	242.180	0	0	
0	[SLAMPOS]	0	-331.210	278.620	0	242.180	0	0	
0	[SLAMPOS]	0	-331.440	278.510	0	242.190	0	0	
0	[SLAMPOS]	0	-332.300	278.070	0	242.200	0	0	
0	[SLAMPOS]	0	-332.530	277.960	0	242.200	0	0	
0	[SLAMPOS]	0	-332.770	277.850	0	242.210	0	0	
0	[SLAMPOS]	0	-333.640	277.410	0	242.200	0	0	
0	[SLAMPOS]	0	-333.860	277.300	0	242.200	0	0	
0	[SLAMPOS]	0	-334.360	277.040	0	242.180	0	0	
0	[SLAMPOS]	0	-334.640	276.900	0	242.180	0	0	
0	[SLAMPOS]	0	-335.160	276.640	0	242.170	0	0	
0	[SLAMPOS]	0	-335.740	276.350	0	242.180	0	0	
0	[SLAMPOS]	0	-335.880	276.280	0	242.170	0	0	
0	[SLAMPOS]	0	-336.770	275.830	0	242.150	0	0	
0	[SLAMPOS]	0	-337.260	275.590	0	242.150	0	0	
0	[SLAMPOS]	0	-337.770	275.330	0	242.140	0	0	
0	[SLAMPOS]	0	-337.770	275.330	0	242.140	0	0	
0	[SLAMPOS]	0	-338.280	275.080	0	242.130	0	0	
0	[SLAMPOS]	0	-338.500	274.970	0	242.130	0	0	
0	[SLAMPOS]	0	-339.370	274.520	0	242.130	0	0	
0	[SLAMPOS]	0	-339.630	274.400	0	242.130	0	0	
0	[SLAMPOS]	0	-340.120	274.150	0	242.140	0	0	
0	[SLAMPOS]	0	-340.690	273.860	0	242.150	0	0	
0	[SLAMPOS]	0	-340.930	273.750	0	242.150	0	0	
0	[SLAMPOS]	0	-341.430	273.490	0	242.170	0	0	
0	[SLAMPOS]	0	-342.020	273.200	0	242.190	0	0	
0	[SLAMPOS]	0	-342.160	273.120	0	242.210	0	0	
0	[SLAMPOS]	0	-342.800	272.800	0	242.240	0	0	
0	[SLAMPOS]	0	-343.420	272.500	0	242.290	0	0	
0	[SLAMPOS]	0	-343.540	272.430	0	242.310	0	0	
0	[SLAMPOS]	0	-344.140	272.140	0	242.380	0	0	
0	[SLAMPOS]	0	-344.290	272.060	0	242.410	0	0	
0	[SLAMPOS]	0	-344.880	271.770	0	242.490	0	0	
0	[SLAMPOS]	0	-345.400	271.510	0	242.570	0	0	
0	[SLAMPOS]	0	-345.970	271.230	0	242.650	0	0	
0	[SLAMPOS]	0	-346.490	270.970	0	242.750	0	0	
0	[SLAMPOS]	0	-347.070	270.700	0	242.860	0	0	
0	[SLAMPOS]	0	-347.230	270.620	0	242.900	0	0	
0	[SLAMPOS]	0	-347.810	270.340	0	243.010	0	0	
0	[SLAMPOS]	0	-347.970	270.260	0	243.050	0	0	
0	[SLAMPOS]	0	-348.570	269.980	0	243.160	0	0	
0	[SLAMPOS]	0	-349.060	269.740	0	243.260	0	0	
0	[SLAMPOS]	0	-349.280	269.640	0	243.290	0	0	
0	[SLAMPOS]	0	-349.880	269.380	0	243.410	0	0	
0	[SLAMPOS]	0	-350.410	269.120	0	243.530	0	0	
0	[SLAMPOS]	0	-350.640	269.020	0	243.570	0	0	
0	[SLAMPOS]	0	-351.520	268.610	0	243.740	0	0	
0	[SLAMPOS]	0	-351.760	268.500	0	243.790	0	0	
0	[SLAMPOS]	0	-352.270	268.260	0	243.900	0	0	
0	[SLAMPOS]	0	-352.870	267.990	0	244.000	0	0	
0	[SLAMPOS]	0	-353.190	267.840	0	244.050	0	0	
0	[SLAMPOS]	0	-353.670	267.610	0	244.130	0	0	
0	[SLAMPOS]	0	-354.230	267.370	0	244.220	0	0	
0	[SLAMPOS]	0	-354.380	267.290	0	244.230	0	0	
0	[SLAMPOS]	0	-354.980	267.030	0	244.330	0	0	
0	[SLAMPOS]	0	-355.140	266.950	0	244.330	0	0	
0	[SLAMPOS]	0	-355.740	266.680	0	244.400	0	0	
0	[SLAMPOS]	0	-356.270	266.440	0	244.410	0	0	
0	[SLAMPOS]	0	-356.870	266.170	0	244.410	0	0	
0	[SLAMPOS]	0	-357.380	265.940	0	244.410	0	0	
0	[SLAMPOS]	0	-357.990	265.670	0	244.430	0	0	
0	[SLAMPOS]	0	-358.150	265.590	0	244.420	0	0	
0	[SLAMPOS]	0	-358.750	265.320	0	244.400	0	0	
0	[SLAMPOS]	0	-359.330	265.050	0	244.370	0	0	
0	[SLAMPOS]	0	-359.490	264.980	0	244.370	0	0	
0	[SLAMPOS]	0	-360.090	264.710	0	244.370	0	0	
0	[SLAMPOS]	0	-360.250	264.630	0	244.370	0	0	
0	[SLAMPOS]	0	-360.840	264.370	0	244.370	0	0	
0	[SLAMPOS]	0	-361.370	264.120	0	244.360	0	0	
0	[SLAMPOS]	0	-361.600	264.020	0	244.350	0	0	
0	[SLAMPOS]	0	-362.480	263.610	0	244.320	0	0	
0	[SLAMPOS]	0	-362.710	263.510	0	244.310	0	0	
0	[SLAMPOS]	0	-363.240	263.270	0	244.290	0	0	
0	[SLAMPOS]	0	-363.830	262.990	0	244.280	0	0	
0	[SLAMPOS]	0	-364.080	262.880	0	244.280	0	0	
0	[SLAMPOS]	0	-364.600	262.640	0	244.230	0	0	
0	[SLAMPOS]	0	-365.200	262.360	0	244.170	0	0	
0	[SLAMPOS]	0	-365.340	262.290	0	244.150	0	0	
0	[SLAMPOS]	0	-365.960	262.010	0	244.110	0	0	
0	[SLAMPOS]	0	-366.460	261.780	0	244.060	0	0	
0	[SLAMPOS]	0	-366.680	261.680	0	244.050	0	0	
0	[SLAMPOS]	0	-367.560	261.270	0	243.960	0	0	
0	[SLAMPOS]	0	-367.780	261.170	0	243.950	0	0	
0	[SLAMPOS]	0	-368.310	260.920	0	243.890	0	0	
0	[SLAMPOS]	0	-368.910	260.640	0	243.840	0	0	
0	[SLAMPOS]	0	-369.140	260.540	0	243.820	0	0	
0	[SLAMPOS]	0	-369.660	260.290	0	243.780	0	0	
0	[SLAMPOS]	0	-369.780	260.230	0	243.760	0	0	
0	[SLAMPOS]	0	-370.370	259.950	0	243.710	0	0	
0	[SLAMPOS]	0	-371.020	259.650	0	243.650	0	0	
0	[SLAMPOS]	0	-371.180	259.570	0	243.630	0	0	
0	[SLAMPOS]	0	-371.780	259.290	0	243.600	0	0	
0	[SLAMPOS]	0	-372.290	259.050	0	243.550	0	0	
0	[SLAMPOS]	0	-372.510	258.950	0	243.540	0	0	
0	[SLAMPOS]	0	-373.170	258.640	0	243.490	0	0	
0	[SLAMPOS]	0	-373.630	258.420	0	243.450	0	0	
0	[SLAMPOS]	0	-373.850	258.320	0	243.430	0	0	
0	[SLAMPOS]	0	-374.710	257.900	0	243.340	0	0	
0	[SLAMPOS]	0	-374.940	257.800	0	243.330	0	0	
0	[SLAMPOS]	0	-375.450	257.550	0	243.290	0	0	
0	[SLAMPOS]	0	-376.100	257.240	0	243.240	0	0	
0	[SLAMPOS]	0	-376.260	257.160	0	243.220	0	0	
0	[SLAMPOS]	0	-376.860	256.870	0	243.160	0	0	
0	[SLAMPOS]	0	-377.460	256.590	0	243.130	0	0	
0	[SLAMPOS]	0	-377.620	256.510	0	243.110	0	0	
0	[SLAMPOS]	0	-378.240	256.200	0	243.050	0	0	
0	[SLAMPOS]	0	-378.740	255.960	0	243.010	0	0	
0	[SLAMPOS]	0	-378.990	255.840	0	242.990	0	0	
0	[SLAMPOS]	0	-379.490	255.590	0	242.940	0	0	
0	[SLAMPOS]	0	-380.090	255.310	0	242.910	0	0	
0	[SLAMPOS]	0	-380.610	255.050	0	242.860	0	0	
0	[SLAMPOS]	0	-381.200	254.760	0	242.800	0	0	
0	[SLAMPOS]	0	-381.460	254.640	0	242.780	0	0	
0	[SLAMPOS]	0	-381.980	254.380	0	242.730	0	0	
0	[SLAMPOS]	0	-382.570	254.090	0	242.690	0	0	
0	[SLAMPOS]	0	-382.730	254.010	0	242.670	0	0	
0	[SLAMPOS]	0	-383.290	253.740	0	242.640	0	0	
0	[SLAMPOS]	0	-383.450	253.660	0	242.620	0	0	
0	[SLAMPOS]	0	-384.050	253.360	0	242.570	0	0	
0	[SLAMPOS]	0	-384.520	253.130	0	242.530	0	0	
0	[SLAMPOS]	0	-384.750	253.020	0	242.510	0	0	
0	[SLAMPOS]	0	-385.620	252.580	0	242.440	0	0	
0	[SLAMPOS]	0	-385.870	252.460	0	242.420	0	0	
0	[SLAMPOS]	0	-386.380	252.200	0	242.400	0	0	
0	[SLAMPOS]	0	-386.980	251.910	0	242.370	0	0	
0	[SLAMPOS]	0	-387.230	251.790	0	242.360	0	0	
0	[SLAMPOS]	0	-387.730	251.530	0	242.380	0	0	
0	[SLAMPOS]	0	-388.330	251.230	0	242.420	0	0	
0	[SLAMPOS]	0	-388.490	251.150	0	242.430	0	0	
0	[SLAMPOS]	0	-389.090	250.850	0	242.470	0	0	
0	[SLAMPOS]	0	-389.610	250.590	0	242.510	0	0	
0	[SLAMPOS]	0	-389.820	250.500	0	242.520	0	0	
0	[SLAMPOS]	0	-390.700	250.060	0	242.610	0	0	
0	[SLAMPOS]	0	-390.940	249.950	0	242.630	0	0	
0	[SLAMPOS]	0	-391.460	249.690	0	242.680	0	0	
0	[SLAMPOS]	0	-392.050	249.410	0	242.710	0	0	
0	[SLAMPOS]	0	-392.210	249.320	0	242.730	0	0	
0	[SLAMPOS]	0	-392.790	249.050	0	242.800	0	0	
0	[SLAMPOS]	0	-393.430	248.750	0	242.860	0	0	
0	[SLAMPOS]	0	-393.590	248.670	0	242.880	0	0	
0	[SLAMPOS]	0	-394.200	248.380	0	242.930	0	0	
0	[SLAMPOS]	0	-394.350	248.300	0	242.940	0	0	
0	[SLAMPOS]	0	-394.960	248.010	0	243.000	0	0	
0	[SLAMPOS]	0	-395.450	247.780	0	243.040	0	0	
0	[SLAMPOS]	0	-395.690	247.670	0	243.060	0	0	
0	[SLAMPOS]	0	-396.580	247.240	0	243.160	0	0	
0	[SLAMPOS]	0	-396.810	247.130	0	243.180	0	0	
0	[SLAMPOS]	0	-397.410	246.840	0	243.240	0	0	
0	[SLAMPOS]	0	-397.940	246.590	0	243.280	0	0	
0	[SLAMPOS]	0	-398.540	246.310	0	243.340	0	0	
0	[SLAMPOS]	0	-398.700	246.230	0	243.360	0	0	
0	[SLAMPOS]	0	-399.300	245.940	0	243.400	0	0	
0	[SLAMPOS]	0	-399.440	245.870	0	243.410	0	0	
0	[SLAMPOS]	0	-400.040	245.590	0	243.450	0	0	
0	[SLAMPOS]	0	-400.560	245.340	0	243.470	0	0	
0	[SLAMPOS]	0	-400.820	245.230	0	243.490	0	0	
0	[SLAMPOS]	0	-401.690	244.810	0	243.510	0	0	
0	[SLAMPOS]	0	-401.930	244.700	0	243.520	0	0	
0	[SLAMPOS]	0	-402.170	244.590	0	243.530	0	0	
0	[SLAMPOS]	0	-403.060	244.160	0	243.520	0	0	
0	[SLAMPOS]	0	-403.320	244.040	0	243.520	0	0	
0	[SLAMPOS]	0	-403.830	243.800	0	243.530	0	0	
0	[SLAMPOS]	0	-404.440	243.510	0	243.550	0	0	
0	[SLAMPOS]	0	-404.600	243.440	0	243.550	0	0	
0	[SLAMPOS]	0	-405.230	243.140	0	243.550	0	0	
0	[SLAMPOS]	0	-405.370	243.070	0	243.550	0	0	
0	[SLAMPOS]	0	-405.970	242.790	0	243.540	0	0	
0	[SLAMPOS]	0	-406.580	242.510	0	243.560	0	0	
0	[SLAMPOS]	0	-407.100	242.260	0	243.570	0	0	
0	[SLAMPOS]	0	-407.330	242.150	0	243.580	0	0	
0	[SLAMPOS]	0	-408.230	241.720	0	243.570	0	0	
0	[SLAMPOS]	0	-408.470	241.610	0	243.560	0	0	
0	[SLAMPOS]	0	-408.990	241.360	0	243.550	0	0	
0	[SLAMPOS]	0	-409.600	241.090	0	243.570	0	0	
0	[SLAMPOS]	0	-409.760	241.010	0	243.560	0	0	
0	[SLAMPOS]	0	-410.350	240.730	0	243.540	0	0	
0	[SLAMPOS]	0	-410.510	240.650	0	243.530	0	0	
0	[SLAMPOS]	0	-411.120	240.370	0	243.520	0	0	
0	[SLAMPOS]	0	-411.790	240.050	0	243.520	0	0	
0	[SLAMPOS]	0	-411.930	239.980	0	243.510	0	0	
0	[SLAMPOS]	0	-412.550	239.690	0	243.470	0	0	
0	[SLAMPOS]	0	-413.090	239.420	0	243.440	0	0	
0	[SLAMPOS]	0	-413.320	239.320	0	243.440	0	0	
0	[SLAMPOS]	0	-414.230	238.880	0	243.410	0	0	
0	[SLAMPOS]	0	-414.460	238.780	0	243.400	0	0	
0	[SLAMPOS]	0	-414.990	238.520	0	243.370	0	0	
0	[SLAMPOS]	0	-415.600	238.230	0	243.340	0	0	
0	[SLAMPOS]	0	-415.830	238.120	0	243.330	0	0	
0	[SLAMPOS]	0	-416.360	237.860	0	243.300	0	0	
0	[SLAMPOS]	0	-416.960	237.570	0	243.270	0	0	
0	[SLAMPOS]	0	-417.130	237.490	0	243.260	0	0	
0	[SLAMPOS]	0	-417.770	237.190	0	243.230	0	0	
0	[SLAMPOS]	0	-417.920	237.110	0	243.220	0	0	
0	[SLAMPOS]	0	-418.490	236.840	0	243.180	0	0	
0	[SLAMPOS]	0	-419.010	236.590	0	243.150	0	0	
0	[SLAMPOS]	0	-419.610	236.310	0	243.130	0	0	
0	[SLAMPOS]	0	-420.120	236.050	0	243.120	0	0	
0	[SLAMPOS]	0	-420.360	235.940	0	243.110	0	0	
0	[SLAMPOS]	0	-420.870	235.690	0	243.100	0	0	
0	[SLAMPOS]	0	-421.480	235.400	0	243.100	0	0	
0	[SLAMPOS]	0	-422.090	235.100	0	243.090	0	0	
0	[SLAMPOS]	0	-422.240	235.030	0	243.090	0	0	
0	[SLAMPOS]	0	-422.840	234.750	0	243.080	0	0	
0	[SLAMPOS]	0	-422.990	234.670	0	243.080	0	0	
0	[SLAMPOS]	0	-423.590	234.390	0	243.080	0	0	
0	[SLAMPOS]	0	-424.100	234.140	0	243.080	0	0	
0	[SLAMPOS]	0	-424.320	234.030	0	243.080	0	0	
0	[SLAMPOS]	0	-425.210	233.610	0	243.070	0	0	
0	[SLAMPOS]	0	-425.430	233.500	0	243.070	0	0	
0	[SLAMPOS]	0	-425.670	233.390	0	243.070	0	0	
0	[SLAMPOS]	0	-426.560	232.950	0	243.070	0	0	
0	[SLAMPOS]	0	-426.810	232.840	0	243.070	0	0	
0	[SLAMPOS]	0	-427.310	232.590	0	243.060	0	0	
0	[SLAMPOS]	0	-427.900	232.310	0	243.070	0	0	
0	[SLAMPOS]	0	-428.070	232.230	0	243.070	0	0	
0	[SLAMPOS]	0	-428.640	231.950	0	243.060	0	0	
0	[SLAMPOS]	0	-429.150	231.700	0	243.050	0	0	
0	[SLAMPOS]	0	-429.330	231.620	0	243.050	0	0	
0	[SLAMPOS]	0	-430.240	231.170	0	243.050	0	0	
0	[SLAMPOS]	0	-430.170	231.210	0	243.050	0	0	
0	[SLAMPOS]	0	-430.750	230.920	0	243.040	0	0	
0	[SLAMPOS]	0	-431.260	230.670	0	243.040	0	0	
0	[SLAMPOS]	0	-431.850	230.390	0	243.030	0	0	
0	[SLAMPOS]	0	-432.140	230.250	0	243.050	0	0	
0	[SLAMPOS]	0	-432.650	230.000	0	243.080	0	0	
0	[SLAMPOS]	0	-432.900	229.890	0	243.090	0	0	
0	[SLAMPOS]	0	-433.570	229.550	0	243.100	0	0	
0	[SLAMPOS]	0	-433.990	229.350	0	243.130	0	0	
0	[SLAMPOS]	0	-434.520	229.100	0	243.170	0	0	
0	[SLAMPOS]	0	-435.130	228.820	0	243.220	0	0	
0	[SLAMPOS]	0	-435.380	228.700	0	243.220	0	0	
0	[SLAMPOS]	0	-435.890	228.450	0	243.250	0	0	
0	[SLAMPOS]	0	-436.470	228.180	0	243.280	0	0	
0	[SLAMPOS]	0	-436.640	228.100	0	243.290	0	0	
0	[SLAMPOS]	0	-437.230	227.820	0	243.330	0	0	
0	[SLAMPOS]	0	-437.400	227.730	0	243.340	0	0	
0	[SLAMPOS]	0	-437.990	227.460	0	243.380	0	0	
0	[SLAMPOS]	0	-438.500	227.220	0	243.410	0	0	
0	[SLAMPOS]	0	-439.090	226.940	0	243.450	0	0	
0	[SLAMPOS]	0	-439.600	226.700	0	243.480	0	0	
0	[SLAMPOS]	0	-440.200	226.410	0	243.500	0	0	
0	[SLAMPOS]	0	-440.430	226.310	0	243.520	0	0	
0	[SLAMPOS]	0	-440.930	226.070	0	243.550	0	0	
0	[SLAMPOS]	0	-441.520	225.790	0	243.590	0	0	
0	[SLAMPOS]	0	-441.680	225.710	0	243.590	0	0	
0	[SLAMPOS]	0	-442.260	225.450	0	243.630	0	0	
0	[SLAMPOS]	0	-442.410	225.370	0	243.630	0	0	
0	[SLAMPOS]	0	-443.000	225.090	0	243.630	0	0	
0	[SLAMPOS]	0	-443.670	224.790	0	243.640	0	0	
0	[SLAMPOS]	0	-443.750	224.750	0	243.640	0	0	
0	[SLAMPOS]	0	-444.650	224.320	0	243.660	0	0	
0	[SLAMPOS]	0	-444.860	224.230	0	243.670	0	0	
0	[SLAMPOS]	0	-445.070	224.130	0	243.670	0	0	
0	[SLAMPOS]	0	-445.940	223.710	0	243.680	0	0	
0	[SLAMPOS]	0	-446.170	223.610	0	243.690	0	0	
0	[SLAMPOS]	0	-446.690	223.370	0	243.690	0	0	
0	[SLAMPOS]	0	-447.280	223.090	0	243.690	0	0	
0	[SLAMPOS]	0	-447.440	223.010	0	243.690	0	0	
0	[SLAMPOS]	0	-448.010	222.750	0	243.670	0	0	
0	[SLAMPOS]	0	-448.530	222.500	0	243.650	0	0	
0	[SLAMPOS]	0	-448.800	222.370	0	243.650	0	0	
0	[SLAMPOS]	0	-449.620	221.980	0	243.620	0	0	
0	[SLAMPOS]	0	-449.530	222.030	0	243.630	0	0	
0	[SLAMPOS]	0	-450.130	221.750	0	243.620	0	0	
0	[SLAMPOS]	0	-450.640	221.500	0	243.600	0	0	
0	[SLAMPOS]	0	-450.880	221.400	0	243.600	0	0	
0	[SLAMPOS]	0	-451.800	220.960	0	243.540	0	0	
0	[SLAMPOS]	0	-452.020	220.860	0	243.520	0	0	
0	[SLAMPOS]	0	-452.260	220.750	0	243.510	0	0	
0	[SLAMPOS]	0	-453.140	220.330	0	243.450	0	0	
0	[SLAMPOS]	0	-453.360	220.230	0	243.440	0	0	
0	[SLAMPOS]	0	-453.870	219.980	0	243.400	0	0	
0	[SLAMPOS]	0	-454.460	219.710	0	243.360	0	0	
0	[SLAMPOS]	0	-454.610	219.630	0	243.350	0	0	
0	[SLAMPOS]	0	-455.190	219.350	0	243.320	0	0	
0	[SLAMPOS]	0	-455.770	219.070	0	243.280	0	0	
0	[SLAMPOS]	0	-455.920	219.000	0	243.280	0	0	
0	[SLAMPOS]	0	-456.500	218.720	0	243.250	0	0	
0	[SLAMPOS]	0	-457.020	218.470	0	243.260	0	0	
0	[SLAMPOS]	0	-457.220	218.380	0	243.250	0	0	
0	[SLAMPOS]	0	-457.750	218.120	0	243.270	0	0	
0	[SLAMPOS]	0	-458.300	217.860	0	243.290	0	0	
0	[SLAMPOS]	0	-458.820	217.610	0	243.300	0	0	
0	[SLAMPOS]	0	-459.380	217.350	0	243.310	0	0	
0	[SLAMPOS]	0	-459.520	217.280	0	243.320	0	0	
0	[SLAMPOS]	0	-460.100	217.010	0	243.340	0	0	
0	[SLAMPOS]	0	-460.300	216.910	0	243.350	0	0	
0	[SLAMPOS]	0	-460.860	216.650	0	243.360	0	0	
0	[SLAMPOS]	0	-461.440	216.370	0	243.380	0	0	
0	[SLAMPOS]	0	-461.580	216.300	0	243.380	0	0	
0	[SLAMPOS]	0	-462.190	216.010	0	243.400	0	0	
0	[SLAMPOS]	0	-462.690	215.770	0	243.410	0	0	
0	[SLAMPOS]	0	-462.960	215.640	0	243.410	0	0	
0	[SLAMPOS]	0	-463.520	215.380	0	243.420	0	0	
0	[SLAMPOS]	0	-464.030	215.140	0	243.430	0	0	
0	[SLAMPOS]	0	-464.260	215.030	0	243.440	0	0	
0	[SLAMPOS]	0	-465.090	214.630	0	243.440	0	0	
0	[SLAMPOS]	0	-465.320	214.530	0	243.440	0	0	
0	[SLAMPOS]	0	-465.820	214.290	0	243.430	0	0	
0	[SLAMPOS]	0	-466.400	214.010	0	243.440	0	0	
0	[SLAMPOS]	0	-466.550	213.940	0	243.440	0	0	
0	[SLAMPOS]	0	-467.150	213.650	0	243.440	0	0	
0	[SLAMPOS]	0	-467.280	213.590	0	243.440	0	0	
0	[SLAMPOS]	0	-467.860	213.320	0	243.440	0	0	
0	[SLAMPOS]	0	-468.430	213.040	0	243.430	0	0	
0	[SLAMPOS]	0	-468.590	212.960	0	243.430	0	0	
0	[SLAMPOS]	0	-469.160	212.690	0	243.440	0	0	
0	[SLAMPOS]	0	-469.660	212.460	0	243.440	0	0	
0	[SLAMPOS]	0	-470.240	212.180	0	243.440	0	0	
0	[SLAMPOS]	0	-470.730	211.940	0	243.440	0	0	
0	[SLAMPOS]	0	-471.320	211.670	0	243.440	0	0	
0	[SLAMPOS]	0	-471.560	211.570	0	243.450	0	0	
0	[SLAMPOS]	0	-472.020	211.350	0	243.430	0	0	
0	[SLAMPOS]	0	-472.590	211.080	0	243.420	0	0	
0	[SLAMPOS]	0	-472.730	211.010	0	243.420	0	0	
0	[SLAMPOS]	0	-473.290	210.750	0	243.420	0	0	
0	[SLAMPOS]	0	-473.440	210.670	0	243.410	0	0	
0	[SLAMPOS]	0	-473.990	210.410	0	243.410	0	0	
0	[SLAMPOS]	0	-474.480	210.180	0	243.390	0	0	
0	[SLAMPOS]	0	-474.680	210.090	0	243.390	0	0	
0	[SLAMPOS]	0	-475.480	209.700	0	243.390	0	0	
0	[SLAMPOS]	0	-475.720	209.590	0	243.400	0	0	
0	[SLAMPOS]	0	-476.160	209.380	0	243.390	0	0	
0	[SLAMPOS]	0	-476.680	209.130	0	243.370	0	0	
0	[SLAMPOS]	0	-476.900	209.040	0	243.370	0	0	
0	[SLAMPOS]	0	-477.350	208.810	0	243.350	0	0	
0	[SLAMPOS]	0	-477.880	208.550	0	243.340	0	0	
0	[SLAMPOS]	0	-478.030	208.480	0	243.320	0	0	
0	[SLAMPOS]	0	-478.600	208.210	0	243.280	0	0	
0	[SLAMPOS]	0	-478.740	208.140	0	243.270	0	0	
0	[SLAMPOS]	0	-479.280	207.890	0	243.230	0	0	
0	[SLAMPOS]	0	-479.790	207.640	0	243.190	0	0	
0	[SLAMPOS]	0	-479.930	207.570	0	243.180	0	0	
0	[SLAMPOS]	0	-480.440	207.330	0	243.160	0	0	
0	[SLAMPOS]	0	-480.890	207.110	0	243.120	0	0	
0	[SLAMPOS]	0	-481.110	207.000	0	243.110	0	0	
0	[SLAMPOS]	0	-481.830	206.650	0	243.060	0	0	
0	[SLAMPOS]	0	-482.330	206.410	0	243.030	0	0	
0	[SLAMPOS]	0	-482.470	206.340	0	243.010	0	0	
0	[SLAMPOS]	0	-482.970	206.100	0	243.000	0	0	
0	[SLAMPOS]	0	-483.110	206.030	0	242.980	0	0	
0	[SLAMPOS]	0	-483.590	205.800	0	242.950	0	0	
0	[SLAMPOS]	0	-484.090	205.560	0	242.910	0	0	
0	[SLAMPOS]	0	-484.210	205.500	0	242.900	0	0	
0	[SLAMPOS]	0	-484.690	205.270	0	242.880	0	0	
0	[SLAMPOS]	0	-485.120	205.060	0	242.880	0	0	
0	[SLAMPOS]	0	-485.310	204.970	0	242.860	0	0	
0	[SLAMPOS]	0	-486.000	204.630	0	242.860	0	0	
0	[SLAMPOS]	0	-486.200	204.530	0	242.870	0	0	
0	[SLAMPOS]	0	-486.600	204.330	0	242.900	0	0	
0	[SLAMPOS]	0	-487.050	204.120	0	242.940	0	0	
0	[SLAMPOS]	0	-487.300	203.990	0	242.950	0	0	
0	[SLAMPOS]	0	-487.700	203.790	0	242.950	0	0	
0	[SLAMPOS]	0	-488.120	203.600	0	242.970	0	0	
0	[SLAMPOS]	0	-488.240	203.540	0	242.960	0	0	
0	[SLAMPOS]	0	-488.680	203.330	0	242.980	0	0	
0	[SLAMPOS]	0	-488.800	203.270	0	242.960	0	0	
0	[SLAMPOS]	0	-489.230	203.070	0	242.940	0	0	
0	[SLAMPOS]	0	-489.610	202.880	0	242.890	0	0	
0	[SLAMPOS]	0	-489.770	202.810	0	242.880	0	0	
0	[SLAMPOS]	0	-490.200	202.600	0	242.840	0	0	
0	[SLAMPOS]	0	-490.540	202.430	0	242.790	0	0	
0	[SLAMPOS]	0	-490.710	202.340	0	242.770	0	0	
0	[SLAMPOS]	0	-491.310	202.050	0	242.700	0	0	
0	[SLAMPOS]	0	-491.480	201.970	0	242.690	0	0	
0	[SLAMPOS]	0	-491.810	201.800	0	242.660	0	0	
0	[SLAMPOS]	0	-492.200	201.620	0	242.650	0	0	
0	[SLAMPOS]	0	-492.300	201.560	0	242.630	0	0	
0	[SLAMPOS]	0	-492.670	201.380	0	242.600	0	0	
0	[SLAMPOS]	0	-493.000	201.210	0	242.560	0	0	
0	[SLAMPOS]	0	-493.150	201.140	0	242.540	0	0	
0	[SLAMPOS]	0	-493.500	200.970	0	242.510	0	0	
0	[SLAMPOS]	0	-493.820	200.800	0	242.480	0	0	
0	[SLAMPOS]	0	-493.950	200.740	0	242.470	0	0	
0	[SLAMPOS]	0	-494.470	200.480	0	242.410	0	0	
0	[SLAMPOS]	0	-494.600	200.420	0	242.400	0	0	
0	[SLAMPOS]	0	-494.900	200.270	0	242.360	0	0	
0	[SLAMPOS]	0	-495.240	200.100	0	242.330	0	0	
0	[SLAMPOS]	0	-495.330	200.050	0	242.330	0	0	
0	[SLAMPOS]	0	-495.660	199.890	0	242.300	0	0	
0	[SLAMPOS]	0	-495.990	199.720	0	242.290	0	0	
0	[SLAMPOS]	0	-496.060	199.680	0	242.290	0	0	
0	[SLAMPOS]	0	-496.380	199.530	0	242.280	0	0	
0	[SLAMPOS]	0	-496.460	199.480	0	242.290	0	0	
0	[SLAMPOS]	0	-496.770	199.340	0	242.310	0	0	
0	[SLAMPOS]	0	-497.220	199.110	0	242.360	0	0	
0	[SLAMPOS]	0	-497.330	199.060	0	242.370	0	0	
0	[SLAMPOS]	0	-497.590	198.930	0	242.410	0	0	
0	[SLAMPOS]	0	-497.880	198.790	0	242.450	0	0	
0	[SLAMPOS]	0	-497.960	198.740	0	242.450	0	0	
0	[SLAMPOS]	0	-498.250	198.600	0	242.470	0	0	
0	[SLAMPOS]	0	-498.310	198.560	0	242.480	0	0	
0	[SLAMPOS]	0	-498.600	198.430	0	242.510	0	0	
0	[SLAMPOS]	0	-498.850	198.310	0	242.520	0	0	
0	[SLAMPOS]	0	-498.940	198.260	0	242.540	0	0	
0	[SLAMPOS]	0	-499.220	198.130	0	242.550	0	0	
0	[SLAMPOS]	0	-499.470	198.010	0	242.550	0	0	
0	[SLAMPOS]	0	-499.570	197.950	0	242.550	0	0	
0	[SLAMPOS]	0	-499.960	197.760	0	242.550	0	0	
0	[SLAMPOS]	0	-500.050	197.710	0	242.540	0	0	
0	[SLAMPOS]	0	-500.280	197.600	0	242.540	0	0	
0	[SLAMPOS]	0	-500.510	197.480	0	242.520	0	0	
0	[SLAMPOS]	0	-500.570	197.440	0	242.520	0	0	
0	[SLAMPOS]	0	-500.820	197.330	0	242.510	0	0	
0	[SLAMPOS]	0	-501.030	197.220	0	242.500	0	0	
0	[SLAMPOS]	0	-501.140	197.170	0	242.500	0	0	
0	[SLAMPOS]	0	-501.360	197.060	0	242.480	0	0	
0	[SLAMPOS]	0	-501.560	196.940	0	242.450	0	0	
0	[SLAMPOS]	0	-501.650	196.900	0	242.440	0	0	
0	[SLAMPOS]	0	-501.990	196.730	0	242.420	0	0	
0	[SLAMPOS]	0	-502.080	196.690	0	242.420	0	0	
0	[SLAMPOS]	0	-502.280	196.600	0	242.390	0	0	
0	[SLAMPOS]	0	-502.520	196.480	0	242.350	0	0	
0	[SLAMPOS]	0	-502.570	196.450	0	242.350	0	0	
0	[SLAMPOS]	0	-502.790	196.340	0	242.340	0	0	
0	[SLAMPOS]	0	-502.850	196.310	0	242.330	0	0	
0	[SLAMPOS]	0	-503.070	196.210	0	242.310	0	0	
0	[SLAMPOS]	0	-503.300	196.100	0	242.280	0	0	
0	[SLAMPOS]	0	-503.350	196.070	0	242.280	0	0	
0	[SLAMPOS]	0	-503.550	195.970	0	242.270	0	0	
0	[SLAMPOS]	0	-503.730	195.880	0	242.240	0	0	
0	[SLAMPOS]	0	-503.810	195.840	0	242.220	0	0	
0	[SLAMPOS]	0	-504.120	195.680	0	242.180	0	0	
0	[SLAMPOS]	0	-504.210	195.630	0	242.180	0	0	
0	[SLAMPOS]	0	-504.390	195.550	0	242.170	0	0	
0	[SLAMPOS]	0	-504.610	195.440	0	242.140	0	0	
0	[SLAMPOS]	0	-504.660	195.410	0	242.140	0	0	
0	[SLAMPOS]	0	-504.870	195.310	0	242.120	0	0	
0	[SLAMPOS]	0	-505.060	195.210	0	242.100	0	0	
0	[SLAMPOS]	0	-505.120	195.180	0	242.090	0	0	
0	[SLAMPOS]	0	-505.320	195.080	0	242.060	0	0	
0	[SLAMPOS]	0	-505.500	194.990	0	242.040	0	0	
0	[SLAMPOS]	0	-505.580	194.950	0	242.040	0	0	
0	[SLAMPOS]	0	-505.860	194.810	0	242.000	0	0	
0	[SLAMPOS]	0	-505.930	194.770	0	241.980	0	0	
0	[SLAMPOS]	0	-506.100	194.690	0	241.930	0	0	
0	[SLAMPOS]	0	-506.280	194.590	0	241.890	0	0	
0	[SLAMPOS]	0	-506.330	194.570	0	241.880	0	0	
0	[SLAMPOS]	0	-506.520	194.470	0	241.840	0	0	
0	[SLAMPOS]	0	-506.710	194.380	0	241.790	0	0	
0	[SLAMPOS]	0	-506.760	194.350	0	241.770	0	0	
0	[SLAMPOS]	0	-506.930	194.260	0	241.720	0	0	
0	[SLAMPOS]	0	-506.980	194.240	0	241.700	0	0	
0	[SLAMPOS]	0	-507.150	194.150	0	241.670	0	0	
0	[SLAMPOS]	0	-507.400	194.010	0	241.580	0	0	
0	[SLAMPOS]	0	-507.470	193.980	0	241.560	0	0	
0	[SLAMPOS]	0	-507.620	193.900	0	241.520	0	0	
0	[SLAMPOS]	0	-507.780	193.820	0	241.480	0	0	
0	[SLAMPOS]	0	-507.830	193.800	0	241.470	0	0	
0	[SLAMPOS]	0	-507.990	193.720	0	241.430	0	0	
0	[SLAMPOS]	0	-508.160	193.630	0	241.400	0	0	
0	[SLAMPOS]	0	-508.200	193.610	0	241.390	0	0	
0	[SLAMPOS]	0	-508.360	193.520	0	241.380	0	0	
0	[SLAMPOS]	0	-508.400	193.500	0	241.370	0	0	
0	[SLAMPOS]	0	-508.550	193.420	0	241.370	0	0	
0	[SLAMPOS]	0	-508.690	193.350	0	241.350	0	0	
0	[SLAMPOS]	0	-508.740	193.320	0	241.350	0	0	
0	[SLAMPOS]	0	-508.960	193.210	0	241.310	0	0	
0	[SLAMPOS]	0	-509.010	193.180	0	241.290	0	0	
0	[SLAMPOS]	0	-509.140	193.110	0	241.270	0	0	
0	[SLAMPOS]	0	-509.280	193.030	0	241.250	0	0	
0	[SLAMPOS]	0	-509.330	193.000	0	241.230	0	0	
0	[SLAMPOS]	0	-509.450	192.950	0	241.220	0	0	
0	[SLAMPOS]	0	-509.580	192.890	0	241.210	0	0	
0	[SLAMPOS]	0	-509.630	192.860	0	241.210	0	0	
0	[SLAMPOS]	0	-509.760	192.790	0	241.240	0	0	
0	[SLAMPOS]	0	-509.880	192.730	0	241.260	0	0	
0	[SLAMPOS]	0	-509.940	192.700	0	241.260	0	0	
0	[SLAMPOS]	0	-510.140	192.600	0	241.270	0	0	
0	[SLAMPOS]	0	-510.190	192.560	0	241.270	0	0	
0	[SLAMPOS]	0	-510.300	192.500	0	241.290	0	0	
0	[SLAMPOS]	0	-510.430	192.440	0	241.310	0	0	
0	[SLAMPOS]	0	-510.470	192.420	0	241.310	0	0	
0	[SLAMPOS]	0	-510.600	192.360	0	241.320	0	0	
0	[SLAMPOS]	0	-510.710	192.310	0	241.320	0	0	
0	[SLAMPOS]	0	-510.740	192.290	0	241.330	0	0	
0	[SLAMPOS]	0	-510.850	192.220	0	241.340	0	0	
0	[SLAMPOS]	0	-510.980	192.160	0	241.360	0	0	
0	[SLAMPOS]	0	-510.990	192.150	0	241.360	0	0	
0	[SLAMPOS]	0	-511.090	192.110	0	241.370	0	0	
0	[SLAMPOS]	0	-511.120	192.090	0	241.370	0	0	
0	[SLAMPOS]	0	-511.280	192.000	0	241.380	0	0	
0	[SLAMPOS]	0	-511.380	191.940	0	241.390	0	0	
0	[SLAMPOS]	0	-511.410	191.930	0	241.390	0	0	
0	[SLAMPOS]	0	-511.530	191.870	0	241.390	0	0	
0	[SLAMPOS]	0	-511.640	191.810	0	241.400	0	0	
