0	[SLAMPOS]	0	-496.720	190.330	0	63.560	0	0	
0	[SLAMPOS]	0	-496.680	190.340	0	63.550	0	0	
0	[SLAMPOS]	0	-496.640	190.360	0	63.540	0	0	
0	[SLAMPOS]	0	-496.560	190.400	0	63.510	0	0	
0	[SLAMPOS]	0	-496.490	190.440	0	63.480	0	0	
0	[SLAMPOS]	0	-496.460	190.450	0	63.470	0	0	
0	[SLAMPOS]	0	-496.380	190.490	0	63.440	0	0	
0	[SLAMPOS]	0	-496.310	190.520	0	63.420	0	0	
0	[SLAMPOS]	0	-496.280	190.540	0	63.410	0	0	
0	[SLAMPOS]	0	-496.150	190.600	0	63.390	0	0	
0	[SLAMPOS]	0	-496.120	190.620	0	63.390	0	0	
0	[SLAMPOS]	0	-496.080	190.640	0	63.380	0	0	
0	[SLAMPOS]	0	-495.960	190.700	0	63.380	0	0	
0	[SLAMPOS]	0	-495.920	190.720	0	63.380	0	0	
0	[SLAMPOS]	0	-495.840	190.760	0	63.380	0	0	
0	[SLAMPOS]	0	-495.740	190.810	0	63.360	0	0	
0	[SLAMPOS]	0	-495.700	190.820	0	63.370	0	0	
0	[SLAMPOS]	0	-495.620	190.860	0	63.380	0	0	
0	[SLAMPOS]	0	-495.510	190.910	0	63.400	0	0	
0	[SLAMPOS]	0	-495.490	190.930	0	63.400	0	0	
0	[SLAMPOS]	0	-495.390	190.970	0	63.410	0	0	
0	[SLAMPOS]	0	-495.280	191.030	0	63.440	0	0	
0	[SLAMPOS]	0	-495.250	191.040	0	63.440	0	0	
0	[SLAMPOS]	0	-495.110	191.100	0	63.470	0	0	
0	[SLAMPOS]	0	-494.980	191.160	0	63.490	0	0	
0	[SLAMPOS]	0	-494.830	191.240	0	63.510	0	0	
0	[SLAMPOS]	0	-494.790	191.260	0	63.510	0	0	
0	[SLAMPOS]	0	-494.660	191.320	0	63.530	0	0	
0	[SLAMPOS]	0	-494.510	191.390	0	63.540	0	0	
0	[SLAMPOS]	0	-494.460	191.420	0	63.550	0	0	
0	[SLAMPOS]	0	-494.310	191.490	0	63.550	0	0	
0	[SLAMPOS]	0	-494.270	191.510	0	63.550	0	0	
0	[SLAMPOS]	0	-494.100	191.590	0	63.570	0	0	
0	[SLAMPOS]	0	-493.930	191.670	0	63.570	0	0	
0	[SLAMPOS]	0	-493.890	191.690	0	63.570	0	0	
0	[SLAMPOS]	0	-493.690	191.790	0	63.590	0	0	
0	[SLAMPOS]	0	-493.480	191.890	0	63.610	0	0	
0	[SLAMPOS]	0	-493.270	191.990	0	63.620	0	0	
0	[SLAMPOS]	0	-493.020	192.100	0	63.660	0	0	
0	[SLAMPOS]	0	-492.910	192.160	0	63.660	0	0	
0	[SLAMPOS]	0	-492.710	192.240	0	63.690	0	0	
0	[SLAMPOS]	0	-492.490	192.350	0	63.710	0	0	
0	[SLAMPOS]	0	-492.380	192.410	0	63.700	0	0	
0	[SLAMPOS]	0	-492.170	192.500	0	63.720	0	0	
0	[SLAMPOS]	0	-491.920	192.620	0	63.720	0	0	
0	[SLAMPOS]	0	-491.790	192.680	0	63.740	0	0	
0	[SLAMPOS]	0	-491.630	192.750	0	63.750	0	0	
0	[SLAMPOS]	0	-491.370	192.880	0	63.770	0	0	
0	[SLAMPOS]	0	-491.140	192.990	0	63.790	0	0	
0	[SLAMPOS]	0	-491.020	193.040	0	63.800	0	0	
0	[SLAMPOS]	0	-490.620	193.230	0	63.830	0	0	
0	[SLAMPOS]	0	-490.470	193.300	0	63.840	0	0	
0	[SLAMPOS]	0	-490.330	193.370	0	63.840	0	0	
0	[SLAMPOS]	0	-490.010	193.520	0	63.890	0	0	
0	[SLAMPOS]	0	-489.750	193.640	0	63.910	0	0	
0	[SLAMPOS]	0	-489.580	193.720	0	63.900	0	0	
0	[SLAMPOS]	0	-489.220	193.890	0	63.900	0	0	
0	[SLAMPOS]	0	-488.860	194.060	0	63.910	0	0	
0	[SLAMPOS]	0	-488.500	194.230	0	63.880	0	0	
0	[SLAMPOS]	0	-488.320	194.310	0	63.870	0	0	
0	[SLAMPOS]	0	-488.000	194.470	0	63.860	0	0	
0	[SLAMPOS]	0	-487.640	194.630	0	63.870	0	0	
0	[SLAMPOS]	0	-487.220	194.830	0	63.870	0	0	
0	[SLAMPOS]	0	-487.070	194.890	0	63.880	0	0	
0	[SLAMPOS]	0	-486.750	195.050	0	63.860	0	0	
0	[SLAMPOS]	0	-486.290	195.260	0	63.870	0	0	
0	[SLAMPOS]	0	-486.140	195.330	0	63.870	0	0	
0	[SLAMPOS]	0	-486.000	195.400	0	63.830	0	0	
0	[SLAMPOS]	0	-485.380	195.690	0	63.820	0	0	
0	[SLAMPOS]	0	-485.210	195.770	0	63.820	0	0	
0	[SLAMPOS]	0	-485.010	195.870	0	63.810	0	0	
0	[SLAMPOS]	0	-484.420	196.140	0	63.780	0	0	
0	[SLAMPOS]	0	-484.250	196.230	0	63.780	0	0	
0	[SLAMPOS]	0	-484.060	196.310	0	63.770	0	0	
0	[SLAMPOS]	0	-483.410	196.620	0	63.740	0	0	
0	[SLAMPOS]	0	-483.260	196.690	0	63.730	0	0	
0	[SLAMPOS]	0	-482.910	196.850	0	63.710	0	0	
0	[SLAMPOS]	0	-482.600	197.000	0	63.680	0	0	
0	[SLAMPOS]	0	-482.240	197.170	0	63.650	0	0	
0	[SLAMPOS]	0	-482.060	197.250	0	63.670	0	0	
0	[SLAMPOS]	0	-481.560	197.490	0	63.620	0	0	
0	[SLAMPOS]	0	-481.160	197.680	0	63.620	0	0	
0	[SLAMPOS]	0	-480.970	197.770	0	63.600	0	0	
0	[SLAMPOS]	0	-480.460	198.020	0	63.600	0	0	
0	[SLAMPOS]	0	-479.980	198.240	0	63.630	0	0	
0	[SLAMPOS]	0	-479.470	198.480	0	63.670	0	0	
0	[SLAMPOS]	0	-479.320	198.550	0	63.680	0	0	
0	[SLAMPOS]	0	-478.830	198.780	0	63.690	0	0	
0	[SLAMPOS]	0	-478.280	199.040	0	63.710	0	0	
0	[SLAMPOS]	0	-478.060	199.140	0	63.710	0	0	
0	[SLAMPOS]	0	-477.630	199.350	0	63.720	0	0	
0	[SLAMPOS]	0	-477.050	199.620	0	63.740	0	0	
0	[SLAMPOS]	0	-476.550	199.850	0	63.770	0	0	
0	[SLAMPOS]	0	-476.420	199.910	0	63.760	0	0	
0	[SLAMPOS]	0	-475.910	200.140	0	63.750	0	0	
0	[SLAMPOS]	0	-475.430	200.360	0	63.740	0	0	
0	[SLAMPOS]	0	-475.310	200.420	0	63.720	0	0	
0	[SLAMPOS]	0	-474.810	200.650	0	63.670	0	0	
0	[SLAMPOS]	0	-474.670	200.720	0	63.650	0	0	
0	[SLAMPOS]	0	-474.160	200.960	0	63.600	0	0	
0	[SLAMPOS]	0	-473.710	201.180	0	63.550	0	0	
0	[SLAMPOS]	0	-473.520	201.260	0	63.550	0	0	
0	[SLAMPOS]	0	-472.940	201.550	0	63.450	0	0	
0	[SLAMPOS]	0	-472.490	201.760	0	63.370	0	0	
0	[SLAMPOS]	0	-471.990	202.000	0	63.310	0	0	
0	[SLAMPOS]	0	-471.550	202.220	0	63.230	0	0	
0	[SLAMPOS]	0	-470.980	202.490	0	63.150	0	0	
0	[SLAMPOS]	0	-470.840	202.570	0	63.120	0	0	
0	[SLAMPOS]	0	-470.310	202.820	0	63.060	0	0	
0	[SLAMPOS]	0	-469.710	203.110	0	62.980	0	0	
0	[SLAMPOS]	0	-469.350	203.280	0	62.930	0	0	
0	[SLAMPOS]	0	-468.890	203.500	0	62.910	0	0	
0	[SLAMPOS]	0	-468.370	203.750	0	62.880	0	0	
0	[SLAMPOS]	0	-468.250	203.820	0	62.870	0	0	
0	[SLAMPOS]	0	-467.720	204.070	0	62.870	0	0	
0	[SLAMPOS]	0	-467.510	204.180	0	62.870	0	0	
0	[SLAMPOS]	0	-466.950	204.450	0	62.860	0	0	
0	[SLAMPOS]	0	-466.340	204.740	0	62.880	0	0	
0	[SLAMPOS]	0	-466.140	204.840	0	62.870	0	0	
0	[SLAMPOS]	0	-465.570	205.120	0	62.870	0	0	
0	[SLAMPOS]	0	-465.010	205.390	0	62.870	0	0	
0	[SLAMPOS]	0	-464.740	205.530	0	62.860	0	0	
0	[SLAMPOS]	0	-464.170	205.790	0	62.870	0	0	
0	[SLAMPOS]	0	-463.600	206.070	0	62.880	0	0	
0	[SLAMPOS]	0	-462.850	206.430	0	62.890	0	0	
0	[SLAMPOS]	0	-462.650	206.530	0	62.880	0	0	
0	[SLAMPOS]	0	-462.040	206.830	0	62.870	0	0	
0	[SLAMPOS]	0	-461.360	207.160	0	62.870	0	0	
0	[SLAMPOS]	0	-461.230	207.230	0	62.880	0	0	
0	[SLAMPOS]	0	-460.640	207.510	0	62.890	0	0	
0	[SLAMPOS]	0	-460.070	207.790	0	62.890	0	0	
0	[SLAMPOS]	0	-459.840	207.900	0	62.890	0	0	
0	[SLAMPOS]	0	-459.150	208.240	0	62.880	0	0	
0	[SLAMPOS]	0	-458.380	208.620	0	62.890	0	0	
0	[SLAMPOS]	0	-457.700	208.950	0	62.910	0	0	
0	[SLAMPOS]	0	-457.490	209.060	0	62.910	0	0	
0	[SLAMPOS]	0	-456.770	209.410	0	62.900	0	0	
0	[SLAMPOS]	0	-456.100	209.730	0	62.920	0	0	
0	[SLAMPOS]	0	-455.720	209.920	0	62.920	0	0	
0	[SLAMPOS]	0	-455.190	210.170	0	62.940	0	0	
0	[SLAMPOS]	0	-454.570	210.460	0	62.950	0	0	
0	[SLAMPOS]	0	-454.200	210.640	0	62.940	0	0	
0	[SLAMPOS]	0	-453.640	210.910	0	62.940	0	0	
0	[SLAMPOS]	0	-452.980	211.230	0	62.960	0	0	
0	[SLAMPOS]	0	-452.600	211.420	0	62.960	0	0	
0	[SLAMPOS]	0	-452.280	211.560	0	62.970	0	0	
0	[SLAMPOS]	0	-451.340	212.030	0	62.950	0	0	
0	[SLAMPOS]	0	-451.080	212.150	0	62.960	0	0	
0	[SLAMPOS]	0	-450.550	212.410	0	62.950	0	0	
0	[SLAMPOS]	0	-449.920	212.710	0	62.950	0	0	
0	[SLAMPOS]	0	-449.570	212.880	0	62.960	0	0	
0	[SLAMPOS]	0	-449.000	213.160	0	62.960	0	0	
0	[SLAMPOS]	0	-448.370	213.460	0	62.960	0	0	
0	[SLAMPOS]	0	-447.930	213.680	0	62.970	0	0	
0	[SLAMPOS]	0	-447.370	213.950	0	62.970	0	0	
0	[SLAMPOS]	0	-446.690	214.280	0	62.970	0	0	
0	[SLAMPOS]	0	-446.170	214.530	0	62.990	0	0	
0	[SLAMPOS]	0	-445.880	214.660	0	62.990	0	0	
0	[SLAMPOS]	0	-444.880	215.150	0	62.990	0	0	
0	[SLAMPOS]	0	-444.060	215.540	0	63.000	0	0	
0	[SLAMPOS]	0	-444.140	215.500	0	63.000	0	0	
0	[SLAMPOS]	0	-443.480	215.820	0	63.020	0	0	
0	[SLAMPOS]	0	-442.900	216.100	0	63.050	0	0	
0	[SLAMPOS]	0	-442.200	216.440	0	63.060	0	0	
0	[SLAMPOS]	0	-441.630	216.720	0	63.090	0	0	
0	[SLAMPOS]	0	-440.810	217.120	0	63.130	0	0	
0	[SLAMPOS]	0	-440.530	217.240	0	63.150	0	0	
0	[SLAMPOS]	0	-439.920	217.540	0	63.200	0	0	
0	[SLAMPOS]	0	-439.230	217.860	0	63.240	0	0	
0	[SLAMPOS]	0	-438.900	218.020	0	63.250	0	0	
0	[SLAMPOS]	0	-438.280	218.320	0	63.280	0	0	
0	[SLAMPOS]	0	-437.910	218.490	0	63.300	0	0	
0	[SLAMPOS]	0	-437.180	218.830	0	63.340	0	0	
0	[SLAMPOS]	0	-436.720	219.050	0	63.370	0	0	
0	[SLAMPOS]	0	-435.680	219.550	0	63.430	0	0	
0	[SLAMPOS]	0	-435.350	219.700	0	63.440	0	0	
0	[SLAMPOS]	0	-435.030	219.850	0	63.450	0	0	
0	[SLAMPOS]	0	-433.970	220.350	0	63.480	0	0	
0	[SLAMPOS]	0	-433.690	220.480	0	63.490	0	0	
0	[SLAMPOS]	0	-433.360	220.630	0	63.480	0	0	
0	[SLAMPOS]	0	-432.350	221.110	0	63.460	0	0	
0	[SLAMPOS]	0	-432.090	221.230	0	63.470	0	0	
0	[SLAMPOS]	0	-431.520	221.500	0	63.460	0	0	
0	[SLAMPOS]	0	-430.940	221.780	0	63.440	0	0	
0	[SLAMPOS]	0	-430.720	221.880	0	63.450	0	0	
0	[SLAMPOS]	0	-429.860	222.290	0	63.440	0	0	
0	[SLAMPOS]	0	-429.230	222.600	0	63.400	0	0	
0	[SLAMPOS]	0	-428.980	222.710	0	63.390	0	0	
0	[SLAMPOS]	0	-427.990	223.190	0	63.340	0	0	
0	[SLAMPOS]	0	-427.200	223.570	0	63.320	0	0	
0	[SLAMPOS]	0	-426.460	223.920	0	63.290	0	0	
0	[SLAMPOS]	0	-426.110	224.090	0	63.270	0	0	
0	[SLAMPOS]	0	-425.460	224.400	0	63.240	0	0	
0	[SLAMPOS]	0	-424.700	224.760	0	63.210	0	0	
0	[SLAMPOS]	0	-424.560	224.830	0	63.220	0	0	
0	[SLAMPOS]	0	-423.890	225.150	0	63.190	0	0	
0	[SLAMPOS]	0	-423.340	225.410	0	63.200	0	0	
0	[SLAMPOS]	0	-422.990	225.580	0	63.220	0	0	
0	[SLAMPOS]	0	-422.350	225.890	0	63.250	0	0	
0	[SLAMPOS]	0	-422.110	226.010	0	63.250	0	0	
0	[SLAMPOS]	0	-421.310	226.390	0	63.270	0	0	
0	[SLAMPOS]	0	-420.730	226.670	0	63.270	0	0	
0	[SLAMPOS]	0	-420.380	226.830	0	63.280	0	0	
0	[SLAMPOS]	0	-419.500	227.250	0	63.280	0	0	
0	[SLAMPOS]	0	-418.890	227.540	0	63.250	0	0	
0	[SLAMPOS]	0	-418.150	227.890	0	63.250	0	0	
0	[SLAMPOS]	0	-417.700	228.110	0	63.230	0	0	
0	[SLAMPOS]	0	-416.640	228.620	0	63.230	0	0	
0	[SLAMPOS]	0	-416.290	228.790	0	63.230	0	0	
0	[SLAMPOS]	0	-415.910	228.970	0	63.210	0	0	
0	[SLAMPOS]	0	-414.870	229.480	0	63.200	0	0	
0	[SLAMPOS]	0	-414.630	229.590	0	63.200	0	0	
0	[SLAMPOS]	0	-414.190	229.800	0	63.200	0	0	
0	[SLAMPOS]	0	-413.100	230.320	0	63.190	0	0	
0	[SLAMPOS]	0	-412.830	230.440	0	63.180	0	0	
0	[SLAMPOS]	0	-412.470	230.610	0	63.180	0	0	
0	[SLAMPOS]	0	-411.410	231.120	0	63.130	0	0	
0	[SLAMPOS]	0	-411.140	231.250	0	63.130	0	0	
0	[SLAMPOS]	0	-410.620	231.490	0	63.100	0	0	
0	[SLAMPOS]	0	-409.530	232.020	0	62.990	0	0	
0	[SLAMPOS]	0	-409.280	232.140	0	62.970	0	0	
0	[SLAMPOS]	0	-408.350	232.600	0	62.880	0	0	
0	[SLAMPOS]	0	-407.950	232.790	0	62.850	0	0	
0	[SLAMPOS]	0	-406.880	233.320	0	62.770	0	0	
0	[SLAMPOS]	0	-406.570	233.480	0	62.740	0	0	
0	[SLAMPOS]	0	-406.240	233.640	0	62.720	0	0	
0	[SLAMPOS]	0	-405.650	233.930	0	62.690	0	0	
0	[SLAMPOS]	0	-404.950	234.280	0	62.650	0	0	
0	[SLAMPOS]	0	-404.340	234.580	0	62.640	0	0	
0	[SLAMPOS]	0	-403.600	234.940	0	62.620	0	0	
0	[SLAMPOS]	0	-403.050	235.210	0	62.630	0	0	
0	[SLAMPOS]	0	-402.400	235.530	0	62.640	0	0	
0	[SLAMPOS]	0	-401.640	235.900	0	62.640	0	0	
0	[SLAMPOS]	0	-401.290	236.080	0	62.630	0	0	
0	[SLAMPOS]	0	-400.640	236.400	0	62.630	0	0	
0	[SLAMPOS]	0	-399.880	236.760	0	62.650	0	0	
0	[SLAMPOS]	0	-399.680	236.870	0	62.650	0	0	
0	[SLAMPOS]	0	-398.950	237.220	0	62.660	0	0	
0	[SLAMPOS]	0	-398.210	237.580	0	62.640	0	0	
0	[SLAMPOS]	0	-397.950	237.720	0	62.650	0	0	
0	[SLAMPOS]	0	-397.200	238.080	0	62.650	0	0	
0	[SLAMPOS]	0	-396.390	238.470	0	62.670	0	0	
0	[SLAMPOS]	0	-396.210	238.570	0	62.670	0	0	
0	[SLAMPOS]	0	-395.440	238.940	0	62.670	0	0	
0	[SLAMPOS]	0	-394.810	239.260	0	62.680	0	0	
0	[SLAMPOS]	0	-394.450	239.420	0	62.680	0	0	
0	[SLAMPOS]	0	-393.380	239.950	0	62.710	0	0	
0	[SLAMPOS]	0	-393.120	240.070	0	62.710	0	0	
0	[SLAMPOS]	0	-392.680	240.290	0	62.720	0	0	
0	[SLAMPOS]	0	-391.550	240.840	0	62.760	0	0	
0	[SLAMPOS]	0	-391.310	240.960	0	62.770	0	0	
0	[SLAMPOS]	0	-390.590	241.310	0	62.790	0	0	
0	[SLAMPOS]	0	-389.840	241.670	0	62.800	0	0	
0	[SLAMPOS]	0	-389.710	241.740	0	62.800	0	0	
0	[SLAMPOS]	0	-388.900	242.130	0	62.800	0	0	
0	[SLAMPOS]	0	-388.720	242.230	0	62.800	0	0	
0	[SLAMPOS]	0	-388.010	242.560	0	62.820	0	0	
0	[SLAMPOS]	0	-386.980	243.070	0	62.820	0	0	
0	[SLAMPOS]	0	-386.150	243.460	0	62.830	0	0	
0	[SLAMPOS]	0	-386.020	243.530	0	62.830	0	0	
0	[SLAMPOS]	0	-385.240	243.900	0	62.830	0	0	
0	[SLAMPOS]	0	-385.070	243.990	0	62.830	0	0	
0	[SLAMPOS]	0	-384.310	244.360	0	62.830	0	0	
0	[SLAMPOS]	0	-383.440	244.780	0	62.840	0	0	
0	[SLAMPOS]	0	-382.710	245.140	0	62.850	0	0	
0	[SLAMPOS]	0	-382.380	245.300	0	62.850	0	0	
0	[SLAMPOS]	0	-381.570	245.690	0	62.850	0	0	
0	[SLAMPOS]	0	-380.870	246.030	0	62.860	0	0	
0	[SLAMPOS]	0	-380.580	246.170	0	62.860	0	0	
0	[SLAMPOS]	0	-379.450	246.720	0	62.870	0	0	
0	[SLAMPOS]	0	-379.210	246.830	0	62.870	0	0	
0	[SLAMPOS]	0	-378.590	247.140	0	62.870	0	0	
0	[SLAMPOS]	0	-377.840	247.500	0	62.890	0	0	
0	[SLAMPOS]	0	-377.690	247.580	0	62.890	0	0	
0	[SLAMPOS]	0	-377.090	247.870	0	62.900	0	0	
0	[SLAMPOS]	0	-376.030	248.370	0	62.900	0	0	
0	[SLAMPOS]	0	-375.860	248.460	0	62.900	0	0	
0	[SLAMPOS]	0	-375.110	248.820	0	62.910	0	0	
0	[SLAMPOS]	0	-374.850	248.960	0	62.910	0	0	
0	[SLAMPOS]	0	-374.120	249.300	0	62.910	0	0	
0	[SLAMPOS]	0	-373.450	249.630	0	62.930	0	0	
0	[SLAMPOS]	0	-372.970	249.860	0	62.940	0	0	
0	[SLAMPOS]	0	-372.240	250.210	0	62.930	0	0	
0	[SLAMPOS]	0	-371.620	250.510	0	62.940	0	0	
0	[SLAMPOS]	0	-370.830	250.890	0	62.960	0	0	
0	[SLAMPOS]	0	-370.210	251.200	0	62.950	0	0	
0	[SLAMPOS]	0	-369.920	251.330	0	62.950	0	0	
0	[SLAMPOS]	0	-369.230	251.670	0	62.960	0	0	
0	[SLAMPOS]	0	-368.460	252.040	0	62.970	0	0	
0	[SLAMPOS]	0	-368.290	252.130	0	62.970	0	0	
0	[SLAMPOS]	0	-367.400	252.550	0	62.950	0	0	
0	[SLAMPOS]	0	-366.650	252.910	0	62.960	0	0	
0	[SLAMPOS]	0	-366.400	253.030	0	62.970	0	0	
0	[SLAMPOS]	0	-365.540	253.450	0	62.970	0	0	
0	[SLAMPOS]	0	-364.650	253.880	0	62.970	0	0	
0	[SLAMPOS]	0	-364.500	253.960	0	62.970	0	0	
0	[SLAMPOS]	0	-363.580	254.410	0	62.960	0	0	
0	[SLAMPOS]	0	-362.830	254.760	0	62.950	0	0	
0	[SLAMPOS]	0	-362.050	255.130	0	62.960	0	0	
0	[SLAMPOS]	0	-361.800	255.270	0	62.960	0	0	
0	[SLAMPOS]	0	-360.980	255.660	0	62.960	0	0	
0	[SLAMPOS]	0	-360.180	256.040	0	62.960	0	0	
0	[SLAMPOS]	0	-359.940	256.160	0	62.960	0	0	
0	[SLAMPOS]	0	-359.100	256.570	0	62.960	0	0	
0	[SLAMPOS]	0	-358.300	256.950	0	62.950	0	0	
0	[SLAMPOS]	0	-358.070	257.070	0	62.950	0	0	
0	[SLAMPOS]	0	-357.330	257.420	0	62.960	0	0	
0	[SLAMPOS]	0	-356.610	257.770	0	62.970	0	0	
0	[SLAMPOS]	0	-356.310	257.910	0	62.970	0	0	
0	[SLAMPOS]	0	-355.550	258.270	0	62.960	0	0	
0	[SLAMPOS]	0	-354.670	258.690	0	62.980	0	0	
0	[SLAMPOS]	0	-354.490	258.780	0	62.990	0	0	
0	[SLAMPOS]	0	-353.760	259.130	0	62.990	0	0	
0	[SLAMPOS]	0	-353.130	259.440	0	63.010	0	0	
0	[SLAMPOS]	0	-352.830	259.580	0	63.020	0	0	
0	[SLAMPOS]	0	-352.190	259.900	0	63.030	0	0	
0	[SLAMPOS]	0	-351.420	260.260	0	63.040	0	0	
0	[SLAMPOS]	0	-350.760	260.590	0	63.050	0	0	
0	[SLAMPOS]	0	-350.010	260.940	0	63.060	0	0	
0	[SLAMPOS]	0	-349.790	261.050	0	63.060	0	0	
0	[SLAMPOS]	0	-349.040	261.410	0	63.070	0	0	
0	[SLAMPOS]	0	-348.850	261.510	0	63.080	0	0	
0	[SLAMPOS]	0	-348.110	261.860	0	63.090	0	0	
0	[SLAMPOS]	0	-347.460	262.180	0	63.090	0	0	
0	[SLAMPOS]	0	-347.150	262.330	0	63.100	0	0	
0	[SLAMPOS]	0	-346.360	262.700	0	63.110	0	0	
0	[SLAMPOS]	0	-345.340	263.200	0	63.120	0	0	
0	[SLAMPOS]	0	-344.470	263.620	0	63.120	0	0	
0	[SLAMPOS]	0	-344.270	263.710	0	63.130	0	0	
0	[SLAMPOS]	0	-343.330	264.170	0	63.140	0	0	
0	[SLAMPOS]	0	-342.490	264.570	0	63.150	0	0	
0	[SLAMPOS]	0	-341.780	264.910	0	63.140	0	0	
0	[SLAMPOS]	0	-341.610	265.000	0	63.140	0	0	
0	[SLAMPOS]	0	-340.870	265.340	0	63.160	0	0	
0	[SLAMPOS]	0	-340.710	265.420	0	63.160	0	0	
0	[SLAMPOS]	0	-339.990	265.770	0	63.160	0	0	
0	[SLAMPOS]	0	-339.350	266.080	0	63.150	0	0	
0	[SLAMPOS]	0	-339.060	266.210	0	63.160	0	0	
0	[SLAMPOS]	0	-338.250	266.590	0	63.160	0	0	
0	[SLAMPOS]	0	-337.620	266.900	0	63.150	0	0	
0	[SLAMPOS]	0	-337.280	267.050	0	63.150	0	0	
0	[SLAMPOS]	0	-336.430	267.460	0	63.130	0	0	
0	[SLAMPOS]	0	-335.780	267.770	0	63.120	0	0	
0	[SLAMPOS]	0	-335.530	267.890	0	63.120	0	0	
0	[SLAMPOS]	0	-334.640	268.320	0	63.090	0	0	
0	[SLAMPOS]	0	-334.070	268.600	0	63.070	0	0	
0	[SLAMPOS]	0	-333.760	268.740	0	63.050	0	0	
0	[SLAMPOS]	0	-332.630	269.300	0	63.000	0	0	
0	[SLAMPOS]	0	-332.380	269.420	0	63.000	0	0	
0	[SLAMPOS]	0	-331.800	269.700	0	62.990	0	0	
0	[SLAMPOS]	0	-330.920	270.130	0	62.950	0	0	
0	[SLAMPOS]	0	-330.220	270.470	0	62.920	0	0	
0	[SLAMPOS]	0	-330.030	270.560	0	62.920	0	0	
0	[SLAMPOS]	0	-329.190	270.970	0	62.910	0	0	
0	[SLAMPOS]	0	-328.510	271.300	0	62.910	0	0	
0	[SLAMPOS]	0	-328.350	271.380	0	62.910	0	0	
0	[SLAMPOS]	0	-327.440	271.820	0	62.900	0	0	
0	[SLAMPOS]	0	-326.740	272.160	0	62.900	0	0	
0	[SLAMPOS]	0	-326.590	272.240	0	62.900	0	0	
0	[SLAMPOS]	0	-325.720	272.650	0	62.900	0	0	
0	[SLAMPOS]	0	-325.010	272.990	0	62.900	0	0	
0	[SLAMPOS]	0	-324.630	273.170	0	62.900	0	0	
0	[SLAMPOS]	0	-324.210	273.370	0	62.900	0	0	
0	[SLAMPOS]	0	-323.150	273.900	0	62.910	0	0	
0	[SLAMPOS]	0	-322.880	274.020	0	62.900	0	0	
0	[SLAMPOS]	0	-322.470	274.220	0	62.920	0	0	
0	[SLAMPOS]	0	-321.460	274.720	0	62.970	0	0	
0	[SLAMPOS]	0	-320.940	274.980	0	62.990	0	0	
0	[SLAMPOS]	0	-320.610	275.130	0	62.990	0	0	
0	[SLAMPOS]	0	-319.880	275.480	0	63.020	0	0	
0	[SLAMPOS]	0	-319.280	275.770	0	63.040	0	0	
0	[SLAMPOS]	0	-318.560	276.120	0	63.050	0	0	
0	[SLAMPOS]	0	-318.250	276.260	0	63.070	0	0	
0	[SLAMPOS]	0	-317.660	276.540	0	63.070	0	0	
0	[SLAMPOS]	0	-317.080	276.830	0	63.070	0	0	
0	[SLAMPOS]	0	-316.340	277.180	0	63.060	0	0	
0	[SLAMPOS]	0	-315.560	277.550	0	63.050	0	0	
0	[SLAMPOS]	0	-315.230	277.710	0	63.050	0	0	
0	[SLAMPOS]	0	-314.640	278.000	0	63.050	0	0	
0	[SLAMPOS]	0	-313.960	278.320	0	63.040	0	0	
0	[SLAMPOS]	0	-313.760	278.420	0	63.040	0	0	
0	[SLAMPOS]	0	-313.100	278.740	0	63.030	0	0	
0	[SLAMPOS]	0	-312.920	278.830	0	63.020	0	0	
0	[SLAMPOS]	0	-311.990	279.280	0	62.980	0	0	
0	[SLAMPOS]	0	-311.320	279.590	0	62.930	0	0	
0	[SLAMPOS]	0	-311.180	279.670	0	62.930	0	0	
0	[SLAMPOS]	0	-310.330	280.080	0	62.900	0	0	
0	[SLAMPOS]	0	-309.660	280.420	0	62.840	0	0	
0	[SLAMPOS]	0	-309.490	280.510	0	62.840	0	0	
0	[SLAMPOS]	0	-308.730	280.870	0	62.840	0	0	
0	[SLAMPOS]	0	-308.060	281.210	0	62.860	0	0	
0	[SLAMPOS]	0	-307.900	281.290	0	62.860	0	0	
0	[SLAMPOS]	0	-306.980	281.730	0	62.810	0	0	
0	[SLAMPOS]	0	-306.230	282.080	0	62.810	0	0	
0	[SLAMPOS]	0	-305.490	282.450	0	62.810	0	0	
0	[SLAMPOS]	0	-305.120	282.630	0	62.770	0	0	
0	[SLAMPOS]	0	-304.490	282.940	0	62.730	0	0	
0	[SLAMPOS]	0	-303.790	283.260	0	62.810	0	0	
0	[SLAMPOS]	0	-303.630	283.340	0	62.810	0	0	
0	[SLAMPOS]	0	-302.960	283.680	0	62.790	0	0	
0	[SLAMPOS]	0	-302.380	283.970	0	62.740	0	0	
0	[SLAMPOS]	0	-302.050	284.130	0	62.710	0	0	
0	[SLAMPOS]	0	-301.040	284.620	0	62.730	0	0	
0	[SLAMPOS]	0	-300.810	284.720	0	62.740	0	0	
0	[SLAMPOS]	0	-300.420	284.910	0	62.780	0	0	
0	[SLAMPOS]	0	-299.400	285.420	0	62.830	0	0	
0	[SLAMPOS]	0	-299.100	285.560	0	62.830	0	0	
0	[SLAMPOS]	0	-298.520	285.850	0	62.840	0	0	
0	[SLAMPOS]	0	-297.880	286.150	0	62.900	0	0	
0	[SLAMPOS]	0	-297.750	286.210	0	62.910	0	0	
0	[SLAMPOS]	0	-297.100	286.520	0	62.930	0	0	
0	[SLAMPOS]	0	-296.970	286.590	0	62.940	0	0	
0	[SLAMPOS]	0	-295.990	287.060	0	62.980	0	0	
0	[SLAMPOS]	0	-295.790	287.160	0	62.980	0	0	
0	[SLAMPOS]	0	-295.130	287.480	0	63.010	0	0	
0	[SLAMPOS]	0	-294.410	287.820	0	63.060	0	0	
0	[SLAMPOS]	0	-294.030	288.010	0	63.080	0	0	
0	[SLAMPOS]	0	-293.390	288.320	0	63.110	0	0	
0	[SLAMPOS]	0	-292.720	288.630	0	63.130	0	0	
0	[SLAMPOS]	0	-292.520	288.740	0	63.140	0	0	
0	[SLAMPOS]	0	-291.660	289.150	0	63.180	0	0	
0	[SLAMPOS]	0	-290.940	289.490	0	63.210	0	0	
0	[SLAMPOS]	0	-290.610	289.640	0	63.200	0	0	
0	[SLAMPOS]	0	-289.780	290.030	0	63.230	0	0	
0	[SLAMPOS]	0	-289.170	290.320	0	63.270	0	0	
0	[SLAMPOS]	0	-288.480	290.650	0	63.280	0	0	
0	[SLAMPOS]	0	-288.020	290.870	0	63.270	0	0	
0	[SLAMPOS]	0	-287.400	291.180	0	63.260	0	0	
0	[SLAMPOS]	0	-286.690	291.510	0	63.270	0	0	
0	[SLAMPOS]	0	-286.550	291.580	0	63.260	0	0	
0	[SLAMPOS]	0	-286.000	291.840	0	63.260	0	0	
0	[SLAMPOS]	0	-285.780	291.950	0	63.260	0	0	
0	[SLAMPOS]	0	-284.700	292.470	0	63.250	0	0	
0	[SLAMPOS]	0	-284.350	292.630	0	63.250	0	0	
0	[SLAMPOS]	0	-283.660	292.950	0	63.240	0	0	
0	[SLAMPOS]	0	-283.030	293.260	0	63.220	0	0	
0	[SLAMPOS]	0	-282.270	293.620	0	63.210	0	0	
0	[SLAMPOS]	0	-282.090	293.710	0	63.200	0	0	
0	[SLAMPOS]	0	-281.460	294.010	0	63.190	0	0	
0	[SLAMPOS]	0	-281.240	294.120	0	63.170	0	0	
0	[SLAMPOS]	0	-280.520	294.460	0	63.160	0	0	
0	[SLAMPOS]	0	-279.870	294.780	0	63.140	0	0	
0	[SLAMPOS]	0	-279.580	294.910	0	63.140	0	0	
0	[SLAMPOS]	0	-278.540	295.420	0	63.070	0	0	
0	[SLAMPOS]	0	-278.260	295.560	0	63.060	0	0	
0	[SLAMPOS]	0	-277.630	295.870	0	63.000	0	0	
0	[SLAMPOS]	0	-276.890	296.210	0	62.960	0	0	
0	[SLAMPOS]	0	-276.700	296.310	0	62.950	0	0	
0	[SLAMPOS]	0	-275.970	296.660	0	62.890	0	0	
0	[SLAMPOS]	0	-275.240	297.010	0	62.800	0	0	
0	[SLAMPOS]	0	-275.040	297.110	0	62.810	0	0	
0	[SLAMPOS]	0	-274.310	297.480	0	62.780	0	0	
0	[SLAMPOS]	0	-273.650	297.800	0	62.800	0	0	
0	[SLAMPOS]	0	-273.400	297.920	0	62.800	0	0	
0	[SLAMPOS]	0	-272.330	298.460	0	62.810	0	0	
0	[SLAMPOS]	0	-271.900	298.660	0	62.820	0	0	
0	[SLAMPOS]	0	-271.640	298.790	0	62.810	0	0	
0	[SLAMPOS]	0	-271.020	299.090	0	62.830	0	0	
0	[SLAMPOS]	0	-270.420	299.380	0	62.880	0	0	
0	[SLAMPOS]	0	-269.720	299.720	0	62.900	0	0	
0	[SLAMPOS]	0	-268.980	300.080	0	62.940	0	0	
0	[SLAMPOS]	0	-268.780	300.180	0	62.960	0	0	
0	[SLAMPOS]	0	-268.040	300.530	0	63.020	0	0	
0	[SLAMPOS]	0	-267.830	300.640	0	63.030	0	0	
0	[SLAMPOS]	0	-267.110	300.980	0	63.070	0	0	
0	[SLAMPOS]	0	-266.430	301.310	0	63.100	0	0	
0	[SLAMPOS]	0	-266.190	301.420	0	63.110	0	0	
0	[SLAMPOS]	0	-265.060	301.950	0	63.130	0	0	
0	[SLAMPOS]	0	-264.730	302.110	0	63.140	0	0	
0	[SLAMPOS]	0	-264.430	302.260	0	63.130	0	0	
0	[SLAMPOS]	0	-263.320	302.800	0	63.100	0	0	
0	[SLAMPOS]	0	-263.020	302.940	0	63.100	0	0	
0	[SLAMPOS]	0	-262.390	303.250	0	63.070	0	0	
0	[SLAMPOS]	0	-261.610	303.620	0	63.060	0	0	
0	[SLAMPOS]	0	-261.450	303.700	0	63.060	0	0	
0	[SLAMPOS]	0	-260.690	304.060	0	63.030	0	0	
0	[SLAMPOS]	0	-259.860	304.450	0	63.000	0	0	
0	[SLAMPOS]	0	-259.670	304.550	0	63.010	0	0	
0	[SLAMPOS]	0	-258.870	304.940	0	62.990	0	0	
0	[SLAMPOS]	0	-258.720	305.010	0	62.990	0	0	
0	[SLAMPOS]	0	-257.970	305.370	0	62.980	0	0	
0	[SLAMPOS]	0	-257.000	305.850	0	63.000	0	0	
0	[SLAMPOS]	0	-256.900	305.890	0	63.020	0	0	
0	[SLAMPOS]	0	-256.210	306.230	0	63.010	0	0	
0	[SLAMPOS]	0	-255.450	306.600	0	63.050	0	0	
0	[SLAMPOS]	0	-255.260	306.690	0	63.040	0	0	
0	[SLAMPOS]	0	-254.110	307.250	0	63.120	0	0	
0	[SLAMPOS]	0	-253.850	307.370	0	63.130	0	0	
0	[SLAMPOS]	0	-253.190	307.690	0	63.180	0	0	
0	[SLAMPOS]	0	-252.420	308.050	0	63.220	0	0	
0	[SLAMPOS]	0	-252.220	308.150	0	63.230	0	0	
0	[SLAMPOS]	0	-251.470	308.510	0	63.270	0	0	
0	[SLAMPOS]	0	-251.270	308.610	0	63.280	0	0	
0	[SLAMPOS]	0	-250.480	308.980	0	63.310	0	0	
0	[SLAMPOS]	0	-249.730	309.330	0	63.340	0	0	
0	[SLAMPOS]	0	-249.070	309.650	0	63.340	0	0	
0	[SLAMPOS]	0	-248.770	309.790	0	63.340	0	0	
0	[SLAMPOS]	0	-248.090	310.120	0	63.330	0	0	
0	[SLAMPOS]	0	-247.270	310.500	0	63.310	0	0	
0	[SLAMPOS]	0	-246.620	310.810	0	63.280	0	0	
0	[SLAMPOS]	0	-245.670	311.270	0	63.240	0	0	
0	[SLAMPOS]	0	-245.480	311.360	0	63.240	0	0	
0	[SLAMPOS]	0	-244.820	311.680	0	63.220	0	0	
0	[SLAMPOS]	0	-243.860	312.140	0	63.180	0	0	
0	[SLAMPOS]	0	-243.600	312.260	0	63.180	0	0	
0	[SLAMPOS]	0	-242.990	312.560	0	63.150	0	0	
0	[SLAMPOS]	0	-242.870	312.620	0	63.150	0	0	
0	[SLAMPOS]	0	-242.090	312.990	0	63.130	0	0	
0	[SLAMPOS]	0	-241.360	313.340	0	63.110	0	0	
0	[SLAMPOS]	0	-240.730	313.640	0	63.090	0	0	
0	[SLAMPOS]	0	-240.150	313.930	0	63.080	0	0	
0	[SLAMPOS]	0	-239.410	314.270	0	63.060	0	0	
0	[SLAMPOS]	0	-239.220	314.370	0	63.050	0	0	
0	[SLAMPOS]	0	-238.430	314.750	0	63.020	0	0	
0	[SLAMPOS]	0	-238.250	314.850	0	63.010	0	0	
0	[SLAMPOS]	0	-237.480	315.220	0	62.980	0	0	
0	[SLAMPOS]	0	-236.800	315.550	0	62.950	0	0	
0	[SLAMPOS]	0	-236.510	315.690	0	62.950	0	0	
0	[SLAMPOS]	0	-235.360	316.260	0	62.910	0	0	
0	[SLAMPOS]	0	-235.050	316.400	0	62.900	0	0	
0	[SLAMPOS]	0	-234.740	316.540	0	62.890	0	0	
0	[SLAMPOS]	0	-233.570	317.120	0	62.840	0	0	
0	[SLAMPOS]	0	-233.320	317.230	0	62.840	0	0	
0	[SLAMPOS]	0	-232.610	317.580	0	62.810	0	0	
0	[SLAMPOS]	0	-231.850	317.950	0	62.790	0	0	
0	[SLAMPOS]	0	-231.600	318.080	0	62.790	0	0	
0	[SLAMPOS]	0	-230.890	318.420	0	62.750	0	0	
0	[SLAMPOS]	0	-230.200	318.760	0	62.740	0	0	
0	[SLAMPOS]	0	-229.890	318.910	0	62.720	0	0	
0	[SLAMPOS]	0	-228.740	319.480	0	62.720	0	0	
0	[SLAMPOS]	0	-228.440	319.630	0	62.710	0	0	
0	[SLAMPOS]	0	-228.130	319.770	0	62.710	0	0	
0	[SLAMPOS]	0	-226.970	320.340	0	62.740	0	0	
0	[SLAMPOS]	0	-226.660	320.490	0	62.740	0	0	
0	[SLAMPOS]	0	-225.930	320.850	0	62.740	0	0	
0	[SLAMPOS]	0	-225.190	321.210	0	62.740	0	0	
0	[SLAMPOS]	0	-224.980	321.320	0	62.740	0	0	
0	[SLAMPOS]	0	-224.190	321.700	0	62.750	0	0	
0	[SLAMPOS]	0	-223.960	321.820	0	62.750	0	0	
0	[SLAMPOS]	0	-223.220	322.170	0	62.760	0	0	
0	[SLAMPOS]	0	-222.520	322.520	0	62.750	0	0	
0	[SLAMPOS]	0	-222.200	322.670	0	62.750	0	0	
0	[SLAMPOS]	0	-221.390	323.060	0	62.760	0	0	
0	[SLAMPOS]	0	-220.730	323.390	0	62.750	0	0	
0	[SLAMPOS]	0	-220.420	323.540	0	62.750	0	0	
0	[SLAMPOS]	0	-219.180	324.160	0	62.740	0	0	
0	[SLAMPOS]	0	-218.880	324.300	0	62.740	0	0	
0	[SLAMPOS]	0	-218.180	324.650	0	62.740	0	0	
0	[SLAMPOS]	0	-217.400	325.030	0	62.750	0	0	
0	[SLAMPOS]	0	-217.080	325.170	0	62.750	0	0	
0	[SLAMPOS]	0	-216.390	325.520	0	62.760	0	0	
0	[SLAMPOS]	0	-215.610	325.900	0	62.750	0	0	
0	[SLAMPOS]	0	-215.390	326.010	0	62.750	0	0	
0	[SLAMPOS]	0	-214.580	326.400	0	62.750	0	0	
0	[SLAMPOS]	0	-214.350	326.520	0	62.770	0	0	
0	[SLAMPOS]	0	-213.580	326.890	0	62.760	0	0	
0	[SLAMPOS]	0	-212.900	327.230	0	62.790	0	0	
0	[SLAMPOS]	0	-212.090	327.620	0	62.830	0	0	
0	[SLAMPOS]	0	-211.760	327.780	0	62.850	0	0	
0	[SLAMPOS]	0	-210.580	328.360	0	62.930	0	0	
0	[SLAMPOS]	0	-210.270	328.500	0	62.940	0	0	
0	[SLAMPOS]	0	-209.580	328.840	0	63.000	0	0	
0	[SLAMPOS]	0	-208.770	329.220	0	63.020	0	0	
0	[SLAMPOS]	0	-208.550	329.330	0	63.030	0	0	
0	[SLAMPOS]	0	-207.700	329.730	0	63.050	0	0	
0	[SLAMPOS]	0	-207.510	329.820	0	63.060	0	0	
0	[SLAMPOS]	0	-206.740	330.190	0	63.070	0	0	
0	[SLAMPOS]	0	-206.020	330.540	0	63.090	0	0	
0	[SLAMPOS]	0	-205.680	330.690	0	63.110	0	0	
0	[SLAMPOS]	0	-204.890	331.080	0	63.140	0	0	
0	[SLAMPOS]	0	-204.140	331.440	0	63.150	0	0	
0	[SLAMPOS]	0	-203.880	331.570	0	63.170	0	0	
0	[SLAMPOS]	0	-202.620	332.180	0	63.180	0	0	
0	[SLAMPOS]	0	-202.320	332.320	0	63.180	0	0	
0	[SLAMPOS]	0	-201.710	332.620	0	63.180	0	0	
0	[SLAMPOS]	0	-201.000	332.950	0	63.160	0	0	
0	[SLAMPOS]	0	-200.420	333.240	0	63.150	0	0	
0	[SLAMPOS]	0	-199.750	333.560	0	63.150	0	0	
0	[SLAMPOS]	0	-198.950	333.940	0	63.140	0	0	
0	[SLAMPOS]	0	-198.750	334.040	0	63.130	0	0	
0	[SLAMPOS]	0	-197.980	334.410	0	63.110	0	0	
0	[SLAMPOS]	0	-197.750	334.520	0	63.110	0	0	
0	[SLAMPOS]	0	-196.940	334.910	0	63.100	0	0	
0	[SLAMPOS]	0	-196.240	335.250	0	63.100	0	0	
0	[SLAMPOS]	0	-195.780	335.470	0	63.110	0	0	
0	[SLAMPOS]	0	-195.080	335.800	0	63.080	0	0	
0	[SLAMPOS]	0	-194.430	336.120	0	63.080	0	0	
0	[SLAMPOS]	0	-194.060	336.280	0	63.080	0	0	
0	[SLAMPOS]	0	-192.870	336.860	0	63.110	0	0	
0	[SLAMPOS]	0	-192.530	337.020	0	63.110	0	0	
0	[SLAMPOS]	0	-191.850	337.350	0	63.120	0	0	
0	[SLAMPOS]	0	-191.090	337.700	0	63.130	0	0	
0	[SLAMPOS]	0	-190.760	337.860	0	63.130	0	0	
0	[SLAMPOS]	0	-190.090	338.180	0	63.130	0	0	
0	[SLAMPOS]	0	-189.240	338.590	0	63.140	0	0	
0	[SLAMPOS]	0	-189.090	338.670	0	63.140	0	0	
0	[SLAMPOS]	0	-188.310	339.040	0	63.160	0	0	
0	[SLAMPOS]	0	-187.630	339.370	0	63.180	0	0	
0	[SLAMPOS]	0	-187.300	339.520	0	63.190	0	0	
0	[SLAMPOS]	0	-186.190	340.060	0	63.200	0	0	
0	[SLAMPOS]	0	-185.870	340.210	0	63.200	0	0	
0	[SLAMPOS]	0	-185.200	340.530	0	63.210	0	0	
0	[SLAMPOS]	0	-184.410	340.900	0	63.240	0	0	
0	[SLAMPOS]	0	-184.210	341.010	0	63.240	0	0	
0	[SLAMPOS]	0	-183.430	341.370	0	63.250	0	0	
0	[SLAMPOS]	0	-183.220	341.480	0	63.250	0	0	
0	[SLAMPOS]	0	-182.410	341.860	0	63.260	0	0	
0	[SLAMPOS]	0	-181.770	342.170	0	63.270	0	0	
0	[SLAMPOS]	0	-180.980	342.540	0	63.270	0	0	
0	[SLAMPOS]	0	-180.720	342.660	0	63.290	0	0	
0	[SLAMPOS]	0	-179.450	343.270	0	63.310	0	0	
0	[SLAMPOS]	0	-179.240	343.370	0	63.310	0	0	
0	[SLAMPOS]	0	-178.620	343.670	0	63.310	0	0	
0	[SLAMPOS]	0	-177.870	344.020	0	63.320	0	0	
0	[SLAMPOS]	0	-177.650	344.120	0	63.330	0	0	
0	[SLAMPOS]	0	-176.900	344.480	0	63.330	0	0	
0	[SLAMPOS]	0	-176.700	344.580	0	63.330	0	0	
0	[SLAMPOS]	0	-175.940	344.940	0	63.320	0	0	
0	[SLAMPOS]	0	-175.250	345.280	0	63.330	0	0	
0	[SLAMPOS]	0	-174.980	345.400	0	63.330	0	0	
0	[SLAMPOS]	0	-174.220	345.760	0	63.340	0	0	
0	[SLAMPOS]	0	-173.560	346.080	0	63.330	0	0	
0	[SLAMPOS]	0	-173.270	346.210	0	63.330	0	0	
0	[SLAMPOS]	0	-172.120	346.760	0	63.320	0	0	
0	[SLAMPOS]	0	-171.830	346.890	0	63.320	0	0	
0	[SLAMPOS]	0	-171.170	347.210	0	63.300	0	0	
0	[SLAMPOS]	0	-170.310	347.620	0	63.280	0	0	
0	[SLAMPOS]	0	-170.060	347.730	0	63.290	0	0	
0	[SLAMPOS]	0	-169.400	348.050	0	63.290	0	0	
0	[SLAMPOS]	0	-168.620	348.420	0	63.280	0	0	
0	[SLAMPOS]	0	-168.470	348.490	0	63.280	0	0	
0	[SLAMPOS]	0	-167.730	348.850	0	63.270	0	0	
0	[SLAMPOS]	0	-167.440	348.990	0	63.260	0	0	
0	[SLAMPOS]	0	-166.760	349.310	0	63.250	0	0	
0	[SLAMPOS]	0	-166.130	349.620	0	63.230	0	0	
0	[SLAMPOS]	0	-165.410	349.960	0	63.210	0	0	
0	[SLAMPOS]	0	-164.750	350.280	0	63.200	0	0	
0	[SLAMPOS]	0	-163.950	350.660	0	63.200	0	0	
0	[SLAMPOS]	0	-163.680	350.790	0	63.190	0	0	
0	[SLAMPOS]	0	-163.020	351.110	0	63.180	0	0	
0	[SLAMPOS]	0	-162.310	351.450	0	63.170	0	0	
0	[SLAMPOS]	0	-161.970	351.620	0	63.170	0	0	
0	[SLAMPOS]	0	-161.250	351.960	0	63.150	0	0	
0	[SLAMPOS]	0	-160.470	352.330	0	63.140	0	0	
0	[SLAMPOS]	0	-160.410	352.360	0	63.140	0	0	
0	[SLAMPOS]	0	-159.760	352.680	0	63.170	0	0	
0	[SLAMPOS]	0	-159.470	352.820	0	63.170	0	0	
0	[SLAMPOS]	0	-158.360	353.350	0	63.220	0	0	
0	[SLAMPOS]	0	-158.040	353.490	0	63.230	0	0	
0	[SLAMPOS]	0	-157.760	353.630	0	63.250	0	0	
0	[SLAMPOS]	0	-156.660	354.160	0	63.290	0	0	
0	[SLAMPOS]	0	-156.370	354.290	0	63.310	0	0	
0	[SLAMPOS]	0	-155.720	354.610	0	63.310	0	0	
0	[SLAMPOS]	0	-154.980	354.950	0	63.330	0	0	
0	[SLAMPOS]	0	-154.780	355.050	0	63.320	0	0	
0	[SLAMPOS]	0	-154.040	355.400	0	63.310	0	0	
0	[SLAMPOS]	0	-153.390	355.720	0	63.280	0	0	
0	[SLAMPOS]	0	-153.110	355.840	0	63.290	0	0	
0	[SLAMPOS]	0	-152.010	356.380	0	63.270	0	0	
0	[SLAMPOS]	0	-151.720	356.510	0	63.270	0	0	
0	[SLAMPOS]	0	-151.080	356.820	0	63.250	0	0	
0	[SLAMPOS]	0	-150.320	357.180	0	63.220	0	0	
0	[SLAMPOS]	0	-150.040	357.320	0	63.220	0	0	
0	[SLAMPOS]	0	-149.380	357.640	0	63.220	0	0	
0	[SLAMPOS]	0	-148.630	357.990	0	63.220	0	0	
0	[SLAMPOS]	0	-148.410	358.100	0	63.210	0	0	
0	[SLAMPOS]	0	-147.700	358.440	0	63.190	0	0	
0	[SLAMPOS]	0	-147.520	358.530	0	63.180	0	0	
0	[SLAMPOS]	0	-146.750	358.890	0	63.170	0	0	
0	[SLAMPOS]	0	-146.130	359.190	0	63.150	0	0	
0	[SLAMPOS]	0	-145.840	359.320	0	63.150	0	0	
0	[SLAMPOS]	0	-145.060	359.700	0	63.140	0	0	
0	[SLAMPOS]	0	-144.460	359.990	0	63.110	0	0	
0	[SLAMPOS]	0	-143.760	360.330	0	63.090	0	0	
0	[SLAMPOS]	0	-143.110	360.640	0	63.070	0	0	
0	[SLAMPOS]	0	-142.360	361.000	0	63.030	0	0	
0	[SLAMPOS]	0	-142.180	361.090	0	63.010	0	0	
0	[SLAMPOS]	0	-141.430	361.450	0	62.970	0	0	
0	[SLAMPOS]	0	-141.280	361.530	0	62.960	0	0	
0	[SLAMPOS]	0	-140.490	361.910	0	62.920	0	0	
0	[SLAMPOS]	0	-139.920	362.190	0	62.890	0	0	
0	[SLAMPOS]	0	-139.630	362.330	0	62.870	0	0	
0	[SLAMPOS]	0	-138.510	362.890	0	62.820	0	0	
0	[SLAMPOS]	0	-138.250	363.010	0	62.810	0	0	
0	[SLAMPOS]	0	-137.620	363.330	0	62.800	0	0	
0	[SLAMPOS]	0	-136.860	363.700	0	62.790	0	0	
0	[SLAMPOS]	0	-136.600	363.820	0	62.800	0	0	
0	[SLAMPOS]	0	-135.960	364.140	0	62.790	0	0	
0	[SLAMPOS]	0	-135.230	364.480	0	62.770	0	0	
0	[SLAMPOS]	0	-135.040	364.580	0	62.770	0	0	
0	[SLAMPOS]	0	-134.290	364.940	0	62.780	0	0	
0	[SLAMPOS]	0	-133.660	365.250	0	62.780	0	0	
0	[SLAMPOS]	0	-133.380	365.390	0	62.770	0	0	
0	[SLAMPOS]	0	-132.270	365.930	0	62.760	0	0	
0	[SLAMPOS]	0	-132.010	366.050	0	62.760	0	0	
0	[SLAMPOS]	0	-131.420	366.350	0	62.770	0	0	
0	[SLAMPOS]	0	-130.640	366.720	0	62.770	0	0	
0	[SLAMPOS]	0	-130.450	366.820	0	62.780	0	0	
0	[SLAMPOS]	0	-129.690	367.200	0	62.780	0	0	
0	[SLAMPOS]	0	-128.970	367.530	0	62.800	0	0	
0	[SLAMPOS]	0	-128.770	367.640	0	62.820	0	0	
0	[SLAMPOS]	0	-128.040	367.990	0	62.840	0	0	
0	[SLAMPOS]	0	-127.840	368.100	0	62.850	0	0	
0	[SLAMPOS]	0	-127.100	368.460	0	62.860	0	0	
0	[SLAMPOS]	0	-126.450	368.780	0	62.910	0	0	
0	[SLAMPOS]	0	-126.190	368.900	0	62.930	0	0	
0	[SLAMPOS]	0	-125.080	369.440	0	63.020	0	0	
0	[SLAMPOS]	0	-124.760	369.590	0	63.030	0	0	
0	[SLAMPOS]	0	-124.060	369.930	0	63.060	0	0	
0	[SLAMPOS]	0	-123.400	370.250	0	63.120	0	0	
0	[SLAMPOS]	0	-122.640	370.600	0	63.190	0	0	
0	[SLAMPOS]	0	-122.450	370.700	0	63.210	0	0	
0	[SLAMPOS]	0	-121.690	371.050	0	63.230	0	0	
0	[SLAMPOS]	0	-121.510	371.140	0	63.240	0	0	
0	[SLAMPOS]	0	-120.720	371.510	0	63.280	0	0	
0	[SLAMPOS]	0	-120.100	371.810	0	63.330	0	0	
0	[SLAMPOS]	0	-119.820	371.940	0	63.350	0	0	
0	[SLAMPOS]	0	-118.710	372.480	0	63.390	0	0	
0	[SLAMPOS]	0	-118.390	372.620	0	63.400	0	0	
0	[SLAMPOS]	0	-117.740	372.940	0	63.430	0	0	
0	[SLAMPOS]	0	-116.950	373.310	0	63.450	0	0	
0	[SLAMPOS]	0	-116.680	373.440	0	63.450	0	0	
0	[SLAMPOS]	0	-116.010	373.750	0	63.460	0	0	
0	[SLAMPOS]	0	-115.250	374.110	0	63.480	0	0	
0	[SLAMPOS]	0	-115.040	374.210	0	63.480	0	0	
0	[SLAMPOS]	0	-114.220	374.600	0	63.450	0	0	
0	[SLAMPOS]	0	-114.010	374.710	0	63.450	0	0	
0	[SLAMPOS]	0	-113.250	375.060	0	63.460	0	0	
0	[SLAMPOS]	0	-112.490	375.430	0	63.440	0	0	
0	[SLAMPOS]	0	-112.290	375.530	0	63.430	0	0	
0	[SLAMPOS]	0	-111.440	375.920	0	63.440	0	0	
0	[SLAMPOS]	0	-110.810	376.220	0	63.430	0	0	
0	[SLAMPOS]	0	-110.440	376.400	0	63.440	0	0	
0	[SLAMPOS]	0	-109.370	376.910	0	63.410	0	0	
0	[SLAMPOS]	0	-109.090	377.040	0	63.410	0	0	
0	[SLAMPOS]	0	-108.390	377.370	0	63.390	0	0	
0	[SLAMPOS]	0	-107.530	377.780	0	63.370	0	0	
0	[SLAMPOS]	0	-107.430	377.830	0	63.360	0	0	
0	[SLAMPOS]	0	-106.620	378.210	0	63.340	0	0	
0	[SLAMPOS]	0	-105.870	378.570	0	63.320	0	0	
0	[SLAMPOS]	0	-105.650	378.670	0	63.310	0	0	
0	[SLAMPOS]	0	-104.870	379.050	0	63.290	0	0	
0	[SLAMPOS]	0	-104.190	379.390	0	63.260	0	0	
0	[SLAMPOS]	0	-103.880	379.530	0	63.260	0	0	
0	[SLAMPOS]	0	-102.740	380.080	0	63.180	0	0	
0	[SLAMPOS]	0	-102.310	380.290	0	63.140	0	0	
0	[SLAMPOS]	0	-102.080	380.390	0	63.120	0	0	
0	[SLAMPOS]	0	-100.930	380.940	0	63.040	0	0	
0	[SLAMPOS]	0	-100.540	381.130	0	63.020	0	0	
0	[SLAMPOS]	0	-99.950	381.420	0	62.980	0	0	
0	[SLAMPOS]	0	-99.060	381.850	0	62.910	0	0	
0	[SLAMPOS]	0	-98.950	381.910	0	62.900	0	0	
0	[SLAMPOS]	0	-98.080	382.330	0	62.840	0	0	
0	[SLAMPOS]	0	-97.880	382.440	0	62.820	0	0	
0	[SLAMPOS]	0	-97.060	382.830	0	62.780	0	0	
0	[SLAMPOS]	0	-96.180	383.270	0	62.730	0	0	
0	[SLAMPOS]	0	-96.070	383.320	0	62.720	0	0	
0	[SLAMPOS]	0	-95.320	383.690	0	62.670	0	0	
0	[SLAMPOS]	0	-94.390	384.140	0	62.610	0	0	
0	[SLAMPOS]	0	-94.230	384.230	0	62.590	0	0	
0	[SLAMPOS]	0	-93.150	384.760	0	62.480	0	0	
0	[SLAMPOS]	0	-92.840	384.900	0	62.430	0	0	
0	[SLAMPOS]	0	-92.150	385.250	0	62.340	0	0	
0	[SLAMPOS]	0	-91.340	385.660	0	62.260	0	0	
0	[SLAMPOS]	0	-91.140	385.760	0	62.220	0	0	
0	[SLAMPOS]	0	-90.360	386.160	0	62.140	0	0	
0	[SLAMPOS]	0	-89.540	386.580	0	62.020	0	0	
0	[SLAMPOS]	0	-89.350	386.680	0	61.990	0	0	
0	[SLAMPOS]	0	-88.530	387.090	0	61.840	0	0	
0	[SLAMPOS]	0	-87.850	387.440	0	61.730	0	0	
0	[SLAMPOS]	0	-87.550	387.590	0	61.690	0	0	
0	[SLAMPOS]	0	-86.370	388.200	0	61.540	0	0	
0	[SLAMPOS]	0	-86.480	388.140	0	61.560	0	0	
0	[SLAMPOS]	0	-85.640	388.580	0	61.480	0	0	
0	[SLAMPOS]	0	-84.900	388.970	0	61.440	0	0	
0	[SLAMPOS]	0	-84.660	389.100	0	61.440	0	0	
0	[SLAMPOS]	0	-83.490	389.720	0	61.420	0	0	
0	[SLAMPOS]	0	-83.170	389.880	0	61.410	0	0	
0	[SLAMPOS]	0	-82.490	390.240	0	61.380	0	0	
0	[SLAMPOS]	0	-81.700	390.640	0	61.340	0	0	
0	[SLAMPOS]	0	-80.890	391.040	0	61.320	0	0	
0	[SLAMPOS]	0	-80.630	391.190	0	61.310	0	0	
0	[SLAMPOS]	0	-79.790	391.620	0	61.300	0	0	
0	[SLAMPOS]	0	-79.550	391.750	0	61.290	0	0	
0	[SLAMPOS]	0	-78.690	392.200	0	61.280	0	0	
0	[SLAMPOS]	0	-78.000	392.570	0	61.280	0	0	
0	[SLAMPOS]	0	-77.800	392.680	0	61.260	0	0	
0	[SLAMPOS]	0	-76.980	393.100	0	61.230	0	0	
0	[SLAMPOS]	0	-76.770	393.210	0	61.220	0	0	
0	[SLAMPOS]	0	-76.030	393.580	0	61.210	0	0	
0	[SLAMPOS]	0	-75.260	393.990	0	61.150	0	0	
