0	[SLAMPOS]	0	-371.560	242.530	0	62.780	0	0	
0	[SLAMPOS]	0	-371.370	242.630	0	62.750	0	0	
0	[SLAMPOS]	0	-370.860	242.880	0	62.750	0	0	
0	[SLAMPOS]	0	-370.400	243.120	0	62.710	0	0	
0	[SLAMPOS]	0	-370.200	243.210	0	62.710	0	0	
0	[SLAMPOS]	0	-369.440	243.590	0	62.680	0	0	
0	[SLAMPOS]	0	-369.250	243.680	0	62.690	0	0	
0	[SLAMPOS]	0	-368.780	243.920	0	62.670	0	0	
0	[SLAMPOS]	0	-368.300	244.140	0	62.670	0	0	
0	[SLAMPOS]	0	-368.160	244.210	0	62.660	0	0	
0	[SLAMPOS]	0	-367.660	244.460	0	62.650	0	0	
0	[SLAMPOS]	0	-367.170	244.700	0	62.610	0	0	
0	[SLAMPOS]	0	-367.020	244.780	0	62.600	0	0	
0	[SLAMPOS]	0	-366.530	245.020	0	62.550	0	0	
0	[SLAMPOS]	0	-366.100	245.240	0	62.530	0	0	
0	[SLAMPOS]	0	-365.900	245.330	0	62.560	0	0	
0	[SLAMPOS]	0	-365.170	245.700	0	62.540	0	0	
0	[SLAMPOS]	0	-364.970	245.800	0	62.530	0	0	
0	[SLAMPOS]	0	-364.530	246.020	0	62.520	0	0	
0	[SLAMPOS]	0	-364.030	246.260	0	62.510	0	0	
0	[SLAMPOS]	0	-363.840	246.360	0	62.490	0	0	
0	[SLAMPOS]	0	-363.420	246.570	0	62.480	0	0	
0	[SLAMPOS]	0	-362.930	246.810	0	62.470	0	0	
0	[SLAMPOS]	0	-362.810	246.870	0	62.470	0	0	
0	[SLAMPOS]	0	-362.320	247.110	0	62.490	0	0	
0	[SLAMPOS]	0	-362.190	247.180	0	62.490	0	0	
0	[SLAMPOS]	0	-361.690	247.420	0	62.480	0	0	
0	[SLAMPOS]	0	-361.260	247.640	0	62.460	0	0	
0	[SLAMPOS]	0	-361.080	247.730	0	62.460	0	0	
0	[SLAMPOS]	0	-360.350	248.090	0	62.460	0	0	
0	[SLAMPOS]	0	-360.170	248.180	0	62.460	0	0	
0	[SLAMPOS]	0	-359.760	248.390	0	62.460	0	0	
0	[SLAMPOS]	0	-359.270	248.640	0	62.460	0	0	
0	[SLAMPOS]	0	-359.170	248.690	0	62.460	0	0	
0	[SLAMPOS]	0	-358.700	248.920	0	62.430	0	0	
0	[SLAMPOS]	0	-358.220	249.160	0	62.430	0	0	
0	[SLAMPOS]	0	-358.070	249.230	0	62.440	0	0	
0	[SLAMPOS]	0	-357.590	249.470	0	62.460	0	0	
0	[SLAMPOS]	0	-357.180	249.680	0	62.470	0	0	
0	[SLAMPOS]	0	-357.010	249.770	0	62.450	0	0	
0	[SLAMPOS]	0	-356.290	250.120	0	62.530	0	0	
0	[SLAMPOS]	0	-356.110	250.210	0	62.550	0	0	
0	[SLAMPOS]	0	-355.700	250.410	0	62.580	0	0	
0	[SLAMPOS]	0	-355.220	250.650	0	62.600	0	0	
0	[SLAMPOS]	0	-355.090	250.720	0	62.610	0	0	
0	[SLAMPOS]	0	-354.600	250.950	0	62.640	0	0	
0	[SLAMPOS]	0	-354.480	251.010	0	62.650	0	0	
0	[SLAMPOS]	0	-353.990	251.250	0	62.690	0	0	
0	[SLAMPOS]	0	-353.520	251.480	0	62.710	0	0	
0	[SLAMPOS]	0	-353.100	251.690	0	62.760	0	0	
0	[SLAMPOS]	0	-352.910	251.770	0	62.770	0	0	
0	[SLAMPOS]	0	-352.210	252.130	0	62.800	0	0	
0	[SLAMPOS]	0	-352.020	252.220	0	62.800	0	0	
0	[SLAMPOS]	0	-351.610	252.420	0	62.820	0	0	
0	[SLAMPOS]	0	-351.130	252.650	0	62.840	0	0	
0	[SLAMPOS]	0	-351.010	252.710	0	62.840	0	0	
0	[SLAMPOS]	0	-350.530	252.940	0	62.880	0	0	
0	[SLAMPOS]	0	-350.050	253.170	0	62.870	0	0	
0	[SLAMPOS]	0	-349.920	253.240	0	62.870	0	0	
0	[SLAMPOS]	0	-349.440	253.470	0	62.840	0	0	
0	[SLAMPOS]	0	-349.320	253.530	0	62.850	0	0	
0	[SLAMPOS]	0	-348.830	253.760	0	62.850	0	0	
0	[SLAMPOS]	0	-348.400	253.970	0	62.870	0	0	
0	[SLAMPOS]	0	-348.220	254.060	0	62.890	0	0	
0	[SLAMPOS]	0	-347.500	254.400	0	62.930	0	0	
0	[SLAMPOS]	0	-347.320	254.500	0	62.920	0	0	
0	[SLAMPOS]	0	-346.870	254.720	0	62.930	0	0	
0	[SLAMPOS]	0	-346.400	254.940	0	62.920	0	0	
0	[SLAMPOS]	0	-346.210	255.030	0	62.930	0	0	
0	[SLAMPOS]	0	-345.780	255.240	0	62.960	0	0	
0	[SLAMPOS]	0	-345.270	255.490	0	62.960	0	0	
0	[SLAMPOS]	0	-345.140	255.560	0	62.970	0	0	
0	[SLAMPOS]	0	-344.630	255.800	0	62.990	0	0	
0	[SLAMPOS]	0	-344.200	256.010	0	63.000	0	0	
0	[SLAMPOS]	0	-344.000	256.110	0	63.010	0	0	
0	[SLAMPOS]	0	-343.270	256.470	0	63.020	0	0	
0	[SLAMPOS]	0	-343.070	256.570	0	63.020	0	0	
0	[SLAMPOS]	0	-342.630	256.770	0	63.050	0	0	
0	[SLAMPOS]	0	-342.110	257.020	0	63.070	0	0	
0	[SLAMPOS]	0	-341.930	257.110	0	63.070	0	0	
0	[SLAMPOS]	0	-341.490	257.320	0	63.070	0	0	
0	[SLAMPOS]	0	-341.000	257.560	0	63.070	0	0	
0	[SLAMPOS]	0	-340.850	257.630	0	63.070	0	0	
0	[SLAMPOS]	0	-340.370	257.860	0	63.080	0	0	
0	[SLAMPOS]	0	-340.250	257.920	0	63.080	0	0	
0	[SLAMPOS]	0	-339.740	258.160	0	63.090	0	0	
0	[SLAMPOS]	0	-339.310	258.380	0	63.090	0	0	
0	[SLAMPOS]	0	-339.120	258.460	0	63.100	0	0	
0	[SLAMPOS]	0	-338.380	258.830	0	63.100	0	0	
0	[SLAMPOS]	0	-338.200	258.910	0	63.100	0	0	
0	[SLAMPOS]	0	-337.780	259.110	0	63.090	0	0	
0	[SLAMPOS]	0	-337.290	259.360	0	63.060	0	0	
0	[SLAMPOS]	0	-336.790	259.600	0	63.060	0	0	
0	[SLAMPOS]	0	-336.670	259.660	0	63.060	0	0	
0	[SLAMPOS]	0	-336.190	259.890	0	63.060	0	0	
0	[SLAMPOS]	0	-336.060	259.950	0	63.060	0	0	
0	[SLAMPOS]	0	-335.570	260.180	0	63.060	0	0	
0	[SLAMPOS]	0	-335.140	260.390	0	63.070	0	0	
0	[SLAMPOS]	0	-334.900	260.500	0	63.070	0	0	
0	[SLAMPOS]	0	-334.410	260.740	0	63.060	0	0	
0	[SLAMPOS]	0	-333.970	260.960	0	63.050	0	0	
0	[SLAMPOS]	0	-333.780	261.050	0	63.030	0	0	
0	[SLAMPOS]	0	-333.030	261.420	0	63.050	0	0	
0	[SLAMPOS]	0	-333.120	261.370	0	63.040	0	0	
0	[SLAMPOS]	0	-332.620	261.600	0	63.080	0	0	
0	[SLAMPOS]	0	-332.180	261.820	0	63.090	0	0	
0	[SLAMPOS]	0	-331.700	262.060	0	63.060	0	0	
0	[SLAMPOS]	0	-331.270	262.260	0	63.070	0	0	
0	[SLAMPOS]	0	-330.790	262.500	0	63.080	0	0	
0	[SLAMPOS]	0	-330.660	262.560	0	63.080	0	0	
0	[SLAMPOS]	0	-330.160	262.790	0	63.100	0	0	
0	[SLAMPOS]	0	-330.030	262.860	0	63.100	0	0	
0	[SLAMPOS]	0	-329.540	263.100	0	63.100	0	0	
0	[SLAMPOS]	0	-329.050	263.330	0	63.120	0	0	
0	[SLAMPOS]	0	-328.920	263.400	0	63.120	0	0	
0	[SLAMPOS]	0	-328.440	263.630	0	63.120	0	0	
0	[SLAMPOS]	0	-328.010	263.840	0	63.120	0	0	
0	[SLAMPOS]	0	-327.810	263.930	0	63.120	0	0	
0	[SLAMPOS]	0	-327.090	264.270	0	63.120	0	0	
0	[SLAMPOS]	0	-326.900	264.360	0	63.120	0	0	
0	[SLAMPOS]	0	-326.470	264.580	0	63.100	0	0	
0	[SLAMPOS]	0	-325.980	264.810	0	63.090	0	0	
0	[SLAMPOS]	0	-325.860	264.870	0	63.080	0	0	
0	[SLAMPOS]	0	-325.390	265.100	0	63.070	0	0	
0	[SLAMPOS]	0	-324.980	265.300	0	63.070	0	0	
0	[SLAMPOS]	0	-324.780	265.400	0	63.070	0	0	
0	[SLAMPOS]	0	-324.040	265.760	0	63.050	0	0	
0	[SLAMPOS]	0	-323.860	265.840	0	63.050	0	0	
0	[SLAMPOS]	0	-323.430	266.050	0	63.040	0	0	
0	[SLAMPOS]	0	-322.930	266.290	0	63.040	0	0	
0	[SLAMPOS]	0	-322.740	266.380	0	63.040	0	0	
0	[SLAMPOS]	0	-322.310	266.590	0	63.030	0	0	
0	[SLAMPOS]	0	-321.830	266.820	0	63.000	0	0	
0	[SLAMPOS]	0	-321.690	266.890	0	63.000	0	0	
0	[SLAMPOS]	0	-321.210	267.120	0	62.980	0	0	
0	[SLAMPOS]	0	-321.080	267.190	0	62.970	0	0	
0	[SLAMPOS]	0	-320.590	267.430	0	62.950	0	0	
0	[SLAMPOS]	0	-320.160	267.640	0	62.950	0	0	
0	[SLAMPOS]	0	-319.980	267.720	0	62.980	0	0	
0	[SLAMPOS]	0	-319.490	267.950	0	63.010	0	0	
0	[SLAMPOS]	0	-318.780	268.310	0	62.980	0	0	
0	[SLAMPOS]	0	-318.580	268.400	0	62.950	0	0	
0	[SLAMPOS]	0	-318.150	268.620	0	62.920	0	0	
0	[SLAMPOS]	0	-317.960	268.700	0	62.910	0	0	
0	[SLAMPOS]	0	-317.540	268.910	0	62.900	0	0	
0	[SLAMPOS]	0	-317.060	269.140	0	62.920	0	0	
0	[SLAMPOS]	0	-316.930	269.210	0	62.920	0	0	
0	[SLAMPOS]	0	-316.450	269.440	0	62.910	0	0	
0	[SLAMPOS]	0	-316.040	269.650	0	62.910	0	0	
0	[SLAMPOS]	0	-315.840	269.740	0	62.910	0	0	
0	[SLAMPOS]	0	-315.390	269.960	0	62.930	0	0	
0	[SLAMPOS]	0	-314.990	270.150	0	62.930	0	0	
0	[SLAMPOS]	0	-314.790	270.260	0	62.930	0	0	
0	[SLAMPOS]	0	-314.120	270.580	0	62.970	0	0	
0	[SLAMPOS]	0	-313.940	270.670	0	62.980	0	0	
0	[SLAMPOS]	0	-313.540	270.860	0	63.040	0	0	
0	[SLAMPOS]	0	-313.090	271.080	0	63.100	0	0	
0	[SLAMPOS]	0	-312.880	271.180	0	63.130	0	0	
0	[SLAMPOS]	0	-312.510	271.360	0	63.220	0	0	
0	[SLAMPOS]	0	-312.390	271.420	0	63.260	0	0	
0	[SLAMPOS]	0	-311.950	271.620	0	63.370	0	0	
0	[SLAMPOS]	0	-311.510	271.830	0	63.470	0	0	
0	[SLAMPOS]	0	-311.380	271.890	0	63.530	0	0	
0	[SLAMPOS]	0	-310.930	272.100	0	63.650	0	0	
0	[SLAMPOS]	0	-310.540	272.280	0	63.830	0	0	
0	[SLAMPOS]	0	-310.120	272.470	0	64.010	0	0	
0	[SLAMPOS]	0	-309.740	272.650	0	64.220	0	0	
0	[SLAMPOS]	0	-309.300	272.840	0	64.430	0	0	
0	[SLAMPOS]	0	-309.190	272.890	0	64.530	0	0	
0	[SLAMPOS]	0	-308.760	273.070	0	64.750	0	0	
0	[SLAMPOS]	0	-308.650	273.130	0	64.870	0	0	
0	[SLAMPOS]	0	-308.240	273.300	0	65.140	0	0	
0	[SLAMPOS]	0	-307.820	273.480	0	65.470	0	0	
0	[SLAMPOS]	0	-307.720	273.520	0	65.600	0	0	
0	[SLAMPOS]	0	-307.130	273.770	0	66.240	0	0	
0	[SLAMPOS]	0	-306.970	273.830	0	66.390	0	0	
0	[SLAMPOS]	0	-306.810	273.880	0	66.580	0	0	
0	[SLAMPOS]	0	-306.220	274.110	0	67.450	0	0	
0	[SLAMPOS]	0	-306.070	274.170	0	67.670	0	0	
0	[SLAMPOS]	0	-305.710	274.300	0	68.270	0	0	
0	[SLAMPOS]	0	-305.310	274.430	0	68.910	0	0	
0	[SLAMPOS]	0	-305.210	274.470	0	69.160	0	0	
0	[SLAMPOS]	0	-304.800	274.590	0	69.900	0	0	
0	[SLAMPOS]	0	-304.400	274.710	0	70.680	0	0	
0	[SLAMPOS]	0	-304.300	274.740	0	70.940	0	0	
0	[SLAMPOS]	0	-303.900	274.860	0	71.780	0	0	
0	[SLAMPOS]	0	-303.560	274.950	0	72.610	0	0	
0	[SLAMPOS]	0	-303.420	274.980	0	72.890	0	0	
0	[SLAMPOS]	0	-302.840	275.130	0	74.370	0	0	
0	[SLAMPOS]	0	-302.690	275.160	0	74.740	0	0	
0	[SLAMPOS]	0	-302.360	275.230	0	75.680	0	0	
0	[SLAMPOS]	0	-301.980	275.290	0	76.700	0	0	
0	[SLAMPOS]	0	-301.870	275.320	0	77.040	0	0	
0	[SLAMPOS]	0	-301.500	275.370	0	78.060	0	0	
0	[SLAMPOS]	0	-301.110	275.420	0	79.150	0	0	
0	[SLAMPOS]	0	-301.010	275.430	0	79.510	0	0	
0	[SLAMPOS]	0	-300.640	275.470	0	80.670	0	0	
0	[SLAMPOS]	0	-300.540	275.480	0	81.040	0	0	
0	[SLAMPOS]	0	-300.160	275.500	0	82.190	0	0	
0	[SLAMPOS]	0	-299.840	275.530	0	83.340	0	0	
0	[SLAMPOS]	0	-299.680	275.530	0	83.850	0	0	
0	[SLAMPOS]	0	-299.140	275.550	0	85.800	0	0	
0	[SLAMPOS]	0	-298.990	275.550	0	86.320	0	0	
0	[SLAMPOS]	0	-298.680	275.550	0	87.600	0	0	
0	[SLAMPOS]	0	-298.330	275.540	0	89.000	0	0	
0	[SLAMPOS]	0	-298.200	275.530	0	89.490	0	0	
0	[SLAMPOS]	0	-297.850	275.500	0	90.950	0	0	
0	[SLAMPOS]	0	-297.520	275.470	0	92.300	0	0	
0	[SLAMPOS]	0	-297.420	275.460	0	92.720	0	0	
0	[SLAMPOS]	0	-297.060	275.410	0	94.200	0	0	
0	[SLAMPOS]	0	-296.770	275.370	0	95.470	0	0	
0	[SLAMPOS]	0	-296.630	275.330	0	96.010	0	0	
0	[SLAMPOS]	0	-296.100	275.240	0	98.230	0	0	
0	[SLAMPOS]	0	-295.960	275.200	0	98.770	0	0	
0	[SLAMPOS]	0	-295.840	275.160	0	99.270	0	0	
0	[SLAMPOS]	0	-295.320	275.040	0	101.430	0	0	
0	[SLAMPOS]	0	-295.190	275.000	0	101.930	0	0	
0	[SLAMPOS]	0	-294.890	274.910	0	103.200	0	0	
0	[SLAMPOS]	0	-294.560	274.800	0	104.580	0	0	
0	[SLAMPOS]	0	-294.470	274.780	0	104.970	0	0	
0	[SLAMPOS]	0	-294.140	274.650	0	106.390	0	0	
0	[SLAMPOS]	0	-294.050	274.620	0	106.820	0	0	
0	[SLAMPOS]	0	-293.740	274.490	0	108.220	0	0	
0	[SLAMPOS]	0	-293.450	274.380	0	109.500	0	0	
0	[SLAMPOS]	0	-293.320	274.320	0	110.040	0	0	
0	[SLAMPOS]	0	-293.010	274.150	0	111.390	0	0	
0	[SLAMPOS]	0	-292.740	274.010	0	112.620	0	0	
0	[SLAMPOS]	0	-292.410	273.840	0	114.130	0	0	
0	[SLAMPOS]	0	-292.170	273.710	0	115.290	0	0	
0	[SLAMPOS]	0	-292.050	273.640	0	115.840	0	0	
0	[SLAMPOS]	0	-291.780	273.490	0	117.090	0	0	
0	[SLAMPOS]	0	-291.490	273.300	0	118.500	0	0	
0	[SLAMPOS]	0	-291.360	273.210	0	119.120	0	0	
0	[SLAMPOS]	0	-291.100	273.050	0	120.380	0	0	
0	[SLAMPOS]	0	-290.820	272.850	0	121.730	0	0	
0	[SLAMPOS]	0	-290.740	272.800	0	122.110	0	0	
0	[SLAMPOS]	0	-290.460	272.590	0	123.410	0	0	
0	[SLAMPOS]	0	-290.210	272.410	0	124.600	0	0	
0	[SLAMPOS]	0	-290.110	272.310	0	125.060	0	0	
0	[SLAMPOS]	0	-289.730	272.010	0	126.960	0	0	
0	[SLAMPOS]	0	-289.630	271.910	0	127.430	0	0	
0	[SLAMPOS]	0	-289.400	271.720	0	128.600	0	0	
0	[SLAMPOS]	0	-289.150	271.490	0	129.800	0	0	
0	[SLAMPOS]	0	-289.000	271.340	0	130.550	0	0	
0	[SLAMPOS]	0	-288.800	271.150	0	131.550	0	0	
0	[SLAMPOS]	0	-288.580	270.910	0	132.690	0	0	
0	[SLAMPOS]	0	-288.330	270.620	0	134.040	0	0	
0	[SLAMPOS]	0	-288.310	270.610	0	134.100	0	0	
0	[SLAMPOS]	0	-288.020	270.260	0	135.610	0	0	
0	[SLAMPOS]	0	-288.020	270.260	0	135.610	0	0	
0	[SLAMPOS]	0	-287.850	270.060	0	136.420	0	0	
0	[SLAMPOS]	0	-287.640	269.810	0	137.410	0	0	
0	[SLAMPOS]	0	-287.450	269.570	0	138.270	0	0	
0	[SLAMPOS]	0	-287.220	269.280	0	139.250	0	0	
0	[SLAMPOS]	0	-287.190	269.250	0	139.350	0	0	
0	[SLAMPOS]	0	-287.000	268.970	0	140.120	0	0	
0	[SLAMPOS]	0	-286.940	268.890	0	140.300	0	0	
0	[SLAMPOS]	0	-286.720	268.610	0	141.020	0	0	
0	[SLAMPOS]	0	-286.550	268.330	0	141.640	0	0	
0	[SLAMPOS]	0	-286.300	268.000	0	142.260	0	0	
0	[SLAMPOS]	0	-286.280	267.980	0	142.300	0	0	
0	[SLAMPOS]	0	-286.090	267.720	0	142.660	0	0	
0	[SLAMPOS]	0	-286.010	267.590	0	142.790	0	0	
0	[SLAMPOS]	0	-285.820	267.320	0	143.130	0	0	
0	[SLAMPOS]	0	-285.650	267.090	0	143.410	0	0	
0	[SLAMPOS]	0	-285.570	266.980	0	143.540	0	0	
0	[SLAMPOS]	0	-285.280	266.570	0	143.910	0	0	
0	[SLAMPOS]	0	-285.210	266.460	0	143.980	0	0	
0	[SLAMPOS]	0	-285.050	266.210	0	144.130	0	0	
0	[SLAMPOS]	0	-284.860	265.930	0	144.300	0	0	
0	[SLAMPOS]	0	-284.810	265.850	0	144.350	0	0	
0	[SLAMPOS]	0	-284.620	265.550	0	144.490	0	0	
0	[SLAMPOS]	0	-284.570	265.480	0	144.530	0	0	
0	[SLAMPOS]	0	-284.370	265.170	0	144.640	0	0	
0	[SLAMPOS]	0	-284.200	264.910	0	144.750	0	0	
0	[SLAMPOS]	0	-284.120	264.780	0	144.790	0	0	
0	[SLAMPOS]	0	-283.910	264.490	0	144.900	0	0	
0	[SLAMPOS]	0	-283.600	264.030	0	145.020	0	0	
0	[SLAMPOS]	0	-283.530	263.920	0	145.040	0	0	
0	[SLAMPOS]	0	-283.370	263.630	0	145.090	0	0	
0	[SLAMPOS]	0	-283.170	263.300	0	145.140	0	0	
0	[SLAMPOS]	0	-283.130	263.240	0	145.160	0	0	
0	[SLAMPOS]	0	-282.910	262.910	0	145.190	0	0	
0	[SLAMPOS]	0	-282.860	262.830	0	145.220	0	0	
0	[SLAMPOS]	0	-282.640	262.510	0	145.260	0	0	
0	[SLAMPOS]	0	-282.460	262.240	0	145.320	0	0	
0	[SLAMPOS]	0	-282.380	262.100	0	145.350	0	0	
0	[SLAMPOS]	0	-282.040	261.600	0	145.480	0	0	
0	[SLAMPOS]	0	-281.970	261.490	0	145.490	0	0	
0	[SLAMPOS]	0	-281.770	261.180	0	145.560	0	0	
0	[SLAMPOS]	0	-281.550	260.820	0	145.660	0	0	
0	[SLAMPOS]	0	-281.490	260.740	0	145.680	0	0	
0	[SLAMPOS]	0	-281.260	260.400	0	145.740	0	0	
0	[SLAMPOS]	0	-280.990	259.980	0	145.810	0	0	
0	[SLAMPOS]	0	-280.960	259.940	0	145.810	0	0	
0	[SLAMPOS]	0	-280.730	259.600	0	145.860	0	0	
0	[SLAMPOS]	0	-280.530	259.280	0	145.940	0	0	
0	[SLAMPOS]	0	-280.430	259.130	0	145.960	0	0	
0	[SLAMPOS]	0	-280.090	258.590	0	146.070	0	0	
0	[SLAMPOS]	0	-280.000	258.450	0	146.070	0	0	
0	[SLAMPOS]	0	-279.790	258.130	0	146.110	0	0	
0	[SLAMPOS]	0	-279.550	257.760	0	146.170	0	0	
0	[SLAMPOS]	0	-279.480	257.650	0	146.160	0	0	
0	[SLAMPOS]	0	-279.240	257.270	0	146.170	0	0	
0	[SLAMPOS]	0	-278.990	256.870	0	146.140	0	0	
0	[SLAMPOS]	0	-278.920	256.770	0	146.130	0	0	
0	[SLAMPOS]	0	-278.680	256.360	0	146.130	0	0	
0	[SLAMPOS]	0	-278.450	256.010	0	146.120	0	0	
0	[SLAMPOS]	0	-278.350	255.850	0	146.120	0	0	
0	[SLAMPOS]	0	-277.950	255.250	0	146.070	0	0	
0	[SLAMPOS]	0	-277.840	255.080	0	146.060	0	0	
0	[SLAMPOS]	0	-277.610	254.710	0	146.070	0	0	
0	[SLAMPOS]	0	-277.320	254.270	0	146.050	0	0	
0	[SLAMPOS]	0	-277.260	254.180	0	146.040	0	0	
0	[SLAMPOS]	0	-276.990	253.740	0	146.070	0	0	
0	[SLAMPOS]	0	-276.700	253.290	0	146.050	0	0	
0	[SLAMPOS]	0	-276.600	253.160	0	146.030	0	0	
0	[SLAMPOS]	0	-276.310	252.690	0	146.010	0	0	
0	[SLAMPOS]	0	-276.230	252.570	0	146.000	0	0	
0	[SLAMPOS]	0	-275.950	252.130	0	146.000	0	0	
0	[SLAMPOS]	0	-275.700	251.760	0	145.970	0	0	
0	[SLAMPOS]	0	-275.580	251.560	0	145.960	0	0	
0	[SLAMPOS]	0	-275.170	250.920	0	145.880	0	0	
0	[SLAMPOS]	0	-275.060	250.740	0	145.880	0	0	
0	[SLAMPOS]	0	-274.790	250.370	0	145.820	0	0	
0	[SLAMPOS]	0	-274.480	249.910	0	145.780	0	0	
0	[SLAMPOS]	0	-274.370	249.740	0	145.770	0	0	
0	[SLAMPOS]	0	-274.080	249.280	0	145.780	0	0	
0	[SLAMPOS]	0	-273.780	248.820	0	145.760	0	0	
0	[SLAMPOS]	0	-273.700	248.700	0	145.760	0	0	
0	[SLAMPOS]	0	-273.400	248.210	0	145.800	0	0	
0	[SLAMPOS]	0	-273.310	248.080	0	145.800	0	0	
0	[SLAMPOS]	0	-273.000	247.600	0	145.790	0	0	
0	[SLAMPOS]	0	-272.730	247.190	0	145.790	0	0	
0	[SLAMPOS]	0	-272.450	246.700	0	145.860	0	0	
0	[SLAMPOS]	0	-272.330	246.500	0	145.880	0	0	
0	[SLAMPOS]	0	-271.870	245.770	0	145.880	0	0	
0	[SLAMPOS]	0	-271.720	245.510	0	145.890	0	0	
0	[SLAMPOS]	0	-271.480	245.130	0	145.830	0	0	
0	[SLAMPOS]	0	-271.170	244.640	0	145.830	0	0	
0	[SLAMPOS]	0	-271.070	244.500	0	145.820	0	0	
0	[SLAMPOS]	0	-270.780	244.040	0	145.820	0	0	
0	[SLAMPOS]	0	-270.660	243.870	0	145.820	0	0	
0	[SLAMPOS]	0	-270.340	243.400	0	145.790	0	0	
0	[SLAMPOS]	0	-270.020	242.910	0	145.800	0	0	
0	[SLAMPOS]	0	-269.930	242.780	0	145.800	0	0	
0	[SLAMPOS]	0	-269.610	242.290	0	145.810	0	0	
0	[SLAMPOS]	0	-269.310	241.870	0	145.780	0	0	
0	[SLAMPOS]	0	-269.190	241.670	0	145.790	0	0	
0	[SLAMPOS]	0	-268.710	240.940	0	145.800	0	0	
0	[SLAMPOS]	0	-268.550	240.700	0	145.790	0	0	
0	[SLAMPOS]	0	-268.310	240.310	0	145.800	0	0	
0	[SLAMPOS]	0	-268.000	239.830	0	145.810	0	0	
0	[SLAMPOS]	0	-267.890	239.670	0	145.800	0	0	
0	[SLAMPOS]	0	-267.540	239.120	0	145.800	0	0	
0	[SLAMPOS]	0	-267.220	238.620	0	145.800	0	0	
0	[SLAMPOS]	0	-267.120	238.480	0	145.790	0	0	
0	[SLAMPOS]	0	-266.790	237.980	0	145.780	0	0	
0	[SLAMPOS]	0	-266.690	237.830	0	145.770	0	0	
0	[SLAMPOS]	0	-266.380	237.340	0	145.770	0	0	
0	[SLAMPOS]	0	-266.090	236.890	0	145.770	0	0	
0	[SLAMPOS]	0	-265.760	236.390	0	145.770	0	0	
0	[SLAMPOS]	0	-265.460	235.930	0	145.760	0	0	
0	[SLAMPOS]	0	-265.330	235.740	0	145.750	0	0	
0	[SLAMPOS]	0	-265.000	235.230	0	145.730	0	0	
0	[SLAMPOS]	0	-264.710	234.780	0	145.730	0	0	
0	[SLAMPOS]	0	-264.370	234.260	0	145.740	0	0	
0	[SLAMPOS]	0	-264.260	234.090	0	145.740	0	0	
0	[SLAMPOS]	0	-263.930	233.610	0	145.710	0	0	
0	[SLAMPOS]	0	-263.850	233.490	0	145.710	0	0	
0	[SLAMPOS]	0	-263.520	232.940	0	145.740	0	0	
0	[SLAMPOS]	0	-263.200	232.460	0	145.730	0	0	
0	[SLAMPOS]	0	-263.060	232.270	0	145.690	0	0	
0	[SLAMPOS]	0	-262.570	231.510	0	145.700	0	0	
0	[SLAMPOS]	0	-262.430	231.320	0	145.680	0	0	
0	[SLAMPOS]	0	-262.310	231.100	0	145.710	0	0	
0	[SLAMPOS]	0	-261.790	230.310	0	145.690	0	0	
0	[SLAMPOS]	0	-261.650	230.090	0	145.690	0	0	
0	[SLAMPOS]	0	-261.350	229.640	0	145.680	0	0	
0	[SLAMPOS]	0	-261.020	229.090	0	145.690	0	0	
0	[SLAMPOS]	0	-260.930	228.960	0	145.690	0	0	
0	[SLAMPOS]	0	-260.570	228.430	0	145.700	0	0	
0	[SLAMPOS]	0	-260.160	227.830	0	145.680	0	0	
0	[SLAMPOS]	0	-260.060	227.690	0	145.690	0	0	
0	[SLAMPOS]	0	-259.730	227.150	0	145.710	0	0	
0	[SLAMPOS]	0	-259.620	226.980	0	145.710	0	0	
0	[SLAMPOS]	0	-259.310	226.510	0	145.710	0	0	
0	[SLAMPOS]	0	-258.990	226.030	0	145.730	0	0	
0	[SLAMPOS]	0	-258.660	225.490	0	145.750	0	0	
0	[SLAMPOS]	0	-258.350	225.020	0	145.760	0	0	
0	[SLAMPOS]	0	-258.000	224.470	0	145.780	0	0	
0	[SLAMPOS]	0	-257.900	224.320	0	145.770	0	0	
0	[SLAMPOS]	0	-257.550	223.770	0	145.780	0	0	
0	[SLAMPOS]	0	-257.450	223.630	0	145.780	0	0	
0	[SLAMPOS]	0	-257.080	223.070	0	145.790	0	0	
0	[SLAMPOS]	0	-256.720	222.540	0	145.770	0	0	
0	[SLAMPOS]	0	-256.620	222.400	0	145.770	0	0	
0	[SLAMPOS]	0	-256.260	221.820	0	145.790	0	0	
0	[SLAMPOS]	0	-255.940	221.340	0	145.790	0	0	
0	[SLAMPOS]	0	-255.800	221.110	0	145.790	0	0	
0	[SLAMPOS]	0	-255.250	220.290	0	145.780	0	0	
0	[SLAMPOS]	0	-255.110	220.060	0	145.790	0	0	
0	[SLAMPOS]	0	-254.760	219.550	0	145.760	0	0	
0	[SLAMPOS]	0	-254.430	219.010	0	145.770	0	0	
0	[SLAMPOS]	0	-254.320	218.860	0	145.760	0	0	
0	[SLAMPOS]	0	-253.970	218.320	0	145.750	0	0	
0	[SLAMPOS]	0	-253.640	217.820	0	145.740	0	0	
0	[SLAMPOS]	0	-253.490	217.580	0	145.740	0	0	
0	[SLAMPOS]	0	-253.130	217.020	0	145.720	0	0	
0	[SLAMPOS]	0	-252.810	216.530	0	145.700	0	0	
0	[SLAMPOS]	0	-252.680	216.310	0	145.690	0	0	
0	[SLAMPOS]	0	-252.060	215.400	0	145.640	0	0	
0	[SLAMPOS]	0	-251.910	215.190	0	145.630	0	0	
0	[SLAMPOS]	0	-251.610	214.720	0	145.640	0	0	
0	[SLAMPOS]	0	-251.240	214.160	0	145.610	0	0	
0	[SLAMPOS]	0	-251.140	214.010	0	145.610	0	0	
0	[SLAMPOS]	0	-250.760	213.430	0	145.590	0	0	
0	[SLAMPOS]	0	-250.340	212.800	0	145.580	0	0	
0	[SLAMPOS]	0	-250.270	212.690	0	145.580	0	0	
0	[SLAMPOS]	0	-249.910	212.130	0	145.600	0	0	
0	[SLAMPOS]	0	-249.790	211.960	0	145.600	0	0	
0	[SLAMPOS]	0	-249.430	211.390	0	145.610	0	0	
0	[SLAMPOS]	0	-249.090	210.870	0	145.610	0	0	
0	[SLAMPOS]	0	-248.690	210.250	0	145.620	0	0	
0	[SLAMPOS]	0	-248.370	209.780	0	145.620	0	0	
0	[SLAMPOS]	0	-247.980	209.180	0	145.630	0	0	
0	[SLAMPOS]	0	-247.880	209.030	0	145.630	0	0	
0	[SLAMPOS]	0	-247.490	208.410	0	145.650	0	0	
0	[SLAMPOS]	0	-247.410	208.290	0	145.650	0	0	
0	[SLAMPOS]	0	-247.000	207.650	0	145.660	0	0	
0	[SLAMPOS]	0	-246.570	206.990	0	145.660	0	0	
0	[SLAMPOS]	0	-246.390	206.710	0	145.670	0	0	
0	[SLAMPOS]	0	-246.030	206.170	0	145.670	0	0	
0	[SLAMPOS]	0	-245.640	205.580	0	145.660	0	0	
0	[SLAMPOS]	0	-245.540	205.430	0	145.660	0	0	
0	[SLAMPOS]	0	-245.160	204.820	0	145.680	0	0	
0	[SLAMPOS]	0	-245.050	204.660	0	145.680	0	0	
0	[SLAMPOS]	0	-244.650	204.050	0	145.690	0	0	
0	[SLAMPOS]	0	-244.320	203.550	0	145.690	0	0	
0	[SLAMPOS]	0	-244.140	203.280	0	145.690	0	0	
0	[SLAMPOS]	0	-243.570	202.410	0	145.710	0	0	
0	[SLAMPOS]	0	-243.180	201.830	0	145.700	0	0	
0	[SLAMPOS]	0	-243.010	201.550	0	145.720	0	0	
0	[SLAMPOS]	0	-242.680	201.050	0	145.720	0	0	
0	[SLAMPOS]	0	-242.300	200.450	0	145.720	0	0	
0	[SLAMPOS]	0	-242.190	200.290	0	145.720	0	0	
0	[SLAMPOS]	0	-241.810	199.700	0	145.730	0	0	
0	[SLAMPOS]	0	-241.710	199.550	0	145.730	0	0	
0	[SLAMPOS]	0	-241.310	198.930	0	145.740	0	0	
0	[SLAMPOS]	0	-240.960	198.400	0	145.740	0	0	
0	[SLAMPOS]	0	-240.560	197.780	0	145.760	0	0	
0	[SLAMPOS]	0	-240.200	197.240	0	145.760	0	0	
0	[SLAMPOS]	0	-240.050	196.990	0	145.760	0	0	
0	[SLAMPOS]	0	-239.690	196.450	0	145.760	0	0	
0	[SLAMPOS]	0	-239.290	195.830	0	145.770	0	0	
0	[SLAMPOS]	0	-239.170	195.640	0	145.770	0	0	
0	[SLAMPOS]	0	-238.780	195.040	0	145.780	0	0	
0	[SLAMPOS]	0	-238.420	194.500	0	145.780	0	0	
0	[SLAMPOS]	0	-238.290	194.310	0	145.780	0	0	
0	[SLAMPOS]	0	-237.670	193.370	0	145.790	0	0	
0	[SLAMPOS]	0	-237.500	193.110	0	145.790	0	0	
0	[SLAMPOS]	0	-237.140	192.570	0	145.780	0	0	
0	[SLAMPOS]	0	-236.720	191.930	0	145.790	0	0	
0	[SLAMPOS]	0	-236.620	191.770	0	145.790	0	0	
0	[SLAMPOS]	0	-236.200	191.130	0	145.790	0	0	
0	[SLAMPOS]	0	-235.800	190.500	0	145.810	0	0	
0	[SLAMPOS]	0	-235.690	190.340	0	145.800	0	0	
0	[SLAMPOS]	0	-235.270	189.700	0	145.810	0	0	
0	[SLAMPOS]	0	-234.910	189.140	0	145.800	0	0	
0	[SLAMPOS]	0	-234.750	188.890	0	145.810	0	0	
0	[SLAMPOS]	0	-234.110	187.910	0	145.780	0	0	
0	[SLAMPOS]	0	-233.960	187.680	0	145.770	0	0	
0	[SLAMPOS]	0	-233.560	187.100	0	145.740	0	0	
0	[SLAMPOS]	0	-233.180	186.480	0	145.740	0	0	
0	[SLAMPOS]	0	-233.060	186.310	0	145.730	0	0	
0	[SLAMPOS]	0	-232.650	185.670	0	145.700	0	0	
0	[SLAMPOS]	0	-232.280	185.100	0	145.710	0	0	
0	[SLAMPOS]	0	-232.110	184.820	0	145.690	0	0	
0	[SLAMPOS]	0	-231.680	184.170	0	145.650	0	0	
0	[SLAMPOS]	0	-231.310	183.610	0	145.650	0	0	
0	[SLAMPOS]	0	-231.130	183.340	0	145.650	0	0	
0	[SLAMPOS]	0	-230.760	182.780	0	145.660	0	0	
0	[SLAMPOS]	0	-230.330	182.120	0	145.670	0	0	
0	[SLAMPOS]	0	-229.970	181.560	0	145.670	0	0	
0	[SLAMPOS]	0	-229.790	181.290	0	145.660	0	0	
0	[SLAMPOS]	0	-229.410	180.720	0	145.660	0	0	
0	[SLAMPOS]	0	-228.990	180.060	0	145.670	0	0	
0	[SLAMPOS]	0	-228.560	179.400	0	145.670	0	0	
0	[SLAMPOS]	0	-228.440	179.220	0	145.670	0	0	
0	[SLAMPOS]	0	-228.020	178.570	0	145.670	0	0	
0	[SLAMPOS]	0	-227.900	178.410	0	145.670	0	0	
0	[SLAMPOS]	0	-227.480	177.750	0	145.660	0	0	
0	[SLAMPOS]	0	-227.080	177.160	0	145.640	0	0	
0	[SLAMPOS]	0	-226.960	176.980	0	145.620	0	0	
0	[SLAMPOS]	0	-226.290	175.970	0	145.620	0	0	
0	[SLAMPOS]	0	-226.120	175.720	0	145.610	0	0	
0	[SLAMPOS]	0	-225.740	175.150	0	145.590	0	0	
0	[SLAMPOS]	0	-225.300	174.480	0	145.570	0	0	
0	[SLAMPOS]	0	-225.150	174.240	0	145.560	0	0	
0	[SLAMPOS]	0	-224.750	173.650	0	145.540	0	0	
0	[SLAMPOS]	0	-224.340	173.030	0	145.510	0	0	
0	[SLAMPOS]	0	-224.230	172.870	0	145.500	0	0	
0	[SLAMPOS]	0	-223.790	172.180	0	145.490	0	0	
0	[SLAMPOS]	0	-223.410	171.640	0	145.450	0	0	
0	[SLAMPOS]	0	-223.250	171.360	0	145.470	0	0	
0	[SLAMPOS]	0	-222.610	170.390	0	145.420	0	0	
0	[SLAMPOS]	0	-222.450	170.150	0	145.410	0	0	
0	[SLAMPOS]	0	-222.280	169.880	0	145.400	0	0	
0	[SLAMPOS]	0	-221.650	168.950	0	145.380	0	0	
0	[SLAMPOS]	0	-221.490	168.700	0	145.380	0	0	
0	[SLAMPOS]	0	-221.110	168.130	0	145.360	0	0	
0	[SLAMPOS]	0	-220.690	167.470	0	145.360	0	0	
0	[SLAMPOS]	0	-220.560	167.290	0	145.360	0	0	
0	[SLAMPOS]	0	-220.130	166.630	0	145.360	0	0	
0	[SLAMPOS]	0	-220.000	166.440	0	145.360	0	0	
0	[SLAMPOS]	0	-219.600	165.840	0	145.360	0	0	
0	[SLAMPOS]	0	-219.190	165.210	0	145.370	0	0	
0	[SLAMPOS]	0	-219.040	164.970	0	145.370	0	0	
0	[SLAMPOS]	0	-218.600	164.320	0	145.360	0	0	
0	[SLAMPOS]	0	-218.230	163.760	0	145.370	0	0	
0	[SLAMPOS]	0	-218.060	163.520	0	145.360	0	0	
0	[SLAMPOS]	0	-217.410	162.530	0	145.350	0	0	
0	[SLAMPOS]	0	-217.250	162.290	0	145.350	0	0	
0	[SLAMPOS]	0	-216.870	161.730	0	145.340	0	0	
0	[SLAMPOS]	0	-216.460	161.080	0	145.350	0	0	
0	[SLAMPOS]	0	-216.350	160.920	0	145.350	0	0	
0	[SLAMPOS]	0	-215.920	160.270	0	145.350	0	0	
0	[SLAMPOS]	0	-215.540	159.700	0	145.370	0	0	
0	[SLAMPOS]	0	-215.390	159.460	0	145.360	0	0	
0	[SLAMPOS]	0	-214.970	158.830	0	145.350	0	0	
0	[SLAMPOS]	0	-214.590	158.260	0	145.350	0	0	
0	[SLAMPOS]	0	-214.410	157.980	0	145.340	0	0	
0	[SLAMPOS]	0	-213.780	157.040	0	145.350	0	0	
0	[SLAMPOS]	0	-213.640	156.800	0	145.350	0	0	
0	[SLAMPOS]	0	-213.260	156.240	0	145.350	0	0	
0	[SLAMPOS]	0	-212.820	155.570	0	145.340	0	0	
0	[SLAMPOS]	0	-212.710	155.410	0	145.340	0	0	
0	[SLAMPOS]	0	-212.280	154.760	0	145.330	0	0	
0	[SLAMPOS]	0	-212.180	154.610	0	145.330	0	0	
0	[SLAMPOS]	0	-211.750	153.960	0	145.330	0	0	
0	[SLAMPOS]	0	-211.370	153.400	0	145.320	0	0	
0	[SLAMPOS]	0	-210.940	152.750	0	145.310	0	0	
0	[SLAMPOS]	0	-210.770	152.480	0	145.300	0	0	
0	[SLAMPOS]	0	-210.120	151.530	0	145.280	0	0	
0	[SLAMPOS]	0	-209.970	151.280	0	145.290	0	0	
0	[SLAMPOS]	0	-209.580	150.720	0	145.280	0	0	
0	[SLAMPOS]	0	-209.410	150.460	0	145.280	0	0	
0	[SLAMPOS]	0	-209.020	149.880	0	145.280	0	0	
0	[SLAMPOS]	0	-208.620	149.240	0	145.260	0	0	
0	[SLAMPOS]	0	-208.500	149.070	0	145.260	0	0	
0	[SLAMPOS]	0	-208.090	148.430	0	145.270	0	0	
0	[SLAMPOS]	0	-207.700	147.880	0	145.260	0	0	
0	[SLAMPOS]	0	-207.530	147.610	0	145.260	0	0	
0	[SLAMPOS]	0	-207.120	146.980	0	145.260	0	0	
0	[SLAMPOS]	0	-206.740	146.420	0	145.260	0	0	
0	[SLAMPOS]	0	-206.580	146.170	0	145.270	0	0	
0	[SLAMPOS]	0	-206.170	145.550	0	145.270	0	0	
0	[SLAMPOS]	0	-205.740	144.900	0	145.260	0	0	
0	[SLAMPOS]	0	-205.380	144.360	0	145.260	0	0	
0	[SLAMPOS]	0	-204.960	143.730	0	145.260	0	0	
0	[SLAMPOS]	0	-204.800	143.480	0	145.280	0	0	
0	[SLAMPOS]	0	-204.410	142.910	0	145.280	0	0	
0	[SLAMPOS]	0	-203.980	142.280	0	145.270	0	0	
0	[SLAMPOS]	0	-203.880	142.120	0	145.270	0	0	
0	[SLAMPOS]	0	-203.460	141.490	0	145.270	0	0	
0	[SLAMPOS]	0	-203.350	141.330	0	145.270	0	0	
0	[SLAMPOS]	0	-202.910	140.670	0	145.270	0	0	
0	[SLAMPOS]	0	-202.550	140.140	0	145.260	0	0	
0	[SLAMPOS]	0	-202.400	139.890	0	145.260	0	0	
0	[SLAMPOS]	0	-201.980	139.260	0	145.260	0	0	
0	[SLAMPOS]	0	-201.610	138.710	0	145.260	0	0	
0	[SLAMPOS]	0	-201.450	138.470	0	145.260	0	0	
0	[SLAMPOS]	0	-200.820	137.550	0	145.250	0	0	
0	[SLAMPOS]	0	-200.670	137.320	0	145.260	0	0	
0	[SLAMPOS]	0	-200.300	136.770	0	145.260	0	0	
0	[SLAMPOS]	0	-199.920	136.200	0	145.230	0	0	
0	[SLAMPOS]	0	-199.810	136.040	0	145.240	0	0	
0	[SLAMPOS]	0	-199.400	135.420	0	145.230	0	0	
0	[SLAMPOS]	0	-199.040	134.890	0	145.240	0	0	
0	[SLAMPOS]	0	-198.900	134.660	0	145.240	0	0	
0	[SLAMPOS]	0	-198.280	133.740	0	145.300	0	0	
0	[SLAMPOS]	0	-198.130	133.500	0	145.310	0	0	
0	[SLAMPOS]	0	-197.960	133.230	0	145.310	0	0	
0	[SLAMPOS]	0	-197.360	132.340	0	145.340	0	0	
0	[SLAMPOS]	0	-197.200	132.090	0	145.350	0	0	
0	[SLAMPOS]	0	-196.850	131.560	0	145.390	0	0	
0	[SLAMPOS]	0	-196.440	130.940	0	145.420	0	0	
0	[SLAMPOS]	0	-196.350	130.810	0	145.430	0	0	
0	[SLAMPOS]	0	-195.960	130.220	0	145.440	0	0	
0	[SLAMPOS]	0	-195.590	129.690	0	145.450	0	0	
0	[SLAMPOS]	0	-195.430	129.450	0	145.450	0	0	
0	[SLAMPOS]	0	-194.830	128.560	0	145.500	0	0	
0	[SLAMPOS]	0	-194.650	128.290	0	145.510	0	0	
0	[SLAMPOS]	0	-194.470	128.020	0	145.520	0	0	
0	[SLAMPOS]	0	-194.100	127.480	0	145.550	0	0	
0	[SLAMPOS]	0	-193.730	126.880	0	145.580	0	0	
0	[SLAMPOS]	0	-193.370	126.350	0	145.610	0	0	
0	[SLAMPOS]	0	-192.970	125.730	0	145.630	0	0	
0	[SLAMPOS]	0	-192.880	125.590	0	145.640	0	0	
0	[SLAMPOS]	0	-192.470	124.950	0	145.660	0	0	
0	[SLAMPOS]	0	-192.330	124.730	0	145.660	0	0	
0	[SLAMPOS]	0	-191.990	124.200	0	145.690	0	0	
0	[SLAMPOS]	0	-191.540	123.520	0	145.700	0	0	
0	[SLAMPOS]	0	-191.480	123.430	0	145.700	0	0	
0	[SLAMPOS]	0	-191.090	122.830	0	145.720	0	0	
0	[SLAMPOS]	0	-190.730	122.300	0	145.730	0	0	
0	[SLAMPOS]	0	-190.580	122.070	0	145.740	0	0	
0	[SLAMPOS]	0	-189.990	121.170	0	145.780	0	0	
0	[SLAMPOS]	0	-189.830	120.930	0	145.800	0	0	
0	[SLAMPOS]	0	-189.500	120.420	0	145.810	0	0	
0	[SLAMPOS]	0	-189.120	119.820	0	145.850	0	0	
0	[SLAMPOS]	0	-189.010	119.640	0	145.860	0	0	
0	[SLAMPOS]	0	-188.610	119.030	0	145.880	0	0	
0	[SLAMPOS]	0	-188.220	118.430	0	145.880	0	0	
0	[SLAMPOS]	0	-188.110	118.260	0	145.880	0	0	
0	[SLAMPOS]	0	-187.720	117.640	0	145.920	0	0	
0	[SLAMPOS]	0	-187.610	117.480	0	145.910	0	0	
0	[SLAMPOS]	0	-187.210	116.870	0	145.930	0	0	
0	[SLAMPOS]	0	-186.640	115.970	0	145.890	0	0	
0	[SLAMPOS]	0	-186.500	115.750	0	145.880	0	0	
0	[SLAMPOS]	0	-186.160	115.240	0	145.870	0	0	
0	[SLAMPOS]	0	-185.760	114.630	0	145.860	0	0	
0	[SLAMPOS]	0	-185.600	114.380	0	145.870	0	0	
0	[SLAMPOS]	0	-185.250	113.850	0	145.870	0	0	
0	[SLAMPOS]	0	-184.880	113.270	0	145.860	0	0	
0	[SLAMPOS]	0	-184.770	113.110	0	145.860	0	0	
0	[SLAMPOS]	0	-184.400	112.530	0	145.860	0	0	
0	[SLAMPOS]	0	-184.260	112.320	0	145.860	0	0	
0	[SLAMPOS]	0	-183.900	111.760	0	145.880	0	0	
0	[SLAMPOS]	0	-183.550	111.230	0	145.890	0	0	
0	[SLAMPOS]	0	-183.090	110.530	0	145.890	0	0	
0	[SLAMPOS]	0	-182.830	110.130	0	145.900	0	0	
0	[SLAMPOS]	0	-182.640	109.840	0	145.910	0	0	
0	[SLAMPOS]	0	-182.300	109.310	0	145.910	0	0	
0	[SLAMPOS]	0	-181.950	108.770	0	145.890	0	0	
0	[SLAMPOS]	0	-181.730	108.430	0	145.890	0	0	
0	[SLAMPOS]	0	-181.430	107.970	0	145.880	0	0	
0	[SLAMPOS]	0	-181.030	107.360	0	145.860	0	0	
0	[SLAMPOS]	0	-180.930	107.220	0	145.860	0	0	
0	[SLAMPOS]	0	-180.540	106.620	0	145.810	0	0	
0	[SLAMPOS]	0	-180.200	106.090	0	145.800	0	0	
0	[SLAMPOS]	0	-180.040	105.840	0	145.800	0	0	
0	[SLAMPOS]	0	-179.430	104.930	0	145.760	0	0	
0	[SLAMPOS]	0	-179.290	104.720	0	145.740	0	0	
0	[SLAMPOS]	0	-178.930	104.190	0	145.720	0	0	
0	[SLAMPOS]	0	-178.540	103.580	0	145.720	0	0	
0	[SLAMPOS]	0	-178.400	103.360	0	145.710	0	0	
0	[SLAMPOS]	0	-178.030	102.810	0	145.700	0	0	
0	[SLAMPOS]	0	-177.660	102.210	0	145.690	0	0	
0	[SLAMPOS]	0	-177.550	102.060	0	145.690	0	0	
0	[SLAMPOS]	0	-177.150	101.440	0	145.690	0	0	
0	[SLAMPOS]	0	-177.040	101.280	0	145.690	0	0	
0	[SLAMPOS]	0	-176.630	100.640	0	145.710	0	0	
0	[SLAMPOS]	0	-176.300	100.130	0	145.720	0	0	
0	[SLAMPOS]	0	-176.140	99.890	0	145.740	0	0	
0	[SLAMPOS]	0	-175.720	99.230	0	145.750	0	0	
0	[SLAMPOS]	0	-175.380	98.720	0	145.760	0	0	
0	[SLAMPOS]	0	-175.250	98.500	0	145.770	0	0	
0	[SLAMPOS]	0	-174.650	97.600	0	145.770	0	0	
0	[SLAMPOS]	0	-174.500	97.370	0	145.760	0	0	
0	[SLAMPOS]	0	-174.150	96.840	0	145.760	0	0	
0	[SLAMPOS]	0	-173.730	96.200	0	145.770	0	0	
0	[SLAMPOS]	0	-173.620	96.040	0	145.770	0	0	
0	[SLAMPOS]	0	-173.220	95.410	0	145.770	0	0	
0	[SLAMPOS]	0	-172.820	94.780	0	145.760	0	0	
0	[SLAMPOS]	0	-172.700	94.620	0	145.760	0	0	
0	[SLAMPOS]	0	-172.300	93.970	0	145.750	0	0	
0	[SLAMPOS]	0	-171.950	93.440	0	145.740	0	0	
0	[SLAMPOS]	0	-171.790	93.200	0	145.750	0	0	
0	[SLAMPOS]	0	-171.180	92.290	0	145.730	0	0	
0	[SLAMPOS]	0	-171.020	92.050	0	145.730	0	0	
0	[SLAMPOS]	0	-170.790	91.700	0	145.730	0	0	
0	[SLAMPOS]	0	-170.230	90.860	0	145.720	0	0	
0	[SLAMPOS]	0	-170.130	90.700	0	145.720	0	0	
0	[SLAMPOS]	0	-169.700	90.050	0	145.700	0	0	
0	[SLAMPOS]	0	-169.600	89.910	0	145.700	0	0	
0	[SLAMPOS]	0	-169.190	89.270	0	145.710	0	0	
0	[SLAMPOS]	0	-168.780	88.630	0	145.700	0	0	
0	[SLAMPOS]	0	-168.670	88.470	0	145.700	0	0	
0	[SLAMPOS]	0	-168.250	87.830	0	145.680	0	0	
0	[SLAMPOS]	0	-167.900	87.290	0	145.680	0	0	
0	[SLAMPOS]	0	-167.730	87.030	0	145.680	0	0	
0	[SLAMPOS]	0	-167.120	86.070	0	145.680	0	0	
0	[SLAMPOS]	0	-166.950	85.830	0	145.670	0	0	
0	[SLAMPOS]	0	-166.600	85.290	0	145.680	0	0	
0	[SLAMPOS]	0	-166.180	84.630	0	145.680	0	0	
0	[SLAMPOS]	0	-165.980	84.340	0	145.670	0	0	
0	[SLAMPOS]	0	-165.620	83.770	0	145.690	0	0	
0	[SLAMPOS]	0	-165.200	83.130	0	145.680	0	0	
0	[SLAMPOS]	0	-165.080	82.960	0	145.690	0	0	
0	[SLAMPOS]	0	-164.660	82.320	0	145.670	0	0	
0	[SLAMPOS]	0	-164.280	81.750	0	145.690	0	0	
0	[SLAMPOS]	0	-164.110	81.500	0	145.680	0	0	
0	[SLAMPOS]	0	-163.700	80.860	0	145.700	0	0	
0	[SLAMPOS]	0	-163.310	80.250	0	145.720	0	0	
0	[SLAMPOS]	0	-163.160	80.030	0	145.710	0	0	
0	[SLAMPOS]	0	-162.780	79.460	0	145.720	0	0	
0	[SLAMPOS]	0	-162.330	78.750	0	145.730	0	0	
0	[SLAMPOS]	0	-162.130	78.430	0	145.740	0	0	
0	[SLAMPOS]	0	-161.530	77.530	0	145.750	0	0	
0	[SLAMPOS]	0	-161.450	77.400	0	145.750	0	0	
0	[SLAMPOS]	0	-161.030	76.750	0	145.760	0	0	
0	[SLAMPOS]	0	-160.920	76.580	0	145.760	0	0	
0	[SLAMPOS]	0	-160.490	75.920	0	145.770	0	0	
0	[SLAMPOS]	0	-160.120	75.360	0	145.780	0	0	
0	[SLAMPOS]	0	-159.960	75.110	0	145.780	0	0	
0	[SLAMPOS]	0	-159.500	74.400	0	145.790	0	0	
0	[SLAMPOS]	0	-159.120	73.820	0	145.790	0	0	
0	[SLAMPOS]	0	-158.940	73.560	0	145.790	0	0	
0	[SLAMPOS]	0	-158.300	72.580	0	145.800	0	0	
0	[SLAMPOS]	0	-158.140	72.330	0	145.800	0	0	
0	[SLAMPOS]	0	-157.760	71.750	0	145.800	0	0	
0	[SLAMPOS]	0	-157.330	71.090	0	145.810	0	0	
0	[SLAMPOS]	0	-157.210	70.910	0	145.800	0	0	
0	[SLAMPOS]	0	-156.770	70.230	0	145.810	0	0	
0	[SLAMPOS]	0	-156.340	69.560	0	145.800	0	0	
0	[SLAMPOS]	0	-156.220	69.380	0	145.800	0	0	
0	[SLAMPOS]	0	-155.800	68.710	0	145.800	0	0	
0	[SLAMPOS]	0	-155.420	68.150	0	145.780	0	0	
0	[SLAMPOS]	0	-155.260	67.890	0	145.780	0	0	
0	[SLAMPOS]	0	-154.590	66.870	0	145.770	0	0	
0	[SLAMPOS]	0	-154.420	66.610	0	145.770	0	0	
0	[SLAMPOS]	0	-154.030	66.030	0	145.750	0	0	
0	[SLAMPOS]	0	-153.590	65.340	0	145.760	0	0	
0	[SLAMPOS]	0	-153.470	65.160	0	145.760	0	0	
0	[SLAMPOS]	0	-153.020	64.480	0	145.740	0	0	
0	[SLAMPOS]	0	-152.570	63.780	0	145.740	0	0	
0	[SLAMPOS]	0	-152.400	63.540	0	145.740	0	0	
0	[SLAMPOS]	0	-152.010	62.930	0	145.730	0	0	
0	[SLAMPOS]	0	-151.870	62.730	0	145.730	0	0	
0	[SLAMPOS]	0	-151.440	62.050	0	145.740	0	0	
0	[SLAMPOS]	0	-151.030	61.440	0	145.720	0	0	
0	[SLAMPOS]	0	-150.540	60.690	0	145.710	0	0	
0	[SLAMPOS]	0	-150.200	60.150	0	145.710	0	0	
0	[SLAMPOS]	0	-149.750	59.470	0	145.710	0	0	
0	[SLAMPOS]	0	-149.630	59.290	0	145.720	0	0	
0	[SLAMPOS]	0	-149.190	58.590	0	145.720	0	0	
0	[SLAMPOS]	0	-148.740	57.920	0	145.710	0	0	
0	[SLAMPOS]	0	-148.420	57.430	0	145.720	0	0	
0	[SLAMPOS]	0	-148.030	56.840	0	145.730	0	0	
0	[SLAMPOS]	0	-147.580	56.170	0	145.730	0	0	
0	[SLAMPOS]	0	-147.470	56.010	0	145.740	0	0	
0	[SLAMPOS]	0	-147.200	55.590	0	145.750	0	0	
0	[SLAMPOS]	0	-147.030	55.310	0	145.750	0	0	
0	[SLAMPOS]	0	-146.350	54.290	0	145.760	0	0	
0	[SLAMPOS]	0	-146.180	54.010	0	145.760	0	0	
0	[SLAMPOS]	0	-145.780	53.410	0	145.770	0	0	
0	[SLAMPOS]	0	-145.310	52.690	0	145.780	0	0	
0	[SLAMPOS]	0	-145.140	52.430	0	145.780	0	0	
0	[SLAMPOS]	0	-144.730	51.810	0	145.790	0	0	
0	[SLAMPOS]	0	-144.240	51.050	0	145.800	0	0	
0	[SLAMPOS]	0	-144.140	50.900	0	145.800	0	0	
0	[SLAMPOS]	0	-143.680	50.170	0	145.810	0	0	
0	[SLAMPOS]	0	-143.580	50.030	0	145.810	0	0	
0	[SLAMPOS]	0	-143.130	49.300	0	145.830	0	0	
0	[SLAMPOS]	0	-142.720	48.700	0	145.830	0	0	
0	[SLAMPOS]	0	-142.540	48.410	0	145.830	0	0	
0	[SLAMPOS]	0	-142.070	47.690	0	145.830	0	0	
0	[SLAMPOS]	0	-141.680	47.090	0	145.840	0	0	
0	[SLAMPOS]	0	-141.240	46.400	0	145.850	0	0	
0	[SLAMPOS]	0	-140.790	45.720	0	145.850	0	0	
0	[SLAMPOS]	0	-140.630	45.460	0	145.850	0	0	
0	[SLAMPOS]	0	-140.220	44.830	0	145.840	0	0	
0	[SLAMPOS]	0	-139.760	44.140	0	145.840	0	0	
0	[SLAMPOS]	0	-139.570	43.850	0	145.840	0	0	
0	[SLAMPOS]	0	-139.150	43.210	0	145.850	0	0	
0	[SLAMPOS]	0	-138.690	42.510	0	145.850	0	0	
0	[SLAMPOS]	0	-138.550	42.310	0	145.850	0	0	
0	[SLAMPOS]	0	-138.110	41.600	0	145.850	0	0	
0	[SLAMPOS]	0	-137.700	40.980	0	145.840	0	0	
0	[SLAMPOS]	0	-137.440	40.590	0	145.840	0	0	
0	[SLAMPOS]	0	-136.820	39.640	0	145.850	0	0	
0	[SLAMPOS]	0	-136.630	39.340	0	145.850	0	0	
0	[SLAMPOS]	0	-136.480	39.090	0	145.850	0	0	
0	[SLAMPOS]	0	-135.780	38.020	0	145.850	0	0	
0	[SLAMPOS]	0	-135.560	37.680	0	145.850	0	0	
0	[SLAMPOS]	0	-135.190	37.120	0	145.850	0	0	
0	[SLAMPOS]	0	-134.730	36.400	0	145.860	0	0	
0	[SLAMPOS]	0	-134.590	36.190	0	145.860	0	0	
0	[SLAMPOS]	0	-134.130	35.490	0	145.850	0	0	
0	[SLAMPOS]	0	-134.000	35.300	0	145.850	0	0	
0	[SLAMPOS]	0	-133.530	34.560	0	145.850	0	0	
0	[SLAMPOS]	0	-133.050	33.830	0	145.850	0	0	
0	[SLAMPOS]	0	-132.920	33.650	0	145.850	0	0	
0	[SLAMPOS]	0	-132.460	32.920	0	145.870	0	0	
0	[SLAMPOS]	0	-132.040	32.280	0	145.870	0	0	
0	[SLAMPOS]	0	-131.870	32.000	0	145.870	0	0	
0	[SLAMPOS]	0	-131.150	30.910	0	145.880	0	0	
0	[SLAMPOS]	0	-130.980	30.630	0	145.880	0	0	
0	[SLAMPOS]	0	-130.570	30.000	0	145.880	0	0	
0	[SLAMPOS]	0	-130.110	29.290	0	145.880	0	0	
0	[SLAMPOS]	0	-129.970	29.080	0	145.890	0	0	
0	[SLAMPOS]	0	-129.490	28.340	0	145.900	0	0	
0	[SLAMPOS]	0	-129.030	27.630	0	145.900	0	0	
0	[SLAMPOS]	0	-128.910	27.450	0	145.900	0	0	
0	[SLAMPOS]	0	-128.450	26.730	0	145.920	0	0	
0	[SLAMPOS]	0	-128.030	26.110	0	145.930	0	0	
0	[SLAMPOS]	0	-127.850	25.820	0	145.930	0	0	
0	[SLAMPOS]	0	-127.110	24.690	0	145.940	0	0	
0	[SLAMPOS]	0	-126.950	24.430	0	145.950	0	0	
0	[SLAMPOS]	0	-126.550	23.820	0	145.960	0	0	
0	[SLAMPOS]	0	-126.080	23.100	0	145.960	0	0	
0	[SLAMPOS]	0	-125.950	22.920	0	145.970	0	0	
0	[SLAMPOS]	0	-125.480	22.190	0	145.980	0	0	
0	[SLAMPOS]	0	-124.980	21.420	0	145.980	0	0	
0	[SLAMPOS]	0	-124.880	21.270	0	145.980	0	0	
0	[SLAMPOS]	0	-124.400	20.540	0	146.000	0	0	
0	[SLAMPOS]	0	-124.270	20.340	0	146.000	0	0	
0	[SLAMPOS]	0	-123.800	19.570	0	146.000	0	0	
0	[SLAMPOS]	0	-123.300	18.780	0	146.000	0	0	
0	[SLAMPOS]	0	-123.080	18.450	0	145.990	0	0	
0	[SLAMPOS]	0	-122.440	17.430	0	146.000	0	0	
0	[SLAMPOS]	0	-122.130	16.960	0	146.000	0	0	
0	[SLAMPOS]	0	-122.030	16.810	0	145.990	0	0	
0	[SLAMPOS]	0	-121.400	15.840	0	145.980	0	0	
0	[SLAMPOS]	0	-121.220	15.550	0	145.990	0	0	
0	[SLAMPOS]	0	-120.800	14.910	0	145.980	0	0	
0	[SLAMPOS]	0	-120.310	14.150	0	145.970	0	0	
0	[SLAMPOS]	0	-120.190	13.970	0	145.970	0	0	
0	[SLAMPOS]	0	-119.720	13.240	0	145.970	0	0	
0	[SLAMPOS]	0	-119.240	12.510	0	145.950	0	0	
0	[SLAMPOS]	0	-119.120	12.340	0	145.950	0	0	
0	[SLAMPOS]	0	-118.640	11.590	0	145.940	0	0	
0	[SLAMPOS]	0	-118.230	10.980	0	145.930	0	0	
0	[SLAMPOS]	0	-118.050	10.690	0	145.930	0	0	
0	[SLAMPOS]	0	-117.340	9.590	0	145.920	0	0	
0	[SLAMPOS]	0	-117.170	9.330	0	145.920	0	0	
0	[SLAMPOS]	0	-116.750	8.650	0	145.930	0	0	
0	[SLAMPOS]	0	-116.280	7.930	0	145.920	0	0	
0	[SLAMPOS]	0	-116.150	7.730	0	145.910	0	0	
0	[SLAMPOS]	0	-115.680	6.980	0	145.910	0	0	
0	[SLAMPOS]	0	-115.550	6.790	0	145.900	0	0	
0	[SLAMPOS]	0	-115.060	6.040	0	145.890	0	0	
0	[SLAMPOS]	0	-114.550	5.280	0	145.870	0	0	
0	[SLAMPOS]	0	-114.370	5.020	0	145.860	0	0	
0	[SLAMPOS]	0	-113.900	4.290	0	145.860	0	0	
0	[SLAMPOS]	0	-113.480	3.650	0	145.840	0	0	
0	[SLAMPOS]	0	-113.270	3.330	0	145.830	0	0	
0	[SLAMPOS]	0	-112.820	2.640	0	145.820	0	0	
0	[SLAMPOS]	0	-112.390	1.990	0	145.810	0	0	
0	[SLAMPOS]	0	-112.240	1.730	0	145.810	0	0	
0	[SLAMPOS]	0	-111.510	0.620	0	145.760	0	0	
0	[SLAMPOS]	0	-111.210	0.130	0	145.760	0	0	
0	[SLAMPOS]	0	-110.900	-0.340	0	145.740	0	0	
0	[SLAMPOS]	0	-110.450	-1.050	0	145.740	0	0	
0	[SLAMPOS]	0	-110.310	-1.250	0	145.730	0	0	
0	[SLAMPOS]	0	-109.830	-1.980	0	145.720	0	0	
0	[SLAMPOS]	0	-109.250	-2.850	0	145.690	0	0	
0	[SLAMPOS]	0	-109.190	-2.930	0	145.680	0	0	
0	[SLAMPOS]	0	-108.790	-3.540	0	145.670	0	0	
0	[SLAMPOS]	0	-108.620	-3.830	0	145.680	0	0	
0	[SLAMPOS]	0	-108.170	-4.530	0	145.660	0	0	
0	[SLAMPOS]	0	-107.740	-5.190	0	145.650	0	0	
0	[SLAMPOS]	0	-107.280	-5.890	0	145.640	0	0	
0	[SLAMPOS]	0	-106.870	-6.510	0	145.620	0	0	
0	[SLAMPOS]	0	-106.390	-7.260	0	145.600	0	0	
0	[SLAMPOS]	0	-106.280	-7.420	0	145.590	0	0	
0	[SLAMPOS]	0	-105.770	-8.210	0	145.580	0	0	
0	[SLAMPOS]	0	-105.670	-8.360	0	145.570	0	0	
0	[SLAMPOS]	0	-105.220	-9.030	0	145.550	0	0	
0	[SLAMPOS]	0	-104.810	-9.650	0	145.540	0	0	
0	[SLAMPOS]	0	-104.650	-9.910	0	145.540	0	0	
0	[SLAMPOS]	0	-104.120	-10.730	0	145.530	0	0	
0	[SLAMPOS]	0	-103.760	-11.260	0	145.500	0	0	
0	[SLAMPOS]	0	-103.590	-11.530	0	145.500	0	0	
0	[SLAMPOS]	0	-102.890	-12.570	0	145.470	0	0	
0	[SLAMPOS]	0	-102.710	-12.850	0	145.470	0	0	
0	[SLAMPOS]	0	-102.300	-13.460	0	145.450	0	0	
0	[SLAMPOS]	0	-101.840	-14.160	0	145.420	0	0	
0	[SLAMPOS]	0	-101.720	-14.340	0	145.420	0	0	
0	[SLAMPOS]	0	-101.260	-15.040	0	145.400	0	0	
0	[SLAMPOS]	0	-100.820	-15.730	0	145.390	0	0	
0	[SLAMPOS]	0	-100.690	-15.920	0	145.380	0	0	
0	[SLAMPOS]	0	-100.230	-16.600	0	145.360	0	0	
0	[SLAMPOS]	0	-100.110	-16.780	0	145.360	0	0	
0	[SLAMPOS]	0	-99.660	-17.470	0	145.330	0	0	
0	[SLAMPOS]	0	-99.250	-18.070	0	145.320	0	0	
0	[SLAMPOS]	0	-98.780	-18.740	0	145.290	0	0	
0	[SLAMPOS]	0	-98.390	-19.320	0	145.280	0	0	
0	[SLAMPOS]	0	-98.220	-19.590	0	145.280	0	0	
0	[SLAMPOS]	0	-97.820	-20.170	0	145.250	0	0	
0	[SLAMPOS]	0	-97.380	-20.830	0	145.240	0	0	
0	[SLAMPOS]	0	-96.920	-21.560	0	145.230	0	0	
0	[SLAMPOS]	0	-96.820	-21.700	0	145.220	0	0	
0	[SLAMPOS]	0	-96.390	-22.330	0	145.200	0	0	
0	[SLAMPOS]	0	-96.260	-22.520	0	145.190	0	0	
0	[SLAMPOS]	0	-95.820	-23.200	0	145.180	0	0	
0	[SLAMPOS]	0	-95.420	-23.780	0	145.150	0	0	
0	[SLAMPOS]	0	-94.970	-24.460	0	145.140	0	0	
0	[SLAMPOS]	0	-94.710	-24.800	0	145.120	0	0	
0	[SLAMPOS]	0	-94.130	-25.680	0	145.090	0	0	
0	[SLAMPOS]	0	-94.000	-25.860	0	145.080	0	0	
0	[SLAMPOS]	0	-93.420	-26.710	0	145.040	0	0	
0	[SLAMPOS]	0	-93.310	-26.910	0	145.040	0	0	
0	[SLAMPOS]	0	-92.910	-27.470	0	145.030	0	0	
0	[SLAMPOS]	0	-92.490	-28.130	0	145.030	0	0	
0	[SLAMPOS]	0	-92.360	-28.320	0	145.040	0	0	
0	[SLAMPOS]	0	-91.900	-28.980	0	145.010	0	0	
0	[SLAMPOS]	0	-91.790	-29.130	0	145.020	0	0	
0	[SLAMPOS]	0	-91.360	-29.790	0	145.020	0	0	
0	[SLAMPOS]	0	-90.940	-30.440	0	145.060	0	0	
0	[SLAMPOS]	0	-90.550	-31.020	0	145.100	0	0	
0	[SLAMPOS]	0	-90.370	-31.300	0	145.120	0	0	
0	[SLAMPOS]	0	-89.990	-31.850	0	145.160	0	0	
0	[SLAMPOS]	0	-89.560	-32.520	0	145.190	0	0	
0	[SLAMPOS]	0	-89.180	-33.090	0	145.220	0	0	
0	[SLAMPOS]	0	-89.010	-33.350	0	145.240	0	0	
0	[SLAMPOS]	0	-88.640	-33.920	0	145.280	0	0	
0	[SLAMPOS]	0	-88.220	-34.560	0	145.310	0	0	
0	[SLAMPOS]	0	-88.100	-34.740	0	145.320	0	0	
0	[SLAMPOS]	0	-87.690	-35.380	0	145.350	0	0	
0	[SLAMPOS]	0	-87.260	-36.020	0	145.380	0	0	
0	[SLAMPOS]	0	-87.120	-36.210	0	145.390	0	0	
0	[SLAMPOS]	0	-86.720	-36.820	0	145.400	0	0	
0	[SLAMPOS]	0	-86.350	-37.370	0	145.420	0	0	
0	[SLAMPOS]	0	-86.180	-37.630	0	145.440	0	0	
0	[SLAMPOS]	0	-85.550	-38.580	0	145.510	0	0	
0	[SLAMPOS]	0	-85.410	-38.800	0	145.510	0	0	
0	[SLAMPOS]	0	-85.030	-39.360	0	145.520	0	0	
0	[SLAMPOS]	0	-84.610	-40.010	0	145.520	0	0	
0	[SLAMPOS]	0	-84.510	-40.160	0	145.530	0	0	
0	[SLAMPOS]	0	-84.100	-40.790	0	145.560	0	0	
0	[SLAMPOS]	0	-83.720	-41.360	0	145.580	0	0	
0	[SLAMPOS]	0	-83.530	-41.640	0	145.580	0	0	
0	[SLAMPOS]	0	-82.900	-42.590	0	145.600	0	0	
0	[SLAMPOS]	0	-82.750	-42.830	0	145.610	0	0	
0	[SLAMPOS]	0	-82.590	-43.080	0	145.620	0	0	
0	[SLAMPOS]	0	-81.960	-44.040	0	145.620	0	0	
0	[SLAMPOS]	0	-81.810	-44.270	0	145.620	0	0	
0	[SLAMPOS]	0	-81.450	-44.820	0	145.570	0	0	
0	[SLAMPOS]	0	-81.070	-45.420	0	145.520	0	0	
0	[SLAMPOS]	0	-80.950	-45.580	0	145.500	0	0	
0	[SLAMPOS]	0	-80.550	-46.200	0	145.430	0	0	
0	[SLAMPOS]	0	-80.440	-46.360	0	145.420	0	0	
0	[SLAMPOS]	0	-80.030	-46.990	0	145.370	0	0	
0	[SLAMPOS]	0	-79.610	-47.600	0	145.340	0	0	
0	[SLAMPOS]	0	-79.500	-47.760	0	145.320	0	0	
0	[SLAMPOS]	0	-79.090	-48.380	0	145.290	0	0	
0	[SLAMPOS]	0	-78.730	-48.910	0	145.240	0	0	
0	[SLAMPOS]	0	-78.320	-49.520	0	145.190	0	0	
0	[SLAMPOS]	0	-77.950	-50.070	0	145.150	0	0	
0	[SLAMPOS]	0	-77.570	-50.640	0	145.090	0	0	
0	[SLAMPOS]	0	-77.600	-50.610	0	145.100	0	0	
0	[SLAMPOS]	0	-77.010	-51.490	0	145.050	0	0	
0	[SLAMPOS]	0	-76.840	-51.740	0	145.030	0	0	
0	[SLAMPOS]	0	-76.490	-52.270	0	145.050	0	0	
0	[SLAMPOS]	0	-76.080	-52.870	0	145.060	0	0	
0	[SLAMPOS]	0	-75.950	-53.050	0	145.080	0	0	
0	[SLAMPOS]	0	-75.560	-53.630	0	145.100	0	0	
0	[SLAMPOS]	0	-75.210	-54.150	0	145.140	0	0	
0	[SLAMPOS]	0	-75.060	-54.400	0	145.160	0	0	
0	[SLAMPOS]	0	-74.460	-55.300	0	145.210	0	0	
0	[SLAMPOS]	0	-74.300	-55.540	0	145.220	0	0	
0	[SLAMPOS]	0	-73.950	-56.070	0	145.240	0	0	
0	[SLAMPOS]	0	-73.550	-56.680	0	145.270	0	0	
0	[SLAMPOS]	0	-73.440	-56.830	0	145.280	0	0	
0	[SLAMPOS]	0	-73.040	-57.440	0	145.320	0	0	
0	[SLAMPOS]	0	-72.650	-58.040	0	145.360	0	0	
0	[SLAMPOS]	0	-72.560	-58.160	0	145.380	0	0	
0	[SLAMPOS]	0	-72.160	-58.770	0	145.390	0	0	
0	[SLAMPOS]	0	-71.810	-59.300	0	145.440	0	0	
0	[SLAMPOS]	0	-71.660	-59.540	0	145.460	0	0	
0	[SLAMPOS]	0	-71.060	-60.440	0	145.550	0	0	
0	[SLAMPOS]	0	-70.910	-60.670	0	145.570	0	0	
0	[SLAMPOS]	0	-70.560	-61.200	0	145.620	0	0	
0	[SLAMPOS]	0	-70.180	-61.790	0	145.690	0	0	
0	[SLAMPOS]	0	-70.080	-61.940	0	145.690	0	0	
0	[SLAMPOS]	0	-69.700	-62.540	0	145.730	0	0	
0	[SLAMPOS]	0	-69.590	-62.700	0	145.730	0	0	
0	[SLAMPOS]	0	-69.210	-63.290	0	145.780	0	0	
0	[SLAMPOS]	0	-68.870	-63.800	0	145.800	0	0	
0	[SLAMPOS]	0	-68.710	-64.040	0	145.800	0	0	
0	[SLAMPOS]	0	-68.300	-64.680	0	145.810	0	0	
0	[SLAMPOS]	0	-67.970	-65.170	0	145.810	0	0	
0	[SLAMPOS]	0	-67.540	-65.840	0	145.830	0	0	
0	[SLAMPOS]	0	-67.250	-66.290	0	145.840	0	0	
0	[SLAMPOS]	0	-66.870	-66.880	0	145.820	0	0	
0	[SLAMPOS]	0	-66.660	-67.200	0	145.820	0	0	
0	[SLAMPOS]	0	-66.370	-67.630	0	145.820	0	0	
0	[SLAMPOS]	0	-66.260	-67.790	0	145.820	0	0	
0	[SLAMPOS]	0	-65.780	-68.520	0	145.820	0	0	
0	[SLAMPOS]	0	-65.480	-69.000	0	145.820	0	0	
0	[SLAMPOS]	0	-65.370	-69.170	0	145.820	0	0	
0	[SLAMPOS]	0	-64.940	-69.820	0	145.830	0	0	
0	[SLAMPOS]	0	-64.660	-70.250	0	145.820	0	0	
0	[SLAMPOS]	0	-64.510	-70.490	0	145.820	0	0	
0	[SLAMPOS]	0	-63.950	-71.350	0	145.800	0	0	
0	[SLAMPOS]	0	-63.800	-71.590	0	145.810	0	0	
0	[SLAMPOS]	0	-63.460	-72.110	0	145.790	0	0	
0	[SLAMPOS]	0	-63.080	-72.700	0	145.780	0	0	
0	[SLAMPOS]	0	-62.890	-73.000	0	145.770	0	0	
0	[SLAMPOS]	0	-62.520	-73.580	0	145.760	0	0	
0	[SLAMPOS]	0	-62.180	-74.080	0	145.740	0	0	
0	[SLAMPOS]	0	-62.070	-74.230	0	145.730	0	0	
0	[SLAMPOS]	0	-61.690	-74.820	0	145.700	0	0	
0	[SLAMPOS]	0	-61.590	-74.960	0	145.690	0	0	
0	[SLAMPOS]	0	-61.230	-75.530	0	145.700	0	0	
0	[SLAMPOS]	0	-60.880	-76.050	0	145.680	0	0	
0	[SLAMPOS]	0	-60.500	-76.630	0	145.660	0	0	
0	[SLAMPOS]	0	-60.170	-77.120	0	145.640	0	0	
0	[SLAMPOS]	0	-59.780	-77.690	0	145.630	0	0	
0	[SLAMPOS]	0	-59.680	-77.850	0	145.620	0	0	
0	[SLAMPOS]	0	-59.280	-78.440	0	145.600	0	0	
0	[SLAMPOS]	0	-58.900	-79.020	0	145.580	0	0	
0	[SLAMPOS]	0	-58.810	-79.150	0	145.580	0	0	
0	[SLAMPOS]	0	-58.410	-79.740	0	145.550	0	0	
0	[SLAMPOS]	0	-58.300	-79.890	0	145.540	0	0	
0	[SLAMPOS]	0	-57.910	-80.480	0	145.520	0	0	
0	[SLAMPOS]	0	-57.580	-80.970	0	145.500	0	0	
0	[SLAMPOS]	0	-57.460	-81.180	0	145.490	0	0	
0	[SLAMPOS]	0	-56.880	-82.060	0	145.450	0	0	
0	[SLAMPOS]	0	-56.740	-82.290	0	145.450	0	0	
0	[SLAMPOS]	0	-56.580	-82.540	0	145.440	0	0	
0	[SLAMPOS]	0	-56.030	-83.390	0	145.410	0	0	
0	[SLAMPOS]	0	-55.870	-83.620	0	145.400	0	0	
0	[SLAMPOS]	0	-55.510	-84.170	0	145.380	0	0	
0	[SLAMPOS]	0	-55.160	-84.720	0	145.360	0	0	
0	[SLAMPOS]	0	-55.090	-84.820	0	145.360	0	0	
0	[SLAMPOS]	0	-54.650	-85.490	0	145.330	0	0	
0	[SLAMPOS]	0	-54.340	-85.950	0	145.310	0	0	
0	[SLAMPOS]	0	-54.170	-86.200	0	145.310	0	0	
0	[SLAMPOS]	0	-53.830	-86.720	0	145.310	0	0	
0	[SLAMPOS]	0	-53.430	-87.320	0	145.300	0	0	
0	[SLAMPOS]	0	-53.300	-87.530	0	145.300	0	0	
0	[SLAMPOS]	0	-52.960	-88.040	0	145.310	0	0	
0	[SLAMPOS]	0	-52.560	-88.640	0	145.330	0	0	
0	[SLAMPOS]	0	-52.200	-89.170	0	145.340	0	0	
0	[SLAMPOS]	0	-51.790	-89.790	0	145.350	0	0	
0	[SLAMPOS]	0	-51.720	-89.880	0	145.350	0	0	
0	[SLAMPOS]	0	-51.340	-90.480	0	145.390	0	0	
0	[SLAMPOS]	0	-51.230	-90.640	0	145.390	0	0	
0	[SLAMPOS]	0	-50.840	-91.230	0	145.400	0	0	
0	[SLAMPOS]	0	-50.420	-91.880	0	145.400	0	0	
0	[SLAMPOS]	0	-50.320	-92.020	0	145.400	0	0	
0	[SLAMPOS]	0	-49.960	-92.600	0	145.410	0	0	
0	[SLAMPOS]	0	-49.620	-93.110	0	145.420	0	0	
0	[SLAMPOS]	0	-49.450	-93.370	0	145.420	0	0	
0	[SLAMPOS]	0	-48.860	-94.270	0	145.440	0	0	
0	[SLAMPOS]	0	-48.720	-94.490	0	145.460	0	0	
0	[SLAMPOS]	0	-48.350	-95.040	0	145.450	0	0	
0	[SLAMPOS]	0	-47.950	-95.660	0	145.430	0	0	
0	[SLAMPOS]	0	-47.840	-95.810	0	145.420	0	0	
0	[SLAMPOS]	0	-47.440	-96.430	0	145.410	0	0	
0	[SLAMPOS]	0	-47.030	-97.040	0	145.400	0	0	
0	[SLAMPOS]	0	-46.940	-97.180	0	145.390	0	0	
0	[SLAMPOS]	0	-46.340	-98.080	0	145.370	0	0	
0	[SLAMPOS]	0	-46.190	-98.310	0	145.370	0	0	
0	[SLAMPOS]	0	-46.000	-98.600	0	145.370	0	0	
0	[SLAMPOS]	0	-45.420	-99.470	0	145.340	0	0	
0	[SLAMPOS]	0	-45.250	-99.740	0	145.340	0	0	
0	[SLAMPOS]	0	-44.900	-100.250	0	145.330	0	0	
0	[SLAMPOS]	0	-44.490	-100.870	0	145.330	0	0	
0	[SLAMPOS]	0	-44.370	-101.050	0	145.320	0	0	
0	[SLAMPOS]	0	-43.960	-101.670	0	145.310	0	0	
0	[SLAMPOS]	0	-43.850	-101.830	0	145.310	0	0	
0	[SLAMPOS]	0	-43.410	-102.490	0	145.300	0	0	
0	[SLAMPOS]	0	-42.960	-103.190	0	145.300	0	0	
0	[SLAMPOS]	0	-42.880	-103.310	0	145.310	0	0	
0	[SLAMPOS]	0	-42.470	-103.930	0	145.310	0	0	
0	[SLAMPOS]	0	-42.120	-104.470	0	145.320	0	0	
0	[SLAMPOS]	0	-41.950	-104.710	0	145.320	0	0	
0	[SLAMPOS]	0	-41.330	-105.630	0	145.330	0	0	
0	[SLAMPOS]	0	-41.160	-105.880	0	145.330	0	0	
0	[SLAMPOS]	0	-40.810	-106.420	0	145.340	0	0	
0	[SLAMPOS]	0	-40.400	-107.040	0	145.360	0	0	
0	[SLAMPOS]	0	-40.240	-107.290	0	145.360	0	0	
0	[SLAMPOS]	0	-39.870	-107.830	0	145.360	0	0	
0	[SLAMPOS]	0	-39.450	-108.480	0	145.370	0	0	
0	[SLAMPOS]	0	-39.340	-108.640	0	145.380	0	0	
0	[SLAMPOS]	0	-38.920	-109.260	0	145.380	0	0	
0	[SLAMPOS]	0	-38.550	-109.820	0	145.390	0	0	
0	[SLAMPOS]	0	-38.390	-110.070	0	145.400	0	0	
0	[SLAMPOS]	0	-37.760	-111.020	0	145.400	0	0	
0	[SLAMPOS]	0	-37.580	-111.260	0	145.390	0	0	
0	[SLAMPOS]	0	-37.210	-111.820	0	145.390	0	0	
0	[SLAMPOS]	0	-36.780	-112.460	0	145.380	0	0	
0	[SLAMPOS]	0	-36.610	-112.700	0	145.380	0	0	
0	[SLAMPOS]	0	-36.220	-113.280	0	145.380	0	0	
0	[SLAMPOS]	0	-36.030	-113.580	0	145.380	0	0	
0	[SLAMPOS]	0	-35.640	-114.150	0	145.360	0	0	
0	[SLAMPOS]	0	-35.220	-114.820	0	145.360	0	0	
0	[SLAMPOS]	0	-35.110	-114.980	0	145.360	0	0	
0	[SLAMPOS]	0	-34.700	-115.620	0	145.360	0	0	
0	[SLAMPOS]	0	-34.320	-116.170	0	145.320	0	0	
0	[SLAMPOS]	0	-34.160	-116.440	0	145.330	0	0	
0	[SLAMPOS]	0	-33.750	-117.100	0	145.330	0	0	
0	[SLAMPOS]	0	-33.370	-117.670	0	145.320	0	0	
0	[SLAMPOS]	0	-33.190	-117.910	0	145.300	0	0	
0	[SLAMPOS]	0	-32.560	-118.880	0	145.300	0	0	
0	[SLAMPOS]	0	-32.130	-119.530	0	145.290	0	0	
0	[SLAMPOS]	0	-32.000	-119.710	0	145.310	0	0	
0	[SLAMPOS]	0	-31.550	-120.390	0	145.300	0	0	
0	[SLAMPOS]	0	-31.440	-120.560	0	145.320	0	0	
0	[SLAMPOS]	0	-31.020	-121.210	0	145.330	0	0	
0	[SLAMPOS]	0	-30.630	-121.790	0	145.380	0	0	
0	[SLAMPOS]	0	-30.460	-122.040	0	145.380	0	0	
0	[SLAMPOS]	0	-30.020	-122.710	0	145.420	0	0	
0	[SLAMPOS]	0	-29.630	-123.290	0	145.460	0	0	
0	[SLAMPOS]	0	-29.480	-123.540	0	145.480	0	0	
0	[SLAMPOS]	0	-28.820	-124.540	0	145.530	0	0	
0	[SLAMPOS]	0	-28.660	-124.800	0	145.540	0	0	
0	[SLAMPOS]	0	-28.230	-125.440	0	145.570	0	0	
0	[SLAMPOS]	0	-27.820	-126.070	0	145.590	0	0	
0	[SLAMPOS]	0	-27.710	-126.240	0	145.590	0	0	
0	[SLAMPOS]	0	-27.280	-126.900	0	145.600	0	0	
0	[SLAMPOS]	0	-27.160	-127.080	0	145.600	0	0	
0	[SLAMPOS]	0	-26.710	-127.770	0	145.610	0	0	
0	[SLAMPOS]	0	-26.260	-128.460	0	145.590	0	0	
0	[SLAMPOS]	0	-26.160	-128.610	0	145.590	0	0	
0	[SLAMPOS]	0	-25.710	-129.290	0	145.560	0	0	
0	[SLAMPOS]	0	-25.330	-129.850	0	145.550	0	0	
0	[SLAMPOS]	0	-24.890	-130.530	0	145.540	0	0	
0	[SLAMPOS]	0	-24.480	-131.140	0	145.550	0	0	
0	[SLAMPOS]	0	-24.040	-131.810	0	145.540	0	0	
0	[SLAMPOS]	0	-23.820	-132.150	0	145.550	0	0	
0	[SLAMPOS]	0	-23.480	-132.680	0	145.590	0	0	
0	[SLAMPOS]	0	-23.360	-132.850	0	145.610	0	0	
0	[SLAMPOS]	0	-22.880	-133.570	0	145.630	0	0	
0	[SLAMPOS]	0	-22.420	-134.270	0	145.670	0	0	
0	[SLAMPOS]	0	-22.300	-134.450	0	145.680	0	0	
0	[SLAMPOS]	0	-21.850	-135.140	0	145.710	0	0	
0	[SLAMPOS]	0	-21.460	-135.740	0	145.750	0	0	
0	[SLAMPOS]	0	-21.300	-136.010	0	145.770	0	0	
0	[SLAMPOS]	0	-20.640	-137.020	0	145.830	0	0	
0	[SLAMPOS]	0	-20.470	-137.300	0	145.850	0	0	
0	[SLAMPOS]	0	-20.300	-137.560	0	145.850	0	0	
0	[SLAMPOS]	0	-19.640	-138.580	0	145.920	0	0	
0	[SLAMPOS]	0	-19.410	-138.930	0	145.930	0	0	
0	[SLAMPOS]	0	-19.070	-139.440	0	145.950	0	0	
0	[SLAMPOS]	0	-18.630	-140.140	0	145.990	0	0	
0	[SLAMPOS]	0	-18.480	-140.360	0	145.980	0	0	
0	[SLAMPOS]	0	-18.040	-141.050	0	145.980	0	0	
0	[SLAMPOS]	0	-17.940	-141.210	0	145.980	0	0	
0	[SLAMPOS]	0	-17.520	-141.890	0	145.980	0	0	
0	[SLAMPOS]	0	-17.140	-142.460	0	145.960	0	0	
0	[SLAMPOS]	0	-16.910	-142.820	0	145.950	0	0	
0	[SLAMPOS]	0	-16.490	-143.500	0	145.950	0	0	
0	[SLAMPOS]	0	-16.080	-144.110	0	145.940	0	0	
0	[SLAMPOS]	0	-15.920	-144.350	0	145.930	0	0	
0	[SLAMPOS]	0	-15.260	-145.390	0	145.930	0	0	
0	[SLAMPOS]	0	-15.060	-145.670	0	145.910	0	0	
0	[SLAMPOS]	0	-14.670	-146.260	0	145.900	0	0	
0	[SLAMPOS]	0	-14.210	-146.980	0	145.890	0	0	
0	[SLAMPOS]	0	-13.990	-147.320	0	145.890	0	0	
0	[SLAMPOS]	0	-13.660	-147.830	0	145.880	0	0	
0	[SLAMPOS]	0	-13.260	-148.430	0	145.870	0	0	
0	[SLAMPOS]	0	-13.060	-148.750	0	145.860	0	0	
0	[SLAMPOS]	0	-12.600	-149.460	0	145.860	0	0	
0	[SLAMPOS]	0	-12.220	-150.040	0	145.840	0	0	
0	[SLAMPOS]	0	-12.030	-150.330	0	145.840	0	0	
0	[SLAMPOS]	0	-11.370	-151.340	0	145.840	0	0	
0	[SLAMPOS]	0	-11.190	-151.630	0	145.830	0	0	
0	[SLAMPOS]	0	-10.800	-152.230	0	145.810	0	0	
0	[SLAMPOS]	0	-10.340	-152.930	0	145.800	0	0	
0	[SLAMPOS]	0	-10.220	-153.110	0	145.800	0	0	
0	[SLAMPOS]	0	-9.880	-153.640	0	145.790	0	0	
0	[SLAMPOS]	0	-9.310	-154.520	0	145.780	0	0	
0	[SLAMPOS]	0	-9.170	-154.720	0	145.780	0	0	
0	[SLAMPOS]	0	-8.720	-155.420	0	145.770	0	0	
0	[SLAMPOS]	0	-8.620	-155.570	0	145.770	0	0	
0	[SLAMPOS]	0	-8.110	-156.370	0	145.770	0	0	
0	[SLAMPOS]	0	-7.670	-157.060	0	145.750	0	0	
0	[SLAMPOS]	0	-7.530	-157.260	0	145.740	0	0	
0	[SLAMPOS]	0	-7.040	-158.030	0	145.730	0	0	
0	[SLAMPOS]	0	-6.630	-158.640	0	145.710	0	0	
0	[SLAMPOS]	0	-6.450	-158.920	0	145.710	0	0	
0	[SLAMPOS]	0	-5.960	-159.680	0	145.710	0	0	
0	[SLAMPOS]	0	-5.840	-159.860	0	145.710	0	0	
0	[SLAMPOS]	0	-5.380	-160.540	0	145.680	0	0	
0	[SLAMPOS]	0	-4.970	-161.150	0	145.670	0	0	
0	[SLAMPOS]	0	-4.520	-161.840	0	145.670	0	0	
0	[SLAMPOS]	0	-4.080	-162.510	0	145.660	0	0	
0	[SLAMPOS]	0	-3.660	-163.150	0	145.640	0	0	
0	[SLAMPOS]	0	-3.550	-163.310	0	145.640	0	0	
0	[SLAMPOS]	0	-3.100	-164.010	0	145.640	0	0	
0	[SLAMPOS]	0	-2.970	-164.210	0	145.630	0	0	
0	[SLAMPOS]	0	-2.510	-164.900	0	145.620	0	0	
0	[SLAMPOS]	0	-2.050	-165.590	0	145.600	0	0	
0	[SLAMPOS]	0	-1.930	-165.760	0	145.600	0	0	
0	[SLAMPOS]	0	-1.480	-166.440	0	145.590	0	0	
0	[SLAMPOS]	0	-1.070	-167.060	0	145.590	0	0	
0	[SLAMPOS]	0	-0.860	-167.390	0	145.580	0	0	
0	[SLAMPOS]	0	-0.380	-168.100	0	145.560	0	0	
0	[SLAMPOS]	0	-0.030	-168.630	0	145.570	0	0	
0	[SLAMPOS]	0	0.170	-168.960	0	145.570	0	0	
0	[SLAMPOS]	0	0.840	-169.980	0	145.620	0	0	
0	[SLAMPOS]	0	1.010	-170.260	0	145.640	0	0	
0	[SLAMPOS]	0	1.410	-170.840	0	145.660	0	0	
0	[SLAMPOS]	0	1.830	-171.520	0	145.710	0	0	
0	[SLAMPOS]	0	2.070	-171.880	0	145.740	0	0	
