0	[SLAMPOS]	0	-179.110	339.420	0	62.810	0	0	
0	[SLAMPOS]	0	-178.490	339.710	0	62.810	0	0	
0	[SLAMPOS]	0	-177.940	339.990	0	62.800	0	0	
0	[SLAMPOS]	0	-177.620	340.140	0	62.790	0	0	
0	[SLAMPOS]	0	-177.090	340.410	0	62.770	0	0	
0	[SLAMPOS]	0	-176.430	340.730	0	62.750	0	0	
0	[SLAMPOS]	0	-175.880	341.000	0	62.730	0	0	
0	[SLAMPOS]	0	-175.230	341.320	0	62.730	0	0	
0	[SLAMPOS]	0	-174.930	341.460	0	62.720	0	0	
0	[SLAMPOS]	0	-174.420	341.720	0	62.730	0	0	
0	[SLAMPOS]	0	-173.770	342.030	0	62.730	0	0	
0	[SLAMPOS]	0	-173.600	342.120	0	62.730	0	0	
0	[SLAMPOS]	0	-172.950	342.430	0	62.740	0	0	
0	[SLAMPOS]	0	-172.770	342.530	0	62.750	0	0	
0	[SLAMPOS]	0	-172.130	342.830	0	62.760	0	0	
0	[SLAMPOS]	0	-171.570	343.110	0	62.770	0	0	
0	[SLAMPOS]	0	-171.310	343.240	0	62.770	0	0	
0	[SLAMPOS]	0	-170.350	343.710	0	62.790	0	0	
0	[SLAMPOS]	0	-170.080	343.840	0	62.800	0	0	
0	[SLAMPOS]	0	-169.860	343.940	0	62.800	0	0	
0	[SLAMPOS]	0	-168.880	344.420	0	62.860	0	0	
0	[SLAMPOS]	0	-168.620	344.540	0	62.870	0	0	
0	[SLAMPOS]	0	-168.090	344.810	0	62.910	0	0	
0	[SLAMPOS]	0	-167.380	345.150	0	62.940	0	0	
0	[SLAMPOS]	0	-167.170	345.250	0	62.960	0	0	
0	[SLAMPOS]	0	-166.530	345.550	0	63.000	0	0	
0	[SLAMPOS]	0	-166.360	345.640	0	63.020	0	0	
0	[SLAMPOS]	0	-165.680	345.970	0	63.060	0	0	
0	[SLAMPOS]	0	-164.700	346.440	0	63.120	0	0	
0	[SLAMPOS]	0	-164.450	346.550	0	63.140	0	0	
0	[SLAMPOS]	0	-164.220	346.660	0	63.150	0	0	
0	[SLAMPOS]	0	-163.210	347.150	0	63.210	0	0	
0	[SLAMPOS]	0	-162.950	347.280	0	63.220	0	0	
0	[SLAMPOS]	0	-162.370	347.560	0	63.240	0	0	
0	[SLAMPOS]	0	-161.680	347.880	0	63.260	0	0	
0	[SLAMPOS]	0	-161.500	347.970	0	63.270	0	0	
0	[SLAMPOS]	0	-160.810	348.290	0	63.300	0	0	
0	[SLAMPOS]	0	-160.630	348.380	0	63.300	0	0	
0	[SLAMPOS]	0	-159.960	348.700	0	63.320	0	0	
0	[SLAMPOS]	0	-159.270	349.020	0	63.320	0	0	
0	[SLAMPOS]	0	-159.100	349.110	0	63.320	0	0	
0	[SLAMPOS]	0	-158.430	349.430	0	63.320	0	0	
0	[SLAMPOS]	0	-157.840	349.720	0	63.320	0	0	
0	[SLAMPOS]	0	-157.550	349.850	0	63.330	0	0	
0	[SLAMPOS]	0	-156.600	350.310	0	63.310	0	0	
0	[SLAMPOS]	0	-155.940	350.620	0	63.280	0	0	
0	[SLAMPOS]	0	-155.770	350.710	0	63.270	0	0	
0	[SLAMPOS]	0	-155.100	351.020	0	63.220	0	0	
0	[SLAMPOS]	0	-154.890	351.130	0	63.210	0	0	
0	[SLAMPOS]	0	-154.260	351.430	0	63.160	0	0	
0	[SLAMPOS]	0	-153.690	351.710	0	63.130	0	0	
0	[SLAMPOS]	0	-153.450	351.820	0	63.120	0	0	
0	[SLAMPOS]	0	-152.770	352.150	0	63.090	0	0	
0	[SLAMPOS]	0	-152.190	352.440	0	63.060	0	0	
0	[SLAMPOS]	0	-151.950	352.550	0	63.050	0	0	
0	[SLAMPOS]	0	-150.980	353.030	0	63.000	0	0	
0	[SLAMPOS]	0	-150.740	353.140	0	62.990	0	0	
0	[SLAMPOS]	0	-150.170	353.420	0	62.970	0	0	
0	[SLAMPOS]	0	-149.500	353.740	0	62.960	0	0	
0	[SLAMPOS]	0	-149.350	353.820	0	62.960	0	0	
0	[SLAMPOS]	0	-148.730	354.120	0	62.940	0	0	
0	[SLAMPOS]	0	-148.560	354.210	0	62.940	0	0	
0	[SLAMPOS]	0	-147.910	354.520	0	62.930	0	0	
0	[SLAMPOS]	0	-147.280	354.820	0	62.920	0	0	
0	[SLAMPOS]	0	-146.720	355.100	0	62.920	0	0	
0	[SLAMPOS]	0	-146.470	355.210	0	62.920	0	0	
0	[SLAMPOS]	0	-145.920	355.490	0	62.910	0	0	
0	[SLAMPOS]	0	-145.310	355.780	0	62.890	0	0	
0	[SLAMPOS]	0	-144.750	356.060	0	62.890	0	0	
0	[SLAMPOS]	0	-144.540	356.150	0	62.880	0	0	
0	[SLAMPOS]	0	-144.010	356.410	0	62.880	0	0	
0	[SLAMPOS]	0	-143.400	356.710	0	62.880	0	0	
0	[SLAMPOS]	0	-143.250	356.790	0	62.880	0	0	
0	[SLAMPOS]	0	-142.640	357.080	0	62.860	0	0	
0	[SLAMPOS]	0	-142.040	357.370	0	62.860	0	0	
0	[SLAMPOS]	0	-141.880	357.450	0	62.860	0	0	
0	[SLAMPOS]	0	-141.230	357.760	0	62.870	0	0	
0	[SLAMPOS]	0	-140.730	358.000	0	62.870	0	0	
0	[SLAMPOS]	0	-140.420	358.150	0	62.860	0	0	
0	[SLAMPOS]	0	-139.620	358.550	0	62.850	0	0	
0	[SLAMPOS]	0	-139.360	358.670	0	62.850	0	0	
0	[SLAMPOS]	0	-138.850	358.920	0	62.860	0	0	
0	[SLAMPOS]	0	-138.280	359.200	0	62.870	0	0	
0	[SLAMPOS]	0	-138.030	359.320	0	62.860	0	0	
0	[SLAMPOS]	0	-137.540	359.560	0	62.870	0	0	
0	[SLAMPOS]	0	-136.950	359.840	0	62.870	0	0	
0	[SLAMPOS]	0	-136.800	359.920	0	62.890	0	0	
0	[SLAMPOS]	0	-136.220	360.210	0	62.910	0	0	
0	[SLAMPOS]	0	-136.050	360.290	0	62.940	0	0	
0	[SLAMPOS]	0	-135.490	360.560	0	62.980	0	0	
0	[SLAMPOS]	0	-134.980	360.810	0	63.040	0	0	
0	[SLAMPOS]	0	-134.720	360.930	0	63.060	0	0	
0	[SLAMPOS]	0	-134.160	361.200	0	63.130	0	0	
0	[SLAMPOS]	0	-133.660	361.450	0	63.210	0	0	
0	[SLAMPOS]	0	-133.450	361.550	0	63.210	0	0	
0	[SLAMPOS]	0	-132.640	361.940	0	63.350	0	0	
0	[SLAMPOS]	0	-132.420	362.030	0	63.400	0	0	
0	[SLAMPOS]	0	-131.950	362.260	0	63.530	0	0	
0	[SLAMPOS]	0	-131.400	362.520	0	63.630	0	0	
0	[SLAMPOS]	0	-131.210	362.610	0	63.660	0	0	
0	[SLAMPOS]	0	-130.740	362.840	0	63.810	0	0	
0	[SLAMPOS]	0	-130.220	363.070	0	63.960	0	0	
0	[SLAMPOS]	0	-130.080	363.140	0	64.040	0	0	
0	[SLAMPOS]	0	-129.550	363.380	0	64.220	0	0	
0	[SLAMPOS]	0	-129.100	363.590	0	64.430	0	0	
0	[SLAMPOS]	0	-128.910	363.670	0	64.490	0	0	
0	[SLAMPOS]	0	-128.130	364.000	0	64.900	0	0	
0	[SLAMPOS]	0	-127.940	364.080	0	65.010	0	0	
0	[SLAMPOS]	0	-127.730	364.170	0	65.120	0	0	
0	[SLAMPOS]	0	-126.990	364.480	0	65.610	0	0	
0	[SLAMPOS]	0	-126.790	364.550	0	65.710	0	0	
0	[SLAMPOS]	0	-126.350	364.740	0	66.050	0	0	
0	[SLAMPOS]	0	-125.810	364.960	0	66.460	0	0	
0	[SLAMPOS]	0	-125.680	365.020	0	66.620	0	0	
0	[SLAMPOS]	0	-125.200	365.200	0	67.020	0	0	
0	[SLAMPOS]	0	-124.710	365.390	0	67.480	0	0	
0	[SLAMPOS]	0	-124.580	365.440	0	67.660	0	0	
0	[SLAMPOS]	0	-124.080	365.620	0	68.170	0	0	
0	[SLAMPOS]	0	-123.950	365.670	0	68.380	0	0	
0	[SLAMPOS]	0	-123.470	365.830	0	68.940	0	0	
0	[SLAMPOS]	0	-123.040	365.980	0	69.550	0	0	
0	[SLAMPOS]	0	-122.850	366.040	0	69.790	0	0	
0	[SLAMPOS]	0	-122.160	366.260	0	70.830	0	0	
0	[SLAMPOS]	0	-121.980	366.320	0	71.080	0	0	
0	[SLAMPOS]	0	-121.570	366.440	0	71.750	0	0	
0	[SLAMPOS]	0	-121.110	366.550	0	72.470	0	0	
0	[SLAMPOS]	0	-120.990	366.600	0	72.720	0	0	
0	[SLAMPOS]	0	-120.540	366.700	0	73.460	0	0	
0	[SLAMPOS]	0	-120.050	366.810	0	74.270	0	0	
0	[SLAMPOS]	0	-119.940	366.840	0	74.490	0	0	
0	[SLAMPOS]	0	-119.480	366.930	0	75.300	0	0	
0	[SLAMPOS]	0	-119.080	367.020	0	76.050	0	0	
0	[SLAMPOS]	0	-118.900	367.050	0	76.360	0	0	
0	[SLAMPOS]	0	-118.230	367.170	0	77.660	0	0	
0	[SLAMPOS]	0	-118.040	367.200	0	77.990	0	0	
0	[SLAMPOS]	0	-117.640	367.270	0	78.830	0	0	
0	[SLAMPOS]	0	-117.180	367.320	0	79.710	0	0	
0	[SLAMPOS]	0	-116.990	367.340	0	80.060	0	0	
0	[SLAMPOS]	0	-116.600	367.390	0	80.970	0	0	
0	[SLAMPOS]	0	-116.140	367.420	0	81.970	0	0	
0	[SLAMPOS]	0	-116.000	367.440	0	82.370	0	0	
0	[SLAMPOS]	0	-115.570	367.470	0	83.370	0	0	
0	[SLAMPOS]	0	-115.450	367.480	0	83.720	0	0	
0	[SLAMPOS]	0	-115.000	367.490	0	84.870	0	0	
0	[SLAMPOS]	0	-114.620	367.510	0	85.960	0	0	
0	[SLAMPOS]	0	-114.450	367.510	0	86.400	0	0	
0	[SLAMPOS]	0	-113.810	367.510	0	88.300	0	0	
0	[SLAMPOS]	0	-113.640	367.500	0	88.790	0	0	
0	[SLAMPOS]	0	-113.450	367.490	0	89.350	0	0	
0	[SLAMPOS]	0	-112.830	367.450	0	91.290	0	0	
0	[SLAMPOS]	0	-112.670	367.430	0	91.780	0	0	
0	[SLAMPOS]	0	-112.290	367.390	0	92.950	0	0	
0	[SLAMPOS]	0	-111.850	367.330	0	94.320	0	0	
0	[SLAMPOS]	0	-111.740	367.320	0	94.700	0	0	
0	[SLAMPOS]	0	-111.340	367.250	0	95.910	0	0	
0	[SLAMPOS]	0	-110.980	367.180	0	97.070	0	0	
0	[SLAMPOS]	0	-110.810	367.140	0	97.570	0	0	
0	[SLAMPOS]	0	-110.410	367.040	0	98.800	0	0	
0	[SLAMPOS]	0	-110.050	366.960	0	99.980	0	0	
0	[SLAMPOS]	0	-109.890	366.910	0	100.460	0	0	
0	[SLAMPOS]	0	-109.290	366.750	0	102.430	0	0	
0	[SLAMPOS]	0	-109.130	366.700	0	102.930	0	0	
0	[SLAMPOS]	0	-108.770	366.600	0	104.080	0	0	
0	[SLAMPOS]	0	-108.380	366.460	0	105.330	0	0	
0	[SLAMPOS]	0	-108.280	366.440	0	105.670	0	0	
0	[SLAMPOS]	0	-107.870	366.280	0	107.030	0	0	
0	[SLAMPOS]	0	-107.520	366.130	0	108.200	0	0	
0	[SLAMPOS]	0	-107.420	366.100	0	108.540	0	0	
0	[SLAMPOS]	0	-107.040	365.930	0	109.810	0	0	
0	[SLAMPOS]	0	-106.940	365.890	0	110.140	0	0	
0	[SLAMPOS]	0	-106.570	365.710	0	111.400	0	0	
0	[SLAMPOS]	0	-106.240	365.550	0	112.570	0	0	
0	[SLAMPOS]	0	-106.090	365.460	0	113.120	0	0	
0	[SLAMPOS]	0	-105.730	365.270	0	114.370	0	0	
0	[SLAMPOS]	0	-105.410	365.100	0	115.490	0	0	
0	[SLAMPOS]	0	-105.280	365.010	0	115.960	0	0	
0	[SLAMPOS]	0	-104.750	364.720	0	117.810	0	0	
0	[SLAMPOS]	0	-104.610	364.630	0	118.290	0	0	
0	[SLAMPOS]	0	-104.310	364.450	0	119.350	0	0	
0	[SLAMPOS]	0	-103.970	364.220	0	120.480	0	0	
0	[SLAMPOS]	0	-103.880	364.170	0	120.760	0	0	
0	[SLAMPOS]	0	-103.550	363.930	0	121.850	0	0	
0	[SLAMPOS]	0	-103.480	363.880	0	122.080	0	0	
0	[SLAMPOS]	0	-103.150	363.630	0	123.120	0	0	
0	[SLAMPOS]	0	-102.840	363.400	0	124.100	0	0	
0	[SLAMPOS]	0	-102.580	363.210	0	124.960	0	0	
0	[SLAMPOS]	0	-102.460	363.120	0	125.300	0	0	
0	[SLAMPOS]	0	-102.200	362.920	0	126.160	0	0	
0	[SLAMPOS]	0	-101.910	362.670	0	127.150	0	0	
0	[SLAMPOS]	0	-101.680	362.470	0	127.930	0	0	
0	[SLAMPOS]	0	-101.590	362.380	0	128.290	0	0	
0	[SLAMPOS]	0	-101.350	362.170	0	129.090	0	0	
0	[SLAMPOS]	0	-101.090	361.920	0	129.990	0	0	
0	[SLAMPOS]	0	-100.840	361.690	0	130.790	0	0	
0	[SLAMPOS]	0	-100.780	361.630	0	131.010	0	0	
0	[SLAMPOS]	0	-100.550	361.400	0	131.730	0	0	
0	[SLAMPOS]	0	-100.470	361.330	0	131.960	0	0	
0	[SLAMPOS]	0	-100.240	361.080	0	132.740	0	0	
0	[SLAMPOS]	0	-100.030	360.870	0	133.420	0	0	
0	[SLAMPOS]	0	-99.940	360.780	0	133.710	0	0	
0	[SLAMPOS]	0	-99.610	360.420	0	134.750	0	0	
0	[SLAMPOS]	0	-99.540	360.340	0	134.980	0	0	
0	[SLAMPOS]	0	-99.340	360.130	0	135.620	0	0	
0	[SLAMPOS]	0	-99.150	359.900	0	136.220	0	0	
0	[SLAMPOS]	0	-99.070	359.800	0	136.480	0	0	
0	[SLAMPOS]	0	-98.900	359.580	0	137.020	0	0	
0	[SLAMPOS]	0	-98.710	359.350	0	137.600	0	0	
0	[SLAMPOS]	0	-98.660	359.290	0	137.710	0	0	
0	[SLAMPOS]	0	-98.480	359.060	0	138.210	0	0	
0	[SLAMPOS]	0	-98.420	358.990	0	138.330	0	0	
0	[SLAMPOS]	0	-98.240	358.770	0	138.700	0	0	
0	[SLAMPOS]	0	-98.080	358.580	0	139.000	0	0	
0	[SLAMPOS]	0	-97.910	358.360	0	139.330	0	0	
0	[SLAMPOS]	0	-97.750	358.170	0	139.640	0	0	
0	[SLAMPOS]	0	-97.580	357.960	0	139.940	0	0	
0	[SLAMPOS]	0	-97.510	357.870	0	140.030	0	0	
0	[SLAMPOS]	0	-97.360	357.690	0	140.260	0	0	
0	[SLAMPOS]	0	-97.210	357.500	0	140.520	0	0	
0	[SLAMPOS]	0	-97.160	357.440	0	140.580	0	0	
0	[SLAMPOS]	0	-97.030	357.220	0	140.780	0	0	
0	[SLAMPOS]	0	-96.980	357.170	0	140.830	0	0	
0	[SLAMPOS]	0	-96.830	356.970	0	141.000	0	0	
0	[SLAMPOS]	0	-96.700	356.790	0	141.150	0	0	
0	[SLAMPOS]	0	-96.630	356.710	0	141.210	0	0	
0	[SLAMPOS]	0	-96.410	356.430	0	141.430	0	0	
0	[SLAMPOS]	0	-96.360	356.360	0	141.490	0	0	
0	[SLAMPOS]	0	-96.310	356.300	0	141.550	0	0	
0	[SLAMPOS]	0	-96.100	356.030	0	141.700	0	0	
0	[SLAMPOS]	0	-96.050	355.950	0	141.740	0	0	
0	[SLAMPOS]	0	-95.940	355.800	0	141.820	0	0	
0	[SLAMPOS]	0	-95.810	355.620	0	141.920	0	0	
0	[SLAMPOS]	0	-95.770	355.580	0	141.950	0	0	
0	[SLAMPOS]	0	-95.660	355.420	0	142.040	0	0	
0	[SLAMPOS]	0	-95.540	355.270	0	142.120	0	0	
0	[SLAMPOS]	0	-95.500	355.210	0	142.150	0	0	
0	[SLAMPOS]	0	-95.320	354.970	0	142.270	0	0	
0	[SLAMPOS]	0	-95.280	354.910	0	142.300	0	0	
0	[SLAMPOS]	0	-95.180	354.770	0	142.360	0	0	
0	[SLAMPOS]	0	-95.060	354.610	0	142.410	0	0	
0	[SLAMPOS]	0	-95.030	354.540	0	142.430	0	0	
0	[SLAMPOS]	0	-94.930	354.400	0	142.440	0	0	
0	[SLAMPOS]	0	-94.800	354.260	0	142.410	0	0	
0	[SLAMPOS]	0	-94.780	354.220	0	142.410	0	0	
0	[SLAMPOS]	0	-94.660	354.070	0	142.400	0	0	
0	[SLAMPOS]	0	-94.630	354.030	0	142.390	0	0	
0	[SLAMPOS]	0	-94.520	353.880	0	142.390	0	0	
0	[SLAMPOS]	0	-94.430	353.760	0	142.380	0	0	
0	[SLAMPOS]	0	-94.370	353.690	0	142.370	0	0	
0	[SLAMPOS]	0	-94.270	353.550	0	142.360	0	0	
0	[SLAMPOS]	0	-94.190	353.420	0	142.360	0	0	
0	[SLAMPOS]	0	-94.140	353.370	0	142.340	0	0	
0	[SLAMPOS]	0	-93.990	353.150	0	142.320	0	0	
0	[SLAMPOS]	0	-93.950	353.090	0	142.320	0	0	
0	[SLAMPOS]	0	-93.860	352.980	0	142.300	0	0	
0	[SLAMPOS]	0	-93.750	352.840	0	142.290	0	0	
0	[SLAMPOS]	0	-93.720	352.790	0	142.280	0	0	
0	[SLAMPOS]	0	-93.640	352.680	0	142.280	0	0	
0	[SLAMPOS]	0	-93.540	352.550	0	142.260	0	0	
0	[SLAMPOS]	0	-93.510	352.520	0	142.260	0	0	
0	[SLAMPOS]	0	-93.410	352.390	0	142.250	0	0	
0	[SLAMPOS]	0	-93.320	352.270	0	142.230	0	0	
0	[SLAMPOS]	0	-93.280	352.220	0	142.220	0	0	
0	[SLAMPOS]	0	-93.140	352.040	0	142.220	0	0	
0	[SLAMPOS]	0	-93.100	351.980	0	142.220	0	0	
0	[SLAMPOS]	0	-93.010	351.890	0	142.200	0	0	
0	[SLAMPOS]	0	-92.910	351.750	0	142.190	0	0	
0	[SLAMPOS]	0	-92.860	351.700	0	142.180	0	0	
0	[SLAMPOS]	0	-92.790	351.590	0	142.170	0	0	
0	[SLAMPOS]	0	-92.690	351.440	0	142.150	0	0	
0	[SLAMPOS]	0	-92.660	351.400	0	142.150	0	0	
0	[SLAMPOS]	0	-92.580	351.270	0	142.140	0	0	
0	[SLAMPOS]	0	-92.560	351.240	0	142.130	0	0	
0	[SLAMPOS]	0	-92.460	351.100	0	142.120	0	0	
0	[SLAMPOS]	0	-92.380	350.990	0	142.120	0	0	
0	[SLAMPOS]	0	-92.340	350.940	0	142.110	0	0	
0	[SLAMPOS]	0	-92.200	350.760	0	142.090	0	0	
0	[SLAMPOS]	0	-92.160	350.710	0	142.080	0	0	
0	[SLAMPOS]	0	-92.120	350.660	0	142.070	0	0	
0	[SLAMPOS]	0	-91.990	350.480	0	142.050	0	0	
0	[SLAMPOS]	0	-91.960	350.440	0	142.050	0	0	
0	[SLAMPOS]	0	-91.870	350.320	0	142.030	0	0	
0	[SLAMPOS]	0	-91.780	350.210	0	142.020	0	0	
0	[SLAMPOS]	0	-91.760	350.180	0	142.010	0	0	
0	[SLAMPOS]	0	-91.670	350.060	0	142.000	0	0	
0	[SLAMPOS]	0	-91.600	349.950	0	142.000	0	0	
0	[SLAMPOS]	0	-91.560	349.900	0	141.990	0	0	
0	[SLAMPOS]	0	-91.480	349.780	0	141.980	0	0	
0	[SLAMPOS]	0	-91.410	349.670	0	141.960	0	0	
0	[SLAMPOS]	0	-91.370	349.620	0	141.960	0	0	
0	[SLAMPOS]	0	-91.250	349.450	0	141.940	0	0	
0	[SLAMPOS]	0	-91.220	349.410	0	141.930	0	0	
0	[SLAMPOS]	0	-91.140	349.300	0	141.920	0	0	
0	[SLAMPOS]	0	-91.050	349.180	0	141.910	0	0	
0	[SLAMPOS]	0	-91.020	349.150	0	141.900	0	0	
0	[SLAMPOS]	0	-90.920	349.030	0	141.890	0	0	
0	[SLAMPOS]	0	-90.900	349.000	0	141.880	0	0	
0	[SLAMPOS]	0	-90.810	348.870	0	141.870	0	0	
0	[SLAMPOS]	0	-90.720	348.770	0	141.860	0	0	
0	[SLAMPOS]	0	-90.680	348.720	0	141.850	0	0	
0	[SLAMPOS]	0	-90.600	348.590	0	141.840	0	0	
0	[SLAMPOS]	0	-90.520	348.490	0	141.850	0	0	
0	[SLAMPOS]	0	-90.480	348.440	0	141.850	0	0	
0	[SLAMPOS]	0	-90.340	348.250	0	141.880	0	0	
0	[SLAMPOS]	0	-90.300	348.190	0	141.890	0	0	
0	[SLAMPOS]	0	-90.210	348.080	0	141.910	0	0	
0	[SLAMPOS]	0	-90.110	347.950	0	141.930	0	0	
0	[SLAMPOS]	0	-90.080	347.900	0	141.940	0	0	
0	[SLAMPOS]	0	-90.010	347.810	0	141.970	0	0	
0	[SLAMPOS]	0	-89.940	347.710	0	142.000	0	0	
0	[SLAMPOS]	0	-89.910	347.690	0	142.010	0	0	
0	[SLAMPOS]	0	-89.850	347.600	0	142.030	0	0	
0	[SLAMPOS]	0	-89.790	347.510	0	142.050	0	0	
0	[SLAMPOS]	0	-89.770	347.490	0	142.060	0	0	
0	[SLAMPOS]	0	-89.670	347.350	0	142.100	0	0	
0	[SLAMPOS]	0	-89.640	347.310	0	142.100	0	0	
0	[SLAMPOS]	0	-89.570	347.220	0	142.120	0	0	
0	[SLAMPOS]	0	-89.480	347.100	0	142.140	0	0	
0	[SLAMPOS]	0	-89.460	347.070	0	142.150	0	0	
0	[SLAMPOS]	0	-89.380	346.950	0	142.170	0	0	
0	[SLAMPOS]	0	-89.280	346.830	0	142.190	0	0	
0	[SLAMPOS]	0	-89.260	346.800	0	142.190	0	0	
0	[SLAMPOS]	0	-89.180	346.680	0	142.200	0	0	
0	[SLAMPOS]	0	-89.160	346.650	0	142.210	0	0	
0	[SLAMPOS]	0	-89.070	346.530	0	142.210	0	0	
0	[SLAMPOS]	0	-88.940	346.360	0	142.230	0	0	
0	[SLAMPOS]	0	-88.910	346.320	0	142.230	0	0	
0	[SLAMPOS]	0	-88.830	346.220	0	142.230	0	0	
0	[SLAMPOS]	0	-88.740	346.100	0	142.240	0	0	
0	[SLAMPOS]	0	-88.720	346.060	0	142.250	0	0	
0	[SLAMPOS]	0	-88.630	345.950	0	142.260	0	0	
0	[SLAMPOS]	0	-88.600	345.910	0	142.260	0	0	
0	[SLAMPOS]	0	-88.510	345.790	0	142.270	0	0	
0	[SLAMPOS]	0	-88.430	345.670	0	142.280	0	0	
0	[SLAMPOS]	0	-88.390	345.620	0	142.290	0	0	
0	[SLAMPOS]	0	-88.290	345.480	0	142.300	0	0	
0	[SLAMPOS]	0	-88.190	345.360	0	142.300	0	0	
0	[SLAMPOS]	0	-88.090	345.230	0	142.310	0	0	
0	[SLAMPOS]	0	-87.990	345.100	0	142.320	0	0	
0	[SLAMPOS]	0	-87.880	344.950	0	142.350	0	0	
0	[SLAMPOS]	0	-87.850	344.920	0	142.350	0	0	
0	[SLAMPOS]	0	-87.740	344.760	0	142.370	0	0	
0	[SLAMPOS]	0	-87.710	344.720	0	142.370	0	0	
0	[SLAMPOS]	0	-87.590	344.550	0	142.380	0	0	
0	[SLAMPOS]	0	-87.480	344.410	0	142.390	0	0	
0	[SLAMPOS]	0	-87.430	344.350	0	142.400	0	0	
0	[SLAMPOS]	0	-87.250	344.090	0	142.430	0	0	
0	[SLAMPOS]	0	-87.200	344.030	0	142.440	0	0	
0	[SLAMPOS]	0	-87.150	343.960	0	142.440	0	0	
0	[SLAMPOS]	0	-86.970	343.690	0	142.460	0	0	
0	[SLAMPOS]	0	-86.920	343.620	0	142.460	0	0	
0	[SLAMPOS]	0	-86.790	343.450	0	142.480	0	0	
0	[SLAMPOS]	0	-86.650	343.260	0	142.500	0	0	
0	[SLAMPOS]	0	-86.620	343.220	0	142.500	0	0	
0	[SLAMPOS]	0	-86.470	343.010	0	142.520	0	0	
0	[SLAMPOS]	0	-86.430	342.960	0	142.520	0	0	
0	[SLAMPOS]	0	-86.280	342.750	0	142.550	0	0	
0	[SLAMPOS]	0	-86.120	342.540	0	142.550	0	0	
0	[SLAMPOS]	0	-86.080	342.490	0	142.560	0	0	
0	[SLAMPOS]	0	-85.920	342.270	0	142.570	0	0	
0	[SLAMPOS]	0	-85.790	342.090	0	142.580	0	0	
0	[SLAMPOS]	0	-85.620	341.860	0	142.610	0	0	
0	[SLAMPOS]	0	-85.470	341.650	0	142.640	0	0	
0	[SLAMPOS]	0	-85.400	341.560	0	142.640	0	0	
0	[SLAMPOS]	0	-85.340	341.460	0	142.660	0	0	
0	[SLAMPOS]	0	-85.090	341.120	0	142.680	0	0	
0	[SLAMPOS]	0	-84.920	340.880	0	142.690	0	0	
0	[SLAMPOS]	0	-84.870	340.820	0	142.700	0	0	
0	[SLAMPOS]	0	-84.700	340.580	0	142.720	0	0	
0	[SLAMPOS]	0	-84.650	340.510	0	142.720	0	0	
0	[SLAMPOS]	0	-84.470	340.270	0	142.740	0	0	
0	[SLAMPOS]	0	-84.300	340.050	0	142.770	0	0	
0	[SLAMPOS]	0	-84.240	339.950	0	142.770	0	0	
0	[SLAMPOS]	0	-83.960	339.570	0	142.800	0	0	
0	[SLAMPOS]	0	-83.880	339.460	0	142.800	0	0	
0	[SLAMPOS]	0	-83.710	339.230	0	142.810	0	0	
0	[SLAMPOS]	0	-83.520	338.960	0	142.820	0	0	
0	[SLAMPOS]	0	-83.440	338.850	0	142.830	0	0	
0	[SLAMPOS]	0	-83.260	338.610	0	142.850	0	0	
0	[SLAMPOS]	0	-83.050	338.310	0	142.860	0	0	
0	[SLAMPOS]	0	-83.000	338.250	0	142.860	0	0	
0	[SLAMPOS]	0	-82.790	337.960	0	142.870	0	0	
0	[SLAMPOS]	0	-82.730	337.880	0	142.870	0	0	
0	[SLAMPOS]	0	-82.520	337.590	0	142.900	0	0	
0	[SLAMPOS]	0	-82.330	337.320	0	142.900	0	0	
0	[SLAMPOS]	0	-82.250	337.210	0	142.890	0	0	
0	[SLAMPOS]	0	-81.940	336.780	0	142.900	0	0	
0	[SLAMPOS]	0	-81.840	336.650	0	142.910	0	0	
0	[SLAMPOS]	0	-81.620	336.340	0	142.900	0	0	
0	[SLAMPOS]	0	-81.420	336.070	0	142.900	0	0	
0	[SLAMPOS]	0	-81.190	335.750	0	142.880	0	0	
0	[SLAMPOS]	0	-81.130	335.670	0	142.880	0	0	
0	[SLAMPOS]	0	-80.900	335.350	0	142.890	0	0	
0	[SLAMPOS]	0	-80.840	335.260	0	142.890	0	0	
0	[SLAMPOS]	0	-80.600	334.940	0	142.890	0	0	
0	[SLAMPOS]	0	-80.390	334.650	0	142.890	0	0	
0	[SLAMPOS]	0	-80.300	334.520	0	142.900	0	0	
0	[SLAMPOS]	0	-80.030	334.150	0	142.890	0	0	
0	[SLAMPOS]	0	-79.830	333.880	0	142.890	0	0	
0	[SLAMPOS]	0	-79.610	333.580	0	142.890	0	0	
0	[SLAMPOS]	0	-79.350	333.220	0	142.890	0	0	
0	[SLAMPOS]	0	-79.100	332.860	0	142.900	0	0	
0	[SLAMPOS]	0	-79.030	332.770	0	142.900	0	0	
0	[SLAMPOS]	0	-78.770	332.410	0	142.910	0	0	
0	[SLAMPOS]	0	-78.690	332.310	0	142.910	0	0	
0	[SLAMPOS]	0	-78.420	331.920	0	142.900	0	0	
0	[SLAMPOS]	0	-78.350	331.830	0	142.900	0	0	
0	[SLAMPOS]	0	-78.070	331.440	0	142.920	0	0	
0	[SLAMPOS]	0	-77.830	331.110	0	142.920	0	0	
0	[SLAMPOS]	0	-77.550	330.730	0	142.930	0	0	
0	[SLAMPOS]	0	-77.440	330.570	0	142.920	0	0	
0	[SLAMPOS]	0	-77.020	330.000	0	142.900	0	0	
0	[SLAMPOS]	0	-76.890	329.810	0	142.890	0	0	
0	[SLAMPOS]	0	-76.650	329.500	0	142.870	0	0	
0	[SLAMPOS]	0	-76.540	329.340	0	142.870	0	0	
0	[SLAMPOS]	0	-76.290	329.000	0	142.870	0	0	
0	[SLAMPOS]	0	-76.010	328.600	0	142.840	0	0	
0	[SLAMPOS]	0	-75.930	328.500	0	142.840	0	0	
0	[SLAMPOS]	0	-75.660	328.120	0	142.800	0	0	
0	[SLAMPOS]	0	-75.420	327.800	0	142.770	0	0	
0	[SLAMPOS]	0	-75.320	327.660	0	142.760	0	0	
0	[SLAMPOS]	0	-75.040	327.280	0	142.750	0	0	
0	[SLAMPOS]	0	-74.790	326.930	0	142.730	0	0	
0	[SLAMPOS]	0	-74.690	326.800	0	142.730	0	0	
0	[SLAMPOS]	0	-74.270	326.230	0	142.680	0	0	
0	[SLAMPOS]	0	-74.190	326.110	0	142.670	0	0	
0	[SLAMPOS]	0	-73.950	325.780	0	142.650	0	0	
0	[SLAMPOS]	0	-73.670	325.410	0	142.630	0	0	
0	[SLAMPOS]	0	-73.600	325.320	0	142.620	0	0	
0	[SLAMPOS]	0	-73.340	324.950	0	142.610	0	0	
0	[SLAMPOS]	0	-73.080	324.590	0	142.580	0	0	
0	[SLAMPOS]	0	-72.990	324.480	0	142.570	0	0	
0	[SLAMPOS]	0	-72.730	324.140	0	142.550	0	0	
0	[SLAMPOS]	0	-72.500	323.830	0	142.530	0	0	
0	[SLAMPOS]	0	-72.390	323.680	0	142.530	0	0	
0	[SLAMPOS]	0	-72.000	323.140	0	142.490	0	0	
0	[SLAMPOS]	0	-71.910	323.030	0	142.490	0	0	
0	[SLAMPOS]	0	-71.690	322.730	0	142.470	0	0	
0	[SLAMPOS]	0	-71.440	322.370	0	142.460	0	0	
0	[SLAMPOS]	0	-71.330	322.230	0	142.450	0	0	
0	[SLAMPOS]	0	-71.110	321.930	0	142.430	0	0	
0	[SLAMPOS]	0	-70.870	321.600	0	142.400	0	0	
0	[SLAMPOS]	0	-70.800	321.500	0	142.390	0	0	
0	[SLAMPOS]	0	-70.540	321.150	0	142.390	0	0	
0	[SLAMPOS]	0	-70.460	321.040	0	142.380	0	0	
0	[SLAMPOS]	0	-70.210	320.710	0	142.360	0	0	
0	[SLAMPOS]	0	-69.990	320.410	0	142.350	0	0	
0	[SLAMPOS]	0	-69.890	320.270	0	142.350	0	0	
0	[SLAMPOS]	0	-69.510	319.760	0	142.310	0	0	
0	[SLAMPOS]	0	-69.390	319.600	0	142.300	0	0	
0	[SLAMPOS]	0	-69.180	319.320	0	142.280	0	0	
0	[SLAMPOS]	0	-68.930	318.980	0	142.260	0	0	
0	[SLAMPOS]	0	-68.820	318.830	0	142.250	0	0	
0	[SLAMPOS]	0	-68.600	318.530	0	142.230	0	0	
0	[SLAMPOS]	0	-68.340	318.190	0	142.210	0	0	
0	[SLAMPOS]	0	-68.280	318.110	0	142.210	0	0	
0	[SLAMPOS]	0	-68.030	317.760	0	142.200	0	0	
0	[SLAMPOS]	0	-67.800	317.460	0	142.210	0	0	
0	[SLAMPOS]	0	-67.700	317.330	0	142.200	0	0	
0	[SLAMPOS]	0	-67.310	316.820	0	142.230	0	0	
0	[SLAMPOS]	0	-67.230	316.690	0	142.240	0	0	
0	[SLAMPOS]	0	-67.120	316.540	0	142.250	0	0	
0	[SLAMPOS]	0	-66.740	316.040	0	142.270	0	0	
0	[SLAMPOS]	0	-66.640	315.890	0	142.280	0	0	
0	[SLAMPOS]	0	-66.420	315.590	0	142.320	0	0	
0	[SLAMPOS]	0	-66.180	315.260	0	142.350	0	0	
0	[SLAMPOS]	0	-66.100	315.160	0	142.360	0	0	
0	[SLAMPOS]	0	-65.860	314.830	0	142.370	0	0	
0	[SLAMPOS]	0	-65.790	314.740	0	142.380	0	0	
0	[SLAMPOS]	0	-65.530	314.390	0	142.380	0	0	
0	[SLAMPOS]	0	-65.160	313.890	0	142.430	0	0	
0	[SLAMPOS]	0	-65.060	313.760	0	142.440	0	0	
0	[SLAMPOS]	0	-64.960	313.610	0	142.450	0	0	
0	[SLAMPOS]	0	-64.600	313.130	0	142.480	0	0	
0	[SLAMPOS]	0	-64.530	313.040	0	142.490	0	0	
0	[SLAMPOS]	0	-64.280	312.700	0	142.500	0	0	
0	[SLAMPOS]	0	-64.220	312.610	0	142.500	0	0	
0	[SLAMPOS]	0	-63.940	312.240	0	142.520	0	0	
0	[SLAMPOS]	0	-63.700	311.900	0	142.550	0	0	
0	[SLAMPOS]	0	-63.630	311.810	0	142.560	0	0	
0	[SLAMPOS]	0	-63.380	311.470	0	142.580	0	0	
0	[SLAMPOS]	0	-63.160	311.170	0	142.600	0	0	
0	[SLAMPOS]	0	-63.060	311.040	0	142.600	0	0	
0	[SLAMPOS]	0	-62.810	310.690	0	142.620	0	0	
0	[SLAMPOS]	0	-62.580	310.380	0	142.650	0	0	
0	[SLAMPOS]	0	-62.490	310.260	0	142.650	0	0	
0	[SLAMPOS]	0	-62.110	309.740	0	142.670	0	0	
0	[SLAMPOS]	0	-62.010	309.610	0	142.680	0	0	
0	[SLAMPOS]	0	-61.800	309.310	0	142.700	0	0	
0	[SLAMPOS]	0	-61.540	308.950	0	142.740	0	0	
0	[SLAMPOS]	0	-61.490	308.880	0	142.740	0	0	
0	[SLAMPOS]	0	-61.240	308.540	0	142.770	0	0	
0	[SLAMPOS]	0	-61.170	308.450	0	142.780	0	0	
0	[SLAMPOS]	0	-60.920	308.100	0	142.790	0	0	
0	[SLAMPOS]	0	-60.680	307.760	0	142.820	0	0	
0	[SLAMPOS]	0	-60.610	307.660	0	142.830	0	0	
0	[SLAMPOS]	0	-60.350	307.310	0	142.850	0	0	
0	[SLAMPOS]	0	-60.130	307.010	0	142.870	0	0	
0	[SLAMPOS]	0	-59.880	306.670	0	142.880	0	0	
0	[SLAMPOS]	0	-59.760	306.490	0	142.870	0	0	
0	[SLAMPOS]	0	-59.530	306.190	0	142.870	0	0	
0	[SLAMPOS]	0	-59.430	306.060	0	142.860	0	0	
0	[SLAMPOS]	0	-59.050	305.520	0	142.870	0	0	
0	[SLAMPOS]	0	-58.950	305.380	0	142.870	0	0	
0	[SLAMPOS]	0	-58.730	305.080	0	142.860	0	0	
0	[SLAMPOS]	0	-58.470	304.710	0	142.840	0	0	
0	[SLAMPOS]	0	-58.410	304.630	0	142.840	0	0	
0	[SLAMPOS]	0	-58.120	304.250	0	142.790	0	0	
0	[SLAMPOS]	0	-57.870	303.920	0	142.770	0	0	
0	[SLAMPOS]	0	-57.770	303.780	0	142.770	0	0	
0	[SLAMPOS]	0	-57.360	303.230	0	142.740	0	0	
0	[SLAMPOS]	0	-57.250	303.070	0	142.740	0	0	
0	[SLAMPOS]	0	-57.150	302.920	0	142.750	0	0	
0	[SLAMPOS]	0	-56.720	302.350	0	142.710	0	0	
0	[SLAMPOS]	0	-56.610	302.200	0	142.710	0	0	
0	[SLAMPOS]	0	-56.360	301.860	0	142.690	0	0	
0	[SLAMPOS]	0	-56.080	301.470	0	142.680	0	0	
0	[SLAMPOS]	0	-56.000	301.360	0	142.670	0	0	
0	[SLAMPOS]	0	-55.700	300.970	0	142.640	0	0	
0	[SLAMPOS]	0	-55.620	300.860	0	142.640	0	0	
0	[SLAMPOS]	0	-55.310	300.420	0	142.640	0	0	
0	[SLAMPOS]	0	-55.030	300.030	0	142.630	0	0	
0	[SLAMPOS]	0	-54.960	299.950	0	142.630	0	0	
0	[SLAMPOS]	0	-54.670	299.550	0	142.620	0	0	
0	[SLAMPOS]	0	-54.400	299.190	0	142.640	0	0	
0	[SLAMPOS]	0	-54.290	299.040	0	142.640	0	0	
0	[SLAMPOS]	0	-53.850	298.430	0	142.670	0	0	
0	[SLAMPOS]	0	-53.550	298.000	0	142.700	0	0	
0	[SLAMPOS]	0	-53.470	297.900	0	142.700	0	0	
0	[SLAMPOS]	0	-53.160	297.470	0	142.690	0	0	
0	[SLAMPOS]	0	-53.090	297.380	0	142.690	0	0	
0	[SLAMPOS]	0	-52.780	296.950	0	142.670	0	0	
0	[SLAMPOS]	0	-52.510	296.580	0	142.670	0	0	
0	[SLAMPOS]	0	-52.400	296.430	0	142.670	0	0	
0	[SLAMPOS]	0	-52.100	296.020	0	142.670	0	0	
0	[SLAMPOS]	0	-51.830	295.650	0	142.680	0	0	
0	[SLAMPOS]	0	-51.730	295.510	0	142.670	0	0	
0	[SLAMPOS]	0	-51.270	294.910	0	142.660	0	0	
0	[SLAMPOS]	0	-51.160	294.760	0	142.660	0	0	
0	[SLAMPOS]	0	-50.890	294.390	0	142.680	0	0	
0	[SLAMPOS]	0	-50.600	293.990	0	142.690	0	0	
0	[SLAMPOS]	0	-50.520	293.880	0	142.690	0	0	
0	[SLAMPOS]	0	-50.220	293.470	0	142.700	0	0	
0	[SLAMPOS]	0	-49.930	293.060	0	142.730	0	0	
0	[SLAMPOS]	0	-49.840	292.950	0	142.740	0	0	
0	[SLAMPOS]	0	-49.560	292.540	0	142.750	0	0	
0	[SLAMPOS]	0	-49.480	292.430	0	142.760	0	0	
0	[SLAMPOS]	0	-49.190	292.050	0	142.740	0	0	
0	[SLAMPOS]	0	-48.750	291.440	0	142.760	0	0	
0	[SLAMPOS]	0	-48.640	291.270	0	142.780	0	0	
0	[SLAMPOS]	0	-48.380	290.940	0	142.780	0	0	
0	[SLAMPOS]	0	-48.090	290.530	0	142.790	0	0	
0	[SLAMPOS]	0	-48.010	290.430	0	142.800	0	0	
0	[SLAMPOS]	0	-47.720	290.030	0	142.810	0	0	
0	[SLAMPOS]	0	-47.410	289.610	0	142.830	0	0	
0	[SLAMPOS]	0	-47.360	289.530	0	142.830	0	0	
0	[SLAMPOS]	0	-47.070	289.140	0	142.850	0	0	
0	[SLAMPOS]	0	-46.990	289.020	0	142.850	0	0	
0	[SLAMPOS]	0	-46.710	288.640	0	142.860	0	0	
0	[SLAMPOS]	0	-46.470	288.300	0	142.870	0	0	
0	[SLAMPOS]	0	-46.360	288.150	0	142.880	0	0	
0	[SLAMPOS]	0	-45.940	287.570	0	142.910	0	0	
0	[SLAMPOS]	0	-45.830	287.420	0	142.910	0	0	
0	[SLAMPOS]	0	-45.570	287.070	0	142.890	0	0	
0	[SLAMPOS]	0	-45.290	286.680	0	142.860	0	0	
0	[SLAMPOS]	0	-45.220	286.580	0	142.840	0	0	
0	[SLAMPOS]	0	-44.950	286.210	0	142.810	0	0	
0	[SLAMPOS]	0	-44.700	285.870	0	142.770	0	0	
0	[SLAMPOS]	0	-44.570	285.690	0	142.740	0	0	
0	[SLAMPOS]	0	-44.290	285.300	0	142.680	0	0	
0	[SLAMPOS]	0	-44.030	284.960	0	142.610	0	0	
0	[SLAMPOS]	0	-43.930	284.820	0	142.600	0	0	
0	[SLAMPOS]	0	-43.510	284.250	0	142.520	0	0	
0	[SLAMPOS]	0	-43.400	284.100	0	142.500	0	0	
0	[SLAMPOS]	0	-43.140	283.750	0	142.450	0	0	
0	[SLAMPOS]	0	-42.860	283.380	0	142.380	0	0	
0	[SLAMPOS]	0	-42.790	283.290	0	142.370	0	0	
0	[SLAMPOS]	0	-42.510	282.900	0	142.310	0	0	
0	[SLAMPOS]	0	-42.220	282.510	0	142.280	0	0	
0	[SLAMPOS]	0	-42.150	282.410	0	142.290	0	0	
0	[SLAMPOS]	0	-41.860	282.030	0	142.260	0	0	
0	[SLAMPOS]	0	-41.780	281.920	0	142.270	0	0	
0	[SLAMPOS]	0	-41.500	281.550	0	142.250	0	0	
0	[SLAMPOS]	0	-41.250	281.220	0	142.270	0	0	
0	[SLAMPOS]	0	-40.970	280.830	0	142.300	0	0	
0	[SLAMPOS]	0	-40.730	280.510	0	142.310	0	0	
0	[SLAMPOS]	0	-40.460	280.130	0	142.330	0	0	
0	[SLAMPOS]	0	-40.390	280.040	0	142.340	0	0	
0	[SLAMPOS]	0	-40.110	279.670	0	142.330	0	0	
0	[SLAMPOS]	0	-39.830	279.290	0	142.340	0	0	
0	[SLAMPOS]	0	-39.760	279.190	0	142.330	0	0	
0	[SLAMPOS]	0	-39.480	278.820	0	142.340	0	0	
0	[SLAMPOS]	0	-39.400	278.710	0	142.330	0	0	
0	[SLAMPOS]	0	-39.120	278.330	0	142.320	0	0	
0	[SLAMPOS]	0	-38.860	277.990	0	142.310	0	0	
0	[SLAMPOS]	0	-38.760	277.840	0	142.320	0	0	
0	[SLAMPOS]	0	-38.340	277.280	0	142.320	0	0	
0	[SLAMPOS]	0	-38.220	277.130	0	142.310	0	0	
0	[SLAMPOS]	0	-38.100	276.960	0	142.310	0	0	
0	[SLAMPOS]	0	-37.690	276.410	0	142.290	0	0	
0	[SLAMPOS]	0	-37.590	276.270	0	142.290	0	0	
0	[SLAMPOS]	0	-37.340	275.940	0	142.280	0	0	
0	[SLAMPOS]	0	-37.060	275.550	0	142.290	0	0	
0	[SLAMPOS]	0	-36.990	275.460	0	142.290	0	0	
0	[SLAMPOS]	0	-36.670	275.030	0	142.280	0	0	
0	[SLAMPOS]	0	-36.610	274.960	0	142.290	0	0	
0	[SLAMPOS]	0	-36.330	274.580	0	142.280	0	0	
0	[SLAMPOS]	0	-36.080	274.240	0	142.300	0	0	
0	[SLAMPOS]	0	-35.970	274.100	0	142.300	0	0	
0	[SLAMPOS]	0	-35.690	273.720	0	142.320	0	0	
0	[SLAMPOS]	0	-35.450	273.390	0	142.330	0	0	
0	[SLAMPOS]	0	-35.360	273.260	0	142.330	0	0	
0	[SLAMPOS]	0	-34.940	272.690	0	142.360	0	0	
0	[SLAMPOS]	0	-34.670	272.320	0	142.380	0	0	
0	[SLAMPOS]	0	-34.590	272.220	0	142.390	0	0	
0	[SLAMPOS]	0	-34.320	271.870	0	142.390	0	0	
0	[SLAMPOS]	0	-34.250	271.770	0	142.400	0	0	
0	[SLAMPOS]	0	-33.980	271.400	0	142.400	0	0	
0	[SLAMPOS]	0	-33.720	271.050	0	142.420	0	0	
0	[SLAMPOS]	0	-33.650	270.950	0	142.420	0	0	
0	[SLAMPOS]	0	-33.380	270.590	0	142.440	0	0	
0	[SLAMPOS]	0	-33.150	270.280	0	142.450	0	0	
0	[SLAMPOS]	0	-33.060	270.140	0	142.460	0	0	
0	[SLAMPOS]	0	-32.660	269.620	0	142.450	0	0	
0	[SLAMPOS]	0	-32.570	269.490	0	142.460	0	0	
0	[SLAMPOS]	0	-32.360	269.190	0	142.470	0	0	
0	[SLAMPOS]	0	-32.100	268.850	0	142.460	0	0	
0	[SLAMPOS]	0	-32.030	268.760	0	142.450	0	0	
0	[SLAMPOS]	0	-31.780	268.420	0	142.440	0	0	
0	[SLAMPOS]	0	-31.710	268.330	0	142.440	0	0	
0	[SLAMPOS]	0	-31.460	267.990	0	142.430	0	0	
0	[SLAMPOS]	0	-31.220	267.660	0	142.420	0	0	
0	[SLAMPOS]	0	-31.000	267.360	0	142.420	0	0	
0	[SLAMPOS]	0	-30.920	267.250	0	142.420	0	0	
0	[SLAMPOS]	0	-30.550	266.760	0	142.400	0	0	
0	[SLAMPOS]	0	-30.450	266.630	0	142.400	0	0	
0	[SLAMPOS]	0	-30.340	266.470	0	142.400	0	0	
0	[SLAMPOS]	0	-30.130	266.190	0	142.390	0	0	
0	[SLAMPOS]	0	-30.050	266.080	0	142.390	0	0	
0	[SLAMPOS]	0	-29.710	265.610	0	142.390	0	0	
0	[SLAMPOS]	0	-29.510	265.340	0	142.380	0	0	
0	[SLAMPOS]	0	-29.420	265.220	0	142.380	0	0	
0	[SLAMPOS]	0	-29.240	264.980	0	142.370	0	0	
0	[SLAMPOS]	0	-29.180	264.900	0	142.370	0	0	
0	[SLAMPOS]	0	-28.960	264.600	0	142.360	0	0	
0	[SLAMPOS]	0	-28.720	264.280	0	142.370	0	0	
0	[SLAMPOS]	0	-28.700	264.250	0	142.370	0	0	
0	[SLAMPOS]	0	-28.380	263.830	0	142.360	0	0	
0	[SLAMPOS]	0	-28.310	263.720	0	142.360	0	0	
0	[SLAMPOS]	0	-28.220	263.620	0	142.350	0	0	
0	[SLAMPOS]	0	-27.930	263.220	0	142.350	0	0	
0	[SLAMPOS]	0	-27.860	263.100	0	142.350	0	0	
0	[SLAMPOS]	0	-27.680	262.870	0	142.350	0	0	
0	[SLAMPOS]	0	-27.480	262.600	0	142.350	0	0	
0	[SLAMPOS]	0	-27.430	262.530	0	142.360	0	0	
0	[SLAMPOS]	0	-27.230	262.260	0	142.350	0	0	
0	[SLAMPOS]	0	-27.180	262.190	0	142.360	0	0	
0	[SLAMPOS]	0	-26.990	261.930	0	142.370	0	0	
0	[SLAMPOS]	0	-26.830	261.720	0	142.400	0	0	
0	[SLAMPOS]	0	-26.750	261.610	0	142.410	0	0	
0	[SLAMPOS]	0	-26.570	261.370	0	142.430	0	0	
0	[SLAMPOS]	0	-26.410	261.160	0	142.460	0	0	
0	[SLAMPOS]	0	-26.240	260.920	0	142.490	0	0	
0	[SLAMPOS]	0	-26.090	260.720	0	142.530	0	0	
0	[SLAMPOS]	0	-25.920	260.490	0	142.540	0	0	
0	[SLAMPOS]	0	-25.880	260.430	0	142.550	0	0	
0	[SLAMPOS]	0	-25.730	260.220	0	142.580	0	0	
0	[SLAMPOS]	0	-25.560	259.990	0	142.610	0	0	
0	[SLAMPOS]	0	-25.520	259.940	0	142.620	0	0	
0	[SLAMPOS]	0	-25.380	259.750	0	142.640	0	0	
0	[SLAMPOS]	0	-25.340	259.700	0	142.640	0	0	
0	[SLAMPOS]	0	-25.210	259.520	0	142.680	0	0	
0	[SLAMPOS]	0	-25.090	259.350	0	142.700	0	0	
0	[SLAMPOS]	0	-25.040	259.280	0	142.710	0	0	
0	[SLAMPOS]	0	-24.860	259.040	0	142.740	0	0	
0	[SLAMPOS]	0	-24.820	258.990	0	142.750	0	0	
0	[SLAMPOS]	0	-24.740	258.860	0	142.770	0	0	
0	[SLAMPOS]	0	-24.620	258.700	0	142.800	0	0	
0	[SLAMPOS]	0	-24.580	258.640	0	142.800	0	0	
0	[SLAMPOS]	0	-24.520	258.580	0	142.810	0	0	
0	[SLAMPOS]	0	-24.460	258.480	0	142.830	0	0	
0	[SLAMPOS]	0	-24.430	258.440	0	142.840	0	0	
0	[SLAMPOS]	0	-24.370	258.360	0	142.850	0	0	
0	[SLAMPOS]	0	-24.350	258.330	0	142.860	0	0	
0	[SLAMPOS]	0	-24.290	258.260	0	142.870	0	0	
0	[SLAMPOS]	0	-24.250	258.190	0	142.870	0	0	
0	[SLAMPOS]	0	-24.230	258.170	0	142.880	0	0	
0	[SLAMPOS]	0	-24.190	258.120	0	142.890	0	0	
0	[SLAMPOS]	0	-24.150	258.070	0	142.910	0	0	
0	[SLAMPOS]	0	-24.140	258.050	0	142.910	0	0	
0	[SLAMPOS]	0	-24.100	257.990	0	142.920	0	0	
0	[SLAMPOS]	0	-24.090	257.980	0	142.910	0	0	
0	[SLAMPOS]	0	-24.080	257.950	0	142.920	0	0	
0	[SLAMPOS]	0	-24.060	257.940	0	142.930	0	0	
0	[SLAMPOS]	0	-24.060	257.930	0	142.930	0	0	
0	[SLAMPOS]	0	-24.060	257.930	0	142.930	0	0	
0	[SLAMPOS]	0	-24.050	257.920	0	142.930	0	0	
0	[SLAMPOS]	0	-24.060	257.930	0	142.930	0	0	
0	[SLAMPOS]	0	-24.070	257.940	0	142.940	0	0	
0	[SLAMPOS]	0	-24.070	257.940	0	142.940	0	0	
0	[SLAMPOS]	0	-24.080	257.950	0	142.940	0	0	
0	[SLAMPOS]	0	-24.090	257.950	0	142.940	0	0	
0	[SLAMPOS]	0	-24.100	257.960	0	142.940	0	0	
0	[SLAMPOS]	0	-24.090	257.970	0	142.940	0	0	
0	[SLAMPOS]	0	-24.090	257.960	0	142.940	0	0	
0	[SLAMPOS]	0	-24.090	257.960	0	142.940	0	0	
0	[SLAMPOS]	0	-24.080	257.950	0	142.940	0	0	
0	[SLAMPOS]	0	-24.080	257.950	0	142.940	0	0	
0	[SLAMPOS]	0	-24.080	257.940	0	142.940	0	0	
0	[SLAMPOS]	0	-24.080	257.940	0	142.940	0	0	
0	[SLAMPOS]	0	-24.070	257.940	0	142.940	0	0	
0	[SLAMPOS]	0	-24.070	257.940	0	142.940	0	0	
0	[SLAMPOS]	0	-24.070	257.940	0	142.940	0	0	
0	[SLAMPOS]	0	-24.070	257.930	0	142.940	0	0	
0	[SLAMPOS]	0	-24.070	257.940	0	142.940	0	0	
0	[SLAMPOS]	0	-24.060	257.950	0	142.940	0	0	
0	[SLAMPOS]	0	-24.060	257.950	0	142.940	0	0	
0	[SLAMPOS]	0	-24.060	257.960	0	142.940	0	0	
0	[SLAMPOS]	0	-24.060	257.960	0	142.940	0	0	
0	[SLAMPOS]	0	-24.060	257.960	0	142.940	0	0	
0	[SLAMPOS]	0	-24.060	257.960	0	142.940	0	0	
0	[SLAMPOS]	0	-24.060	257.960	0	142.940	0	0	
0	[SLAMPOS]	0	-24.070	257.960	0	142.940	0	0	
0	[SLAMPOS]	0	-24.070	257.960	0	142.940	0	0	
0	[SLAMPOS]	0	-24.070	257.960	0	142.940	0	0	
0	[SLAMPOS]	0	-24.070	257.960	0	142.940	0	0	
0	[SLAMPOS]	0	-24.070	257.960	0	142.940	0	0	
0	[SLAMPOS]	0	-24.070	257.960	0	142.940	0	0	
0	[SLAMPOS]	0	-24.070	257.960	0	142.940	0	0	
0	[SLAMPOS]	0	-24.070	257.960	0	142.940	0	0	
0	[SLAMPOS]	0	-24.070	257.960	0	142.940	0	0	
0	[SLAMPOS]	0	-24.070	257.960	0	142.940	0	0	
0	[SLAMPOS]	0	-24.070	257.960	0	142.940	0	0	
0	[SLAMPOS]	0	-24.070	257.960	0	142.950	0	0	
0	[SLAMPOS]	0	-24.070	257.960	0	142.950	0	0	
0	[SLAMPOS]	0	-24.070	257.960	0	142.940	0	0	
0	[SLAMPOS]	0	-24.070	257.960	0	142.940	0	0	
0	[SLAMPOS]	0	-24.070	257.960	0	142.950	0	0	
0	[SLAMPOS]	0	-24.070	257.960	0	142.950	0	0	
0	[SLAMPOS]	0	-24.070	257.970	0	142.940	0	0	
0	[SLAMPOS]	0	-24.070	257.970	0	142.940	0	0	
0	[SLAMPOS]	0	-24.070	257.970	0	142.940	0	0	
0	[SLAMPOS]	0	-24.070	257.970	0	142.940	0	0	
0	[SLAMPOS]	0	-24.070	257.970	0	142.940	0	0	
0	[SLAMPOS]	0	-24.070	257.970	0	142.940	0	0	
0	[SLAMPOS]	0	-24.070	257.970	0	142.940	0	0	
0	[SLAMPOS]	0	-24.070	257.960	0	142.940	0	0	
0	[SLAMPOS]	0	-24.070	257.970	0	142.940	0	0	
0	[SLAMPOS]	0	-24.070	257.970	0	142.940	0	0	
0	[SLAMPOS]	0	-24.070	257.970	0	142.950	0	0	
0	[SLAMPOS]	0	-24.070	257.970	0	142.950	0	0	
0	[SLAMPOS]	0	-24.070	257.970	0	142.950	0	0	
0	[SLAMPOS]	0	-24.070	257.970	0	142.950	0	0	
0	[SLAMPOS]	0	-24.070	257.970	0	142.940	0	0	
0	[SLAMPOS]	0	-24.070	257.970	0	142.940	0	0	
0	[SLAMPOS]	0	-24.070	257.970	0	142.940	0	0	
0	[SLAMPOS]	0	-24.070	257.970	0	142.940	0	0	
0	[SLAMPOS]	0	-24.070	257.970	0	142.940	0	0	
0	[SLAMPOS]	0	-24.070	257.970	0	142.940	0	0	
0	[SLAMPOS]	0	-24.070	257.970	0	142.940	0	0	
0	[SLAMPOS]	0	-24.070	257.970	0	142.950	0	0	
0	[SLAMPOS]	0	-24.070	257.970	0	142.940	0	0	
0	[SLAMPOS]	0	-24.070	257.970	0	142.940	0	0	
0	[SLAMPOS]	0	-24.070	257.970	0	142.940	0	0	
0	[SLAMPOS]	0	-24.080	257.970	0	142.940	0	0	
0	[SLAMPOS]	0	-24.080	257.970	0	142.940	0	0	
0	[SLAMPOS]	0	-24.070	257.970	0	142.940	0	0	
0	[SLAMPOS]	0	-24.070	257.970	0	142.940	0	0	
0	[SLAMPOS]	0	-24.080	257.970	0	142.940	0	0	
0	[SLAMPOS]	0	-24.080	257.970	0	142.940	0	0	
0	[SLAMPOS]	0	-24.080	257.970	0	142.940	0	0	
0	[SLAMPOS]	0	-24.070	257.970	0	142.940	0	0	
0	[SLAMPOS]	0	-24.070	257.970	0	142.940	0	0	
0	[SLAMPOS]	0	-24.080	257.970	0	142.940	0	0	
0	[SLAMPOS]	0	-24.080	257.970	0	142.930	0	0	
0	[SLAMPOS]	0	-24.080	257.970	0	142.940	0	0	
0	[SLAMPOS]	0	-24.080	257.970	0	142.940	0	0	
0	[SLAMPOS]	0	-24.080	257.970	0	142.940	0	0	
0	[SLAMPOS]	0	-24.080	257.970	0	142.940	0	0	
0	[SLAMPOS]	0	-24.070	257.970	0	142.940	0	0	
0	[SLAMPOS]	0	-24.070	257.970	0	142.940	0	0	
0	[SLAMPOS]	0	-24.070	257.970	0	142.940	0	0	
0	[SLAMPOS]	0	-24.070	257.970	0	142.940	0	0	
0	[SLAMPOS]	0	-24.070	257.970	0	142.940	0	0	
0	[SLAMPOS]	0	-24.070	257.970	0	142.940	0	0	
0	[SLAMPOS]	0	-24.070	257.970	0	142.940	0	0	
0	[SLAMPOS]	0	-24.070	257.970	0	142.940	0	0	
0	[SLAMPOS]	0	-24.070	257.970	0	142.950	0	0	
0	[SLAMPOS]	0	-24.070	257.970	0	142.940	0	0	
0	[SLAMPOS]	0	-24.070	257.970	0	142.940	0	0	
0	[SLAMPOS]	0	-24.070	257.970	0	142.940	0	0	
0	[SLAMPOS]	0	-24.070	257.970	0	142.940	0	0	
0	[SLAMPOS]	0	-24.070	257.970	0	142.940	0	0	
0	[SLAMPOS]	0	-24.080	257.970	0	142.940	0	0	
0	[SLAMPOS]	0	-24.080	257.970	0	142.940	0	0	
0	[SLAMPOS]	0	-24.080	257.960	0	142.940	0	0	
0	[SLAMPOS]	0	-24.080	257.960	0	142.940	0	0	
0	[SLAMPOS]	0	-24.080	257.960	0	142.940	0	0	
0	[SLAMPOS]	0	-24.080	257.960	0	142.940	0	0	
0	[SLAMPOS]	0	-24.080	257.960	0	142.940	0	0	
0	[SLAMPOS]	0	-24.080	257.970	0	142.940	0	0	
0	[SLAMPOS]	0	-24.080	257.970	0	142.940	0	0	
0	[SLAMPOS]	0	-24.080	257.970	0	142.940	0	0	
0	[SLAMPOS]	0	-24.080	257.970	0	142.940	0	0	
0	[SLAMPOS]	0	-24.080	257.970	0	142.940	0	0	
0	[SLAMPOS]	0	-24.080	257.970	0	142.930	0	0	
0	[SLAMPOS]	0	-24.070	257.970	0	142.930	0	0	
0	[SLAMPOS]	0	-24.070	257.970	0	142.930	0	0	
0	[SLAMPOS]	0	-24.080	257.970	0	142.930	0	0	
0	[SLAMPOS]	0	-24.080	257.970	0	142.920	0	0	
0	[SLAMPOS]	0	-24.080	257.970	0	142.920	0	0	
0	[SLAMPOS]	0	-24.080	257.970	0	142.930	0	0	
0	[SLAMPOS]	0	-24.080	257.970	0	142.930	0	0	
0	[SLAMPOS]	0	-24.080	257.970	0	142.930	0	0	
0	[SLAMPOS]	0	-24.080	257.970	0	142.930	0	0	
0	[SLAMPOS]	0	-24.080	257.970	0	142.930	0	0	
0	[SLAMPOS]	0	-24.080	257.970	0	142.930	0	0	
0	[SLAMPOS]	0	-24.080	257.970	0	142.930	0	0	
0	[SLAMPOS]	0	-24.080	257.970	0	142.930	0	0	
0	[SLAMPOS]	0	-24.080	257.970	0	142.930	0	0	
0	[SLAMPOS]	0	-24.080	257.970	0	142.930	0	0	
0	[SLAMPOS]	0	-24.080	257.970	0	142.930	0	0	
0	[SLAMPOS]	0	-24.080	257.970	0	142.930	0	0	
0	[SLAMPOS]	0	-24.080	257.970	0	142.930	0	0	
0	[SLAMPOS]	0	-24.080	257.970	0	142.920	0	0	
0	[SLAMPOS]	0	-24.080	257.970	0	142.920	0	0	
0	[SLAMPOS]	0	-24.070	257.970	0	142.920	0	0	
0	[SLAMPOS]	0	-24.070	257.970	0	142.930	0	0	
0	[SLAMPOS]	0	-24.070	257.970	0	142.930	0	0	
0	[SLAMPOS]	0	-24.070	257.970	0	142.930	0	0	
0	[SLAMPOS]	0	-24.070	257.970	0	142.930	0	0	
0	[SLAMPOS]	0	-24.070	257.970	0	142.930	0	0	
0	[SLAMPOS]	0	-24.070	257.970	0	142.920	0	0	
0	[SLAMPOS]	0	-24.080	257.970	0	142.920	0	0	
0	[SLAMPOS]	0	-24.080	257.970	0	142.920	0	0	
0	[SLAMPOS]	0	-24.080	257.970	0	142.920	0	0	
0	[SLAMPOS]	0	-24.070	257.970	0	142.920	0	0	
0	[SLAMPOS]	0	-24.070	257.970	0	142.920	0	0	
0	[SLAMPOS]	0	-24.080	257.970	0	142.920	0	0	
0	[SLAMPOS]	0	-24.080	257.970	0	142.920	0	0	
0	[SLAMPOS]	0	-24.080	257.970	0	142.920	0	0	
0	[SLAMPOS]	0	-24.080	257.970	0	142.920	0	0	
0	[SLAMPOS]	0	-24.080	257.970	0	142.920	0	0	
0	[SLAMPOS]	0	-24.080	257.970	0	142.920	0	0	
0	[SLAMPOS]	0	-24.080	257.970	0	142.920	0	0	
0	[SLAMPOS]	0	-24.080	257.970	0	142.920	0	0	
0	[SLAMPOS]	0	-24.080	257.970	0	142.920	0	0	
0	[SLAMPOS]	0	-24.080	257.970	0	142.920	0	0	
0	[SLAMPOS]	0	-24.080	257.970	0	142.920	0	0	
0	[SLAMPOS]	0	-24.080	257.970	0	142.920	0	0	
0	[SLAMPOS]	0	-24.080	257.970	0	142.930	0	0	
0	[SLAMPOS]	0	-24.080	257.970	0	142.930	0	0	
0	[SLAMPOS]	0	-24.080	257.970	0	142.930	0	0	
0	[SLAMPOS]	0	-24.080	257.970	0	142.930	0	0	
0	[SLAMPOS]	0	-24.080	257.970	0	142.920	0	0	
0	[SLAMPOS]	0	-24.080	257.970	0	142.920	0	0	
0	[SLAMPOS]	0	-24.080	257.970	0	142.920	0	0	
0	[SLAMPOS]	0	-24.080	257.970	0	142.920	0	0	
0	[SLAMPOS]	0	-24.080	257.970	0	142.920	0	0	
0	[SLAMPOS]	0	-24.080	257.960	0	142.920	0	0	
0	[SLAMPOS]	0	-24.080	257.970	0	142.920	0	0	
0	[SLAMPOS]	0	-24.080	257.970	0	142.920	0	0	
0	[SLAMPOS]	0	-24.080	257.960	0	142.920	0	0	
0	[SLAMPOS]	0	-24.070	257.960	0	142.920	0	0	
0	[SLAMPOS]	0	-24.080	257.970	0	142.920	0	0	
0	[SLAMPOS]	0	-24.070	257.970	0	142.930	0	0	
0	[SLAMPOS]	0	-24.070	257.970	0	142.930	0	0	
0	[SLAMPOS]	0	-24.080	257.970	0	142.930	0	0	
0	[SLAMPOS]	0	-24.080	257.970	0	142.930	0	0	
0	[SLAMPOS]	0	-24.080	257.970	0	142.930	0	0	
0	[SLAMPOS]	0	-24.070	257.970	0	142.920	0	0	
0	[SLAMPOS]	0	-24.070	257.970	0	142.920	0	0	
0	[SLAMPOS]	0	-24.070	257.970	0	142.920	0	0	
0	[SLAMPOS]	0	-24.070	257.970	0	142.920	0	0	
0	[SLAMPOS]	0	-24.070	257.970	0	142.920	0	0	
0	[SLAMPOS]	0	-24.070	257.970	0	142.920	0	0	
0	[SLAMPOS]	0	-24.080	257.970	0	142.920	0	0	
0	[SLAMPOS]	0	-24.080	257.970	0	142.920	0	0	
0	[SLAMPOS]	0	-24.080	257.970	0	142.920	0	0	
0	[SLAMPOS]	0	-24.080	257.970	0	142.920	0	0	
0	[SLAMPOS]	0	-24.070	257.970	0	142.920	0	0	
0	[SLAMPOS]	0	-24.080	257.970	0	142.920	0	0	
0	[SLAMPOS]	0	-24.080	257.970	0	142.920	0	0	
0	[SLAMPOS]	0	-24.070	257.970	0	142.920	0	0	
0	[SLAMPOS]	0	-24.080	257.970	0	142.920	0	0	
0	[SLAMPOS]	0	-24.080	257.970	0	142.920	0	0	
0	[SLAMPOS]	0	-24.070	257.970	0	142.920	0	0	
0	[SLAMPOS]	0	-24.070	257.970	0	142.920	0	0	
0	[SLAMPOS]	0	-24.080	257.970	0	142.910	0	0	
0	[SLAMPOS]	0	-24.070	257.970	0	142.920	0	0	
0	[SLAMPOS]	0	-24.080	257.970	0	142.920	0	0	
0	[SLAMPOS]	0	-24.080	257.970	0	142.910	0	0	
0	[SLAMPOS]	0	-24.080	257.970	0	142.910	0	0	
0	[SLAMPOS]	0	-24.080	257.970	0	142.910	0	0	
0	[SLAMPOS]	0	-24.080	257.970	0	142.910	0	0	
0	[SLAMPOS]	0	-24.080	257.970	0	142.910	0	0	
0	[SLAMPOS]	0	-24.080	257.970	0	142.910	0	0	
0	[SLAMPOS]	0	-24.080	257.970	0	142.910	0	0	
0	[SLAMPOS]	0	-24.080	257.970	0	142.910	0	0	
0	[SLAMPOS]	0	-24.080	257.970	0	142.910	0	0	
0	[SLAMPOS]	0	-24.080	257.970	0	142.910	0	0	
0	[SLAMPOS]	0	-24.080	257.970	0	142.910	0	0	
0	[SLAMPOS]	0	-24.080	257.970	0	142.900	0	0	
0	[SLAMPOS]	0	-24.070	257.970	0	142.900	0	0	
0	[SLAMPOS]	0	-24.070	257.970	0	142.900	0	0	
0	[SLAMPOS]	0	-24.080	257.970	0	142.900	0	0	
0	[SLAMPOS]	0	-24.080	257.970	0	142.900	0	0	
0	[SLAMPOS]	0	-24.080	257.970	0	142.900	0	0	
0	[SLAMPOS]	0	-24.080	257.960	0	142.900	0	0	
0	[SLAMPOS]	0	-24.080	257.960	0	142.900	0	0	
0	[SLAMPOS]	0	-24.080	257.970	0	142.900	0	0	
0	[SLAMPOS]	0	-24.080	257.970	0	142.900	0	0	
0	[SLAMPOS]	0	-24.080	257.970	0	142.900	0	0	
0	[SLAMPOS]	0	-24.080	257.960	0	142.910	0	0	
0	[SLAMPOS]	0	-24.080	257.970	0	142.910	0	0	
0	[SLAMPOS]	0	-24.080	257.970	0	142.910	0	0	
0	[SLAMPOS]	0	-24.080	257.970	0	142.910	0	0	
0	[SLAMPOS]	0	-24.080	257.970	0	142.910	0	0	
0	[SLAMPOS]	0	-24.080	257.970	0	142.900	0	0	
0	[SLAMPOS]	0	-24.080	257.970	0	142.900	0	0	
0	[SLAMPOS]	0	-24.080	257.970	0	142.900	0	0	
0	[SLAMPOS]	0	-24.080	257.970	0	142.900	0	0	
0	[SLAMPOS]	0	-24.080	257.970	0	142.900	0	0	
0	[SLAMPOS]	0	-24.080	257.970	0	142.900	0	0	
0	[SLAMPOS]	0	-24.070	257.970	0	142.900	0	0	
0	[SLAMPOS]	0	-24.070	257.970	0	142.900	0	0	
0	[SLAMPOS]	0	-24.080	257.970	0	142.900	0	0	
0	[SLAMPOS]	0	-24.080	257.970	0	142.900	0	0	
0	[SLAMPOS]	0	-24.080	257.970	0	142.900	0	0	
0	[SLAMPOS]	0	-24.080	257.970	0	142.900	0	0	
0	[SLAMPOS]	0	-24.080	257.970	0	142.900	0	0	
0	[SLAMPOS]	0	-24.080	257.970	0	142.900	0	0	
0	[SLAMPOS]	0	-24.080	257.970	0	142.900	0	0	
0	[SLAMPOS]	0	-24.080	257.970	0	142.900	0	0	
0	[SLAMPOS]	0	-24.080	257.970	0	142.900	0	0	
0	[SLAMPOS]	0	-24.080	257.970	0	142.900	0	0	
0	[SLAMPOS]	0	-24.080	257.970	0	142.900	0	0	
0	[SLAMPOS]	0	-24.080	257.970	0	142.890	0	0	
0	[SLAMPOS]	0	-24.080	257.970	0	142.890	0	0	
0	[SLAMPOS]	0	-24.080	257.970	0	142.890	0	0	
0	[SLAMPOS]	0	-24.080	257.970	0	142.890	0	0	
0	[SLAMPOS]	0	-24.080	257.970	0	142.890	0	0	
0	[SLAMPOS]	0	-24.080	257.970	0	142.890	0	0	
0	[SLAMPOS]	0	-24.080	257.970	0	142.890	0	0	
0	[SLAMPOS]	0	-24.080	257.970	0	142.890	0	0	
0	[SLAMPOS]	0	-24.080	257.970	0	142.890	0	0	
0	[SLAMPOS]	0	-24.080	257.970	0	142.880	0	0	
0	[SLAMPOS]	0	-24.080	257.970	0	142.880	0	0	
0	[SLAMPOS]	0	-24.080	257.970	0	142.880	0	0	
0	[SLAMPOS]	0	-24.080	257.970	0	142.880	0	0	
0	[SLAMPOS]	0	-24.080	257.970	0	142.880	0	0	
0	[SLAMPOS]	0	-24.080	257.970	0	142.880	0	0	
0	[SLAMPOS]	0	-24.080	257.970	0	142.880	0	0	
0	[SLAMPOS]	0	-24.070	257.970	0	142.880	0	0	
0	[SLAMPOS]	0	-24.080	257.970	0	142.880	0	0	
0	[SLAMPOS]	0	-24.080	257.970	0	142.880	0	0	
0	[SLAMPOS]	0	-24.070	257.970	0	142.880	0	0	
0	[SLAMPOS]	0	-24.070	257.970	0	142.880	0	0	
0	[SLAMPOS]	0	-24.070	257.970	0	142.880	0	0	
0	[SLAMPOS]	0	-24.070	257.970	0	142.880	0	0	
0	[SLAMPOS]	0	-24.070	257.970	0	142.880	0	0	
0	[SLAMPOS]	0	-24.070	257.970	0	142.880	0	0	
0	[SLAMPOS]	0	-24.070	257.970	0	142.890	0	0	
0	[SLAMPOS]	0	-24.070	257.970	0	142.890	0	0	
0	[SLAMPOS]	0	-24.070	257.970	0	142.890	0	0	
0	[SLAMPOS]	0	-24.070	257.970	0	142.890	0	0	
0	[SLAMPOS]	0	-24.070	257.970	0	142.890	0	0	
0	[SLAMPOS]	0	-24.070	257.960	0	142.900	0	0	
0	[SLAMPOS]	0	-24.060	257.950	0	142.900	0	0	
0	[SLAMPOS]	0	-24.050	257.930	0	142.900	0	0	
0	[SLAMPOS]	0	-24.020	257.880	0	142.900	0	0	
0	[SLAMPOS]	0	-24.010	257.870	0	142.900	0	0	
0	[SLAMPOS]	0	-23.980	257.830	0	142.890	0	0	
0	[SLAMPOS]	0	-23.970	257.820	0	142.890	0	0	
0	[SLAMPOS]	0	-23.930	257.770	0	142.900	0	0	
0	[SLAMPOS]	0	-23.890	257.720	0	142.900	0	0	
0	[SLAMPOS]	0	-23.890	257.700	0	142.900	0	0	
0	[SLAMPOS]	0	-23.850	257.640	0	142.900	0	0	
0	[SLAMPOS]	0	-23.780	257.560	0	142.900	0	0	
0	[SLAMPOS]	0	-23.760	257.540	0	142.900	0	0	
0	[SLAMPOS]	0	-23.720	257.480	0	142.890	0	0	
0	[SLAMPOS]	0	-23.670	257.410	0	142.900	0	0	
0	[SLAMPOS]	0	-23.650	257.390	0	142.890	0	0	
0	[SLAMPOS]	0	-23.600	257.300	0	142.880	0	0	
0	[SLAMPOS]	0	-23.570	257.260	0	142.880	0	0	
0	[SLAMPOS]	0	-23.520	257.180	0	142.870	0	0	
0	[SLAMPOS]	0	-23.450	257.080	0	142.870	0	0	
0	[SLAMPOS]	0	-23.440	257.050	0	142.870	0	0	
0	[SLAMPOS]	0	-23.360	256.950	0	142.860	0	0	
0	[SLAMPOS]	0	-23.290	256.860	0	142.850	0	0	
0	[SLAMPOS]	0	-23.250	256.810	0	142.850	0	0	
0	[SLAMPOS]	0	-23.130	256.650	0	142.860	0	0	
0	[SLAMPOS]	0	-23.090	256.600	0	142.860	0	0	
0	[SLAMPOS]	0	-23.050	256.550	0	142.860	0	0	
0	[SLAMPOS]	0	-22.920	256.370	0	142.860	0	0	
0	[SLAMPOS]	0	-22.880	256.310	0	142.860	0	0	
0	[SLAMPOS]	0	-22.790	256.190	0	142.860	0	0	
0	[SLAMPOS]	0	-22.690	256.050	0	142.860	0	0	
0	[SLAMPOS]	0	-22.660	256.020	0	142.860	0	0	
0	[SLAMPOS]	0	-22.540	255.850	0	142.860	0	0	
0	[SLAMPOS]	0	-22.460	255.730	0	142.870	0	0	
0	[SLAMPOS]	0	-22.420	255.670	0	142.870	0	0	
0	[SLAMPOS]	0	-22.230	255.430	0	142.860	0	0	
0	[SLAMPOS]	0	-22.180	255.350	0	142.870	0	0	
0	[SLAMPOS]	0	-22.080	255.200	0	142.880	0	0	
0	[SLAMPOS]	0	-21.940	255.040	0	142.850	0	0	
0	[SLAMPOS]	0	-21.910	255.000	0	142.850	0	0	
0	[SLAMPOS]	0	-21.780	254.810	0	142.870	0	0	
0	[SLAMPOS]	0	-21.740	254.760	0	142.870	0	0	
0	[SLAMPOS]	0	-21.590	254.560	0	142.870	0	0	
0	[SLAMPOS]	0	-21.440	254.350	0	142.880	0	0	
0	[SLAMPOS]	0	-21.410	254.300	0	142.890	0	0	
0	[SLAMPOS]	0	-21.250	254.090	0	142.920	0	0	
0	[SLAMPOS]	0	-21.120	253.910	0	142.960	0	0	
0	[SLAMPOS]	0	-20.960	253.690	0	143.000	0	0	
0	[SLAMPOS]	0	-20.820	253.500	0	143.030	0	0	
0	[SLAMPOS]	0	-20.660	253.260	0	143.060	0	0	
0	[SLAMPOS]	0	-20.620	253.210	0	143.070	0	0	
0	[SLAMPOS]	0	-20.450	252.970	0	143.090	0	0	
0	[SLAMPOS]	0	-20.390	252.880	0	143.100	0	0	
0	[SLAMPOS]	0	-20.230	252.670	0	143.130	0	0	
0	[SLAMPOS]	0	-20.050	252.400	0	143.190	0	0	
0	[SLAMPOS]	0	-20.020	252.360	0	143.200	0	0	
0	[SLAMPOS]	0	-19.840	252.100	0	143.200	0	0	
0	[SLAMPOS]	0	-19.680	251.880	0	143.220	0	0	
0	[SLAMPOS]	0	-19.610	251.780	0	143.230	0	0	
0	[SLAMPOS]	0	-19.330	251.410	0	143.260	0	0	
0	[SLAMPOS]	0	-19.260	251.310	0	143.260	0	0	
0	[SLAMPOS]	0	-19.090	251.080	0	143.290	0	0	
0	[SLAMPOS]	0	-18.900	250.810	0	143.310	0	0	
0	[SLAMPOS]	0	-18.820	250.690	0	143.320	0	0	
0	[SLAMPOS]	0	-18.660	250.460	0	143.340	0	0	
0	[SLAMPOS]	0	-18.480	250.190	0	143.370	0	0	
0	[SLAMPOS]	0	-18.410	250.100	0	143.380	0	0	
0	[SLAMPOS]	0	-18.220	249.820	0	143.410	0	0	
0	[SLAMPOS]	0	-18.050	249.590	0	143.430	0	0	
0	[SLAMPOS]	0	-17.970	249.480	0	143.440	0	0	
0	[SLAMPOS]	0	-17.670	249.050	0	143.480	0	0	
0	[SLAMPOS]	0	-17.590	248.940	0	143.490	0	0	
0	[SLAMPOS]	0	-17.400	248.680	0	143.510	0	0	
0	[SLAMPOS]	0	-17.190	248.390	0	143.550	0	0	
0	[SLAMPOS]	0	-17.140	248.310	0	143.560	0	0	
0	[SLAMPOS]	0	-16.920	248.010	0	143.600	0	0	
0	[SLAMPOS]	0	-16.700	247.690	0	143.650	0	0	
0	[SLAMPOS]	0	-16.650	247.620	0	143.670	0	0	
0	[SLAMPOS]	0	-16.430	247.310	0	143.700	0	0	
0	[SLAMPOS]	0	-16.370	247.230	0	143.720	0	0	
0	[SLAMPOS]	0	-16.170	246.920	0	143.790	0	0	
0	[SLAMPOS]	0	-15.980	246.650	0	143.840	0	0	
0	[SLAMPOS]	0	-15.890	246.530	0	143.860	0	0	
0	[SLAMPOS]	0	-15.580	246.080	0	143.930	0	0	
0	[SLAMPOS]	0	-15.490	245.950	0	143.950	0	0	
0	[SLAMPOS]	0	-15.250	245.600	0	143.990	0	0	
0	[SLAMPOS]	0	-15.090	245.370	0	144.030	0	0	
0	[SLAMPOS]	0	-14.860	245.040	0	144.100	0	0	
0	[SLAMPOS]	0	-14.810	244.970	0	144.110	0	0	
0	[SLAMPOS]	0	-14.590	244.640	0	144.150	0	0	
0	[SLAMPOS]	0	-14.520	244.560	0	144.170	0	0	
0	[SLAMPOS]	0	-14.300	244.220	0	144.210	0	0	
0	[SLAMPOS]	0	-14.090	243.930	0	144.240	0	0	
0	[SLAMPOS]	0	-14.010	243.810	0	144.260	0	0	
0	[SLAMPOS]	0	-13.670	243.320	0	144.310	0	0	
0	[SLAMPOS]	0	-13.570	243.180	0	144.330	0	0	
0	[SLAMPOS]	0	-13.380	242.890	0	144.340	0	0	
0	[SLAMPOS]	0	-13.140	242.530	0	144.320	0	0	
0	[SLAMPOS]	0	-13.080	242.460	0	144.320	0	0	
0	[SLAMPOS]	0	-12.850	242.120	0	144.310	0	0	
0	[SLAMPOS]	0	-12.600	241.760	0	144.280	0	0	
0	[SLAMPOS]	0	-12.540	241.680	0	144.280	0	0	
0	[SLAMPOS]	0	-12.270	241.280	0	144.270	0	0	
0	[SLAMPOS]	0	-12.090	241.020	0	144.270	0	0	
0	[SLAMPOS]	0	-11.990	240.880	0	144.260	0	0	
0	[SLAMPOS]	0	-11.610	240.330	0	144.250	0	0	
0	[SLAMPOS]	0	-11.510	240.190	0	144.240	0	0	
0	[SLAMPOS]	0	-11.290	239.870	0	144.250	0	0	
0	[SLAMPOS]	0	-11.030	239.490	0	144.250	0	0	
0	[SLAMPOS]	0	-10.980	239.410	0	144.250	0	0	
0	[SLAMPOS]	0	-10.720	239.040	0	144.250	0	0	
0	[SLAMPOS]	0	-10.650	238.940	0	144.240	0	0	
0	[SLAMPOS]	0	-10.390	238.550	0	144.240	0	0	
0	[SLAMPOS]	0	-10.120	238.170	0	144.190	0	0	
0	[SLAMPOS]	0	-10.050	238.070	0	144.180	0	0	
0	[SLAMPOS]	0	-9.770	237.660	0	144.170	0	0	
0	[SLAMPOS]	0	-9.510	237.300	0	144.130	0	0	
0	[SLAMPOS]	0	-9.440	237.190	0	144.130	0	0	
0	[SLAMPOS]	0	-9.050	236.630	0	144.080	0	0	
0	[SLAMPOS]	0	-8.920	236.440	0	144.070	0	0	
0	[SLAMPOS]	0	-8.800	236.270	0	144.040	0	0	
0	[SLAMPOS]	0	-8.410	235.710	0	143.990	0	0	
0	[SLAMPOS]	0	-8.300	235.540	0	143.980	0	0	
0	[SLAMPOS]	0	-8.060	235.220	0	143.940	0	0	
0	[SLAMPOS]	0	-7.770	234.800	0	143.910	0	0	
0	[SLAMPOS]	0	-7.700	234.700	0	143.920	0	0	
0	[SLAMPOS]	0	-7.410	234.280	0	143.940	0	0	
0	[SLAMPOS]	0	-7.150	233.920	0	143.990	0	0	
0	[SLAMPOS]	0	-7.030	233.740	0	144.000	0	0	
0	[SLAMPOS]	0	-6.600	233.130	0	144.040	0	0	
0	[SLAMPOS]	0	-6.480	232.960	0	144.040	0	0	
0	[SLAMPOS]	0	-6.220	232.590	0	144.060	0	0	
0	[SLAMPOS]	0	-5.930	232.160	0	144.120	0	0	
0	[SLAMPOS]	0	-5.820	231.990	0	144.130	0	0	
0	[SLAMPOS]	0	-5.550	231.610	0	144.160	0	0	
0	[SLAMPOS]	0	-5.200	231.100	0	144.170	0	0	
0	[SLAMPOS]	0	-5.180	231.070	0	144.170	0	0	
0	[SLAMPOS]	0	-4.860	230.600	0	144.210	0	0	
0	[SLAMPOS]	0	-4.500	230.070	0	144.270	0	0	
0	[SLAMPOS]	0	-4.470	230.030	0	144.270	0	0	
0	[SLAMPOS]	0	-4.220	229.670	0	144.290	0	0	
0	[SLAMPOS]	0	-4.120	229.510	0	144.280	0	0	
0	[SLAMPOS]	0	-3.670	228.870	0	144.260	0	0	
0	[SLAMPOS]	0	-3.560	228.710	0	144.260	0	0	
0	[SLAMPOS]	0	-3.290	228.330	0	144.270	0	0	
0	[SLAMPOS]	0	-2.970	227.860	0	144.290	0	0	
0	[SLAMPOS]	0	-2.890	227.750	0	144.280	0	0	
0	[SLAMPOS]	0	-2.570	227.290	0	144.270	0	0	
0	[SLAMPOS]	0	-2.240	226.800	0	144.260	0	0	
0	[SLAMPOS]	0	-2.170	226.710	0	144.250	0	0	
0	[SLAMPOS]	0	-1.850	226.230	0	144.240	0	0	
0	[SLAMPOS]	0	-1.520	225.760	0	144.200	0	0	
0	[SLAMPOS]	0	-1.410	225.600	0	144.180	0	0	
0	[SLAMPOS]	0	-0.920	224.910	0	144.070	0	0	
0	[SLAMPOS]	0	-0.800	224.730	0	144.030	0	0	
0	[SLAMPOS]	0	-0.680	224.540	0	144.010	0	0	
0	[SLAMPOS]	0	-0.200	223.870	0	143.920	0	0	
0	[SLAMPOS]	0	-0.050	223.640	0	143.900	0	0	
0	[SLAMPOS]	0	0.230	223.260	0	143.840	0	0	
0	[SLAMPOS]	0	0.570	222.780	0	143.770	0	0	
0	[SLAMPOS]	0	0.660	222.650	0	143.750	0	0	
0	[SLAMPOS]	0	0.990	222.190	0	143.670	0	0	
0	[SLAMPOS]	0	1.090	222.040	0	143.650	0	0	
0	[SLAMPOS]	0	1.410	221.580	0	143.590	0	0	
0	[SLAMPOS]	0	1.710	221.170	0	143.550	0	0	
0	[SLAMPOS]	0	2.050	220.690	0	143.490	0	0	
0	[SLAMPOS]	0	2.170	220.500	0	143.480	0	0	
0	[SLAMPOS]	0	2.690	219.780	0	143.420	0	0	
0	[SLAMPOS]	0	2.810	219.610	0	143.400	0	0	
0	[SLAMPOS]	0	3.110	219.190	0	143.380	0	0	
0	[SLAMPOS]	0	3.460	218.710	0	143.340	0	0	
0	[SLAMPOS]	0	3.550	218.570	0	143.350	0	0	
0	[SLAMPOS]	0	3.910	218.060	0	143.380	0	0	
0	[SLAMPOS]	0	3.990	217.960	0	143.390	0	0	
0	[SLAMPOS]	0	4.370	217.420	0	143.440	0	0	
0	[SLAMPOS]	0	4.770	216.850	0	143.470	0	0	
0	[SLAMPOS]	0	4.860	216.730	0	143.490	0	0	
0	[SLAMPOS]	0	5.110	216.360	0	143.500	0	0	
0	[SLAMPOS]	0	5.400	215.960	0	143.530	0	0	
0	[SLAMPOS]	0	5.560	215.740	0	143.540	0	0	
0	[SLAMPOS]	0	6.070	215.020	0	143.610	0	0	
0	[SLAMPOS]	0	6.210	214.820	0	143.630	0	0	
0	[SLAMPOS]	0	6.520	214.380	0	143.690	0	0	
0	[SLAMPOS]	0	6.880	213.860	0	143.760	0	0	
0	[SLAMPOS]	0	6.960	213.760	0	143.770	0	0	
0	[SLAMPOS]	0	7.340	213.220	0	143.790	0	0	
0	[SLAMPOS]	0	7.680	212.730	0	143.830	0	0	
0	[SLAMPOS]	0	7.800	212.560	0	143.850	0	0	
0	[SLAMPOS]	0	8.150	212.060	0	143.880	0	0	
0	[SLAMPOS]	0	8.230	211.950	0	143.900	0	0	
0	[SLAMPOS]	0	8.570	211.440	0	143.940	0	0	
0	[SLAMPOS]	0	8.880	211.000	0	143.990	0	0	
0	[SLAMPOS]	0	9.230	210.480	0	144.030	0	0	
0	[SLAMPOS]	0	9.380	210.250	0	144.040	0	0	
0	[SLAMPOS]	0	9.900	209.520	0	144.060	0	0	
0	[SLAMPOS]	0	10.040	209.320	0	144.060	0	0	
0	[SLAMPOS]	0	10.350	208.880	0	144.040	0	0	
0	[SLAMPOS]	0	10.710	208.350	0	144.050	0	0	
0	[SLAMPOS]	0	10.790	208.230	0	144.030	0	0	
0	[SLAMPOS]	0	11.140	207.720	0	143.990	0	0	
0	[SLAMPOS]	0	11.240	207.590	0	143.960	0	0	
0	[SLAMPOS]	0	11.620	207.060	0	143.860	0	0	
0	[SLAMPOS]	0	12.030	206.480	0	143.790	0	0	
0	[SLAMPOS]	0	12.090	206.390	0	143.770	0	0	
0	[SLAMPOS]	0	12.450	205.890	0	143.710	0	0	
0	[SLAMPOS]	0	12.780	205.420	0	143.650	0	0	
0	[SLAMPOS]	0	12.920	205.230	0	143.620	0	0	
0	[SLAMPOS]	0	13.500	204.430	0	143.500	0	0	
0	[SLAMPOS]	0	13.620	204.260	0	143.470	0	0	
0	[SLAMPOS]	0	13.930	203.810	0	143.450	0	0	
0	[SLAMPOS]	0	14.320	203.260	0	143.440	0	0	
0	[SLAMPOS]	0	14.500	203.010	0	143.450	0	0	
0	[SLAMPOS]	0	14.800	202.600	0	143.490	0	0	
0	[SLAMPOS]	0	15.170	202.060	0	143.570	0	0	
0	[SLAMPOS]	0	15.270	201.920	0	143.600	0	0	
0	[SLAMPOS]	0	15.650	201.380	0	143.670	0	0	
0	[SLAMPOS]	0	15.750	201.240	0	143.700	0	0	
0	[SLAMPOS]	0	16.110	200.700	0	143.760	0	0	
0	[SLAMPOS]	0	16.440	200.230	0	143.820	0	0	
0	[SLAMPOS]	0	16.590	200.010	0	143.860	0	0	
0	[SLAMPOS]	0	17.130	199.230	0	143.950	0	0	
0	[SLAMPOS]	0	17.270	199.020	0	143.970	0	0	
0	[SLAMPOS]	0	17.430	198.800	0	143.990	0	0	
0	[SLAMPOS]	0	17.970	198.010	0	144.080	0	0	
0	[SLAMPOS]	0	18.120	197.790	0	144.100	0	0	
0	[SLAMPOS]	0	18.460	197.310	0	144.150	0	0	
0	[SLAMPOS]	0	18.820	196.780	0	144.200	0	0	
0	[SLAMPOS]	0	18.950	196.600	0	144.220	0	0	
0	[SLAMPOS]	0	19.370	195.990	0	144.280	0	0	
0	[SLAMPOS]	0	19.650	195.590	0	144.310	0	0	
0	[SLAMPOS]	0	19.800	195.370	0	144.330	0	0	
0	[SLAMPOS]	0	20.140	194.880	0	144.390	0	0	
0	[SLAMPOS]	0	20.520	194.320	0	144.440	0	0	
0	[SLAMPOS]	0	20.670	194.080	0	144.460	0	0	
0	[SLAMPOS]	0	21.240	193.260	0	144.540	0	0	
0	[SLAMPOS]	0	21.410	193.000	0	144.560	0	0	
0	[SLAMPOS]	0	21.730	192.530	0	144.610	0	0	
0	[SLAMPOS]	0	22.120	191.960	0	144.660	0	0	
0	[SLAMPOS]	0	22.220	191.810	0	144.670	0	0	
0	[SLAMPOS]	0	22.610	191.230	0	144.730	0	0	
0	[SLAMPOS]	0	22.710	191.090	0	144.740	0	0	
0	[SLAMPOS]	0	23.110	190.490	0	144.800	0	0	
0	[SLAMPOS]	0	23.490	189.930	0	144.840	0	0	
0	[SLAMPOS]	0	23.600	189.770	0	144.850	0	0	
0	[SLAMPOS]	0	23.980	189.200	0	144.890	0	0	
0	[SLAMPOS]	0	24.320	188.700	0	144.910	0	0	
0	[SLAMPOS]	0	24.510	188.410	0	144.930	0	0	
0	[SLAMPOS]	0	25.060	187.600	0	144.970	0	0	
0	[SLAMPOS]	0	25.450	187.010	0	144.980	0	0	
0	[SLAMPOS]	0	25.590	186.810	0	144.980	0	0	
0	[SLAMPOS]	0	25.980	186.230	0	144.980	0	0	
0	[SLAMPOS]	0	26.090	186.070	0	144.980	0	0	
0	[SLAMPOS]	0	26.490	185.460	0	144.980	0	0	
0	[SLAMPOS]	0	26.910	184.830	0	144.970	0	0	
0	[SLAMPOS]	0	27.020	184.680	0	144.970	0	0	
0	[SLAMPOS]	0	27.430	184.060	0	144.970	0	0	
0	[SLAMPOS]	0	27.520	183.930	0	144.970	0	0	
0	[SLAMPOS]	0	27.960	183.270	0	144.970	0	0	
0	[SLAMPOS]	0	28.270	182.810	0	144.960	0	0	
0	[SLAMPOS]	0	28.670	182.200	0	144.980	0	0	
0	[SLAMPOS]	0	28.830	181.970	0	144.970	0	0	
0	[SLAMPOS]	0	29.190	181.440	0	144.960	0	0	
0	[SLAMPOS]	0	29.620	180.790	0	144.950	0	0	
0	[SLAMPOS]	0	29.960	180.300	0	144.940	0	0	
0	[SLAMPOS]	0	30.370	179.690	0	144.950	0	0	
0	[SLAMPOS]	0	30.490	179.520	0	144.940	0	0	
0	[SLAMPOS]	0	30.890	178.920	0	144.950	0	0	
0	[SLAMPOS]	0	31.000	178.760	0	144.950	0	0	
0	[SLAMPOS]	0	31.420	178.130	0	144.940	0	0	
0	[SLAMPOS]	0	31.780	177.610	0	144.940	0	0	
0	[SLAMPOS]	0	31.950	177.340	0	144.950	0	0	
0	[SLAMPOS]	0	32.360	176.730	0	144.940	0	0	
0	[SLAMPOS]	0	32.750	176.160	0	144.940	0	0	
0	[SLAMPOS]	0	32.890	175.940	0	144.940	0	0	
0	[SLAMPOS]	0	33.520	174.990	0	144.940	0	0	
0	[SLAMPOS]	0	33.680	174.750	0	144.940	0	0	
0	[SLAMPOS]	0	34.060	174.200	0	144.930	0	0	
0	[SLAMPOS]	0	34.490	173.540	0	144.950	0	0	
0	[SLAMPOS]	0	34.590	173.400	0	144.950	0	0	
0	[SLAMPOS]	0	35.010	172.770	0	144.940	0	0	
0	[SLAMPOS]	0	35.400	172.210	0	144.930	0	0	
0	[SLAMPOS]	0	35.570	171.960	0	144.920	0	0	
0	[SLAMPOS]	0	36.210	171.010	0	144.910	0	0	
0	[SLAMPOS]	0	36.380	170.750	0	144.910	0	0	
0	[SLAMPOS]	0	36.580	170.450	0	144.910	0	0	
0	[SLAMPOS]	0	37.230	169.490	0	144.920	0	0	
0	[SLAMPOS]	0	37.400	169.230	0	144.920	0	0	
0	[SLAMPOS]	0	37.790	168.650	0	144.910	0	0	
0	[SLAMPOS]	0	38.230	168.000	0	144.910	0	0	
0	[SLAMPOS]	0	38.350	167.830	0	144.910	0	0	
0	[SLAMPOS]	0	38.790	167.160	0	144.900	0	0	
0	[SLAMPOS]	0	39.230	166.500	0	144.890	0	0	
0	[SLAMPOS]	0	39.350	166.330	0	144.890	0	0	
0	[SLAMPOS]	0	39.790	165.660	0	144.890	0	0	
0	[SLAMPOS]	0	39.920	165.480	0	144.890	0	0	
0	[SLAMPOS]	0	40.370	164.820	0	144.890	0	0	
0	[SLAMPOS]	0	40.770	164.230	0	144.890	0	0	
0	[SLAMPOS]	0	40.940	163.970	0	144.880	0	0	
0	[SLAMPOS]	0	41.620	162.980	0	144.870	0	0	
0	[SLAMPOS]	0	41.780	162.730	0	144.870	0	0	
0	[SLAMPOS]	0	42.190	162.140	0	144.870	0	0	
0	[SLAMPOS]	0	42.650	161.440	0	144.860	0	0	
0	[SLAMPOS]	0	43.100	160.760	0	144.850	0	0	
0	[SLAMPOS]	0	43.210	160.610	0	144.850	0	0	
0	[SLAMPOS]	0	43.660	159.920	0	144.850	0	0	
0	[SLAMPOS]	0	43.770	159.770	0	144.850	0	0	
0	[SLAMPOS]	0	44.220	159.100	0	144.850	0	0	
0	[SLAMPOS]	0	44.630	158.490	0	144.850	0	0	
0	[SLAMPOS]	0	44.810	158.230	0	144.850	0	0	
0	[SLAMPOS]	0	45.500	157.210	0	144.850	0	0	
0	[SLAMPOS]	0	45.680	156.940	0	144.850	0	0	
0	[SLAMPOS]	0	46.090	156.340	0	144.840	0	0	
0	[SLAMPOS]	0	46.550	155.650	0	144.840	0	0	
0	[SLAMPOS]	0	46.680	155.470	0	144.840	0	0	
0	[SLAMPOS]	0	47.150	154.770	0	144.840	0	0	
0	[SLAMPOS]	0	47.550	154.170	0	144.840	0	0	
0	[SLAMPOS]	0	47.740	153.900	0	144.840	0	0	
0	[SLAMPOS]	0	48.250	153.130	0	144.850	0	0	
0	[SLAMPOS]	0	48.590	152.610	0	144.850	0	0	
0	[SLAMPOS]	0	48.770	152.340	0	144.840	0	0	
0	[SLAMPOS]	0	49.450	151.350	0	144.830	0	0	
0	[SLAMPOS]	0	49.630	151.070	0	144.820	0	0	
0	[SLAMPOS]	0	50.040	150.470	0	144.820	0	0	
0	[SLAMPOS]	0	50.500	149.780	0	144.840	0	0	
0	[SLAMPOS]	0	50.630	149.600	0	144.850	0	0	
0	[SLAMPOS]	0	51.070	148.940	0	144.850	0	0	
0	[SLAMPOS]	0	51.200	148.760	0	144.860	0	0	
0	[SLAMPOS]	0	51.650	148.080	0	144.870	0	0	
0	[SLAMPOS]	0	52.030	147.520	0	144.870	0	0	
0	[SLAMPOS]	0	52.220	147.250	0	144.860	0	0	
0	[SLAMPOS]	0	52.660	146.580	0	144.860	0	0	
0	[SLAMPOS]	0	53.070	145.980	0	144.880	0	0	
0	[SLAMPOS]	0	53.260	145.680	0	144.880	0	0	
0	[SLAMPOS]	0	53.910	144.730	0	144.920	0	0	
0	[SLAMPOS]	0	54.080	144.480	0	144.920	0	0	
0	[SLAMPOS]	0	54.480	143.890	0	144.970	0	0	
0	[SLAMPOS]	0	54.910	143.240	0	145.030	0	0	
0	[SLAMPOS]	0	55.040	143.050	0	145.050	0	0	
0	[SLAMPOS]	0	55.500	142.360	0	145.130	0	0	
0	[SLAMPOS]	0	55.900	141.730	0	145.190	0	0	
0	[SLAMPOS]	0	56.020	141.560	0	145.210	0	0	
0	[SLAMPOS]	0	56.470	140.860	0	145.270	0	0	
0	[SLAMPOS]	0	56.850	140.290	0	145.320	0	0	
0	[SLAMPOS]	0	57.020	140.030	0	145.330	0	0	
0	[SLAMPOS]	0	57.680	139.040	0	145.410	0	0	
0	[SLAMPOS]	0	57.830	138.800	0	145.430	0	0	
0	[SLAMPOS]	0	58.200	138.240	0	145.460	0	0	
0	[SLAMPOS]	0	58.630	137.580	0	145.490	0	0	
0	[SLAMPOS]	0	58.760	137.400	0	145.480	0	0	
0	[SLAMPOS]	0	59.180	136.760	0	145.470	0	0	
0	[SLAMPOS]	0	59.280	136.600	0	145.460	0	0	
0	[SLAMPOS]	0	59.720	135.940	0	145.450	0	0	
0	[SLAMPOS]	0	60.140	135.290	0	145.460	0	0	
0	[SLAMPOS]	0	60.510	134.740	0	145.450	0	0	
0	[SLAMPOS]	0	60.660	134.490	0	145.440	0	0	
0	[SLAMPOS]	0	61.270	133.570	0	145.420	0	0	
0	[SLAMPOS]	0	61.450	133.290	0	145.410	0	0	
0	[SLAMPOS]	0	61.850	132.710	0	145.400	0	0	
0	[SLAMPOS]	0	62.250	132.090	0	145.390	0	0	
0	[SLAMPOS]	0	62.370	131.920	0	145.390	0	0	
0	[SLAMPOS]	0	62.790	131.280	0	145.370	0	0	
0	[SLAMPOS]	0	62.940	131.060	0	145.330	0	0	
0	[SLAMPOS]	0	63.350	130.430	0	145.330	0	0	
0	[SLAMPOS]	0	63.770	129.800	0	145.280	0	0	
0	[SLAMPOS]	0	63.900	129.610	0	145.260	0	0	
0	[SLAMPOS]	0	64.310	128.980	0	145.180	0	0	
0	[SLAMPOS]	0	64.690	128.420	0	145.140	0	0	
0	[SLAMPOS]	0	64.850	128.180	0	145.130	0	0	
0	[SLAMPOS]	0	65.480	127.250	0	145.110	0	0	
0	[SLAMPOS]	0	65.640	127.000	0	145.100	0	0	
0	[SLAMPOS]	0	66.020	126.450	0	145.090	0	0	
0	[SLAMPOS]	0	66.440	125.810	0	145.070	0	0	
0	[SLAMPOS]	0	66.560	125.640	0	145.050	0	0	
0	[SLAMPOS]	0	66.990	125.000	0	145.030	0	0	
0	[SLAMPOS]	0	67.390	124.390	0	145.030	0	0	
0	[SLAMPOS]	0	67.500	124.230	0	145.000	0	0	
0	[SLAMPOS]	0	67.930	123.600	0	144.930	0	0	
0	[SLAMPOS]	0	68.290	123.070	0	144.840	0	0	
0	[SLAMPOS]	0	68.450	122.820	0	144.810	0	0	
0	[SLAMPOS]	0	69.080	121.890	0	144.690	0	0	
0	[SLAMPOS]	0	69.230	121.660	0	144.680	0	0	
0	[SLAMPOS]	0	69.600	121.130	0	144.610	0	0	
0	[SLAMPOS]	0	70.050	120.480	0	144.530	0	0	
0	[SLAMPOS]	0	70.130	120.360	0	144.520	0	0	
0	[SLAMPOS]	0	70.550	119.750	0	144.440	0	0	
0	[SLAMPOS]	0	70.660	119.580	0	144.450	0	0	
0	[SLAMPOS]	0	71.090	118.980	0	144.380	0	0	
0	[SLAMPOS]	0	71.500	118.360	0	144.370	0	0	
0	[SLAMPOS]	0	71.620	118.190	0	144.380	0	0	
0	[SLAMPOS]	0	72.050	117.580	0	144.410	0	0	
0	[SLAMPOS]	0	72.600	116.770	0	144.430	0	0	
0	[SLAMPOS]	0	72.770	116.530	0	144.430	0	0	
0	[SLAMPOS]	0	73.130	115.990	0	144.440	0	0	
0	[SLAMPOS]	0	73.520	115.410	0	144.460	0	0	
0	[SLAMPOS]	0	73.630	115.250	0	144.460	0	0	
0	[SLAMPOS]	0	74.040	114.640	0	144.480	0	0	
0	[SLAMPOS]	0	74.150	114.490	0	144.480	0	0	
0	[SLAMPOS]	0	74.560	113.880	0	144.500	0	0	
0	[SLAMPOS]	0	74.910	113.380	0	144.510	0	0	
0	[SLAMPOS]	0	75.070	113.150	0	144.510	0	0	
0	[SLAMPOS]	0	75.460	112.570	0	144.520	0	0	
0	[SLAMPOS]	0	75.810	112.060	0	144.540	0	0	
0	[SLAMPOS]	0	76.010	111.770	0	144.540	0	0	
0	[SLAMPOS]	0	76.590	110.920	0	144.570	0	0	
0	[SLAMPOS]	0	76.740	110.690	0	144.570	0	0	
0	[SLAMPOS]	0	77.090	110.180	0	144.590	0	0	
0	[SLAMPOS]	0	77.470	109.620	0	144.590	0	0	
0	[SLAMPOS]	0	77.610	109.400	0	144.610	0	0	
0	[SLAMPOS]	0	77.960	108.910	0	144.620	0	0	
0	[SLAMPOS]	0	78.340	108.330	0	144.630	0	0	
0	[SLAMPOS]	0	78.450	108.180	0	144.630	0	0	
0	[SLAMPOS]	0	78.870	107.560	0	144.640	0	0	
0	[SLAMPOS]	0	78.970	107.420	0	144.650	0	0	
0	[SLAMPOS]	0	79.350	106.860	0	144.660	0	0	
0	[SLAMPOS]	0	79.720	106.290	0	144.690	0	0	
0	[SLAMPOS]	0	79.820	106.140	0	144.700	0	0	
0	[SLAMPOS]	0	80.200	105.580	0	144.690	0	0	
0	[SLAMPOS]	0	80.560	105.050	0	144.710	0	0	
0	[SLAMPOS]	0	80.680	104.880	0	144.710	0	0	
0	[SLAMPOS]	0	81.240	104.050	0	144.730	0	0	
0	[SLAMPOS]	0	81.380	103.830	0	144.740	0	0	
0	[SLAMPOS]	0	81.710	103.360	0	144.750	0	0	
0	[SLAMPOS]	0	82.120	102.750	0	144.770	0	0	
0	[SLAMPOS]	0	82.300	102.470	0	144.770	0	0	
0	[SLAMPOS]	0	82.510	102.170	0	144.770	0	0	
0	[SLAMPOS]	0	83.040	101.400	0	144.790	0	0	
0	[SLAMPOS]	0	83.050	101.380	0	144.790	0	0	
0	[SLAMPOS]	0	83.420	100.830	0	144.810	0	0	
0	[SLAMPOS]	0	83.510	100.700	0	144.820	0	0	
0	[SLAMPOS]	0	83.870	100.160	0	144.820	0	0	
0	[SLAMPOS]	0	84.200	99.660	0	144.830	0	0	
0	[SLAMPOS]	0	84.290	99.530	0	144.830	0	0	
0	[SLAMPOS]	0	84.640	99.010	0	144.850	0	0	
0	[SLAMPOS]	0	84.920	98.600	0	144.850	0	0	
0	[SLAMPOS]	0	85.050	98.410	0	144.850	0	0	
0	[SLAMPOS]	0	85.530	97.690	0	144.870	0	0	
0	[SLAMPOS]	0	85.850	97.220	0	144.890	0	0	
0	[SLAMPOS]	0	85.940	97.080	0	144.890	0	0	
0	[SLAMPOS]	0	86.250	96.620	0	144.900	0	0	
0	[SLAMPOS]	0	86.380	96.420	0	144.900	0	0	
0	[SLAMPOS]	0	86.640	96.040	0	144.900	0	0	
0	[SLAMPOS]	0	86.940	95.590	0	144.910	0	0	
0	[SLAMPOS]	0	87.030	95.460	0	144.920	0	0	
0	[SLAMPOS]	0	87.320	95.020	0	144.930	0	0	
0	[SLAMPOS]	0	87.580	94.640	0	144.940	0	0	
0	[SLAMPOS]	0	87.680	94.490	0	144.940	0	0	
0	[SLAMPOS]	0	88.120	93.840	0	144.960	0	0	
0	[SLAMPOS]	0	88.220	93.680	0	144.970	0	0	
0	[SLAMPOS]	0	88.470	93.320	0	144.980	0	0	
0	[SLAMPOS]	0	88.740	92.900	0	144.990	0	0	
0	[SLAMPOS]	0	88.880	92.690	0	144.990	0	0	
0	[SLAMPOS]	0	89.080	92.400	0	144.990	0	0	
0	[SLAMPOS]	0	89.330	92.020	0	145.000	0	0	
0	[SLAMPOS]	0	89.420	91.910	0	145.000	0	0	
0	[SLAMPOS]	0	89.660	91.540	0	145.020	0	0	
0	[SLAMPOS]	0	89.730	91.430	0	145.030	0	0	
0	[SLAMPOS]	0	89.990	91.050	0	145.040	0	0	
0	[SLAMPOS]	0	90.210	90.720	0	145.040	0	0	
0	[SLAMPOS]	0	90.300	90.580	0	145.040	0	0	
0	[SLAMPOS]	0	90.650	90.060	0	145.030	0	0	
0	[SLAMPOS]	0	90.870	89.720	0	145.030	0	0	
0	[SLAMPOS]	0	90.930	89.640	0	145.010	0	0	
0	[SLAMPOS]	0	91.160	89.290	0	144.970	0	0	
0	[SLAMPOS]	0	91.370	88.980	0	144.920	0	0	
0	[SLAMPOS]	0	91.430	88.900	0	144.910	0	0	
0	[SLAMPOS]	0	91.630	88.590	0	144.870	0	0	
0	[SLAMPOS]	0	91.700	88.500	0	144.850	0	0	
0	[SLAMPOS]	0	91.890	88.210	0	144.800	0	0	
0	[SLAMPOS]	0	92.060	87.970	0	144.750	0	0	
0	[SLAMPOS]	0	92.140	87.850	0	144.740	0	0	
0	[SLAMPOS]	0	92.420	87.440	0	144.650	0	0	
0	[SLAMPOS]	0	92.490	87.340	0	144.640	0	0	
0	[SLAMPOS]	0	92.560	87.230	0	144.610	0	0	
0	[SLAMPOS]	0	92.830	86.850	0	144.500	0	0	
0	[SLAMPOS]	0	92.890	86.760	0	144.480	0	0	
0	[SLAMPOS]	0	93.040	86.540	0	144.430	0	0	
0	[SLAMPOS]	0	93.200	86.300	0	144.370	0	0	
0	[SLAMPOS]	0	93.250	86.230	0	144.360	0	0	
0	[SLAMPOS]	0	93.400	86.010	0	144.300	0	0	
0	[SLAMPOS]	0	93.440	85.950	0	144.290	0	0	
0	[SLAMPOS]	0	93.580	85.740	0	144.240	0	0	
0	[SLAMPOS]	0	93.710	85.560	0	144.190	0	0	
0	[SLAMPOS]	0	93.850	85.360	0	144.140	0	0	
0	[SLAMPOS]	0	93.890	85.290	0	144.130	0	0	
0	[SLAMPOS]	0	94.090	85.010	0	144.060	0	0	
0	[SLAMPOS]	0	94.130	84.950	0	144.040	0	0	
0	[SLAMPOS]	0	94.250	84.790	0	144.000	0	0	
0	[SLAMPOS]	0	94.370	84.610	0	143.970	0	0	
0	[SLAMPOS]	0	94.350	84.640	0	143.970	0	0	
0	[SLAMPOS]	0	94.520	84.400	0	143.920	0	0	
0	[SLAMPOS]	0	94.560	84.340	0	143.920	0	0	
0	[SLAMPOS]	0	94.660	84.210	0	143.890	0	0	
0	[SLAMPOS]	0	94.750	84.060	0	143.850	0	0	
0	[SLAMPOS]	0	94.780	84.020	0	143.840	0	0	
0	[SLAMPOS]	0	94.880	83.900	0	143.810	0	0	
0	[SLAMPOS]	0	94.960	83.780	0	143.790	0	0	
0	[SLAMPOS]	0	94.980	83.730	0	143.790	0	0	
0	[SLAMPOS]	0	95.120	83.550	0	143.740	0	0	
0	[SLAMPOS]	0	95.150	83.520	0	143.730	0	0	
0	[SLAMPOS]	0	95.170	83.470	0	143.720	0	0	
0	[SLAMPOS]	0	95.290	83.300	0	143.700	0	0	
0	[SLAMPOS]	0	95.320	83.260	0	143.700	0	0	
0	[SLAMPOS]	0	95.390	83.160	0	143.720	0	0	
0	[SLAMPOS]	0	95.460	83.050	0	143.750	0	0	
0	[SLAMPOS]	0	95.490	83.020	0	143.770	0	0	
0	[SLAMPOS]	0	95.550	82.920	0	143.800	0	0	
0	[SLAMPOS]	0	95.630	82.820	0	143.830	0	0	
0	[SLAMPOS]	0	95.650	82.790	0	143.840	0	0	
0	[SLAMPOS]	0	95.720	82.690	0	143.870	0	0	
0	[SLAMPOS]	0	95.740	82.670	0	143.880	0	0	
0	[SLAMPOS]	0	95.800	82.570	0	143.920	0	0	
0	[SLAMPOS]	0	95.850	82.480	0	143.940	0	0	
0	[SLAMPOS]	0	95.880	82.450	0	143.950	0	0	
0	[SLAMPOS]	0	95.970	82.320	0	144.000	0	0	
0	[SLAMPOS]	0	95.990	82.280	0	144.020	0	0	
0	[SLAMPOS]	0	96.050	82.210	0	144.050	0	0	
0	[SLAMPOS]	0	96.110	82.130	0	144.070	0	0	
0	[SLAMPOS]	0	96.130	82.100	0	144.070	0	0	
0	[SLAMPOS]	0	96.180	82.030	0	144.090	0	0	
0	[SLAMPOS]	0	96.230	81.950	0	144.120	0	0	
0	[SLAMPOS]	0	96.250	81.930	0	144.130	0	0	
0	[SLAMPOS]	0	96.300	81.860	0	144.150	0	0	
0	[SLAMPOS]	0	96.350	81.790	0	144.160	0	0	
0	[SLAMPOS]	0	96.370	81.770	0	144.160	0	0	
0	[SLAMPOS]	0	96.410	81.690	0	144.190	0	0	
0	[SLAMPOS]	0	96.460	81.630	0	144.210	0	0	
0	[SLAMPOS]	0	96.470	81.610	0	144.220	0	0	
0	[SLAMPOS]	0	96.540	81.510	0	144.240	0	0	
0	[SLAMPOS]	0	96.560	81.480	0	144.250	0	0	
0	[SLAMPOS]	0	96.610	81.410	0	144.270	0	0	
0	[SLAMPOS]	0	96.660	81.340	0	144.300	0	0	
0	[SLAMPOS]	0	96.670	81.320	0	144.300	0	0	
0	[SLAMPOS]	0	96.730	81.240	0	144.320	0	0	
0	[SLAMPOS]	0	96.740	81.210	0	144.330	0	0	
0	[SLAMPOS]	0	96.800	81.130	0	144.350	0	0	
0	[SLAMPOS]	0	96.850	81.060	0	144.360	0	0	
0	[SLAMPOS]	0	96.870	81.020	0	144.370	0	0	
0	[SLAMPOS]	0	96.930	80.930	0	144.400	0	0	
0	[SLAMPOS]	0	96.980	80.860	0	144.420	0	0	
0	[SLAMPOS]	0	97.000	80.820	0	144.420	0	0	
0	[SLAMPOS]	0	97.100	80.680	0	144.440	0	0	
0	[SLAMPOS]	0	97.120	80.650	0	144.440	0	0	
0	[SLAMPOS]	0	97.180	80.560	0	144.450	0	0	
0	[SLAMPOS]	0	97.250	80.470	0	144.450	0	0	
0	[SLAMPOS]	0	97.260	80.450	0	144.460	0	0	
0	[SLAMPOS]	0	97.320	80.350	0	144.470	0	0	
0	[SLAMPOS]	0	97.380	80.270	0	144.490	0	0	
0	[SLAMPOS]	0	97.410	80.230	0	144.500	0	0	
0	[SLAMPOS]	0	97.460	80.140	0	144.520	0	0	
0	[SLAMPOS]	0	97.510	80.070	0	144.530	0	0	
0	[SLAMPOS]	0	97.530	80.050	0	144.540	0	0	
0	[SLAMPOS]	0	97.610	79.920	0	144.560	0	0	
0	[SLAMPOS]	0	97.630	79.900	0	144.560	0	0	
0	[SLAMPOS]	0	97.680	79.830	0	144.570	0	0	
0	[SLAMPOS]	0	97.730	79.760	0	144.610	0	0	
0	[SLAMPOS]	0	97.750	79.740	0	144.610	0	0	
0	[SLAMPOS]	0	97.800	79.660	0	144.630	0	0	
0	[SLAMPOS]	0	97.820	79.640	0	144.630	0	0	
0	[SLAMPOS]	0	97.870	79.550	0	144.630	0	0	
0	[SLAMPOS]	0	97.930	79.460	0	144.650	0	0	
0	[SLAMPOS]	0	97.950	79.440	0	144.660	0	0	
0	[SLAMPOS]	0	98.010	79.350	0	144.680	0	0	
0	[SLAMPOS]	0	98.060	79.270	0	144.700	0	0	
0	[SLAMPOS]	0	98.090	79.230	0	144.700	0	0	
0	[SLAMPOS]	0	98.150	79.140	0	144.710	0	0	
0	[SLAMPOS]	0	98.200	79.060	0	144.730	0	0	
0	[SLAMPOS]	0	98.220	79.020	0	144.750	0	0	
0	[SLAMPOS]	0	98.320	78.880	0	144.760	0	0	
0	[SLAMPOS]	0	98.340	78.850	0	144.760	0	0	
0	[SLAMPOS]	0	98.390	78.770	0	144.770	0	0	
0	[SLAMPOS]	0	98.440	78.690	0	144.790	0	0	
0	[SLAMPOS]	0	98.460	78.670	0	144.800	0	0	
0	[SLAMPOS]	0	98.510	78.590	0	144.820	0	0	
0	[SLAMPOS]	0	98.560	78.520	0	144.840	0	0	
0	[SLAMPOS]	0	98.580	78.500	0	144.840	0	0	
0	[SLAMPOS]	0	98.630	78.430	0	144.850	0	0	
0	[SLAMPOS]	0	98.640	78.400	0	144.850	0	0	
0	[SLAMPOS]	0	98.690	78.330	0	144.860	0	0	
0	[SLAMPOS]	0	98.740	78.270	0	144.870	0	0	
0	[SLAMPOS]	0	98.750	78.240	0	144.880	0	0	
0	[SLAMPOS]	0	98.820	78.140	0	144.910	0	0	
0	[SLAMPOS]	0	98.860	78.070	0	144.920	0	0	
0	[SLAMPOS]	0	98.870	78.050	0	144.930	0	0	
0	[SLAMPOS]	0	98.920	77.990	0	144.930	0	0	
0	[SLAMPOS]	0	98.930	77.970	0	144.940	0	0	
0	[SLAMPOS]	0	98.970	77.920	0	144.950	0	0	
0	[SLAMPOS]	0	99.010	77.850	0	144.960	0	0	
0	[SLAMPOS]	0	99.020	77.830	0	144.970	0	0	
0	[SLAMPOS]	0	99.070	77.780	0	144.980	0	0	
0	[SLAMPOS]	0	99.100	77.720	0	144.970	0	0	
0	[SLAMPOS]	0	99.110	77.700	0	144.980	0	0	
0	[SLAMPOS]	0	99.150	77.660	0	144.990	0	0	
0	[SLAMPOS]	0	99.180	77.610	0	145.000	0	0	
0	[SLAMPOS]	0	99.190	77.590	0	145.010	0	0	
0	[SLAMPOS]	0	99.220	77.550	0	145.010	0	0	
0	[SLAMPOS]	0	99.250	77.500	0	145.020	0	0	
0	[SLAMPOS]	0	99.280	77.470	0	145.030	0	0	
0	[SLAMPOS]	0	99.300	77.430	0	145.040	0	0	
0	[SLAMPOS]	0	99.310	77.420	0	145.040	0	0	
0	[SLAMPOS]	0	99.330	77.380	0	145.040	0	0	
0	[SLAMPOS]	0	99.340	77.370	0	145.050	0	0	
0	[SLAMPOS]	0	99.360	77.330	0	145.060	0	0	
0	[SLAMPOS]	0	99.380	77.300	0	145.060	0	0	
0	[SLAMPOS]	0	99.390	77.290	0	145.070	0	0	
0	[SLAMPOS]	0	99.410	77.260	0	145.070	0	0	
0	[SLAMPOS]	0	99.430	77.230	0	145.080	0	0	
0	[SLAMPOS]	0	99.440	77.220	0	145.080	0	0	
0	[SLAMPOS]	0	99.450	77.200	0	145.070	0	0	
0	[SLAMPOS]	0	99.470	77.170	0	145.080	0	0	
0	[SLAMPOS]	0	99.470	77.170	0	145.080	0	0	
0	[SLAMPOS]	0	99.500	77.130	0	145.090	0	0	
0	[SLAMPOS]	0	99.500	77.120	0	145.090	0	0	
0	[SLAMPOS]	0	99.510	77.100	0	145.100	0	0	
0	[SLAMPOS]	0	99.530	77.090	0	145.100	0	0	
0	[SLAMPOS]	0	99.530	77.080	0	145.100	0	0	
0	[SLAMPOS]	0	99.540	77.060	0	145.100	0	0	
0	[SLAMPOS]	0	99.550	77.050	0	145.100	0	0	
0	[SLAMPOS]	0	99.550	77.040	0	145.100	0	0	
0	[SLAMPOS]	0	99.560	77.030	0	145.100	0	0	
0	[SLAMPOS]	0	99.570	77.030	0	145.110	0	0	
0	[SLAMPOS]	0	99.570	77.020	0	145.110	0	0	
0	[SLAMPOS]	0	99.580	77.010	0	145.110	0	0	
0	[SLAMPOS]	0	99.580	77.010	0	145.110	0	0	
0	[SLAMPOS]	0	99.590	77.000	0	145.090	0	0	
0	[SLAMPOS]	0	99.590	76.990	0	145.100	0	0	
0	[SLAMPOS]	0	99.590	76.990	0	145.100	0	0	
0	[SLAMPOS]	0	99.590	76.990	0	145.100	0	0	
0	[SLAMPOS]	0	99.600	76.980	0	145.100	0	0	
0	[SLAMPOS]	0	99.600	76.980	0	145.100	0	0	
0	[SLAMPOS]	0	99.600	76.980	0	145.100	0	0	
0	[SLAMPOS]	0	99.600	76.980	0	145.100	0	0	
0	[SLAMPOS]	0	99.600	76.970	0	145.100	0	0	
0	[SLAMPOS]	0	99.600	76.970	0	145.100	0	0	
0	[SLAMPOS]	0	99.600	76.970	0	145.100	0	0	
0	[SLAMPOS]	0	99.600	76.960	0	145.100	0	0	
0	[SLAMPOS]	0	99.610	76.960	0	145.100	0	0	
0	[SLAMPOS]	0	99.610	76.960	0	145.100	0	0	
0	[SLAMPOS]	0	99.610	76.960	0	145.100	0	0	
0	[SLAMPOS]	0	99.610	76.950	0	145.100	0	0	
0	[SLAMPOS]	0	99.610	76.960	0	145.090	0	0	
0	[SLAMPOS]	0	99.610	76.960	0	145.090	0	0	
0	[SLAMPOS]	0	99.610	76.960	0	145.090	0	0	
0	[SLAMPOS]	0	99.610	76.960	0	145.090	0	0	
0	[SLAMPOS]	0	99.610	76.960	0	145.090	0	0	
0	[SLAMPOS]	0	99.610	76.950	0	145.090	0	0	
0	[SLAMPOS]	0	99.610	76.950	0	145.090	0	0	
0	[SLAMPOS]	0	99.610	76.950	0	145.090	0	0	
0	[SLAMPOS]	0	99.610	76.950	0	145.090	0	0	
0	[SLAMPOS]	0	99.620	76.950	0	145.090	0	0	
0	[SLAMPOS]	0	99.620	76.950	0	145.090	0	0	
0	[SLAMPOS]	0	99.620	76.950	0	145.090	0	0	
0	[SLAMPOS]	0	99.620	76.940	0	145.090	0	0	
0	[SLAMPOS]	0	99.620	76.940	0	145.090	0	0	
0	[SLAMPOS]	0	99.620	76.940	0	145.090	0	0	
0	[SLAMPOS]	0	99.620	76.940	0	145.090	0	0	
0	[SLAMPOS]	0	99.620	76.940	0	145.080	0	0	
0	[SLAMPOS]	0	99.620	76.940	0	145.080	0	0	
0	[SLAMPOS]	0	99.620	76.940	0	145.080	0	0	
0	[SLAMPOS]	0	99.630	76.950	0	145.080	0	0	
0	[SLAMPOS]	0	99.630	76.950	0	145.080	0	0	
0	[SLAMPOS]	0	99.630	76.950	0	145.080	0	0	
0	[SLAMPOS]	0	99.620	76.950	0	145.080	0	0	
0	[SLAMPOS]	0	99.620	76.950	0	145.080	0	0	
0	[SLAMPOS]	0	99.620	76.950	0	145.080	0	0	
0	[SLAMPOS]	0	99.620	76.950	0	145.080	0	0	
0	[SLAMPOS]	0	99.620	76.950	0	145.070	0	0	
0	[SLAMPOS]	0	99.620	76.940	0	145.070	0	0	
0	[SLAMPOS]	0	99.620	76.940	0	145.070	0	0	
0	[SLAMPOS]	0	99.620	76.940	0	145.070	0	0	
0	[SLAMPOS]	0	99.620	76.940	0	145.070	0	0	
0	[SLAMPOS]	0	99.620	76.940	0	145.050	0	0	
0	[SLAMPOS]	0	99.620	76.940	0	145.050	0	0	
0	[SLAMPOS]	0	99.630	76.930	0	145.050	0	0	
0	[SLAMPOS]	0	99.630	76.930	0	145.050	0	0	
0	[SLAMPOS]	0	99.640	76.920	0	145.050	0	0	
0	[SLAMPOS]	0	99.640	76.910	0	145.060	0	0	
0	[SLAMPOS]	0	99.650	76.900	0	145.060	0	0	
0	[SLAMPOS]	0	99.660	76.880	0	145.080	0	0	
0	[SLAMPOS]	0	99.670	76.860	0	145.090	0	0	
